#104460	431372	330645	0	0	 93 
#105584	430114	330645	0	0	 91 
#105652	425212	330645	0	0	 44 
#105594	426834	330645	0	0	 42 
#105614	426307	330645	0	0	 33 
#105585	429346	330645	0	0	 6 

105450	427031	331743	24	845	 99 
105427	422641	331743	970	40868	 95 
105388	423669	331743	978	41104	 94 
105383	426747	331743	962	40738	 89 
105469	425213	331743	28	891	 86 
105450	426620	331743	30	1055	 82 
105455	426342	331743	25	837	 81 
105498	422823	331743	945	40631	 79 
105440	420959	331743	951	40774	 78 
105414	424523	331743	951	40618	 75 
105448	425903	331743	34	1163	 71 
105431	426499	331743	949	40298	 70 
105438	423746	331743	948	40484	 66 
105408	421174	331743	980	41539	 65 
105459	425902	331743	27	875	 63 
105447	423527	331743	949	40656	 61 
105452	422214	331743	946	40620	 59 
105395	421554	331743	979	41654	 56 
105419	418164	331743	978	41394	 56 
105452	423567	331743	32	1057	 56 
105482	422176	331743	948	40547	 55 
105419	423532	331743	969	41424	 55 
105409	421670	331743	977	41447	 54 
104418	423690	331743	970	41540	 53 
105505	420586	331743	949	40694	 53 
105401	423025	331743	978	41280	 53 
105446	427143	331743	17	653	 46 
104371	428297	331743	975	41095	 45 
105414	422128	331743	976	41441	 42 
105407	423668	331743	968	40917	 42 
105429	427452	331743	547	22969	 38 
105442	420044	331743	975	40999	 34 
104269	424768	331743	978	41462	 33 
105504	422152	331743	944	40579	 32 
105417	422014	331743	971	40757	 25 
105415	420324	331743	974	41493	 24 
105404	423087	331743	976	41355	 24 
104393	428587	331743	972	40920	 23 
105451	423843	331743	31	900	 23 
105411	423606	331743	974	41321	 22 
105440	428256	331743	488	20780	 21 
105473	420022	331743	973	41207	 20 
105450	422503	331743	950	40242	 19 
105409	425176	331743	967	40984	 19 
105456	424692	331743	30	1016	 14 
104299	426056	331743	976	41045	 10 
104235	426849	331743	981	41605	 10 
105418	421728	331743	972	41590	 7 
105432	427118	331743	567	23768	 6 
104255	422508	331743	979	41286	 5 
105391	426059	331743	951	40119	 4 ***
105424	424251	331743	954	40953	 4 
105461	425848	331743	27	961	 4 
105432	422666	331743	958	41030	 3 

105284	418713	330379	32	915	 98 
105285	418477	330379	32	915	 97 
105274	415688	330379	970	41198	 91 
105302	416910	330379	950	40050	 88 
104154	424119	330379	980	41282	 86 
105277	419780	330379	34	1098	 83 
104710	417424	330379	979	41130	 80 
105278	418680	330379	33	930	 80 
105266	422400	330379	958	40829	 77 
105271	418718	330379	975	40485	 77 
105337	413228	330379	977	41090	 76 
105284	418751	330379	28	1021	 72 
105244	422543	330379	551	23337	 69 
105331	414408	330379	971	40918	 68 
105369	416861	330379	948	40501	 68 
105320	415541	330379	974	40999	 63 
105287	419531	330379	12	479	 61 
105353	412174	330379	973	40669	 55 
105300	416202	330379	954	40760	 51 
105350	415450	330379	969	40314	 48 
105319	415599	330379	970	40786	 47 
105278	419630	330379	13	723	 44 
105277	421500	330379	34	1296	 42 
105282	417840	330379	33	802	 37 ***
105259	419464	330379	967	40557	 30 
105273	419884	330379	36	1189	 30 
105344	416125	330379	969	40572	 24 
105361	415860	330379	952	40423	 23 
104197	419694	330379	976	41227	 22 
105306	415419	330379	976	41212	 18 
104245	418723	330379	978	41063	 14 
105251	419427	330379	972	40707	 12 
105267	421615	330379	554	24151	 11 
104277	419377	330379	973	41106	 9 
105265	418764	330379	964	40694	 7 
105324	414308	330379	974	40924	 6 
105314	414433	330379	975	41208	 6 
104168	420476	330379	973	40911	 2 

105040	405393	322844	971	40441	 100 
105012	411431	322844	6	270	 100 
105011	410507	322844	30	776	 98 
105010	411815	322844	29	654	 96 
105004	409974	322844	944	40153	 93 
105005	410895	322844	31	791	 93 
105010	410226	322844	31	1029	 83 
105004	412430	322844	33	1172	 82 
105015	407412	322844	969	40703	 78 
103971	414369	322844	972	41028	 78 
105051	405965	322844	967	40631	 77 
105044	406180	322844	966	40516	 76 
105007	413419	322844	29	772	 76 
104994	408025	322844	971	40886	 73 
105009	414784	322844	25	745	 68 
105067	406934	322844	963	40266	 65 
105007	415496	322844	25	590	 59 
103985	409330	322844	975	40627	 58 
103999	412652	322844	969	40684	 53 
104976	412861	322844	968	40439	 53 
105040	407198	322844	934	39849	 52 
104006	415482	322844	959	40221	 51 
104004	409202	322844	973	40442	 51 
105001	410638	322844	565	23445	 48 
105008	406639	322844	973	40773	 44 
104263	409202	322844	971	40978	 43 
104977	410885	322844	967	40460	 39 
105033	408314	322844	968	40400	 39 
105028	408812	322844	968	40505	 33 
105011	408901	322844	31	789	 33 ***
105101	404266	322844	974	40675	 32 
103896	414933	322844	972	40630	 32 
103981	413399	322844	964	40621	 32 
104989	412491	322844	561	23944	 26 
105049	404482	322844	972	40729	 24 
105009	412678	322844	25	734	 17 
105081	406608	322844	936	38880	 16 
105069	406832	322844	945	40385	 16 
105011	411334	322844	10	413	 16 
103974	409743	322844	970	40766	 14 
104976	414682	322844	558	22974	 11 
105034	407758	322844	965	40584	 9 
105022	406202	322844	969	40664	 8 
104987	410319	322844	963	40597	 8 
105010	410396	322844	34	836	 8 
105010	411083	322844	24	601	 7 
104977	411303	322844	964	39942	 6 

104829	403942	321079	31	624	 100 
104808	405637	321079	550	23067	 99 
104870	398719	321079	956	39794	 98 
104866	399157	321079	955	39617	 93 
104824	399398	321079	965	40144	 88 
104868	399718	321079	938	39085	 82 
104859	397074	321079	964	39730	 81 
104873	396491	321079	966	40200	 79 
104833	402769	321079	27	839	 71 
104867	400026	321079	944	39442	 68 
104880	397827	321079	962	39925	 64 
103688	404358	321079	945	39089	 64 
104843	399017	321079	957	40076	 63 
104842	398090	321079	960	39535	 63 
104827	402305	321079	40	803	 63 
104832	406309	321079	26	379	 61 
104880	399806	321079	563	23355	 60 
104828	405574	321079	30	1100	 58 
104892	397475	321079	958	39851	 53 
104823	402738	321079	32	663	 49 ***
104820	399633	321079	962	40036	 43 
104829	402695	321079	33	867	 43 
103760	400912	321079	932	38605	 37 
104839	398682	321079	966	40230	 31 
104873	399528	321079	927	38878	 30 
104814	406897	321079	31	706	 29 
104819	402371	321079	34	911	 28 
104828	399593	321079	959	39601	 26 
104830	401615	321079	30	999	 26 
103681	402000	321079	966	39998	 24 
104828	401266	321079	34	682	 23 
104843	402545	321079	25	592	 18 
104824	398707	321079	967	40129	 16 
104277	400149	321079	967	40209	 13 
104832	401124	321079	45	1076	 11 
104829	402993	321079	27	597	 10 
104915	398446	321079	955	39831	 2 

104771	397270	321290	29	877	 93 
104820	392157	321290	929	39095	 90 
104812	394540	321290	933	39218	 87 
104796	393997	321290	950	39977	 85 
104756	397475	321290	29	888	 83 
103946	399449	321290	536	21988	 81 
104793	393799	321290	951	39761	 80 
104824	392148	321290	954	39469	 76 
104776	394650	321290	953	40059	 71 
104803	394753	321290	935	39573	 71 
104761	395685	321290	38	1417	 66 
104829	391820	321290	955	39904	 65 
103637	397237	321290	947	39956	 64 
104752	398063	321290	27	869	 58 
104763	394949	321290	952	39892	 57 
104789	394401	321290	941	39594	 57 
103718	398827	321290	946	39173	 54 
104771	398427	321290	26	693	 54 
104760	397411	321290	29	783	 53 
104759	395985	321290	30	667	 50 
104800	392152	321290	951	39531	 49 
104725	392856	321290	954	39971	 47 
104751	396828	321290	31	967	 46 
104830	391377	321290	954	40078	 44 
104808	390354	321290	960	40322	 44 
104801	393946	321290	940	39341	 44 
104784	394895	321290	945	39887	 35 
104785	394538	321290	951	39504	 24 
103583	400959	321290	958	40256	 23 
104784	393842	321290	952	39780	 22 
104749	398668	321290	11	439	 22 ***
104751	396713	321290	37	1095	 21 
104820	394264	321290	937	39209	 20 
104791	392302	321290	952	39741	 17 
104746	399389	321290	531	22416	 17 
104779	394724	321290	952	39972	 16 
104821	395651	321290	928	39257	 15 
104751	396393	321290	547	22685	 12 
103592	398128	321290	953	39865	 7 
103722	395008	321290	934	39469	 0 

103389	390758	318893	958	39683	 100 
103352	391755	318893	955	38701	 99 
104500	389531	318893	957	39516	 98 
104493	388265	318893	959	39532	 95 
104590	385455	318893	957	39560	 94 
104546	385947	318893	956	39009	 82 
103390	389548	318893	955	39444	 80 
103479	390737	318893	954	39568	 71 
104495	387379	318893	960	39533	 63 
104498	389271	318893	958	39572	 62 
104490	391995	318893	35	1036	 56 
103347	395594	318893	958	39590	 55 
104477	391943	318893	536	22616	 52 
104527	386736	318893	964	39879	 40 
104491	393963	318893	24	715	 40 
104489	393244	318893	26	864	 39 
103337	388416	318893	963	39807	 37 
103384	390435	318893	960	39454	 37 
104491	391671	318893	9	186	 35 ***
104538	386643	318893	956	39549	 34 
104528	385557	318893	960	39644	 30 
104498	389881	318893	30	774	 30 
103471	392259	318893	953	39513	 27 
104549	386709	318893	953	38997	 20 
104554	385772	318893	956	39722	 19 
104504	386897	318893	940	39226	 13 
104643	386127	318893	954	39620	 12 
104561	389851	318893	937	38179	 10 
104478	390629	318893	952	38679	 7 

104633	381152	320601	948	39168	 100 
104580	381139	320601	951	39383	 99 
104578	384285	320601	932	38751	 98 
103397	390693	320601	952	39101	 95 
104557	388951	320601	16	613	 91 ***
104611	382709	320601	945	38486	 87 
104577	383157	320601	951	39152	 85 
104643	382178	320601	947	38736	 81 
104600	382921	320601	948	38870	 80 
104627	382940	320601	929	38846	 76 
104606	382431	320601	948	38766	 73 
104640	382395	320601	936	39048	 73 
104561	387278	320601	29	888	 69 
104550	387409	320601	33	1041	 64 
104594	380819	320601	949	38759	 63 
104554	387588	320601	32	908	 63 
104587	383317	320601	947	39310	 58 
104557	387408	320601	29	1117	 58 
103540	386943	320601	948	38980	 55 
104614	380406	320601	952	39495	 52 
104652	383027	320601	928	38349	 51 
104559	386337	320601	33	1033	 49 
104557	386988	320601	31	922	 44 
104592	383131	320601	473	19555	 42 
104585	383531	320601	949	38832	 40 
103502	383826	320601	950	38703	 40 
104573	386486	320601	31	896	 39 
103774	383561	320601	952	38719	 38 
103444	388880	320601	951	38780	 37 
103548	384447	320601	929	38426	 33 
104560	385513	320601	34	1163	 31 
104614	382369	320601	946	38591	 30 
104565	386852	320601	30	894	 27 
103496	387701	320601	955	39251	 22 
104560	388879	320601	25	505	 15 
104560	385003	320601	36	1480	 10 
104556	385730	320601	928	37692	 0 
104565	387892	320601	28	766	 0 

104908	382755	325011	955	38948	 94 
104834	387276	325011	32	1260	 89 
104843	384716	325011	480	19628	 88 
104818	385091	325011	944	39051	 88 
104110	385908	325011	955	38549	 84 
104872	382828	325011	958	38835	 83 
104896	382465	325011	958	39470	 81 
104841	384413	325011	952	39223	 72 
104853	383083	325011	956	39217	 72 
104816	388495	325011	31	900	 70 
104804	389234	325011	34	1284	 64 
104815	385084	325011	958	39016	 61 
103209	391075	325011	955	39202	 54 
104921	383217	325011	937	38504	 53 
104811	388548	325011	33	1129	 53 
104826	383030	325011	957	38917	 50 
104852	383098	325011	943	38923	 50 
103679	388848	325011	955	39165	 49 
103719	386311	325011	953	38825	 45 
104105	387694	325011	938	38507	 36 
104810	390104	325011	28	635	 36 ***
104808	392313	325011	29	658	 35 
104796	385260	325011	483	19702	 34 
104818	389789	325011	30	992	 33 
104816	384219	325011	960	38947	 31 
103838	386014	325011	956	39228	 30 
104852	380876	325011	960	39208	 29 
104816	387969	325011	32	1144	 28 
104859	383032	325011	956	38912	 26 
104819	389572	325011	18	1248	 23 
104884	382969	325011	956	39191	 22 
103662	385652	325011	957	39370	 19 
104842	384189	325011	956	39084	 17 
104899	381475	325011	956	38969	 14 
104832	384774	325011	954	38972	 13 
104818	388119	325011	28	768	 13 
104811	388331	325011	38	1271	 12 
104815	385878	325011	33	1284	 11 

104795	377168	322693	957	39887	 100 
104822	377159	322693	952	39501	 95 
104788	375082	322693	963	40107	 93 
104761	380824	322693	33	1145	 92 
104760	378971	322693	959	39848	 90 
104762	382880	322693	28	392	 85 
104757	381554	322693	31	911	 83 
104814	375217	322693	956	40098	 82 
104785	377226	322693	958	40338	 76 
104754	381944	322693	33	1067	 74 
104764	377737	322693	38	1195	 73 
104821	377622	322693	952	39638	 72 
104217	379596	322693	958	39845	 71 
104830	376981	322693	942	39458	 66 
104762	378247	322693	33	934	 65 
103743	378819	322693	960	40154	 62 
104762	377402	322693	959	39914	 61 
104790	375896	322693	959	40122	 61 
104823	374822	322693	963	40176	 59 
104761	378597	322693	32	701	 52 ***
104767	381935	322693	30	677	 50 
104760	381183	322693	37	1207	 48 
104797	375892	322693	955	40092	 44 
104783	376278	322693	961	40091	 43 
104763	385139	322693	21	458	 42 
104792	375491	322693	962	40157	 38 
103800	380200	322693	945	39234	 36 
104211	377680	322693	961	39793	 35 
104753	381729	322693	38	851	 30 
104753	382222	322693	35	1204	 23 
104763	377921	322693	31	926	 21 
104205	378637	322693	964	40206	 18 
104760	380693	322693	40	980	 18 
104809	375841	322693	961	40015	 16 
104783	376961	322693	959	39963	 10 
103780	380375	322693	953	40045	 10 
104770	375660	322693	962	40313	 0 
104806	375001	322693	963	40195	 0 
103606	381298	322693	958	39762	 0 
104763	378161	322693	33	1174	 0 

104762	374472	324193	952	39890	 100 
104787	373534	324193	951	39610	 97 
104771	374683	324193	948	39612	 97 
104752	381120	324193	14	374	 97 
104834	374700	324193	930	39163	 96 
104855	371852	324193	954	40028	 94 
104746	379767	324193	28	689	 91 
104195	378124	324193	952	39824	 90 
104747	374389	324193	958	40041	 90 
104799	373289	324193	954	39698	 87 
104750	377875	324193	29	1113	 84 
104847	372674	324193	954	39590	 83 
104748	379809	324193	25	490	 83 
104221	376165	324193	958	39753	 82 
104792	372447	324193	955	39739	 80 
103633	377807	324193	959	39992	 75 
104813	375145	324193	934	39386	 69 
103628	378624	324193	959	39708	 67 
104755	379756	324193	23	722	 67 
104228	377848	324193	952	39588	 66 
104848	372186	324193	958	39972	 65 
104830	375194	324193	930	39367	 62 
104171	381119	324193	951	39607	 58 
104818	373410	324193	931	39516	 56 
104750	378102	324193	29	884	 55 
103768	376421	324193	954	39698	 54 
104769	372689	324193	956	39871	 54 
104863	372950	324193	952	40134	 53 
104748	375373	324193	32	1151	 50 
104750	378730	324193	27	773	 48 
104773	372688	324193	961	40006	 46 
104746	379286	324193	29	822	 43 
104855	370936	324193	959	39750	 42 
104755	376451	324193	31	1143	 39 
103722	376990	324193	963	40243	 35 
104743	383099	324193	28	989	 33 
104743	381966	324193	25	529	 32 
104743	380650	324193	29	884	 28 
103772	379100	324193	953	39766	 27 
104749	382053	324193	23	726	 27 
104234	375794	324193	953	39937	 25 
104743	376462	324193	33	1059	 25 
103765	375758	324193	961	39997	 24 
104819	372812	324193	953	39463	 23 
104752	376462	324193	28	640	 22 ***
104751	379093	324193	24	486	 17 
104808	371935	324193	960	40060	 15 
104746	381850	324193	25	606	 13 
104749	375324	324193	33	1144	 11 
104740	377750	324193	30	803	 7 
104738	378740	324193	35	1289	 6 
104817	374200	324193	932	39226	 5 
103754	380137	324193	957	40005	 4 
104819	373066	324193	948	39844	 3 

104830	369260	324690	955	39410	 100 
104770	376587	324690	24	834	 97 
104765	376977	324690	28	522	 90 
104769	378420	324690	24	606	 87 
104767	374078	324690	28	895	 86 
104814	370379	324690	952	39832	 83 
104766	372959	324690	32	911	 83 
104759	372965	324690	30	892	 82 
103673	375655	324690	955	39797	 80 
104768	376717	324690	26	732	 77 
104048	371478	324690	959	39530	 74 
104860	367958	324690	965	40142	 74 
104769	371874	324690	29	891	 68 ***
103779	370775	324690	962	40164	 62 
104911	367105	324690	958	39727	 59 
104276	378059	324690	951	39454	 56 
103772	373677	324690	955	39337	 55 
104759	374300	324690	29	897	 55 
104224	371474	324690	957	39871	 53 
103754	369886	324690	963	39788	 49 
103796	374988	324690	954	39220	 48 
104824	368608	324690	957	39985	 47 
104768	372911	324690	32	1027	 47 
104853	369976	324690	932	39545	 45 
103775	371019	324690	961	39866	 45 
104822	370496	324690	931	39115	 44 
104837	368383	324690	962	40028	 39 
103789	379231	324690	954	39541	 38 
104841	367967	324690	954	39274	 32 
103633	372447	324690	957	39741	 31 
104768	376469	324690	25	738	 25 
104813	369133	324690	960	39847	 23 
104775	370405	324690	945	39353	 21 
104770	375213	324690	27	642	 21 
103996	372192	324690	959	39875	 20 
104767	378713	324690	27	1102	 16 
104772	374176	324690	25	1073	 13 
104832	370835	324690	926	38961	 10 
104908	370809	324690	929	39067	 5 
104784	379120	324690	23	600	 3 
104827	369456	324690	954	39136	 1 
104787	369548	324690	953	39615	 1 
104784	371803	324690	941	39473	 0 
104771	373562	324690	27	761	 0 

103751	375823	325842	962	39749	 99 
104880	378563	325842	30	563	 99 
103786	375496	325842	956	39794	 90 
104878	378400	325842	37	1354	 84 
104904	373530	325842	957	40092	 79 
104883	375823	325842	29	887	 79 
104880	375501	325842	35	967	 74 
104924	370353	325842	967	40240	 73 
104882	375367	325842	33	1030	 72 
104901	371649	325842	961	39740	 68 
104938	374158	325842	956	39950	 68 
104962	370970	325842	958	40279	 66 
104948	372468	325842	959	39942	 60 
104943	370803	325842	960	39721	 54 
104356	374350	325842	963	39840	 49 
104930	374481	325842	939	39440	 49 
104882	378753	325842	27	628	 48 
104952	372296	325842	932	39207	 29 
104886	374867	325842	4	133	 24 ***
104885	378218	325842	27	628	 22 
104878	377655	325842	31	910	 20 
104893	374583	325842	960	39872	 14 
104868	372477	325842	967	40126	 7 
104939	371555	325842	966	40400	 2 

104884	370128	326132	7	46	 98 ***
104965	368680	326132	935	39366	 89 
104879	369518	326132	965	40052	 88 
104885	370099	326132	8	537	 88 
104881	371354	326132	30	1243	 86 
104127	372403	326132	959	40397	 84 
104880	371258	326132	961	40038	 82 
104298	372893	326132	940	39451	 78 
104881	370976	326132	961	40261	 76 
104878	372817	326132	29	1134	 73 
104904	368471	326132	964	40413	 70 
104325	371855	326132	961	40416	 68 
104883	371909	326132	29	892	 68 
103764	373045	326132	961	40230	 60 
104879	369584	326132	963	40470	 53 
104361	371351	326132	959	39795	 48 
103785	372979	326132	959	40201	 47 
104881	374085	326132	25	623	 45 
104853	371061	326132	962	40342	 44 
104919	367870	326132	957	40268	 42 
104872	372711	326132	957	40273	 39 
104123	370507	326132	965	40578	 38 
103877	374062	326132	948	40276	 38 
104879	372795	326132	28	890	 35 
104880	372218	326132	30	965	 30 
104927	368999	326132	935	39363	 29 
104930	367198	326132	961	40167	 24 
104879	372481	326132	29	883	 23 
104959	369298	326132	933	39303	 21 
104870	374434	326132	547	23469	 20 
103731	372029	326132	963	40490	 17 
104873	374198	326132	32	1068	 6 
104923	369262	326132	955	39552	 2 
104906	368184	326132	956	39805	 1 
104930	368727	326132	952	40086	 1 

104777	363993	324971	962	39899	 97 
103618	371588	324971	958	39712	 88 
104805	362918	324971	961	40117	 87 
104790	363277	324971	964	39906	 86 
104767	364549	324971	952	39684	 84 
104767	363521	324971	966	40341	 82 
104790	363522	324971	962	40144	 80 
104766	364578	324971	960	39904	 76 
103605	365989	324971	961	40000	 74 
104757	367526	324971	22	460	 74 
104829	364035	324971	956	39547	 69 
104751	364816	324971	36	1187	 69 
103629	364174	324971	961	40207	 65 
104746	369517	324971	46	1531	 65 
104758	366239	324971	34	877	 58 
104806	363494	324971	960	39803	 57 
104748	366306	324971	37	918	 56 
104794	364337	324971	959	40013	 55 
103782	370056	324971	950	39442	 51 
104725	365729	324971	960	39886	 46 
104759	364589	324971	15	177	 43 ***
104796	364044	324971	938	38887	 34 
103627	367847	324971	957	39613	 31 
103791	366789	324971	943	38993	 25 
104820	363548	324971	959	39867	 23 
104802	362609	324971	964	39603	 15 
104699	365809	324971	563	23407	 15 
104795	364076	324971	957	39455	 9 
104834	362655	324971	959	39993	 6 

104788	362406	324325	971	40048	 98 
104693	365772	324325	21	345	 98 
104696	365637	324325	19	348	 95 
104688	365273	324325	25	512	 93 
103963	366011	324325	966	39907	 92 
104725	364075	324325	950	39013	 89 
104762	362851	324325	966	39980	 87 
104679	364923	324325	976	40446	 85 
104751	362875	324325	968	40146	 85 
104734	364305	324325	473	19912	 85 
104686	364444	324325	26	767	 82 ***
104689	363788	324325	973	40205	 77 
104701	362754	324325	973	40376	 74 
104735	362746	324325	972	39923	 73 
104777	361711	324325	977	40179	 69 
104773	363243	324325	963	39775	 64 
104711	363491	324325	957	39735	 64 
103941	365276	324325	974	40376	 62 
103954	370944	324325	967	39872	 61 
104766	363329	324325	956	39645	 60 
103606	365964	324325	970	39897	 53 
104683	364578	324325	975	40388	 52 
104752	363818	324325	942	39489	 50 
104686	366356	324325	24	634	 47 
104682	366033	324325	27	775	 37 
104801	363465	324325	940	39066	 32 
104694	365643	324325	19	302	 31 
104740	362734	324325	970	39790	 27 
104695	365455	324325	24	737	 27 
104699	363657	324325	972	40053	 24 
104761	362656	324325	967	39545	 21 
104685	364025	324325	970	39601	 17 
104129	365009	324325	976	40391	 17 
104728	362977	324325	970	40208	 12 
103724	369456	324325	969	39688	 9 
104688	363071	324325	975	40122	 8 
104803	361854	324325	974	40010	 7 
104702	364723	324325	21	543	 7 
103526	366119	324325	974	40096	 6 

103595	361092	325358	968	39839	 100 
104081	363935	325358	961	39446	 100 
104620	360741	325358	35	874	 99 
103671	360476	325358	969	39835	 98 
104691	357718	325358	963	39360	 98 
104679	358477	325358	968	39279	 87 
104629	361852	325358	29	768	 87 
104685	358384	325358	966	39851	 82 
104626	361938	325358	28	767	 82 
104630	364418	325358	26	616	 79 
103564	362610	325358	970	39229	 77 
104660	358697	325358	963	39259	 74 
104637	363496	325358	27	402	 65 
104625	358840	325358	30	797	 63 ***
104629	358632	325358	972	39553	 61 
104613	361855	325358	962	39253	 60 
104624	362114	325358	29	755	 51 
103636	359863	325358	972	39745	 49 
104621	362643	325358	30	829	 42 
104617	361954	325358	33	711	 40 
104617	360637	325358	967	39317	 38 
103896	364805	325358	962	39258	 38 
104665	358695	325358	971	39878	 37 
104623	361291	325358	31	776	 36 
103588	361319	325358	972	39797	 31 
103495	362718	325358	965	38877	 26 
104623	361933	325358	31	806	 23 
104622	362789	325358	28	753	 20 
103631	362439	325358	964	39382	 18 
104712	358655	325358	947	38823	 10 
103626	361635	325358	965	39167	 3 
104710	357558	325358	971	39935	 0 
104673	358683	325358	969	39772	 0 

104793	410622	329073	973	39932	 96 
104813	410985	329073	969	39499	 95 
104885	410116	329073	967	39364	 95 
103768	411628	329073	975	39595	 92 
104852	410516	329073	967	39487	 92 
104838	410238	329073	972	39490	 91 
104801	411805	329073	19	507	 89 
104905	408937	329073	965	39277	 87 
104799	411257	329073	20	581	 87 
104886	409841	329073	962	39150	 78 
103682	415061	329073	967	39858	 76 
104889	409438	329073	969	39823	 72 
103794	413334	329073	965	38704	 71 
103820	410844	329073	976	39876	 69 
104889	409701	329073	968	39744	 64 
104916	410800	329073	955	39287	 60 
103770	414081	329073	968	39622	 49 
104878	410450	329073	968	39267	 48 
103821	418027	329073	960	39525	 47 
104806	411324	329073	16	488	 47 ***
104818	410929	329073	24	943	 45 
104859	409678	329073	969	39671	 40 
104837	410183	329073	973	39910	 34 
104845	409765	329073	971	39539	 24 
104833	410805	329073	968	39512	 24 
104268	412621	329073	968	39315	 23 
104841	410907	329073	960	39363	 22 
104837	410641	329073	967	39736	 18 
104864	410455	329073	962	39485	 6 
104847	409189	329073	970	39880	 5 
103804	412041	329073	971	39418	 3 
104829	410722	329073	970	39741	 3 
104840	409032	329073	972	39651	 1 

104642	352302	325573	27	1014	 97 
104722	349184	325573	960	39030	 94 
104643	352861	325573	23	739	 90 
104678	349587	325573	961	39647	 89 
104651	353544	325573	17	257	 89 
104652	352614	325573	18	317	 88 ***
104648	353131	325573	22	613	 87 
104633	353500	325573	31	1407	 85 
103655	350760	325573	963	39417	 84 
104640	353675	325573	24	972	 81 
103574	354448	325573	955	38343	 75 
104759	350535	325573	942	38746	 75 
104650	352254	325573	24	396	 75 
104739	349454	325573	959	39309	 74 
104643	352704	325573	26	766	 65 
104652	350520	325573	958	39244	 62 
103674	353232	325573	960	39180	 52 
104638	352831	325573	27	1032	 51 
104748	351247	325573	938	38743	 40 
103545	355535	325573	959	39366	 39 
103523	354014	325573	962	39397	 38 
104644	351935	325573	26	762	 37 
104721	351288	325573	941	38777	 35 
104695	350435	325573	951	38861	 23 
104714	351598	325573	562	23194	 23 
104722	350323	325573	958	39134	 22 
104645	351865	325573	28	1088	 12 
104679	351634	325573	957	39156	 4 
104685	351639	325573	945	38874	 4 
104680	351415	325573	957	38847	 3 
103526	352707	325573	967	39486	 3 
103504	358848	325573	959	39398	 0 

104652	346462	324511	23	735	 96 
104665	345831	324511	13	427	 94 ***
104656	347392	324511	17	626	 90 
104654	345565	324511	25	758	 87 
104649	345376	324511	27	781	 85 
104657	345790	324511	23	724	 84 
104657	344977	324511	24	806	 81 
104652	346061	324511	25	647	 78 
103683	345295	324511	957	39164	 76 
104732	341976	324511	958	39362	 74 
104654	346649	324511	22	692	 72 
104647	346775	324511	32	1151	 71 
104672	344925	324511	18	680	 66 
104657	347071	324511	21	701	 60 
103499	346135	324511	957	39408	 51 
104666	344438	324511	21	738	 51 
104677	342350	324511	932	37894	 48 
104658	343287	324511	36	867	 47 
104670	343036	324511	957	38943	 44 
104663	347344	324511	17	549	 41 
104653	344285	324511	26	1249	 40 
104662	345977	324511	19	730	 29 
104723	342323	324511	957	39398	 27 
104651	344061	324511	35	1106	 21 
104652	347542	324511	23	949	 17 
103902	344405	324511	570	23150	 13 
103668	344275	324511	962	38850	 12 
103889	343771	324511	930	38671	 5 
103705	348346	324511	956	38938	 4 

103678	348782	324533	956	39393	 99 
104780	345468	324533	54	1683	 98 
104078	343289	324533	954	39515	 96 
103781	345552	324533	955	39405	 93 
104831	342813	324533	951	39120	 89 
103696	345814	324533	948	39370	 87 
104790	344532	324533	25	754	 86 ***
104782	344697	324533	33	1138	 83 
104797	344238	324533	55	1538	 80 
103686	347200	324533	952	39550	 73 
104821	342162	324533	953	39595	 71 
104789	344250	324533	29	888	 71 
104799	344232	324533	38	1257	 70 
103674	348819	324533	955	39711	 68 
104836	342714	324533	950	39500	 67 
104788	345539	324533	32	849	 59 
103775	345843	324533	942	38821	 55 
104799	343001	324533	36	955	 55 
103778	343885	324533	957	39500	 49 
104782	346110	324533	33	1217	 45 
104777	346067	324533	34	1064	 44 
104852	342100	324533	956	39730	 43 
104794	345507	324533	21	722	 33 
104783	345717	324533	32	842	 24 
104891	341462	324533	956	39635	 16 
104820	342981	324533	950	38795	 13 
104819	342818	324533	953	39449	 0 

104767	343241	324558	36	915	 99 
104214	345282	324558	957	39882	 97 
104761	343799	324558	29	793	 97 
104775	342721	324558	956	39710	 87 
104837	341621	324558	952	39499	 84 
104832	342811	324558	939	39403	 83 
104754	343223	324558	42	1488	 82 
103745	346600	324558	956	40057	 80 
104802	342860	324558	952	39612	 79 
104038	347707	324558	955	39600	 77 
104804	342355	324558	959	39742	 77 
104804	342572	324558	952	39583	 72 
104773	344910	324558	26	641	 67 
104807	341536	324558	960	40238	 63 
104026	348185	324558	955	39850	 59 
104763	344996	324558	23	603	 54 
104754	345140	324558	26	641	 52 ***
103803	342222	324558	960	40137	 51 
104753	345581	324558	31	912	 42 
104209	346732	324558	954	39960	 35 
104233	343717	324558	959	39459	 35 
104853	341517	324558	956	39725	 34 
104805	342186	324558	960	39826	 32 
104815	342206	324558	954	39951	 29 
104775	343005	324558	463	19544	 25 
104907	341205	324558	952	39878	 22 
104799	342882	324558	944	39648	 22 
104852	341130	324558	961	40212	 21 
103791	343180	324558	960	39964	 19 
103728	344006	324558	959	40200	 15 
104755	344433	324558	28	778	 14 
104812	341904	324558	955	39406	 11 
104789	342411	324558	954	39898	 10 
103627	345465	324558	961	39923	 7 
104833	342778	324558	947	39138	 5 

103643	343783	325184	962	39936	 95 
104782	341781	325184	23	781	 93 
104075	339342	325184	961	39789	 88 
104776	341667	325184	29	963	 82 
104862	337364	325184	956	39969	 74 
103792	340616	325184	964	39981	 72 
104781	340997	325184	27	804	 70 
103821	341317	325184	960	39413	 68 
104865	336532	325184	956	39964	 67 
104829	337534	325184	955	39638	 67 
103698	343128	325184	961	39999	 66 
103803	341299	325184	961	39421	 64 
104783	339797	325184	31	1074	 64 
104811	337267	325184	961	39817	 60 
104782	340387	325184	28	796	 58 
103706	343002	325184	962	39749	 56 
103765	342318	325184	960	39612	 56 
104786	338742	325184	30	838	 54 ***
104065	339505	325184	956	39529	 51 
104782	341162	325184	11	120	 48 
104781	339813	325184	37	1417	 43 
104858	337117	325184	964	40109	 34 
104894	337492	325184	946	39380	 34 
104863	336988	325184	962	39644	 30 
104783	337609	325184	39	1055	 27 
104780	339027	325184	460	19326	 25 
103797	340075	325184	962	39839	 17 
104798	337594	325184	963	39625	 16 
104836	337400	325184	959	40039	 10 
103797	343526	325184	958	39835	 0 

104962	333304	326861	931	39083	 90 
104918	332878	326861	958	39918	 87 
104862	333759	326861	967	40372	 84 
104857	335202	326861	23	746	 83 
104855	336185	326861	20	457	 80 ***
104928	333293	326861	957	40159	 77 
104930	333681	326861	934	39415	 74 
104857	333875	326861	38	1007	 74 
104932	332608	326861	957	40075	 72 
104936	333457	326861	956	40207	 72 
103747	339039	326861	956	40419	 71 
104905	332700	326861	961	40248	 68 
103881	340133	326861	953	39439	 67 
103837	334535	326861	958	39947	 65 
104857	334237	326861	34	902	 64 
104891	333471	326861	959	39805	 63 
103819	336886	326861	959	40085	 61 
104851	336351	326861	22	787	 61 
103815	337975	326861	960	40423	 53 
104907	333409	326861	959	40165	 43 
104854	334464	326861	31	838	 38 
102813	338956	326861	965	40512	 35 
103835	336292	326861	969	40294	 34 
104860	334814	326861	4	258	 33 
104848	337669	326861	22	942	 31 
104898	333245	326861	963	40521	 22 
104944	333349	326861	938	39348	 17 
104857	335735	326861	25	871	 16 
104858	336133	326861	22	735	 4 
104858	337850	326861	19	468	 3 
104910	333792	326861	954	40121	 2 
104925	332673	326861	959	40116	 0 

103962	339166	334865	956	39982	 96 
105104	335556	334865	36	1610	 96 
105112	333477	334865	962	40467	 95 
105167	335170	334865	948	40064	 95 
105108	334965	334865	960	39911	 93 
105185	334043	334865	942	40127	 92 
105164	333031	334865	958	39966	 90 
105107	336024	334865	23	746	 87 
105135	335237	334865	957	39294	 86 
105158	333904	334865	958	40140	 86 
105202	335183	334865	939	39112	 80 
105171	333876	334865	955	40079	 80 
104010	338047	334865	961	40040	 76 
105140	334532	334865	956	40208	 73 
105107	336008	334865	25	868	 73 
105195	333198	334865	954	39514	 66 
105105	336243	334865	27	807	 66 
105100	338191	334865	17	866	 65 
105140	334055	334865	953	40073	 62 
105192	333265	334865	956	40110	 60 
103961	339826	334865	963	40181	 60 
104078	337000	334865	960	39737	 56 
105178	332617	334865	959	39583	 55 
105105	336478	334865	16	503	 55 
103938	340260	334865	960	39881	 53 
105090	338527	334865	955	39779	 49 
105097	335582	334865	29	1194	 47 
105214	334336	334865	938	39800	 45 
105145	333787	334865	961	40018	 44 
105132	335266	334865	952	40116	 42 
104376	334674	334865	961	40368	 41 
105155	332935	334865	961	40553	 41 
105145	332093	334865	962	40489	 40 
105098	338607	334865	20	766	 39 
105101	336470	334865	26	771	 37 
105094	337450	334865	31	894	 32 
104085	337422	334865	959	40182	 31 
105112	335130	334865	959	40180	 30 
105141	333802	334865	960	40052	 29 
105138	334448	334865	960	40252	 27 
105100	336735	334865	10	327	 26 ***
105105	335453	334865	30	1162	 25 
104123	336084	334865	957	39934	 23 
105109	335537	334865	28	837	 21 
105186	332608	334865	960	40132	 17 
104139	334971	334865	964	40357	 15 
105140	335192	334865	942	39647	 14 
105096	336400	334865	27	800	 11 
104036	337759	334865	963	40424	 3 
105174	333502	334865	944	39602	 3 
105168	335238	334865	575	24089	 3 

