#105586	428847	330645	0	0	 76 
#104448	431624	330645	0	0	 68 
#105582	430383	330645	0	0	 68 
#105648	426822	330645	0	0	 61 
#105643	427235	330645	0	0	 28 
#105627	428685	330645	0	0	 22 
#105670	426049	330645	0	0	 9 
#105627	427714	330645	0	0	 9 
#105586	429164	330645	0	0	 2 

105441	428144	331743	28	1085	 99 
105386	423730	331743	976	41124	 97 
104291	426018	331743	954	40543	 97 
105452	422479	331743	29	969	 97 
105408	422009	331743	973	41575	 87 
105434	425086	331743	32	830	 87 
105400	422663	331743	975	41443	 81 
105416	425304	331743	588	24476	 79 
105444	424063	331743	19	369	 77 ***
104664	422247	331743	979	41537	 75 
105442	425461	331743	31	916	 73 
104222	419994	331743	980	41652	 70 
105432	418129	331743	975	41525	 65 
105446	425421	331743	17	427	 65 
105403	424499	331743	948	41133	 64 
105427	425528	331743	566	24628	 64 
105451	424659	331743	16	327	 63 
105443	421661	331743	33	823	 62 
104430	425151	331743	979	41495	 61 
105413	423566	331743	967	41420	 59 
105448	423630	331743	27	783	 59 
105403	420018	331743	977	41394	 57 
105431	427790	331743	31	1149	 54 
105385	423847	331743	976	41613	 51 
105421	418792	331743	972	40793	 50 
105398	424121	331743	971	41398	 48 
104254	427052	331743	978	41228	 47 
105442	428609	331743	26	745	 46 
105444	422200	331743	31	1025	 42 
105445	423952	331743	27	721	 38 
105440	423617	331743	32	1044	 37 
105433	426298	331743	30	793	 36 
105423	420302	331743	951	41052	 27 
104380	425257	331743	978	41150	 27 
105410	420750	331743	974	41366	 21 
105415	422516	331743	970	40995	 19 
105435	425036	331743	32	850	 17 
105485	420912	331743	948	40622	 15 
105372	424767	331743	958	40852	 15 
105420	422469	331743	575	25164	 11 
105407	426146	331743	484	20686	 8 
105392	423125	331743	976	41392	 7 
105435	422883	331743	34	1066	 4 
105458	416743	331743	985	41824	 3 
105443	424073	331743	27	1086	 2 
105449	423404	331743	29	1020	 1 
104256	431893	331743	969	41002	 0 

105355	412344	330379	963	40566	 95 
105322	414613	330379	22	909	 91 
105306	416280	330379	973	40725	 90 
105320	417585	330379	489	20814	 90 
105256	417553	330379	978	41348	 86 
105311	414198	330379	974	40660	 85 
105289	414227	330379	978	41361	 83 
104718	421017	330379	973	40951	 79 
105288	416478	330379	972	41171	 75 
105243	422059	330379	972	41021	 74 
105331	418374	330379	16	253	 71 
105274	415797	330379	980	41328	 69 
105317	418038	330379	25	837	 69 
105322	414710	330379	22	667	 68 ***
104528	422779	330379	965	40653	 63 
105311	418147	330379	29	888	 62 
105308	418860	330379	487	20721	 58 
104253	422344	330379	972	40938	 57 
105292	416154	330379	974	41045	 57 
104221	421373	330379	974	40593	 55 
104247	417908	330379	978	40666	 52 
105305	413794	330379	978	40903	 51 
105320	417611	330379	19	558	 50 
105317	419830	330379	25	595	 46 
105293	414551	330379	976	41042	 45 
105318	417760	330379	489	20626	 45 
105316	414463	330379	973	40923	 43 
105348	414531	330379	970	40853	 43 
105278	418896	330379	971	40881	 41 
105270	419015	330379	972	40442	 38 
105271	419073	330379	971	41098	 32 
105295	421275	330379	962	40445	 26 
105311	413643	330379	975	41119	 26 
105328	420455	330379	18	619	 26 
105317	412770	330379	972	40873	 25 
105308	415831	330379	975	40951	 24 
104710	416357	330379	979	41384	 23 
105254	420293	330379	971	40744	 16 
105256	419721	330379	968	39870	 15 
105302	414253	330379	977	41085	 13 
105317	416354	330379	972	41040	 11 
105279	417357	330379	965	40258	 10 
105268	417628	330379	973	40519	 7 
105300	416656	330379	563	24304	 7 
105326	420840	330379	16	663	 3 

104259	416063	322844	963	40336	 99 
105021	410387	322844	564	24448	 99 
103915	414983	322844	972	41045	 98 
105042	411957	322844	32	915	 90 
103981	407564	322844	968	40131	 85 
105020	410992	322844	591	24909	 80 
104999	411224	322844	966	40577	 77 
105045	409297	322844	28	753	 77 
104983	416539	322844	956	40196	 74 
104968	414772	322844	965	40465	 71 
105037	409240	322844	33	1037	 69 
104984	412440	322844	965	40795	 68 
103996	410913	322844	967	40745	 64 
103953	411944	322844	966	40804	 63 
105003	410485	322844	962	40722	 59 
105002	411473	322844	964	40517	 57 
104993	414722	322844	963	40390	 51 
105036	405051	322844	963	40071	 50 
105018	409666	322844	945	40016	 49 
105027	405300	322844	970	40797	 47 
105028	407049	322844	967	40853	 46 
105108	404926	322844	964	40625	 46 
105019	408487	322844	944	39869	 44 
105010	407062	322844	969	40605	 41 
105011	409059	322844	947	40299	 41 
105045	408727	322844	34	1159	 39 
105008	409834	322844	941	40388	 36 
105050	407779	322844	562	23351	 35 
105050	407489	322844	962	40519	 29 
105047	408458	322844	34	1039	 27 ***
104997	410892	322844	967	39928	 19 
105102	406195	322844	941	39942	 15 
104288	415902	322844	965	40749	 13 
104492	415430	322844	965	40676	 10 
105004	412125	322844	559	23496	 5 
105036	412950	322844	551	23635	 1 

104898	397623	321079	962	39991	 100 
104866	401761	321079	32	999	 99 
104864	399728	321079	43	1672	 98 
104879	402352	321079	20	520	 93 
104821	399996	321079	959	39808	 91 
104876	399731	321079	31	930	 91 
104807	402534	321079	945	39284	 90 
104290	403313	321079	960	39733	 90 
104821	403258	321079	554	23104	 89 
103697	402852	321079	963	40026	 85 
104883	400092	321079	18	661	 84 
104821	401118	321079	938	39470	 80 
104859	400036	321079	940	39411	 77 
104833	399476	321079	957	39819	 77 
104862	401910	321079	37	970	 76 
104821	400729	321079	962	39911	 75 
104821	399629	321079	964	39885	 75 
104871	399238	321079	46	1617	 75 
104867	400368	321079	39	1070	 73 
104869	400002	321079	34	953	 71 
104873	397780	321079	962	40135	 69 
103796	403525	321079	958	39317	 68 
104149	400540	321079	965	39947	 68 
104873	397958	321079	957	39616	 68 
104828	400420	321079	937	39093	 65 
104809	397959	321079	969	40195	 64 
104841	399234	321079	957	39750	 62 
104859	399943	321079	44	1559	 60 
104872	399856	321079	28	901	 51 ***
103825	401442	321079	961	39606	 50 
104871	399931	321079	37	1279	 42 
104848	397460	321079	964	39570	 40 
104855	398260	321079	958	39836	 35 
104864	400486	321079	34	1173	 25 
104878	397146	321079	963	40030	 14 
104112	401197	321079	963	39946	 14 
104864	402817	321079	35	968	 13 
104885	399091	321079	932	39103	 10 
104871	402708	321079	27	897	 10 
103791	406001	321079	957	39258	 7 
104860	399823	321079	956	39710	 7 
104911	397044	321079	964	39943	 0 
104830	398422	321079	960	39778	 0 

104757	395684	321290	943	39733	 98 
103665	401880	321290	950	40018	 97 
104793	394958	321290	22	631	 94 ***
104757	394561	321290	952	39999	 89 
104810	393507	321290	945	39448	 88 
104806	391152	321290	955	39808	 88 
104801	393445	321290	950	39958	 87 
104787	397052	321290	32	904	 81 
104790	396280	321290	16	254	 63 
104783	399145	321290	34	1437	 62 
104785	398065	321290	34	968	 59 
104794	393904	321290	30	892	 58 
104790	397520	321290	22	814	 56 
103766	393765	321290	961	40288	 55 
103626	399770	321290	952	39718	 55 
104806	392952	321290	953	39862	 54 
104747	397760	321290	940	39148	 52 
104765	395458	321290	942	39517	 52 
104787	395971	321290	31	1254	 51 
104824	392254	321290	561	23947	 48 
104785	399000	321290	30	951	 46 
104775	395824	321290	547	23230	 45 
104746	392270	321290	956	39557	 43 
104772	393732	321290	947	39944	 42 
104788	395974	321290	28	903	 37 
104769	391415	321290	954	39991	 34 
104790	395402	321290	27	871	 33 
104763	396840	321290	938	38980	 25 
103714	395492	321290	949	39642	 24 
104802	392982	321290	948	40026	 9 
104813	392951	321290	951	39750	 7 
103701	394989	321290	951	39561	 4 
104775	397186	321290	543	22598	 3 
103602	396858	321290	957	40098	 2 

104508	386672	318893	956	39690	 99 
104536	387130	318893	35	970	 99 
104532	392498	318893	24	697	 97 
103921	387209	318893	956	38992	 93 
104536	389356	318893	13	210	 91 ***
103387	389668	318893	960	39659	 90 
103357	390577	318893	956	38983	 90 
104530	390020	318893	26	705	 89 
104524	391895	318893	33	905	 87 
104529	390066	318893	28	405	 82 
104500	390250	318893	950	39055	 81 
104555	383757	318893	951	39192	 74 
104511	390982	318893	562	23781	 62 
103326	392533	318893	962	39806	 61 
103478	389680	318893	957	39355	 60 
104506	386940	318893	961	39512	 52 
104528	388253	318893	34	913	 51 
104535	389356	318893	17	480	 47 
103787	392473	318893	952	39516	 37 
104534	388801	318893	29	759	 36 
104525	389211	318893	30	884	 33 
104529	391156	318893	27	602	 28 
104527	386052	318893	956	39351	 27 
103412	392545	318893	952	39286	 27 
104525	386652	318893	959	39569	 26 
104535	387948	318893	34	702	 23 
104542	385284	318893	959	39355	 21 
104529	389952	318893	29	409	 20 
104481	388459	318893	953	39142	 15 
104510	386639	318893	962	39730	 14 
104512	389232	318893	933	38662	 10 
103452	389849	318893	957	39478	 7 
104534	389191	318893	33	1152	 6 
104510	393834	318893	948	38924	 4 
104547	386655	318893	941	38962	 4 
104538	387559	318893	32	1054	 4 
103925	392396	318893	954	39387	 3 
104529	387800	318893	935	38794	 3 
104536	388065	318893	33	678	 2 

104607	381688	320601	945	38774	 98 
103833	384826	320601	949	39142	 97 
104596	384261	320601	33	945	 96 
104588	386979	320601	24	970	 95 
104563	386098	320601	947	38982	 93 
104593	384323	320601	35	1225	 92 
103467	387060	320601	950	39126	 90 
104561	382472	320601	952	38888	 90 
104597	383502	320601	31	893	 85 
104536	386304	320601	944	38516	 83 
104584	381305	320601	951	38903	 83 
104588	380545	320601	946	38808	 80 
104595	385247	320601	26	867	 80 
104554	383537	320601	956	39404	 75 
104558	386287	320601	947	38624	 73 
104576	383909	320601	932	39109	 68 
103565	388187	320601	946	38634	 63 
104603	385111	320601	29	648	 62 
104563	387317	320601	554	23679	 61 
104572	385949	320601	946	38669	 54 
104558	383701	320601	952	38965	 53 
103454	393134	320601	954	39062	 53 
104573	382374	320601	955	39498	 53 
104559	385341	320601	948	39013	 50 
104593	384600	320601	36	1131	 48 
104599	385794	320601	21	951	 43 
104571	383087	320601	950	38513	 41 
104598	382682	320601	31	911	 41 
104585	382028	320601	931	38783	 39 
104578	382097	320601	955	39395	 34 
104573	384285	320601	547	23566	 34 
104588	386290	320601	30	999	 31 
104597	383639	320601	30	892	 30 ***
104607	380466	320601	949	38932	 28 
104594	386361	320601	25	760	 21 
104595	385893	320601	32	947	 19 
103511	385204	320601	952	39394	 18 
104626	382058	320601	561	23696	 10 
104571	389870	320601	550	23972	 9 
104601	386465	320601	12	451	 8 
104024	383877	320601	955	39219	 5 
103551	385455	320601	950	39172	 4 
103433	387982	320601	955	39135	 2 
104569	384634	320601	951	39129	 1 

103829	388386	325011	954	39006	 100 
104820	386964	325011	953	38760	 100 
104850	386502	325011	33	955	 99 
104818	387219	325011	956	39391	 94 
104876	381980	325011	959	39376	 94 
104888	381848	325011	959	39366	 94 
104829	383977	325011	957	38751	 93 
104854	383692	325011	36	1253	 93 
104841	384847	325011	956	38267	 88 
104825	389257	325011	556	23282	 86 
104837	383739	325011	958	39210	 78 
104851	382531	325011	959	39353	 77 
104831	387083	325011	562	23189	 71 
104840	386718	325011	15	620	 64 
103797	385160	325011	959	39509	 63 
104905	381663	325011	954	39053	 60 
103640	385211	325011	965	39637	 56 
104852	383942	325011	37	1168	 54 
104292	383170	325011	962	39364	 50 
104826	385562	325011	955	39084	 47 
104813	387371	325011	953	39341	 46 
104847	383098	325011	44	1639	 46 
104821	387906	325011	951	38685	 37 
104830	387890	325011	49	1609	 37 
103715	389500	325011	954	39139	 32 
104843	383912	325011	951	39104	 32 
104821	386931	325011	956	39293	 22 
104829	386344	325011	952	39346	 18 
104853	384843	325011	32	1258	 17 
104917	380476	325011	963	39462	 16 
104857	383497	325011	31	1153	 16 ***
104837	386300	325011	36	1349	 13 
104827	385502	325011	958	39149	 11 
104245	392856	325011	953	39131	 9 
104847	385974	325011	35	968	 9 
104892	383078	325011	934	38744	 2 
104904	382888	325011	954	39108	 1 
103686	387733	325011	955	39440	 0 

103664	378403	322693	965	40374	 98 
104801	377212	322693	26	1234	 98 
104805	376796	322693	33	753	 87 ***
104781	374393	322693	959	40201	 82 
104791	377251	322693	955	39915	 79 
104774	374462	322693	964	40400	 79 
103623	379288	322693	959	39927	 79 
104796	378470	322693	21	439	 78 
104758	380744	322693	948	39711	 77 
104897	374214	322693	962	40249	 74 
103584	382910	322693	959	39909	 66 
104802	376636	322693	36	1251	 66 
104790	376696	322693	958	39583	 59 
104793	378693	322693	31	682	 58 
104027	378090	322693	956	40027	 54 
104796	377208	322693	40	1397	 54 
104777	374423	322693	963	40377	 49 
104772	381210	322693	947	39454	 49 
103611	381008	322693	959	39861	 48 
104776	376577	322693	961	40245	 43 
104798	377365	322693	38	1175	 43 
104796	382352	322693	28	484	 36 
104800	378269	322693	36	1011	 33 
104050	376908	322693	957	39944	 29 
104818	374348	322693	963	40325	 29 
104841	375175	322693	948	39563	 9 
104785	377002	322693	956	40322	 8 
103766	382938	322693	956	39705	 8 
104754	377864	322693	952	40089	 8 
103726	377933	322693	964	39908	 3 

104792	375378	324193	28	650	 100 
104782	379076	324193	28	995	 99 
103710	373915	324193	956	39482	 91 
103667	378762	324193	960	40098	 89 
104783	375245	324193	555	24088	 89 
103763	375632	324193	955	39984	 84 
104775	372104	324193	957	40218	 76 
104783	376356	324193	30	944	 76 
104787	373583	324193	30	892	 70 ***
103712	378626	324193	954	39582	 68 
104789	373309	324193	32	694	 64 
104856	372500	324193	952	40003	 63 
104780	376182	324193	32	971	 63 
104882	372191	324193	954	39599	 60 
104783	373773	324193	35	1196	 59 
104785	373423	324193	951	39812	 57 
104776	376713	324193	479	19728	 55 
104760	374918	324193	558	24087	 55 
104787	375693	324193	11	425	 52 
103780	376502	324193	951	39490	 47 
104781	375287	324193	33	955	 47 
104776	374764	324193	943	39837	 46 
103644	380412	324193	957	39665	 46 
104781	376385	324193	29	826	 46 
104784	376405	324193	26	743	 41 
104815	373277	324193	929	39474	 38 
104759	381528	324193	950	39356	 36 
104849	372805	324193	952	39494	 31 
104778	376385	324193	31	979	 30 
104816	372484	324193	954	39758	 28 
104779	371710	324193	956	39978	 27 
104771	373726	324193	955	39807	 25 
104817	373004	324193	953	39792	 15 
104795	372515	324193	955	39901	 15 
104797	375750	324193	6	442	 15 
104840	372480	324193	953	39432	 8 
104786	373319	324193	35	962	 8 
104231	375935	324193	954	39975	 4 

104794	371521	324690	954	39202	 89 
104787	372190	324690	26	743	 80 
103670	375015	324690	956	39740	 79 
104772	369181	324690	962	39846	 74 
104800	376884	324690	23	303	 68 
104795	368888	324690	31	922	 61 ***
104793	372027	324690	953	39936	 50 
103747	372877	324690	952	39677	 46 
104773	373340	324690	941	39429	 45 
104823	368608	324690	954	39681	 42 
104773	378056	324690	554	23378	 36 
104799	377528	324690	24	722	 30 
104771	374187	324690	933	39498	 28 
104759	371198	324690	962	39742	 26 
104801	377456	324690	22	692	 24 
104035	374572	324690	934	39134	 15 
104784	368770	324690	959	39848	 15 
104780	372535	324690	938	38859	 12 
104771	369988	324690	955	39701	 6 
103687	376659	324690	954	39659	 0 
104797	372933	324690	25	859	 0 

104891	372483	325842	961	40081	 97 
104873	375496	325842	962	40286	 96 
103785	380657	325842	958	39889	 92 
104867	373141	325842	967	40470	 91 
104864	374752	325842	966	40068	 90 
104904	376765	325842	27	683	 76 
104896	374066	325842	34	1208	 75 
104919	373033	325842	25	970	 73 
104903	374207	325842	31	1308	 71 
104982	371347	325842	961	40202	 69 
104905	373033	325842	27	1094	 68 
104941	371836	325842	962	39408	 66 
104956	371312	325842	966	40452	 64 
103730	377791	325842	967	40141	 64 
104894	372130	325842	963	40138	 63 
104928	372081	325842	963	40240	 53 
104306	375634	325842	960	39731	 49 
104966	372092	325842	959	39660	 45 
104910	376799	325842	24	428	 44 
104907	377866	325842	26	529	 42 
104910	377156	325842	26	972	 39 
103750	375718	325842	967	39375	 34 
104889	374481	325842	477	19820	 33 
103799	375721	325842	948	39693	 33 
104954	372689	325842	953	39417	 29 
104867	375616	325842	961	40141	 22 
104875	373727	325842	965	40215	 21 
104912	372777	325842	30	909	 18 
104948	371815	325842	965	39792	 17 
104927	372152	325842	960	39978	 16 
104892	379108	325842	470	19428	 16 
104379	373051	325842	968	39987	 9 
104912	373057	325842	8	52	 6 ***
104116	378098	325842	946	39221	 4 
104181	374318	325842	969	40317	 2 

104909	368835	326132	6	21	 100 ***
103841	372177	326132	961	40291	 95 
104901	370001	326132	29	951	 90 
104897	370604	326132	31	1140	 84 
103719	375470	326132	961	40428	 81 
104900	368716	326132	959	40279	 81 
103802	373648	326132	961	40231	 79 
104165	368753	326132	962	40086	 79 
104907	370607	326132	25	1075	 78 
104904	369738	326132	31	1244	 76 
103749	371565	326132	963	40061	 75 
104911	368786	326132	12	192	 67 
104929	367557	326132	966	40536	 59 
104886	369232	326132	960	40333	 57 
104966	368476	326132	941	39727	 56 
104888	369347	326132	959	40280	 55 
103860	375887	326132	959	39969	 49 
104930	367821	326132	958	40020	 46 
104995	368214	326132	937	39595	 45 
104900	368272	326132	967	40236	 42 
104879	372247	326132	959	40469	 41 
104887	373202	326132	554	23909	 41 
104124	370176	326132	965	40609	 40 
104981	367079	326132	960	40062	 39 
104941	367588	326132	961	40115	 37 
104899	371838	326132	27	875	 37 
104906	368969	326132	31	1151	 34 
104106	373291	326132	955	40030	 33 
104975	367543	326132	958	39680	 32 
103878	371126	326132	961	40195	 29 
104914	367619	326132	961	40340	 29 
104906	369382	326132	28	792	 29 
104924	368693	326132	959	40277	 28 
104906	372426	326132	24	711	 28 
104890	369058	326132	39	1582	 27 
104971	366925	326132	967	40668	 26 
104929	368660	326132	960	40244	 26 
104908	368880	326132	7	169	 25 
103721	373614	326132	962	40429	 21 
104904	370774	326132	28	888	 16 
104886	372814	326132	958	40242	 14 
104881	374338	326132	948	40177	 13 
104949	367653	326132	957	40110	 13 
104898	368897	326132	961	39896	 11 
104906	372427	326132	20	339	 7 
104932	367064	326132	963	40426	 6 
103868	376311	326132	956	40099	 2 

104740	364366	324971	964	40302	 98 
104767	365346	324971	960	39747	 97 
104831	362908	324971	958	39789	 96 
104759	366679	324971	957	39982	 93 
104835	363421	324971	957	39582	 81 
103709	369372	324971	957	39877	 68 
104767	364325	324971	961	39615	 67 
104759	366602	324971	960	39880	 56 
104763	364790	324971	961	40152	 55 
104767	367342	324971	40	1170	 55 
104764	371738	324971	955	39375	 48 
103747	368433	324971	959	39904	 46 
104766	369372	324971	939	39294	 44 
104759	365821	324971	957	39761	 41 
103733	364908	324971	961	39938	 41 
104766	367151	324971	954	40038	 40 
104774	363868	324971	43	1330	 39 
103730	368785	324971	956	39762	 28 
104781	363652	324971	15	412	 28 
104817	362743	324971	961	39996	 26 
104186	367754	324971	957	40179	 26 
104795	363294	324971	961	39884	 22 
104772	363934	324971	13	251	 22 ***
104769	363498	324971	957	39928	 21 
103641	369108	324971	964	39905	 18 
104771	366801	324971	43	1216	 14 
104777	363119	324971	967	40341	 13 
104769	367549	324971	38	974	 10 
104807	363186	324971	960	39889	 6 
103615	369051	324971	965	40191	 6 
104779	363902	324971	41	1012	 6 
104766	367980	324971	564	23827	 1 

104704	365637	324325	28	783	 100 
104708	365133	324325	22	515	 99 ***
104762	362319	324325	971	39750	 92 
104699	362795	324325	973	40041	 90 
104695	364018	324325	975	40335	 88 
104741	363527	324325	971	40155	 86 
104710	365964	324325	21	623	 84 
104755	363255	324325	951	39633	 80 
104782	361455	324325	972	40098	 79 
104702	365874	324325	26	531	 79 
104691	366745	324325	950	39450	 77 
104784	363721	324325	941	38799	 75 
104703	365008	324325	29	927	 73 
103626	369660	324325	972	40251	 68 
103739	364126	324325	974	40253	 64 
104696	365303	324325	969	40199	 63 
104707	363915	324325	34	878	 61 
104755	363219	324325	963	39936	 60 
104693	365405	324325	37	1194	 60 
104738	363770	324325	953	39418	 57 
104702	364345	324325	971	40056	 52 
104706	362128	324325	975	40000	 49 
104702	366047	324325	31	843	 49 
104708	364667	324325	29	828	 43 
104711	363782	324325	25	896	 39 
104676	365489	324325	967	39757	 33 
103575	366787	324325	974	40245	 32 
104711	364282	324325	27	886	 29 
103707	365899	324325	970	39877	 27 
104750	363078	324325	967	39679	 27 
104722	364666	324325	22	679	 25 
103554	371043	324325	973	40266	 24 
104702	363659	324325	970	39639	 23 
103676	365122	324325	971	39444	 22 
103673	366543	324325	956	39601	 18 
104703	364701	324325	967	39923	 18 
103997	365381	324325	968	39759	 18 
104771	362669	324325	970	39771	 16 
104761	362991	324325	942	39482	 15 
104747	363296	324325	969	40025	 15 
104728	363731	324325	969	40053	 13 
104746	363407	324325	963	39776	 11 
104755	362775	324325	966	39897	 9 
104706	364566	324325	36	1001	 7 
104746	363749	324325	968	39937	 5 
104709	364796	324325	27	796	 3 
104709	364134	324325	30	873	 2 
104711	365448	324325	16	220	 0 

104638	361248	325358	31	1295	 98 
103628	362820	325358	970	39902	 96 
104644	360125	325358	34	900	 93 
104723	357696	325358	967	39572	 85 
104118	361450	325358	959	39474	 82 
104608	360115	325358	960	39287	 82 
104643	361055	325358	30	780	 80 
104653	361619	325358	25	940	 74 
104645	360893	325358	32	902	 68 
104651	357268	325358	968	39895	 65 
104642	363408	325358	15	492	 65 
104683	358322	325358	963	38739	 64 
104643	361902	325358	9	69	 63 ***
104661	361300	325358	25	497	 62 
103880	359218	325358	967	39593	 59 
103581	365187	325358	963	39494	 57 
104644	361155	325358	29	1016	 54 
104644	358101	325358	968	39124	 51 
104645	360843	325358	28	764	 50 
104616	361570	325358	568	22654	 42 
103495	360253	325358	972	39888	 41 
104645	359092	325358	35	861	 40 
104091	363889	325358	965	39807	 33 
103517	362852	325358	969	39683	 32 
104670	358625	325358	966	39499	 30 
104614	360533	325358	957	38983	 30 
104683	358834	325358	954	39316	 24 
104639	360446	325358	36	882	 19 
104638	362174	325358	33	882	 16 
103658	359711	325358	970	39709	 7 
103504	363056	325358	966	39072	 4 
104619	359099	325358	948	39366	 1 

104831	413249	329073	35	1213	 97 
104835	415246	329073	21	690	 95 
103789	412433	329073	976	39915	 94 
104827	414314	329073	27	769	 94 
104824	414616	329073	24	661	 93 ***
104848	411032	329073	972	39794	 92 
104834	413314	329073	32	874	 91 
104800	415768	329073	967	39270	 90 
104906	410694	329073	967	39385	 79 
104829	413053	329073	39	1314	 78 
104822	414969	329073	30	797	 76 
104901	411532	329073	953	39111	 75 
104833	412151	329073	973	39900	 73 
104829	414706	329073	22	477	 72 
104826	412270	329073	968	39521	 70 
104826	414419	329073	956	39560	 70 
104830	413832	329073	36	795	 67 
104841	412199	329073	43	1448	 63 
103689	417782	329073	969	39809	 62 
103743	415496	329073	974	39951	 61 
104837	417551	329073	19	316	 61 
104840	416064	329073	19	313	 60 
104933	410202	329073	970	39806	 58 
104809	413492	329073	963	39358	 58 
104833	411516	329073	975	39974	 57 
104830	411555	329073	976	39975	 56 
104864	411208	329073	971	39713	 55 
104848	411387	329073	971	39430	 54 
104306	414906	329073	969	39802	 53 
104859	411887	329073	952	39603	 53 
104095	412885	329073	971	39713	 52 
103807	415444	329073	971	39681	 50 
104824	414531	329073	29	717	 49 
104829	413899	329073	26	390	 45 
104883	410775	329073	973	39808	 42 
104905	410366	329073	970	40003	 40 
104834	413039	329073	966	39378	 35 
104881	411136	329073	962	39683	 34 
104828	415308	329073	23	728	 34 
104835	413651	329073	25	768	 33 
104045	414603	329073	971	39841	 29 
103795	416569	329073	964	39596	 27 
104801	413160	329073	964	39923	 21 
104824	412650	329073	972	39943	 18 
104831	417211	329073	21	504	 17 
104817	417519	329073	957	39619	 15 
104812	411926	329073	976	39656	 13 
104836	411590	329073	955	39571	 13 
104885	411052	329073	959	39437	 12 
103817	414831	329073	972	39697	 9 
104835	414051	329073	23	695	 6 
103701	417027	329073	970	39967	 5 
104865	411169	329073	969	39345	 4 
104864	410911	329073	970	39862	 4 
104830	413765	329073	37	1103	 4 
104863	411322	329073	967	39517	 2 
104828	413202	329073	40	1027	 2 

103976	351967	325573	967	39436	 97 
104661	355586	325573	30	1123	 97 
104666	352921	325573	26	788	 94 
103559	354958	325573	961	39449	 93 
104675	349921	325573	942	38891	 81 
104651	352502	325573	962	39041	 76 
104657	351872	325573	960	39427	 76 
104666	356021	325573	24	740	 69 
104657	355610	325573	30	856	 67 
104658	352902	325573	943	38842	 66 
104677	349900	325573	956	38872	 60 
104646	356684	325573	946	39275	 58 
104666	353159	325573	30	948	 58 
104748	349618	325573	963	39686	 56 
104732	349866	325573	961	39096	 54 
104662	354649	325573	33	1215	 48 
104660	352748	325573	34	877	 46 
103928	353763	325573	956	39376	 43 
104666	353146	325573	23	735	 42 
104668	352687	325573	26	766	 40 
104705	349631	325573	962	38724	 38 
103651	354713	325573	962	39360	 38 
103520	355857	325573	966	39725	 38 
104669	351441	325573	24	729	 37 
104670	351506	325573	20	325	 35 ***
104669	355778	325573	21	465	 34 
104668	352475	325573	32	842	 25 
104704	349805	325573	962	39110	 24 
104652	352094	325573	960	39378	 20 
103538	356888	325573	963	39481	 19 
104661	351056	325573	39	1098	 18 
103652	353479	325573	957	38822	 17 
104123	356348	325573	954	39060	 15 
103511	358966	325573	963	39266	 15 
104666	355396	325573	25	636	 13 
104116	353087	325573	962	39453	 11 
103620	355485	325573	960	38791	 11 
104670	350713	325573	34	934	 6 
104663	353556	325573	27	1032	 1 

103521	346179	324511	964	39585	 99 
103647	348049	324511	958	38744	 97 
103544	347841	324511	962	39548	 93 
104681	344518	324511	26	1231	 90 
104749	342868	324511	955	39226	 89 
104152	343444	324511	958	38599	 89 
104737	342216	324511	959	39633	 78 
104757	342452	324511	958	39474	 76 
103656	348573	324511	954	39040	 69 
103658	346129	324511	954	39251	 63 
104683	347470	324511	16	484	 63 
104681	342914	324511	39	1202	 58 
104704	342716	324511	961	39139	 51 
104693	342851	324511	961	39539	 49 
104686	344027	324511	25	1502	 44 
104109	344126	324511	958	39443	 43 
104686	343656	324511	2	2	 43 ***
104676	345670	324511	22	681	 27 
103639	347517	324511	963	39446	 26 
104686	343714	324511	3	10	 20 
103538	347847	324511	959	39493	 19 
104683	342974	324511	37	1461	 19 
103947	348678	324511	953	38944	 18 
104720	342456	324511	960	39401	 18 
104676	345592	324511	19	564	 18 
103588	350126	324511	950	39183	 17 
104681	343010	324511	38	1140	 15 
104676	345244	324511	21	810	 14 
104715	342505	324511	960	39192	 13 
103652	347838	324511	956	39165	 9 
104649	347177	324511	588	23467	 7 
104675	345112	324511	28	818	 6 
103950	345157	324511	953	39464	 3 
103949	343705	324511	961	39135	 0 

104842	342635	324533	955	39619	 95 
104868	342703	324533	954	39066	 91 
103739	343465	324533	955	39243	 77 
104803	347359	324533	49	1827	 76 
104908	342429	324533	952	39194	 70 
104891	342467	324533	956	39520	 68 
104871	342502	324533	958	39701	 59 
103652	346015	324533	951	39414	 58 
104788	345140	324533	579	24314	 57 
104782	344085	324533	950	39093	 56 
104833	342609	324533	956	39630	 52 
104806	344434	324533	38	1405	 46 
104239	344474	324533	954	39655	 26 
104898	342617	324533	955	39639	 20 
103794	344782	324533	925	38567	 8 
104809	342721	324533	27	881	 4 ***
103692	345186	324533	958	39391	 3 
104817	345890	324533	17	245	 1 

103698	345615	324558	959	40184	 99 
104780	344868	324558	17	310	 96 
104776	343657	324558	41	1008	 89 
104254	344799	324558	952	39630	 87 
104765	345954	324558	567	23833	 86 
104772	343659	324558	29	868	 83 
103754	346965	324558	950	39383	 75 
103736	345384	324558	961	39983	 69 
104841	340839	324558	960	39820	 67 
104762	344601	324558	946	39021	 58 
103754	344032	324558	957	39850	 48 
104200	342399	324558	958	39744	 45 
104833	341590	324558	955	39895	 43 
104776	343190	324558	22	720	 41 ***
103653	346630	324558	956	39877	 36 
104766	345839	324558	566	23947	 29 
103645	345876	324558	957	39772	 28 
104784	342423	324558	38	930	 25 
104844	340783	324558	955	39789	 22 
104049	344041	324558	954	39492	 20 
104766	342164	324558	961	40165	 10 
103761	344706	324558	955	39995	 7 
104783	342884	324558	40	1189	 7 
104824	340796	324558	961	40258	 4 
104814	341691	324558	941	39694	 3 
104783	341779	324558	41	1208	 3 
103626	346548	324558	963	40221	 2 
104803	341177	324558	961	40178	 1 

104802	337000	325184	970	39968	 98 
103746	342056	325184	962	39997	 97 
104818	337819	325184	958	38685	 95 
103771	342089	325184	961	39936	 92 
104831	337189	325184	961	39975	 92 
104783	339452	325184	954	39819	 83 
103739	344646	325184	954	39258	 80 
103790	340875	325184	955	39323	 79 
104889	337290	325184	951	39746	 79 
104782	341221	325184	949	39718	 78 
104861	337730	325184	952	39481	 77 
104801	339916	325184	22	547	 77 
104874	337151	325184	964	39930	 76 
104866	337163	325184	964	39738	 76 
104789	337922	325184	23	632	 76 ***
103769	342365	325184	959	40007	 68 
103837	339584	325184	964	40071	 67 
104815	337286	325184	959	40014	 66 
104896	336942	325184	968	40013	 60 
103649	341596	325184	967	40117	 55 
104795	337561	325184	965	40149	 53 
104787	338362	325184	964	40037	 45 
104886	336895	325184	970	40014	 38 
104786	342600	325184	579	23808	 37 
103654	343944	325184	961	39992	 33 
104875	337629	325184	949	39583	 33 
104041	340227	325184	962	39917	 32 
104862	337183	325184	961	39915	 29 
103709	342135	325184	960	39757	 25 
104867	337191	325184	959	39721	 19 
104797	337884	325184	23	792	 19 
104800	340724	325184	22	458	 18 
104871	337162	325184	958	39713	 1 

104371	337244	326861	949	39848	 91 
104906	332885	326861	961	40105	 87 
103856	335471	326861	959	40005	 87 
103836	338149	326861	951	40283	 68 
103730	335950	326861	960	39984	 67 
104880	333332	326861	955	39875	 67 
104919	333263	326861	931	39655	 66 
104861	337529	326861	25	762	 65 
104892	333296	326861	960	40491	 64 
104947	332577	326861	934	39682	 60 
104919	332326	326861	962	40148	 53 
103760	335298	326861	966	40478	 52 
104943	332915	326861	958	39903	 52 
104861	334466	326861	2	5	 46 ***
102965	338362	326861	962	40145	 45 
104917	333203	326861	960	40325	 35 
104917	332644	326861	964	40048	 34 
104856	336591	326861	956	39739	 28 
104099	333891	326861	960	40269	 26 
104876	333834	326861	960	40017	 23 
103847	336924	326861	955	40047	 22 
104849	336019	326861	957	39888	 15 
104934	331989	326861	962	40269	 14 
104945	332856	326861	960	40030	 8 
104861	336829	326861	951	39550	 7 
104869	333844	326861	33	906	 7 

105122	335325	334865	36	1143	 100 
105197	332732	334865	960	40071	 97 
104084	335608	334865	965	40191	 94 
105158	333170	334865	958	40111	 92 
105145	333371	334865	963	40409	 89 
105110	335095	334865	956	40166	 86 
105183	332577	334865	966	40458	 83 
105107	336310	334865	582	25342	 83 
105115	335418	334865	28	1062	 79 
105212	332667	334865	959	39811	 78 
105135	333517	334865	956	40293	 76 
105114	335896	334865	20	510	 75 
105211	332704	334865	956	40261	 74 
105145	333265	334865	963	40255	 74 
105106	336603	334865	29	1026	 69 
105107	336902	334865	24	868	 65 
104335	339613	334865	956	40316	 64 
105112	334308	334865	965	40318	 63 
105180	333091	334865	968	40588	 63 
105114	335879	334865	26	782	 60 
105090	336357	334865	956	39979	 58 
104084	335555	334865	958	39731	 57 
105107	338034	334865	25	795	 54 
105163	333849	334865	955	40376	 53 
105128	334702	334865	932	39331	 52 
105107	336315	334865	13	227	 51 ***
105126	333915	334865	958	39646	 46 
104009	337212	334865	958	40264	 43 
105105	337405	334865	27	1036	 43 
105141	333958	334865	930	39335	 42 
105199	333623	334865	928	39029	 33 
105191	332653	334865	963	40513	 30 
105115	334250	334865	965	40269	 22 
105134	335034	334865	36	922	 22 
105187	333838	334865	949	40173	 21 
103970	337250	334865	963	40397	 19 
105186	334770	334865	929	39606	 17 
105107	337380	334865	28	854	 12 
105108	336275	334865	31	861	 11 
105200	333487	334865	957	40021	 10 
105115	334214	334865	955	39851	 1 
103972	339333	334865	958	40087	 1 

