#104478	434417	330645	0	0	 96 
#105576	427755	330645	0	0	 89 
#105682	426194	330645	0	0	 85 
#105044	431556	330645	0	0	 82 
#104425	436539	330645	0	0	 35 
#105626	426824	330645	0	0	 32 
#104445	435261	330645	0	0	 27 
#104592	432897	330645	0	0	 26 

105410	426260	331743	567	23866	 98 
105437	420420	331743	975	41294	 96 
105425	424171	331743	29	693	 96 
105398	425499	331743	961	41084	 85 
105414	423287	331743	956	41047	 77 
105427	424111	331743	26	509	 75 ***
104281	425059	331743	981	41132	 72 
105413	427870	331743	24	608	 71 
105414	425555	331743	29	766	 70 
105410	425184	331743	960	40994	 69 
105402	421537	331743	974	41137	 69 
105428	420970	331743	972	41366	 66 
104344	425359	331743	976	41707	 66 
105404	430820	331743	557	23628	 65 
105469	420717	331743	972	40941	 61 
105403	420600	331743	973	41336	 58 
105412	426708	331743	27	818	 56 
105419	421189	331743	954	40614	 55 
105495	419794	331743	977	41219	 54 
105433	419688	331743	979	41370	 54 
105397	425054	331743	969	41352	 53 
105449	420062	331743	974	41000	 48 
105437	429483	331743	22	615	 48 
105464	419875	331743	976	41465	 43 
104233	427519	331743	974	40996	 40 
105382	425786	331743	959	41154	 34 
105438	427820	331743	21	703	 34 
105379	427821	331743	558	23786	 26 
104273	426245	331743	972	41378	 22 
105422	424556	331743	28	749	 20 
105404	425344	331743	967	41046	 17 
105416	424723	331743	26	710	 13 
105413	424821	331743	33	954	 11 
105470	421062	331743	971	40798	 9 
104841	425656	331743	960	41307	 9 
105427	427953	331743	23	589	 9 
105422	425520	331743	25	623	 6 
104361	422390	331743	970	41380	 4 
105413	425953	331743	570	24667	 3 
105412	426539	331743	26	734	 0 

105269	417962	330379	977	41179	 98 
105308	420506	330379	22	467	 98 
105335	415816	330379	960	40759	 96 
105320	420667	330379	20	710	 93 
105293	416002	330379	977	41100	 90 
105282	417630	330379	976	41262	 90 
105308	418264	330379	28	644	 88 
105310	417371	330379	33	1037	 87 
105300	422268	330379	22	733	 86 
105322	423136	330379	17	274	 85 
105274	417895	330379	974	40930	 82 
105304	421397	330379	24	844	 81 
105370	412564	330379	978	41353	 80 
105331	413714	330379	976	41307	 80 
105307	418210	330379	29	901	 80 
105306	420940	330379	28	993	 79 
104112	422509	330379	977	41088	 78 
105279	416628	330379	982	41366	 77 
105314	416714	330379	542	23623	 67 
105342	416326	330379	951	40425	 65 
104244	419558	330379	968	40360	 64 
105299	417504	330379	31	1049	 64 
105322	415924	330379	970	41015	 62 
105304	422729	330379	18	276	 59 
105313	421083	330379	19	333	 54 
105287	419215	330379	971	41028	 53 
105288	419372	330379	970	41048	 52 
105354	414811	330379	970	40539	 51 
104108	422989	330379	974	40840	 46 
105294	415800	330379	977	41184	 46 
104148	422268	330379	975	40799	 45 
104232	418136	330379	982	41124	 42 
105300	417388	330379	30	1141	 41 
105293	418410	330379	970	40660	 38 
105276	417477	330379	977	41052	 38 
105248	420717	330379	959	40787	 38 
105303	422245	330379	19	444	 36 
105289	418819	330379	955	40119	 35 
105310	420320	330379	27	522	 30 
105312	417307	330379	34	1272	 27 
105320	416956	330379	26	978	 26 ***
105295	417331	330379	972	41269	 24 
105286	416877	330379	973	41002	 23 
105299	417033	330379	969	40858	 16 
105276	419919	330379	580	25005	 16 
105300	413988	330379	971	41020	 15 
104560	418258	330379	972	40588	 15 
105315	419828	330379	25	948	 14 
104138	423633	330379	972	41146	 10 
105289	419464	330379	961	40610	 10 
105242	420930	330379	956	40629	 10 
105251	422515	330379	563	24724	 7 
105306	416507	330379	965	40724	 5 

104992	409272	322844	960	40165	 99 
104413	413958	322844	964	40357	 97 
103851	414281	322844	969	40805	 96 
103895	412222	322844	967	40593	 93 
105043	409957	322844	948	39822	 93 
103990	412897	322844	966	40798	 92 
105083	405651	322844	971	40539	 84 
105046	406107	322844	966	40195	 84 
105112	405143	322844	965	40599	 83 
105041	410309	322844	33	1105	 80 
105107	406603	322844	962	40708	 79 
105019	407593	322844	968	40628	 78 
105032	413408	322844	33	1454	 75 
105029	407411	322844	961	40067	 69 
105011	408232	322844	968	40820	 68 
105035	407232	322844	971	40852	 67 
105032	411377	322844	34	871	 67 
105041	406062	322844	969	40486	 66 
105065	409142	322844	947	39721	 61 
105096	409710	322844	488	20421	 60 
105034	410443	322844	15	185	 58 ***
103850	412244	322844	970	40551	 50 
105065	409430	322844	950	39948	 49 
105041	410537	322844	14	148	 45 
103888	411425	322844	968	40758	 41 
104270	410008	322844	966	40718	 39 
105008	408754	322844	968	40209	 37 
105011	409685	322844	949	39991	 36 
105031	407042	322844	974	40994	 29 
105031	407170	322844	973	40785	 29 
105036	406774	322844	973	40619	 28 
105075	407289	322844	948	40098	 26 
105030	413780	322844	32	830	 25 
105062	410124	322844	943	39591	 24 
105060	406002	322844	975	40945	 23 
104012	415449	322844	961	40539	 19 
105061	406757	322844	965	40679	 14 
104991	409415	322844	968	40890	 10 
104009	408642	322844	970	40512	 3 
105000	413803	322844	568	25033	 1 

104885	398551	321079	952	39731	 100 
104856	399764	321079	960	39821	 98 
104866	398623	321079	951	39661	 93 
104833	398367	321079	962	39725	 90 
104803	403306	321079	960	39719	 85 
104900	396658	321079	963	39357	 84 
104855	402402	321079	34	724	 78 
104838	400224	321079	958	39984	 77 
104853	401667	321079	37	1006	 77 
104815	400746	321079	962	39846	 76 
104103	400544	321079	963	40005	 76 
104831	401249	321079	947	39593	 74 
104820	400770	321079	960	39421	 74 
103803	397518	321079	965	40131	 68 
104829	402279	321079	953	39788	 67 
104837	402935	321079	945	39235	 67 
104863	400114	321079	24	435	 67 
104838	401846	321079	561	23176	 60 
104823	402896	321079	956	39663	 59 
104072	400748	321079	961	39605	 59 
104854	404641	321079	34	468	 58 
104847	401780	321079	35	732	 50 
104794	404161	321079	958	39923	 42 
103720	407260	321079	963	39888	 41 
104838	398297	321079	961	39678	 40 
104871	397394	321079	964	39820	 39 
104812	402075	321079	957	39889	 37 
104866	398620	321079	960	39984	 36 
104822	403567	321079	552	22945	 33 
104865	399426	321079	954	39970	 32 
104862	399154	321079	957	39715	 30 
103688	405086	321079	966	40136	 28 
104823	402832	321079	953	39769	 26 
104873	399727	321079	950	39170	 22 
103799	406515	321079	963	39670	 21 
104858	398236	321079	963	39795	 20 
104876	397183	321079	960	39798	 19 
103709	398001	321079	966	40105	 15 
104819	403507	321079	955	39976	 15 
104899	397611	321079	959	39601	 14 
103796	405136	321079	965	40112	 13 
104847	396450	321079	966	39799	 12 
104839	400946	321079	943	39234	 11 
104856	400083	321079	25	517	 10 ***
104853	400924	321079	955	39751	 8 
103816	402423	321079	963	39667	 7 
104829	399837	321079	960	39707	 6 
104819	401090	321079	960	40231	 4 
104902	396355	321079	961	39289	 1 
104914	398208	321079	944	38893	 0 

104755	399731	321290	947	39461	 99 
104775	398287	321290	559	22784	 96 
103719	397422	321290	958	40159	 94 
104764	395800	321290	950	39457	 94 
103985	394961	321290	957	39911	 93 
104732	395197	321290	956	39888	 90 
103743	397676	321290	956	40174	 84 
104763	397837	321290	950	39865	 82 
104760	393979	321290	951	39920	 78 
103983	399731	321290	953	39826	 73 
104751	399896	321290	556	23821	 71 
104756	397918	321290	950	39855	 70 
104783	390574	321290	961	39610	 69 
104812	391839	321290	954	39835	 69 
104783	395706	321290	13	106	 69 
103763	396007	321290	954	39962	 67 
104756	392115	321290	954	39834	 65 
104775	397166	321290	33	1211	 64 
104754	394201	321290	954	40207	 63 
104741	402517	321290	950	39428	 63 
104781	396393	321290	31	655	 62 
104780	394011	321290	36	924	 60 
104752	394449	321290	958	40201	 54 
104758	397832	321290	951	39958	 50 
103759	397379	321290	954	39773	 45 
104763	398107	321290	947	39842	 43 
104744	398040	321290	950	39657	 40 
104768	400378	321290	539	23248	 36 
104770	398294	321290	35	1140	 34 
104785	393595	321290	33	975	 32 ***
104778	394826	321290	42	1263	 29 
104782	395765	321290	15	362	 28 
104785	393699	321290	33	1067	 25 
104756	393174	321290	952	39518	 23 
104737	396526	321290	952	40064	 22 
104812	392674	321290	932	39134	 22 
104733	395879	321290	955	40104	 21 
104776	395922	321290	32	873	 19 
104747	397982	321290	950	39380	 14 
104783	395241	321290	34	905	 14 
104746	395044	321290	953	40003	 13 
103614	402061	321290	952	39473	 13 
104778	395674	321290	37	1046	 12 
104794	393284	321290	926	38722	 9 
104767	392771	321290	936	39320	 6 
104786	393699	321290	31	944	 6 
104778	395816	321290	34	902	 2 
104777	399486	321290	28	842	 0 

104485	387716	318893	959	39597	 100 
104491	392518	318893	554	23285	 99 
104560	388662	318893	933	38707	 98 
104539	386025	318893	957	39266	 96 
104481	391857	318893	942	38323	 90 
104573	388362	318893	939	39015	 90 
103450	390545	318893	959	39375	 87 
104488	393014	318893	559	23494	 87 
104519	387300	318893	962	39620	 83 
104597	388350	318893	951	39157	 81 
103464	392775	318893	955	39392	 78 
104515	392019	318893	31	800	 78 
104522	387031	318893	960	39779	 75 
104495	390795	318893	950	39461	 75 
104539	386501	318893	958	39249	 75 
104493	387406	318893	962	39788	 72 
104560	388037	318893	953	39613	 68 
104516	391224	318893	26	856	 67 
104538	386523	318893	954	39137	 65 
104502	391737	318893	546	22949	 61 
104526	387569	318893	959	39591	 59 
103372	392098	318893	958	39326	 50 
104534	386534	318893	956	39764	 45 
104518	391048	318893	20	813	 40 
104580	387244	318893	952	38734	 39 
103343	391264	318893	959	39770	 36 
103753	388680	318893	953	39573	 36 
104523	388003	318893	956	39490	 35 
103501	391875	318893	956	39449	 31 
103704	390950	318893	952	39242	 31 
104521	388840	318893	17	280	 31 ***
104515	390608	318893	950	38643	 29 
104523	388209	318893	954	39379	 24 
104583	387226	318893	953	39079	 23 
104518	390335	318893	26	565	 20 
104509	388296	318893	958	39495	 18 
104518	390963	318893	19	547	 17 
104536	388323	318893	952	39578	 12 
104529	386937	318893	964	39674	 8 
104561	385330	318893	966	39841	 3 
104516	392351	318893	25	972	 2 

104617	380639	320601	957	39333	 99 
103554	388987	320601	947	38689	 97 
104586	385498	320601	34	696	 95 
104587	381718	320601	947	39118	 91 
104579	387042	320601	37	952	 91 
103433	391017	320601	950	39038	 87 
104575	387113	320601	33	915	 84 
103550	384595	320601	948	38486	 69 
103410	390486	320601	955	39198	 67 
104574	382109	320601	949	39275	 65 
104592	381243	320601	957	39529	 60 
104625	381888	320601	933	39006	 59 
104585	383482	320601	37	1106	 58 
104590	385299	320601	20	646	 57 
104573	383148	320601	932	38594	 54 
104590	381490	320601	946	38944	 52 
104583	382417	320601	948	39042	 48 
103504	385346	320601	948	38977	 40 
103569	386945	320601	947	39331	 40 
104616	380720	320601	944	38853	 27 
103990	385021	320601	944	38967	 25 
104580	385931	320601	36	929	 23 
103493	384604	320601	954	39013	 16 
104621	382580	320601	928	38323	 12 
104658	379484	320601	950	38837	 8 
104039	382854	320601	955	39381	 8 
104562	383274	320601	942	39110	 3 
104575	384629	320601	38	978	 3 
104012	388581	320601	942	38463	 2 
104582	383751	320601	35	954	 1 ***

104845	386120	325011	39	1444	 100 
104832	384218	325011	966	39628	 98 
104106	392504	325011	955	38966	 96 
104841	389032	325011	33	1159	 96 
104885	384297	325011	936	38598	 95 
104848	384836	325011	956	39318	 94 
103824	386247	325011	964	39487	 93 
104844	386961	325011	30	1132	 91 
104841	381925	325011	960	39212	 85 
104823	385386	325011	954	39271	 79 
104907	382098	325011	935	38480	 77 
104844	388203	325011	32	904	 77 
104830	389040	325011	33	1082	 76 
104841	382966	325011	957	39209	 73 
103785	388383	325011	959	39440	 68 
104114	386639	325011	959	39228	 67 
104841	388384	325011	33	1012	 62 
104824	391315	325011	547	22790	 58 
104840	385345	325011	40	1452	 57 ***
104876	384613	325011	931	38452	 56 
104259	386389	325011	950	38921	 50 
104906	385124	325011	925	38046	 49 
104854	386845	325011	34	960	 49 
103697	389657	325011	959	39521	 42 
104797	387471	325011	938	38883	 41 
104845	387891	325011	21	766	 39 
104822	385916	325011	960	39303	 37 
104814	386143	325011	958	38890	 37 
104072	386434	325011	962	39394	 35 
104834	388136	325011	36	1363	 31 
104839	389035	325011	33	1045	 30 
104786	388956	325011	584	24863	 29 
104840	387543	325011	34	1407	 25 
104843	390491	325011	27	1050	 21 
103733	388538	325011	961	39516	 18 
104912	381413	325011	955	38924	 17 
104823	386141	325011	959	38761	 14 
104838	391255	325011	32	1015	 10 
104882	382193	325011	957	39356	 9 
104859	382716	325011	952	38944	 7 
104794	384729	325011	961	39250	 5 
104844	388712	325011	26	627	 3 
104850	384459	325011	951	39285	 0 

104778	382606	322693	27	580	 94 
104766	378158	322693	954	39846	 89 
104772	380064	322693	560	23892	 88 
104201	378406	322693	949	39722	 85 
103766	380885	322693	952	39796	 83 
104772	380008	322693	936	39059	 77 
104784	380174	322693	31	710	 76 
104792	377614	322693	956	40123	 75 
104781	379803	322693	36	968	 74 
104772	377837	322693	959	40262	 72 
104778	381900	322693	30	748	 72 
104792	378996	322693	6	211	 68 
104803	375389	322693	940	39467	 67 
104753	376205	322693	960	40210	 65 
104857	376265	322693	939	39241	 63 
104785	378724	322693	7	645	 59 ***
104829	374098	322693	961	40054	 58 
104784	377874	322693	940	39435	 52 
104816	378075	322693	937	39516	 52 
104786	378669	322693	32	1153	 51 
103643	380884	322693	958	40057	 47 
103662	379513	322693	957	39929	 43 
104798	374918	322693	942	38913	 38 
104797	377491	322693	956	39685	 36 
104788	377738	322693	958	39932	 35 
103647	378797	322693	965	40098	 34 
104821	374861	322693	950	39464	 30 
103762	378537	322693	964	40336	 30 
104770	375272	322693	961	39873	 29 
104776	379347	322693	37	971	 29 
103650	378901	322693	962	39962	 25 
104762	378200	322693	958	40078	 24 
104821	377324	322693	934	39535	 17 
104084	378817	322693	953	39675	 15 
104064	379964	322693	951	40055	 15 
104787	378185	322693	33	1053	 13 
104784	379611	322693	27	410	 5 
103630	384671	322693	959	40227	 2 
104778	381936	322693	29	648	 0 

104813	372623	324193	955	39939	 97 
104770	377118	324193	27	408	 95 
104813	372953	324193	955	39916	 94 
104739	376148	324193	560	23970	 89 
104762	378590	324193	31	893	 86 
104758	378963	324193	31	679	 84 
104764	375981	324193	32	1020	 79 
104761	380769	324193	30	892	 77 
104811	373440	324193	951	40031	 75 
104812	371604	324193	960	40004	 75 
104200	376325	324193	956	39174	 72 
104819	371917	324193	955	40191	 71 
104789	374128	324193	928	39073	 70 
104841	373706	324193	928	38448	 66 
104833	372924	324193	954	39698	 63 
103722	380261	324193	952	39957	 63 
104763	375920	324193	948	40117	 63 
104760	381292	324193	28	775	 63 
104848	373179	324193	932	38987	 62 
104761	378103	324193	33	924	 61 
104241	372725	324193	957	39853	 59 
104827	374030	324193	932	39235	 55 
104763	376381	324193	31	921	 55 
104783	373869	324193	951	39793	 52 
104766	376479	324193	29	648	 52 
104810	372388	324193	961	40285	 46 
104771	375831	324193	30	892	 46 
104768	383230	324193	26	863	 43 
104734	380793	324193	554	23520	 42 
104768	376145	324193	30	881	 41 
104833	373756	324193	482	19806	 40 
104728	381144	324193	545	22929	 40 
104839	373176	324193	950	39593	 39 
104777	376090	324193	28	646	 38 
103719	380697	324193	957	40073	 36 
104764	378884	324193	28	869	 36 
104773	376136	324193	29	910	 35 
104765	377155	324193	29	884	 33 
103651	375990	324193	959	40132	 29 
103735	379639	324193	956	39387	 27 
104762	377195	324193	34	1015	 19 
104796	372955	324193	952	39662	 17 
104770	377474	324193	23	807	 14 
104774	374404	324193	950	39475	 12 
104766	374840	324193	31	1020	 12 
103637	376845	324193	960	39964	 9 
104219	374845	324193	950	39872	 9 
104765	377797	324193	27	751	 7 
104180	378682	324193	958	39871	 6 
104772	376402	324193	4	21	 2 ***

104757	369308	324690	959	39858	 99 
104752	373327	324690	954	39713	 96 
104775	372272	324690	954	39481	 94 
104794	371264	324690	956	39618	 92 
104766	379511	324690	554	24045	 92 
104794	368893	324690	956	39639	 87 
104842	369987	324690	932	38920	 85 
104782	376462	324690	20	444	 74 
104805	372068	324690	937	39273	 73 
104788	370374	324690	957	39592	 71 
104776	373741	324690	29	890	 64 
104028	379884	324690	952	39354	 62 
104778	374447	324690	27	404	 57 
104853	367704	324690	954	39834	 51 
104835	370482	324690	931	38676	 49 
104779	376014	324690	23	571	 49 
104843	367959	324690	959	40197	 46 
104772	375216	324690	29	1126	 46 
104842	369841	324690	952	39415	 43 
104783	372312	324690	27	816	 42 ***
104801	369743	324690	954	39628	 39 
104851	369516	324690	952	39661	 38 
104780	373688	324690	33	1081	 38 
104755	373068	324690	941	39452	 36 
104783	373323	324690	6	154	 35 
104781	372651	324690	30	914	 32 
104813	371465	324690	953	39419	 26 
104021	380470	324690	953	39624	 22 
104780	374003	324690	25	606	 14 
103685	371344	324690	955	39732	 13 
104782	371936	324690	951	39306	 13 
104822	371762	324690	951	39316	 12 
104759	373266	324690	559	23210	 12 
104249	375526	324690	953	39846	 11 
103645	375214	324690	965	39997	 10 
103627	375955	324690	956	39690	 10 
104757	375003	324690	555	23788	 8 
104825	371433	324690	934	39097	 5 
104763	372826	324690	557	24090	 5 
104749	377860	324690	566	24218	 4 
104817	371393	324690	952	39265	 1 

104908	375102	325842	12	207	 98 
103863	375724	325842	963	40296	 97 
104889	376666	325842	960	39808	 97 
104932	373462	325842	961	40046	 94 
104924	373833	325842	940	39408	 91 
104947	373520	325842	944	39530	 91 
104897	376082	325842	34	1096	 91 
104171	378265	325842	957	39886	 87 
104913	374033	325842	944	39420	 78 
103746	381018	325842	962	40169	 78 
104899	371150	325842	967	40417	 76 
103902	380768	325842	958	39839	 74 
104889	376844	325842	959	40093	 72 
104895	376649	325842	30	909	 71 
104901	376632	325842	30	961	 70 
104945	373314	325842	959	39506	 69 
104951	373799	325842	936	39285	 69 
103763	375751	325842	961	40255	 64 
104897	376522	325842	31	559	 64 
104906	374414	325842	956	39655	 62 
104901	375898	325842	959	39465	 59 
104900	379670	325842	26	779	 58 
104332	372733	325842	963	40196	 53 
104904	375234	325842	8	297	 53 ***
103741	372974	325842	965	40192	 52 
104941	372471	325842	961	39622	 49 
105006	371491	325842	936	38926	 44 
104906	374853	325842	29	894	 43 
104900	375960	325842	31	924	 42 
104339	375509	325842	961	40018	 37 
104921	373633	325842	961	40235	 35 
104874	372850	325842	962	40266	 34 
104911	371451	325842	963	39663	 32 
104936	373586	325842	960	40263	 31 
104884	378780	325842	945	39574	 30 
104926	373570	325842	961	39780	 29 
104891	376127	325842	960	39956	 25 
104883	377541	325842	960	39941	 22 
104961	371272	325842	962	40050	 18 
104989	372585	325842	959	39663	 17 
104973	373241	325842	959	39929	 13 
104886	377279	325842	958	40144	 10 
104899	377165	325842	28	646	 6 
104893	376699	325842	29	665	 0 

104883	371384	326132	943	39954	 100 
104900	371132	326132	10	276	 97 ***
104912	367189	326132	963	40504	 96 
104923	370792	326132	939	39477	 91 
104923	368631	326132	959	40274	 90 
103839	375064	326132	961	39935	 89 
104961	369993	326132	934	39313	 87 
104875	370059	326132	964	40595	 79 
104888	372602	326132	30	695	 79 
104866	368200	326132	967	40488	 77 
104897	372585	326132	28	886	 77 
104884	370127	326132	958	40259	 75 
103865	375458	326132	960	40003	 74 
104948	367849	326132	960	40100	 74 
104953	370030	326132	932	39130	 74 
104878	372109	326132	960	40030	 70 
104961	368768	326132	958	39544	 70 
103744	373950	326132	967	40354	 69 
104896	371143	326132	33	1176	 64 
103874	373056	326132	953	39985	 63 
104899	371632	326132	30	966	 62 
104936	368117	326132	959	40421	 61 
104896	372700	326132	27	646	 60 
104314	371445	326132	961	40167	 55 
103854	372249	326132	964	40431	 52 
104893	371158	326132	33	971	 52 
104947	370463	326132	937	39402	 49 
104895	372487	326132	29	894	 46 
104971	367758	326132	957	40352	 45 
104137	371791	326132	963	40225	 40 
104908	369229	326132	963	40482	 40 
104899	371123	326132	36	1090	 38 
104966	367154	326132	964	40300	 37 
104917	369099	326132	962	40345	 36 
104891	372932	326132	26	759	 36 
104946	368015	326132	962	40140	 31 
103873	373667	326132	960	39738	 31 
104886	369264	326132	956	40234	 26 
104957	369355	326132	935	39289	 23 
104944	369202	326132	957	40108	 22 
104852	370397	326132	963	40623	 18 
104917	370161	326132	954	40064	 16 
104955	369741	326132	948	39879	 12 
104947	369123	326132	957	40227	 11 
105016	368509	326132	937	39112	 10 
104954	369843	326132	936	39326	 8 
104907	368783	326132	964	40282	 8 
104892	372385	326132	35	694	 0 

104772	364156	324971	965	40282	 99 
104789	363779	324971	963	40275	 98 
104777	364291	324971	964	39854	 95 
104820	363388	324971	958	39978	 91 
104728	365890	324971	959	39702	 90 
104190	364214	324971	966	40326	 85 
104752	365549	324971	43	1414	 85 
104788	364155	324971	960	40131	 84 
104805	363676	324971	960	39732	 80 
104777	364324	324971	960	39828	 75 
104779	364154	324971	966	40269	 75 
104772	364399	324971	963	40145	 72 
104812	364047	324971	956	39936	 72 
104759	369787	324971	39	922	 71 
104824	363743	324971	942	39038	 69 
104781	363655	324971	964	40265	 65 
104254	367288	324971	944	39666	 63 
104815	363639	324971	958	39434	 58 
104847	362849	324971	964	40143	 57 
104794	364308	324971	958	40031	 56 
104756	365926	324971	41	1152	 52 
104784	363943	324971	962	40137	 51 
104762	367316	324971	38	925	 46 
104230	367614	324971	957	39842	 45 
104729	367914	324971	566	23833	 45 
104762	365053	324971	42	1181	 42 
104807	363710	324971	959	40113	 40 
104762	367701	324971	36	843	 40 
104764	364453	324971	16	237	 36 ***
103694	367213	324971	961	39280	 34 
104761	365188	324971	957	39914	 32 
103769	369598	324971	956	39545	 28 
104802	364441	324971	957	39607	 22 
103644	367455	324971	958	40163	 21 
104759	369904	324971	38	903	 19 
104759	367389	324971	37	873	 17 
104032	365343	324971	967	40356	 13 
104764	365733	324971	38	925	 13 
104804	363100	324971	961	40147	 11 
103708	371876	324971	957	39999	 8 
104226	369639	324971	948	39071	 0 

104706	364009	324325	20	627	 100 ***
104686	364470	324325	971	40119	 92 
104799	363620	324325	941	39500	 90 
103905	365386	324325	976	40179	 89 
104715	365068	324325	18	249	 86 
104699	364588	324325	23	626	 81 
103580	366413	324325	971	39912	 78 
103668	365698	324325	965	39501	 77 
104704	364428	324325	26	760	 71 
103573	367315	324325	970	39621	 70 
104691	363823	324325	968	39785	 69 
104677	368863	324325	579	23826	 69 
104700	365232	324325	22	574	 61 
104705	365566	324325	12	126	 58 
104783	363691	324325	945	39231	 53 
104752	362835	324325	969	40137	 52 
104703	365990	324325	14	131	 48 
104722	363115	324325	969	40108	 42 
104780	362564	324325	967	40092	 41 
104686	367062	324325	569	23846	 34 
104105	367918	324325	964	40219	 33 
104655	365482	324325	959	40039	 27 
104697	365748	324325	37	890	 27 
104759	361532	324325	972	40250	 26 
104740	363302	324325	966	40197	 23 
104693	363377	324325	952	39675	 22 
104757	363087	324325	965	39979	 22 
104148	364854	324325	975	40342	 12 
104704	365387	324325	13	126	 8 
104686	364743	324325	958	39113	 2 
104736	363068	324325	969	39611	 1 

103948	360089	325358	961	39364	 100 
104621	361293	325358	958	39147	 100 
104640	362708	325358	25	738	 98 
104719	358554	325358	947	38970	 94 
103613	364174	325358	965	39478	 89 
103634	361048	325358	970	39664	 86 
103608	363399	325358	968	39672	 86 
104712	358080	325358	970	39950	 86 
104687	358313	325358	973	39882	 85 
104663	358896	325358	967	39517	 83 
104635	360413	325358	40	1243	 83 
104646	358898	325358	967	39530	 79 
104644	360249	325358	27	768	 79 
104715	358829	325358	949	38731	 73 
104637	363874	325358	24	763	 73 
104645	359245	325358	18	366	 72 ***
104643	362037	325358	24	969	 67 
104695	358821	325358	965	39206	 64 
104640	363182	325358	24	730	 64 
104719	358045	325358	965	39069	 62 
104638	359482	325358	35	938	 62 
104625	361617	325358	568	22407	 60 
104692	358848	325358	963	39244	 59 
104621	359600	325358	969	39528	 57 
104712	358314	325358	961	39168	 55 
104637	361126	325358	33	1289	 51 
103841	362034	325358	967	39681	 49 
104635	359147	325358	969	39859	 47 
104665	358719	325358	969	39890	 46 
104639	361158	325358	31	788	 46 
104659	358870	325358	969	39668	 44 
104627	359937	325358	966	39411	 42 
104688	358785	325358	966	39766	 38 
103497	363698	325358	969	39905	 38 
104626	362839	325358	40	1168	 37 
103614	362885	325358	966	39526	 36 
104632	361453	325358	26	733	 35 
104643	362041	325358	23	726	 31 
104596	362642	325358	574	22694	 26 
104659	358710	325358	972	39685	 23 
103634	363980	325358	965	39283	 22 
104636	360774	325358	34	1121	 22 
104635	360654	325358	37	1030	 21 
103883	364354	325358	960	39581	 12 
104653	359173	325358	965	39476	 10 
104707	358835	325358	964	39688	 8 
104630	359224	325358	565	22393	 7 
104671	359035	325358	965	38947	 5 
104682	359209	325358	947	39095	 4 
103448	364281	325358	968	39697	 4 
104636	361425	325358	29	898	 2 

104820	414625	329073	29	800	 100 
103833	409950	329073	971	39302	 99 
104286	410739	329073	967	39511	 94 
104878	408346	329073	970	39640	 92 
104830	409284	329073	970	39622	 92 
104822	411858	329073	966	39498	 85 
104894	408914	329073	969	39533	 85 
103828	416071	329073	960	39074	 84 
104862	409941	329073	968	39280	 81 
103648	414981	329073	976	39719	 80 
104847	408641	329073	974	40035	 78 
104824	410080	329073	942	38988	 75 
104869	409620	329073	934	38534	 75 
103688	412228	329073	966	39439	 74 
104865	409185	329073	971	39736	 68 
104830	411151	329073	941	38917	 61 
103683	415811	329073	969	39506	 56 
104811	413419	329073	551	21652	 53 
104831	411485	329073	8	64	 49 
104816	409606	329073	971	39576	 43 
104862	410008	329073	968	39554	 41 
104827	412218	329073	21	380	 41 
104823	411911	329073	23	720	 39 ***
104793	415633	329073	577	22943	 38 
104859	409739	329073	969	39628	 32 
104845	410032	329073	944	38948	 24 
104799	412908	329073	563	22829	 19 
104301	414280	329073	955	38861	 18 
104770	412967	329073	581	23762	 16 
103712	415777	329073	965	39039	 13 
104826	411449	329073	32	842	 6 
104892	409260	329073	967	39355	 5 
104828	411870	329073	25	758	 3 
104875	409331	329073	967	39624	 2 
104806	412529	329073	964	39036	 0 

104668	353498	325573	25	865	 100 ***
104740	350588	325573	956	39320	 99 
104673	351360	325573	956	38922	 97 
104726	350047	325573	965	39685	 96 
104671	350720	325573	967	39707	 93 
104705	351597	325573	943	38200	 93 
104742	350582	325573	953	38967	 93 
104629	354559	325573	570	22517	 93 
104671	355674	325573	24	861	 90 
104671	354215	325573	12	350	 88 
104695	350534	325573	959	39619	 87 
103497	355118	325573	960	38976	 84 
104673	353012	325573	37	893	 78 
104702	351013	325573	958	39196	 72 
104715	350124	325573	960	39248	 70 
103708	354723	325573	961	39365	 70 
104668	351221	325573	963	38956	 68 
103934	352548	325573	962	39504	 67 
104655	352371	325573	950	38935	 59 
104701	350482	325573	960	39601	 53 
103496	356714	325573	963	39072	 52 
104720	350963	325573	949	39000	 50 
104740	349123	325573	968	39628	 46 
104661	355651	325573	27	879	 44 
104650	351950	325573	964	39585	 43 
104637	352862	325573	550	21824	 43 
103534	357804	325573	957	39280	 42 
104770	349706	325573	962	39262	 41 
104675	352923	325573	24	714	 36 
103705	352839	325573	963	39641	 32 
104733	350251	325573	957	39051	 32 
104667	356092	325573	24	743	 30 
103707	354059	325573	962	39504	 29 
104670	353102	325573	26	987	 27 
104672	350846	325573	964	39335	 26 
104676	352622	325573	31	798	 19 
104122	357866	325573	954	39069	 17 
104670	351081	325573	960	39436	 15 
103640	356846	325573	958	39283	 15 
104704	350425	325573	967	39579	 14 
104691	350537	325573	962	39347	 12 
104691	351042	325573	954	38768	 11 
103625	354089	325573	967	39567	 10 
104651	351234	325573	961	39256	 9 
104627	355613	325573	559	22382	 8 
103932	356276	325573	957	38936	 6 
104664	351755	325573	940	38596	 6 
103948	352036	325573	955	39257	 6 
103910	352788	325573	958	38861	 3 
104669	351986	325573	593	23730	 3 
104670	353444	325573	25	872	 0 

104702	342941	324511	944	38837	 98 
104687	343497	324511	27	893	 94 
103516	349966	324511	953	39433	 90 
103668	346282	324511	946	39051	 89 
104682	345607	324511	13	722	 83 
104686	343634	324511	960	38953	 81 
104753	342295	324511	957	39129	 79 
104683	345482	324511	8	541	 78 
103544	346531	324511	960	39312	 77 
104731	342666	324511	961	39442	 69 
103519	348529	324511	959	39211	 64 
104674	345266	324511	953	39218	 60 
104680	347297	324511	26	766	 60 
104718	342652	324511	962	39066	 53 
104686	344493	324511	36	856	 51 
103586	345045	324511	958	39092	 48 
104675	344479	324511	43	1202	 46 
103921	344914	324511	958	39249	 39 
104680	348298	324511	24	658	 38 
104750	342298	324511	961	39287	 37 
104683	344929	324511	22	401	 35 ***
104676	348587	324511	28	822	 31 
104716	342852	324511	959	39418	 22 
104735	342379	324511	961	39151	 21 
103588	342723	324511	961	39468	 18 
104665	347108	324511	579	23407	 15 
104658	343875	324511	954	38916	 13 
104680	347618	324511	25	758	 12 
104681	346141	324511	25	762	 10 
104746	342862	324511	956	38785	 7 

104825	345142	324533	33	928	 98 
104889	342074	324533	953	39285	 97 
104812	344505	324533	43	1300	 93 
104818	345541	324533	30	1369	 91 
104016	344412	324533	954	39175	 87 
104104	345120	324533	935	38509	 84 
104757	344450	324533	559	23021	 83 
104831	342600	324533	952	39331	 82 
104822	344786	324533	35	723	 78 
104791	344361	324533	952	39556	 70 
104812	345871	324533	14	410	 69 
104871	341746	324533	955	39354	 60 
103815	346258	324533	947	38923	 59 
104866	342507	324533	948	39109	 58 
104826	343670	324533	28	932	 54 ***
104824	343365	324533	43	1076	 49 
104808	344801	324533	39	1498	 48 
104813	345668	324533	32	960	 46 
104842	341940	324533	958	39564	 43 
104796	342810	324533	942	39150	 42 
104821	343896	324533	38	905	 41 
103776	348022	324533	951	39167	 32 
104854	342571	324533	953	39010	 26 
104899	342278	324533	951	39062	 25 
104808	345330	324533	37	1408	 24 
104816	344369	324533	38	1626	 23 
104811	346066	324533	31	849	 19 
104203	347786	324533	582	23239	 17 
103800	346102	324533	948	39440	 15 
104825	342835	324533	31	1231	 15 
103692	344658	324533	952	39515	 13 
104824	342771	324533	955	39587	 4 
103625	344866	324533	952	39562	 1 

103997	345444	324558	950	40005	 96 
104791	343385	324558	29	786	 96 
104779	345292	324558	38	1162	 89 
104776	342395	324558	963	40088	 87 
104826	340789	324558	955	39904	 84 
104889	341151	324558	954	39638	 82 
104851	342778	324558	944	39666	 79 
104858	341872	324558	954	40014	 78 
104798	341609	324558	955	40125	 78 
104797	343257	324558	41	1006	 73 
104791	342424	324558	957	39887	 71 
103619	343000	324558	962	40067	 70 
104801	343077	324558	951	39101	 69 
104780	343356	324558	36	1125	 64 
104813	342696	324558	954	39916	 63 
104794	343071	324558	952	40050	 60 
103752	347625	324558	954	39983	 58 
104785	343763	324558	23	728	 55 ***
104741	346342	324558	574	23897	 49 
104761	344842	324558	582	24407	 38 
103649	342579	324558	960	39865	 36 
104762	344619	324558	565	24832	 36 
104778	343333	324558	954	40069	 32 
104809	346236	324558	22	694	 30 
104830	343023	324558	945	39698	 29 
104797	342844	324558	953	39813	 27 
104793	343361	324558	27	781	 18 
104802	343105	324558	946	39387	 17 
104748	344265	324558	598	24699	 15 
104725	344959	324558	583	24252	 14 
104788	343387	324558	30	834	 12 
104783	343744	324558	24	737	 11 
103715	342663	324558	956	39655	 10 
104783	343741	324558	35	1165	 10 
104780	341898	324558	958	39791	 9 
104234	345032	324558	955	39895	 8 
104790	346991	324558	18	289	 8 
104834	341921	324558	953	39670	 7 
104812	341579	324558	963	40142	 4 
104830	342518	324558	946	39593	 2 

104816	338126	325184	31	816	 99 
103666	341920	325184	958	39675	 98 
104831	336749	325184	961	39928	 96 
104805	339764	325184	30	937	 91 
104813	337478	325184	963	40034	 88 
104809	340569	325184	19	836	 87 
103757	342243	325184	955	39457	 84 
104824	339982	325184	26	731	 84 
104768	340489	325184	563	23557	 78 
103767	341677	325184	948	39764	 77 
104823	337559	325184	957	39476	 73 
104844	337605	325184	955	39792	 71 
104820	337627	325184	32	872	 69 
104814	340148	325184	25	662	 54 
104875	336709	325184	963	40103	 51 
104807	342690	325184	26	715	 47 
104034	339200	325184	608	25877	 45 
104810	339179	325184	36	991	 44 
104808	340583	325184	7	104	 43 ***
104854	336968	325184	956	39628	 26 
103740	344936	325184	957	39819	 19 
104803	340063	325184	30	844	 19 
104796	338772	325184	962	39779	 18 
104809	337263	325184	965	39917	 16 
104818	340347	325184	23	868	 15 
103787	341187	325184	964	40040	 13 
104793	343105	325184	461	19402	 13 
103798	340203	325184	958	39316	 12 
104813	340355	325184	22	757	 8 
103823	339720	325184	963	40000	 7 
104804	337729	325184	955	39521	 5 
104849	337107	325184	460	19432	 2 
104811	337775	325184	37	1289	 0 

103851	335060	326861	958	39977	 97 
104842	339388	326861	582	24756	 93 
103742	337114	326861	959	40199	 91 
104879	336717	326861	23	949	 90 
103885	339653	326861	950	38980	 79 
103838	334955	326861	960	40464	 79 
104884	334108	326861	960	40375	 76 
104930	333316	326861	947	39978	 69 
104894	335855	326861	27	822	 67 
104890	333063	326861	957	40186	 59 
103729	336366	326861	964	40261	 53 
104849	336976	326861	571	24547	 51 
104886	333470	326861	31	868	 49 ***
104876	334794	326861	956	40144	 48 
104856	336441	326861	957	40393	 46 
104881	336508	326861	7	84	 45 
104871	334012	326861	966	40563	 38 
103848	334216	326861	962	40204	 37 
104336	336740	326861	954	40154	 35 
104848	334348	326861	958	39731	 34 
103833	340567	326861	957	40287	 34 
104888	336377	326861	25	762	 33 
104968	332973	326861	958	40199	 31 
104921	333011	326861	959	40203	 29 
104877	335624	326861	36	984	 22 
104877	336198	326861	29	951	 16 
104323	338481	326861	957	39990	 14 
103786	339293	326861	958	40334	 12 
104928	332479	326861	959	39991	 11 
104890	335999	326861	26	888	 11 
103751	335092	326861	963	40364	 10 
104863	336417	326861	579	24584	 4 

105189	333489	334865	938	39031	 98 
105118	336105	334865	960	40058	 96 
105115	336801	334865	958	39820	 96 
105128	338955	334865	28	875	 94 
104108	337607	334865	962	40106	 89 
104106	337373	334865	965	39883	 87 
104367	337566	334865	958	40076	 84 
105138	334223	334865	32	840	 83 
105228	333255	334865	956	39809	 81 
104394	338516	334865	941	39248	 81 
105150	333258	334865	961	40251	 81 
105131	336143	334865	16	593	 81 
104013	338111	334865	967	40582	 75 
105123	335424	334865	955	40180	 73 
105112	333517	334865	966	40593	 73 
105205	333366	334865	954	40128	 72 
104500	336152	334865	964	40306	 64 
105109	336788	334865	959	40289	 64 
105134	335127	334865	25	1006	 60 
105119	335640	334865	960	40099	 59 
104097	337269	334865	968	40522	 58 
105102	334158	334865	961	40087	 57 
105223	332896	334865	959	40159	 53 
105130	338242	334865	29	823	 50 
105178	332797	334865	961	40543	 49 
105156	333248	334865	962	40210	 49 
105130	334112	334865	33	1076	 48 
105164	333628	334865	930	39273	 46 
105118	334025	334865	964	40307	 44 
105174	333173	334865	962	40101	 44 
105144	334931	334865	21	697	 42 ***
105124	335326	334865	30	1016	 37 
105125	333282	334865	957	40261	 36 
104065	338084	334865	955	39932	 27 
105145	333366	334865	956	40319	 26 
104539	337271	334865	959	40077	 23 
105165	332992	334865	964	40606	 22 
105131	335976	334865	25	806	 22 
105124	335425	334865	32	1174	 20 
104115	336566	334865	960	40508	 17 
105120	336778	334865	948	39838	 15 
105133	337335	334865	14	258	 14 
105126	334226	334865	37	1190	 12 
105104	337745	334865	556	23148	 9 
105119	333317	334865	965	40301	 8 
105136	334960	334865	27	899	 4 
104064	340573	334865	957	39568	 3 
105136	334390	334865	32	1074	 3 
105107	336863	334865	593	24236	 1 
105137	332764	334865	965	40288	 0 

