#105661	426154	330645	0	0	 95 
#104439	435126	330645	0	0	 88 
#104474	432774	330645	0	0	 32 
#104594	430642	330645	0	0	 14 
#105590	426422	330645	0	0	 11 
#105680	426023	330645	0	0	 10 
#104432	437660	330645	0	0	 1 

105399	423497	331743	974	41288	 100 
105449	420206	331743	970	40798	 100 
105370	425369	331743	978	41234	 99 
105441	421158	331743	947	40830	 99 
105429	423216	331743	966	40483	 98 
105395	424660	331743	957	40798	 95 
105394	423775	331743	977	41266	 95 
105419	422566	331743	967	40547	 89 
104252	427427	331743	978	41549	 85 
105465	418809	331743	977	41073	 84 
105409	422201	331743	974	41647	 80 
105443	421939	331743	32	1029	 77 ***
104277	426271	331743	977	41417	 75 
104310	425501	331743	975	41330	 74 
105443	424832	331743	23	961	 74 
104231	428008	331743	971	41377	 70 
105423	425103	331743	560	24116	 69 
105383	430103	331743	970	40904	 68 
105419	418522	331743	978	41377	 64 
104412	420251	331743	980	41552	 61 
105368	426945	331743	974	41385	 60 
105424	424164	331743	953	40159	 59 
105410	421766	331743	972	41225	 58 
105492	419829	331743	952	40899	 57 
105397	423224	331743	978	41388	 54 
105418	421004	331743	969	41487	 51 
105441	423751	331743	31	1016	 51 
105449	422555	331743	31	1008	 50 
105431	422772	331743	32	1068	 49 
105414	426123	331743	951	40870	 47 
105442	429233	331743	26	1118	 47 
105377	423851	331743	971	40882	 45 
105394	428836	331743	967	40731	 41 
105401	423247	331743	976	41315	 40 
105443	425359	331743	30	1021	 40 
105406	424216	331743	969	41033	 39 
105444	424338	331743	28	1148	 37 
105447	420379	331743	975	40658	 36 
105450	420091	331743	972	41187	 36 
105409	427882	331743	953	40509	 30 
105406	422678	331743	978	41615	 29 
105425	425911	331743	493	21417	 25 
105412	423296	331743	968	41160	 23 
105449	423328	331743	14	664	 21 
105384	423276	331743	978	41585	 18 
105433	420550	331743	973	40837	 15 
105417	420510	331743	976	41618	 13 
104866	425114	331743	979	41336	 4 
105449	429063	331743	22	829	 4 
105441	428043	331743	31	927	 2 

105305	412160	330379	946	40253	 100 
105292	416165	330379	976	41246	 100 
105306	420454	330379	549	23107	 98 
105269	419322	330379	973	41239	 89 
105319	418403	330379	33	1032	 88 
104276	423151	330379	976	41060	 84 
105278	416467	330379	977	41244	 79 
105300	416258	330379	973	41277	 76 
105324	415834	330379	7	428	 76 ***
105303	415276	330379	977	41092	 74 
104253	424604	330379	977	40857	 74 
105264	420061	330379	972	40824	 68 
105288	415325	330379	978	41292	 61 
105287	416612	330379	968	41062	 58 
105277	418401	330379	975	41063	 58 
104129	417205	330379	978	41366	 51 
105267	419596	330379	972	40643	 47 
105286	418815	330379	966	40658	 36 
105296	421092	330379	950	40348	 32 
105305	418080	330379	958	39984	 31 
104277	421258	330379	976	40923	 31 
104530	419839	330379	973	41139	 12 
105260	420527	330379	955	39886	 11 
105284	419359	330379	952	40356	 9 
105258	420617	330379	971	40447	 9 
105279	416291	330379	970	40920	 9 
105320	418184	330379	25	981	 9 
105278	417453	330379	977	41160	 0 

105050	409923	322844	26	839	 97 
103831	413631	322844	973	40892	 96 
104997	411438	322844	948	40024	 93 
105040	407711	322844	33	832	 93 
105020	411917	322844	546	23142	 88 
105047	406517	322844	970	40657	 81 
105044	414691	322844	26	603	 79 
105037	407222	322844	35	1027	 78 
105047	410198	322844	20	459	 77 
105019	407824	322844	974	40796	 73 
105016	410488	322844	948	40280	 63 
105000	408527	322844	962	40304	 61 
105046	411987	322844	22	696	 59 
105050	410060	322844	25	706	 57 
105040	407694	322844	30	783	 55 ***
105041	408429	322844	27	963	 52 
104998	409489	322844	965	40682	 50 
104240	408664	322844	966	40519	 48 
103997	412276	322844	955	40606	 45 
104184	410534	322844	972	41011	 43 
105036	407480	322844	966	40854	 42 
105046	411132	322844	23	583	 41 
103945	411095	322844	970	40680	 37 
105100	407127	322844	968	40707	 35 
105036	405610	322844	974	40976	 32 
105040	408755	322844	31	1043	 28 
103907	415307	322844	965	40661	 26 
105048	413267	322844	18	618	 23 
105011	409659	322844	960	40475	 22 
104001	413880	322844	950	39895	 19 
105045	412006	322844	19	505	 19 
105041	408672	322844	29	979	 15 
104998	408441	322844	968	40135	 13 
105057	405408	322844	973	41028	 11 
105007	407973	322844	968	40432	 8 
104992	411037	322844	963	40770	 7 
105026	408892	322844	573	24593	 7 

104850	403386	321079	477	20517	 100 
104863	399975	321079	947	39350	 95 
104821	400234	321079	966	39749	 91 
104838	399644	321079	960	39724	 91 
104845	397459	321079	968	40233	 80 
104847	401796	321079	481	20174	 78 
104057	405811	321079	549	22541	 78 
103676	401647	321079	943	38710	 75 
104852	398786	321079	960	39809	 73 
104843	402614	321079	934	39512	 73 
104868	398990	321079	958	39452	 72 
104835	400851	321079	956	39412	 72 
104871	403305	321079	35	743	 71 
104885	401682	321079	28	517	 69 
104867	397051	321079	963	40103	 66 
104862	400034	321079	935	38967	 65 
104867	401022	321079	44	1259	 65 
104844	401597	321079	935	39366	 62 
104874	398521	321079	40	1015	 62 ***
103674	404558	321079	964	40101	 60 
104871	404063	321079	37	1049	 60 
104842	401756	321079	937	39284	 56 
104870	398676	321079	958	39892	 55 
104872	402672	321079	37	927	 54 
104268	401585	321079	951	39458	 53 
104876	403254	321079	32	660	 53 
104854	400672	321079	942	38809	 51 
104856	398751	321079	959	39557	 48 
104858	401651	321079	42	1311	 47 
104838	403764	321079	941	39674	 46 
104836	400793	321079	961	39691	 44 
104876	400560	321079	35	923	 44 
104836	400304	321079	961	39426	 43 
104869	397735	321079	961	39816	 42 
104827	398343	321079	962	39374	 40 
104843	400004	321079	958	39298	 37 
104858	400149	321079	957	39912	 37 
104840	402164	321079	939	39201	 36 
104877	402191	321079	29	515	 30 
104875	396514	321079	957	39895	 26 
104872	397946	321079	958	39308	 21 
104105	400855	321079	960	39882	 20 
104837	399977	321079	960	39524	 19 
103764	400668	321079	964	39604	 18 
104863	401203	321079	39	725	 18 
104851	400841	321079	941	39649	 17 
104807	400674	321079	963	39827	 14 
104036	404710	321079	554	23481	 14 
104870	404734	321079	38	965	 5 
104867	398071	321079	962	39745	 2 

103563	393415	321290	955	40135	 97 
104813	393044	321290	937	39557	 90 
104833	392497	321290	948	39805	 89 
104744	395313	321290	951	39784	 87 
104766	391663	321290	959	40240	 87 
104755	394228	321290	953	39421	 84 
104776	392650	321290	957	39493	 80 
104751	396436	321290	932	39628	 79 
104788	395972	321290	482	20552	 79 
104774	395042	321290	544	22969	 77 
104780	401329	321290	480	19842	 76 
104777	392155	321290	956	40079	 75 
104793	397838	321290	35	1471	 72 
104735	397098	321290	952	39933	 65 
104795	391479	321290	949	40147	 64 
104794	395054	321290	29	545	 56 
104793	392870	321290	954	39967	 54 
104797	396530	321290	28	1104	 54 
104772	392958	321290	951	39766	 52 
104856	393202	321290	921	39153	 51 
104770	394652	321290	937	39498	 50 
104752	394324	321290	952	39828	 47 
103643	394947	321290	954	39765	 43 
104798	393854	321290	32	917	 42 
104783	394678	321290	932	39209	 38 
103760	398401	321290	952	39842	 37 
104819	391433	321290	959	40047	 19 
103666	399113	321290	950	39661	 14 
104811	390957	321290	960	40212	 13 
104761	394316	321290	950	39689	 11 
104785	398335	321290	480	20555	 8 
104778	394328	321290	933	39753	 7 
104793	399012	321290	32	1029	 3 
104783	397623	321290	537	22779	 1 
104798	393269	321290	6	64	 0 ***

104528	387219	318893	956	39518	 96 
103543	390525	318893	953	39281	 95 
103506	392632	318893	960	39739	 92 
103469	394104	318893	953	39311	 91 
104557	390782	318893	19	529	 88 
103508	392372	318893	961	39734	 82 
104496	390096	318893	954	39276	 78 
104514	387244	318893	957	39053	 78 
103501	394008	318893	959	39161	 75 
104550	390663	318893	28	776	 75 
104544	391780	318893	28	776	 68 
104502	386586	318893	961	39642	 62 
104527	385101	318893	962	39347	 61 
103510	389289	318893	961	39828	 59 
104550	391393	318893	27	624	 58 
104555	391068	318893	22	561	 56 
104542	392065	318893	27	864	 46 
103458	394830	318893	955	39234	 45 
104542	384977	318893	952	39238	 40 
104491	392559	318893	946	39110	 40 
104546	391643	318893	19	290	 39 
104492	390917	318893	952	39478	 34 
103351	388487	318893	962	39757	 32 
104475	388197	318893	957	38924	 19 
104506	388706	318893	534	21861	 16 
104499	387590	318893	564	22352	 12 ***
104537	388170	318893	29	879	 11 
104492	390192	318893	956	39788	 9 
104537	387073	318893	947	39022	 7 
103455	394120	318893	957	39626	 7 
104517	385832	318893	962	39789	 0 

104612	381209	320601	950	39138	 95 
104565	384642	320601	14	124	 92 
104573	382353	320601	949	39231	 91 
103780	388604	320601	953	38667	 84 
104552	385717	320601	31	900	 84 
103831	387711	320601	952	39026	 81 
104558	384981	320601	32	927	 80 
104557	385487	320601	34	953	 77 
104560	384766	320601	30	797	 74 
104598	382077	320601	950	38542	 65 
104618	382456	320601	927	38612	 65 
104633	381930	320601	948	39208	 65 
104599	382145	320601	946	38936	 65 
104630	382417	320601	945	38934	 64 
104552	385499	320601	27	882	 62 
104010	386488	320601	948	39396	 60 
104596	382246	320601	947	39094	 56 
104649	380896	320601	948	38647	 55 
103564	390191	320601	950	38725	 48 
103841	387013	320601	949	38807	 46 
104594	381363	320601	951	38862	 41 
104610	381236	320601	953	39314	 41 
104551	383498	320601	36	818	 41 
103554	384523	320601	955	39114	 40 
103526	388785	320601	958	39477	 38 
103771	389849	320601	953	39274	 37 
104573	382329	320601	951	38670	 34 
104627	381144	320601	949	39171	 34 
104559	384886	320601	9	83	 32 ***
104593	382171	320601	949	39315	 28 
104560	383041	320601	29	770	 26 
104570	381859	320601	954	39207	 24 
104606	380988	320601	954	39008	 23 
103552	384991	320601	956	39445	 22 
104642	381404	320601	931	38417	 21 
104534	384770	320601	948	38619	 13 
103988	388807	320601	948	38999	 12 
104551	387598	320601	34	972	 11 
103537	387091	320601	955	39143	 10 
104049	382373	320601	950	39159	 9 
104595	381122	320601	954	39356	 8 
104580	382899	320601	946	38920	 4 
104564	384451	320601	18	312	 4 
104575	382979	320601	946	39191	 2 

104812	383476	325011	39	1636	 93 
104820	390856	325011	24	871	 92 
104803	389593	325011	953	39096	 91 
104810	385021	325011	957	38941	 83 
104803	387526	325011	950	38887	 79 
103781	387565	325011	956	39112	 75 
103825	392931	325011	954	39123	 74 
104815	385321	325011	32	1144	 70 
104832	382496	325011	32	1144	 63 ***
103691	389196	325011	958	39359	 62 
104822	383315	325011	33	1174	 59 
104820	386399	325011	28	659	 57 
104806	388293	325011	45	1787	 52 
104291	388611	325011	954	38938	 49 
104894	381644	325011	958	39418	 46 
104882	382215	325011	960	39333	 38 
104077	389668	325011	952	39060	 34 
104825	384179	325011	31	490	 32 
104104	385060	325011	958	39021	 22 
104822	384099	325011	34	1266	 22 
103799	385791	325011	958	39370	 18 
104814	388046	325011	30	918	 9 
104076	387088	325011	956	38956	 7 
104936	380865	325011	953	38719	 5 

104768	379592	322693	27	882	 98 
103632	384114	322693	963	39814	 97 
104766	378480	322693	954	40057	 92 
103712	378008	322693	964	40261	 90 
104048	382693	322693	956	40099	 90 
104754	381198	322693	957	40398	 87 
104776	378829	322693	21	528	 85 
104766	378337	322693	955	39634	 78 
104779	376171	322693	31	906	 78 
104776	376924	322693	965	40046	 77 
104787	376694	322693	29	661	 72 
104854	375334	322693	950	39658	 69 
104843	374476	322693	959	40304	 58 
103644	378638	322693	958	39944	 55 
104776	377690	322693	30	898	 55 
104808	375439	322693	955	39816	 51 
104783	375112	322693	958	39969	 51 
104782	377781	322693	29	768	 51 
104840	375613	322693	949	39644	 48 
104779	376062	322693	961	39948	 47 
104771	379269	322693	30	1059	 42 
104751	381807	322693	954	39557	 40 
104757	378539	322693	958	39714	 40 
104773	377636	322693	963	39999	 38 
104777	376701	322693	32	914	 38 
104771	378171	322693	26	734	 37 ***
104788	377153	322693	21	644	 36 
104807	374480	322693	957	38826	 34 
104779	379338	322693	18	411	 26 
104774	377624	322693	31	1044	 24 
104770	377761	322693	37	1508	 23 
104253	384049	322693	952	39627	 20 
104783	378330	322693	18	660	 14 
104779	378387	322693	25	708	 7 

104768	373812	324193	31	922	 99 
104767	373760	324193	34	1062	 94 
104814	372416	324193	954	39382	 93 
104755	374927	324193	29	1028	 88 
104763	373345	324193	952	39760	 83 
104811	372831	324193	956	39726	 82 
104796	373031	324193	956	40098	 81 
104766	377264	324193	28	766	 81 
103593	376287	324193	955	39326	 78 
104764	374253	324193	29	648	 78 ***
104868	371970	324193	935	39013	 76 
104811	372625	324193	959	40181	 68 
104767	377247	324193	25	739	 61 
104769	376879	324193	28	873	 59 
104832	373359	324193	937	39417	 55 
104845	371383	324193	958	39911	 52 
104774	376744	324193	27	518	 51 
104752	377306	324193	941	39860	 47 
103767	379583	324193	940	39023	 46 
104773	373684	324193	31	922	 45 
104188	376264	324193	952	39415	 41 
104817	373160	324193	945	39267	 34 
103741	382584	324193	954	39691	 24 
104820	372253	324193	948	39624	 15 
103608	376035	324193	957	40041	 13 
104753	373333	324193	959	39758	 10 
104776	373278	324193	953	40071	 8 
104763	377317	324193	25	859	 6 

104820	369434	324690	955	39923	 94 
104811	369181	324690	958	39879	 88 
104905	368301	324690	959	40154	 86 
104812	370491	324690	576	24748	 86 
104773	376848	324690	27	657	 85 
104240	371945	324690	963	39945	 83 
104845	370199	324690	935	39096	 82 
104771	370269	324690	959	39768	 76 
103637	372659	324690	942	39436	 75 
104811	369020	324690	963	39913	 73 
104783	369517	324690	963	40125	 71 
104861	368525	324690	938	39525	 68 
104844	368544	324690	963	39573	 66 
104768	373565	324690	28	768	 65 
104820	369904	324690	952	39430	 55 
103207	377779	324690	956	39662	 53 
104820	368698	324690	960	40008	 48 
104780	371914	324690	28	952	 44 
104773	370713	324690	31	922	 41 
104773	373621	324690	27	638	 39 
104775	372364	324690	8	122	 33 ***
104798	370059	324690	955	39582	 32 
104774	373443	324690	28	987	 26 
104206	372418	324690	960	39707	 25 
104823	369689	324690	950	39280	 17 
104843	368811	324690	959	39840	 15 
104807	370644	324690	953	39551	 4 
104780	369534	324690	957	39646	 0 

104975	371684	325842	960	39965	 100 
104888	374002	325842	28	543	 95 ***
104332	375324	325842	957	39872	 91 
104923	372020	325842	957	39876	 88 
104887	375229	325842	32	925	 72 
104899	373946	325842	29	901	 71 
104897	373750	325842	32	925	 65 
103724	377550	325842	961	40075	 59 
104967	371833	325842	962	39930	 46 
104892	373829	325842	35	1030	 42 
104895	372803	325842	962	40109	 40 
104166	374076	325842	965	39881	 35 
104892	373205	325842	35	1074	 28 
104937	372592	325842	956	38876	 27 
103873	376644	325842	957	39634	 24 
104898	373179	325842	32	940	 16 
104897	373205	325842	31	910	 12 
104892	374474	325842	10	302	 10 
104884	378102	325842	947	39553	 9 
103725	374689	325842	962	39983	 2 
104903	371759	325842	966	39667	 1 

104887	371802	326132	26	687	 100 
104333	372467	326132	958	40093	 96 
104903	369368	326132	27	882	 95 
103725	374612	326132	961	40183	 89 
103895	374036	326132	959	39947	 89 
104900	369865	326132	29	901	 89 
104887	369667	326132	31	939	 87 
104883	373839	326132	27	996	 86 
104937	368330	326132	959	40427	 85 
104339	371513	326132	960	40398	 85 
104887	371272	326132	27	878	 76 
104890	374419	326132	19	409	 65 
104867	371071	326132	958	39916	 64 
103882	375196	326132	959	40087	 60 
104956	368632	326132	958	40365	 58 
104881	370609	326132	28	702	 54 ***
104895	367808	326132	961	40357	 53 
103889	373623	326132	961	40612	 53 
104962	367900	326132	957	38860	 53 
104928	367299	326132	967	40339	 52 
104137	372038	326132	962	40074	 51 
104880	370884	326132	32	1190	 49 
104903	369179	326132	550	22968	 45 
104864	372794	326132	953	39611	 43 
104882	370137	326132	31	1014	 42 
104909	369114	326132	935	39717	 41 
104113	372253	326132	959	40366	 40 
104893	369628	326132	30	909	 40 
104892	370310	326132	27	860	 36 
104927	368065	326132	960	40018	 34 
105001	367204	326132	964	40405	 28 
104897	367796	326132	963	40548	 25 
104977	367816	326132	958	40245	 21 
104937	368990	326132	937	39486	 21 
104890	369146	326132	963	40428	 20 
104924	367759	326132	965	40595	 20 
104892	370659	326132	23	921	 19 
103754	372090	326132	962	40332	 15 
104915	368915	326132	960	40234	 14 
103872	369613	326132	963	40442	 10 
103740	371807	326132	964	40239	 10 
104891	370771	326132	26	520	 9 
104889	370211	326132	30	1016	 8 
104987	367829	326132	956	39823	 6 
104928	369043	326132	936	39522	 2 

104739	365342	324971	40	993	 94 
103733	367781	324971	963	39990	 83 
104740	365280	324971	42	1110	 75 
104734	365296	324971	561	23210	 71 
104193	366137	324971	957	40126	 65 
103582	369995	324971	960	39596	 63 
104745	364120	324971	963	39730	 56 
104749	365239	324971	959	39396	 53 
104796	362484	324971	958	39575	 49 
104745	366045	324971	35	692	 46 
104749	365677	324971	33	636	 42 
103959	368610	324971	959	39677	 35 
104751	363556	324971	36	895	 33 ***
103629	369202	324971	956	39872	 32 
104748	367919	324971	28	565	 26 
104793	363487	324971	961	40035	 20 
104792	363336	324971	965	40286	 20 
104734	364840	324971	968	40358	 19 
103744	367005	324971	965	40236	 17 
104750	367687	324971	26	749	 14 
103650	368089	324971	964	40065	 13 
103758	365218	324971	961	39852	 12 

104773	362449	324325	971	39542	 100 
104680	363347	324325	26	760	 100 
104687	365339	324325	21	448	 94 
103689	366004	324325	974	39958	 92 
104675	365734	324325	30	817	 92 
103657	365263	324325	976	40185	 90 
104681	363233	324325	24	734	 90 ***
104680	366545	324325	25	638	 89 
103563	366586	324325	966	39632	 88 
104766	361971	324325	973	39966	 86 
104795	362920	324325	932	39201	 81 
104689	364607	324325	16	453	 75 
104741	362675	324325	975	40268	 73 
104686	367503	324325	21	360	 70 
104676	363365	324325	32	866	 69 
104686	364464	324325	22	604	 68 
104670	363360	324325	971	39960	 67 
104753	361886	324325	974	40331	 60 
103649	366799	324325	965	40000	 59 
104673	366846	324325	45	1473	 57 
104754	362169	324325	972	40268	 56 
104677	364923	324325	27	775	 50 
104740	362559	324325	977	40444	 44 
104695	362974	324325	37	901	 43 
104679	364343	324325	30	908	 42 
104691	363663	324325	23	722	 41 
103682	366256	324325	971	39973	 32 
103697	365855	324325	971	40232	 24 
103534	367737	324325	967	39863	 22 
104767	361902	324325	973	39909	 19 
104178	366334	324325	970	39966	 18 
104681	366230	324325	23	722	 18 
103550	366758	324325	969	40177	 14 
104687	365095	324325	10	165	 12 
103723	363904	324325	971	40113	 9 
103587	366204	324325	972	40045	 7 
104674	364717	324325	584	24284	 3 
104713	362705	324325	968	40228	 0 

103609	361486	325358	969	39686	 96 
103615	361066	325358	964	39514	 87 
103494	365259	325358	968	39474	 81 
104613	362205	325358	30	817	 75 
103572	361615	325358	967	39887	 57 
104618	360113	325358	30	806	 56 
104125	360446	325358	957	39752	 54 
103509	362758	325358	969	39758	 52 
103887	362167	325358	963	39690	 49 
104619	359829	325358	967	39223	 46 
104679	357100	325358	963	39505	 40 
104614	361154	325358	27	886	 37 
104612	364563	325358	26	620	 34 
104614	363155	325358	18	339	 32 
104613	360371	325358	32	866	 26 
103892	363593	325358	955	39147	 23 
104619	358047	325358	24	736	 21 ***
104614	361725	325358	28	772	 19 
104618	360278	325358	28	824	 17 
103652	360058	325358	966	39548	 9 
104617	360556	325358	26	406	 4 

103814	414988	329073	971	39712	 97 
103705	415385	329073	971	39540	 89 
104808	411718	329073	22	661	 87 ***
104293	413990	329073	962	39386	 83 
104802	414346	329073	21	336	 73 
104857	410357	329073	975	40023	 68 
104818	412458	329073	20	568	 62 
104862	411002	329073	970	39873	 60 
103777	417477	329073	968	39807	 58 
104064	413131	329073	973	39689	 58 
104890	410706	329073	970	39670	 56 
104255	414686	329073	969	38990	 48 
104882	410812	329073	972	39540	 47 
104801	414433	329073	19	804	 46 
104811	413100	329073	13	230	 42 
103836	417460	329073	967	39343	 41 
103786	413645	329073	974	39945	 39 
103647	418680	329073	970	39948	 38 
104283	419271	329073	961	39359	 36 
104793	412664	329073	29	1029	 28 
104789	411311	329073	30	1130	 18 
104874	410956	329073	972	39895	 16 
104802	411174	329073	25	765	 15 
104916	410593	329073	972	39993	 14 
103786	417755	329073	966	38775	 13 
104857	410765	329073	975	39831	 13 
103739	415288	329073	970	39404	 13 
104822	411103	329073	976	39847	 12 
104788	412669	329073	22	1189	 9 
104795	412168	329073	22	842	 1 

103653	354523	325573	962	39539	 97 
104749	349901	325573	961	39066	 96 
104692	349928	325573	966	39190	 94 
104662	354512	325573	21	598	 93 
103900	356181	325573	957	39011	 90 
103858	357741	325573	960	39485	 89 
103871	354347	325573	958	38868	 82 
104742	350068	325573	959	39401	 74 
104761	350031	325573	955	38938	 73 
103543	351392	325573	964	39207	 69 
104685	349397	325573	967	39597	 67 
104708	350172	325573	960	39198	 57 
104643	352415	325573	25	876	 55 ***
103915	358268	325573	956	38930	 39 
103640	352139	325573	963	38798	 37 
104647	351527	325573	22	945	 37 
104774	349536	325573	966	39513	 32 
104691	349986	325573	965	39353	 28 
104728	349844	325573	964	39487	 23 
104643	353023	325573	30	1085	 21 
103919	352667	325573	956	39219	 20 
104646	351382	325573	35	1176	 19 
104648	350220	325573	36	1539	 13 
103537	358859	325573	967	39471	 12 
104649	350249	325573	34	1117	 10 
104692	350112	325573	963	39430	 6 

103659	347361	324511	954	39056	 100 
104715	341677	324511	957	39365	 100 
104707	342171	324511	955	39135	 100 
104654	342277	324511	31	1353	 99 
103908	344388	324511	958	38813	 90 
104649	343866	324511	20	619	 88 ***
103612	349273	324511	959	39283	 86 
103676	346561	324511	954	39217	 82 
104651	347181	324511	15	646	 79 
103665	347076	324511	961	39016	 74 
103647	347816	324511	957	39168	 66 
103669	344916	324511	960	39408	 58 
103574	346622	324511	964	39508	 52 
104705	342132	324511	962	38745	 46 
103672	345794	324511	955	39097	 45 
103639	343947	324511	962	39224	 40 
103566	346712	324511	964	39511	 33 
104654	345000	324511	7	585	 33 
104660	342204	324511	25	876	 31 
103563	350919	324511	958	39202	 29 
104654	346985	324511	16	297	 26 
104123	343924	324511	965	39597	 14 
104652	344232	324511	18	909	 13 
104703	341857	324511	963	39265	 9 
104054	348090	324511	554	22212	 8 
104648	344284	324511	27	803	 4 

104051	347030	324533	945	38834	 100 
103693	346424	324533	952	39069	 94 
103656	348092	324533	954	39185	 91 
104802	343151	324533	32	925	 83 
104864	342600	324533	949	39416	 82 
104809	342591	324533	954	39291	 81 
104882	342561	324533	949	39243	 80 
104865	341760	324533	952	39499	 79 
103672	345383	324533	953	39276	 76 
104909	341728	324533	956	39511	 76 
104885	342682	324533	939	39230	 75 
104296	346168	324533	949	39521	 71 
104789	343508	324533	25	758	 70 
103805	346815	324533	949	39058	 69 
104779	343805	324533	26	763	 69 
104785	343289	324533	38	1163	 67 
103795	346901	324533	951	39348	 55 
104796	343186	324533	35	1128	 52 
104840	342630	324533	945	39194	 51 
104808	342740	324533	954	39382	 49 
104832	342723	324533	947	39134	 48 
104806	343102	324533	956	39297	 48 
103826	347867	324533	944	39423	 48 
103793	344116	324533	958	39770	 44 
104849	342841	324533	933	38826	 38 
104773	345991	324533	30	926	 38 
104846	342521	324533	951	38987	 34 
104894	342427	324533	951	39078	 30 
104782	343902	324533	25	755	 30 ***
104789	344252	324533	24	750	 22 
104830	342143	324533	956	39401	 18 
104786	345353	324533	12	1003	 17 
104817	342404	324533	956	39613	 7 
104776	344154	324533	36	1117	 7 
104818	342328	324533	953	39689	 1 
104786	343203	324533	35	881	 0 

104741	345337	324558	31	850	 97 
104046	343823	324558	960	40299	 90 
104807	341673	324558	963	40055	 88 
103740	344318	324558	961	40148	 85 
103747	344452	324558	950	40182	 65 
104744	344060	324558	30	816	 62 
104749	341820	324558	32	536	 61 ***
104845	341316	324558	953	39881	 52 
104745	342879	324558	28	767	 52 
104760	342929	324558	23	411	 50 
103641	344597	324558	954	39818	 46 
104831	340714	324558	962	40210	 46 
104751	345163	324558	15	201	 38 
104750	342335	324558	25	797	 37 
104751	343604	324558	24	389	 35 
104749	343192	324558	26	748	 30 
103638	346331	324558	964	40036	 25 
104746	342625	324558	31	1277	 22 
104752	342843	324558	24	710	 18 
104820	340905	324558	957	39997	 12 
103707	343306	324558	962	40246	 10 
104743	343922	324558	959	40187	 9 
104749	342626	324558	28	797	 2 

103828	341535	325184	959	39304	 98 
103722	340025	325184	964	39595	 93 
104786	339307	325184	23	536	 92 
104854	337363	325184	957	39576	 78 
104764	339463	325184	17	556	 74 ***
104773	338401	325184	26	880	 72 
104895	336471	325184	967	40113	 69 
104234	339831	325184	963	40050	 66 
104837	337184	325184	961	39950	 60 
104833	337254	325184	960	39325	 55 
104770	337895	325184	30	1196	 55 
103655	340394	325184	962	39600	 52 
103653	342878	325184	960	39764	 52 
103704	341684	325184	942	39111	 47 
104838	336559	325184	960	39962	 41 
104773	339342	325184	23	750	 31 
104769	338659	325184	25	998	 22 
104865	336794	325184	955	39720	 21 
104772	337432	325184	36	920	 20 
104768	338272	325184	28	887	 18 
104855	337168	325184	958	39698	 16 
104762	340067	325184	32	965	 14 
104240	338575	325184	962	39601	 13 
104223	338650	325184	965	40060	 11 
103788	339191	325184	966	40127	 8 
103627	345503	325184	964	40114	 0 

103817	337717	326861	956	39996	 100 
104838	335968	326861	23	787	 100 
104837	337551	326861	23	955	 99 
104837	337449	326861	23	772	 93 
104838	335060	326861	25	784	 87 
103877	335006	326861	952	39734	 86 
104843	334786	326861	24	662	 76 
104847	332382	326861	27	826	 75 
104837	334810	326861	27	814	 68 
104839	336452	326861	20	380	 53 
103702	336535	326861	961	40388	 51 
104833	336861	326861	27	803	 51 
104838	336094	326861	23	522	 47 ***
104841	332485	326861	25	758	 44 
103823	336038	326861	963	40188	 38 
104837	336622	326861	23	658	 33 
104840	336197	326861	19	494	 29 
104842	334889	326861	22	757	 18 
104844	338317	326861	13	254	 11 
104139	334075	326861	962	40135	 2 

104049	337185	334865	964	40303	 100 
105158	333439	334865	943	39657	 100 
105128	333271	334865	962	40041	 98 
105084	338270	334865	14	421	 96 
105079	334321	334865	33	887	 91 
104038	337396	334865	957	40177	 86 
105143	333085	334865	963	40234	 81 
105082	337070	334865	24	761	 81 
105180	332566	334865	958	39941	 80 
105150	332981	334865	961	39789	 74 
104553	334966	334865	957	40290	 73 
105076	337259	334865	27	1021	 69 
105158	332903	334865	961	40160	 66 
105160	332588	334865	944	39837	 64 
105084	335689	334865	17	799	 64 
105106	333579	334865	958	40211	 60 
104111	336556	334865	957	40051	 58 
104003	337948	334865	954	39882	 58 
105160	333385	334865	957	40176	 52 
105085	334760	334865	25	769	 45 
105077	334764	334865	33	1282	 44 
105143	333613	334865	954	39665	 32 
105084	336364	334865	16	739	 32 
105071	335084	334865	28	1051	 31 
104408	334741	334865	960	40394	 29 
105079	333993	334865	34	962	 22 
105087	334024	334865	16	500	 18 ***
105133	333484	334865	956	39640	 17 
105087	337024	334865	11	342	 7 

