#105589	427083	330645	0	0	 59 
#105609	425806	330645	0	0	 55 
#104592	431555	330645	0	0	 46 
#104524	438706	330645	0	0	 39 
#104556	432119	330645	0	0	 26 
#105569	430655	330645	0	0	 20 
#104552	432641	330645	0	0	 18 
#105588	430367	330645	0	0	 9 

105396	421279	331743	977	41358	 99 
105429	420261	331743	976	41344	 98 
105408	425674	331743	24	457	 97 
104847	429252	331743	971	41047	 90 
105379	423654	331743	970	41080	 89 
104259	424792	331743	978	41688	 85 
105411	422979	331743	973	41371	 84 
105406	423418	331743	969	40552	 83 
104389	423434	331743	977	41492	 82 
105370	425019	331743	968	40105	 82 
105413	420684	331743	979	41695	 77 
105412	421334	331743	970	40871	 75 
105381	426495	331743	568	24329	 74 
105476	418740	331743	973	41156	 71 
104877	423007	331743	974	41229	 69 
105434	419158	331743	980	41320	 65 
105386	423221	331743	970	40703	 64 
105462	419616	331743	975	41161	 63 
105419	420355	331743	978	41659	 57 
105406	423572	331743	35	846	 56 
105393	425463	331743	491	21185	 55 
105437	419620	331743	971	40965	 54 
105436	420524	331743	974	41525	 53 
105412	422470	331743	26	505	 52 ***
104819	429069	331743	973	40952	 47 
105405	426926	331743	35	1363	 45 
104265	425766	331743	976	41419	 36 
105387	428610	331743	559	24040	 34 
105407	424984	331743	32	1029	 28 
105403	423483	331743	967	41470	 26 
105411	423058	331743	31	1040	 25 
105415	421195	331743	975	41154	 20 
104289	429464	331743	975	41536	 19 
105414	421606	331743	33	1262	 15 
104362	429700	331743	974	40763	 12 
105413	426063	331743	23	466	 10 
105408	423112	331743	34	1091	 5 
105401	425191	331743	41	1592	 3 
105522	417914	331743	976	41321	 1 

105287	420554	330379	12	126	 98 ***
105292	415523	330379	975	41159	 97 
105293	418828	330379	29	1102	 96 
105275	418714	330379	971	40915	 91 
104718	422971	330379	966	40352	 90 
105287	416869	330379	35	1178	 88 
104456	420749	330379	969	40589	 86 
105286	417220	330379	30	903	 85 
105311	415102	330379	971	40347	 70 
104140	418967	330379	972	40951	 70 
105309	414830	330379	973	41101	 64 
105292	419620	330379	27	764	 64 
105340	415769	330379	953	40206	 63 
105270	417068	330379	974	40939	 63 
105286	420776	330379	26	717	 63 
105295	418988	330379	24	768	 60 
105302	418854	330379	24	848	 49 
105311	414016	330379	981	41257	 48 
105299	420108	330379	22	574	 48 
105262	420322	330379	485	20784	 46 
105287	416967	330379	30	905	 42 
105294	418047	330379	27	843	 39 
105290	419504	330379	28	1289	 37 
105248	418748	330379	972	40970	 28 
105298	419379	330379	23	816	 28 
105283	416244	330379	975	40677	 27 
105289	420386	330379	27	869	 24 
105282	419971	330379	958	40614	 18 
105324	416678	330379	969	40839	 13 
104264	418510	330379	974	40891	 12 
105277	417398	330379	971	40738	 9 
104280	421169	330379	970	40685	 8 
104717	418086	330379	978	41363	 5 
105324	412574	330379	974	40436	 1 
105371	414159	330379	973	41050	 1 

105018	409806	322844	32	1042	 98 
105032	406844	322844	973	40817	 97 
105025	407587	322844	971	40908	 90 
105043	406598	322844	978	41005	 90 
105024	411561	322844	31	1038	 90 
105006	408576	322844	969	40826	 86 
105021	409037	322844	33	1050	 85 ***
105033	407425	322844	971	40662	 75 
105005	410870	322844	967	40263	 72 
105014	412130	322844	22	272	 70 
105013	413324	322844	31	1038	 68 
103891	413772	322844	970	40656	 66 
105013	409768	322844	965	40189	 66 
105012	409701	322844	968	40334	 65 
104011	412771	322844	965	40411	 61 
105060	406332	322844	970	40738	 60 
105004	408821	322844	973	41032	 58 
104267	409645	322844	977	41066	 57 
105008	411960	322844	965	40478	 53 
105102	407580	322844	945	39649	 53 
105021	409351	322844	965	40090	 51 
105055	406335	322844	968	40336	 50 
103876	413259	322844	972	40654	 49 
105024	407915	322844	969	40735	 48 
105058	406403	322844	966	40389	 47 
104411	410295	322844	974	40881	 47 
105042	408783	322844	961	40406	 44 
105013	410192	322844	964	40695	 42 
103994	414821	322844	965	40703	 40 
104990	410071	322844	973	40842	 38 
104275	414407	322844	963	40348	 37 
104447	412054	322844	968	39947	 32 
105006	413115	322844	569	24573	 27 
105034	408899	322844	954	40198	 26 
103978	414935	322844	955	40374	 26 
104992	409277	322844	970	40773	 24 
105011	411664	322844	35	1305	 24 
105030	407724	322844	965	40372	 23 
105023	409022	322844	36	1172	 23 
103990	413153	322844	969	40876	 21 
105009	411424	322844	964	40509	 20 
105015	411576	322844	24	291	 19 
103982	414003	322844	967	39957	 18 
104227	412199	322844	966	40889	 18 
105012	411826	322844	34	871	 16 
105002	412320	322844	963	40021	 15 
105002	410042	322844	968	40401	 13 
104989	413260	322844	962	40323	 13 
105069	405742	322844	969	40475	 13 
105092	404308	322844	972	40824	 11 
105051	408121	322844	952	40260	 11 
104283	411111	322844	970	40627	 10 
105014	412704	322844	23	542	 7 
105013	410460	322844	32	1042	 4 
105055	408076	322844	952	40332	 2 

103818	405679	321079	959	39683	 99 
104876	397480	321079	956	39371	 97 
104108	403748	321079	959	39793	 92 
104838	400893	321079	32	578	 92 
104815	398472	321079	965	39663	 90 
104829	401643	321079	944	39739	 89 
104840	401678	321079	14	224	 89 
104864	398683	321079	941	39457	 88 
104811	399714	321079	958	39392	 86 
104909	399274	321079	937	39597	 83 
104829	403115	321079	44	1130	 81 
103715	400512	321079	960	39893	 78 
104832	403591	321079	34	906	 77 
104824	402709	321079	956	39905	 76 
104885	396392	321079	962	39980	 72 
104836	399963	321079	35	1097	 67 
103700	403065	321079	961	39828	 61 
104862	397660	321079	963	39483	 60 
104829	403397	321079	941	38854	 58 
104895	396163	321079	959	39775	 55 
104831	399724	321079	40	1083	 49 
104816	399667	321079	958	39508	 46 
104860	398231	321079	942	39391	 43 
104880	397175	321079	964	40209	 35 
104852	399191	321079	959	39715	 35 
104833	399683	321079	36	1095	 30 ***
104838	404057	321079	31	1132	 23 
104871	397495	321079	963	39900	 19 
104844	400995	321079	27	861	 14 
104887	397703	321079	955	38948	 5 
104851	398620	321079	961	39959	 3 
104889	396366	321079	960	40002	 2 
104859	398521	321079	964	39775	 1 
104821	401340	321079	957	39745	 0 

104007	397735	321290	952	40021	 100 
104803	391592	321290	952	39730	 90 
104824	393202	321290	926	39029	 85 
103751	395982	321290	962	40223	 84 
104792	392379	321290	947	39058	 81 
104758	394422	321290	33	1277	 81 
104771	392808	321290	932	39383	 80 
104792	391090	321290	956	40083	 80 
104754	395696	321290	13	160	 78 ***
104763	393352	321290	31	913	 76 
104762	395382	321290	32	926	 75 
104013	395255	321290	954	39949	 73 
104168	394794	321290	955	40005	 73 
104769	392935	321290	953	39775	 72 
104184	398988	321290	544	22858	 72 
103977	396556	321290	956	39598	 69 
103737	397114	321290	961	40228	 69 
104763	395552	321290	30	1136	 69 
104758	393283	321290	953	40039	 64 
104765	394682	321290	29	890	 62 
103690	398702	321290	956	39861	 50 
104756	394665	321290	954	39255	 48 
104750	396362	321290	33	1185	 46 
104809	392028	321290	951	39867	 38 
104788	391913	321290	958	40019	 36 
104770	392050	321290	951	40007	 34 
103755	400289	321290	952	39861	 33 
104752	392764	321290	957	40075	 33 
104735	397785	321290	951	39542	 32 
103720	398582	321290	957	40138	 24 
103610	401762	321290	958	40142	 24 
104754	395389	321290	36	1306	 9 
104752	396238	321290	941	39227	 8 
104758	393067	321290	956	39969	 5 

104502	390453	318893	32	975	 100 
104602	386195	318893	959	39282	 99 
103950	394275	318893	953	39047	 93 
104509	389148	318893	31	1136	 92 
104514	388425	318893	34	1163	 90 
104514	388863	318893	33	972	 85 
104579	388316	318893	933	38329	 82 
104506	389092	318893	934	38794	 78 
104491	389815	318893	959	39817	 77 
104511	390636	318893	24	822	 77 
104535	386618	318893	958	39510	 76 
104514	388464	318893	28	886	 70 
103492	392531	318893	957	39723	 69 
104521	387293	318893	960	39741	 68 
104511	388666	318893	37	1147	 68 
104502	391193	318893	29	652	 64 
104469	391319	318893	957	39628	 63 
104512	396682	318893	19	669	 60 
104562	388249	318893	937	38745	 58 
104503	390212	318893	28	912	 57 
103477	396485	318893	955	39281	 55 
104501	391632	318893	33	956	 55 
104605	386015	318893	955	39483	 54 
104513	388844	318893	35	911	 52 
104533	386739	318893	961	39867	 49 
103517	391430	318893	959	39833	 49 
104502	391904	318893	21	452	 42 
103491	389910	318893	960	39340	 41 
104526	392391	318893	19	352	 41 
103381	393268	318893	958	39282	 40 
104513	389317	318893	29	770	 38 
104559	387030	318893	954	39297	 36 
104508	392109	318893	20	273	 36 
104497	387605	318893	952	38984	 34 
104568	385407	318893	963	39773	 31 
104575	386141	318893	962	39716	 31 
104510	386836	318893	963	39828	 27 
104569	386430	318893	960	39458	 27 
104552	386544	318893	955	39544	 27 
104521	387320	318893	959	39820	 25 
104483	392103	318893	952	39276	 23 
103730	392003	318893	956	39541	 16 
104502	389880	318893	472	19453	 16 
104516	395558	318893	19	326	 15 
104503	389491	318893	29	648	 14 ***
104491	391439	318893	953	39239	 12 
104469	389336	318893	960	39368	 10 
104528	387205	318893	939	38839	 8 
103344	391865	318893	962	39559	 5 
104476	390117	318893	958	39479	 5 
104513	389356	318893	29	796	 5 
104620	385802	318893	960	39636	 2 
104510	386548	318893	965	39335	 2 
104567	386513	318893	962	39573	 1 

103571	386018	320601	952	38989	 100 
104603	381225	320601	955	39313	 95 
104566	383631	320601	36	1423	 95 
104579	384342	320601	30	1010	 94 
104527	385836	320601	948	38867	 91 
103544	389600	320601	945	38676	 87 
104027	385233	320601	951	39156	 86 
104631	380444	320601	925	38669	 85 
104564	388258	320601	30	708	 84 
104561	384474	320601	33	736	 73 ***
103557	387546	320601	947	39040	 69 
104564	384464	320601	34	1146	 67 
104571	385611	320601	30	764	 60 
104615	380794	320601	953	39479	 57 
103970	384097	320601	952	39376	 54 
104567	384405	320601	34	1160	 53 
103436	389081	320601	954	39380	 51 
104565	387251	320601	31	860	 51 
104563	382431	320601	478	19458	 47 
104559	385492	320601	556	23273	 47 
104537	384553	320601	951	39222	 46 
104612	380960	320601	947	38841	 43 
104572	387079	320601	28	870	 42 
103499	386120	320601	949	39149	 41 
104573	384336	320601	31	683	 39 
104576	386544	320601	26	617	 36 
103530	385885	320601	956	39192	 31 
104563	383790	320601	35	972	 14 
103442	387504	320601	952	39189	 13 
104554	382307	320601	952	39298	 12 
104565	381731	320601	948	39020	 9 
103445	388348	320601	946	39187	 8 
104552	387018	320601	482	20086	 4 
104567	388534	320601	26	884	 2 

104884	384171	325011	934	38430	 90 
104840	382355	325011	952	39390	 80 
104287	385508	325011	957	39230	 77 
104810	387421	325011	51	1809	 75 
104825	385453	325011	31	755	 70 ***
104828	385342	325011	34	1090	 68 
103713	386044	325011	964	39496	 65 
104811	385946	325011	955	39181	 65 
104822	387532	325011	16	1069	 59 
104833	384388	325011	954	39166	 58 
104818	384703	325011	35	1525	 51 
103675	392615	325011	958	38985	 47 
104887	383777	325011	935	38783	 45 
104834	384682	325011	37	1405	 44 
104817	388635	325011	42	1381	 36 
104875	382040	325011	954	38670	 34 
104848	381188	325011	961	39422	 34 
104878	383582	325011	937	38296	 30 
104837	384198	325011	960	39182	 25 
104816	389129	325011	48	1560	 23 
104831	387022	325011	24	1065	 13 
104838	383295	325011	960	39271	 6 
104805	391092	325011	955	39226	 5 
103684	389428	325011	957	39419	 4 
104874	384385	325011	946	38598	 1 
103781	387563	325011	957	38962	 0 

104759	379076	322693	960	39851	 100 
103632	378906	322693	961	39954	 99 
104763	379968	322693	34	1225	 96 
103764	379903	322693	960	39837	 95 
104820	374011	322693	963	39953	 84 
104844	375045	322693	957	40269	 83 
104830	374269	322693	958	39864	 78 
104832	377464	322693	944	39382	 65 
104764	378565	322693	41	1299	 62 
103742	381304	322693	949	39676	 61 
104232	379706	322693	952	39616	 60 
104795	375617	322693	945	39998	 59 
104038	378667	322693	963	40203	 54 
104776	379029	322693	11	419	 44 
104772	379043	322693	8	446	 42 
104821	375397	322693	957	40172	 33 
104757	382290	322693	473	19633	 31 
104766	379623	322693	31	911	 21 
104768	378398	322693	34	1388	 20 
104772	377648	322693	34	1156	 18 
104763	378770	322693	959	40278	 16 
104848	374682	322693	940	39615	 15 
104767	382342	322693	30	926	 11 
104770	379152	322693	31	553	 10 
104769	378359	322693	32	1130	 9 ***
103631	383324	322693	964	39941	 8 
103707	381186	322693	956	39821	 7 
104787	376713	322693	964	40320	 7 
104787	376778	322693	958	39898	 4 
104769	381666	322693	30	697	 4 
103644	381230	322693	958	40122	 1 
104754	376803	322693	961	40319	 0 

104784	373025	324193	549	23111	 96 
103615	379575	324193	954	39890	 91 
104839	371385	324193	962	40261	 84 
104751	374635	324193	32	915	 83 
104759	379352	324193	26	642	 81 
103753	377327	324193	952	39907	 79 
104786	372338	324193	959	40064	 68 
104749	374694	324193	36	1047	 67 
104750	377143	324193	29	759	 60 
104755	377777	324193	27	629	 56 
104747	377112	324193	940	39746	 50 
104756	375803	324193	27	410	 50 ***
104794	372641	324193	956	39806	 48 
104747	377696	324193	33	1152	 48 
103621	374942	324193	953	40115	 43 
104794	371552	324193	962	39823	 40 
104755	376797	324193	31	972	 39 
104770	374175	324193	956	39734	 38 
104756	374536	324193	930	38948	 29 
104810	371801	324193	948	39095	 24 
104744	377752	324193	30	929	 21 
103769	376424	324193	946	39845	 17 
104776	373962	324193	958	39711	 15 
104020	374468	324193	954	39823	 4 

104765	372941	324690	30	892	 94 
104836	369059	324690	956	39505	 92 
104759	370470	324690	961	39798	 90 
104788	371162	324690	955	40005	 89 
104771	371325	324690	35	1049	 89 
104852	368003	324690	935	39084	 87 
104756	372987	324690	35	1519	 87 
104772	369545	324690	957	39158	 81 
104761	374845	324690	27	404	 77 
104767	371417	324690	31	944	 71 
104849	368379	324690	961	39832	 68 
104750	376112	324690	477	19735	 65 
104820	370397	324690	952	39220	 60 
104811	368722	324690	958	39968	 51 
104824	369558	324690	954	39832	 50 
104758	376232	324690	26	867	 45 
104763	375317	324690	23	386	 43 ***
104770	375022	324690	24	844	 42 
103623	379848	324690	959	39724	 39 
104774	375462	324690	21	759	 38 
104832	368638	324690	959	40020	 36 
104829	369403	324690	954	39613	 35 
103765	371953	324690	954	39626	 28 
103709	374545	324690	958	39918	 27 
104763	373783	324690	27	847	 26 
104759	372560	324690	33	984	 23 
104806	369131	324690	957	39942	 21 
104819	370978	324690	937	38906	 21 
104809	368915	324690	964	40083	 20 
104898	367771	324690	960	39867	 19 
104766	372847	324690	31	926	 14 
104753	373785	324690	28	1181	 13 
104761	373457	324690	30	914	 12 
104843	371271	324690	934	39220	 9 
104815	370572	324690	955	39233	 3 
104841	368927	324690	955	39824	 2 
104011	371223	324690	958	39725	 2 
103638	374594	324690	955	39611	 1 

104948	371980	325842	966	40464	 99 
104915	374777	325842	956	39839	 98 
103870	376956	325842	968	40243	 95 
104895	373550	325842	962	39840	 92 
104881	378181	325842	25	620	 91 
103768	378165	325842	965	40158	 90 
104888	377590	325842	28	543	 88 
104895	374787	325842	958	40120	 84 
104898	373858	325842	960	39774	 83 
104120	375039	325842	947	39810	 80 
104872	376570	325842	38	1367	 72 
104977	371292	325842	961	40183	 71 
103919	376350	325842	964	39975	 69 
104873	375724	325842	30	1127	 64 
104980	371633	325842	943	39477	 63 
103885	376690	325842	964	40116	 62 
104952	372331	325842	964	39777	 58 
104883	373045	325842	972	40523	 57 
104976	372070	325842	949	39631	 55 
104957	374828	325842	948	39722	 55 
104971	373127	325842	943	39545	 52 
104885	375677	325842	29	894	 52 
103789	377935	325842	966	39830	 49 
104884	378332	325842	24	365	 49 
104944	374538	325842	952	39371	 45 
104953	372433	325842	961	40073	 45 
104887	374802	325842	961	39992	 43 
104949	371883	325842	969	40457	 40 
104917	372701	325842	960	40187	 40 
104906	373464	325842	962	40291	 39 
104952	374211	325842	957	39549	 38 
104979	371893	325842	959	40151	 36 
104916	372578	325842	967	40127	 35 
103901	379031	325842	963	40330	 34 
103855	379797	325842	964	40214	 31 
104872	376656	325842	33	988	 27 
104922	374769	325842	954	39897	 26 
104882	376697	325842	29	1123	 26 
103873	379824	325842	960	39981	 25 
104872	378945	325842	31	924	 25 
104965	372181	325842	960	39468	 24 
104965	372727	325842	955	39654	 23 
104960	373494	325842	956	39579	 22 
104944	374442	325842	958	40247	 20 
104899	372838	325842	963	40335	 20 
104975	372123	325842	963	39866	 19 
104873	376758	325842	29	890	 17 
104913	373966	325842	959	39584	 15 
104880	380354	325842	28	543	 15 
104875	374625	325842	962	40217	 14 
104950	372131	325842	965	40386	 13 
104960	371355	325842	965	40150	 12 
104897	375203	325842	480	20104	 11 
104888	375872	325842	23	479	 8 ***
104928	374469	325842	953	39549	 3 
104924	373210	325842	959	40214	 0 

104990	369945	326132	942	39331	 98 
103736	373863	326132	963	40165	 97 
104878	372062	326132	29	891	 96 ***
104896	370290	326132	963	40347	 94 
104905	368772	326132	960	40277	 94 
104916	370169	326132	955	39856	 93 
104921	370148	326132	954	40202	 93 
104929	367890	326132	959	40176	 91 
104886	370494	326132	29	891	 88 
104878	372536	326132	30	1024	 84 
104948	368913	326132	952	40041	 82 
104915	367263	326132	967	40535	 78 
104965	367835	326132	958	40385	 76 
104878	372321	326132	32	951	 75 
104992	368337	326132	957	40089	 68 
104356	372890	326132	957	40439	 66 
104127	372492	326132	963	40328	 64 
104950	369496	326132	944	39705	 60 
103871	373529	326132	957	39537	 59 
104952	368789	326132	955	39960	 59 
104893	374817	326132	24	369	 53 
103894	372858	326132	963	40323	 49 
103800	375307	326132	948	39541	 43 
104957	368219	326132	958	40376	 42 
104932	370038	326132	943	39557	 41 
104876	374861	326132	955	39985	 40 
104957	366873	326132	963	40290	 38 
104878	371971	326132	31	952	 38 
104882	371788	326132	32	966	 36 
104903	369994	326132	966	40392	 35 
104926	367980	326132	966	40416	 35 
104957	368902	326132	954	40335	 34 
105005	367693	326132	961	39813	 34 
104890	376817	326132	26	685	 33 
104889	372300	326132	28	861	 32 
104196	372339	326132	963	40299	 31 
104941	369797	326132	955	39930	 31 
104885	371196	326132	953	39574	 31 
104879	371908	326132	966	40447	 31 
103744	372948	326132	966	40364	 30 
104877	374841	326132	33	974	 30 
103844	373421	326132	961	40371	 27 
104922	367988	326132	963	40491	 24 
104885	370997	326132	33	1173	 22 
104970	368566	326132	957	40013	 19 
104995	366765	326132	962	40151	 18 
104134	372415	326132	959	40103	 17 
104907	369364	326132	959	40189	 17 
104865	372119	326132	967	40446	 15 
104903	372536	326132	27	658	 12 
104914	368435	326132	963	40110	 10 
104886	374655	326132	27	642	 10 
104882	370212	326132	964	40446	 8 
104871	369494	326132	967	40632	 4 
104909	368758	326132	957	39986	 3 
104965	370107	326132	938	38914	 2 
104868	372176	326132	958	40464	 2 
104880	371335	326132	958	39957	 0 

103633	367868	324971	959	39796	 100 
104802	364497	324971	955	38920	 99 
104754	367736	324971	34	867	 97 
104751	365067	324971	45	1132	 94 ***
104740	366003	324971	37	938	 92 
104830	363659	324971	939	39701	 82 
104762	367091	324971	34	867	 81 
104747	369414	324971	35	890	 79 
104203	367933	324971	954	39875	 78 
103615	365792	324971	967	40117	 77 
104810	364298	324971	940	39823	 65 
104748	364114	324971	962	40024	 63 
104807	364978	324971	935	39512	 56 
104763	363707	324971	956	39548	 47 
103721	367088	324971	958	40159	 46 
104769	364836	324971	954	39851	 46 
104803	364386	324971	953	39528	 40 
103977	368488	324971	954	39634	 39 
104809	363573	324971	956	39436	 38 
104748	368907	324971	36	908	 33 
104822	364230	324971	938	39556	 27 
104738	365649	324971	38	1175	 27 
104751	366817	324971	36	923	 23 
103706	366552	324971	965	40039	 19 
104809	362814	324971	961	39922	 18 
104752	366854	324971	35	897	 16 
104223	367239	324971	957	40069	 13 
104736	369595	324971	473	19536	 11 
103766	365330	324971	960	39418	 5 
104194	365987	324971	959	39991	 5 
104754	366562	324971	36	883	 0 

104745	362818	324325	973	40255	 95 
104691	365734	324325	28	765	 95 
104691	368469	324325	26	567	 91 
104760	362363	324325	969	39990	 89 
104681	366259	324325	34	878	 89 
103992	367219	324325	952	39618	 88 
104691	365318	324325	28	783	 83 ***
104691	365511	324325	969	40171	 79 
104693	364442	324325	33	874	 74 
104785	363187	324325	966	39836	 67 
104684	367682	324325	33	859	 67 
104686	367116	324325	31	836	 64 
104116	369296	324325	569	23231	 63 
104711	364000	324325	965	39491	 62 
104692	364181	324325	35	908	 60 
103499	365559	324325	967	40088	 57 
104691	364501	324325	28	1008	 56 
104692	366566	324325	17	699	 47 
104772	363128	324325	968	39660	 46 
104750	362554	324325	975	40221	 45 
104685	365737	324325	35	867	 45 
104735	363975	324325	961	39709	 44 
104747	362748	324325	976	40239	 43 
104677	367070	324325	479	19989	 37 
104750	361925	324325	970	39949	 37 
104689	366174	324325	27	680	 32 
104719	363325	324325	965	39707	 31 
104735	363034	324325	970	39930	 27 
104694	363105	324325	976	40269	 27 
103950	367455	324325	960	39515	 26 
104684	366089	324325	33	848	 26 
104693	365326	324325	24	741	 25 
104688	367136	324325	29	806	 24 
104682	364782	324325	972	40061	 23 
104693	366130	324325	26	524	 23 
104737	363675	324325	576	24699	 14 
104687	366975	324325	30	836	 10 
103691	364956	324325	970	38961	 6 
104702	363701	324325	968	39940	 2 
104692	366347	324325	16	447	 1 

104620	362682	325358	25	394	 98 
104608	364437	325358	28	768	 94 
104617	366047	325358	23	314	 90 
103484	359365	325358	968	39745	 87 
104615	359692	325358	964	39546	 85 
104607	365119	325358	29	805	 84 
104619	362714	325358	9	70	 83 
103617	364405	325358	964	39419	 81 
103522	364638	325358	963	39704	 80 
104617	359692	325358	963	39079	 80 
104615	362337	325358	30	802	 80 
104615	363282	325358	26	730	 76 
104637	359248	325358	967	39907	 74 
104646	359249	325358	964	39433	 73 
104619	360366	325358	26	756	 72 ***
103614	365336	325358	958	39183	 69 
104705	359110	325358	951	38844	 68 
104617	361551	325358	35	878	 68 
104660	359642	325358	960	39492	 62 
104604	361473	325358	36	1140	 61 
104655	358486	325358	964	39693	 54 
104617	359835	325358	36	908	 54 
103620	363743	325358	967	39329	 48 
104751	359224	325358	944	38954	 44 
104612	361408	325358	36	1262	 42 
104607	361653	325358	31	828	 41 
104636	359625	325358	966	39538	 40 
104734	357692	325358	970	39626	 38 
104681	359599	325358	950	38602	 34 
104615	361090	325358	36	920	 32 
104614	361189	325358	41	1249	 31 
104608	362844	325358	27	760	 30 
103927	362993	325358	965	39471	 29 
104686	359229	325358	962	39444	 24 
104580	362134	325358	966	39747	 24 
104607	363921	325358	30	820	 24 
104084	362491	325358	965	39554	 22 
104723	358961	325358	949	39120	 20 
104616	362582	325358	28	775	 20 
104647	358582	325358	965	39167	 17 
104604	361618	325358	32	832	 17 
104635	359807	325358	948	38573	 15 
104689	358146	325358	975	39969	 13 
104695	358315	325358	966	39468	 11 
104679	358476	325358	963	39347	 7 
104692	358631	325358	958	39337	 5 

104830	411804	329073	970	39442	 97 
104824	411591	329073	974	39434	 96 
104902	411102	329073	971	39426	 93 
104823	414213	329073	16	419	 81 
104850	411520	329073	972	39362	 80 
104830	413018	329073	969	39339	 77 
104807	413813	329073	21	690	 76 ***
103676	419368	329073	966	39655	 75 
103657	414154	329073	974	39924	 74 
104798	414649	329073	18	274	 74 
103799	415238	329073	971	39751	 70 
104802	414386	329073	22	1097	 70 
104873	412683	329073	966	39296	 63 
103654	419047	329073	972	39390	 63 
103780	416156	329073	969	39681	 61 
104832	411982	329073	967	39621	 60 
104807	414107	329073	973	39751	 59 
104893	411239	329073	969	39508	 58 
104903	413297	329073	937	38672	 57 
104877	411982	329073	943	38613	 55 
104875	411592	329073	956	38972	 55 
104798	414629	329073	11	342	 55 
104806	414192	329073	29	1053	 54 
104089	415290	329073	968	39581	 52 
104059	414690	329073	972	39416	 52 
103779	412747	329073	975	39961	 51 
104831	412573	329073	969	39520	 50 
104024	415120	329073	971	39734	 48 
104842	411205	329073	975	39895	 48 
104829	413195	329073	970	39626	 46 
104919	410233	329073	972	39843	 36 
104874	412016	329073	963	39633	 34 
104891	411145	329073	972	39705	 32 
103683	414830	329073	972	39813	 31 
104847	412759	329073	944	38984	 30 
104872	411491	329073	970	39859	 29 
104855	411498	329073	967	39254	 24 
103706	418090	329073	971	39510	 23 
104792	414226	329073	26	1022	 22 
104809	412101	329073	971	39612	 21 
104801	414793	329073	10	377	 20 
104843	411188	329073	975	39880	 18 
104796	414835	329073	23	735	 17 
103811	415162	329073	971	39084	 16 
104832	412720	329073	966	39611	 15 
104896	411109	329073	972	39963	 12 
104873	411237	329073	971	39514	 8 
104807	414146	329073	21	930	 8 
104243	414165	329073	966	39651	 7 
104867	412729	329073	942	39107	 0 

104677	350257	325573	956	39329	 100 
104647	352869	325573	32	960	 100 
104717	351266	325573	943	38181	 97 
104725	349911	325573	961	39272	 89 
104643	355366	325573	28	1021	 89 
103601	355908	325573	949	39246	 86 
104649	354636	325573	15	471	 78 ***
104645	354371	325573	32	1089	 77 
104650	352346	325573	34	1005	 76 
104637	354188	325573	33	861	 74 
103560	356239	325573	965	39312	 68 
104642	357251	325573	29	833	 67 
104182	354503	325573	941	38672	 66 
104668	351158	325573	957	39289	 64 
104720	350781	325573	945	38598	 64 
104680	351540	325573	468	19574	 64 
104644	355625	325573	23	628	 59 
103525	357993	325573	962	39436	 56 
104643	351663	325573	37	1454	 54 
104645	354768	325573	25	758	 53 
104657	354226	325573	28	753	 52 
103911	354462	325573	958	39172	 47 
104719	349347	325573	962	39593	 41 
104712	349962	325573	966	39735	 39 
104737	351538	325573	939	38845	 37 
104645	354715	325573	28	804	 30 
104659	354471	325573	22	731	 16 
104713	350073	325573	960	39319	 3 
103608	350859	325573	960	39178	 3 
104646	351607	325573	35	938	 2 
103874	354582	325573	957	38999	 1 

104721	342464	324511	964	39391	 100 
104643	347260	324511	30	1169	 96 
104696	343532	324511	956	39530	 94 
104649	345720	324511	36	1092	 91 
104657	346913	324511	24	688	 87 
104662	344370	324511	35	1216	 83 
104709	342806	324511	953	39143	 81 
104703	343350	324511	956	38518	 75 
104675	343647	324511	49	1286	 69 
104707	343240	324511	954	39081	 67 
103689	345642	324511	958	39136	 66 
104662	345002	324511	34	990	 66 
103616	349443	324511	959	39399	 59 
104662	344989	324511	30	923	 59 
104660	346716	324511	25	516	 58 
103908	344749	324511	958	39353	 56 
104657	347249	324511	23	735	 53 ***
104662	347671	324511	19	631	 50 
104732	343521	324511	952	38793	 49 
103913	344421	324511	959	39242	 49 
103645	348419	324511	953	39236	 48 
103623	346400	324511	958	38690	 48 
104659	344682	324511	39	867	 47 
104660	348206	324511	20	472	 44 
104688	343023	324511	959	39522	 43 
104660	343318	324511	957	39167	 40 
104666	349677	324511	18	418	 36 
104681	343242	324511	962	39522	 35 
103530	347533	324511	964	39608	 34 
103660	345594	324511	959	38894	 34 
103918	343949	324511	954	38827	 33 
104725	342542	324511	961	39281	 32 
104707	342845	324511	955	38432	 32 
104688	343583	324511	954	39157	 13 
104647	346308	324511	30	941	 13 
104751	343261	324511	952	39421	 12 
104657	345097	324511	26	1098	 12 
104737	342373	324511	960	39252	 10 
104722	343530	324511	941	38493	 10 
104774	341817	324511	958	38755	 7 
104728	342487	324511	961	39296	 7 
104673	350006	324511	14	230	 7 
103550	346775	324511	961	39250	 6 
104654	348981	324511	23	708	 5 
103499	350309	324511	966	39398	 4 
103556	347451	324511	960	39475	 3 
104651	347865	324511	24	953	 3 
104656	347620	324511	29	1027	 1 

103740	344789	324533	957	39705	 100 
104829	343953	324533	951	39569	 100 
104821	343418	324533	958	39519	 98 
104867	342456	324533	949	38975	 95 
104787	345230	324533	38	1181	 95 
104792	343981	324533	954	39326	 91 
104837	343302	324533	939	38882	 90 
104840	342591	324533	954	39698	 89 
103812	348418	324533	944	38176	 83 
104798	343635	324533	956	39726	 83 
104776	345708	324533	33	1116	 83 
103640	344926	324533	952	39322	 82 
104780	347249	324533	25	751	 81 
104781	345286	324533	29	797	 79 ***
104887	343996	324533	937	39169	 66 
104778	345516	324533	36	1287	 60 
104787	346732	324533	10	573	 58 
103810	344788	324533	952	39331	 56 
104844	341818	324533	954	39168	 56 
104831	342806	324533	950	39477	 52 
104862	342938	324533	948	39079	 48 
104074	344068	324533	943	39277	 40 
104855	344354	324533	934	39057	 40 
104853	342415	324533	953	39352	 39 
104861	344600	324533	933	39074	 37 
104771	345555	324533	35	1096	 32 
104823	343641	324533	953	39696	 30 
103715	345512	324533	949	39104	 29 
104774	346827	324533	33	1036	 26 
104867	342481	324533	951	39396	 22 
104852	345214	324533	933	38985	 21 
104774	345413	324533	43	1242	 20 
104882	344018	324533	937	38669	 19 
104819	344968	324533	940	39396	 17 
104849	342957	324533	940	38749	 17 
104780	345499	324533	28	1029	 17 
104778	348482	324533	31	1314	 15 
104902	341818	324533	946	39608	 13 
104829	343017	324533	954	39292	 13 
104844	342949	324533	949	39032	 12 
104887	343398	324533	936	38674	 9 
104853	341567	324533	956	39434	 6 
104850	342634	324533	950	39382	 3 
104864	344171	324533	586	23942	 2 
104820	343630	324533	957	39654	 0 

104812	341705	324558	950	40042	 99 
103768	343123	324558	961	40037	 99 
104748	344293	324558	35	907	 99 
104850	341485	324558	956	39382	 95 
104819	340716	324558	959	39693	 93 
103730	345807	324558	956	39849	 90 
104760	344004	324558	28	771	 88 
103681	346327	324558	956	40100	 82 
103768	345073	324558	959	40182	 79 
104746	345271	324558	30	915	 72 
104193	345779	324558	954	39957	 71 
104745	344686	324558	35	1121	 71 
104748	344106	324558	26	493	 68 ***
104802	342237	324558	954	39745	 66 
104832	342057	324558	949	39772	 50 
104750	342347	324558	33	843	 47 
104753	343874	324558	30	855	 46 
104847	341639	324558	951	39479	 39 
104000	346708	324558	953	39969	 39 
104806	341227	324558	959	40169	 37 
104752	347395	324558	22	566	 35 
104749	343775	324558	35	908	 33 
103636	346384	324558	955	39869	 28 
104003	341906	324558	958	39803	 25 
104747	344764	324558	28	767	 24 
104009	344617	324558	956	39678	 19 
104751	345256	324558	25	348	 3 

103684	343489	325184	965	40079	 91 
103805	341422	325184	957	39028	 87 
104788	338314	325184	963	39907	 85 
104754	340207	325184	27	757	 84 
104761	340969	325184	22	502	 78 
104857	336559	325184	963	40099	 76 
104830	338278	325184	939	39232	 69 
104842	336597	325184	950	39560	 68 
104880	337026	325184	936	39164	 60 
104021	339089	325184	957	39639	 53 
104033	338332	325184	962	40129	 51 
104805	337864	325184	959	40029	 50 
104874	337928	325184	939	38914	 45 
104763	338880	325184	462	19072	 36 
104760	341341	325184	6	445	 32 ***
104763	340080	325184	30	838	 30 
104837	338006	325184	944	39115	 26 
104778	339192	325184	461	19051	 25 
104808	337456	325184	946	38860	 23 
104759	342760	325184	22	724	 22 
104822	337319	325184	959	39593	 21 
103691	340505	325184	964	39862	 15 
104255	337903	325184	969	40174	 11 
104764	340190	325184	25	987	 11 
104275	338870	325184	960	39403	 9 
103716	342020	325184	959	39517	 4 
104763	339203	325184	36	1316	 3 
104754	342185	325184	35	1119	 1 
104759	339371	325184	38	944	 0 

104829	337673	326861	26	799	 99 
104832	336253	326861	24	747	 97 
104140	337827	326861	952	39744	 92 
104832	337278	326861	33	823	 90 
104930	332861	326861	960	40061	 87 
103747	335887	326861	958	39945	 87 
104913	332658	326861	962	40155	 86 
104832	337414	326861	30	1303	 82 
104834	334425	326861	34	992	 79 
103868	332995	326861	959	39864	 76 
104832	337935	326861	20	365	 74 
103777	335830	326861	959	39900	 61 
104832	337840	326861	6	301	 54 
104135	334479	326861	958	40394	 53 
104839	333548	326861	458	19436	 43 
104835	335558	326861	24	761	 38 
104945	333357	326861	956	39828	 32 
103769	334881	326861	961	40386	 29 
104970	333541	326861	946	39856	 27 
104828	338514	326861	23	765	 25 
104833	337542	326861	13	361	 19 ***
104834	336846	326861	23	643	 15 
104830	336563	326861	456	19452	 4 
104828	339095	326861	23	739	 1 

105090	337177	334865	20	457	 95 
105093	333554	334865	964	40312	 93 
105172	333237	334865	952	40067	 92 
103774	336048	334865	965	40528	 91 
105094	334776	334865	959	39545	 76 
105238	334873	334865	949	40023	 75 
105069	335896	334865	33	1000	 73 
105113	334672	334865	956	39923	 72 
105152	334201	334865	950	39573	 62 
105185	332578	334865	957	39447	 60 
105177	335257	334865	948	39536	 58 
103939	334142	334865	960	40138	 54 
105091	335405	334865	31	1102	 54 
105127	333439	334865	962	40176	 53 
104095	341608	334865	958	40411	 53 
105127	333656	334865	961	40374	 53 
105081	339230	334865	22	731	 51 
105182	333159	334865	958	39589	 45 
105081	336026	334865	27	760	 43 
105162	333751	334865	956	40239	 41 
105176	333087	334865	959	39636	 26 
105080	335521	334865	29	852	 26 
105141	333778	334865	958	40092	 24 
105148	333536	334865	961	40456	 22 
105071	337731	334865	32	961	 18 
105081	335497	334865	36	904	 15 
104156	335103	334865	958	40084	 12 
104335	337013	334865	952	40144	 11 
105082	335819	334865	28	936	 8 
105167	333642	334865	951	39935	 6 
105152	333379	334865	960	40045	 6 
105151	335125	334865	954	40068	 5 
105072	336045	334865	23	739	 5 ***
105158	333080	334865	964	40265	 4 

