#104834	432892	330645	0	0	 87 
#105648	426867	330645	0	0	 74 
#104574	434138	330645	0	0	 67 
#105579	430565	330645	0	0	 64 
#104439	435577	330645	0	0	 59 
#105665	426624	330645	0	0	 42 
#104997	431401	330645	0	0	 29 
#105614	427312	330645	0	0	 28 
#105562	430593	330645	0	0	 27 
#105599	429100	330645	0	0	 21 
#105640	427033	330645	0	0	 12 
#105582	430453	330645	0	0	 8 

104259	426027	331743	973	40985	 97 
105452	428722	331743	33	1207	 97 
105458	421892	331743	969	41189	 95 
105457	427283	331743	35	1307	 93 
105465	427900	331743	17	279	 92 
104351	429217	331743	961	40714	 91 
105456	428141	331743	28	1091	 85 
105454	431538	331743	26	1126	 82 
105460	424427	331743	32	1271	 81 
105448	419265	331743	971	41054	 72 
104379	423094	331743	979	41330	 71 
105415	418000	331743	977	41469	 71 
105427	423493	331743	946	40267	 69 
105412	419301	331743	975	41428	 69 
105458	426820	331743	27	1214	 69 
104290	429344	331743	972	41021	 65 
105384	422345	331743	974	40768	 62 
105394	429013	331743	575	24681	 62 
105465	428345	331743	21	642	 58 
105413	424645	331743	564	24336	 57 ***
105457	426338	331743	36	1416	 56 
105463	424262	331743	28	657	 43 
105458	426150	331743	33	967	 41 
105467	417364	331743	978	41633	 35 
105430	423344	331743	960	40764	 34 
105461	422323	331743	961	40742	 34 
104305	428391	331743	971	41331	 32 
105465	423572	331743	33	1269	 30 
104342	422469	331743	980	41473	 28 
105469	417802	331743	977	41699	 26 
105435	421801	331743	974	41526	 25 
105389	420756	331743	976	40830	 24 
105415	422306	331743	974	41372	 23 
105458	427920	331743	34	1267	 23 
105458	421697	331743	970	41095	 22 
105449	423528	331743	944	39919	 22 
105443	422475	331743	950	40657	 18 
104386	423647	331743	951	40490	 17 
105462	422817	331743	35	940	 17 
105458	425394	331743	27	760	 14 
105468	421612	331743	951	39784	 11 
105402	426871	331743	570	24533	 11 
105464	430519	331743	24	722	 9 
105440	422080	331743	973	41056	 7 
105413	422666	331743	970	40710	 6 
105458	427008	331743	30	1010	 5 
105465	424431	331743	25	512	 4 
105416	422515	331743	969	41160	 1 

105295	419681	330379	29	1111	 96 
104120	421102	330379	976	41018	 93 
105279	420894	330379	953	39965	 90 
105295	418609	330379	9	442	 90 ***
105270	418951	330379	963	40927	 86 
105344	414015	330379	968	40957	 81 
105292	419817	330379	30	984	 81 
104522	422225	330379	548	23376	 80 
105328	417525	330379	957	40567	 78 
105293	418883	330379	32	789	 69 
105295	419716	330379	25	752	 66 
105297	417625	330379	32	1029	 58 
105338	412110	330379	980	40994	 54 
105330	416411	330379	954	40273	 53 
104182	417075	330379	970	40464	 53 
104537	418935	330379	966	40634	 49 
105337	414445	330379	957	40567	 46 
105304	413047	330379	970	40584	 41 
105359	417042	330379	952	40441	 34 
105288	418079	330379	960	40674	 30 
105289	420146	330379	32	1151	 27 
105321	416502	330379	968	41134	 25 
104233	420052	330379	958	40122	 23 
105288	422921	330379	33	1075	 21 
105294	415446	330379	975	41159	 20 
105298	414745	330379	978	40944	 12 
105290	416669	330379	969	40468	 9 
105291	422270	330379	29	1008	 9 
104745	416319	330379	975	41103	 7 
105303	416257	330379	973	41261	 4 

103878	411936	322844	972	40637	 95 
105067	405726	322844	977	41036	 93 
103897	411182	322844	970	40697	 92 
105027	409800	322844	31	1031	 92 
105042	406336	322844	972	40935	 87 
105020	411603	322844	30	1023	 80 
104027	414696	322844	964	40852	 78 
104983	409770	322844	965	40689	 69 
105024	409741	322844	32	1275	 68 
103892	414491	322844	969	40704	 67 
105062	405968	322844	970	40569	 53 
105086	406227	322844	964	40466	 50 
103850	410000	322844	973	40554	 44 
103903	414086	322844	969	40829	 42 
105025	406486	322844	973	40976	 41 
105064	405901	322844	971	40692	 40 
105016	410275	322844	32	957	 36 
104981	413910	322844	966	40772	 35 
105006	407487	322844	945	40290	 27 
103988	412156	322844	967	40493	 23 
105090	405847	322844	973	40922	 23 
105045	407165	322844	968	40623	 20 
105046	406446	322844	940	39991	 18 
105018	411911	322844	2	8	 18 ***
105013	412506	322844	486	20311	 13 
104999	410005	322844	562	23304	 13 
105020	409646	322844	35	1123	 12 
105026	409513	322844	33	1037	 9 
105017	415809	322844	30	951	 6 
105026	406455	322844	974	40972	 3 
104981	408283	322844	967	40857	 1 

104832	398638	321079	961	40198	 100 
103657	404552	321079	965	40064	 97 
104932	397009	321079	956	39613	 94 
103803	403043	321079	945	39532	 92 
104858	396404	321079	964	39826	 91 
104809	399641	321079	963	40070	 91 
104863	398551	321079	954	39771	 85 
104870	398032	321079	960	39812	 82 
104883	397945	321079	958	39865	 81 
104835	399719	321079	944	39682	 81 
104931	397326	321079	957	39534	 80 
103855	400853	321079	958	39490	 75 
104828	398810	321079	960	39845	 74 
104856	398177	321079	965	39887	 73 
104848	401242	321079	39	986	 73 
103716	399693	321079	959	39789	 71 
104827	402279	321079	944	39495	 63 
104848	400038	321079	40	1019	 50 ***
104863	397509	321079	963	40114	 49 
103465	406987	321079	956	39388	 49 
104854	398237	321079	961	39972	 49 
103789	405428	321079	957	39601	 48 
104837	400781	321079	41	1141	 48 
104850	402934	321079	31	782	 45 
104817	399625	321079	968	39939	 43 
104825	402689	321079	946	39764	 42 
104830	401549	321079	944	39420	 41 
104846	403861	321079	39	1011	 38 
104850	399940	321079	44	1206	 35 
104885	397876	321079	960	39776	 32 
104838	400706	321079	40	1019	 32 
104834	407230	321079	45	1391	 30 
104844	404953	321079	22	612	 27 
104877	397740	321079	962	39662	 17 
104852	399269	321079	937	38851	 17 
104844	400038	321079	41	1049	 14 
104851	398595	321079	968	40119	 12 
103652	401229	321079	967	40255	 1 
103705	405143	321079	963	39993	 1 
103707	406171	321079	959	39569	 0 
104901	396681	321079	958	39265	 0 

104760	393517	321290	960	40053	 100 
104765	396343	321290	30	1132	 95 
104758	394899	321290	953	39322	 93 
104769	397053	321290	27	430	 88 
104759	393602	321290	961	39786	 87 
104789	394009	321290	932	39541	 85 
104747	394755	321290	955	40072	 83 
104761	397050	321290	32	939	 82 
104757	394212	321290	954	39754	 79 
104770	396980	321290	27	858	 79 
104760	395251	321290	33	969	 74 
103628	396538	321290	958	40174	 72 
104743	395320	321290	953	39790	 72 
103966	400026	321290	550	22468	 69 
104179	397358	321290	932	39641	 68 
104756	395069	321290	563	22789	 68 
103600	398458	321290	946	39080	 64 
104784	391918	321290	948	39606	 64 
104734	396369	321290	955	39756	 63 
103624	397038	321290	958	40055	 62 
104799	393604	321290	935	39825	 61 
104758	397075	321290	28	875	 60 
104718	396338	321290	956	39642	 58 
104726	396550	321290	954	39461	 57 
104002	398596	321290	552	22877	 56 
104763	396629	321290	31	922	 53 
104763	393490	321290	953	40115	 51 
104778	392906	321290	961	40164	 50 
104043	397938	321290	952	39860	 49 
104756	399561	321290	31	900	 48 
104771	396276	321290	26	1096	 46 
104810	391746	321290	948	40020	 45 
104767	396783	321290	28	822	 44 
103708	396498	321290	955	39370	 41 
104766	394572	321290	31	900	 31 ***
104751	394274	321290	957	40212	 27 
103733	395368	321290	958	40126	 21 
104221	396722	321290	953	39613	 10 
104766	397142	321290	11	396	 10 
104769	396217	321290	29	972	 4 
104759	396072	321290	482	20268	 1 
103644	396507	321290	957	40160	 1 
104768	394014	321290	565	22764	 1 

104544	387711	318893	935	39187	 96 
104516	389924	318893	19	553	 83 ***
104519	385635	318893	954	39709	 77 
104505	385453	318893	960	39384	 73 
104513	391415	318893	28	690	 72 
103514	390355	318893	954	39713	 63 
104507	391155	318893	29	885	 63 
104539	387523	318893	946	39274	 61 
104515	389029	318893	30	889	 61 
104552	385358	318893	956	39467	 57 
104603	388536	318893	932	39079	 55 
104495	394292	318893	542	22453	 51 
103345	392483	318893	961	39443	 49 
103905	390319	318893	951	39108	 44 
104509	390868	318893	29	887	 39 
104508	387637	318893	959	39811	 38 
104503	387861	318893	953	38837	 37 
104586	385216	318893	952	39696	 34 
104516	392926	318893	16	364	 34 
103495	388603	318893	956	39322	 25 
103363	390802	318893	956	39711	 24 
104506	392245	318893	28	759	 23 
104520	391379	318893	7	328	 22 
104509	391435	318893	21	692	 19 
104508	391812	318893	27	864	 18 
104599	387226	318893	935	39003	 14 
104620	388009	318893	932	38287	 13 
103330	394430	318893	961	39758	 13 
104513	390068	318893	27	644	 10 
103402	396003	318893	953	39324	 6 

103538	387013	320601	948	38638	 100 
104566	386260	320601	554	22393	 99 
104010	384909	320601	948	39131	 96 
104570	386802	320601	37	978	 96 
104574	387886	320601	31	914	 95 
103466	382540	320601	953	39084	 90 
104671	382683	320601	933	38534	 90 
103539	385887	320601	952	39236	 89 
104625	380177	320601	952	39082	 86 
104598	382501	320601	944	38920	 84 
104647	381763	320601	937	38840	 83 
103580	389949	320601	947	39267	 79 
104573	381884	320601	951	39036	 78 
104633	382440	320601	947	38944	 76 
104609	383908	320601	932	38295	 75 
103588	389085	320601	946	38822	 74 
104589	385555	320601	34	614	 74 ***
103399	390805	320601	947	39036	 71 
104611	382906	320601	932	38720	 71 
104577	385623	320601	43	1386	 71 
103375	387067	320601	953	38908	 70 
104570	391230	320601	36	998	 69 
104565	386617	320601	944	38937	 64 
103455	386088	320601	952	39294	 58 
104577	385983	320601	37	1010	 57 
104640	382688	320601	943	38322	 56 
104575	383931	320601	538	22407	 56 
104581	385601	320601	41	1065	 50 
104544	383713	320601	945	39123	 49 
104571	383541	320601	948	39344	 47 
104041	389946	320601	943	39041	 46 
104572	386490	320601	35	979	 46 
103515	386022	320601	951	38955	 44 
104575	386246	320601	37	984	 34 
104581	387301	320601	16	261	 27 
103520	387722	320601	949	39062	 24 
104612	380283	320601	953	39427	 17 
104576	387410	320601	34	975	 15 
104586	383033	320601	943	38741	 12 
103448	386636	320601	951	39281	 9 
104602	380329	320601	949	39027	 8 
103849	386947	320601	947	39133	 7 
104573	380977	320601	951	39095	 5 
104584	386029	320601	36	740	 5 
104580	385851	320601	38	1081	 0 

103740	386078	325011	961	39485	 97 
103813	383262	325011	963	39255	 97 
104842	387442	325011	41	1601	 96 
104846	392419	325011	27	646	 94 
104850	388647	325011	30	785	 92 
104831	384071	325011	958	39458	 89 
103659	389999	325011	960	39426	 85 
103664	387954	325011	961	39061	 84 
103789	385803	325011	965	39156	 82 
104840	387933	325011	35	968	 81 
104853	385336	325011	33	941	 80 ***
104858	384418	325011	956	39349	 75 
104839	389255	325011	35	1371	 74 
104840	388241	325011	34	1120	 66 
104891	384179	325011	945	38477	 60 
104868	381759	325011	961	39346	 59 
104855	382981	325011	964	39313	 57 
104854	384608	325011	955	38847	 57 
104841	387696	325011	38	1535	 56 
104847	386334	325011	31	1136	 54 
104845	385555	325011	33	975	 53 
104845	383952	325011	957	39426	 52 
104920	382255	325011	957	39455	 51 
104799	385118	325011	957	39132	 47 
104872	383449	325011	953	38976	 46 
104884	384688	325011	951	39181	 44 
104843	386589	325011	34	1392	 42 
103676	392176	325011	948	38856	 41 
104819	383927	325011	960	39078	 39 
104032	390006	325011	955	38569	 39 
104847	391622	325011	24	970	 37 
104066	385409	325011	951	39090	 36 
104876	383381	325011	956	39103	 35 
104803	388771	325011	950	39237	 34 
104849	383462	325011	958	39457	 33 
104859	382430	325011	958	39067	 29 
104940	382903	325011	953	38481	 23 
103682	387868	325011	960	39279	 21 
104844	385479	325011	34	1298	 20 
104851	387977	325011	19	1115	 19 
104882	384710	325011	952	38913	 17 
104860	384382	325011	956	39013	 15 
104836	388221	325011	37	1430	 15 
104845	384527	325011	956	39410	 13 
103719	390757	325011	957	38882	 7 
104844	393086	325011	30	939	 7 
103833	386413	325011	959	39480	 6 
103682	389468	325011	958	39283	 3 
104869	384157	325011	955	39224	 3 
104859	384950	325011	954	39107	 3 
104859	384995	325011	953	38919	 2 
104881	382376	325011	956	39413	 2 

104802	378268	322693	13	457	 100 ***
104814	376822	322693	938	39758	 97 
104788	379148	322693	31	894	 96 
104875	377463	322693	935	39259	 93 
104798	377357	322693	954	39695	 92 
103637	382594	322693	959	39634	 88 
104831	375390	322693	938	39749	 83 
104775	382095	322693	955	39640	 81 
104801	380150	322693	26	635	 79 
104781	379206	322693	957	40067	 76 
104812	374320	322693	957	40224	 75 
104828	375973	322693	955	40176	 74 
104823	374208	322693	965	40315	 74 
104797	378268	322693	34	1028	 74 
104785	379382	322693	939	39381	 72 
104780	376180	322693	963	40231	 69 
103776	379846	322693	958	40197	 68 
104790	378627	322693	954	39829	 65 
104775	378647	322693	958	39872	 61 
104788	377582	322693	957	40093	 61 
104782	381605	322693	949	39607	 56 
104759	378780	322693	959	40218	 55 
104779	380113	322693	950	40122	 50 
104810	376614	322693	958	39991	 44 
103737	378496	322693	960	39816	 43 
104054	377998	322693	960	39879	 42 
103653	380081	322693	963	40122	 41 
104823	376561	322693	955	40215	 40 
103699	379894	322693	962	40318	 39 
104794	378350	322693	35	990	 39 
104747	380677	322693	957	40010	 37 
104779	380005	322693	956	40342	 36 
104806	377164	322693	955	39939	 36 
104792	378298	322693	37	1269	 36 
104800	383176	322693	26	365	 34 
104773	380128	322693	957	39931	 31 
104782	377455	322693	959	40155	 28 
103658	381091	322693	957	40255	 28 
104797	377430	322693	956	39741	 28 
104785	381238	322693	477	19692	 23 
104806	377762	322693	34	915	 21 
104794	382326	322693	30	885	 20 
104756	382131	322693	954	40050	 18 
104042	375792	322693	966	40419	 17 
104786	375733	322693	960	40026	 17 
104878	376797	322693	933	39411	 17 
104760	382117	322693	942	40066	 14 
104805	377490	322693	936	39662	 12 
104259	382980	322693	955	39439	 5 

104745	381078	324193	949	39360	 96 
103742	377241	324193	956	39863	 95 
104770	378065	324193	550	23751	 87 
104786	375463	324193	7	324	 86 
104784	372402	324193	961	40300	 83 
104783	375776	324193	33	1013	 79 
103620	378757	324193	957	39945	 77 
103715	377835	324193	959	39857	 75 
104755	377706	324193	937	39718	 69 
104776	376748	324193	29	654	 49 ***
104801	372620	324193	957	39956	 48 
104766	378586	324193	547	23914	 43 
103979	372833	324193	950	39580	 42 
104837	373326	324193	947	39571	 41 
104781	376572	324193	558	22909	 41 
104773	378176	324193	32	1196	 40 
104795	372548	324193	959	40017	 37 
104781	374819	324193	931	39027	 31 
104781	376262	324193	11	603	 31 
103639	378739	324193	951	39614	 30 
104809	371637	324193	952	39796	 28 
104780	374710	324193	934	39091	 26 
104840	372529	324193	932	39255	 19 
103721	375269	324193	958	40096	 18 
104837	375183	324193	927	39273	 13 
104794	373342	324193	929	39309	 10 
104801	372396	324193	959	40186	 10 
104764	375422	324193	937	39251	 2 
104778	378289	324193	26	996	 0 

104789	373476	324690	30	778	 99 
104882	370334	324690	932	39087	 93 
103644	371379	324690	959	40010	 84 
104782	375115	324690	30	952	 80 
104826	368304	324690	953	39846	 70 
104861	368679	324690	936	39555	 70 
103728	377181	324690	956	39905	 67 
104787	376317	324690	21	176	 67 ***
104789	375662	324690	22	318	 58 
104787	374061	324690	29	809	 55 
103738	374665	324690	953	39752	 53 
104790	370884	324690	29	1113	 44 
104756	369642	324690	934	39253	 43 
104746	373273	324690	956	39952	 42 
104856	369339	324690	935	39230	 41 
104795	373516	324690	12	479	 34 
104795	371766	324690	27	753	 32 
104792	374307	324690	25	848	 27 
103705	378387	324690	957	39943	 23 
104785	377867	324690	25	863	 22 
104820	370730	324690	933	39128	 16 
104753	377047	324690	950	39549	 15 
103626	372120	324690	959	39662	 9 
103795	373902	324690	957	39754	 8 
104793	374100	324690	24	394	 8 
104801	369287	324690	957	39601	 3 
104793	374213	324690	28	640	 3 
103655	374887	324690	958	40024	 1 

104899	373478	325842	33	1019	 96 ***
104895	376234	325842	954	39777	 93 
104345	373677	325842	968	40461	 90 
104868	375048	325842	958	40026	 90 
104970	371284	325842	957	40019	 86 
104909	375116	325842	29	795	 81 
104940	372566	325842	957	39719	 79 
104904	378136	325842	21	842	 79 
103857	376136	325842	961	39764	 75 
104907	377735	325842	21	178	 75 
104896	376347	325842	38	1115	 71 
104956	370731	325842	966	40062	 70 
104901	375324	325842	30	930	 68 
104935	371068	325842	965	40312	 66 
104883	378988	325842	948	40150	 65 
104907	375543	325842	27	624	 64 
104895	373555	325842	963	40029	 59 
104897	380110	325842	31	877	 59 
103893	381165	325842	959	40302	 57 
104148	374786	325842	960	40129	 56 
104895	372659	325842	965	40324	 53 
104890	374168	325842	964	40310	 48 
104884	376323	325842	951	39246	 41 
104909	371128	325842	958	39855	 39 
103910	380911	325842	956	40200	 34 
103883	375785	325842	963	39865	 31 
104894	374814	325842	958	39683	 27 
104955	371051	325842	967	40136	 27 
104991	371953	325842	954	40088	 21 
104922	373375	325842	955	39884	 17 
104903	372044	325842	962	39956	 12 
104914	379160	325842	20	938	 12 

104999	367329	326132	968	40664	 99 
104894	372089	326132	30	1135	 98 
104159	371755	326132	960	40134	 89 
104965	367563	326132	959	40332	 87 
104931	367932	326132	961	40480	 82 
104944	369248	326132	930	39193	 80 
104865	370795	326132	947	40323	 79 
104896	369448	326132	959	40009	 67 
104138	370177	326132	964	40524	 66 
103713	372356	326132	964	40448	 66 
104913	368489	326132	933	39452	 61 
104908	369294	326132	964	40472	 59 
104951	368042	326132	960	39922	 57 
104895	374290	326132	13	68	 57 
104896	370420	326132	6	23	 55 ***
104894	372144	326132	34	1365	 52 
104892	374791	326132	38	1361	 49 
104890	372279	326132	940	39287	 43 
104978	369759	326132	929	39308	 39 
104115	374234	326132	546	22534	 37 
104956	367578	326132	955	40016	 35 
104192	371229	326132	962	40465	 34 
103854	372539	326132	959	40306	 29 
104330	371222	326132	960	40076	 29 
104947	367628	326132	965	40476	 26 
104914	368425	326132	965	40283	 22 
104900	370223	326132	938	39431	 20 
104915	367935	326132	962	40272	 19 
104332	370791	326132	963	39846	 14 
104909	368975	326132	965	40369	 13 
104995	367357	326132	967	40536	 5 

104745	366445	324971	959	39593	 97 
104734	365948	324971	965	39890	 97 
104831	363275	324971	933	39230	 96 
104756	366274	324971	959	39681	 93 
103606	369632	324971	965	40161	 92 
104759	366058	324971	959	40082	 91 
103740	366704	324971	966	40148	 86 
104766	363909	324971	11	100	 84 ***
103724	367421	324971	958	39571	 80 
103752	366721	324971	942	39571	 80 
103758	366370	324971	969	40313	 70 
104024	366306	324971	962	39805	 65 
104750	365701	324971	966	40242	 58 
104814	363011	324971	960	39887	 43 
104759	365095	324971	965	39969	 42 
104827	363865	324971	956	39354	 41 
104756	369072	324971	934	39058	 36 
104763	364590	324971	960	39852	 27 
104763	368694	324971	480	19706	 22 
103655	367687	324971	959	40162	 20 
104834	363548	324971	932	39339	 16 
104773	363200	324971	957	40015	 16 
104744	365717	324971	960	40028	 14 
104823	362744	324971	961	40128	 10 
104852	363035	324971	959	39920	 0 

104711	363614	324325	974	39798	 97 
104690	367132	324325	968	40027	 95 
104701	366046	324325	25	1114	 95 
103569	367649	324325	969	39959	 94 
104817	363136	324325	940	39029	 92 
104695	365009	324325	35	1142	 90 
104706	364719	324325	26	816	 82 
104707	364538	324325	22	718	 80 
104694	364152	324325	972	39934	 79 
104687	364648	324325	969	39734	 79 
104653	367745	324325	568	23108	 77 
104708	363236	324325	975	40381	 73 
104719	363294	324325	973	40286	 72 
104730	363733	324325	967	40097	 70 
104746	362140	324325	970	40247	 68 
104705	365067	324325	31	1028	 66 
104705	365404	324325	25	873	 64 
104733	363636	324325	952	39608	 61 
103547	366994	324325	977	40171	 61 
104733	362926	324325	970	40216	 58 
103581	365849	324325	972	40294	 56 
104698	365438	324325	26	1041	 56 
104705	365221	324325	28	782	 51 
104731	362952	324325	957	39895	 47 
104700	364705	324325	965	39638	 46 
104689	367155	324325	960	39973	 44 
104709	364193	324325	21	487	 43 ***
104762	362489	324325	969	40308	 35 
104685	365424	324325	970	39891	 32 
104682	364341	324325	972	39910	 31 
104705	365558	324325	23	815	 24 
104688	364248	324325	973	40092	 23 
104711	363853	324325	27	817	 22 
103949	365506	324325	976	40070	 20 
104703	363982	324325	971	40123	 18 
104702	366369	324325	21	688	 16 
104119	368563	324325	960	39442	 14 
104741	362216	324325	970	39722	 13 
104677	366498	324325	971	40162	 6 
104720	363826	324325	939	39264	 2 
104721	362415	324325	971	40331	 1 

104727	358377	325358	958	39679	 98 
103595	362427	325358	961	39527	 93 
104623	364164	325358	954	39361	 93 
104662	358276	325358	967	39541	 80 
104707	358692	325358	952	39479	 76 
104675	358412	325358	964	39367	 75 
104624	359740	325358	959	39446	 73 
104653	358699	325358	969	39458	 63 
103604	359248	325358	971	39505	 55 
103526	360751	325358	969	39717	 51 
104644	362046	325358	17	421	 46 
104631	358956	325358	20	471	 44 ***
103504	362017	325358	971	39589	 34 
103630	360757	325358	967	39558	 33 
104644	358057	325358	971	39682	 23 
104627	359347	325358	25	992	 13 
104682	358088	325358	962	39518	 12 
104624	363565	325358	960	39544	 1 

103794	403206	329073	976	40001	 98 
104839	402670	329073	938	39127	 95 
104853	400806	329073	975	39864	 93 
104823	404303	329073	20	732	 91 
104826	402065	329073	967	39315	 90 
104896	400833	329073	970	39608	 88 
104814	404198	329073	25	828	 86 
104815	405289	329073	15	279	 85 ***
104862	401676	329073	970	39300	 84 
104870	400591	329073	971	39847	 77 
104825	402114	329073	974	40023	 76 
104826	402343	329073	968	39457	 72 
104816	403517	329073	24	691	 72 
104861	401771	329073	971	39774	 71 
104852	402053	329073	971	39900	 66 
103839	404328	329073	973	39676	 63 
104821	403067	329073	30	1408	 63 
104075	410285	329073	966	39413	 59 
104825	403431	329073	17	316	 59 
104860	402612	329073	965	39836	 56 
104842	401209	329073	972	39710	 56 
104823	404161	329073	23	569	 56 
104814	404250	329073	28	890	 55 
104815	401340	329073	977	40047	 46 
104835	402184	329073	966	39542	 46 
104824	403445	329073	23	805	 45 
104820	403147	329073	26	878	 44 
104818	403254	329073	24	748	 43 
104891	400920	329073	937	38968	 42 
104866	401127	329073	965	39319	 41 
103701	405153	329073	969	39568	 38 
104815	405619	329073	21	445	 35 
104808	405853	329073	961	39363	 34 
104812	407139	329073	28	772	 32 
104885	401101	329073	970	39559	 29 
104113	407765	329073	959	39643	 25 
103682	407608	329073	973	39735	 24 
104830	402873	329073	18	438	 24 
103837	404059	329073	975	40039	 23 
104800	406741	329073	957	39303	 19 
104840	401112	329073	976	39991	 19 
104827	402708	329073	27	816	 17 
104872	402650	329073	964	39412	 16 
104062	402447	329073	968	39663	 13 
104823	404419	329073	23	622	 3 

104680	350509	325573	959	39217	 100 
104660	351729	325573	26	795	 100 
103649	353285	325573	963	39223	 99 
104653	354815	325573	29	638	 99 
104679	350350	325573	966	39666	 94 
103691	353149	325573	964	39606	 93 
104653	352898	325573	963	39400	 91 
104655	355537	325573	24	979	 91 
104659	352469	325573	27	647	 90 ***
104702	350177	325573	959	39254	 89 
104667	352583	325573	24	750	 88 
104655	353474	325573	25	762	 87 
104674	351460	325573	945	38913	 84 
104766	349721	325573	961	38975	 83 
104691	350762	325573	954	38866	 79 
104703	350229	325573	958	39233	 77 
103514	353788	325573	963	39318	 74 
103561	355077	325573	956	38847	 73 
104803	351080	325573	940	38971	 70 
104699	349835	325573	963	39469	 67 
104661	355359	325573	17	259	 67 
104117	351934	325573	968	39678	 65 
104676	351039	325573	963	39319	 59 
104649	354036	325573	32	1057	 57 
104694	350454	325573	957	38976	 53 
104721	349475	325573	965	39280	 47 
104671	351159	325573	963	39640	 46 
104751	349988	325573	961	39162	 45 
104728	349388	325573	962	39427	 44 
104666	353624	325573	20	697	 44 
104704	351507	325573	938	38635	 40 
104660	353330	325573	26	1054	 37 
104660	354281	325573	23	575	 36 
103512	356867	325573	965	39582	 31 
104663	354478	325573	21	616	 29 
104663	353488	325573	24	743	 28 
104754	351130	325573	951	38624	 27 
104696	350146	325573	961	39618	 25 
104717	351395	325573	949	38961	 24 
104649	354793	325573	572	22942	 23 
104660	351671	325573	965	39177	 22 
104748	350029	325573	958	39015	 22 
103649	353433	325573	959	39179	 21 
104655	354448	325573	25	755	 19 
104099	356520	325573	955	39332	 18 
104670	351227	325573	956	39342	 17 
104727	351286	325573	953	38962	 17 
104654	354693	325573	30	948	 17 
104665	351539	325573	36	885	 16 
104648	354822	325573	957	39070	 3 

104673	343921	324511	41	1042	 97 
103510	347613	324511	961	39467	 96 
104683	345659	324511	21	322	 81 ***
104746	341601	324511	958	38794	 73 
104667	345283	324511	40	1089	 72 
104669	347418	324511	30	665	 70 
104667	344358	324511	31	1023	 67 
104666	346557	324511	31	1018	 61 
104665	347709	324511	29	667	 60 
104670	346157	324511	26	784	 57 
104667	343751	324511	960	39008	 52 
104130	346317	324511	957	39081	 51 
103629	346133	324511	958	39334	 50 
104660	347844	324511	31	821	 49 
104660	342990	324511	961	39301	 47 
104761	343183	324511	942	38517	 45 
104133	345575	324511	958	39394	 43 
104665	347149	324511	33	922	 40 
104662	346447	324511	35	883	 37 
104705	343394	324511	938	38644	 36 
104671	346683	324511	22	470	 32 
104669	347513	324511	24	467	 31 
104666	347704	324511	15	110	 30 
103907	348444	324511	551	22815	 28 
104660	345330	324511	38	1251	 25 
103530	346330	324511	955	39127	 19 
104696	342089	324511	949	39146	 12 
103665	345738	324511	961	39387	 9 
104674	346140	324511	28	1071	 8 
104670	346567	324511	24	826	 6 

104777	343804	324533	949	38969	 99 
104865	342076	324533	960	39770	 94 
104887	342175	324533	951	39306	 94 
104866	341942	324533	957	39698	 93 
104773	347959	324533	583	23505	 90 
104293	347327	324533	950	39473	 85 
103697	344791	324533	959	39629	 80 
104787	342228	324533	951	39037	 72 
104897	341978	324533	956	39557	 68 
104834	343553	324533	949	39190	 67 
104799	346574	324533	26	1024	 64 
104857	342241	324533	945	38962	 63 
104807	344658	324533	26	1009	 59 
104882	343773	324533	942	39262	 52 
104845	343062	324533	946	39098	 51 
104789	344223	324533	28	1000	 46 ***
104808	343923	324533	948	39208	 43 
104826	343722	324533	950	39537	 42 
103050	345438	324533	954	39533	 36 
104872	344047	324533	941	38973	 35 
103812	349142	324533	942	39391	 35 
104799	345129	324533	25	1201	 28 
103230	345817	324533	951	39089	 27 
104800	344067	324533	48	1418	 23 
104819	348479	324533	22	1145	 21 
104907	341317	324533	956	39731	 18 
104801	348738	324533	22	879	 14 
104904	342139	324533	955	39338	 10 
104800	345790	324533	23	1121	 4 
104860	343921	324533	942	39090	 2 
104783	347044	324533	944	39067	 0 

103727	344257	324558	950	39732	 86 
103723	343613	324558	956	39868	 85 
104764	341660	324558	23	506	 32 ***
104762	344310	324558	10	417	 28 
104841	341209	324558	957	39929	 17 
103735	342429	324558	956	39944	 14 
104844	340993	324558	963	40304	 9 
103628	345609	324558	957	39540	 4 
104803	341273	324558	960	40218	 1 

104827	338095	325184	575	23997	 99 
104800	338324	325184	963	39907	 94 
104798	338331	325184	32	982	 94 
104190	339418	325184	963	39692	 86 
103678	344005	325184	958	39918	 85 
104785	341214	325184	25	1269	 84 
104839	337227	325184	958	39635	 73 
104786	340854	325184	28	1262	 73 
103737	344420	325184	951	39716	 71 
103724	341352	325184	959	39269	 65 
103697	342858	325184	963	39841	 61 
103671	343964	325184	966	40201	 59 
104807	337195	325184	959	39927	 59 
103819	339724	325184	961	39954	 56 
104786	338508	325184	9	98	 53 ***
104814	338225	325184	956	40010	 49 
104890	337653	325184	956	39603	 49 
104807	336743	325184	963	39869	 45 
103694	343246	325184	966	40089	 40 
104779	340672	325184	957	39734	 35 
104864	337699	325184	932	38909	 34 
103770	341235	325184	962	39483	 23 
103788	341673	325184	948	39724	 16 
104828	336629	325184	959	39953	 13 
104776	338563	325184	966	40180	 11 

104855	335994	326861	19	343	 100 ***
104844	336703	326861	942	39032	 97 
104853	338733	326861	564	23320	 95 
104909	332905	326861	963	40431	 92 
104972	332871	326861	960	40377	 91 
104867	335267	326861	25	765	 90 
103769	337676	326861	954	39423	 87 
104871	333935	326861	961	40389	 87 
104878	333629	326861	958	39882	 86 
104850	336888	326861	939	39749	 76 
104863	335604	326861	19	475	 76 
104931	333230	326861	952	39992	 74 
103722	337077	326861	959	40120	 74 
104873	334667	326861	35	1062	 70 
104871	334672	326861	32	1112	 68 
103840	337136	326861	952	39654	 67 
103748	336640	326861	955	39575	 66 
104868	334797	326861	959	40093	 65 
104920	333182	326861	961	40331	 65 
104870	337036	326861	17	373	 65 
104921	333019	326861	960	40318	 61 
104952	332885	326861	956	39809	 58 
104859	337366	326861	18	278	 54 
104935	333110	326861	957	40360	 51 
104912	333469	326861	961	39946	 51 
104961	332480	326861	964	40214	 38 
104933	332743	326861	962	39850	 28 
103729	334334	326861	961	40100	 27 
104886	333825	326861	460	19078	 25 
104854	336317	326861	958	39837	 23 
104916	333638	326861	931	39608	 17 
104917	333465	326861	962	39669	 13 
103843	337472	326861	938	39464	 12 
104870	335053	326861	956	40020	 4 

105171	334513	334865	941	39192	 98 
105095	337371	334865	25	1000	 96 
104140	335863	334865	957	40096	 91 
104573	337908	334865	956	39958	 88 
105123	336868	334865	25	773	 85 
104582	334540	334865	964	39818	 80 
105107	337239	334865	24	883	 80 
105110	335552	334865	27	1180	 77 
105117	332899	334865	957	39987	 76 
105108	335077	334865	39	1746	 61 
105147	332653	334865	966	40233	 59 
105164	334943	334865	947	39594	 58 
105150	332622	334865	957	39751	 58 
105113	336879	334865	26	998	 55 
105096	335902	334865	31	1718	 54 
105136	334713	334865	949	39840	 51 
104073	338199	334865	961	40415	 51 
103996	336377	334865	962	40180	 42 
105098	337287	334865	30	962	 42 
104590	338588	334865	955	40428	 38 
105108	338496	334865	23	757	 33 
104103	336355	334865	965	40163	 32 
105149	332749	334865	957	39808	 31 
105097	335160	334865	962	40437	 29 
105109	336913	334865	22	709	 29 
105129	334973	334865	956	39940	 27 
105147	334175	334865	956	40124	 24 
105100	335821	334865	27	634	 20 ***
103985	339291	334865	962	40541	 17 
105196	331842	334865	961	40521	 15 
105111	338701	334865	19	335	 15 
105107	340414	334865	22	449	 13 
105151	333907	334865	955	40415	 10 
105097	335594	334865	34	1130	 8 
105158	332525	334865	952	39950	 5 
104129	340531	334865	960	40149	 3 

