#104861	431236	330645	0	0	 70 
#105670	425989	330645	0	0	 66 
#105587	426451	330645	0	0	 38 
#104558	433487	330645	0	0	 34 
#105585	431093	330645	0	0	 14 
#104451	434052	330645	0	0	 9 

105417	423916	331743	958	40800	 98 
105462	422928	331743	34	916	 97 
105459	423272	331743	34	1046	 96 
105468	422627	331743	29	661	 95 ***
105430	423533	331743	953	40541	 90 
104650	426354	331743	971	40876	 88 
105423	422885	331743	963	40561	 86 
105445	421282	331743	972	41321	 83 
105453	427666	331743	33	1455	 82 
105371	419081	331743	974	41032	 80 
105407	423307	331743	971	41265	 76 
104396	431137	331743	971	40926	 75 
105421	426934	331743	486	20966	 70 
105441	426266	331743	576	25396	 70 
105453	422762	331743	956	40562	 64 
105445	419431	331743	960	40855	 63 
105392	425536	331743	954	40769	 62 
105458	428498	331743	24	580	 61 
105384	429406	331743	963	41351	 55 
105422	418017	331743	976	41320	 54 
105456	423568	331743	37	1162	 52 
104264	422196	331743	978	41687	 51 
105456	425607	331743	31	771	 47 
105458	426471	331743	27	620	 46 
104845	423357	331743	968	40921	 44 
104280	425480	331743	973	41139	 40 
105409	424248	331743	959	40967	 38 
104368	427797	331743	972	41035	 35 
105363	422141	331743	982	41712	 33 
105458	423527	331743	11	370	 33 
105415	424165	331743	956	39978	 31 
105422	421738	331743	969	41074	 29 
104426	425170	331743	972	41417	 26 
105443	421653	331743	959	40803	 23 
105449	419021	331743	972	41075	 18 
105436	425238	331743	952	40167	 18 
104415	424727	331743	976	41314	 13 
104262	428643	331743	978	41154	 13 
105443	428634	331743	36	1615	 8 
105443	422024	331743	957	40163	 6 
105393	424528	331743	963	40966	 5 
105462	421343	331743	949	40273	 4 

105312	414187	330379	977	41231	 100 
105281	416263	330379	977	41058	 100 
105346	417298	330379	8	564	 94 ***
105290	416187	330379	974	40563	 89 
104140	423204	330379	969	40672	 89 
105323	421253	330379	486	20872	 86 
105342	422119	330379	21	458	 82 
104157	419330	330379	972	41230	 80 
105331	418963	330379	29	894	 75 
104551	424464	330379	968	40401	 73 
105340	417863	330379	29	772	 72 
105345	417702	330379	29	761	 65 
105345	416983	330379	35	1056	 60 
105279	418909	330379	955	40463	 57 
105286	418219	330379	974	40754	 56 
104771	418725	330379	973	41052	 55 
105289	417775	330379	971	40953	 53 
105344	421760	330379	27	1024	 52 
104508	419150	330379	970	40557	 48 
104275	416706	330379	975	40910	 47 
105344	420470	330379	28	757	 42 
104141	422460	330379	978	40977	 40 
105331	420980	330379	485	20312	 39 
105282	418790	330379	968	40561	 38 
105296	414926	330379	493	20712	 38 
105341	416845	330379	39	1396	 36 
105339	418038	330379	33	1047	 34 
105382	412661	330379	970	40471	 31 
105322	419317	330379	491	20717	 28 
105345	419271	330379	28	611	 23 
105312	423657	330379	489	20632	 16 
105338	414122	330379	977	40876	 15 
105347	413146	330379	978	40769	 15 
105311	414744	330379	980	41242	 13 
105341	414897	330379	973	40385	 7 
105345	413918	330379	973	41045	 6 
105275	418228	330379	971	40883	 5 
105352	416747	330379	42	1681	 5 
105338	414451	330379	976	41029	 3 
105344	420461	330379	28	844	 3 
105355	411961	330379	974	40947	 2 
104200	418853	330379	977	41002	 0 

105064	408704	322844	29	658	 100 ***
104014	413250	322844	964	40369	 98 
105029	409946	322844	960	40689	 97 
105030	412271	322844	943	40033	 92 
103887	408323	322844	968	39759	 90 
103971	413468	322844	966	40570	 85 
105041	408447	322844	959	40204	 84 
105027	413400	322844	487	20391	 83 
105007	411065	322844	964	40371	 81 
105087	405596	322844	970	40494	 80 
105040	411177	322844	943	40213	 80 
105063	410707	322844	30	999	 80 
105058	411380	322844	940	39840	 70 
105050	409801	322844	946	40417	 68 
104442	412234	322844	962	40411	 68 
105074	410046	322844	27	989	 65 
105056	408267	322844	963	39850	 63 
104437	410875	322844	966	40449	 60 
105052	407748	322844	965	40731	 56 
104999	408215	322844	970	40985	 54 
105093	408330	322844	962	40800	 49 
105017	411444	322844	947	39943	 48 
103861	410293	322844	969	40890	 48 
105049	408286	322844	966	40898	 42 
104252	413999	322844	958	40637	 42 
105023	410323	322844	962	40222	 42 
105021	405147	322844	972	40941	 41 
105058	410985	322844	30	959	 40 
104992	411388	322844	957	39755	 38 
105079	407273	322844	964	40487	 35 
105027	410138	322844	946	40017	 35 
105061	409199	322844	948	40554	 32 
105053	413267	322844	484	20095	 30 
105043	413376	322844	563	24801	 30 
105057	406360	322844	969	40605	 26 
105069	410615	322844	7	327	 23 
105063	410059	322844	37	1109	 17 
105106	407142	322844	965	40700	 12 
105006	407292	322844	967	40545	 9 
105043	409301	322844	958	40116	 5 
105006	409334	322844	965	40282	 4 
105064	408761	322844	29	659	 4 

104853	397840	321079	968	40267	 99 
104857	398897	321079	960	40039	 98 
104872	402635	321079	474	20001	 94 
104954	397201	321079	959	39331	 93 
104824	401201	321079	962	39570	 91 
103690	404596	321079	960	39856	 89 
104851	398940	321079	965	40048	 87 
104887	401406	321079	38	1034	 85 
104268	402506	321079	964	40256	 82 
104851	399474	321079	962	40176	 82 
104899	404963	321079	23	341	 81 
104849	399104	321079	968	40248	 80 
104855	399337	321079	960	39841	 80 
104816	402829	321079	961	40071	 78 
104916	398293	321079	936	39062	 74 
104873	399456	321079	940	39269	 74 
103834	402936	321079	958	39837	 73 
104893	397115	321079	961	40042	 71 
104800	401486	321079	963	39951	 69 
104818	399260	321079	963	40114	 67 
103812	402921	321079	961	39610	 65 
104859	398772	321079	962	39931	 65 
104885	401707	321079	32	930	 62 
104883	402275	321079	40	906	 61 
104868	399375	321079	955	39958	 58 
104891	403974	321079	31	729	 58 
104888	400319	321079	936	39148	 56 
104841	399166	321079	965	39840	 55 
104892	401261	321079	36	1062	 54 
104240	404012	321079	957	39539	 53 
104938	396465	321079	963	40113	 53 
104811	403466	321079	952	39339	 50 
104895	401636	321079	33	925	 48 
104897	401665	321079	32	897	 47 
103806	403919	321079	960	39841	 44 
104884	402020	321079	35	1315	 43 
104862	397978	321079	965	40059	 41 
104858	399166	321079	957	39505	 38 
104892	401507	321079	36	1072	 35 
104829	399698	321079	962	39813	 34 
104856	401167	321079	478	19901	 34 
104897	398681	321079	37	1014	 31 ***
104805	400793	321079	963	40001	 30 
104865	400285	321079	942	39299	 30 
104066	399778	321079	968	40158	 30 
104890	404976	321079	30	474	 30 
104817	402768	321079	960	39832	 29 
104863	397904	321079	960	39465	 20 
104893	402069	321079	30	725	 19 
104863	397204	321079	959	39463	 17 
104896	400844	321079	36	1201	 17 
104305	402407	321079	965	39782	 16 
104885	400462	321079	39	1365	 16 
104867	400193	321079	954	39839	 15 
104895	403914	321079	24	446	 12 
104846	399528	321079	958	39611	 11 
103830	402599	321079	963	40074	 9 
103694	403784	321079	967	40167	 7 
104904	401312	321079	35	619	 7 
104824	400656	321079	943	39564	 5 
104782	401606	321079	966	40257	 4 
104873	403872	321079	467	19408	 4 

104819	395769	321290	29	877	 97 
104777	392707	321290	956	39884	 95 
104802	390685	321290	955	39745	 95 
104787	391814	321290	957	40199	 93 
104778	394630	321290	950	39713	 93 
104797	393472	321290	930	39386	 93 
104822	396147	321290	12	131	 92 
104848	391161	321290	931	39314	 91 
104793	391826	321290	953	40050	 91 
104818	395163	321290	31	924	 91 
104818	396323	321290	27	843	 88 
104804	393277	321290	926	38749	 86 
104786	395095	321290	933	39652	 85 
104824	394849	321290	27	858	 85 ***
104834	391824	321290	954	39843	 80 
104770	393089	321290	951	39842	 79 
104833	391904	321290	952	39677	 79 
104812	396124	321290	38	855	 75 
103625	398136	321290	961	40240	 72 
104772	395419	321290	936	39536	 68 
104840	393100	321290	948	39617	 67 
104764	396967	321290	936	39870	 66 
104753	394999	321290	957	39733	 61 
104799	396008	321290	928	38984	 61 
104819	394921	321290	31	1153	 60 
104741	395122	321290	962	39980	 57 
103976	396058	321290	953	39646	 55 
104183	400377	321290	950	39782	 53 
104794	393351	321290	950	39723	 53 
104735	396919	321290	951	39364	 45 
104780	392032	321290	951	39835	 42 
104792	396144	321290	482	20391	 42 
104744	398021	321290	933	39724	 42 
103639	395731	321290	954	39353	 41 
104809	395173	321290	544	23638	 37 
104789	395799	321290	931	39216	 34 
104811	396900	321290	31	997	 34 
104786	395398	321290	947	39689	 31 
104785	399531	321290	483	20528	 29 
104007	401350	321290	952	39881	 28 
104825	395528	321290	8	83	 28 
104758	394571	321290	951	40169	 23 
104812	394950	321290	36	1080	 23 
104745	395713	321290	956	39779	 22 
103621	398665	321290	960	39564	 21 
104758	397038	321290	950	40035	 18 
104733	397480	321290	950	39865	 17 
104816	395449	321290	30	1027	 16 
104766	394412	321290	951	39556	 4 

104509	390254	318893	939	39198	 99 
104547	387649	318893	935	38894	 98 
104549	395348	318893	480	20150	 98 
103775	391329	318893	958	39430	 97 
104554	392217	318893	476	19920	 97 
104563	388464	318893	30	768	 95 ***
104531	388272	318893	926	38809	 92 
104520	391241	318893	938	38848	 90 
104595	387234	318893	952	39198	 90 
104563	388984	318893	30	667	 89 
104482	392641	318893	939	39015	 88 
104498	387596	318893	953	39610	 84 
104565	388578	318893	29	888	 81 
103786	392333	318893	954	39474	 79 
104565	386616	318893	954	39324	 76 
104573	384595	318893	958	39598	 76 
104573	388986	318893	24	376	 75 
104557	387408	318893	952	39233	 73 
104563	388578	318893	34	1327	 73 
104566	390933	318893	24	859	 72 
104543	388031	318893	932	38296	 71 
104508	387896	318893	951	39493	 70 
104542	388046	318893	950	39398	 70 
104575	392399	318893	10	62	 66 
104580	387280	318893	953	39257	 65 
103942	390950	318893	959	39472	 65 
103390	394734	318893	950	39062	 59 
103476	392156	318893	958	39727	 56 
104529	389537	318893	935	38661	 55 
104455	390534	318893	958	39507	 53 
104497	385471	318893	955	39506	 49 
104582	391392	318893	6	32	 49 
103976	391898	318893	957	39661	 46 
104493	388128	318893	951	39261	 45 
104489	392580	318893	941	38645	 45 
104567	390353	318893	28	875	 45 
104571	390323	318893	27	384	 44 
104574	391549	318893	14	236	 43 
104525	386829	318893	954	39153	 37 
104571	391510	318893	21	799	 36 
103931	392638	318893	944	38923	 34 
104487	390111	318893	962	39285	 32 
104480	392381	318893	952	39417	 19 
103417	391622	318893	959	39604	 18 
104572	392302	318893	19	341	 15 
104488	389683	318893	958	39540	 9 
104514	385275	318893	960	39601	 1 
104492	388159	318893	953	39127	 1 

104613	383325	320601	940	38897	 99 
103378	387128	320601	956	39222	 99 
104625	385371	320601	34	984	 97 
104627	385278	320601	32	908	 94 
104581	385696	320601	479	19736	 93 
103602	385330	320601	937	38539	 92 
104586	380468	320601	953	38926	 91 
104561	383860	320601	948	38950	 91 
104614	382241	320601	948	39127	 90 
104621	388337	320601	29	1106	 86 
104627	385491	320601	33	951	 84 
104631	382136	320601	945	38959	 82 
104619	386539	320601	31	793	 82 
103574	388083	320601	944	38632	 81 
104594	383076	320601	948	38677	 78 
103831	384246	320601	953	39461	 77 
104616	389049	320601	477	19744	 71 
104617	385076	320601	36	736	 69 
104623	380859	320601	950	39060	 68 
104628	384656	320601	33	1191	 62 
104674	379526	320601	948	38973	 57 
103533	385643	320601	953	38981	 54 
104623	385550	320601	31	893	 50 
103434	385776	320601	950	39138	 45 
103410	391242	320601	954	39364	 44 
104543	384793	320601	952	39184	 42 
104623	387876	320601	30	649	 42 
104596	383449	320601	926	38111	 41 
103427	389401	320601	955	39406	 38 
104584	381945	320601	949	39290	 37 
103549	388004	320601	949	39158	 36 
103431	384502	320601	955	39307	 36 
104555	381642	320601	953	39139	 34 
104565	381516	320601	953	39263	 31 
104567	383766	320601	482	20008	 26 ***
104551	384682	320601	951	38888	 24 
104628	384565	320601	28	751	 23 
104556	388044	320601	936	39010	 22 
104618	385721	320601	32	882	 19 
103555	386023	320601	947	38854	 17 
104584	383608	320601	923	38779	 17 
104627	386983	320601	27	673	 16 
104580	383705	320601	949	39214	 15 
104615	383292	320601	927	38610	 15 
104568	381234	320601	951	39218	 15 
103433	389415	320601	947	38869	 13 
104627	385153	320601	34	1091	 11 
104620	383259	320601	946	39073	 10 
104628	384947	320601	29	783	 8 
103583	390307	320601	940	38541	 4 
104618	386558	320601	35	1051	 3 
103412	390909	320601	943	38854	 2 

104840	383884	325011	960	39037	 97 
104843	387657	325011	20	257	 95 
104844	384045	325011	956	39017	 92 
104854	383824	325011	953	39380	 91 
104871	384782	325011	951	38989	 89 
104821	386211	325011	952	39427	 89 
104855	382787	325011	960	39051	 89 
104820	387038	325011	33	934	 89 ***
104876	382676	325011	958	39130	 87 
104886	382773	325011	928	38076	 87 
104062	388180	325011	958	39163	 84 
104820	390616	325011	30	1271	 84 
104864	385207	325011	928	37844	 80 
103821	390906	325011	958	39397	 79 
104816	383993	325011	960	39357	 78 
104867	383413	325011	957	39016	 74 
103686	388270	325011	959	39121	 73 
104852	385473	325011	944	38655	 69 
104844	387418	325011	27	1008	 63 
104811	385285	325011	954	39025	 59 
104881	382672	325011	956	39240	 59 
104848	383701	325011	956	39377	 53 
104854	382163	325011	961	39500	 52 
104845	382074	325011	962	38977	 50 
104823	387523	325011	23	508	 48 
104861	385013	325011	937	38742	 46 
104873	383212	325011	958	39226	 43 
103827	387877	325011	961	39212	 36 
104868	384863	325011	930	38252	 36 
104088	393430	325011	956	39089	 36 
104855	383324	325011	959	39503	 32 
104914	382353	325011	933	38642	 31 
103803	384547	325011	962	39044	 22 
104828	387426	325011	30	768	 22 
104826	384505	325011	956	39273	 19 
104111	388682	325011	953	39112	 19 
104201	386123	325011	955	39073	 18 
104812	385785	325011	953	38988	 10 
104872	383277	325011	933	38657	 9 
104844	382910	325011	960	39507	 8 
104863	381009	325011	959	39573	 8 
104828	387345	325011	31	1136	 7 
104831	385592	325011	34	1327	 3 
104825	386540	325011	37	1366	 2 

103778	383303	322693	953	40121	 97 
103751	379264	322693	960	40107	 97 
104768	381269	322693	21	528	 92 
103739	379745	322693	962	39838	 90 
104856	374620	322693	959	39932	 86 
104758	378034	322693	963	40099	 80 
104804	374638	322693	957	39986	 64 
103664	382324	322693	963	40312	 61 
104761	379418	322693	39	989	 59 
104772	377124	322693	965	40129	 57 
104764	377901	322693	31	793	 57 ***
104767	380371	322693	30	656	 53 
104084	380247	322693	958	39688	 46 
104774	380110	322693	30	985	 40 
104762	377977	322693	32	915	 37 
104761	378878	322693	961	39867	 35 
104783	375722	322693	960	40022	 34 
104774	381034	322693	28	412	 33 
103726	382875	322693	956	39499	 31 
104022	379043	322693	960	39962	 26 
104749	382301	322693	942	39592	 25 
103767	381084	322693	955	39675	 22 
104812	374350	322693	964	40176	 21 
103714	378641	322693	964	40104	 18 
104757	380588	322693	480	19632	 12 
104774	376648	322693	37	1120	 9 

104759	374841	324193	36	1004	 93 
104742	376650	324193	955	39404	 91 
104784	373066	324193	952	39847	 88 
104757	375903	324193	33	1021	 85 
104768	374276	324193	953	39668	 81 
104758	374941	324193	36	1014	 81 
104779	374250	324193	957	39759	 80 
104757	377248	324193	27	1000	 79 
104793	372869	324193	953	39606	 78 
104761	375063	324193	30	888	 72 
103667	379197	324193	959	39495	 67 
104749	377226	324193	28	925	 67 
104824	372834	324193	940	38958	 65 
103785	374111	324193	959	40096	 65 
104760	376530	324193	6	108	 59 
104741	377803	324193	30	1196	 58 
103992	381170	324193	948	38914	 57 
104766	373883	324193	960	39765	 55 
104751	380273	324193	9	178	 53 
104858	374425	324193	931	39571	 51 
103744	379032	324193	954	40086	 50 
104780	374067	324193	957	39699	 45 
104763	374535	324193	957	39693	 41 
104768	374805	324193	956	39928	 39 
104816	372180	324193	955	39737	 39 
104771	375714	324193	29	884	 37 
104747	375977	324193	954	39866	 36 
104757	375987	324193	32	898	 28 
104804	372947	324193	951	39788	 22 
104782	372399	324193	958	39960	 19 
104805	372631	324193	954	39969	 19 
104766	374512	324193	957	40010	 14 
104797	373413	324193	934	39509	 14 
104768	374412	324193	957	39869	 12 
104757	378452	324193	25	870	 12 
104824	371896	324193	959	40026	 11 
104759	374575	324193	958	39880	 10 
104749	375051	324193	956	39716	 9 
103756	375858	324193	956	39919	 8 
104190	377354	324193	954	39756	 7 
104757	376671	324193	3	7	 6 ***
104775	372855	324193	958	40127	 1 

104781	371827	324690	32	1133	 94 
104820	368656	324690	962	40067	 93 
104778	372800	324690	33	938	 93 
104779	372492	324690	41	1328	 91 
104871	367858	324690	959	39944	 90 
104772	377188	324690	24	1084	 88 
104783	375063	324690	23	746	 86 
104835	371597	324690	477	19572	 78 
104783	376306	324690	22	469	 70 
103749	373470	324690	957	39870	 63 
104807	370642	324690	930	39301	 54 
104766	373718	324690	25	737	 54 ***
104763	371563	324690	958	39927	 52 
104804	369058	324690	955	38978	 50 
104788	370561	324690	959	39949	 50 
104774	376366	324690	24	829	 44 
104865	369277	324690	950	38986	 40 
103763	371752	324690	938	39179	 40 
104806	369847	324690	953	39887	 36 
104792	369760	324690	960	40002	 35 
103656	372953	324690	958	39786	 34 
104785	379614	324690	20	337	 34 
104776	370701	324690	958	39762	 32 
104790	373563	324690	29	777	 32 
104779	377743	324690	22	386	 30 
104823	370488	324690	946	39582	 25 
103650	376188	324690	957	39812	 25 
104795	373175	324690	29	851	 25 
104861	368926	324690	959	39881	 23 
104843	368770	324690	960	40053	 20 
104791	371020	324690	949	39087	 19 
104835	369153	324690	953	39908	 11 
104847	368260	324690	960	39821	 5 
104782	373303	324690	31	890	 4 
103672	375655	324690	955	39824	 3 
104826	369478	324690	936	39461	 0 
103713	370061	324690	960	39629	 0 

104980	370689	325842	961	39086	 96 
103739	376587	325842	968	40092	 92 
104926	371777	325842	971	40286	 84 
103911	374346	325842	961	40040	 80 
104911	373043	325842	959	39302	 79 
104118	378917	325842	958	40079	 78 
104881	375114	325842	32	1170	 78 
104875	375621	325842	29	658	 73 ***
104927	372201	325842	965	39755	 72 
104988	371789	325842	960	39913	 68 
104982	372993	325842	952	39575	 67 
104874	375449	325842	30	902	 65 
104887	376048	325842	28	889	 58 
103757	378588	325842	965	40170	 57 
104883	374418	325842	30	902	 56 
104948	373769	325842	955	40081	 52 
103863	380259	325842	960	40027	 51 
103890	376230	325842	961	39850	 50 
103781	379319	325842	963	40284	 50 
104880	376755	325842	19	501	 46 
104322	375691	325842	960	40297	 44 
104935	371381	325842	961	39839	 37 
104177	377418	325842	959	39750	 32 
104923	372347	325842	963	40195	 30 
104939	372214	325842	960	39753	 30 
104911	374035	325842	966	40370	 27 
103820	376807	325842	964	40053	 24 
105014	371938	325842	957	39929	 22 
104914	372195	325842	966	40208	 20 
104915	374133	325842	949	39457	 19 
104911	373556	325842	960	40092	 18 
104873	375954	325842	30	780	 18 
104876	377094	325842	28	910	 12 
104885	374061	325842	964	40194	 3 
104160	378182	325842	960	39801	 3 
104944	372890	325842	956	39788	 2 

104937	368356	326132	960	40119	 100 
103784	376170	326132	957	40307	 97 
104932	369579	326132	960	40445	 95 
104921	367559	326132	964	40562	 94 
104923	368089	326132	962	40344	 92 
104945	368953	326132	958	40192	 86 
104889	370933	326132	959	40150	 85 
104955	368458	326132	958	40328	 75 
104995	367803	326132	959	40130	 74 
104857	372948	326132	572	24153	 74 
104867	372323	326132	30	1149	 72 
104951	369539	326132	935	39618	 67 
104876	369111	326132	966	40502	 65 
104932	369482	326132	959	40185	 65 
104165	371343	326132	959	40070	 64 
104935	367667	326132	961	39976	 63 
103900	372423	326132	958	39981	 59 
104896	367858	326132	963	39772	 59 
104895	368254	326132	963	40382	 43 
103733	372369	326132	959	40047	 42 
104927	371261	326132	572	23843	 38 
103887	369360	326132	962	40244	 31 
104869	371452	326132	5	32	 30 ***
103885	374573	326132	953	40080	 27 
104941	369219	326132	959	40191	 25 
104921	369169	326132	962	40521	 25 
104959	368478	326132	936	39741	 24 
104945	371066	326132	937	39929	 23 
104945	368561	326132	959	39880	 14 
104884	371065	326132	947	40059	 9 
104958	370602	326132	934	39511	 7 
104935	368558	326132	960	40279	 6 
104892	369589	326132	938	39682	 4 
104927	371177	326132	935	39735	 1 
104948	368700	326132	940	39830	 0 
104956	368149	326132	960	39881	 0 

104805	363954	324971	955	39507	 93 
104821	363092	324971	961	40077	 91 
104818	363832	324971	932	39292	 86 
104795	364145	324971	954	39795	 80 
104774	364469	324971	960	40095	 78 
104754	364755	324971	479	19702	 75 
104771	364104	324971	961	39664	 74 
103777	364936	324971	957	40189	 72 
104765	366703	324971	38	902	 65 
104780	364735	324971	955	40012	 60 
103737	366194	324971	961	40225	 56 
104835	362890	324971	966	39850	 55 
104741	368552	324971	37	669	 53 
103712	368420	324971	959	39667	 52 
104840	362875	324971	964	40053	 52 
104745	366732	324971	16	538	 50 ***
104758	363769	324971	963	40087	 47 
104740	366755	324971	43	1302	 47 
104204	364475	324971	958	39728	 45 
104742	369314	324971	35	1096	 45 
103641	368777	324971	962	40314	 44 
104742	366130	324971	39	906	 36 
104748	364883	324971	39	958	 35 
103701	369075	324971	961	40161	 34 
104787	363129	324971	956	39948	 30 
104743	367175	324971	19	614	 27 
103655	367687	324971	967	40187	 25 
104773	363986	324971	961	40061	 23 
104779	363849	324971	962	40111	 22 
104736	368939	324971	40	993	 15 
104230	371077	324971	951	39495	 14 
103731	369264	324971	956	39822	 10 
103768	371867	324971	952	39404	 6 
104733	367509	324971	46	1042	 4 
104733	367988	324971	41	1180	 2 
103693	369551	324971	958	39963	 1 

103599	364985	324325	970	39471	 100 
104719	362949	324325	973	40327	 91 
104769	363170	324325	967	39715	 90 
104698	363614	324325	949	39293	 87 
103714	366964	324325	962	39459	 87 
104767	361820	324325	975	40313	 85 
104674	367347	324325	34	918	 85 
104761	362572	324325	971	39894	 82 
104750	362642	324325	972	40026	 79 
104713	363452	324325	975	40304	 79 
104754	362603	324325	972	39874	 79 
104748	362601	324325	974	40026	 77 
104677	364252	324325	30	928	 77 
104674	366253	324325	35	889	 74 
104680	366245	324325	23	604	 69 
104758	363040	324325	971	40210	 62 
104672	363855	324325	975	40369	 61 
104817	363249	324325	961	39902	 61 
104759	363114	324325	969	40020	 61 
104684	365331	324325	5	622	 61 ***
103692	370372	324325	968	39969	 60 
103673	370578	324325	964	39519	 60 
104761	362786	324325	971	39960	 57 
104784	361771	324325	969	39767	 54 
104688	365294	324325	26	760	 54 
104734	362567	324325	976	40085	 49 
104743	362715	324325	972	40167	 47 
104728	362891	324325	974	39993	 43 
103713	364975	324325	971	40038	 42 
104684	365014	324325	29	854	 39 
104688	364971	324325	27	764	 38 
104134	363527	324325	977	40392	 34 
104782	363124	324325	967	39875	 34 
103584	364608	324325	975	40321	 27 
104745	363180	324325	971	39869	 24 
104763	362813	324325	970	39889	 17 
104678	365673	324325	26	760	 15 
104677	363782	324325	969	39876	 14 
104732	363435	324325	967	39615	 13 
104677	365191	324325	27	768	 10 
103980	366101	324325	964	39343	 9 
104757	362530	324325	973	39791	 6 
104681	367388	324325	7	192	 3 
104761	362226	324325	973	39951	 1 
104743	363510	324325	964	39764	 0 

104622	359505	325358	31	839	 100 ***
104616	359964	325358	34	929	 98 
104632	365962	325358	21	170	 97 
104622	362192	325358	26	516	 94 
104674	359480	325358	945	39165	 93 
104681	358439	325358	967	39775	 90 
104652	358823	325358	963	39443	 79 
104671	359458	325358	958	39238	 78 
103481	361351	325358	972	39720	 77 
104681	358692	325358	964	39207	 74 
104621	362157	325358	28	1004	 73 
104663	358748	325358	969	39652	 70 
104671	358501	325358	969	39691	 69 
104612	361410	325358	30	905	 69 
104615	359811	325358	37	889	 66 
103522	361800	325358	964	39555	 65 
104620	361092	325358	32	836	 64 
103665	360626	325358	969	39497	 63 
103535	366508	325358	962	39206	 61 
104627	365924	325358	24	379	 55 
103487	360031	325358	971	39698	 53 
104624	361250	325358	26	516	 51 
104699	358905	325358	945	39304	 44 
104617	359570	325358	973	39917	 27 
104626	359179	325358	966	39584	 27 
104682	358094	325358	968	39379	 25 
104642	359131	325358	967	39147	 24 
103689	363708	325358	962	39177	 22 
104045	359575	325358	969	39779	 20 
104620	363095	325358	27	760	 18 
104737	357748	325358	971	39724	 11 
104641	358847	325358	968	39462	 11 
104617	363161	325358	25	623	 6 
103486	363462	325358	969	39407	 5 
104601	365011	325358	951	39161	 1 
103457	364780	325358	965	39551	 0 

104866	410424	329073	966	39437	 96 
104839	409337	329073	973	40025	 95 
104794	411385	329073	33	1117	 94 
104273	411476	329073	972	39416	 87 
103822	412219	329073	968	39013	 87 
103693	414457	329073	970	39902	 86 
104808	411104	329073	17	423	 83 ***
104882	408604	329073	944	39083	 78 
104795	411131	329073	27	784	 78 
104805	411877	329073	19	282	 73 
104802	412113	329073	23	702	 68 
104858	409886	329073	970	39806	 67 
103693	416113	329073	977	39964	 66 
103801	412295	329073	972	39987	 64 
104868	409351	329073	968	39408	 62 
103789	416868	329073	969	39828	 62 
104878	409374	329073	967	39277	 53 
104851	410492	329073	970	39370	 49 
103799	413160	329073	971	39686	 49 
103809	413216	329073	970	39548	 48 
104844	410557	329073	949	39391	 47 
103651	416247	329073	970	39806	 46 
104800	414098	329073	23	728	 29 
104871	409516	329073	967	39635	 27 
104854	408942	329073	973	39570	 21 
104802	410614	329073	22	942	 20 
103803	415656	329073	969	39933	 15 
104858	408821	329073	970	39679	 14 
104804	412162	329073	21	373	 9 
104817	413473	329073	15	293	 7 
104802	411291	329073	23	739	 4 
104802	411427	329073	26	762	 2 

104647	354816	325573	21	1035	 96 
104695	350294	325573	964	39266	 95 
104083	351199	325573	955	39164	 90 
104640	353368	325573	36	1156	 86 
104676	350742	325573	962	39246	 84 
104650	352527	325573	26	872	 83 
104706	350356	325573	960	39645	 78 
103555	355830	325573	957	39193	 74 
104696	350441	325573	963	39610	 71 
104661	350738	325573	963	39445	 67 
103903	352491	325573	960	39439	 65 
104646	353355	325573	33	925	 62 
104643	353503	325573	26	819	 56 
103664	355621	325573	950	38948	 54 
103662	353003	325573	957	39317	 50 
103507	354465	325573	962	39319	 45 
104721	350168	325573	946	38992	 44 
103549	351970	325573	961	39078	 44 
104642	354136	325573	29	887	 42 
104702	350508	325573	962	39526	 41 
104665	351018	325573	961	39539	 40 
104650	351162	325573	18	366	 39 ***
104648	352861	325573	36	1249	 36 
104675	350666	325573	963	39130	 33 
103637	355120	325573	957	39186	 29 
103541	357792	325573	961	39066	 27 
104647	351747	325573	39	1175	 27 
104647	353058	325573	26	819	 26 
104677	350796	325573	944	39003	 22 
104645	353378	325573	25	804	 17 
104709	350564	325573	959	39355	 2 
104715	349610	325573	960	39416	 2 

103556	349206	324511	958	39321	 100 
103674	345381	324511	953	39128	 99 
104654	345448	324511	25	1104	 99 
103664	346202	324511	963	39557	 86 
104665	344213	324511	30	837	 85 
104674	348092	324511	15	133	 82 
104672	346292	324511	16	579	 80 
104754	342303	324511	955	38910	 75 
103628	348077	324511	960	39210	 75 
104182	347568	324511	952	38285	 74 
104666	344766	324511	26	819	 71 
104660	344984	324511	19	911	 68 
104703	342176	324511	959	39409	 66 
104667	343210	324511	18	803	 66 ***
104660	347475	324511	20	834	 64 
104711	342501	324511	957	39413	 59 
103529	347218	324511	962	39642	 58 
104655	345349	324511	27	1013	 57 
103937	344525	324511	960	39313	 55 
104651	348864	324511	26	773	 54 
104654	348158	324511	29	1038	 52 
104663	344428	324511	30	834	 49 
104662	347199	324511	18	339	 46 
104727	342592	324511	956	39318	 38 
104703	342547	324511	959	39109	 37 
104650	344428	324511	38	1001	 32 
103947	344423	324511	961	39422	 24 
104655	345414	324511	34	964	 15 
104680	342064	324511	960	39133	 12 
104657	345580	324511	23	915	 9 
104751	343205	324511	954	39336	 6 
103520	350046	324511	960	39390	 3 
104759	342842	324511	929	37840	 1 
104655	345966	324511	22	613	 1 

103815	347512	324533	955	39317	 98 
103768	348247	324533	946	39083	 96 
103767	345904	324533	957	39618	 96 
103673	350715	324533	951	38832	 88 
104781	342643	324533	48	1551	 77 
104781	344580	324533	25	758	 76 ***
104780	345038	324533	29	830	 75 
103770	343736	324533	956	39631	 68 
104884	342578	324533	946	39129	 67 
103690	347249	324533	959	39254	 63 
104847	342507	324533	959	39470	 62 
104857	342081	324533	949	38833	 60 
104092	342771	324533	956	39378	 53 
103814	347669	324533	955	39136	 43 
104785	344577	324533	43	1390	 41 
104790	344443	324533	24	739	 40 
104091	345231	324533	955	39133	 35 
104857	342174	324533	952	39517	 30 
104794	343646	324533	40	1339	 30 
104096	344991	324533	949	39445	 29 
104062	346617	324533	950	39276	 27 
104858	342084	324533	948	39205	 27 
103752	347862	324533	955	39328	 26 
103813	347767	324533	955	39639	 25 
104786	343762	324533	37	1376	 15 
104894	341937	324533	953	39394	 14 
104777	345452	324533	30	830	 13 
103668	347923	324533	954	39579	 3 

104760	343403	324558	32	1094	 91 
103728	343623	324558	958	39780	 90 
104767	342585	324558	38	1400	 85 
104751	344969	324558	31	838	 79 
104750	346337	324558	36	1142	 78 
104855	341392	324558	955	39661	 66 
104180	348488	324558	580	23626	 58 
103629	344115	324558	954	39825	 53 
104754	343876	324558	26	865	 52 
104857	341073	324558	953	40030	 51 
104824	340298	324558	958	39724	 44 
104752	344470	324558	29	846	 41 
104766	341546	324558	40	968	 33 
104773	345701	324558	23	302	 32 
104762	343563	324558	27	770	 31 ***
103818	342623	324558	958	40123	 18 
104770	343169	324558	33	850	 8 
104751	345262	324558	30	823	 1 

104847	337537	325184	941	39299	 100 
104833	337375	325184	961	39895	 86 
104779	343545	325184	24	765	 85 
104824	337887	325184	959	39377	 75 
103699	343119	325184	954	39543	 75 
103809	342692	325184	958	39075	 75 
104811	337395	325184	963	39267	 75 
104826	336716	325184	963	39656	 72 
104769	339362	325184	28	1005	 70 
103666	344812	325184	959	39628	 69 
104891	337459	325184	959	39874	 68 
104805	337636	325184	963	39836	 66 
104780	338573	325184	9	166	 58 ***
104828	337657	325184	959	40042	 54 
104231	340638	325184	961	39594	 51 
103685	343944	325184	964	39857	 49 
104850	337085	325184	961	39644	 49 
104804	338024	325184	953	39621	 48 
104861	336545	325184	968	40189	 48 
103694	337848	325184	962	39790	 46 
103777	342039	325184	959	39671	 45 
104817	337911	325184	581	23686	 36 
104866	336610	325184	961	39739	 34 
104828	336656	325184	966	39837	 22 
104790	338364	325184	43	1150	 7 
104864	337886	325184	934	39097	 0 
104776	341757	325184	25	762	 0 

104969	333262	326861	933	39389	 99 
104844	333899	326861	32	868	 91 
104845	335579	326861	21	620	 88 ***
104880	332399	326861	961	40327	 87 
104911	333564	326861	957	39597	 84 
104121	335001	326861	955	39884	 72 
104908	332069	326861	960	40332	 68 
104988	332868	326861	936	39296	 63 
104907	333164	326861	960	39809	 53 
103844	333619	326861	961	39867	 51 
104979	332712	326861	959	40158	 48 
104855	335878	326861	18	734	 44 
103740	336268	326861	957	40050	 40 
104893	333260	326861	958	40115	 37 
104855	334020	326861	31	864	 33 
104843	336555	326861	26	608	 27 
104856	334692	326861	29	830	 25 
103825	337832	326861	954	40190	 20 
104850	334773	326861	29	830	 19 
103841	335389	326861	959	40324	 18 
104925	332725	326861	957	39563	 18 
104879	333817	326861	959	39983	 4 

105137	333064	334865	956	40167	 99 
105181	333279	334865	943	39903	 98 
105175	332641	334865	961	40519	 97 
104393	339655	334865	954	40048	 93 
105182	332408	334865	962	39843	 89 
104542	333716	334865	962	39988	 86 
105222	332846	334865	959	39640	 85 
105117	333555	334865	583	24278	 83 
105119	333828	334865	459	19390	 77 
104001	336586	334865	961	39821	 70 
103976	340683	334865	964	40501	 69 
105097	334455	334865	33	968	 62 
104332	338359	334865	958	39442	 61 
104136	332116	334865	963	40293	 58 
104386	339391	334865	957	40162	 56 
105085	334704	334865	32	883	 54 
105106	335159	334865	26	707	 39 
104085	338628	334865	960	40142	 37 
105147	332957	334865	952	39917	 25 
105089	336829	334865	14	438	 21 ***
105127	333448	334865	960	40016	 18 
105096	334153	334865	39	1057	 13 
104088	333901	334865	960	39974	 11 
105157	332897	334865	962	40103	 9 
105082	337630	334865	30	996	 8 
105097	335534	334865	28	925	 1 

