#105571	426279	330645	0	0	 36 
#104443	434910	330645	0	0	 26 
#104815	434252	330645	0	0	 24 
#105027	432092	330645	0	0	 17 
#104417	436851	330645	0	0	 16 
#105023	434234	330645	0	0	 9 

105478	418150	331743	979	41582	 98 
105435	423118	331743	31	723	 96 
105454	424415	331743	16	298	 94 
104257	426026	331743	977	41155	 88 
104827	426297	331743	975	41019	 87 
105431	425293	331743	27	669	 86 
105441	426101	331743	24	999	 83 
105375	423236	331743	981	41669	 81 
105378	424148	331743	971	40922	 81 
105442	426013	331743	22	464	 69 
105405	423171	331743	951	40879	 68 
105398	423780	331743	957	40328	 68 
105430	424384	331743	30	999	 67 
105429	424353	331743	491	21147	 65 
105386	427377	331743	970	41098	 64 
105408	421342	331743	947	40710	 62 ***
104228	425864	331743	980	41436	 61 
105440	422855	331743	27	993	 57 
104626	423864	331743	977	41541	 54 
105357	425166	331743	974	41203	 53 
105405	422299	331743	981	41249	 52 
105443	425033	331743	26	627	 48 
105430	421243	331743	975	41313	 44 
105455	419657	331743	973	41260	 40 
105395	422698	331743	973	41075	 40 
105408	422427	331743	978	41422	 39 
105411	420992	331743	976	40762	 37 
105392	427538	331743	488	21166	 37 
105399	425847	331743	955	41090	 33 
105385	423546	331743	978	41339	 33 
105389	422726	331743	979	41159	 32 
105392	422988	331743	977	41471	 32 
105423	418196	331743	978	41387	 30 
105481	418538	331743	973	40946	 30 
105464	420479	331743	971	41122	 30 
105450	424105	331743	26	899	 28 
105442	425376	331743	19	387	 26 
104390	429067	331743	966	41109	 24 
105387	423272	331743	973	41395	 22 
105443	425339	331743	26	631	 22 
104354	427641	331743	974	41199	 20 
104703	427015	331743	974	41209	 20 
105441	429600	331743	25	612	 20 
105451	421326	331743	971	41465	 18 
105437	421153	331743	974	40753	 17 
105404	422680	331743	980	41667	 16 
105455	424740	331743	15	238	 15 
105437	425105	331743	28	1010	 12 
105471	420199	331743	972	40575	 11 
105442	420900	331743	972	41245	 8 
104377	425258	331743	981	41667	 3 
105433	422932	331743	33	1032	 3 
105433	424325	331743	29	957	 0 

105255	418045	330379	963	40387	 97 
105301	418053	330379	30	695	 97 
104281	421601	330379	970	40960	 88 
105297	418682	330379	29	665	 84 
104232	418686	330379	981	41315	 79 
105318	415246	330379	950	40436	 76 
105291	419025	330379	21	507	 68 
105268	420067	330379	960	40485	 59 
105308	417997	330379	31	1031	 58 
105255	418704	330379	975	41019	 52 
105337	416276	330379	948	40526	 48 
105281	419934	330379	476	20748	 44 
105286	418229	330379	33	808	 41 
105354	414453	330379	971	40595	 40 
104233	419446	330379	974	41107	 39 
105368	416086	330379	558	23345	 38 
105319	413072	330379	976	40827	 36 
105335	416315	330379	942	40277	 31 
105289	416441	330379	32	727	 24 ***
105274	417164	330379	973	41008	 21 
104311	421236	330379	970	39937	 13 
105295	418663	330379	31	789	 12 
105275	414395	330379	972	41203	 9 
105332	415193	330379	968	40574	 7 

103883	412105	322844	970	40765	 97 
105011	409891	322844	963	40402	 93 
105018	409715	322844	6	38	 91 
105000	409353	322844	964	40609	 90 
105004	406901	322844	972	40808	 90 
103851	413822	322844	967	40897	 89 
104987	408332	322844	972	40963	 88 
104988	413164	322844	961	40556	 83 
104990	409593	322844	967	40637	 82 
105021	404697	322844	971	40858	 79 
103977	413224	322844	967	40284	 77 
105057	408066	322844	946	40448	 75 
104008	412035	322844	966	40030	 65 
105014	405780	322844	970	40601	 58 
105072	407653	322844	964	40705	 58 
105006	406966	322844	967	40672	 55 
104242	409553	322844	969	40442	 51 
103999	406246	322844	975	40830	 46 
105020	408374	322844	32	731	 46 ***
104998	412064	322844	965	40598	 44 
103979	410387	322844	974	40810	 42 
105000	411540	322844	946	40065	 39 
105104	407098	322844	945	39885	 39 
104997	415100	322844	487	20341	 39 
103977	416189	322844	965	40503	 37 
104474	411475	322844	966	40397	 36 
105043	407667	322844	965	40786	 36 
105014	409770	322844	8	208	 34 
105002	412493	322844	483	20202	 30 
104977	411419	322844	968	40657	 29 
105008	411100	322844	945	40087	 24 
105010	410755	322844	490	20726	 24 
104992	412312	322844	963	40275	 15 
105021	408005	322844	949	40483	 14 
104451	413702	322844	557	22900	 12 
104262	415762	322844	964	39877	 10 
105059	406339	322844	967	40532	 10 
105001	408005	322844	965	40557	 5 
104992	407614	322844	967	40731	 3 

104843	400419	321079	31	671	 98 
104060	404472	321079	956	39849	 96 
104815	400771	321079	961	40075	 91 
104820	404106	321079	957	39542	 90 
104847	400571	321079	14	455	 90 
104815	399472	321079	962	39786	 88 
104822	403369	321079	957	39445	 85 
104825	400720	321079	959	39405	 81 
104819	401525	321079	959	39455	 78 
104833	399880	321079	35	1114	 74 
104816	404389	321079	957	39606	 73 
104856	399456	321079	957	39825	 73 
104836	396845	321079	961	39993	 70 
104821	400959	321079	959	40059	 69 
104828	400076	321079	38	1026	 69 
104833	401000	321079	33	930	 68 
104871	398491	321079	940	39259	 66 
104868	398786	321079	958	39684	 60 
104826	400020	321079	959	40201	 58 
104827	401336	321079	40	1180	 58 
104822	398557	321079	964	39928	 57 
104808	402824	321079	959	39898	 57 
104831	401048	321079	31	658	 55 
104036	403139	321079	958	39482	 52 
103828	402687	321079	960	39640	 51 
104841	398851	321079	958	39469	 49 
104843	400571	321079	18	547	 49 
104844	400983	321079	15	456	 43 
104908	397621	321079	954	39857	 41 
104865	396411	321079	961	39687	 39 
104841	400708	321079	34	1054	 37 
103662	400625	321079	962	39765	 35 
103688	404525	321079	957	39580	 23 
104822	399386	321079	962	39763	 22 
104827	400742	321079	47	1302	 20 
104825	403973	321079	956	39511	 14 
104861	395760	321079	964	40110	 12 
104880	397805	321079	940	39363	 6 
104884	396026	321079	961	40018	 2 
104844	399731	321079	36	1099	 2 
104832	398901	321079	963	40150	 1 
104846	399458	321079	33	810	 1 ***
104064	399436	321079	967	40132	 0 

104771	394531	321290	27	871	 100 
104769	395265	321290	26	588	 91 
104761	396163	321290	35	1411	 86 
104777	392537	321290	958	40003	 85 
104761	395003	321290	33	990	 84 
104821	392320	321290	929	39584	 82 
104753	400943	321290	523	22354	 78 
104765	396190	321290	27	875	 75 
104781	390630	321290	959	40053	 73 
104741	393915	321290	953	40117	 72 
103588	398192	321290	958	40003	 71 
104760	398951	321290	30	1220	 70 
104798	391493	321290	956	39976	 67 
104838	392309	321290	935	39665	 66 
104776	394502	321290	27	753	 66 
104772	397712	321290	20	299	 64 
104826	391526	321290	952	39510	 63 
104775	392862	321290	960	40225	 60 
104818	392343	321290	950	39985	 58 
104764	393057	321290	952	40018	 57 
104800	391454	321290	957	39504	 57 
104807	392348	321290	949	39811	 54 
104777	393646	321290	950	39632	 49 
104780	394794	321290	25	732	 46 
104829	391163	321290	958	39698	 38 
104206	395962	321290	955	40136	 35 
104212	395311	321290	954	39993	 34 
104192	395478	321290	957	40087	 33 
104786	396750	321290	22	696	 32 
103621	401054	321290	954	39875	 28 
104763	393895	321290	28	752	 26 ***
104739	395213	321290	933	39824	 24 
104763	394105	321290	29	756	 22 
103627	396707	321290	950	40095	 21 
104761	396627	321290	32	1262	 21 
103685	398243	321290	949	39696	 17 
104758	400005	321290	548	22554	 10 
104796	392722	321290	946	39442	 9 
104789	392773	321290	954	39902	 6 
104762	397770	321290	30	786	 3 
104753	393742	321290	949	39367	 2 
104768	397839	321290	19	737	 2 
104770	396367	321290	24	848	 0 

104507	390303	318893	11	495	 96 ***
103513	389061	318893	964	39421	 95 
104560	387264	318893	955	39291	 94 
104514	388867	318893	31	727	 94 
104537	388082	318893	953	39523	 92 
104500	389035	318893	953	39221	 88 
103993	389385	318893	957	39555	 86 
104515	388853	318893	37	1175	 85 
104549	385487	318893	961	39715	 82 
104512	389808	318893	23	840	 82 
104603	386295	318893	932	38840	 80 
104571	384386	318893	960	39430	 79 
104585	386006	318893	951	39220	 77 
104515	389320	318893	28	1023	 73 
103510	389516	318893	958	39569	 70 
104514	389757	318893	27	738	 69 
103497	391194	318893	963	39755	 67 
104504	389868	318893	24	636	 65 
104515	388680	318893	30	894	 56 
104554	386900	318893	958	39628	 41 
104497	388087	318893	961	39475	 41 
104558	386469	318893	957	39736	 36 
103988	392622	318893	950	39238	 36 
103377	393929	318893	947	38180	 35 
103343	391429	318893	961	39861	 34 
104513	389513	318893	28	644	 34 
104533	387409	318893	957	39417	 32 
104518	388177	318893	30	806	 32 
104534	387355	318893	957	39500	 30 
104540	386978	318893	958	39368	 30 
104547	387383	318893	949	39647	 30 
104515	388768	318893	30	825	 30 
104562	385525	318893	955	39312	 25 
104501	387393	318893	958	39542	 25 
103387	392124	318893	960	39607	 24 
104518	386325	318893	961	39515	 23 
104596	387362	318893	950	39618	 20 
103946	388697	318893	962	39747	 18 
104500	390160	318893	30	970	 17 
103751	391754	318893	952	39393	 12 
103489	391850	318893	957	39431	 11 
104480	389245	318893	561	23685	 11 
104560	385841	318893	958	39326	 9 
104571	387269	318893	952	39690	 8 
104538	387889	318893	953	38977	 5 
104527	389368	318893	23	1070	 2 
104512	389916	318893	23	1403	 1 

103506	383839	320601	953	39327	 100 
104568	383443	320601	29	888	 88 ***
104535	386478	320601	945	38845	 86 
104645	381534	320601	949	39057	 81 
104568	384070	320601	13	684	 77 
104601	381029	320601	956	39224	 71 
104571	383189	320601	30	663	 66 
104598	381432	320601	951	39278	 65 
104551	385804	320601	30	1132	 65 
104557	383508	320601	29	1130	 63 
104642	381879	320601	946	38943	 61 
103405	386283	320601	949	39154	 47 
104561	383349	320601	955	39203	 46 
104550	384897	320601	938	38960	 44 
103553	391320	320601	943	38646	 24 
103552	384911	320601	946	39273	 23 
104583	381781	320601	948	39012	 20 
104577	382774	320601	953	39252	 19 
103563	384183	320601	951	38904	 1 
104569	382921	320601	954	39268	 0 

103708	390949	325011	962	39459	 90 
104824	387679	325011	33	1020	 89 
103684	388861	325011	963	39427	 88 
104802	388835	325011	957	39034	 83 
104833	385506	325011	31	896	 76 
104837	384869	325011	41	1052	 75 
103707	386742	325011	963	39568	 71 
104831	385321	325011	32	1196	 69 
104793	383564	325011	962	39211	 68 
104846	383178	325011	958	39464	 68 
104818	384825	325011	956	39225	 68 
104821	384499	325011	43	1817	 68 
104919	383512	325011	938	38835	 65 
104826	385102	325011	33	1017	 63 ***
104864	381888	325011	960	39250	 59 
104823	386426	325011	42	1698	 56 
103838	389557	325011	957	39112	 54 
104840	384483	325011	958	39380	 49 
104900	382125	325011	954	39047	 48 
104831	385813	325011	27	1115	 46 
104104	386962	325011	958	39429	 44 
104837	384492	325011	956	38892	 42 
103802	390448	325011	959	39137	 41 
104825	386829	325011	30	1012	 38 
104254	388844	325011	957	39453	 37 
104069	388424	325011	958	39193	 27 
104831	386691	325011	26	707	 26 
104791	385930	325011	964	39599	 22 
104847	382164	325011	945	38961	 21 
104824	384120	325011	961	39344	 21 
104836	382752	325011	960	39323	 16 
104911	382088	325011	957	38942	 16 
103725	390463	325011	954	39155	 13 
104811	386021	325011	961	39526	 10 
104845	385032	325011	38	1446	 9 
104909	384083	325011	942	38571	 8 
104939	380974	325011	949	38278	 8 
104817	386059	325011	960	39345	 7 
104830	386652	325011	32	883	 4 
104819	389493	325011	940	38402	 2 
103642	388116	325011	965	39592	 2 
103836	386039	325011	961	39385	 1 
104820	388992	325011	951	38706	 0 

104768	381351	322693	26	571	 94 
104772	379161	322693	26	631	 90 ***
104225	378438	322693	963	40087	 86 
104772	379134	322693	33	1150	 86 
103652	380204	322693	960	39693	 84 
104816	375593	322693	960	40094	 77 
104214	380465	322693	562	24633	 77 
104761	379386	322693	953	39768	 76 
104780	378812	322693	27	851	 74 
104783	375733	322693	964	40280	 70 
104794	379400	322693	21	327	 69 
104776	379022	322693	28	1087	 66 
104842	375326	322693	957	40202	 64 
104767	378777	322693	34	942	 64 
104770	378594	322693	40	1808	 63 
103649	382643	322693	957	40203	 60 
104777	379022	322693	27	632	 56 
103746	379610	322693	949	39901	 54 
104771	379871	322693	32	812	 53 
104827	374641	322693	961	40006	 52 
104878	375654	322693	951	40045	 47 
104779	378887	322693	30	885	 42 
104779	378424	322693	31	664	 41 
104823	375401	322693	962	40143	 34 
103617	383489	322693	962	40329	 27 
104794	375489	322693	966	40323	 27 
104773	380022	322693	21	327	 27 
103728	378525	322693	957	40018	 24 
103612	379194	322693	967	40369	 24 
104804	374515	322693	964	40355	 24 
104828	375983	322693	947	39782	 20 
104781	379653	322693	24	845	 10 
104773	376428	322693	32	960	 8 
104763	376998	322693	957	39906	 5 
104759	377175	322693	955	39927	 2 
103711	382666	322693	956	40229	 1 
104837	373847	322693	959	39934	 1 
104797	375984	322693	962	39828	 1 

104762	375266	324193	552	22983	 98 
103950	378000	324193	562	23751	 96 
104765	377078	324193	24	636	 95 
104807	372409	324193	956	39818	 90 
103750	377364	324193	941	39208	 87 
104792	373817	324193	560	23861	 70 
104840	373356	324193	949	38762	 68 
104764	374495	324193	31	907	 67 
104758	375983	324193	31	953	 65 
104751	376219	324193	939	39668	 63 
104797	372128	324193	957	40132	 63 
104755	372770	324193	960	40144	 61 
104770	373867	324193	28	888	 52 ***
103598	376720	324193	954	39476	 51 
104758	377099	324193	28	915	 51 
104044	376039	324193	954	39783	 50 
104036	376019	324193	955	39721	 49 
104756	374940	324193	953	39574	 45 
104184	377073	324193	536	23088	 45 
103750	376486	324193	959	40081	 44 
104769	376817	324193	27	815	 43 
104764	376735	324193	30	1128	 37 
104759	377252	324193	13	547	 32 
104748	373855	324193	956	40131	 28 
104799	373258	324193	953	39730	 28 
104833	372650	324193	955	39800	 24 
103989	373942	324193	958	39919	 20 
104809	371790	324193	959	39650	 16 
104757	376941	324193	30	881	 15 
104826	372107	324193	958	40099	 14 
104766	376851	324193	26	824	 14 
104770	373020	324193	957	39741	 6 
104841	373139	324193	953	39682	 6 

104019	375286	324690	955	39732	 97 
103782	373885	324690	958	40045	 88 
104808	369936	324690	967	40239	 84 
104779	373472	324690	29	991	 75 
104783	371403	324690	31	1147	 68 
104780	373492	324690	28	866	 67 
103790	373701	324690	957	39639	 63 
104826	368650	324690	963	40077	 60 
104781	371793	324690	29	1006	 60 
103616	376536	324690	963	39911	 57 
104777	371808	324690	30	914	 57 ***
104750	372261	324690	960	40023	 53 
104779	373760	324690	26	789	 53 
104752	372444	324690	559	23370	 52 
103724	377103	324690	955	39631	 47 
104781	373058	324690	17	504	 40 
104811	369394	324690	962	39507	 39 
104782	370956	324690	32	922	 37 
103639	372807	324690	960	39948	 36 
104832	369785	324690	953	39724	 34 
104775	371100	324690	36	1271	 33 
104825	369649	324690	957	39551	 30 
103649	374273	324690	959	39922	 29 
103603	377487	324690	962	40172	 28 
104778	370514	324690	961	39908	 27 
104841	368870	324690	933	38758	 25 
104772	371085	324690	961	40072	 25 
104811	369936	324690	575	25327	 20 
104787	370032	324690	32	1020	 17 
104775	372183	324690	956	39596	 15 
104830	369263	324690	955	39996	 12 
103685	372625	324690	962	40025	 10 
104827	368974	324690	957	39385	 8 
104771	371593	324690	968	40245	 7 
104816	368694	324690	961	40121	 4 
104812	369241	324690	959	39454	 4 
104778	374271	324690	28	1122	 4 
104861	368759	324690	952	40002	 3 
104813	369336	324690	958	40069	 2 
104828	368365	324690	957	40070	 2 

104888	373137	325842	32	914	 98 
104886	376886	325842	30	655	 93 
104886	376975	325842	31	716	 90 
104905	371828	325842	964	40148	 88 
104895	374201	325842	30	891	 79 
104885	376398	325842	34	915	 77 
103124	377625	325842	963	39945	 72 
104887	378689	325842	28	905	 69 
104981	372717	325842	960	39727	 62 
104883	376700	325842	35	912	 62 
104889	374645	325842	28	643	 61 
104893	373951	325842	31	1013	 60 
104892	374234	325842	30	1020	 59 
103886	377817	325842	961	39512	 57 
104394	375987	325842	959	39595	 57 
104884	375685	325842	958	40088	 54 
104928	372737	325842	957	39588	 54 
104907	372947	325842	962	39900	 52 
104919	371521	325842	963	39810	 51 
104977	371348	325842	966	40046	 50 
103887	374438	325842	965	40415	 50 
104106	376212	325842	963	40131	 42 
104892	375133	325842	7	204	 42 
104970	373054	325842	956	39584	 38 
104890	374284	325842	31	899	 37 
104888	375084	325842	10	277	 36 ***
104950	371533	325842	961	40171	 35 
104888	371743	325842	965	40226	 30 
104139	379361	325842	955	40004	 26 
104881	378598	325842	954	40236	 25 
104156	376508	325842	960	40044	 20 
103765	375357	325842	965	40178	 17 
104877	373078	325842	969	40321	 12 
104971	373087	325842	938	39544	 6 
104902	370706	325842	968	40373	 4 
103874	375721	325842	964	40124	 2 
104885	378647	325842	31	899	 2 

104938	367914	326132	960	40345	 96 
103767	373922	326132	960	40453	 94 
104888	370478	326132	30	902	 93 
104888	369339	326132	32	922	 92 
103769	371661	326132	955	39684	 90 
104954	368540	326132	942	39896	 90 
104877	369257	326132	543	23057	 84 
104949	368860	326132	943	40093	 82 
104889	371045	326132	12	499	 82 
104911	368134	326132	965	40366	 80 
104894	369043	326132	30	955	 76 
104888	374324	326132	27	871	 75 
104903	368433	326132	960	40578	 73 
104963	367611	326132	959	40459	 71 
104093	368698	326132	967	40188	 66 
104973	368239	326132	958	39982	 60 
104156	371206	326132	964	40379	 56 
104880	370913	326132	28	879	 49 ***
104917	368981	326132	956	40021	 40 
104874	372612	326132	484	20735	 37 
104921	367075	326132	963	40283	 25 
104890	370467	326132	30	814	 23 
104890	371640	326132	8	175	 17 
104882	369938	326132	31	1028	 11 
104892	369656	326132	29	948	 0 

103627	368450	324971	963	40062	 98 
103730	372505	324971	962	40297	 87 
104717	368816	324971	960	39949	 81 
104754	364154	324971	36	1402	 76 
103792	367694	324971	961	39881	 74 
104754	365038	324971	959	39585	 73 
103749	370075	324971	955	39663	 69 
104803	363284	324971	964	40075	 68 
104816	362884	324971	962	39898	 67 
103730	368912	324971	960	39605	 66 
103739	365906	324971	966	39870	 65 
104855	363749	324971	953	39742	 63 
104753	365715	324971	39	932	 61 
104739	366199	324971	563	24238	 60 
103971	365783	324971	963	40119	 59 
103744	372235	324971	957	39490	 59 
104850	363849	324971	946	38870	 51 
104732	369436	324971	958	39739	 51 
104755	364236	324971	33	884	 50 
104749	363715	324971	964	40078	 42 
104804	363137	324971	957	39418	 34 
104743	366178	324971	23	538	 32 
104771	363308	324971	961	39836	 30 
104773	363609	324971	960	39812	 28 
104746	365911	324971	21	275	 26 ***
104801	363875	324971	946	39582	 17 
104747	364931	324971	960	40185	 13 

104692	364818	324325	29	813	 90 
103537	369881	324325	969	39991	 89 
104682	365577	324325	971	39913	 89 
104718	364084	324325	970	40235	 87 
103527	365933	324325	977	40241	 85 
104727	364038	324325	969	40223	 83 
103962	364831	324325	973	39910	 80 
104685	365599	324325	32	866	 79 
104728	362077	324325	971	39667	 78 
104743	364392	324325	965	39659	 78 
104686	365391	324325	18	487	 76 
104758	362266	324325	968	39761	 74 
104804	364094	324325	948	38827	 67 
104711	364394	324325	969	39868	 67 
104683	365622	324325	26	760	 67 
104755	364137	324325	946	39168	 66 
104704	364035	324325	972	40249	 65 
103551	366374	324325	970	40130	 62 
104738	364165	324325	966	40106	 59 
104713	363585	324325	973	39893	 57 
104679	366602	324325	964	40064	 56 
104693	364157	324325	971	40262	 56 
104683	367166	324325	24	951	 55 
104717	364210	324325	966	39883	 53 
104754	363286	324325	953	39738	 52 
104714	363291	324325	976	39979	 50 
104723	362271	324325	972	39696	 50 
104746	364448	324325	953	39213	 44 
104690	365363	324325	14	246	 43 ***
104717	363796	324325	972	40137	 42 
104832	363154	324325	952	39326	 42 
104767	364041	324325	949	39068	 41 
104751	363674	324325	951	39601	 39 
104691	365196	324325	32	919	 38 
104684	367733	324325	12	181	 37 
104710	363586	324325	974	40005	 36 
104740	362884	324325	968	39881	 33 
104728	363692	324325	969	39768	 31 
104140	366138	324325	968	39909	 29 
104753	362843	324325	970	40281	 26 
103648	365809	324325	973	40275	 25 
104096	368280	324325	956	39229	 24 
104693	365136	324325	27	762	 21 
104690	364530	324325	34	904	 20 
104684	366255	324325	10	190	 18 
104712	364215	324325	969	39232	 16 
103681	365693	324325	973	40203	 15 
104747	363403	324325	965	39872	 14 
103664	365762	324325	978	40316	 11 
104155	365899	324325	972	39542	 8 
103559	367275	324325	958	39749	 3 

104632	359274	325358	29	858	 99 
103604	365434	325358	966	39428	 98 
103607	363391	325358	968	39737	 95 
104645	358492	325358	961	39821	 94 
103590	360002	325358	969	39769	 94 
104624	362511	325358	31	817	 94 
104672	357554	325358	963	39143	 93 
104620	360726	325358	966	39698	 93 
103619	362013	325358	966	39425	 92 
104628	360082	325358	41	1188	 90 
104630	360194	325358	32	836	 86 
104627	361881	325358	28	882	 78 
103512	363734	325358	968	39486	 74 
103638	362243	325358	961	39645	 73 
104612	361261	325358	968	39368	 70 
104631	360108	325358	37	860	 68 
104701	358830	325358	954	39107	 67 
104631	359326	325358	40	1079	 65 
103516	361252	325358	969	39656	 64 
104627	361949	325358	963	39298	 59 
104626	362123	325358	961	39044	 58 
103944	358996	325358	970	39553	 56 
104627	359231	325358	969	39821	 53 
104614	363927	325358	959	39595	 50 
104639	363069	325358	23	611	 49 
103673	361697	325358	968	39632	 47 
103606	364395	325358	967	39546	 45 
104627	362125	325358	29	783	 32 
104641	358752	325358	963	39607	 28 
104643	362488	325358	24	767	 26 
104624	362127	325358	29	798	 24 
104674	359166	325358	957	39577	 19 
104620	363471	325358	959	39427	 19 
104642	362721	325358	20	325	 19 
104623	363078	325358	17	253	 16 ***
104626	362672	325358	24	615	 15 
104643	362367	325358	20	393	 14 
104100	361866	325358	965	39596	 12 
104627	362018	325358	27	753	 11 
103604	364595	325358	960	39377	 9 
104655	358212	325358	970	39860	 8 
104068	362251	325358	960	39291	 2 
104630	359332	325358	966	39519	 0 

104818	404838	329073	30	1055	 98 
104831	404086	329073	972	39392	 92 
104846	404106	329073	967	39864	 92 
104812	405655	329073	27	792	 92 
104843	403888	329073	969	39519	 86 
104838	403287	329073	979	39853	 85 
104803	407267	329073	24	891	 83 
104869	403146	329073	961	39543	 81 
104844	403719	329073	974	39914	 75 
104850	403869	329073	968	39825	 71 
104858	402842	329073	973	39780	 71 
104837	403960	329073	974	39767	 71 
104836	404441	329073	969	39688	 70 
103775	407033	329073	968	39751	 67 
104837	404286	329073	970	39828	 65 
104857	403133	329073	969	39728	 62 
104855	404108	329073	954	39289	 59 
104793	409011	329073	965	39547	 58 
104878	402748	329073	976	39944	 52 
103682	404419	329073	972	39607	 51 
104818	404486	329073	969	39699	 50 
104832	403721	329073	976	40067	 47 
104872	402932	329073	971	39860	 44 
104802	406545	329073	35	1000	 43 
104875	402758	329073	970	39473	 40 
104819	404359	329073	973	39905	 39 
104263	412267	329073	963	39706	 36 
104817	405023	329073	33	917	 36 
104804	406128	329073	25	640	 35 ***
104289	406948	329073	967	39631	 33 
104867	403097	329073	969	39862	 32 
104892	402975	329073	969	39330	 29 
104812	405608	329073	27	770	 28 
104852	403435	329073	973	39938	 26 
103711	410812	329073	970	39910	 22 
104847	403861	329073	970	39831	 20 
103730	411600	329073	969	39931	 19 
104804	407062	329073	12	363	 18 
103820	405103	329073	968	39481	 16 
104816	405476	329073	33	1042	 13 
104893	402692	329073	972	39393	 12 
104806	405859	329073	20	947	 12 
104826	404256	329073	975	39762	 9 
104809	405714	329073	31	1068	 7 
104933	402520	329073	974	39864	 3 
103811	410499	329073	967	39541	 1 
104878	404346	329073	947	39074	 0 

103550	351170	325573	961	39077	 100 
104652	352623	325573	35	1192	 97 
104651	356294	325573	23	621	 96 
104642	354291	325573	31	849	 86 
104689	350722	325573	944	39172	 66 
104729	349444	325573	954	39315	 63 
104643	352756	325573	24	750	 63 ***
104731	350714	325573	948	38296	 59 
104704	349927	325573	958	38878	 53 
104635	354357	325573	955	39162	 53 
103616	352857	325573	958	39018	 53 
103616	358531	325573	956	39023	 53 
104702	350256	325573	962	39158	 49 
104642	353462	325573	32	960	 47 
104680	350795	325573	960	39440	 44 
104653	352736	325573	30	834	 39 
104660	352722	325573	28	877	 33 
104660	352560	325573	30	1037	 30 
104685	350504	325573	961	39503	 27 
104655	350849	325573	32	879	 22 
104664	350174	325573	966	39630	 18 
104104	356533	325573	955	38974	 11 
104653	351537	325573	32	843	 11 
104677	350646	325573	964	39377	 8 
104732	349984	325573	942	38971	 7 
104657	354385	325573	16	655	 1 

104782	341874	324511	959	39380	 98 
103675	344085	324511	962	39503	 96 
104656	343060	324511	40	1291	 91 
103928	346507	324511	955	38623	 89 
104673	341957	324511	573	23331	 78 
103559	345060	324511	965	39519	 75 
104641	345039	324511	580	23738	 74 
103941	344278	324511	960	39446	 69 
103942	346286	324511	942	38579	 63 
104119	345876	324511	957	39282	 40 
104649	344756	324511	3	14	 27 ***
104659	344116	324511	33	865	 24 
103527	347795	324511	954	38776	 21 
104660	343983	324511	34	995	 19 
104661	344624	324511	31	820	 6 
103649	347192	324511	954	39182	 2 

104213	344834	324533	585	23833	 95 
104785	346518	324533	9	63	 94 
104209	348586	324533	575	23841	 86 
104790	341368	324533	29	794	 80 ***
104084	344641	324533	958	39296	 79 
103671	346226	324533	937	39042	 64 
103657	345486	324533	953	39229	 44 
102992	347054	324533	953	39622	 26 
103699	344727	324533	955	39661	 16 
104776	342378	324533	22	901	 11 
104042	347103	324533	934	38935	 6 

104791	341186	324558	958	39624	 95 
103781	343378	324558	957	39983	 92 
104031	345593	324558	953	39991	 89 
104794	341455	324558	954	39726	 89 
104758	343274	324558	11	360	 89 
104755	342957	324558	19	462	 86 
104754	343921	324558	26	1002	 81 
104838	340793	324558	959	39852	 77 
104199	343164	324558	959	40263	 77 
103616	343542	324558	957	40051	 73 
104757	342005	324558	15	645	 73 ***
104866	341927	324558	949	39713	 72 
104804	341078	324558	955	39882	 70 
103660	346765	324558	944	39607	 70 
104237	344820	324558	956	39893	 66 
104755	342872	324558	24	752	 44 
104017	345765	324558	956	39842	 42 
103790	346185	324558	955	40031	 40 
103581	347899	324558	961	39661	 34 
104748	343525	324558	29	1155	 26 
104813	341865	324558	952	39513	 23 
104757	343319	324558	14	616	 20 
104817	340931	324558	963	40039	 18 
104756	342521	324558	40	1257	 17 
104749	342404	324558	954	39884	 7 
104753	344649	324558	27	1124	 4 

104805	338370	325184	958	39185	 98 
104224	341487	325184	958	39989	 96 
104875	336831	325184	960	39526	 93 
104779	339622	325184	20	598	 91 
104779	339091	325184	25	1055	 89 
103798	341688	325184	955	39626	 87 
104789	338678	325184	24	1101	 87 
104261	337296	325184	962	39908	 79 
103749	339589	325184	964	39864	 77 
104781	339419	325184	22	938	 75 
104909	335733	325184	962	39748	 66 
104785	339232	325184	10	240	 63 ***
104826	337744	325184	958	39787	 61 
104237	338895	325184	962	40079	 59 
104877	336932	325184	937	39194	 56 
104769	339401	325184	24	1097	 54 
104835	337884	325184	957	39941	 53 
104830	337257	325184	965	39915	 48 
104786	338499	325184	28	908	 46 
104783	338737	325184	29	919	 45 
104841	338187	325184	941	39387	 41 
103645	340589	325184	961	40035	 39 
104845	337024	325184	940	39441	 38 
103689	340387	325184	960	39880	 25 
104780	338996	325184	30	1074	 25 
104837	337418	325184	959	40104	 20 
104813	338046	325184	951	39698	 19 
104873	336853	325184	966	40109	 8 
103818	341509	325184	957	39681	 3 
104818	337661	325184	961	39497	 0 

103844	339132	326861	951	40226	 94 
103722	336589	326861	962	40308	 87 
104856	334494	326861	23	617	 85 
104385	333394	326861	966	40298	 82 
104851	334060	326861	27	737	 81 
103849	334386	326861	962	40091	 75 
104854	333787	326861	34	1029	 74 
104853	334701	326861	9	400	 45 ***
104856	332791	326861	28	1261	 42 
103728	339244	326861	961	40245	 39 
104851	335301	326861	25	756	 33 
103818	336847	326861	959	40274	 32 
104850	336643	326861	30	1188	 32 
103849	338931	326861	956	39799	 30 
104864	332568	326861	25	743	 29 
104854	334646	326861	26	784	 20 
104359	335652	326861	959	40029	 18 
104902	332394	326861	968	40336	 10 
103763	335493	326861	966	40455	 9 
104860	334376	326861	25	754	 7 

103946	338795	334865	962	40357	 98 
105134	333583	334865	958	40120	 93 
104541	339159	334865	953	39999	 92 
104594	333377	334865	961	40337	 89 
105145	332973	334865	965	40341	 89 
105136	333570	334865	959	40192	 87 
105162	332199	334865	962	40052	 84 
105204	332364	334865	961	40427	 80 
103981	338578	334865	962	40257	 79 
105095	334159	334865	25	763	 79 ***
105228	332462	334865	954	39862	 75 
105100	333876	334865	27	888	 72 
104052	336589	334865	954	39891	 66 
105175	333044	334865	959	39718	 65 
105094	334624	334865	36	1136	 65 
104315	335733	334865	961	40191	 62 
105210	332025	334865	958	39959	 59 
105090	337826	334865	29	696	 57 
104019	339397	334865	957	40000	 51 
105095	334355	334865	31	863	 41 
105126	333683	334865	960	40189	 40 
105099	336119	334865	16	536	 37 
105149	333078	334865	571	23944	 32 
105195	332819	334865	959	40301	 31 
105138	333497	334865	955	40260	 26 
104121	336545	334865	956	40247	 25 
105201	332841	334865	958	39513	 16 
105101	334568	334865	22	714	 13 
105097	336402	334865	17	519	 7 
105163	332741	334865	960	40554	 4 
105092	335312	334865	29	821	 4 
105089	336253	334865	30	1198	 2 

