#105576	431817	330645	0	0	 90 ***
#105556	432342	330645	0	0	 75 
#105615	429205	330645	0	0	 74 
#104554	433321	330645	0	0	 63 
#105576	429474	330645	0	0	 63 
#104526	434606	330645	0	0	 59 
#105575	431882	330645	0	0	 59 
#105681	426089	330645	0	0	 57 
#105615	428604	330645	0	0	 54 
#105623	427619	330645	0	0	 19 

105456	419341	331743	977	41635	 96 ***
105396	422787	331743	978	41439	 95 
105464	420523	331743	975	41381	 93 
105383	424500	331743	36	1141	 88 
105383	424572	331743	32	806	 86 
105396	422789	331743	977	41268	 85 
105382	425951	331743	34	1107	 80 
105429	420433	331743	978	41674	 79 
104229	424046	331743	975	41305	 75 
105459	418145	331743	979	41397	 74 
105451	419582	331743	977	40928	 68 
105441	419769	331743	977	41415	 68 
105391	423864	331743	33	932	 68 
105402	421603	331743	980	41537	 67 
105476	419447	331743	972	41356	 63 
105378	423314	331743	37	1352	 63 
105381	424964	331743	36	1195	 62 
105441	422042	331743	966	41342	 61 
105416	422337	331743	970	41174	 61 
105377	426077	331743	17	547	 61 
104669	427779	331743	973	40995	 59 
104276	426316	331743	974	41254	 58 
105433	420580	331743	974	41248	 51 
105456	419852	331743	976	41305	 49 
105386	423866	331743	34	1065	 48 
105434	422022	331743	973	41390	 42 
105386	424433	331743	36	994	 41 
105409	422405	331743	955	40493	 39 
105375	427030	331743	37	1002	 39 
105411	422345	331743	978	41311	 37 
104678	430393	331743	972	41251	 35 
104266	430744	331743	972	40968	 35 
105394	423271	331743	973	40930	 32 
105406	421564	331743	979	41597	 32 
104366	423108	331743	980	41557	 29 
105391	423239	331743	976	41018	 24 
105427	422634	331743	954	39887	 18 
105446	420866	331743	957	40561	 12 
105428	421640	331743	974	41045	 12 
105455	419566	331743	977	41526	 8 
105445	418747	331743	980	41769	 8 
105382	424793	331743	33	1022	 7 
105382	424550	331743	35	1054	 6 
105411	420962	331743	979	41276	 3 
105398	422742	331743	972	41599	 2 
105389	425118	331743	27	1079	 0 

105316	418568	330379	551	24071	 92 ***
105346	416413	330379	943	40362	 90 
105345	417411	330379	38	1323	 90 
105336	414223	330379	969	41078	 87 
104110	422352	330379	970	40834	 78 
105341	417092	330379	46	1733	 76 
105284	421063	330379	949	39659	 75 
105307	415335	330379	952	40468	 64 
105311	417586	330379	949	40020	 56 
104127	416679	330379	967	40601	 53 
105341	417889	330379	944	40168	 51 
104142	418821	330379	959	40441	 49 
105281	417474	330379	963	40723	 48 
104572	417264	330379	965	40793	 47 
104744	421323	330379	958	40693	 42 
105340	419025	330379	38	1190	 42 
105343	416703	330379	948	40392	 41 
105335	414275	330379	969	40840	 41 
105291	417566	330379	961	40523	 40 
105362	413925	330379	973	41051	 40 
105296	421040	330379	952	40313	 37 
105349	420497	330379	32	765	 36 
105384	413621	330379	970	40756	 33 
105344	420220	330379	37	1181	 33 
105270	414617	330379	966	40953	 28 
105284	417691	330379	953	40045	 22 
105349	414961	330379	40	1220	 19 
105299	417451	330379	963	40846	 17 
105350	414601	330379	28	1094	 17 
105297	418917	330379	944	40092	 16 
105293	417669	330379	955	40496	 9 
105306	418226	330379	952	40425	 9 
105350	420306	330379	24	412	 0 

105049	406778	322844	961	39667	 98 ***
104455	411819	322844	578	24540	 97 
105013	410249	322844	957	39514	 91 
104984	410490	322844	962	40305	 87 
104014	409021	322844	963	40745	 84 
105027	406629	322844	962	40144	 83 
103997	414891	322844	957	39830	 82 
105012	408800	322844	965	40816	 82 
105002	408863	322844	959	40477	 74 
105041	408725	322844	14	725	 68 
104485	411647	322844	957	40107	 67 
105073	405659	322844	967	40568	 57 
105067	406081	322844	962	40603	 57 
105039	414646	322844	32	906	 56 
105028	412404	322844	544	23094	 55 
103975	413355	322844	958	40070	 45 
105016	410185	322844	561	23393	 44 
105041	413041	322844	31	1140	 41 
105025	407328	322844	965	40723	 38 
104003	409826	322844	964	40246	 33 
105052	407165	322844	959	40234	 30 
103869	416174	322844	964	40333	 27 
105073	406655	322844	957	40608	 25 
105032	408614	322844	960	40590	 22 
103892	410942	322844	959	40408	 22 
105019	408239	322844	961	40598	 21 
105047	408697	322844	33	1073	 21 
105033	408326	322844	943	40063	 16 
103958	415072	322844	957	40473	 16 
105005	407983	322844	968	40776	 15 
105027	409802	322844	957	39869	 11 
103925	410384	322844	968	40611	 8 
105034	411169	322844	34	1048	 7 
105057	407028	322844	959	40310	 5 
105077	404072	322844	962	40765	 2 
105035	407712	322844	34	1032	 0 

104905	396789	321079	952	39649	 98 ***
104124	405305	321079	946	39822	 90 
104878	402217	321079	32	930	 84 
104854	398157	321079	35	922	 77 
104853	399893	321079	38	1067	 75 
104857	398005	321079	33	923	 67 
104848	400627	321079	40	1669	 66 
104817	403629	321079	941	39378	 64 
104835	398604	321079	556	22913	 60 
103884	402686	321079	958	39995	 59 
104852	401010	321079	38	1204	 59 
104862	397685	321079	37	1052	 58 
103854	403614	321079	952	39731	 54 
104870	404039	321079	32	730	 52 
103712	403632	321079	949	39700	 45 
104860	397379	321079	939	39548	 43 
104883	397037	321079	952	39992	 42 
104845	400207	321079	41	1327	 42 
104854	399227	321079	39	1182	 41 
104832	396658	321079	959	39936	 36 
104852	398165	321079	957	40036	 25 
104095	398735	321079	947	39380	 24 
104853	400949	321079	37	992	 18 
103667	403231	321079	956	39922	 13 
104816	398476	321079	949	39374	 11 
104853	398914	321079	41	1363	 10 

104756	397285	321290	936	39014	 100 ***
104844	390424	321290	38	981	 97 
104719	394603	321290	952	39928	 96 
104734	395485	321290	948	39418	 95 
104839	391991	321290	34	953	 92 
104811	392849	321290	939	39425	 91 
104804	392185	321290	947	39744	 89 
104749	392378	321290	950	39351	 85 
104783	392160	321290	952	39872	 84 
104801	395264	321290	484	20650	 80 
104849	390287	321290	36	1051	 79 
104846	397320	321290	32	879	 70 
104784	393069	321290	945	39433	 62 
104801	394870	321290	932	39263	 62 
103996	396521	321290	948	39894	 62 
103757	396550	321290	956	40003	 59 
104774	393888	321290	944	39389	 55 
104802	392056	321290	951	39941	 46 
104839	393839	321290	37	984	 46 
104784	393646	321290	944	39701	 45 
104816	391185	321290	948	39278	 44 
104805	394065	321290	929	39032	 43 
104774	392966	321290	949	39821	 41 
104811	391649	321290	943	39550	 40 
104844	390825	321290	37	984	 40 
104846	389156	321290	40	998	 36 
103567	401260	321290	950	39668	 35 
104835	392901	321290	38	986	 33 
103607	397946	321290	941	38848	 23 
104191	396225	321290	951	39508	 21 
104759	393927	321290	933	39108	 21 
103709	396966	321290	949	39497	 20 
104772	393138	321290	948	39647	 19 
104800	395159	321290	927	39171	 13 
104738	394911	321290	940	39558	 9 
104764	395705	321290	532	22166	 9 
104799	392625	321290	949	39669	 6 
104836	391176	321290	38	979	 3 

103697	390631	318893	933	38579	 99 ***
104502	389717	318893	32	1170	 95 
104590	388058	318893	925	38815	 92 
104489	392509	318893	42	1333	 92 
104569	388370	318893	924	38296	 86 
104590	384190	318893	944	38692	 86 
104542	385480	318893	941	39012	 85 
104516	385535	318893	951	39475	 81 
103486	388616	318893	945	38764	 81 
104577	386094	318893	928	38750	 70 
104513	389188	318893	29	870	 70 
104540	386315	318893	942	38821	 64 
103377	391542	318893	948	39522	 60 
103495	389104	318893	940	38411	 59 
104485	387692	318893	926	38446	 59 
103540	387395	318893	947	39304	 57 
104504	391012	318893	31	926	 56 
104507	388669	318893	34	935	 54 
103481	392250	318893	945	38961	 53 
104510	391999	318893	28	791	 53 
104536	386604	318893	946	39423	 52 
104496	390907	318893	34	1179	 47 
104501	391404	318893	32	930	 46 
104499	395643	318893	32	908	 43 
104503	393598	318893	30	886	 41 
103375	395692	318893	943	39201	 35 
103418	392656	318893	943	39266	 33 
104494	391512	318893	34	984	 32 
104521	386703	318893	946	39445	 30 
104498	389189	318893	35	1029	 27 
104499	391665	318893	33	942	 22 
104497	390310	318893	39	1361	 15 
104502	390872	318893	33	995	 10 
103378	394029	318893	945	39376	 9 
104545	387634	318893	937	38778	 7 
104510	387148	318893	947	38967	 3 
104503	387281	318893	940	38795	 3 

103756	383108	320601	36	808	 99 ***
104662	379603	320601	945	39105	 98 
103755	386367	320601	22	450	 95 
103515	385867	320601	949	38988	 94 
103761	384251	320601	32	1012	 92 
103535	389354	320601	948	39024	 86 
104560	381683	320601	949	39199	 77 
103751	386892	320601	37	1161	 75 
104620	380852	320601	944	38665	 72 
104577	382089	320601	948	39251	 71 
104606	382012	320601	941	38304	 66 
104613	382716	320601	940	38815	 64 
103767	385250	320601	30	892	 63 
103537	386064	320601	948	38790	 60 
104578	381995	320601	944	38449	 60 
103754	385842	320601	34	1205	 55 
104592	380785	320601	945	39257	 54 
104605	381360	320601	943	38902	 53 
104604	382819	320601	941	38725	 48 
103769	383750	320601	32	915	 45 
103439	386654	320601	949	39240	 37 
104585	381393	320601	949	38815	 25 
104573	382950	320601	944	39065	 18 
103755	389018	320601	33	1144	 15 
103759	383481	320601	33	938	 9 
103472	389385	320601	941	39113	 8 
103758	384369	320601	31	907	 7 
103762	383305	320601	34	1053	 3 
103570	384635	320601	947	39020	 1 

104017	384749	325011	39	1173	 87 ***
103800	389067	325011	943	38941	 86 
103811	388275	325011	940	38497	 82 
104834	382692	325011	943	38942	 81 
104007	385733	325011	39	970	 72 
104914	382120	325011	921	38336	 70 
103692	387508	325011	946	39007	 62 
104848	382920	325011	937	38550	 51 
103706	389268	325011	943	39042	 47 
104010	385451	325011	35	948	 43 
103776	391229	325011	939	39013	 42 
104014	386497	325011	29	730	 42 
104005	387822	325011	39	1328	 40 
104840	383577	325011	942	38769	 36 
103698	387752	325011	944	38542	 32 
103661	389338	325011	942	39059	 30 
103654	389047	325011	951	39200	 30 
104860	381372	325011	947	38800	 22 
104021	383873	325011	8	774	 20 
104852	381756	325011	938	38707	 16 
104874	380151	325011	943	38877	 15 
103684	389194	325011	949	39087	 9 
104020	384231	325011	16	1236	 3 

103772	382933	322693	940	38851	 84 ***
103613	382021	322693	945	39137	 81 
103958	375957	322693	27	824	 80 
104870	375768	322693	943	38738	 71 
104800	374880	322693	944	38964	 69 
103684	381906	322693	950	38996	 68 
103968	375943	322693	46	1719	 67 
103801	382064	322693	940	38773	 37 
103957	380813	322693	42	1515	 22 
104867	374839	322693	946	38974	 20 

103750	378212	324193	43	1290	 95 ***
103769	375963	324193	32	1035	 91 
103765	377561	324193	29	884	 86 
103764	376250	324193	31	933	 85 
104843	373076	324193	945	39173	 84 
104809	374561	324193	944	39086	 77 
103765	379706	324193	28	899	 72 
104810	372661	324193	948	39572	 70 
104738	374004	324193	949	39315	 65 
103762	376968	324193	33	968	 63 
104762	373944	324193	953	39797	 61 
104907	373033	324193	946	39339	 61 
104783	372565	324193	951	39552	 60 
104867	373394	324193	942	38528	 59 
104814	374548	324193	945	39333	 59 
104806	372232	324193	949	39308	 54 
104838	374395	324193	44	1268	 54 
103756	378222	324193	30	1093	 53 
104775	373425	324193	946	39266	 52 
104773	373620	324193	956	39633	 48 
104816	374255	324193	944	38824	 46 
103749	380598	324193	35	988	 46 
104801	373121	324193	946	38880	 44 
103779	381240	324193	24	778	 44 
104772	373814	324193	950	39503	 42 
103768	375206	324193	34	965	 41 
104867	372461	324193	948	39289	 37 
103754	378413	324193	34	945	 37 
103754	377983	324193	33	955	 35 
104218	374988	324193	952	39772	 29 
104803	372137	324193	951	39450	 21 
103759	376876	324193	37	1080	 16 
104820	374019	324193	943	39241	 13 
104832	373528	324193	945	39523	 12 
103752	381363	324193	32	1151	 12 
104781	374809	324193	945	39595	 11 
104796	373409	324193	950	39159	 4 
103577	375376	324193	950	39766	 2 
103753	375837	324193	43	1249	 2 
104824	371938	324193	956	39505	 1 
104816	374844	324193	943	39002	 0 
103759	380611	324193	29	668	 0 

103767	373087	324690	30	888	 99 ***
103772	372470	324690	30	754	 90 
104870	367968	324690	948	39794	 82 
104838	371185	324690	36	969	 76 
104758	368975	324690	944	39519	 73 
103761	373129	324690	22	824	 71 
104804	369487	324690	940	39188	 65 
103758	375383	324690	35	781	 61 
104813	371786	324690	477	19352	 57 
104834	370806	324690	554	24019	 57 
103768	372681	324690	35	1180	 49 
104804	368565	324690	945	39715	 42 
104763	370932	324690	941	39340	 40 
104815	368168	324690	921	38130	 36 
103772	372122	324690	35	1175	 30 
103739	374176	324690	943	39531	 29 
103636	374367	324690	945	39718	 28 
103728	378337	324690	941	39532	 27 
103618	374946	324690	946	39682	 14 
104793	370793	324690	925	38950	 1 

103880	377151	325842	34	1579	 99 ***
104969	374734	325842	35	993	 97 
104944	371931	325842	957	39853	 89 
104906	373337	325842	953	39658	 88 
103881	376990	325842	31	1191	 84 
104977	372041	325842	952	39450	 82 
104912	373383	325842	952	39393	 76 
104987	372213	325842	947	39354	 74 
103876	377246	325842	36	1294	 73 
104953	371740	325842	955	39986	 71 
103878	376824	325842	36	1085	 68 
104893	373895	325842	948	39769	 66 
104913	371998	325842	959	39854	 63 
104962	374070	325842	41	1082	 62 
104886	373345	325842	953	39654	 59 
104945	372130	325842	956	39796	 58 
104969	372023	325842	953	39540	 57 
103888	377150	325842	28	944	 50 
104962	372420	325842	952	39756	 44 
103883	375372	325842	37	1348	 43 
103760	374899	325842	952	39815	 41 
104858	373990	325842	958	40051	 40 
103880	376561	325842	32	1165	 37 
104976	372181	325842	951	39481	 36 
104908	372159	325842	955	39938	 36 
103882	379890	325842	30	1249	 35 
104989	371963	325842	951	39506	 33 
103888	374914	325842	30	1015	 31 
103894	379692	325842	27	645	 28 
103885	374925	325842	33	1199	 23 
104915	372487	325842	930	39020	 17 
104954	374809	325842	38	1081	 16 
104951	372155	325842	955	39517	 9 
103885	375273	325842	33	1291	 3 

104909	368176	326132	948	40051	 96 ***
103874	370706	326132	30	1116	 94 
104898	369132	326132	944	39607	 93 
104932	370044	326132	943	39884	 92 
103761	373661	326132	955	40182	 90 
104957	367921	326132	39	1088	 88 
104902	368522	326132	953	40225	 86 
104948	369453	326132	38	1060	 85 
103864	372539	326132	35	1371	 80 
103876	372143	326132	15	1237	 77 
103869	373193	326132	32	1080	 76 
104948	370156	326132	36	978	 73 
103875	372424	326132	27	642	 72 
103856	372544	326132	949	39629	 71 
104954	369200	326132	39	1167	 71 
104969	367033	326132	953	40246	 69 
104938	370016	326132	943	39675	 67 
103870	371674	326132	37	1225	 67 
103874	371343	326132	29	905	 65 
104934	367804	326132	954	39946	 54 
104934	367239	326132	949	39688	 54 
103863	374698	326132	36	1307	 53 
103799	374565	326132	951	39736	 50 
104962	369827	326132	35	992	 39 
103867	371745	326132	34	954	 38 
104879	370670	326132	951	39620	 37 
104961	367838	326132	945	39481	 34 
104939	369543	326132	940	39682	 34 
104897	370519	326132	943	39331	 30 
104937	367386	326132	946	39490	 28 
104931	368041	326132	947	39725	 27 
103852	372628	326132	950	39795	 25 
103875	373499	326132	27	858	 22 
104946	370454	326132	39	1129	 21 
104959	368113	326132	36	1015	 20 
103871	371438	326132	29	599	 19 
104889	370330	326132	949	39597	 12 

104821	362992	324971	949	39168	 99 ***
103745	365389	324971	920	38946	 96 
104770	364616	324971	947	39215	 93 
104766	368418	324971	47	1879	 93 
104816	363181	324971	946	39624	 91 
104758	368612	324971	918	38927	 90 
104768	368510	324971	43	1269	 90 
104772	366779	324971	43	1147	 86 
104776	365879	324971	43	1055	 82 
104805	364749	324971	519	23142	 80 
104764	368532	324971	45	1521	 70 
104783	363745	324971	941	39514	 65 
103784	365217	324971	943	39417	 65 
104750	363507	324971	952	39609	 62 
104769	367965	324971	42	1294	 62 
104783	363691	324971	944	39644	 61 
104807	363560	324971	946	39597	 61 
104776	365004	324971	46	1067	 57 
104767	366234	324971	554	23885	 50 
104780	367631	324971	23	549	 49 
104806	363507	324971	948	39855	 47 
104769	365382	324971	942	39360	 45 
104774	368339	324971	23	801	 45 
104786	364044	324971	914	39097	 44 
104771	366318	324971	44	1277	 39 
103640	369046	324971	946	39661	 38 
103734	371477	324971	944	39421	 38 
104775	366324	324971	41	1135	 31 
104838	363892	324971	913	38833	 30 
104030	364949	324971	944	39140	 29 
103743	370681	324971	942	39662	 28 
104756	368644	324971	477	19548	 27 
104808	363202	324971	948	39863	 24 
104853	363443	324971	945	39480	 21 
104774	371302	324971	41	1145	 20 
104775	367496	324971	41	1300	 19 
104805	363776	324971	920	39109	 10 
104773	365705	324971	44	1044	 10 
104842	362659	324971	946	39841	 2 
104772	364479	324971	943	39493	 1 

104758	363424	324325	40	1024	 95 ***
103708	365832	324325	948	39557	 94 
104739	368142	324325	481	20212	 94 
104729	363787	324325	562	23547	 94 
103549	365587	324325	960	40061	 91 
104159	368803	324325	944	39479	 87 
104706	364880	324325	953	39749	 84 
104109	364742	324325	957	39369	 82 
103664	367701	324325	956	39800	 80 
104730	363294	324325	959	39830	 78 
104731	367582	324325	485	20255	 76 
104736	362476	324325	957	40030	 67 
104714	365480	324325	944	38955	 67 
103687	369479	324325	952	39642	 66 
104731	363044	324325	959	39780	 63 
104696	368010	324325	938	39152	 59 
104758	366191	324325	39	1048	 57 
104698	366383	324325	940	39350	 50 
103696	364287	324325	958	39991	 50 
104742	366455	324325	478	20104	 48 
104717	367369	324325	561	23444	 48 
104787	361970	324325	954	39928	 47 
104758	363089	324325	569	24139	 47 
104756	363072	324325	952	39119	 44 
104689	363419	324325	954	39793	 39 
104759	362103	324325	17	674	 37 
104707	364240	324325	949	39544	 28 
104721	364546	324325	557	22603	 28 
104718	363336	324325	941	38784	 23 
103642	369862	324325	952	39423	 23 
103693	365345	324325	953	39458	 20 
104677	369132	324325	939	39100	 14 
104758	363469	324325	16	436	 14 
104756	364296	324325	40	1019	 5 
103942	364167	324325	960	39989	 3 

104651	358580	325358	962	39594	 100 ***
104640	365573	325358	471	19970	 98 
104670	360293	325358	564	23396	 98 
104632	359411	325358	961	38994	 89 
104682	357181	325358	41	1272	 89 
104642	361503	325358	944	38482	 88 
104650	359122	325358	962	39484	 84 
104650	360702	325358	931	38724	 84 
104636	359240	325358	960	39490	 81 
104629	364387	325358	945	38875	 80 
104659	358485	325358	956	39097	 80 
104065	360889	325358	961	39009	 79 
104656	360523	325358	954	39230	 78 
104639	362360	325358	939	38840	 77 
104626	360809	325358	946	38590	 76 
103598	361474	325358	960	39453	 72 
104666	358976	325358	935	38642	 71 
104663	362234	325358	478	19960	 69 
104644	361808	325358	568	23450	 69 
104075	358930	325358	965	39516	 65 
103446	362607	325358	959	39258	 64 
104677	363047	325358	38	1243	 62 
104659	359065	325358	956	38999	 52 
104675	358459	325358	959	39419	 47 
104649	360747	325358	953	38659	 43 
104649	361611	325358	564	23121	 42 
104657	359213	325358	930	38577	 40 
104679	359375	325358	38	983	 33 
103606	361490	325358	959	39343	 29 
104664	359191	325358	929	38718	 28 
104636	363305	325358	943	38368	 27 
103663	363526	325358	957	39095	 26 
104613	362303	325358	954	39042	 20 
104667	361021	325358	928	38720	 20 
104642	359513	325358	955	38992	 19 
104648	361709	325358	931	38331	 19 
104099	365156	325358	955	39447	 17 
103620	360669	325358	963	39523	 16 
104650	359145	325358	959	39684	 15 
104666	358985	325358	954	39272	 14 
104656	362246	325358	554	22686	 8 
104601	361542	325358	957	38947	 5 
104625	361008	325358	959	39295	 4 
104682	357063	325358	10	363	 4 
103523	361638	325358	960	38654	 0 
104676	363011	325358	44	1348	 0 

104833	360385	329073	39	932	 96 ***
104854	358669	329073	963	39531	 92 
104832	361394	329073	50	1133	 92 
104892	359380	329073	931	38915	 90 
103655	363016	329073	965	39808	 88 
104832	360435	329073	39	1039	 85 
104820	361032	329073	955	38979	 78 
104878	359610	329073	933	38830	 76 
104834	359903	329073	959	39348	 74 
104800	360993	329073	956	39114	 71 
104855	358127	329073	959	39534	 69 
104268	362122	329073	960	39474	 61 
104838	361695	329073	19	471	 57 
104832	361254	329073	954	39300	 56 
104827	361886	329073	953	38929	 50 
104812	363174	329073	565	23287	 47 
103784	361518	329073	964	39639	 45 
103692	362952	329073	958	39514	 43 
104828	361794	329073	26	813	 35 
104852	359387	329073	957	38923	 34 
104835	361139	329073	38	939	 33 
103682	361963	329073	965	39708	 32 
104825	361893	329073	40	932	 31 
104816	364333	329073	558	22428	 30 
104868	359698	329073	933	38799	 29 
104862	359143	329073	958	38972	 13 
104069	363695	329073	957	39373	 7 
104882	358486	329073	956	39359	 5 
104836	359524	329073	959	39624	 4 
104801	362644	329073	947	39115	 1 
104818	359042	329073	962	39863	 1 
104780	359697	329073	960	39604	 1 

104705	349942	325573	962	39050	 100 ***
104717	349798	325573	954	38813	 100 
104658	351402	325573	954	38772	 99 
103616	353795	325573	954	38730	 94 
104081	354598	325573	950	38509	 93 
104632	355906	325573	555	21115	 83 
104643	352191	325573	957	38703	 80 
104688	351051	325573	6	47	 79 
104742	349751	325573	961	39334	 74 
104715	349798	325573	960	39171	 70 
103670	354534	325573	952	38806	 69 
104657	352762	325573	30	1247	 66 
104674	350663	325573	41	1187	 63 
104668	351025	325573	35	911	 59 
103685	351532	325573	959	38782	 57 
104663	352474	325573	40	1092	 56 
103527	354894	325573	952	38741	 55 
104655	352126	325573	47	1478	 52 
103498	356603	325573	954	38990	 47 
103893	355199	325573	947	38479	 43 
104092	352200	325573	957	39165	 32 
104670	351657	325573	30	806	 30 
103549	352561	325573	955	39164	 26 
104674	352373	325573	29	1066	 26 
104652	351274	325573	956	38955	 25 
103890	350507	325573	958	39020	 20 
103494	352545	325573	957	39236	 19 
104682	353484	325573	12	150	 19 
104646	353538	325573	953	39059	 15 
103648	351424	325573	961	39324	 13 
104664	351256	325573	950	38634	 10 
104715	350107	325573	959	39240	 10 
104676	350356	325573	36	910	 10 

103928	349307	324511	945	38897	 99 ***
103552	349537	324511	949	39098	 94 
104687	343444	324511	947	38953	 94 
103532	346674	324511	955	39190	 85 
104722	343267	324511	34	1409	 83 
104665	343685	324511	948	38707	 76 
104715	344059	324511	38	1142	 76 
104712	344683	324511	24	507	 71 
104707	342797	324511	945	38743	 69 
104718	342253	324511	40	1246	 68 
104708	344131	324511	564	24156	 67 
104718	342212	324511	50	1442	 66 
104731	342183	324511	951	39003	 64 
104684	345553	324511	943	38680	 64 
104780	341761	324511	943	38214	 61 
104675	343198	324511	950	39201	 59 
104706	345071	324511	41	1206	 58 
104712	344579	324511	36	880	 55 
104709	344833	324511	47	1354	 50 
104779	341996	324511	950	39062	 49 
104697	344496	324511	463	19690	 48 
103565	345902	324511	951	38429	 41 
104728	345190	324511	23	1277	 34 
103958	347562	324511	945	38688	 33 
104712	343020	324511	41	1119	 30 
104670	343525	324511	944	38588	 29 
103672	344446	324511	948	38977	 27 
104696	345818	324511	42	1167	 26 
104711	344656	324511	43	1078	 24 
103961	346311	324511	916	38479	 22 
104696	343185	324511	947	38732	 18 
104702	342821	324511	949	38966	 15 
103619	347506	324511	950	38922	 14 
104707	342490	324511	953	39123	 13 
104696	350290	324511	582	24733	 10 
104662	345806	324511	928	38274	 9 
104695	341675	324511	954	39231	 8 
103552	347895	324511	946	38482	 6 

104039	344367	324533	44	1632	 100 ***
103747	345001	324533	945	38766	 97 
103680	347087	324533	948	38659	 80 
103809	344985	324533	943	38332	 77 
104047	349827	324533	33	997	 77 
103643	345905	324533	952	38906	 73 
104048	345305	324533	31	838	 73 
103691	345712	324533	942	38103	 54 
104046	343680	324533	35	1021	 47 
104050	343297	324533	56	2201	 46 
104863	342018	324533	941	38623	 39 
104055	348409	324533	27	837	 32 
104045	345769	324533	39	1175	 25 
103659	348445	324533	950	38825	 17 
104820	342286	324533	944	38572	 13 
103691	346597	324533	949	38756	 9 

104003	342374	324558	943	39322	 100 ***
104818	341733	324558	946	39248	 98 
103791	343450	324558	934	39139	 90 
103788	343012	324558	941	39010	 86 
104014	343767	324558	33	1052	 84 
103732	344039	324558	948	39008	 80 
104803	341802	324558	941	38785	 76 
104882	341952	324558	923	38414	 75 
104829	341581	324558	945	38882	 74 
104003	346445	324558	40	1294	 72 
104019	342709	324558	38	1223	 71 
104844	341871	324558	933	38861	 70 
103771	344777	324558	947	39118	 69 
104002	344157	324558	52	1580	 67 
104789	342577	324558	941	39273	 63 
103635	345546	324558	948	39233	 57 
104016	344911	324558	12	324	 57 
104830	340725	324558	947	39351	 56 
104003	344236	324558	38	1156	 45 
104795	342480	324558	924	38665	 41 
104832	341524	324558	942	39055	 39 
103739	346358	324558	943	39371	 38 
103770	345322	324558	938	38956	 38 
104008	348176	324558	33	847	 35 
103643	348029	324558	936	38733	 31 
103997	344204	324558	48	1410	 31 
104011	344959	324558	20	854	 29 
103749	345551	324558	947	39271	 28 
104863	341773	324558	939	38595	 25 
104020	344694	324558	32	1134	 23 
104008	344088	324558	37	685	 10 
104001	347761	324558	45	1466	 5 
103753	345366	324558	940	39360	 4 

103798	340881	325184	946	39499	 99 ***
104010	339241	325184	40	1382	 98 
104015	340051	325184	37	940	 95 
104016	337237	325184	7	222	 89 
103707	342600	325184	953	39551	 88 
103709	341132	325184	950	39683	 83 
104014	340807	325184	27	803	 79 
104871	336287	325184	956	39630	 67 
103609	342754	325184	949	39828	 64 
104892	335604	325184	949	39644	 55 
103778	341336	325184	940	39643	 53 
104856	336441	325184	954	39866	 32 
103771	343239	325184	947	39801	 20 
104009	341347	325184	33	989	 18 
104827	336537	325184	947	39110	 1 

104925	333162	326861	944	39185	 90 ***
104942	333236	326861	943	39443	 89 
104930	333615	326861	928	38788	 84 
103880	336502	326861	34	1183	 74 
104918	334856	326861	930	38930	 68 
104913	333063	326861	946	39343	 65 
103878	335214	326861	38	901	 64 
103867	336832	326861	32	1125	 63 
103861	337695	326861	954	39766	 62 
104883	332568	326861	954	39807	 58 
104908	333014	326861	951	39569	 54 
103865	337085	326861	33	1270	 53 
103870	336332	326861	38	1207	 52 
104957	332981	326861	929	39164	 49 
104885	334512	326861	936	39093	 48 
104939	333403	326861	928	38658	 46 
104918	334902	326861	930	38840	 45 
103826	338639	326861	951	39298	 45 
103865	336704	326861	44	1538	 41 
104866	333633	326861	951	39583	 39 
104891	334077	326861	947	39500	 35 
104993	334851	326861	922	38272	 32 
104938	333475	326861	941	39754	 31 
104909	332861	326861	950	39483	 31 
103852	337726	326861	950	39520	 31 
103876	338933	326861	30	674	 31 
104930	332241	326861	952	39774	 30 
103862	338532	326861	39	1473	 28 
103875	335969	326861	44	1473	 27 
104881	334058	326861	949	39086	 26 
104906	333936	326861	946	39242	 26 
103844	337805	326861	953	39512	 22 
103877	337711	326861	28	908	 20 
103872	336660	326861	33	1165	 17 
103875	334919	326861	49	1613	 9 
103734	338133	326861	952	39667	 8 
104859	334565	326861	952	39886	 3 
104959	335083	326861	40	1186	 0 

105139	335398	334865	942	39806	 99 ***
105125	335841	334865	948	40005	 91 
105112	335235	334865	949	39918	 88 
105155	334234	334865	35	910	 82 
105097	333408	334865	953	40197	 81 
104376	335022	334865	951	39846	 81 
105161	337288	334865	20	519	 79 
105099	336241	334865	949	39947	 78 
105187	333923	334865	41	1219	 76 
105136	333837	334865	952	40236	 69 
105163	334029	334865	38	1000	 65 
105147	335211	334865	929	39227	 63 
105152	334983	334865	40	1554	 63 
104019	334074	334865	956	40062	 62 
105180	334699	334865	31	1132	 53 
105195	333018	334865	950	40280	 51 
105184	332665	334865	951	40032	 51 
104118	337764	334865	945	39864	 45 
105130	334482	334865	952	40041	 43 
104008	338036	334865	956	40141	 43 
105165	333465	334865	44	1385	 38 
105119	337849	334865	943	39877	 36 
105141	333055	334865	948	40021	 36 
105139	335080	334865	940	39694	 35 
105113	336390	334865	946	39596	 32 
105148	336759	334865	582	25088	 31 
105132	337585	334865	936	39984	 28 
105194	332566	334865	955	39964	 27 
104541	337465	334865	950	40014	 27 
105159	338427	334865	32	925	 27 
105149	333204	334865	921	39154	 25 
105133	333156	334865	954	40101	 24 
105121	336344	334865	943	39864	 23 
105173	333934	334865	42	1310	 18 
105120	337926	334865	939	39601	 17 
105130	336229	334865	944	39803	 16 
104080	337248	334865	952	39441	 11 
105126	334738	334865	950	39918	 11 
105207	332546	334865	954	40263	 10 
104360	338266	334865	462	19879	 10 
105195	333044	334865	923	39506	 10 
105128	335187	334865	948	39623	 8 
105137	335407	334865	931	39302	 3 
104567	337097	334865	949	39978	 3 
104138	337711	334865	950	40144	 1 
103146	337117	334865	958	40379	 1 
105153	336051	334865	34	880	 1 
104003	340052	334865	953	40016	 0 
105163	335025	334865	22	928	 0 

