#104546	432799	330645	0	0	 74 ***
#105624	427825	330645	0	0	 66 
#105632	426294	330645	0	0	 48 
#105612	428266	330645	0	0	 42 
#104420	434637	330645	0	0	 39 
#105587	428702	330645	0	0	 34 
#104617	430844	330645	0	0	 2 
#105059	430806	330645	0	0	 2 

104366	426923	331743	19	516	 99 ***
104351	425222	331743	29	757	 98 
104350	427107	331743	34	1052	 87 
104358	421599	331743	31	911	 70 
104356	421859	331743	29	1089	 59 
104355	425023	331743	25	494	 58 
104331	426305	331743	975	41012	 57 
104352	423011	331743	30	1230	 56 
104357	423409	331743	27	1004	 54 
104365	421770	331743	30	910	 51 
104263	425714	331743	982	41460	 50 
104351	418621	331743	36	1518	 46 
105426	417944	331743	977	41313	 41 
105451	417873	331743	973	41200	 39 
104353	423565	331743	26	616	 38 
104364	428695	331743	22	347	 37 
104341	424148	331743	39	1112	 36 
104352	424665	331743	35	795	 31 
104351	425071	331743	36	1105	 30 
104357	420184	331743	35	978	 29 
104328	430877	331743	974	40932	 25 
104359	420655	331743	33	1093	 24 
104346	422492	331743	39	907	 22 
104357	420767	331743	32	971	 9 
104362	424422	331743	24	444	 7 
104354	420997	331743	33	1184	 5 

104223	418013	330379	27	699	 99 ***
105313	418501	330379	25	540	 97 
104220	415695	330379	32	799	 92 
105314	412723	330379	963	40708	 88 
104110	419598	330379	963	39843	 82 
104237	419598	330379	23	482	 82 
104229	419959	330379	23	379	 76 
104230	415687	330379	29	716	 75 
104222	419435	330379	30	817	 71 
104228	422458	330379	23	711	 70 
104221	419389	330379	31	961	 51 
104237	418948	330379	25	630	 45 
104229	417479	330379	29	1083	 41 
104234	418715	330379	26	867	 37 
104234	413285	330379	46	1686	 36 
104221	415183	330379	38	909	 22 
104226	414301	330379	37	1203	 15 

103955	410139	322844	33	1303	 97 ***
103939	409753	322844	35	816	 94 
103945	410192	322844	33	1102	 92 
103944	405414	322844	40	1059	 83 
103945	412421	322844	19	648	 82 
103934	411324	322844	37	781	 70 
103889	412496	322844	962	40330	 62 
103944	411856	322844	33	1251	 62 
103940	413048	322844	33	1011	 57 
105067	404772	322844	966	40749	 56 
103887	414549	322844	958	39812	 42 
103944	409540	322844	34	960	 25 
103921	411861	322844	558	24052	 22 
103951	408002	322844	35	995	 8 
103948	408552	322844	34	960	 5 

103702	405169	321079	949	39069	 97 ***
103785	399724	321079	41	1224	 97 
103716	398752	321079	955	39626	 95 
103768	399837	321079	41	1581	 95 
103683	404210	321079	957	39774	 93 
103780	401185	321079	40	1009	 80 
104861	397573	321079	41	995	 59 
103696	404751	321079	954	39720	 58 
103786	399344	321079	42	1117	 56 
103789	399052	321079	40	696	 52 
103774	401572	321079	37	1142	 49 
104841	396029	321079	954	39387	 47 
104812	398398	321079	552	22677	 46 
103777	399788	321079	41	1054	 27 
104821	398007	321079	550	22907	 24 
103783	401552	321079	34	949	 10 
104860	397084	321079	45	1177	 5 
103781	400119	321079	40	987	 0 

104813	394884	321290	40	1256	 99 ***
103619	399119	321290	27	1004	 97 
103598	396548	321290	947	39137	 89 
104844	390641	321290	945	39399	 87 
104803	391235	321290	949	39316	 87 
104783	391781	321290	944	39404	 85 
103607	397655	321290	32	1144	 84 
103612	399080	321290	28	862	 80 
104781	393976	321290	939	39473	 76 
103609	398383	321290	31	1376	 75 
104804	393785	321290	937	39384	 68 
104777	394062	321290	941	39020	 66 
103607	399905	321290	28	890	 65 
104816	393184	321290	943	39518	 60 
103604	398620	321290	33	1388	 60 
104748	394372	321290	950	39790	 57 
103607	395933	321290	34	1156	 55 
103588	397267	321290	949	39549	 53 
104837	392384	321290	932	39177	 52 
103614	400643	321290	20	570	 48 
103602	399910	321290	33	1196	 45 
104808	391195	321290	950	39658	 44 
104754	395857	321290	949	39778	 44 
104763	392704	321290	952	39705	 44 
104758	395170	321290	944	38776	 43 
104782	395502	321290	935	38994	 41 
104791	393953	321290	943	39298	 41 
103614	396139	321290	30	948	 39 
104799	394997	321290	936	38868	 38 
104801	394089	321290	41	1411	 38 
104807	395449	321290	40	1418	 36 
103602	396938	321290	36	1214	 35 
104771	391247	321290	948	39820	 27 
104733	393242	321290	952	39755	 26 
103619	399358	321290	23	798	 26 
104039	394541	321290	952	39427	 25 
104756	395251	321290	946	38793	 22 
104792	395423	321290	935	38965	 17 
104775	393717	321290	947	39450	 15 
103609	398357	321290	29	888	 15 
103755	394594	321290	952	39809	 10 
103605	398883	321290	31	907	 8 
104761	392870	321290	948	39533	 5 
104268	395526	321290	950	38941	 2 
103606	398075	321290	32	1207	 2 
103601	399160	321290	36	1201	 1 
104819	393404	321290	942	39262	 0 

104522	387877	318893	936	38265	 99 ***
104507	388461	318893	946	39452	 93 
103544	390142	318893	943	39165	 91 
104562	387808	318893	926	38802	 88 
103366	392688	318893	944	39045	 87 
104521	389389	318893	543	22885	 87 
104522	386918	318893	946	39154	 84 
104507	388081	318893	921	38785	 83 
103944	391998	318893	941	38670	 81 
104524	387648	318893	942	38713	 80 
104567	387174	318893	937	38510	 80 
104496	389082	318893	944	39459	 79 
104528	387505	318893	943	39019	 75 
104534	388285	318893	919	38397	 75 
104569	385935	318893	934	39047	 74 
103526	389172	318893	946	39219	 64 
104503	389633	318893	943	38887	 59 
104524	386824	318893	944	39278	 58 
104558	391525	318893	18	425	 56 
103946	390864	318893	941	38659	 54 
103412	391669	318893	944	38903	 53 
103975	390215	318893	938	39002	 52 
103383	392312	318893	945	39232	 47 
104513	386903	318893	948	39146	 45 
104511	390299	318893	529	22249	 45 
104585	385685	318893	940	38792	 44 
103538	393342	318893	942	39064	 44 
104540	388027	318893	28	626	 43 
103937	391845	318893	942	39090	 39 
103448	391222	318893	949	38932	 36 
104524	387561	318893	945	39436	 32 
104486	388128	318893	948	39223	 32 
104500	390507	318893	539	21859	 25 
103480	390279	318893	946	39104	 15 
104512	386760	318893	949	39456	 13 
104536	388092	318893	30	878	 13 
104534	386385	318893	947	39056	 12 
104556	387831	318893	937	39088	 12 
104558	387182	318893	936	39249	 11 
104532	386430	318893	939	39081	 9 
103950	390796	318893	940	38520	 9 
104483	389834	318893	942	39353	 8 
104555	387832	318893	935	38374	 6 

103480	385308	320601	946	39193	 99 ***
104632	381602	320601	944	38567	 94 
103426	385666	320601	945	38748	 94 
104575	382376	320601	944	38820	 92 
104580	386104	320601	32	937	 91 
104651	381685	320601	943	38892	 89 
103762	385490	320601	34	1264	 77 
104599	381410	320601	947	39064	 73 
104588	381969	320601	942	38882	 71 
104586	384425	320601	33	898	 70 
103393	390222	320601	946	39134	 68 
104614	380744	320601	949	38906	 63 
104616	380758	320601	947	39287	 57 
104581	383645	320601	37	1051	 53 
104642	381781	320601	937	38671	 51 
104564	382489	320601	943	39040	 44 
104588	383228	320601	9	145	 44 
104582	389051	320601	28	500	 37 
104575	385161	320601	37	1043	 34 
104580	384299	320601	42	1637	 32 
104606	382679	320601	938	38661	 27 
104581	385298	320601	33	830	 26 
104614	382448	320601	939	38911	 25 
104589	382738	320601	4	21	 23 
104671	381468	320601	940	39177	 19 
103539	383577	320601	941	38477	 7 
104584	386282	320601	25	797	 4 
104589	381686	320601	949	39157	 3 
104561	384339	320601	564	23666	 3 
104604	380855	320601	945	39203	 1 
104639	379908	320601	945	38888	 0 

104926	381219	325011	49	2066	 92 ***
103751	385558	325011	35	1175	 85 
104933	382024	325011	47	1839	 84 
103681	385675	325011	944	38847	 81 
104916	382134	325011	942	38587	 78 
103737	385138	325011	38	1433	 77 
103742	382972	325011	40	1241	 76 
103739	382335	325011	42	1140	 73 
103733	389769	325011	40	1700	 68 
104924	381470	325011	64	2449	 67 
103729	387012	325011	41	2010	 66 
104853	382032	325011	943	39022	 64 
103732	386852	325011	41	1400	 57 
103739	385902	325011	20	572	 36 
103727	385690	325011	53	2168	 23 
104925	384149	325011	33	1178	 18 
103740	384985	325011	39	1343	 17 
104861	381788	325011	946	38877	 15 
104922	381957	325011	941	38605	 13 
103728	384800	325011	44	1765	 12 
103716	386574	325011	47	2080	 4 

104749	376085	322693	949	39204	 99 ***
104823	376755	322693	921	38423	 96 
103737	385262	322693	943	39318	 94 
104876	379668	322693	35	1887	 93 
104816	375227	322693	934	39043	 91 
104875	380064	322693	35	985	 91 
104075	380595	322693	942	39183	 90 
104806	377656	322693	917	38647	 89 
104799	377201	322693	939	38949	 89 
104060	376873	322693	948	39201	 82 
104893	374414	322693	48	1593	 82 
104836	375510	322693	921	38205	 78 
104809	374855	322693	949	39316	 77 
104769	379123	322693	944	39101	 73 
104885	374181	322693	949	39288	 73 
103641	380230	322693	944	38733	 73 
104856	378656	322693	62	2489	 71 
104881	379082	322693	31	1125	 65 
104870	377261	322693	37	1321	 64 
104772	377390	322693	945	38848	 63 
103745	381990	322693	938	38774	 62 
104778	379070	322693	944	39051	 61 
104873	376547	322693	50	1356	 61 
104792	377283	322693	943	38654	 60 
103776	379554	322693	951	39124	 59 
104875	376034	322693	38	1718	 59 
104786	376469	322693	947	39075	 58 
104784	377657	322693	923	38318	 57 
104772	379707	322693	923	38501	 53 
104867	378956	322693	45	1974	 53 
104781	377066	322693	944	38865	 52 
104883	375258	322693	41	1216	 52 
103634	384602	322693	948	39313	 51 
104864	377773	322693	53	1938	 50 
103773	379598	322693	947	39164	 47 
104851	374740	322693	949	39330	 47 
104796	376512	322693	940	38738	 46 
104824	375051	322693	947	38638	 45 
104762	379622	322693	942	38820	 44 
104848	374914	322693	946	38711	 37 
104882	378738	322693	31	1018	 30 
104800	381181	322693	920	38349	 29 
104778	377349	322693	936	38772	 29 
104820	377615	322693	924	38583	 26 
104878	376063	322693	35	1189	 25 
104772	377942	322693	945	38640	 22 
104868	378622	322693	36	883	 20 
104787	376334	322693	945	39262	 19 
104881	379196	322693	24	700	 19 
104875	377130	322693	37	1693	 18 
104884	377321	322693	33	937	 16 
104761	378716	322693	947	38923	 14 
103762	380172	322693	949	39304	 11 
104772	381805	322693	941	39025	 10 
103989	379157	322693	946	39164	 9 
104881	377714	322693	32	1140	 4 

104729	379334	324193	34	1185	 98 ***
104729	376347	324193	34	1150	 92 
104829	371651	324193	951	39565	 89 
104736	377154	324193	30	892	 80 
104738	376268	324193	30	905	 75 
104809	373195	324193	948	39745	 62 
104842	371473	324193	955	39781	 59 
104739	373233	324193	44	1382	 58 
104844	372238	324193	946	39175	 57 
104738	375900	324193	17	276	 55 
102694	378984	324193	953	39451	 53 
104823	373024	324193	939	39278	 51 
104882	371534	324193	949	39666	 48 
103694	376060	324193	954	39184	 48 
104806	371759	324193	954	39735	 47 
104861	372234	324193	946	38939	 44 
103656	376628	324193	954	39695	 44 
103643	377707	324193	949	39490	 43 
104735	374962	324193	31	907	 42 
104734	378710	324193	31	1372	 36 
104729	376893	324193	37	1264	 35 
104735	373275	324193	34	1052	 33 
104729	376755	324193	35	1180	 24 
104732	376303	324193	44	1313	 20 
104733	376417	324193	33	952	 19 
103779	381057	324193	944	39061	 13 
103714	375034	324193	952	39437	 7 
104803	372843	324193	953	39689	 2 
104733	374146	324193	37	959	 0 

104731	373936	324690	37	1250	 98 ***
103666	374178	324690	947	39563	 93 
103689	374353	324690	945	39729	 89 
104867	367713	324690	947	39546	 85 
103617	376835	324690	941	39657	 84 
104059	374026	324690	944	39458	 82 
104786	368628	324690	950	39870	 77 
104782	368732	324690	943	39250	 72 
103766	373021	324690	946	39772	 69 
103750	374751	324690	941	38866	 66 
104735	373108	324690	30	878	 64 
104739	371983	324690	32	982	 61 
104744	372048	324690	29	881	 58 
104740	369516	324690	36	1179	 52 
104247	372378	324690	938	39133	 51 
104743	372068	324690	27	858	 50 
104732	373924	324690	29	940	 46 
103722	373603	324690	946	39348	 32 
103805	372461	324690	948	39545	 27 
104729	375802	324690	18	893	 25 
103792	376785	324690	927	39226	 24 
104734	371866	324690	33	938	 17 
103620	374699	324690	943	39604	 14 
103650	374127	324690	952	39806	 13 
104804	368026	324690	945	39845	 10 
104741	370192	324690	34	927	 9 
104221	371729	324690	950	39427	 6 
104735	371193	324690	530	22890	 6 
103680	377560	324690	938	39449	 1 
104743	371221	324690	32	901	 1 

104857	373110	325842	32	943	 98 ***
104852	373018	325842	34	930	 92 
103782	376524	325842	945	39746	 90 
104856	376018	325842	29	776	 86 
104856	375119	325842	29	894	 79 
104948	372284	325842	940	39382	 74 
104938	371693	325842	951	39410	 74 
104945	371553	325842	958	39713	 71 
104856	374132	325842	32	911	 69 
104937	372193	325842	951	39637	 66 
104113	373954	325842	953	39825	 64 
104877	372454	325842	954	39795	 51 
104855	374436	325842	30	902	 48 
104846	376059	325842	21	730	 44 
104956	371625	325842	955	39978	 39 
104853	375845	325842	30	898	 28 
103758	378644	325842	943	39370	 26 
103753	376894	325842	958	39976	 25 
103753	378116	325842	958	40042	 20 
104853	373388	325842	33	1165	 14 
104936	372160	325842	956	39826	 10 
104919	372938	325842	950	39516	 10 
104261	375572	325842	558	24698	 5 
104976	372500	325842	937	39438	 4 
104861	375159	325842	17	497	 4 
104850	374258	325842	35	977	 0 

104930	367936	326132	952	40093	 100 ***
104846	371462	326132	33	979	 96 
103847	370212	326132	950	39992	 92 
103828	376249	326132	943	39682	 91 
104933	367412	326132	951	39975	 90 
104292	373839	326132	944	39534	 87 
103747	371604	326132	952	39928	 81 
104853	370624	326132	30	1242	 81 
103852	370778	326132	949	39925	 70 
103857	374453	326132	943	39802	 69 
105002	367377	326132	924	39239	 69 
103799	370912	326132	951	40011	 59 
104852	371670	326132	32	996	 57 
103766	373228	326132	947	39636	 52 
104866	371452	326132	21	301	 52 
104138	370458	326132	947	40087	 46 
103743	372693	326132	950	40187	 42 
104850	373063	326132	32	1261	 30 
104853	370092	326132	31	917	 28 
104852	370385	326132	33	940	 22 
104860	373051	326132	16	225	 19 
104912	367953	326132	948	39893	 15 
104861	369678	326132	41	1010	 15 
103738	371946	326132	955	40184	 14 
104892	367969	326132	924	39384	 11 
104863	368743	326132	43	1562	 6 
104857	371402	326132	28	838	 2 
104947	367413	326132	947	39838	 1 
104155	374886	326132	941	39600	 1 

104765	364031	324971	948	39526	 99 ***
104759	367277	324971	921	38530	 92 
104801	364995	324971	20	503	 92 
104767	365004	324971	946	39658	 91 
104773	365081	324971	945	39077	 91 
104788	365796	324971	54	1564	 91 
104772	367266	324971	925	39284	 90 
104794	363015	324971	45	1337	 88 
104776	365731	324971	914	38664	 87 
104783	363183	324971	949	39549	 82 
104770	366693	324971	938	39340	 81 
104751	365643	324971	948	39767	 78 
104799	363592	324971	41	1296	 78 
104788	366304	324971	39	1248	 76 
104772	366275	324971	917	38915	 72 
104760	364376	324971	947	39835	 68 
104769	364195	324971	947	39590	 65 
104781	364508	324971	944	39335	 65 
104773	365685	324971	944	39054	 59 
104764	365917	324971	944	39760	 50 
104793	368361	324971	37	1019	 50 
104759	365137	324971	947	39510	 49 
103609	367799	324971	930	39023	 46 
103650	366572	324971	943	39544	 44 
103641	366603	324971	949	39546	 42 
104794	367392	324971	25	856	 42 
104770	364694	324971	946	39914	 34 
104793	365030	324971	41	1323	 34 
104759	367119	324971	937	39062	 29 
104204	363161	324971	950	39342	 23 
104026	366065	324971	944	39424	 18 
104782	364019	324971	945	39806	 17 
103656	363843	324971	949	39730	 13 
104822	362835	324971	951	39335	 8 
104799	366712	324971	35	1164	 5 
104788	363668	324971	47	1389	 0 

104708	362755	324325	961	39531	 100 ***
103705	366386	324325	956	39666	 98 
104759	363428	324325	924	38411	 95 
103696	367803	324325	953	39437	 95 
103697	366218	324325	957	39795	 91 
104712	364205	324325	30	775	 87 
104141	364766	324325	957	39282	 86 
103540	366601	324325	963	39866	 82 
104693	366216	324325	940	39611	 79 
104704	363719	324325	37	890	 76 
104703	364219	324325	962	40043	 74 
104778	361904	324325	956	39945	 73 
104710	363951	324325	34	848	 66 
104701	365119	324325	31	898	 62 
104093	364526	324325	959	39558	 57 
104755	363031	324325	951	39540	 50 
104746	361826	324325	962	39742	 48 
103575	369462	324325	959	39830	 45 
104690	366278	324325	542	22733	 45 
104698	364428	324325	36	852	 44 
104709	363153	324325	956	39631	 41 
104163	367397	324325	952	39768	 34 
104703	364383	324325	955	39559	 26 
104706	364210	324325	36	908	 26 
104777	363225	324325	927	39075	 22 
104703	364753	324325	11	183	 22 
103666	366972	324325	954	39663	 19 
103590	366671	324325	958	40028	 16 
103746	365978	324325	957	39638	 7 
104708	363637	324325	957	39992	 5 
104677	364420	324325	955	39861	 5 
104680	366584	324325	576	24137	 4 
104750	362578	324325	954	39130	 1 
103895	368078	324325	561	22932	 1 

104676	359644	325358	941	38795	 98 ***
103461	365572	325358	953	39191	 87 
104633	362335	325358	45	1261	 87 
104647	359807	325358	952	38804	 85 
104685	359336	325358	946	38997	 83 
103610	359226	325358	956	39533	 82 
104708	358111	325358	962	39526	 81 
104664	357797	325358	963	39746	 73 
104691	358494	325358	957	39176	 72 
104616	360527	325358	955	39192	 71 
104708	358116	325358	956	39295	 71 
104621	361263	325358	948	38881	 69 
104685	358531	325358	938	38647	 69 
104647	361211	325358	36	854	 68 
104653	361268	325358	23	473	 67 
104674	358884	325358	954	39309	 65 
104645	363718	325358	29	512	 65 
104646	360313	325358	955	39328	 63 
104060	359110	325358	956	38767	 62 
104669	359445	325358	954	39460	 58 
104643	365706	325358	36	882	 49 
104644	360630	325358	37	884	 44 
104650	363225	325358	35	520	 38 
104626	358673	325358	962	39060	 37 
104670	359543	325358	953	39187	 36 
104624	361980	325358	943	38399	 34 
103481	362701	325358	955	39349	 33 
104655	359687	325358	43	1215	 27 
104629	361288	325358	940	38679	 26 
103504	361170	325358	953	39316	 22 
104664	358118	325358	961	39422	 18 
104637	364030	325358	38	892	 16 
104654	359732	325358	41	1155	 15 
104694	358409	325358	947	39261	 14 
104625	362335	325358	555	22988	 10 
103487	360996	325358	962	39631	 9 
104636	362747	325358	40	1144	 6 
104668	359065	325358	960	39011	 5 
104681	359545	325358	940	38765	 5 
104650	360546	325358	39	1013	 1 
104642	362812	325358	37	884	 0 

104854	362772	329073	41	985	 100 ***
104849	359324	329073	960	39354	 99 
104839	360251	329073	959	39298	 94 
104857	362017	329073	31	577	 94 
104850	359520	329073	956	39066	 91 
104856	361806	329073	40	977	 89 
104805	365277	329073	478	20266	 85 
104835	361983	329073	579	23562	 85 
104884	358796	329073	965	39617	 82 
104855	362504	329073	44	1195	 81 
104846	359496	329073	958	39654	 72 
104851	362412	329073	45	1252	 71 
104849	358835	329073	957	39454	 66 
104822	359089	329073	961	39653	 65 
104845	359741	329073	958	39512	 47 
104866	359505	329073	44	1515	 47 
104886	358872	329073	956	39142	 37 
104813	360318	329073	934	38876	 33 
104851	362790	329073	42	989	 32 
104838	363707	329073	571	23308	 31 
104855	362222	329073	41	936	 27 
104816	359818	329073	962	39746	 26 
104855	361765	329073	44	1385	 25 
104856	361556	329073	41	1232	 23 
104857	361397	329073	38	1170	 21 
103655	360435	329073	935	38694	 20 
104846	360113	329073	926	38582	 17 
104857	359519	329073	956	39032	 12 
104858	360549	329073	15	576	 4 
104896	359408	329073	925	38524	 3 

104734	349817	325573	960	39202	 99 ***
104709	350975	325573	953	38784	 99 
104688	351113	325573	955	38575	 96 
104079	352473	325573	949	39024	 96 
104728	351123	325573	940	38667	 92 
104702	350196	325573	959	38911	 87 
104702	350842	325573	956	38787	 86 
104739	350609	325573	952	38613	 86 
104706	351250	325573	36	940	 85 
104721	349949	325573	958	39003	 84 
104661	350833	325573	962	39073	 80 
104747	350548	325573	943	38587	 77 
104689	350915	325573	957	38573	 77 
104711	350956	325573	949	38002	 76 
104710	350037	325573	953	38978	 73 
104692	350984	325573	954	38843	 71 
104697	355128	325573	28	1062	 70 
104686	350487	325573	959	39046	 68 
104689	350312	325573	957	38772	 67 
104677	351313	325573	946	38892	 66 
103506	352164	325573	960	39219	 62 
104645	351883	325573	954	38777	 61 
104699	353801	325573	27	1115	 58 
104689	351179	325573	953	38333	 57 
104723	349937	325573	959	39084	 57 
103538	354217	325573	942	38504	 55 
104688	352973	325573	43	1564	 55 
104675	351238	325573	960	38987	 52 
104692	355575	325573	20	323	 52 
104698	354930	325573	25	597	 48 
104677	351571	325573	941	38776	 45 
104681	354765	325573	563	21897	 41 
104727	350827	325573	942	38347	 37 
104784	351049	325573	939	38471	 37 
104706	354324	325573	25	758	 37 
104698	353353	325573	35	1357	 35 
103647	352564	325573	934	38423	 33 
104702	350763	325573	956	38510	 33 
104714	353412	325573	32	1102	 30 
104697	351688	325573	36	1099	 28 
104698	354992	325573	32	747	 26 
104701	350873	325573	956	38932	 22 
104741	349415	325573	950	38388	 19 
104687	353983	325573	42	1216	 19 
103511	356323	325573	956	38937	 17 
104735	349831	325573	957	38997	 14 
104722	350721	325573	950	38727	 13 
104692	355333	325573	36	1150	 12 
104667	352339	325573	949	38837	 10 
104688	353196	325573	38	1205	 8 
104644	351380	325573	959	38692	 7 
104707	352554	325573	35	966	 7 
104703	354805	325573	26	773	 4 

104683	349024	324511	556	22660	 99 ***
104705	343642	324511	947	38216	 97 
104689	348924	324511	577	22911	 97 
103553	347364	324511	947	38502	 92 
104657	349548	324511	942	38971	 88 
104721	342847	324511	949	38859	 85 
104726	342230	324511	913	37820	 81 
104667	344714	324511	950	38958	 76 
104680	344413	324511	948	38905	 75 
104725	342954	324511	948	38935	 74 
103955	345140	324511	951	39180	 73 
104727	345421	324511	37	1193	 72 
104700	344515	324511	944	38864	 71 
104717	343169	324511	949	38930	 71 
104738	342051	324511	18	772	 71 
104677	344630	324511	946	38995	 67 
104680	346027	324511	930	38187	 60 
104689	343870	324511	949	39199	 59 
103531	348121	324511	954	39244	 59 
104670	346471	324511	942	38744	 55 
104699	344584	324511	917	38101	 55 
104685	344013	324511	947	39165	 55 
104714	343703	324511	916	37719	 54 
103490	347042	324511	955	39226	 54 
104724	342988	324511	946	39048	 54 
103943	348611	324511	946	39008	 48 
103707	349134	324511	945	38954	 46 
104714	344318	324511	935	38479	 44 
104690	345061	324511	937	38635	 44 
104711	343402	324511	944	38642	 43 
104146	350617	324511	941	38604	 43 
104658	344340	324511	952	39195	 39 
103963	347099	324511	946	38698	 38 
103637	352507	324511	945	38780	 37 
103537	348920	324511	947	38942	 35 
104673	349227	324511	938	38472	 33 
103533	347677	324511	948	38822	 32 
104708	344075	324511	945	38766	 31 
104680	345117	324511	945	38752	 31 
104664	346976	324511	945	38664	 23 
104667	347505	324511	941	38429	 23 
104671	344048	324511	949	38704	 16 
104711	343215	324511	939	38405	 15 
104639	347048	324511	946	38767	 13 
104680	343404	324511	950	38940	 11 
104668	343710	324511	953	39228	 11 
104691	341429	324511	950	38903	 9 
104142	345034	324511	947	38738	 8 
104731	342340	324511	14	676	 7 
104683	342778	324511	950	38959	 6 
104722	342837	324511	949	38938	 6 
104777	341848	324511	949	38949	 2 
104727	344261	324511	911	37774	 1 

104854	341721	324533	950	38864	 100 ***
104828	344704	324533	34	1230	 99 
104811	345044	324533	32	1010	 96 
104827	342594	324533	53	1904	 92 
104924	342172	324533	942	38321	 80 
103664	347695	324533	946	38891	 78 
103713	345203	324533	948	38882	 78 
103753	346616	324533	946	38536	 76 
104829	342535	324533	950	39001	 71 
104805	342694	324533	949	38983	 68 
104812	346931	324533	24	986	 68 
104812	346828	324533	26	1002	 66 
104787	345522	324533	944	38439	 59 
104077	346040	324533	934	38450	 52 
104917	342315	324533	942	38722	 51 
104800	343464	324533	45	1940	 38 
103735	343944	324533	951	39098	 34 
104013	350040	324533	557	22246	 34 
104811	349008	324533	28	1176	 33 
103663	347961	324533	950	38979	 32 
104813	346201	324533	28	805	 31 
104811	350221	324533	27	1177	 30 
104797	345538	324533	30	1673	 29 
103680	344956	324533	953	38986	 26 
104850	341803	324533	945	38701	 26 
104832	342517	324533	951	38764	 25 
104791	345787	324533	941	38519	 21 
104075	343217	324533	953	38723	 19 
104807	344650	324533	42	1298	 17 
104866	341496	324533	945	38733	 7 
103651	346332	324533	953	38956	 5 
103813	345736	324533	946	38690	 4 
104804	344791	324533	33	1184	 1 

104780	343241	324558	943	39191	 100 ***
104805	342127	324558	940	38968	 100 
104794	343092	324558	548	22022	 100 
104824	345685	324558	31	1259	 98 
104758	349488	324558	930	38801	 96 
104821	343580	324558	33	1129	 85 
104794	342526	324558	949	39125	 84 
104768	345253	324558	940	39069	 82 
104804	342859	324558	939	38747	 76 
103639	345645	324558	949	39325	 76 
104793	342654	324558	940	38873	 75 
104767	343674	324558	944	39398	 74 
104818	343820	324558	35	1581	 73 
104773	343792	324558	943	39157	 66 
104814	342839	324558	37	954	 66 
103756	343935	324558	945	39170	 64 
103691	346985	324558	940	38878	 62 
104782	341252	324558	950	39311	 61 
104821	342695	324558	54	1827	 61 
104769	342922	324558	952	39301	 59 
104746	346855	324558	937	39010	 57 
104786	342529	324558	941	39372	 56 
104795	342397	324558	944	39389	 49 
103655	347567	324558	938	38780	 46 
103798	344491	324558	943	39018	 42 
104823	341576	324558	944	39346	 41 
104837	342543	324558	39	981	 40 
104780	342644	324558	943	39478	 39 
104780	345505	324558	931	38522	 39 
104817	344058	324558	35	1121	 39 
104867	340086	324558	947	39413	 38 
103787	345004	324558	941	38992	 36 
104822	342416	324558	48	1623	 36 
103650	346993	324558	946	39090	 34 
104034	343425	324558	948	39130	 32 
104038	343717	324558	944	39126	 32 
104770	345592	324558	938	38951	 32 
104848	341563	324558	939	38651	 31 
104813	342232	324558	939	38815	 26 
104793	346462	324558	563	23811	 26 
104775	343368	324558	949	39136	 24 
104826	342556	324558	29	874	 24 
104807	342341	324558	930	38721	 22 
104791	344461	324558	926	38743	 20 
104826	341837	324558	45	1577	 19 
103742	345959	324558	938	39271	 18 
104794	342980	324558	939	38885	 17 
104766	344257	324558	943	39147	 17 
104771	345474	324558	939	39120	 16 
104768	346692	324558	936	38979	 14 
103562	350442	324558	946	39069	 14 
104830	342977	324558	24	1205	 14 
104776	343612	324558	933	38449	 13 
104024	343824	324558	950	39312	 13 
104795	342009	324558	949	39477	 7 
104860	340806	324558	940	39016	 5 
104803	341976	324558	943	39372	 0 

104792	338688	325184	40	1345	 99 ***
104795	343418	325184	35	1478	 98 
104785	340130	325184	947	39370	 85 
104846	336740	325184	948	39490	 84 
104847	335947	325184	951	39628	 84 
104797	341357	325184	38	1616	 84 
103806	336970	325184	952	39889	 81 
104791	342447	325184	46	2209	 74 
103818	345653	325184	946	38689	 72 
104848	337581	325184	912	38839	 66 
103785	340574	325184	947	39608	 66 
104817	337763	325184	951	39643	 66 
104799	341283	325184	37	1646	 65 
103745	339926	325184	951	39534	 64 
103780	339309	325184	954	39692	 63 
104081	339341	325184	948	39810	 63 
104843	337024	325184	946	39541	 62 
104772	341472	325184	945	39701	 62 
104803	338048	325184	943	39203	 54 
104278	344582	325184	946	39632	 53 
104801	339869	325184	12	944	 46 
104792	341275	325184	946	39733	 42 
104785	343719	325184	944	39598	 41 
104857	337410	325184	945	39373	 33 
104819	337713	325184	563	24122	 32 
104786	343162	325184	943	39488	 22 
104799	338286	325184	947	39400	 22 
104785	341716	325184	944	39405	 21 
104799	342799	325184	29	1098	 18 
104880	337213	325184	945	39333	 14 
103754	339673	325184	949	39877	 10 
104852	337482	325184	912	38635	 6 
104840	337354	325184	950	39517	 3 
104799	340978	325184	30	1323	 0 

104147	335593	326861	948	39433	 97 ***
104946	332502	326861	954	39521	 96 
104880	333805	326861	959	40044	 95 
103727	340688	326861	951	39562	 83 
103806	338305	326861	947	39201	 75 
104880	333826	326861	951	39415	 75 
103737	337179	326861	951	39774	 74 
104863	334552	326861	12	176	 72 
103746	336816	326861	954	39890	 71 
104940	333150	326861	926	39020	 69 
104884	333637	326861	953	39756	 65 
104891	333675	326861	951	39870	 57 
105001	332346	326861	954	39749	 57 
103864	334367	326861	952	39684	 49 
104071	337889	326861	944	39139	 48 
104942	332875	326861	922	38806	 47 
103859	336694	326861	951	39624	 47 
104149	336451	326861	946	38658	 40 
104894	334242	326861	947	39277	 39 
104927	332709	326861	950	39761	 36 
103741	336259	326861	958	39941	 33 
104867	337622	326861	11	222	 33 
104907	332710	326861	947	39709	 32 
104904	333550	326861	952	39501	 30 
104862	337576	326861	39	1228	 27 
103851	335888	326861	953	39962	 26 
104931	333804	326861	934	39095	 24 
103846	336754	326861	945	38872	 22 
104890	333540	326861	953	39736	 21 
104901	333927	326861	947	39859	 19 
104933	333549	326861	920	38563	 14 

104390	336006	334865	39	1292	 94 ***
104394	338109	334865	27	887	 87 
103980	338537	334865	946	39791	 80 
105231	332527	334865	953	40082	 61 
105148	333157	334865	950	39396	 61 
104384	335198	334865	41	1254	 61 
104378	336077	334865	40	1438	 57 
105157	332910	334865	958	40246	 51 
104030	334313	334865	955	40113	 47 
104388	336297	334865	38	1260	 45 
105160	332638	334865	959	40251	 44 
105208	331919	334865	954	39999	 39 
104377	336304	334865	43	1496	 31 
103955	337800	334865	953	40295	 29 
104391	333162	334865	37	897	 21 
105158	332795	334865	954	40039	 20 
104381	336727	334865	37	1307	 20 
105183	332989	334865	946	39573	 18 
105133	332928	334865	956	40372	 15 
104395	337822	334865	26	1031	 14 
103979	336185	334865	954	40269	 8 
105176	332896	334865	951	40007	 1 
105199	335802	334865	21	921	 1 

