#105585	429343	330645	0	0	 76 ***
#105624	426498	330645	0	0	 70 
#105579	430399	330645	0	0	 70 
#105624	427075	330645	0	0	 56 
#104439	439324	330645	0	0	 47 
#104597	430433	330645	0	0	 18 
#105621	427937	330645	0	0	 16 
#104441	433926	330645	0	0	 10 

105403	421403	331743	977	41373	 96 ***
104398	427543	331743	973	41300	 92 
105390	422397	331743	33	1039	 92 
104831	429729	331743	970	40798	 84 
105452	421594	331743	491	21232	 84 
105421	420893	331743	973	41277	 78 
105367	428001	331743	972	40765	 76 
104314	426698	331743	976	41055	 75 
105416	419941	331743	977	41518	 72 
105485	418999	331743	981	41765	 72 
105452	420767	331743	972	41151	 72 
105391	423163	331743	32	1029	 69 
105388	426124	331743	24	619	 68 
105383	424409	331743	25	822	 57 
105382	424519	331743	29	890	 55 
104830	422538	331743	976	41641	 53 
105381	427730	331743	26	1077	 51 
105443	420409	331743	973	41179	 44 
105455	419484	331743	976	41603	 43 
105470	419917	331743	968	41128	 43 
105446	420165	331743	975	40365	 40 
105494	419280	331743	976	41694	 40 
105389	423650	331743	30	1280	 39 
104252	423174	331743	977	41763	 38 
105406	421662	331743	973	41055	 38 
105372	424976	331743	973	41047	 33 
105376	424358	331743	34	1286	 32 
104285	430269	331743	976	41143	 31 
104876	425872	331743	973	41166	 28 
105395	422080	331743	6	147	 26 
105389	423486	331743	33	1079	 14 
105435	420290	331743	975	40947	 9 
104844	426376	331743	975	41342	 7 
105378	423783	331743	30	1261	 7 
105388	426525	331743	23	551	 5 

105287	415850	330379	35	1046	 100 ***
104274	420008	330379	972	41105	 93 
105275	417343	330379	37	1061	 88 
105285	415923	330379	970	40675	 80 
105278	419702	330379	34	1038	 79 
105268	418481	330379	36	1404	 77 
105313	415209	330379	970	41058	 72 
104242	420583	330379	967	40637	 71 
105277	418926	330379	35	1099	 70 
105342	414833	330379	957	40337	 69 
104290	416122	330379	970	41110	 60 
104282	419225	330379	970	40710	 58 
105284	417972	330379	20	924	 58 
105336	415154	330379	964	40748	 55 
105350	414499	330379	963	40450	 55 
105278	418315	330379	34	1038	 52 
105296	413248	330379	972	40740	 46 
104140	426099	330379	969	40740	 46 
104482	420448	330379	966	40544	 43 
105340	415339	330379	961	40136	 38 
105279	418669	330379	33	1030	 38 
105331	415722	330379	962	40779	 37 
105273	419868	330379	35	1099	 27 
105279	416023	330379	34	1038	 25 
104557	416143	330379	963	40827	 17 
105319	412601	330379	967	40648	 16 
105317	415158	330379	968	40790	 14 
104229	420766	330379	965	40801	 10 
104281	420791	330379	963	40633	 10 
104171	420259	330379	969	40772	 4 
105339	415507	330379	959	40619	 0 

105036	406518	322844	963	40372	 100 ***
104421	411724	322844	555	23569	 100 
104432	410939	322844	968	40736	 99 
105002	415689	322844	36	1095	 98 
105002	407623	322844	967	40610	 97 
105023	408493	322844	958	40114	 94 
105001	412343	322844	37	885	 94 
105004	412184	322844	35	734	 93 
104286	412734	322844	958	40061	 92 
105007	409933	322844	38	1114	 92 
105012	409705	322844	39	1365	 91 
105004	409706	322844	960	40281	 90 
105094	403740	322844	968	40761	 79 
104965	408638	322844	964	40502	 78 
104478	410235	322844	963	40537	 76 
105022	408658	322844	963	40831	 75 
105004	410823	322844	37	1110	 75 
105089	408451	322844	956	40611	 73 
105025	409049	322844	956	40262	 73 
105022	407709	322844	965	40469	 72 
104273	412888	322844	960	40426	 72 
105059	406111	322844	967	40742	 68 
104990	411507	322844	957	40035	 66 
105046	406380	322844	964	40625	 65 
105076	405956	322844	963	40698	 62 
104999	409795	322844	556	23226	 62 
105044	408589	322844	935	39358	 59 
105019	408772	322844	959	40306	 58 
105029	408080	322844	962	40585	 58 
105052	406249	322844	958	40377	 55 
105036	408310	322844	961	40317	 55 
105021	408636	322844	965	40564	 53 
105074	406020	322844	960	40591	 46 
103985	415780	322844	945	40399	 45 
105037	408986	322844	957	40185	 45 
104988	411202	322844	960	40651	 45 
104996	409983	322844	958	39953	 42 
105012	411218	322844	30	780	 42 
105006	411783	322844	33	723	 41 
105007	409842	322844	37	1335	 35 
105003	411858	322844	36	998	 32 
104235	413482	322844	961	40338	 30 
105045	407955	322844	959	40330	 30 
105019	410713	322844	13	329	 29 
105043	407881	322844	962	40398	 27 
105015	414638	322844	28	1085	 25 
103853	414244	322844	968	40849	 24 
105007	409933	322844	35	853	 22 
103906	412407	322844	963	40544	 19 
105013	408929	322844	959	40217	 17 
105051	406850	322844	962	39694	 14 
104011	415257	322844	962	40359	 13 
105080	405858	322844	961	40048	 9 
104996	409807	322844	960	40415	 9 
105040	407918	322844	961	40302	 8 
104299	412611	322844	957	39781	 7 
105007	410943	322844	35	814	 6 
105004	411241	322844	36	931	 1 

104848	398880	321079	958	39969	 97 ***
104836	400115	321079	935	39041	 91 
104871	399600	321079	37	1057	 89 
104090	404153	321079	944	39848	 86 
104852	400995	321079	932	39411	 86 
104821	399219	321079	954	39925	 80 
103692	400683	321079	951	39695	 80 
104852	398441	321079	948	39425	 78 
104832	399722	321079	952	39721	 75 
104812	402639	321079	937	39394	 66 
104839	402846	321079	539	22682	 65 
104823	398910	321079	958	40119	 64 
103670	404129	321079	956	39632	 61 
103704	408956	321079	945	39557	 60 
104832	400364	321079	950	39890	 55 
104851	398798	321079	951	39257	 55 
104900	399280	321079	922	38903	 50 
104817	399559	321079	960	39623	 47 
104833	403151	321079	930	39141	 44 
104818	401902	321079	950	39814	 42 
104863	401998	321079	17	938	 41 
104859	405743	321079	43	1475	 36 
103672	402598	321079	952	39656	 31 
104862	402146	321079	37	1057	 31 
104859	397409	321079	923	39021	 27 
104863	401545	321079	41	1105	 27 
104853	399857	321079	925	37764	 25 
104129	402632	321079	948	39800	 21 
104844	399951	321079	948	39593	 20 
104869	400394	321079	38	1347	 20 
104849	402767	321079	931	39021	 17 
104865	401945	321079	16	580	 12 
104862	396072	321079	953	39954	 8 
104866	400953	321079	41	1105	 7 
104859	402455	321079	42	1358	 6 
104850	398246	321079	962	39904	 4 
104857	396548	321079	956	40100	 0 

104223	398204	321290	944	39285	 100 ***
104222	395249	321290	950	39782	 89 
104752	399279	321290	39	1263	 87 
104769	394556	321290	15	476	 85 
103766	395315	321290	949	39867	 83 
104162	396308	321290	948	38973	 81 
104809	390821	321290	957	39471	 80 
104209	398949	321290	947	39728	 76 
104765	395286	321290	33	945	 73 
104759	398141	321290	481	20584	 72 
103727	399439	321290	945	39217	 62 
104193	395220	321290	952	39777	 55 
104781	390923	321290	921	38655	 53 
103556	396734	321290	950	39031	 53 
104760	396844	321290	34	1067	 51 
104737	393681	321290	952	39601	 47 
104766	393319	321290	948	39687	 47 
104776	394359	321290	31	922	 47 
104762	396841	321290	34	960	 45 
104763	397241	321290	33	945	 41 
104768	394161	321290	34	949	 39 
103612	402792	321290	551	23838	 35 
104736	393847	321290	483	20132	 33 
104756	398195	321290	475	20414	 32 
104764	396818	321290	34	949	 28 
104744	393783	321290	949	39734	 26 
104768	395941	321290	29	821	 26 
104765	396464	321290	32	926	 24 
104770	393487	321290	34	949	 14 
104765	394306	321290	34	1069	 13 
104759	393637	321290	35	1204	 12 
104732	397180	321290	945	39336	 11 
104752	391789	321290	957	39981	 6 

104503	389402	318893	941	38561	 95 ***
104503	387364	318893	942	38960	 93 
104554	387752	318893	926	38637	 88 
104543	386280	318893	947	39151	 86 
103443	394163	318893	943	39046	 86 
103950	393212	318893	27	987	 80 
104551	389088	318893	37	977	 78 
104567	386248	318893	938	38131	 73 
103946	391604	318893	35	1014	 67 
104532	387032	318893	927	38466	 65 
103724	393078	318893	941	39090	 65 
104472	387190	318893	951	39306	 62 
104489	386576	318893	945	38908	 61 
103957	391638	318893	28	619	 60 
103954	391734	318893	32	927	 55 
104519	387555	318893	938	39089	 49 
103773	392428	318893	942	39185	 48 
103537	390182	318893	947	38987	 47 
104531	387161	318893	942	39230	 46 
104543	386376	318893	949	39393	 44 
104534	386516	318893	948	39357	 40 
104578	385752	318893	950	39268	 40 
103957	390282	318893	31	893	 28 
104573	388499	318893	924	38849	 25 
104482	388274	318893	946	39146	 20 
103946	390436	318893	38	1344	 19 
104552	388771	318893	926	38897	 14 
103346	390328	318893	945	39075	 13 
103960	389506	318893	35	938	 12 
103965	395917	318893	22	647	 11 
104554	387026	318893	942	38714	 7 
103381	393612	318893	944	39030	 7 
104476	387061	318893	949	39523	 4 
103949	392535	318893	32	897	 3 

104626	381129	320601	948	39150	 99 ***
104634	381111	320601	946	39086	 96 
104558	384746	320601	34	924	 91 
103610	384231	320601	948	39246	 87 
104559	387643	320601	33	916	 85 
104595	382110	320601	943	39100	 84 
104561	381853	320601	949	39239	 84 
104611	383225	320601	923	38489	 83 
104011	384455	320601	941	38682	 83 
104556	388323	320601	33	909	 83 
103546	388053	320601	938	38218	 79 
103441	387049	320601	941	38734	 75 
104566	383874	320601	34	948	 71 
104587	383232	320601	938	38761	 55 
104612	382758	320601	920	38682	 54 
103424	387801	320601	943	38938	 53 
104579	383137	320601	947	39057	 52 
104595	383172	320601	943	39130	 51 
104557	384010	320601	35	1164	 51 
104627	382347	320601	918	38257	 47 
104637	380498	320601	946	39200	 44 
104589	381267	320601	948	39251	 44 
104610	382950	320601	941	38674	 43 
104614	382015	320601	946	39271	 41 
104656	380880	320601	942	39206	 40 
104555	383294	320601	945	38558	 40 
103812	387177	320601	940	38429	 28 
104561	384174	320601	9	763	 28 
104601	383160	320601	939	38441	 26 
104566	383232	320601	947	38916	 26 
104593	383775	320601	477	19734	 23 
103453	388794	320601	938	39132	 22 
104611	381479	320601	947	39305	 18 
104592	382182	320601	945	38893	 17 
103407	388471	320601	948	39252	 15 
103822	385978	320601	944	39016	 14 
104552	384488	320601	36	985	 13 
103822	387133	320601	925	38476	 12 
104630	381297	320601	928	38770	 6 
104583	382407	320601	948	39358	 4 
104561	386216	320601	33	916	 2 

103832	387777	325011	953	39289	 100 ***
104883	384390	325011	46	1528	 100 
104841	384006	325011	942	39015	 99 
104833	385675	325011	939	38530	 94 
104840	383877	325011	951	39142	 94 
104858	383741	325011	941	38565	 94 
104847	383466	325011	947	38795	 92 
104850	386157	325011	925	38622	 90 
104854	385100	325011	938	38384	 87 
104866	388966	325011	481	19996	 84 
104845	388424	325011	567	24703	 84 
104855	384076	325011	918	38262	 75 
104894	386715	325011	32	876	 75 
104844	385308	325011	938	38522	 74 
104866	383435	325011	946	39162	 73 
104849	386171	325011	924	38454	 73 
104869	382991	325011	936	38564	 69 
104840	380751	325011	949	38918	 66 
104781	386337	325011	927	38519	 65 
104305	384674	325011	945	38720	 61 
104879	388561	325011	42	1225	 61 
103720	389029	325011	942	38684	 60 
104877	386326	325011	46	1180	 60 
104856	383505	325011	945	38956	 57 
104846	385172	325011	939	38455	 57 
104884	382880	325011	41	1446	 57 
104877	389132	325011	48	1576	 55 
104869	382679	325011	939	39028	 44 
104887	386789	325011	28	1109	 44 
104889	385082	325011	35	1129	 41 
104842	386554	325011	920	38169	 40 
104882	386244	325011	48	1569	 38 
104880	386050	325011	916	38284	 36 
104252	389542	325011	930	38043	 36 
103709	388505	325011	951	39035	 34 
103707	393753	325011	944	38797	 33 
104889	386363	325011	38	1149	 29 
104833	384407	325011	947	38963	 22 
104099	388500	325011	942	38726	 21 
104310	385073	325011	942	38859	 21 
104868	382144	325011	941	38336	 18 
104839	384288	325011	946	38847	 14 
104830	386635	325011	921	38593	 14 
104110	390417	325011	941	38685	 10 
104255	386928	325011	949	39225	 10 
104872	387891	325011	916	38278	 6 
104864	389256	325011	550	23406	 6 
104830	386411	325011	923	38611	 5 
104080	387194	325011	945	39071	 3 
104875	388825	325011	56	2203	 3 
104834	384301	325011	943	38804	 1 

103777	381597	322693	46	1549	 99 ***
104786	375725	322693	945	39215	 98 
104793	377752	322693	939	38664	 98 
103784	381749	322693	22	488	 98 
103786	379962	322693	38	1247	 95 
103787	381429	322693	33	1212	 92 
104863	377610	322693	37	1456	 90 
104864	380579	322693	36	1357	 86 
103661	380547	322693	952	39276	 85 
103764	378069	322693	951	39148	 83 
103771	383006	322693	31	686	 83 
104809	375400	322693	944	39016	 81 
103691	379770	322693	945	38369	 80 
104777	377063	322693	942	38831	 77 
104794	376927	322693	943	39087	 77 
103777	382470	322693	37	1280	 77 
103774	381471	322693	52	1942	 75 
103779	380615	322693	47	1546	 74 
103702	384538	322693	942	38748	 73 
104809	376413	322693	943	38792	 71 
103785	381463	322693	37	1570	 69 
103631	385548	322693	947	39241	 68 
104818	376887	322693	928	38705	 65 
103789	381393	322693	33	1059	 65 
103757	383038	322693	940	38305	 63 
103774	379246	322693	946	39261	 57 
104862	376320	322693	942	38857	 52 
104860	381335	322693	31	393	 52 
104850	377233	322693	53	1632	 49 
103725	383127	322693	941	38989	 48 
104792	377430	322693	941	38591	 46 
103783	381809	322693	30	1183	 45 
104058	377627	322693	943	39178	 44 
104850	374077	322693	945	39184	 38 
104835	375707	322693	943	38899	 38 
103743	380400	322693	943	38996	 37 
104892	375591	322693	941	38955	 34 
104036	377910	322693	949	39089	 33 
103778	381285	322693	39	1353	 33 
103780	380660	322693	41	1406	 26 
103770	381027	322693	53	2477	 20 
103591	382527	322693	948	39347	 8 
103784	379922	322693	39	1088	 7 
104800	373853	322693	946	39072	 5 
103783	378126	322693	40	1405	 0 

103768	376403	324193	32	926	 100 ***
104786	374506	324193	947	39357	 96 
104767	372162	324193	950	39328	 95 
103762	377164	324193	27	865	 92 
103760	381473	324193	28	854	 83 
104828	374535	324193	50	1976	 76 
103608	382011	324193	950	39493	 74 
104751	375812	324193	946	39694	 72 
104840	372094	324193	44	1033	 72 
104787	374732	324193	946	39089	 66 
104816	375625	324193	934	38957	 64 
104767	375542	324193	949	39542	 62 
103642	376108	324193	942	39237	 61 
103747	376595	324193	46	1800	 50 
104810	372042	324193	947	39698	 49 
104008	373287	324193	956	39860	 46 
103744	376645	324193	29	1113	 38 
104741	374547	324193	954	39714	 36 
104844	372076	324193	51	1390	 36 
104840	371819	324193	946	39315	 34 
104833	375194	324193	43	1267	 34 
104817	373716	324193	530	21800	 33 
104771	375478	324193	948	39648	 28 
104840	372455	324193	43	1202	 27 
104757	375637	324193	953	39754	 25 
104838	374360	324193	44	1176	 23 
104766	375602	324193	952	39416	 22 
104776	375411	324193	947	39424	 18 
104763	375124	324193	953	39843	 10 
104818	371605	324193	952	39296	 8 
104793	372580	324193	937	38931	 8 
103751	375950	324193	33	1426	 8 
104757	373897	324193	955	39552	 4 
104846	372124	324193	41	1019	 0 

103775	372483	324690	32	967	 95 ***
103614	376867	324690	950	39744	 88 
104821	370256	324690	938	39064	 87 
104031	371750	324690	951	39684	 85 
104767	372223	324690	940	39569	 84 
103737	372805	324690	942	39558	 84 
104820	370307	324690	942	39148	 84 
103774	373252	324690	9	571	 83 
104797	371645	324690	942	39286	 80 
104822	369359	324690	944	39589	 80 
103763	375236	324690	30	892	 80 
104831	369565	324690	940	38739	 72 
103768	373143	324690	29	892	 72 
103771	372921	324690	34	1380	 71 
104782	372090	324690	941	39560	 70 
104815	372173	324690	936	39191	 66 
104852	368162	324690	46	1530	 63 
104812	370913	324690	940	39305	 59 
104770	369857	324690	943	39246	 57 
103798	372083	324690	946	39515	 56 
103660	376105	324690	945	39494	 44 
103767	372407	324690	35	1634	 44 
104859	368109	324690	943	39329	 43 
103691	374425	324690	945	39344	 42 
103660	374451	324690	950	39654	 39 
104798	371568	324690	942	39463	 38 
104836	368884	324690	943	39320	 35 
103775	372351	324690	30	775	 34 
104806	369571	324690	948	39493	 33 
103763	374073	324690	36	1022	 27 
104864	372322	324690	38	797	 23 
104252	370671	324690	946	39768	 20 
104812	368041	324690	951	39665	 14 
104807	370555	324690	942	39016	 12 
104807	369009	324690	946	39230	 11 
103774	372840	324690	34	1303	 4 
104861	372121	324690	41	1022	 2 

104921	373836	325842	950	39573	 100 ***
104894	374877	325842	953	39718	 99 
104931	373804	325842	947	39527	 96 
104929	373597	325842	948	39350	 95 
104922	374442	325842	933	39422	 93 
104912	374560	325842	946	39584	 92 
104966	374427	325842	42	1265	 89 
104899	374073	325842	951	39573	 88 
103887	375560	325842	40	1346	 86 
104943	374165	325842	931	39387	 82 
104966	373327	325842	46	1452	 82 
104906	374886	325842	949	39768	 80 
104919	371594	325842	954	39599	 80 
104966	374709	325842	928	39245	 74 
104910	374375	325842	950	39584	 73 
104944	372864	325842	951	39558	 73 
104969	372423	325842	42	1142	 73 
104944	373389	325842	950	39584	 71 
103900	377846	325842	15	713	 70 
103900	375362	325842	36	886	 68 
104928	374183	325842	947	39522	 67 
103895	375452	325842	37	1456	 65 
104940	374292	325842	932	39078	 60 
103756	380208	325842	948	39891	 57 
104908	374895	325842	934	39554	 51 
104938	373342	325842	951	39723	 50 
104950	373356	325842	948	39780	 48 
104887	373552	325842	956	39406	 46 
104909	373492	325842	951	39629	 44 
103764	376655	325842	950	39952	 41 
103843	376026	325842	958	39844	 35 
104925	373138	325842	953	39942	 33 
103902	375362	325842	32	948	 33 
104896	374569	325842	955	39729	 32 
104916	373311	325842	952	39922	 28 
104912	372178	325842	955	39881	 28 
104905	373087	325842	957	39643	 28 
104938	374748	325842	932	39343	 21 
103884	376068	325842	24	796	 21 
104909	372581	325842	955	39870	 19 
104964	374116	325842	931	39081	 18 
104896	373740	325842	955	39676	 16 
104953	372641	325842	951	39550	 13 
104971	371407	325842	53	1509	 13 
104899	375333	325842	949	39220	 12 
104943	374681	325842	929	38945	 10 
103858	374891	325842	955	40059	 9 
103900	375704	325842	35	1052	 9 
104901	375195	325842	930	39043	 8 
104947	373032	325842	950	39479	 8 

104186	371025	326132	953	39836	 99 ***
104952	368059	326132	948	39148	 97 
104915	370940	326132	43	1838	 97 
104925	368287	326132	949	40141	 95 
104920	370942	326132	36	1330	 95 
104903	370986	326132	930	39033	 92 
103730	376688	326132	943	39566	 91 
104910	371346	326132	38	1346	 91 
104925	368216	326132	948	39741	 89 
104918	371290	326132	31	917	 89 
103865	371541	326132	952	39931	 88 
104928	369580	326132	36	1133	 88 
104917	371951	326132	34	985	 85 
104928	368683	326132	943	39917	 81 
104337	369504	326132	944	39574	 79 
104971	367221	326132	954	40205	 77 
104882	369472	326132	951	40046	 76 
104905	370768	326132	927	39462	 76 
104902	368367	326132	950	40034	 74 
104911	372799	326132	30	1057	 74 
104888	369356	326132	950	39689	 71 
103884	372164	326132	948	39619	 68 
104937	368128	326132	946	39871	 62 
103920	371212	326132	950	39913	 57 
103773	374704	326132	951	40036	 54 
104890	373757	326132	930	39922	 54 
104915	372453	326132	34	992	 53 
103728	371087	326132	956	40256	 52 
104897	371638	326132	943	39327	 52 
104900	373254	326132	544	23094	 51 
103861	374760	326132	947	39591	 49 
104916	372486	326132	30	1192	 46 
104923	369166	326132	946	39310	 44 
104925	370375	326132	36	1207	 43 
104917	371790	326132	36	1267	 35 
104349	372742	326132	942	39520	 33 
104896	368672	326132	948	39582	 32 
104915	369958	326132	38	1231	 31 
103854	373999	326132	953	40087	 30 
104949	368026	326132	957	40310	 28 
104989	367276	326132	949	39971	 25 
104952	367991	326132	953	40237	 24 
103862	372534	326132	948	39706	 21 
103881	372601	326132	945	39570	 17 
104917	374990	326132	29	787	 16 
104944	369223	326132	942	39139	 15 
104926	370692	326132	34	1195	 14 
104909	373693	326132	478	20198	 11 
104984	368809	326132	915	39466	 8 
104951	368197	326132	932	39280	 7 
104998	366919	326132	951	39865	 6 
104984	367164	326132	953	39857	 4 
104158	371150	326132	952	39956	 3 
104898	370292	326132	933	39869	 1 

104873	366796	324971	27	801	 96 ***
104786	363418	324971	946	39439	 91 
103716	367414	324971	953	39892	 90 
104817	363628	324971	940	39413	 87 
104053	368978	324971	41	983	 84 
104858	362860	324971	946	39524	 83 
104758	364555	324971	940	39420	 76 
104757	364273	324971	946	39677	 74 
104834	363129	324971	946	39797	 73 
104808	363684	324971	945	39591	 71 
104040	366953	324971	43	1115	 71 
104054	368519	324971	42	1090	 70 
104804	364417	324971	928	38847	 52 
104857	364733	324971	42	1470	 51 
104763	363418	324971	950	39753	 45 
104043	368581	324971	42	1227	 43 
104056	366692	324971	41	1013	 41 
104044	370175	324971	38	1199	 38 
104790	363404	324971	949	39844	 35 
104778	364533	324971	942	39232	 33 
104050	364649	324971	45	1295	 33 
104007	366659	324971	943	39681	 29 
104836	363558	324971	945	39296	 27 
104825	362830	324971	948	39537	 27 
104036	368589	324971	49	1759	 27 
104054	369133	324971	39	777	 25 
104814	363220	324971	953	39915	 23 
104776	363980	324971	943	39916	 19 
104841	362873	324971	947	39777	 15 
104057	365521	324971	43	1250	 14 
104056	366814	324971	19	198	 13 
103599	368582	324971	943	39383	 10 
104794	364503	324971	941	39477	 5 
103764	366041	324971	947	39769	 4 
103799	367138	324971	945	39755	 3 
103680	368557	324971	948	39472	 1 
104047	366386	324971	47	1543	 0 

104800	370028	324325	30	1106	 99 ***
104729	364594	324325	941	39417	 92 
104795	366527	324325	45	1393	 91 
104766	366536	324325	483	20348	 89 
104771	364803	324325	546	22534	 89 
104804	365545	324325	36	829	 88 
104738	362958	324325	960	39753	 86 
104712	368323	324325	945	38795	 85 
104708	369445	324325	942	39650	 85 
104799	365659	324325	40	1100	 84 
104684	364788	324325	957	40070	 83 
104797	365891	324325	31	978	 83 
104732	362975	324325	953	39826	 82 
104709	366977	324325	948	39119	 81 
104717	363925	324325	952	39437	 80 
104731	363319	324325	958	40013	 80 
103563	365034	324325	964	39590	 79 
104744	362729	324325	963	39996	 78 
104796	364221	324325	41	1373	 76 
104712	365385	324325	944	39387	 69 
104739	363217	324325	951	39570	 66 
104724	364760	324325	949	39507	 65 
104113	365240	324325	950	39719	 63 
104721	363201	324325	962	39930	 62 
104703	370688	324325	949	39819	 62 
103961	365304	324325	954	39592	 61 
104710	364482	324325	955	39451	 60 
104794	368201	324325	39	1192	 58 
104687	364975	324325	951	39554	 57 
104713	364693	324325	950	39364	 57 
104724	366907	324325	943	39199	 52 
104773	362314	324325	956	39986	 50 
104706	364837	324325	952	39820	 49 
104811	367525	324325	24	619	 43 
104174	364220	324325	959	39376	 37 
104791	366558	324325	44	1722	 37 
104755	362620	324325	964	40088	 31 
103582	365439	324325	959	39636	 29 
104798	365665	324325	38	920	 28 
104742	367899	324325	481	20108	 27 
104741	367878	324325	569	24434	 27 
104727	369779	324325	938	39282	 26 
104797	367052	324325	38	977	 24 
104805	370190	324325	27	976	 16 
104774	362055	324325	960	39681	 15 
103652	365675	324325	954	39821	 13 
104790	367026	324325	44	1438	 12 
104703	363389	324325	956	39696	 11 
104732	363531	324325	936	39230	 10 
104765	362396	324325	956	39450	 9 
104779	362325	324325	953	39451	 6 
103956	366765	324325	953	39840	 4 
104804	367140	324325	30	874	 0 

104732	359997	325358	40	1143	 100 ***
104093	361972	325358	951	39304	 99 
104611	360584	325358	960	39270	 98 
104644	363395	325358	949	39247	 97 
104662	358434	325358	960	39356	 95 
104632	360176	325358	963	39743	 92 
103472	362893	325358	956	39361	 92 
104656	358207	325358	963	39726	 91 
104648	360415	325358	943	39358	 89 
104633	359643	325358	955	39402	 88 
103879	361953	325358	959	39517	 87 
104684	359441	325358	945	38994	 86 
104729	360308	325358	40	1150	 86 
103596	364260	325358	950	39068	 84 
103626	361453	325358	962	39402	 80 
104737	359926	325358	34	954	 77 
104062	361924	325358	960	39196	 66 
104736	362828	325358	30	801	 64 
104666	358558	325358	959	39040	 63 
104743	362272	325358	26	837	 61 
104691	357094	325358	959	39588	 60 
104725	362966	325358	42	1162	 57 
103511	362149	325358	955	39538	 52 
104734	359673	325358	42	1264	 52 
104687	359110	325358	953	38769	 37 
104725	360853	325358	473	19728	 35 
103501	362257	325358	952	39012	 33 
104678	358422	325358	955	39183	 29 
104709	361507	325358	475	19680	 29 
104681	361617	325358	545	22636	 29 
104716	358836	325358	951	39218	 26 
103901	358900	325358	964	39673	 25 
104728	360558	325358	38	1134	 23 
104671	359664	325358	954	38586	 22 
104640	358700	325358	967	39786	 21 
104700	358078	325358	952	38878	 15 
104672	358545	325358	958	39494	 15 
104642	365099	325358	949	39181	 10 
104675	359628	325358	953	38624	 9 
104633	359997	325358	955	39236	 9 
104630	360895	325358	956	39276	 9 
104670	359689	325358	949	39220	 7 
104674	357577	325358	959	39108	 5 
104675	358844	325358	956	39208	 5 
104716	363810	325358	472	20107	 5 
104665	359098	325358	955	39162	 4 
104732	364692	325358	34	1371	 4 
104738	359867	325358	28	800	 3 
104634	358942	325358	958	39635	 1 

104893	358094	329073	968	39945	 99 ***
104917	360953	329073	37	1145	 94 
104891	362691	329073	569	23829	 93 
104852	359734	329073	958	39756	 92 
104824	362602	329073	940	38500	 90 
104807	364193	329073	952	39142	 89 
104849	361915	329073	937	38876	 86 
104812	361607	329073	956	39319	 86 
104836	358864	329073	959	39457	 85 
104812	363983	329073	955	39392	 81 
104789	365943	329073	956	39219	 78 
104851	360027	329073	957	39660	 78 
104895	358196	329073	963	39608	 77 
103645	364131	329073	958	39181	 76 
104845	361505	329073	955	39165	 76 
103818	362225	329073	963	39442	 76 
104846	361219	329073	956	39237	 69 
103810	363491	329073	959	39313	 65 
104821	360775	329073	958	39493	 65 
104856	362279	329073	936	38863	 63 
104913	361325	329073	11	354	 63 
104839	362412	329073	942	39079	 62 
104817	361974	329073	955	39446	 62 
104870	358500	329073	959	39524	 62 
104839	360731	329073	957	39308	 57 
104847	366429	329073	562	22719	 57 
104850	360997	329073	945	38289	 56 
104948	357536	329073	964	39316	 54 
104907	363407	329073	31	1285	 53 
104847	358268	329073	962	39834	 52 
104824	361663	329073	948	39199	 50 
104793	363012	329073	956	39201	 49 
104826	359959	329073	961	39354	 48 
104886	360142	329073	923	38444	 45 
104893	359206	329073	953	39615	 45 
104882	361449	329073	930	38545	 42 
104848	362161	329073	937	38907	 38 
104291	362363	329073	959	39664	 33 
104020	362784	329073	961	39574	 33 
103814	363740	329073	958	38976	 26 
104832	363223	329073	934	38938	 24 
104875	363748	329073	556	23377	 23 
104823	362143	329073	949	38937	 21 
104911	361354	329073	31	1112	 21 
104893	358300	329073	961	39563	 18 
103790	362542	329073	965	39435	 15 
104885	363863	329073	477	20323	 13 
104803	360655	329073	966	39645	 13 
104856	359508	329073	934	38269	 10 
104894	363826	329073	478	20403	 10 
104848	364435	329073	575	23592	 10 
104113	361567	329073	967	39801	 9 
104927	360380	329073	43	1313	 9 
104830	360151	329073	958	39393	 8 
103807	363682	329073	963	39792	 4 
104876	358803	329073	954	39552	 1 
104830	363243	329073	937	39018	 1 
104867	366062	329073	550	23020	 1 
104322	360789	329073	960	39879	 0 

104702	351150	325573	953	38655	 98 ***
104720	351654	325573	925	38265	 97 
104708	350900	325573	954	39075	 90 
104714	351974	325573	915	37903	 88 
104708	351529	325573	929	38414	 85 
104707	351787	325573	940	38108	 82 
104726	349969	325573	956	38568	 81 
104712	350425	325573	958	39072	 80 
104736	350737	325573	36	1184	 80 
104708	354082	325573	568	22466	 79 
104707	350494	325573	960	38956	 78 
104701	351644	325573	953	39168	 77 
104748	349721	325573	12	397	 77 
104659	351649	325573	956	39102	 74 
104691	352167	325573	921	38222	 74 
104712	349976	325573	960	39184	 69 
104664	350722	325573	961	39058	 66 
104653	352155	325573	955	38791	 66 
104748	349723	325573	956	39081	 65 
103540	354690	325573	955	38961	 65 
104703	351006	325573	952	38929	 58 
104674	353111	325573	952	38926	 56 
104730	353642	325573	35	940	 56 
104669	350945	325573	955	39221	 55 
104669	353503	325573	951	38891	 54 
104659	351668	325573	959	39017	 52 
104696	351936	325573	925	38344	 51 
103620	353986	325573	949	38850	 50 
104657	349477	325573	963	39292	 50 
104675	351827	325573	927	38299	 47 
104684	351154	325573	954	38944	 43 
104711	350228	325573	960	39126	 39 
104737	350583	325573	51	1724	 38 
104660	351526	325573	958	39161	 37 
104737	350696	325573	38	1062	 36 
103653	353346	325573	958	39120	 34 
103513	356363	325573	954	38873	 32 
104701	357088	325573	468	19763	 30 
104687	350601	325573	956	39252	 27 
104740	350509	325573	11	532	 24 
103640	351823	325573	963	39114	 23 
104703	350928	325573	950	38997	 21 
104692	353280	325573	575	22725	 21 
104744	350348	325573	42	1428	 20 
104652	353264	325573	959	38745	 19 
104670	352373	325573	953	38557	 18 
104734	350890	325573	952	38583	 16 
104714	350667	325573	953	38952	 16 
104724	351427	325573	945	38801	 15 
103917	353967	325573	946	38587	 12 
104722	351709	325573	36	1062	 12 
104672	353228	325573	952	38810	 10 
104725	351146	325573	43	1230	 10 
104733	352165	325573	35	940	 7 
104658	353686	325573	950	38576	 6 
104724	350450	325573	957	39009	 5 

104746	342542	324511	945	38657	 100 ***
104702	342846	324511	951	39174	 99 
103706	350350	324511	943	38645	 97 
103547	347583	324511	950	39155	 95 
104691	343958	324511	945	38908	 92 
104684	344071	324511	947	38876	 92 
104694	343296	324511	948	38578	 90 
104672	345172	324511	949	38939	 89 
104711	346666	324511	54	1671	 89 
104730	342550	324511	949	38938	 88 
104682	348542	324511	570	22847	 88 
104716	345987	324511	41	1656	 84 
104719	345267	324511	48	1894	 83 
104687	343228	324511	951	38792	 81 
104666	344089	324511	951	39043	 79 
104744	342662	324511	947	38810	 75 
104663	345592	324511	929	38723	 71 
104704	344233	324511	912	38092	 67 
103518	349337	324511	957	39283	 61 
104723	343967	324511	37	1138	 61 
104721	345859	324511	38	1146	 59 
104700	342871	324511	917	38447	 58 
104695	342924	324511	951	39252	 56 
103641	349754	324511	944	38833	 56 
104648	348001	324511	928	38410	 55 
103647	343289	324511	955	39330	 55 
103602	345793	324511	947	39064	 54 
104680	343610	324511	953	39180	 53 
103874	348561	324511	943	38530	 51 
104716	345879	324511	461	19707	 50 
104677	349992	324511	570	23203	 50 
104721	345185	324511	49	2241	 48 
104705	347249	324511	573	23225	 45 
104691	343981	324511	915	38441	 44 
104722	344963	324511	40	1319	 43 
104708	346827	324511	55	1812	 42 
104710	342694	324511	951	39074	 38 
104663	345345	324511	947	39089	 36 
104698	343823	324511	946	38768	 36 
104700	343478	324511	947	38694	 33 
104690	348402	324511	921	38098	 32 
104737	342932	324511	43	1599	 26 
104717	346910	324511	38	1367	 25 
104689	345418	324511	946	38762	 24 
104721	344027	324511	51	1982	 21 
104722	345706	324511	44	1644	 20 
104672	344484	324511	950	38856	 19 
103545	349130	324511	947	38682	 15 
104688	342660	324511	952	39064	 10 
104735	343185	324511	42	1450	 9 

103818	343365	324533	950	38662	 100 ***
104828	344564	324533	930	38613	 100 
104831	342716	324533	949	39164	 98 
103806	346145	324533	946	38826	 97 
104875	345399	324533	36	924	 96 
104807	346355	324533	939	38931	 93 
104884	343198	324533	37	1122	 93 
104839	344223	324533	942	38631	 92 
104882	342242	324533	947	38876	 90 
104861	345234	324533	40	1669	 90 
103685	347333	324533	946	38719	 88 
104837	344515	324533	942	39012	 86 
104820	346816	324533	937	37964	 85 
104845	345055	324533	925	37943	 83 
104850	344300	324533	935	38519	 83 
104047	348504	324533	944	38488	 81 
103833	344775	324533	948	38896	 81 
104840	342093	324533	949	38453	 78 
104859	344342	324533	923	38160	 78 
104855	344505	324533	930	38255	 76 
104847	344279	324533	940	38940	 76 
104873	345863	324533	37	1229	 76 
104880	343991	324533	53	2207	 73 
104857	342144	324533	948	38633	 68 
103767	344085	324533	951	39131	 67 
104814	345257	324533	940	38993	 66 
104876	347647	324533	34	1120	 66 
104851	343728	324533	939	38787	 63 
104887	344080	324533	22	1119	 63 
104820	344736	324533	944	38489	 57 
104840	343165	324533	946	38720	 57 
104821	347712	324533	933	38312	 56 
103758	344193	324533	949	39149	 56 
104813	344588	324533	946	38371	 55 
104870	345149	324533	38	1462	 54 
104837	344396	324533	943	38503	 53 
104866	344998	324533	40	1162	 52 
104856	343143	324533	942	38459	 51 
104828	343707	324533	947	39000	 50 
104874	344962	324533	42	1624	 45 
104817	343941	324533	945	38471	 43 
104857	343990	324533	935	38711	 42 
104878	345913	324533	35	1483	 42 
104835	346083	324533	457	19167	 41 
104834	342906	324533	947	38769	 40 
104103	345188	324533	944	38459	 39 
103618	346205	324533	952	38843	 38 
104875	344154	324533	42	1036	 38 
104053	345956	324533	946	38798	 37 
104830	343896	324533	946	38568	 37 
104857	342331	324533	929	38690	 33 
104879	344598	324533	34	969	 32 
104920	340746	324533	945	38952	 31 
104844	342997	324533	946	38675	 31 
104854	345234	324533	459	19437	 30 
103680	344771	324533	949	39032	 29 
104877	345933	324533	32	818	 26 
104803	345173	324533	944	38498	 25 
104882	343722	324533	37	1188	 20 
104870	347823	324533	37	1458	 19 
104841	343992	324533	943	38537	 11 
104791	342853	324533	952	38879	 9 
104868	346311	324533	39	1370	 5 
103813	348897	324533	943	39023	 4 
104815	349012	324533	937	38698	 4 
104848	341173	324533	950	38926	 0 

103778	340842	324558	41	1076	 100 ***
103704	348040	324558	943	39208	 91 
103625	347164	324558	945	39081	 84 
103785	343016	324558	33	1288	 83 
103774	342894	324558	45	1276	 81 
103780	343747	324558	39	977	 80 
104869	340662	324558	42	1318	 72 
103760	346004	324558	943	39122	 69 
104858	342999	324558	35	1597	 64 
103793	343385	324558	28	569	 58 
103681	346162	324558	945	39367	 49 
103580	344834	324558	950	39515	 39 
103777	344113	324558	39	1132	 33 
103769	344167	324558	43	1425	 30 
103622	345506	324558	947	39431	 27 
103789	342882	324558	39	1228	 24 
103770	344460	324558	35	878	 21 
103777	344195	324558	39	1100	 20 
103770	343533	324558	44	1101	 15 
103778	343177	324558	40	1153	 10 
103778	342893	324558	50	1754	 4 

103783	339429	325184	44	1150	 99 ***
103656	341690	325184	951	39137	 98 
103787	340217	325184	43	1083	 96 
103789	340665	325184	37	1250	 95 
103785	339295	325184	44	1173	 94 
103672	341359	325184	945	39793	 92 
104843	336739	325184	946	38889	 87 
103782	341130	325184	36	1020	 85 
104839	336481	325184	953	39859	 80 
104828	336870	325184	945	39414	 72 
103803	337663	325184	37	1188	 71 
103803	337201	325184	39	1201	 69 
103778	340413	325184	47	1489	 67 
103633	342234	325184	950	39730	 66 
103673	338538	325184	945	39423	 60 
103789	337516	325184	38	1160	 56 
104848	336923	325184	918	38637	 54 
103787	340256	325184	39	979	 54 
103617	346062	325184	940	39067	 48 
103801	337134	325184	40	1288	 46 
103792	340663	325184	34	1001	 42 
103672	341298	325184	948	39509	 34 
103794	337866	325184	6	160	 27 
103787	341277	325184	29	932	 18 

103869	334614	326861	28	1165	 97 ***
103861	334502	326861	31	950	 94 
103717	337613	326861	948	39687	 93 
103861	336710	326861	24	1097	 93 
103861	335436	326861	32	1106	 88 
103855	335734	326861	39	1101	 85 
103857	335873	326861	27	814	 84 
103686	340196	326861	956	39372	 82 
104913	332783	326861	950	39648	 82 
103701	337939	326861	954	39676	 79 
103856	338395	326861	27	904	 79 
103866	333422	326861	35	1191	 73 
103860	337896	326861	25	756	 68 
103866	334649	326861	17	323	 65 
103860	336554	326861	26	796	 64 
104980	332482	326861	951	39574	 63 
103868	336470	326861	14	225	 55 
103846	334565	326861	955	39866	 51 
103859	337093	326861	26	1177	 51 
103880	333290	326861	25	1039	 50 
104917	333069	326861	948	38914	 42 
103795	335030	326861	949	39546	 16 
103861	335615	326861	26	884	 15 
103852	336734	326861	33	972	 14 
103864	334949	326861	30	832	 13 
103758	336435	326861	953	39863	 12 
103857	337004	326861	31	1096	 12 
103861	335568	326861	28	822	 5 
104908	333205	326861	954	39572	 4 
104850	332920	326861	956	39992	 0 

104092	337510	334865	951	39586	 95 ***
104121	334911	334865	29	846	 95 
104054	337266	334865	955	40295	 91 
104104	336894	334865	26	788	 91 
104102	337972	334865	30	801	 81 
104104	336511	334865	29	944	 78 
104113	335340	334865	28	822	 76 
104103	337011	334865	30	993	 67 
104095	337925	334865	34	993	 64 
105158	332130	334865	929	39100	 58 
104092	339927	334865	942	39538	 49 
105138	332936	334865	949	39843	 47 
105146	332585	334865	954	40065	 42 
105189	333959	334865	38	1551	 40 
104104	336427	334865	30	860	 39 
104103	336739	334865	28	822	 38 
104106	334129	334865	31	1089	 36 
104105	336204	334865	22	322	 32 
105118	332776	334865	953	40098	 28 
104113	337672	334865	13	110	 26 
103970	338062	334865	951	39800	 24 
105139	333941	334865	936	39628	 15 
104110	335570	334865	28	1012	 14 
105110	333832	334865	955	40343	 13 
104095	335035	334865	32	1069	 9 
104113	336486	334865	17	183	 0 

