#105597	427384	330645	0	0	 99 ***
#105578	429784	330645	0	0	 81 
#105625	427068	330645	0	0	 66 
#105646	426943	330645	0	0	 53 
#104418	439427	330645	0	0	 37 
#104457	431346	330645	0	0	 4 

105395	422473	331743	25	874	 97 ***
105391	424920	331743	31	1223	 95 
105404	425161	331743	23	829	 87 
104259	428029	331743	979	41501	 82 
105406	424379	331743	19	536	 80 
104394	423771	331743	971	41096	 79 
105408	422948	331743	17	507	 76 
105469	418139	331743	979	41654	 75 
105394	424058	331743	33	1091	 71 
105399	421652	331743	26	1199	 64 
104330	425518	331743	975	41354	 61 
104304	428649	331743	976	41440	 56 
104274	428836	331743	976	41600	 45 
104235	429668	331743	972	41272	 40 
105403	422796	331743	24	822	 38 
104287	426088	331743	979	41215	 37 
104353	426605	331743	974	41480	 33 
104359	425492	331743	973	41361	 30 
105387	423670	331743	35	1171	 29 
105409	420048	331743	36	1163	 28 
104331	427559	331743	972	41512	 27 
104428	423755	331743	977	41308	 25 
104386	430100	331743	971	41494	 25 
104425	428727	331743	970	40960	 24 
104371	430153	331743	971	41145	 16 
105368	422279	331743	981	41627	 11 
105484	418764	331743	977	41344	 11 
105400	420255	331743	37	1208	 8 
104391	424213	331743	981	41309	 3 
105370	418821	331743	529	23418	 3 
105395	421593	331743	29	980	 2 

105267	415787	330379	34	1097	 94 ***
104280	422733	330379	963	40614	 92 
105269	416566	330379	33	1037	 87 
105279	420429	330379	19	515	 78 
105272	422622	330379	31	1014	 72 
105371	414199	330379	968	41114	 64 
105383	414160	330379	966	40785	 62 
105282	416287	330379	16	344	 62 
105282	415690	330379	35	1189	 57 
104712	416704	330379	968	40825	 54 
104205	418735	330379	967	40326	 53 
105345	414377	330379	965	40471	 51 
105259	420038	330379	562	24180	 48 
105282	415375	330379	25	981	 45 
105265	415572	330379	36	1110	 42 
104175	423385	330379	965	40689	 41 
105363	414322	330379	970	40736	 32 
105288	414434	330379	31	789	 31 
105275	415933	330379	28	1004	 25 
104145	421629	330379	971	41128	 23 
104308	423845	330379	962	40607	 21 
105272	416766	330379	27	993	 16 
105282	416577	330379	16	569	 15 
105263	419156	330379	966	40592	 12 
105281	415770	330379	29	805	 10 
104317	420574	330379	966	41124	 4 
104507	421678	330379	954	40032	 0 
104709	420794	330379	963	40222	 0 

105015	406489	322844	963	40603	 99 ***
103893	411586	322844	967	40840	 93 
103852	413473	322844	961	40533	 91 
105017	411344	322844	36	819	 90 
105001	407453	322844	39	934	 89 
103867	414948	322844	959	40384	 86 
103880	412857	322844	965	40578	 84 
104997	411777	322844	34	820	 80 
104476	416119	322844	955	40503	 79 
104993	412723	322844	43	1374	 75 
105029	405657	322844	963	40758	 73 
105017	406452	322844	961	40778	 66 
104463	413933	322844	956	40212	 64 
104994	409429	322844	38	873	 54 
103984	413201	322844	960	40052	 50 
105006	411691	322844	35	1013	 50 
103999	413544	322844	959	40521	 46 
104999	408074	322844	38	759	 43 
105008	412059	322844	26	348	 42 
104001	409875	322844	963	40514	 36 
104989	410636	322844	543	23317	 34 
104969	407437	322844	563	23748	 30 
105001	411596	322844	37	751	 15 
104996	412194	322844	17	477	 11 
105073	405561	322844	960	40315	 6 

104837	398272	321079	951	39671	 100 ***
104883	397861	321079	955	39897	 98 
104828	401335	321079	33	916	 98 
103841	400556	321079	954	39763	 96 
104056	398729	321079	956	39954	 94 
104830	401320	321079	946	39293	 94 
104839	400669	321079	33	916	 90 
104913	397289	321079	952	39513	 89 
103684	401262	321079	955	39378	 89 
103698	401536	321079	948	39579	 82 
104835	400854	321079	32	914	 81 
104808	402158	321079	928	38966	 79 
104841	399070	321079	36	993	 74 
104819	399848	321079	950	39555	 73 
104891	397459	321079	928	38998	 73 
104826	404674	321079	534	22193	 73 
104842	405849	321079	29	633	 66 
104845	396897	321079	959	39864	 64 
104830	401588	321079	31	890	 59 
104831	400905	321079	34	977	 57 
103682	406418	321079	955	39725	 56 
104837	399152	321079	34	918	 52 
104867	397675	321079	956	40039	 50 
104867	398007	321079	956	40002	 50 
104872	397285	321079	956	39315	 40 
103807	400817	321079	957	40107	 40 
103689	403800	321079	952	39600	 35 
103695	401003	321079	959	40113	 27 
104848	400497	321079	33	1034	 24 
104883	397238	321079	958	39664	 20 
104852	398076	321079	955	39893	 9 
104861	398974	321079	922	39126	 6 
104825	399258	321079	954	39862	 4 
104886	397752	321079	954	39904	 3 

104737	397569	321290	555	23032	 99 ***
104033	396441	321290	936	39034	 94 
103608	396860	321290	949	39422	 91 
104212	394740	321290	945	39457	 86 
103779	399253	321290	947	39521	 82 
104768	395347	321290	37	1054	 79 
104762	395905	321290	29	876	 77 
104764	395421	321290	17	547	 75 
104769	394550	321290	27	1436	 74 
104761	397332	321290	36	1083	 72 
104760	392959	321290	948	39458	 69 
104794	393340	321290	944	39212	 68 
104020	394413	321290	950	39186	 60 
103730	398478	321290	948	39822	 57 
104767	393535	321290	947	39736	 55 
104760	396846	321290	40	1538	 54 
104784	393396	321290	38	1158	 41 
104768	394088	321290	38	1109	 38 
104772	393989	321290	922	38179	 35 
104824	391750	321290	948	39497	 34 
104735	394273	321290	950	39314	 33 
104751	394468	321290	945	39676	 33 
104775	393404	321290	946	39546	 30 
104201	395131	321290	948	39721	 25 
104868	391351	321290	946	39057	 24 
104774	394099	321290	34	960	 21 
104771	392445	321290	948	39404	 17 
104749	402318	321290	541	21754	 17 
104773	396254	321290	14	271	 16 
104806	393158	321290	945	39597	 15 
104797	392165	321290	947	39799	 15 
104756	394416	321290	943	39676	 14 
104755	393162	321290	950	39412	 13 
104816	392251	321290	938	39037	 12 
104866	392733	321290	926	39235	 10 
103758	394856	321290	952	39539	 9 

103747	390218	318893	944	39215	 98 ***
103312	392018	318893	943	39315	 92 
103776	390111	318893	947	39245	 88 
104488	392439	318893	28	766	 87 
103774	391949	318893	941	38849	 82 
103493	390750	318893	942	39284	 75 
104531	385585	318893	935	38431	 60 
104467	390531	318893	31	1140	 60 
104476	388648	318893	33	964	 57 
103468	394424	318893	941	38874	 56 
104478	388662	318893	32	901	 55 
103440	391706	318893	942	38960	 52 
104471	391246	318893	29	877	 49 
103718	393689	318893	535	22734	 38 
103434	391304	318893	944	39060	 34 
104466	388789	318893	33	1238	 25 
104530	386385	318893	937	39123	 24 
104478	392792	318893	28	755	 20 
104523	386153	318893	948	39175	 12 
104471	386801	318893	550	23226	 5 
104474	388857	318893	32	1151	 2 
103505	393707	318893	940	38638	 1 

103806	385121	320601	33	983	 97 ***
103821	383548	320601	31	922	 96 
104647	381067	320601	945	39156	 91 
103797	386153	320601	28	916	 89 
103827	387219	320601	16	622	 88 
104589	382231	320601	948	38891	 87 
103533	385124	320601	946	39320	 86 
104629	381148	320601	947	38571	 85 
104595	381597	320601	943	39263	 80 
103819	388108	320601	15	614	 67 
104578	383231	320601	947	38844	 65 
103809	386879	320601	26	1142	 63 
103806	387633	320601	27	825	 57 
103802	384676	320601	42	1352	 53 
103803	385971	320601	33	978	 51 
104580	382741	320601	945	38879	 43 
103436	385306	320601	936	38234	 39 
103419	387859	320601	949	39254	 31 
103435	386840	320601	949	39113	 25 
104585	382702	320601	949	39298	 23 
103420	389239	320601	945	38969	 17 
103815	386120	320601	31	913	 11 
104589	381784	320601	946	39262	 10 
104586	383043	320601	940	39137	 9 
104581	382383	320601	950	39085	 7 
104613	382017	320601	928	38519	 4 
103543	383510	320601	948	39289	 2 
103811	384337	320601	32	834	 0 

104842	384202	325011	942	38648	 97 ***
103838	389724	325011	942	38827	 97 
104070	385896	325011	46	1829	 94 
104019	386765	325011	944	38582	 93 
104869	383084	325011	943	38759	 93 
104078	387080	325011	42	1352	 91 
104850	383865	325011	945	38794	 89 
104885	388726	325011	34	963	 85 
104064	389866	325011	43	1332	 82 
104888	386532	325011	27	701	 81 
104860	383336	325011	929	38120	 77 
103723	389159	325011	946	39011	 77 
104859	383479	325011	942	38983	 73 
104854	382391	325011	949	39075	 73 
104091	389937	325011	35	1387	 71 
104837	384332	325011	945	38761	 69 
104069	389815	325011	56	1598	 68 
104077	387809	325011	42	1701	 60 
103721	388167	325011	948	38745	 57 
104888	383087	325011	930	38646	 57 
104076	389230	325011	41	1557	 55 
103787	386122	325011	950	39032	 53 
104891	384812	325011	44	1376	 51 
104883	385710	325011	37	1336	 45 
104078	386234	325011	36	1181	 44 
104872	382086	325011	946	39119	 41 
104899	386303	325011	35	1249	 36 
104890	381859	325011	944	38943	 31 
104077	391085	325011	33	903	 30 
104838	384067	325011	950	39193	 25 
104877	382620	325011	943	38924	 25 
104853	383127	325011	944	38939	 23 
103742	386865	325011	947	39069	 22 
104080	386063	325011	36	1037	 13 
104877	383086	325011	933	38328	 11 
104860	383002	325011	946	38862	 8 
104076	389036	325011	43	1610	 8 
103811	386664	325011	945	39091	 6 
104081	384426	325011	45	1812	 6 

104761	377833	322693	946	39273	 87 ***
103771	379262	322693	944	38905	 86 
104777	376316	322693	948	39246	 83 
103658	379137	322693	947	39016	 74 
104788	377690	322693	40	1329	 73 
104789	376756	322693	947	39174	 71 
104795	381939	322693	34	850	 66 
104796	376135	322693	950	39391	 64 
103582	378987	322693	951	39393	 64 
104801	378040	322693	37	1321	 64 
104785	380275	322693	43	1988	 62 
104813	375173	322693	937	38778	 60 
104775	379149	322693	940	38109	 57 
104783	378082	322693	942	38749	 56 
104777	377618	322693	946	38870	 55 
104788	378579	322693	35	999	 48 
103625	381002	322693	946	39194	 47 
104796	376530	322693	46	1662	 37 
103718	380502	322693	921	38651	 35 
104805	377651	322693	44	1346	 35 
104015	378485	322693	946	38992	 34 
104775	378102	322693	46	1632	 33 
104768	378484	322693	944	39045	 32 
104798	375956	322693	949	39094	 27 
104784	377314	322693	941	38872	 25 
104770	378710	322693	943	38392	 21 
104758	379601	322693	938	38485	 18 
104777	376978	322693	945	38598	 18 
104798	374735	322693	942	38951	 14 
103805	378001	322693	953	39405	 6 
103644	382303	322693	941	38459	 4 
104818	376080	322693	914	37723	 3 
104795	376814	322693	944	38926	 2 

104822	374566	324193	930	39093	 100 ***
104747	378666	324193	31	1014	 92 
104792	372510	324193	949	39473	 89 
104782	374374	324193	949	39421	 88 
104788	372997	324193	949	39434	 86 
104840	372770	324193	948	38981	 86 
103665	379396	324193	945	38712	 86 
104849	372243	324193	949	39568	 82 
104842	372735	324193	948	38871	 79 
103737	376840	324193	952	39602	 74 
104039	377610	324193	934	38906	 73 
103632	379300	324193	952	39775	 72 
104851	371494	324193	930	39260	 70 
104831	372897	324193	943	39408	 67 
103730	378003	324193	951	39302	 60 
103767	377021	324193	944	39186	 59 
104786	374515	324193	944	39122	 58 
104748	375222	324193	32	1029	 58 
104807	374489	324193	941	38907	 56 
104763	380096	324193	25	981	 51 
104829	373107	324193	929	39157	 49 
104760	374699	324193	44	1499	 46 
103787	374477	324193	956	39916	 43 
104783	374360	324193	945	39373	 42 
104731	378430	324193	546	22662	 34 
104847	373455	324193	922	38677	 33 
104754	375212	324193	39	1045	 30 
104744	378592	324193	45	1722	 29 
104812	374301	324193	945	39190	 28 
104754	376394	324193	29	901	 28 
104801	373062	324193	948	38736	 24 
104045	374099	324193	955	39723	 12 
104748	378385	324193	30	1004	 12 
104752	378008	324193	31	1025	 11 
103787	375034	324193	952	39294	 7 
104746	374001	324193	951	39758	 6 
104784	373432	324193	951	39801	 1 
104794	372201	324193	953	39356	 1 
104744	375758	324193	35	1161	 1 

104789	373596	324690	923	39316	 99 ***
103622	377021	324690	948	39775	 97 
104835	376669	324690	37	1220	 97 
104759	374010	324690	928	39201	 96 
104842	368687	324690	945	39523	 95 
104839	371295	324690	40	1400	 95 
103995	375006	324690	939	39270	 93 
103749	373621	324690	947	39609	 91 
104798	371564	324690	923	39245	 83 
104765	371671	324690	942	38737	 80 
104203	373610	324690	939	39465	 78 
104804	368282	324690	949	39811	 76 
103752	374446	324690	945	39550	 73 
104836	371233	324690	42	1363	 73 
103620	377192	324690	947	39793	 70 
104791	375642	324690	920	38826	 69 
104771	373079	324690	925	39322	 69 
104756	373479	324690	939	39441	 69 
104796	369730	324690	949	39477	 64 
103757	373006	324690	946	39566	 63 
103684	378179	324690	943	39142	 61 
104833	377203	324690	40	1041	 61 
103773	375389	324690	943	39297	 59 
104788	374220	324690	924	39027	 59 
104802	368558	324690	950	39586	 57 
104772	370386	324690	949	39712	 55 
104783	372767	324690	940	38661	 54 
104836	373049	324690	38	1331	 50 
104798	368856	324690	938	39501	 49 
104848	370436	324690	41	1594	 41 
104746	372107	324690	947	39600	 38 
104809	373189	324690	525	23470	 38 
104792	369910	324690	940	39507	 33 
104742	373493	324690	942	39651	 24 
104804	374942	324690	551	23819	 24 
104843	371455	324690	39	985	 22 
103725	374822	324690	948	39697	 20 
104837	372394	324690	11	339	 16 
104847	371413	324690	35	968	 15 
104837	370297	324690	937	39207	 14 
104791	377239	324690	541	22982	 13 
104774	370449	324690	943	38858	 7 
104764	371468	324690	944	39398	 6 
104835	371270	324690	44	1516	 6 
104832	376698	324690	42	1251	 5 
104840	370430	324690	42	1610	 3 
104839	369034	324690	917	39134	 1 
104815	371891	324690	918	38604	 0 

104951	372970	325842	946	39389	 100 ***
104954	372174	325842	954	40036	 99 
104932	373241	325842	950	39634	 97 
104971	371330	325842	958	40047	 96 
103863	377173	325842	952	39690	 92 
104923	374088	325842	37	1355	 92 
105028	371763	325842	948	39366	 90 
103893	376740	325842	953	39476	 90 
103890	374309	325842	957	40043	 86 
104925	372417	325842	957	39704	 86 
104903	373046	325842	951	39659	 84 
104919	375241	325842	34	998	 84 
104946	372483	325842	955	39645	 82 
104909	376143	325842	17	810	 75 
104957	371465	325842	949	39782	 74 
104941	372618	325842	951	39602	 73 
104919	376126	325842	17	311	 68 
103795	377895	325842	956	39949	 66 
104915	372973	325842	951	39862	 66 
104917	372334	325842	958	40136	 58 
104931	373429	325842	950	39390	 57 
104917	375548	325842	35	1288	 56 
104908	377143	325842	33	1191	 52 
104951	373191	325842	935	39437	 47 
104907	377133	325842	35	1133	 47 
104876	373714	325842	957	39717	 46 
104386	372574	325842	958	40027	 41 
104882	375463	325842	543	23384	 40 
104902	373906	325842	954	39698	 39 
104914	375728	325842	35	1003	 38 
104964	371383	325842	959	39714	 33 
104950	371753	325842	961	39919	 29 
104904	372802	325842	953	39475	 29 
104929	371844	325842	958	40119	 28 
103896	375153	325842	947	39391	 26 
104933	373474	325842	930	39081	 22 
104851	374724	325842	955	39702	 21 
104923	372541	325842	953	39999	 19 
104933	371970	325842	956	39799	 18 
104948	372573	325842	947	39429	 18 
104173	376627	325842	946	39297	 17 
103794	378093	325842	957	39700	 17 
104919	376211	325842	12	283	 17 
104920	374733	325842	33	936	 7 
104904	373805	325842	553	23792	 6 
104943	371778	325842	958	40067	 5 
103724	378174	325842	946	39458	 4 
104888	374329	325842	944	39300	 2 
103820	376929	325842	956	39838	 0 

104915	370370	326132	945	39764	 98 ***
104912	369659	326132	947	39989	 97 
104947	367912	326132	41	1342	 94 
103736	373682	326132	950	39656	 90 
104888	370996	326132	942	39409	 88 
104943	369705	326132	28	1264	 79 
104928	370052	326132	939	39571	 78 
104365	371551	326132	948	40064	 73 
104147	374523	326132	477	19787	 72 
104931	369930	326132	945	39477	 65 
104939	372534	326132	38	1012	 63 
103897	373939	326132	948	39987	 57 
104883	369544	326132	950	39930	 57 
104903	370918	326132	947	39673	 53 
104955	368592	326132	5	175	 52 
104916	367665	326132	946	39729	 45 
103836	371641	326132	952	40203	 40 
104907	370712	326132	947	39618	 39 
104932	369414	326132	939	39299	 35 
104901	371866	326132	926	39245	 32 
103836	369670	326132	949	40074	 29 
104934	373309	326132	482	20190	 29 
104911	371776	326132	546	23275	 29 
103770	373661	326132	950	39876	 28 
104973	367580	326132	952	40165	 27 
104935	371512	326132	41	1640	 26 
104990	366503	326132	950	39935	 23 
104886	372568	326132	944	39394	 20 
104900	367663	326132	951	39968	 18 
104909	369294	326132	950	39953	 18 
104866	372984	326132	936	39592	 15 
104931	370029	326132	914	38720	 15 
104867	370596	326132	948	39888	 12 
103785	372343	326132	952	39534	 9 
104950	368457	326132	12	539	 7 
103819	371899	326132	950	40026	 6 
104916	370040	326132	946	39589	 4 
104934	368502	326132	943	39210	 4 
104943	371486	326132	39	1348	 4 
104940	368127	326132	942	39829	 3 
104939	367622	326132	949	39193	 2 
104940	370866	326132	42	1361	 2 
104981	367429	326132	951	39886	 0 

104739	364709	324971	545	23249	 100 ***
104773	366000	324971	21	968	 99 
104771	365646	324971	37	1501	 95 
104771	366379	324971	40	1279	 92 
104771	363687	324971	946	39571	 91 
104786	363524	324971	42	1020	 91 
103595	370967	324971	948	39582	 90 
104764	367541	324971	36	1323	 90 
104838	362698	324971	946	39636	 79 
104151	367038	324971	949	39934	 79 
104825	363359	324971	944	39608	 75 
104789	363379	324971	949	39956	 68 
104808	363380	324971	948	39694	 68 
104863	363463	324971	942	39134	 67 
104770	369121	324971	28	986	 67 
104764	366308	324971	51	1941	 61 
103713	370270	324971	946	39925	 57 
104788	363716	324971	33	1126	 57 
103649	366081	324971	952	39468	 45 
103733	370457	324971	943	39288	 33 
104782	365564	324971	34	1389	 29 
103728	368659	324971	944	39426	 19 
104778	365329	324971	39	1232	 19 
103996	367522	324971	929	39155	 13 
104776	363627	324971	40	986	 11 
104771	365412	324971	48	1659	 8 
104825	363056	324971	956	39974	 7 
104773	365316	324971	43	1537	 7 
104715	365402	324971	945	38885	 5 

104673	364950	324325	46	1167	 97 ***
104759	362923	324325	955	39122	 96 
104688	366058	324325	33	867	 94 
104710	363078	324325	557	23047	 88 
104759	361728	324325	958	39932	 83 
104674	364099	324325	46	1248	 81 
104687	365250	324325	34	1125	 78 
104708	363474	324325	959	39908	 76 
104702	362029	324325	962	40112	 75 
104691	365112	324325	36	1053	 70 
103527	366244	324325	959	39727	 69 
103968	364906	324325	954	39405	 64 
103740	365806	324325	959	39892	 64 
103672	366110	324325	962	40089	 59 
104657	368490	324325	567	23445	 51 
104743	362640	324325	956	39782	 50 
103698	367512	324325	958	39737	 46 
104690	365882	324325	29	788	 44 
104677	367510	324325	18	465	 37 
103678	368249	324325	954	39028	 33 
104684	367345	324325	32	1073	 32 
104680	364993	324325	37	890	 31 
104123	366592	324325	937	39252	 28 
103952	365918	324325	958	39506	 25 
104686	366382	324325	14	143	 24 
103637	369939	324325	955	39292	 23 
103698	365943	324325	959	40011	 22 
104677	365521	324325	41	1045	 19 
103698	366415	324325	956	39743	 18 
104670	367843	324325	36	961	 14 
103959	365401	324325	964	40001	 5 
104698	365730	324325	28	669	 5 
104684	365332	324325	36	890	 4 
104682	362620	324325	960	40017	 0 

104610	360087	325358	37	886	 99 ***
104720	358781	325358	928	38576	 96 
103508	363897	325358	959	39329	 89 
104698	358715	325358	954	38949	 88 
104684	359125	325358	954	39649	 87 
104650	359557	325358	956	39085	 85 
104679	357946	325358	956	38709	 84 
103586	360901	325358	960	39353	 82 
104614	360343	325358	5	9	 79 
103511	361377	325358	958	39246	 73 
104668	359062	325358	956	39078	 61 
104099	358243	325358	960	39610	 61 
104722	359137	325358	922	38202	 56 
104612	358953	325358	958	39317	 47 
104685	357929	325358	957	38991	 42 
103586	360628	325358	955	39417	 38 
104629	359987	325358	37	1162	 35 
103584	359836	325358	965	39460	 30 
104602	363879	325358	944	38587	 29 
104639	358932	325358	959	39152	 27 
104660	359388	325358	957	39490	 26 
104623	360230	325358	36	908	 24 
103588	361424	325358	945	38790	 21 
104725	358498	325358	954	39362	 18 
104702	359721	325358	925	38211	 18 
104618	359743	325358	39	973	 6 
104656	359520	325358	957	39314	 2 
104607	360381	325358	959	38847	 1 
103511	362917	325358	965	39641	 1 

104907	360299	329073	930	38812	 92 ***
104813	360541	329073	956	39459	 91 
104851	359997	329073	959	39647	 90 
104873	359572	329073	959	39495	 87 
104785	362109	329073	43	1542	 87 
104843	358793	329073	962	39696	 84 
104829	360287	329073	961	39374	 72 
104812	359696	329073	962	39784	 70 
104806	361873	329073	29	586	 70 
104803	360894	329073	557	22492	 69 
103813	362411	329073	957	39339	 67 
103657	362801	329073	964	39624	 66 
104803	361266	329073	34	921	 65 
104851	359382	329073	961	39366	 56 
104872	359586	329073	957	39248	 51 
104868	359269	329073	960	39696	 45 
103781	364191	329073	952	39070	 44 
104806	362025	329073	27	556	 43 
103984	361503	329073	577	23023	 42 
103714	362023	329073	959	39424	 39 
104908	359977	329073	930	38357	 37 
104811	361109	329073	36	1125	 35 
104896	359890	329073	935	38877	 32 
104809	360503	329073	960	39544	 31 
104876	358940	329073	956	39428	 29 
103693	360614	329073	961	39561	 28 
104795	362694	329073	11	92	 26 
104806	361256	329073	33	1145	 24 
104799	362334	329073	21	362	 17 
103808	362587	329073	958	39189	 14 
104838	360017	329073	933	38563	 11 
104875	358041	329073	959	39600	 8 
104832	360442	329073	954	39331	 7 
104798	361444	329073	44	1119	 3 

103890	355469	325573	954	38661	 100 ***
103605	355085	325573	955	39118	 96 
104697	359054	325573	470	19971	 96 
104746	351307	325573	917	37603	 94 
104750	349028	325573	957	39300	 88 
104664	351975	325573	952	38631	 87 
104750	356015	325573	25	873	 85 
104718	352540	325573	924	37891	 84 
104721	350603	325573	954	38849	 82 
104751	351544	325573	46	1598	 82 
104695	354116	325573	931	38058	 78 
104737	353026	325573	30	1077	 78 
104753	352745	325573	40	1215	 76 
104748	351609	325573	42	1310	 71 
103700	352574	325573	958	39163	 68 
104756	351816	325573	38	946	 68 
104678	353127	325573	938	38176	 67 
104653	352339	325573	954	39005	 66 
104673	350564	325573	956	38614	 65 
104701	350920	325573	953	39126	 65 
104751	355782	325573	28	970	 65 
104680	350449	325573	955	38694	 64 
104735	350091	325573	957	39278	 60 
103614	353099	325573	959	38820	 60 
103673	355060	325573	955	39135	 59 
104636	351572	325573	959	39082	 55 
104698	350031	325573	964	39375	 52 
103563	359294	325573	957	39014	 47 
104703	351647	325573	930	37896	 46 
104704	353245	325573	470	19871	 41 
104692	355409	325573	578	24259	 41 
104725	350416	325573	959	39036	 35 
104659	351318	325573	957	39123	 35 
104710	350701	325573	925	38129	 33 
104145	353180	325573	932	38663	 33 
104736	351725	325573	921	38133	 29 
104750	351254	325573	921	37964	 29 
104708	352299	325573	927	38300	 28 
104699	353455	325573	925	38199	 24 
104697	352260	325573	928	38356	 23 
103580	354280	325573	956	38717	 23 
104685	352649	325573	946	38443	 21 
104743	350222	325573	955	39025	 19 
103908	355570	325573	953	38896	 18 
103912	352281	325573	963	39336	 18 
104689	352152	325573	951	38880	 17 
103911	352548	325573	959	39230	 16 
104687	351746	325573	952	38844	 15 
103548	355023	325573	960	38863	 13 
104750	349936	325573	926	38046	 13 
104720	350265	325573	961	39030	 12 
104749	356375	325573	27	840	 8 
104709	352664	325573	921	38279	 7 
104719	357973	325573	467	19678	 7 
104719	349662	325573	962	39157	 6 
104690	351018	325573	951	37960	 6 
104675	352818	325573	949	39077	 5 
104690	352596	325573	948	39099	 3 
104736	357340	325573	465	19591	 2 
104693	355108	325573	584	24038	 2 
104739	352942	325573	39	1193	 0 

103903	347155	324511	28	841	 97 ***
103584	349041	324511	948	39195	 94 
104715	342389	324511	942	38599	 86 
104711	348369	324511	27	826	 83 
103613	348566	324511	950	38993	 81 
104709	343658	324511	49	1716	 66 
104697	342647	324511	948	38724	 64 
104746	343186	324511	930	37686	 62 
103645	347478	324511	949	39101	 60 
103634	348972	324511	945	38509	 56 
104703	343292	324511	946	39038	 47 
103915	349449	324511	27	1010	 47 
103905	345244	324511	30	948	 44 
103893	345558	324511	49	1538	 41 
103631	348166	324511	949	39188	 40 
103895	343897	324511	31	846	 39 
104697	343405	324511	952	39150	 32 
104740	343395	324511	941	38752	 30 
104713	342084	324511	945	38774	 30 
103898	349641	324511	26	766	 30 
103641	346909	324511	950	39107	 29 
103651	345068	324511	945	38568	 26 
103913	343506	324511	50	1521	 20 
103680	349062	324511	940	38701	 14 
103540	349991	324511	945	38634	 13 
103891	346208	324511	31	1118	 6 

104026	346022	324533	35	1106	 100 ***
104031	345958	324533	28	804	 97 
103699	346869	324533	945	39030	 95 
104838	345447	324533	29	812	 94 
104802	343046	324533	951	39124	 75 
104835	345950	324533	30	1046	 73 
104846	342496	324533	941	38637	 72 
104025	348427	324533	35	1357	 72 
104787	343499	324533	949	39152	 60 
103779	344423	324533	949	39087	 60 
104053	343537	324533	44	1588	 53 
104027	346606	324533	32	846	 50 
104025	346097	324533	33	976	 48 
104835	343274	324533	931	38035	 47 
104803	343289	324533	948	38643	 32 
104827	343381	324533	38	1488	 31 
104852	345776	324533	14	685	 27 
103784	345077	324533	947	38750	 26 
104020	343683	324533	37	1489	 24 
104823	341874	324533	942	38375	 19 
104029	346226	324533	29	1048	 12 
104013	345974	324533	41	1311	 7 
103804	344967	324533	948	38865	 6 
104033	348355	324533	27	567	 4 
104020	345967	324533	36	1118	 3 

104819	342019	324558	941	38868	 99 ***
103995	343726	324558	33	1082	 98 
104813	342126	324558	943	39337	 94 
104001	342990	324558	33	948	 93 
103982	343351	324558	43	1332	 91 
103732	344841	324558	945	39399	 85 
103635	347867	324558	948	39426	 80 
103993	347129	324558	35	1029	 80 
104006	342793	324558	37	1126	 77 
104852	341901	324558	936	38707	 71 
103797	347203	324558	935	38727	 69 
104816	340860	324558	942	39344	 61 
104016	342232	324558	39	1385	 50 
104832	341301	324558	939	39138	 44 
104008	345412	324558	27	756	 37 
103988	348657	324558	39	1212	 31 
104811	342124	324558	946	38996	 26 
104792	342207	324558	937	38890	 6 
103795	345150	324558	943	39389	 2 
104812	342133	324558	941	39221	 1 

104794	337401	325184	930	38868	 99 ***
104819	342726	325184	42	1043	 98 
104831	338407	325184	34	934	 96 
104249	342395	325184	945	39087	 94 
104848	337529	325184	929	38215	 87 
104823	340649	325184	40	1408	 86 
104785	343168	325184	928	38914	 82 
104818	337272	325184	952	39787	 80 
104824	339272	325184	43	1276	 80 
104818	342323	325184	928	39311	 77 
104840	337828	325184	36	972	 77 
104823	340498	325184	41	1084	 73 
104817	344870	325184	558	23219	 67 
104832	341039	325184	28	755	 64 
104786	338371	325184	954	39922	 62 
103647	340441	325184	948	39707	 58 
104776	341283	325184	943	39054	 55 
103800	339302	325184	953	39480	 54 
104043	340399	325184	947	39410	 53 
104831	337856	325184	36	893	 50 
104003	344147	325184	940	39364	 47 
104809	343867	325184	574	24206	 47 
104824	341589	325184	37	979	 46 
104867	336617	325184	948	39783	 42 
104821	340696	325184	468	19565	 38 
104851	336865	325184	946	39409	 35 
104813	340784	325184	929	38618	 34 
104826	339787	325184	37	927	 34 
104053	339284	325184	950	39695	 29 
104835	340025	325184	32	546	 28 
104263	338590	325184	947	39434	 26 
104791	340024	325184	946	39474	 26 
103651	342480	325184	946	39624	 21 
104837	337041	325184	951	39618	 20 
104274	338583	325184	948	39776	 20 
104833	337632	325184	46	1170	 16 
104841	337193	325184	945	39396	 3 
104841	339589	325184	22	610	 0 

104946	333312	326861	951	39894	 98 ***
104116	339875	326861	949	39581	 97 
104873	334791	326861	45	1048	 97 
104885	334211	326861	950	39453	 96 
104894	333569	326861	953	39581	 92 
104893	332967	326861	955	39891	 92 
104866	336887	326861	19	750	 92 
103848	340063	326861	948	39660	 90 
104921	333445	326861	950	39711	 89 
104861	335896	326861	28	859	 88 
104885	334148	326861	952	39736	 87 
104948	333547	326861	949	39521	 85 
104853	338357	326861	43	1338	 85 
104858	334979	326861	951	39010	 81 
103735	340546	326861	948	39788	 79 
104209	335112	326861	950	39559	 70 
104875	336631	326861	20	533	 69 
104916	333329	326861	953	39978	 68 
104939	332882	326861	956	39689	 66 
104120	336501	326861	945	39445	 64 
104960	333356	326861	925	38661	 62 
103755	338514	326861	951	39970	 56 
104894	333587	326861	426	18618	 56 
104933	333301	326861	953	39720	 54 
104850	338744	326861	38	965	 54 
104871	335134	326861	948	39651	 52 
104858	335542	326861	39	942	 50 
104868	335425	326861	36	911	 47 
104874	335396	326861	25	1125	 45 
103902	337795	326861	950	38814	 43 
104857	336126	326861	41	1219	 42 
104869	335529	326861	31	887	 39 
104873	336523	326861	24	928	 37 
104864	334234	326861	949	39393	 32 
104854	336367	326861	31	998	 29 
104887	335629	326861	24	546	 27 
103879	335950	326861	958	40038	 23 
104957	332871	326861	954	39958	 18 
104959	333287	326861	951	39676	 14 
103740	337407	326861	952	39049	 14 
104936	333561	326861	944	39354	 12 
104863	334624	326861	959	39834	 10 
103722	338545	326861	952	39459	 4 
104873	336845	326861	27	540	 4 
103845	337099	326861	954	39954	 3 
104889	333717	326861	955	39866	 2 

105098	335333	334865	953	40067	 98 ***
105129	333504	334865	957	40226	 98 
104078	339029	334865	953	39997	 96 
105165	333491	334865	928	38838	 94 
105181	335789	334865	24	671	 94 
105173	331621	334865	957	40129	 92 
105144	333832	334865	953	40228	 87 
105178	335055	334865	43	1528	 87 
104152	338514	334865	944	39973	 81 
105143	333888	334865	952	39786	 79 
104358	336564	334865	951	40111	 79 
105134	335724	334865	921	38799	 77 
105192	333541	334865	36	1357	 76 
104082	335984	334865	953	40130	 72 
105156	334280	334865	462	19611	 72 
105189	333531	334865	37	908	 69 
105146	333202	334865	937	39804	 65 
105180	334476	334865	41	1189	 65 
105168	336112	334865	458	19505	 62 
104101	337615	334865	951	39656	 61 
105145	333633	334865	951	39827	 57 
105187	333720	334865	36	1211	 56 
105152	332679	334865	953	40136	 53 
105169	333499	334865	921	39228	 50 
104408	335528	334865	951	39820	 49 
105121	333267	334865	962	40344	 49 
105173	335483	334865	49	1877	 49 
105149	335174	334865	927	39356	 44 
105153	336167	334865	558	24246	 40 
105174	337330	334865	37	1234	 38 
105207	333055	334865	951	40055	 35 
105176	336279	334865	37	915	 31 
104075	337846	334865	955	40400	 28 
104105	335811	334865	952	40095	 28 
105151	338529	334865	563	23241	 24 
105164	333610	334865	925	39394	 22 
105134	332483	334865	957	40054	 22 
105144	333383	334865	954	40073	 20 
105204	333169	334865	949	40205	 20 
105125	333698	334865	954	39574	 16 
105115	334832	334865	945	39992	 15 
105181	334054	334865	30	792	 10 
105117	333756	334865	958	40287	 9 
105145	338927	334865	578	24298	 8 
105116	335428	334865	929	38898	 7 
105098	334112	334865	947	40251	 6 
105187	333361	334865	38	1199	 6 
105140	334084	334865	953	40056	 4 
105177	334701	334865	457	19772	 4 

