#104552	436066	330645	0	0	 95 ***
#105616	427307	330645	0	0	 73 
#105628	426893	330645	0	0	 72 
#105702	426258	330645	0	0	 68 
#103924	439542	330645	0	0	 49 
#105580	428964	330645	0	0	 22 
#104607	431253	330645	0	0	 10 
#104595	433618	330645	0	0	 6 

104359	425511	331743	29	787	 99 ***
104340	424840	331743	32	1157	 93 
105428	418675	331743	979	41493	 88 
104346	423137	331743	38	1208	 87 
104343	423588	331743	32	915	 82 
104350	423228	331743	32	915	 80 
105536	419290	331743	975	41642	 70 
104350	423465	331743	30	614	 70 
104344	423279	331743	31	913	 60 
104337	425804	331743	973	40898	 56 
104352	423033	331743	33	1096	 56 
104308	426906	331743	979	41491	 54 
104351	427335	331743	26	882	 52 
105435	419183	331743	976	41661	 51 
104348	420715	331743	34	1041	 50 
104362	424686	331743	28	608	 47 
104289	427720	331743	980	41710	 8 
105425	419351	331743	964	41462	 7 
104342	423797	331743	36	1284	 2 

104244	416705	330379	31	900	 95 ***
104244	420433	330379	28	930	 94 
104238	418035	330379	30	765	 89 
105288	416277	330379	968	40911	 86 
104235	420499	330379	30	1127	 77 
104242	420551	330379	28	711	 70 
105348	415810	330379	962	40747	 65 
104233	419408	330379	33	1075	 60 
104234	418102	330379	31	911	 59 
104121	421252	330379	967	40876	 56 
105325	416487	330379	34	1034	 56 
104244	420518	330379	27	635	 53 
104152	417586	330379	964	40808	 49 
104225	420141	330379	39	1562	 44 
104233	419166	330379	31	1249	 42 
104239	416917	330379	34	1152	 36 
104248	420477	330379	27	876	 34 
105369	414281	330379	965	40845	 28 
104237	421868	330379	29	873	 28 
105304	414451	330379	971	41161	 24 
104248	419107	330379	26	631	 24 
105365	414628	330379	966	40693	 21 
105392	414274	330379	963	40836	 21 
104237	417771	330379	31	1138	 20 
105337	416103	330379	952	40456	 10 
105329	414648	330379	966	41038	 9 
105291	415170	330379	964	40724	 7 
104233	419707	330379	38	1386	 5 
105317	414697	330379	967	40949	 1 
105340	412974	330379	967	41078	 0 
105329	413740	330379	967	40978	 0 
105355	415016	330379	962	40481	 0 

105011	405517	322844	967	40800	 92 ***
103966	410257	322844	33	942	 92 
103963	407719	322844	38	1213	 87 
105117	404491	322844	966	40541	 72 
103958	410330	322844	39	1350	 71 
103977	411740	322844	20	743	 67 
103861	409482	322844	964	40511	 63 
103968	411501	322844	21	761	 62 
105070	405949	322844	961	40512	 58 
103885	414991	322844	961	40454	 57 
105054	406219	322844	963	40448	 55 
103969	408285	322844	37	1327	 53 
105042	407275	322844	33	1298	 45 
103967	410193	322844	33	702	 43 
103967	408331	322844	37	1207	 37 
103946	411127	322844	961	40710	 35 
103964	409606	322844	34	1066	 35 
103957	407645	322844	43	1598	 28 
105012	406659	322844	553	23859	 27 
103972	409256	322844	31	1025	 23 
104966	406779	322844	964	40544	 11 
105113	406155	322844	959	40114	 7 
103894	411580	322844	963	40764	 7 
103956	413722	322844	38	1600	 6 
103958	410826	322844	33	1062	 3 
103965	408656	322844	34	824	 1 

104832	401371	321079	28	1040	 97 ***
104807	400041	321079	957	40030	 95 
104825	400019	321079	956	39857	 90 
104809	400317	321079	956	39802	 87 
104835	397890	321079	39	1114	 87 
104048	407816	321079	949	39866	 85 
104799	404728	321079	944	39593	 84 
104823	401858	321079	949	39742	 79 
103675	401474	321079	955	39741	 79 
104872	396951	321079	955	39538	 70 
104820	405935	321079	936	39138	 64 
104916	396802	321079	959	39514	 63 
104828	399108	321079	38	1106	 57 
104833	397829	321079	957	40020	 52 
104807	405966	321079	939	39621	 40 
104864	396904	321079	956	39661	 35 
104282	405061	321079	948	39651	 34 
104832	398163	321079	954	39814	 32 
104826	399888	321079	44	1429	 30 
104851	397256	321079	956	39965	 28 
104253	401711	321079	950	39516	 20 
103809	402233	321079	951	39539	 16 
104808	400468	321079	952	38808	 15 
104836	397653	321079	38	1106	 15 
104862	397507	321079	952	39720	 13 
104838	399530	321079	23	694	 11 
103697	404395	321079	950	39718	 6 

104744	394277	321290	38	1467	 98 ***
104766	394287	321290	28	988	 94 
104767	393863	321290	28	1156	 90 
103609	399488	321290	950	39603	 86 
103612	399415	321290	950	39648	 79 
104780	394043	321290	27	912	 77 
103742	399607	321290	945	39499	 75 
104206	396203	321290	946	39558	 72 
104749	394810	321290	33	903	 72 
104761	393266	321290	32	1197	 71 
104810	391412	321290	953	39788	 57 
104756	394513	321290	27	882	 56 
103593	396791	321290	951	39527	 51 
104775	392508	321290	29	881	 43 
104870	391326	321290	950	39519	 40 
104753	393124	321290	34	921	 38 
104754	396415	321290	28	814	 37 
104754	394373	321290	29	890	 35 
104740	392448	321290	547	22122	 31 
103996	396641	321290	549	23176	 30 
104756	393343	321290	33	956	 29 
103616	391490	321290	947	39317	 21 
104761	393385	321290	31	907	 19 
103712	401025	321290	945	39539	 18 
104763	394311	321290	28	875	 17 
104812	392322	321290	944	39241	 7 
104724	394749	321290	528	23009	 5 
104762	392921	321290	30	882	 4 
104758	393272	321290	33	1083	 0 

103761	390909	318893	942	38702	 96 ***
104488	390705	318893	32	960	 94 
103477	390564	318893	945	39480	 93 
104490	388541	318893	36	1135	 93 
103329	393201	318893	947	39204	 90 
104491	388124	318893	32	1140	 86 
104492	386273	318893	32	1022	 83 
103455	392993	318893	941	38675	 81 
104498	387644	318893	31	896	 81 
104553	385794	318893	943	38751	 79 
104497	388099	318893	29	881	 76 
104571	385494	318893	946	39420	 74 
103378	391974	318893	947	39340	 65 
103945	388766	318893	949	39413	 65 
104500	391023	318893	28	968	 60 
104501	388245	318893	27	858	 58 
103351	391987	318893	945	38910	 55 
104485	389671	318893	944	39284	 49 
104498	391169	318893	19	621	 44 
104490	388991	318893	37	1448	 43 
104492	388209	318893	30	1106	 42 
103982	390914	318893	939	39138	 38 
103439	396258	318893	935	39102	 25 
103743	390311	318893	947	39112	 21 
103969	387852	318893	948	39088	 14 
103293	392743	318893	950	39470	 14 
104491	388454	318893	30	892	 14 
103507	392189	318893	944	38953	 7 
104523	385586	318893	947	39145	 7 
104480	389698	318893	947	38997	 4 

103425	388960	320601	947	38852	 99 ***
104565	382490	320601	938	38902	 99 
103465	384353	320601	948	39169	 98 
104564	382905	320601	946	38771	 97 
103457	389599	320601	942	38773	 94 
103811	387170	320601	38	1357	 90 
103814	386086	320601	42	1139	 87 
103816	384273	320601	44	1257	 86 
104620	381815	320601	942	38517	 84 
103814	388976	320601	34	1024	 84 
104641	382020	320601	940	38770	 78 
104635	382747	320601	926	38834	 77 
104623	382810	320601	928	38883	 75 
103819	383758	320601	38	652	 75 
103816	388085	320601	34	851	 74 
103541	384840	320601	944	39141	 73 
104651	381896	320601	938	38452	 65 
104651	381528	320601	941	38790	 62 
103827	383342	320601	43	1188	 60 
103817	385800	320601	41	755	 51 
103582	388838	320601	943	38838	 44 
103496	387774	320601	946	38755	 43 
104675	381218	320601	941	38621	 39 
103541	388069	320601	944	38863	 39 
103418	388154	320601	949	39334	 38 
103822	385824	320601	8	439	 38 
104594	382375	320601	940	38655	 37 
103831	385811	320601	30	623	 34 
103807	387305	320601	46	1167	 33 
104633	383223	320601	33	951	 30 
104579	380174	320601	944	38675	 28 
104564	382531	320601	941	38897	 28 
103527	385737	320601	945	38988	 27 
103788	387354	320601	943	38924	 25 
103430	388290	320601	947	39025	 25 
103817	386008	320601	36	948	 21 

104860	385927	325011	935	38558	 100 ***
104823	384644	325011	945	38874	 99 
104935	383496	325011	936	38905	 97 
104919	383767	325011	936	38497	 96 
104823	381834	325011	948	38485	 95 
103668	388732	325011	42	1879	 95 
103670	387516	325011	42	1758	 94 
104849	382661	325011	944	39097	 89 
103672	386491	325011	40	1308	 87 
104862	383748	325011	938	38893	 84 
103815	385207	325011	943	38903	 81 
104835	383861	325011	942	38893	 80 
104876	381824	325011	943	38901	 79 
104882	382299	325011	940	38492	 78 
103666	389915	325011	40	1529	 77 
104840	383688	325011	944	39090	 72 
104834	385191	325011	943	38422	 72 
104818	386048	325011	940	39048	 70 
104854	385284	325011	936	38284	 60 
104848	382614	325011	946	38946	 57 
104909	381408	325011	951	39218	 57 
104850	383858	325011	943	38584	 53 
104877	382588	325011	938	38554	 52 
104871	383356	325011	938	38026	 52 
104919	380958	325011	945	38751	 51 
104862	382084	325011	944	38881	 47 
104906	381759	325011	943	38996	 41 
104843	385265	325011	940	38862	 34 
104834	385222	325011	941	38666	 33 
103674	389467	325011	34	1081	 28 
103668	387547	325011	37	1161	 22 
104847	384607	325011	941	38930	 21 
104852	382501	325011	942	38793	 17 
104864	386454	325011	480	19974	 14 
104868	385863	325011	42	1389	 13 
103672	391719	325011	36	1026	 10 
103666	391805	325011	39	1187	 5 

104798	379445	322693	38	1578	 100 ***
104783	376996	322693	950	39033	 99 
104805	378897	322693	31	774	 99 
104792	376905	322693	943	38898	 95 
104823	376282	322693	932	38294	 94 
104820	375298	322693	939	38730	 93 
104876	375498	322693	926	38651	 93 
104799	378514	322693	38	1685	 91 
104836	376751	322693	925	38507	 81 
104800	380269	322693	37	1430	 81 
104777	379881	322693	933	38055	 80 
104798	376836	322693	942	38902	 75 
104775	381430	322693	924	38436	 67 
104772	379690	322693	940	38762	 67 
104792	380796	322693	35	1547	 67 
104827	376319	322693	928	38664	 62 
103989	382291	322693	937	38821	 60 
104790	380312	322693	480	19573	 57 
104790	378271	322693	938	38855	 57 
104781	379185	322693	941	39024	 56 
104800	376644	322693	944	38868	 55 
104785	377940	322693	940	38397	 55 
104778	378345	322693	942	38893	 54 
103660	381964	322693	941	38683	 50 
104792	378175	322693	939	38539	 45 
104785	379356	322693	939	38803	 42 
104812	376856	322693	42	1597	 41 
104819	377410	322693	29	926	 39 
104798	378623	322693	936	38649	 38 
104783	376658	322693	946	38894	 37 
103636	381594	322693	948	39141	 34 
104794	379704	322693	929	38396	 32 
104801	376764	322693	943	38356	 29 
104800	375844	322693	947	38419	 28 
104227	379411	322693	943	39085	 28 
104787	377799	322693	945	39050	 27 
104772	379212	322693	945	39028	 26 
104802	382771	322693	32	1151	 23 
104764	377211	322693	946	39095	 22 
104787	377916	322693	944	38710	 22 
104802	374248	322693	943	39001	 18 
104857	376467	322693	925	38460	 17 
103640	379472	322693	945	38818	 16 
104821	376486	322693	928	38778	 14 
104797	379869	322693	39	1723	 12 
104809	376396	322693	942	38822	 11 
104784	378325	322693	941	39144	 8 
104788	376984	322693	945	38829	 8 
104859	374019	322693	948	39184	 7 
104802	376887	322693	34	1152	 6 
104781	379793	322693	929	38527	 4 
104775	380404	322693	916	38253	 4 
103751	381555	322693	938	38260	 3 
104835	374562	322693	927	38699	 1 
104754	378241	322693	947	38647	 1 

104780	371837	324193	953	39588	 96 ***
103759	374508	324193	951	39677	 95 
104787	380415	324193	27	607	 87 
103602	377083	324193	952	39659	 85 
103621	380729	324193	943	39305	 76 
104776	377028	324193	31	953	 76 
104842	371712	324193	948	39553	 75 
104757	376929	324193	935	38998	 74 
104749	375160	324193	948	39423	 70 
104772	377672	324193	37	1594	 70 
104007	376624	324193	948	39664	 68 
103797	373425	324193	952	39625	 66 
104797	373182	324193	35	1640	 65 
104785	375190	324193	35	1367	 63 
104777	376025	324193	35	1397	 62 
104779	372969	324193	956	39833	 60 
104754	375777	324193	945	39352	 56 
104764	374313	324193	949	39412	 53 
103668	377639	324193	931	39121	 51 
104808	373133	324193	946	39095	 42 
104821	372169	324193	950	39314	 42 
104757	375132	324193	946	39692	 40 
104761	374670	324193	949	39544	 39 
104788	373289	324193	32	961	 37 
104811	372205	324193	930	39033	 35 
104798	379235	324193	27	876	 35 
104768	373812	324193	948	39575	 33 
104829	370497	324193	958	39834	 31 
104809	373007	324193	950	39697	 28 
103614	374872	324193	953	39473	 21 
104827	371861	324193	952	39736	 19 
104780	373561	324193	949	38674	 18 
104779	374104	324193	929	38604	 16 
104811	372928	324193	948	39470	 15 
104780	375222	324193	28	882	 10 
104770	373589	324193	951	39581	 8 
104786	373232	324193	950	39406	 4 
104787	374393	324193	32	983	 0 

104787	374550	324690	45	1738	 100 ***
103648	371557	324690	951	39916	 92 
104791	371161	324690	36	807	 88 
104204	374552	324690	926	38968	 83 
104770	373664	324690	551	24080	 83 
104794	368416	324690	3	260	 73 
103619	373056	324690	951	39912	 70 
104790	371095	324690	940	39530	 47 
104771	369435	324690	944	39205	 47 
104793	371845	324690	35	1047	 43 
103645	377694	324690	945	39804	 34 
103739	371418	324690	941	39666	 23 
103730	376719	324690	950	39610	 16 
104756	371371	324690	561	24355	 16 
104787	373151	324690	538	22922	 14 
104791	372645	324690	33	924	 6 
104781	369076	324690	946	39395	 5 
104791	376080	324690	39	1263	 1 

104900	373405	325842	34	1170	 95 ***
104912	377883	325842	23	851	 91 
104896	375788	325842	33	1159	 89 
104892	374364	325842	552	23192	 85 
103745	377332	325842	955	39861	 68 
104165	374957	325842	958	39600	 54 
103896	376902	325842	953	39682	 52 
104910	375383	325842	27	439	 52 
103897	375258	325842	957	39992	 51 
104892	375022	325842	534	23055	 51 
103747	377825	325842	948	39752	 45 
104122	375119	325842	956	39722	 41 
104900	374257	325842	37	1246	 41 
104896	374839	325842	38	1357	 38 
104916	371169	325842	34	911	 36 
104905	377825	325842	29	1250	 32 
104904	373611	325842	31	963	 29 
104886	372869	325842	958	39765	 25 
104891	375844	325842	38	1050	 25 
103920	376018	325842	955	39753	 23 
104895	373522	325842	946	39500	 21 
104878	377819	325842	948	39734	 18 
104897	373814	325842	559	24170	 16 
104149	375966	325842	949	39655	 12 
104910	372640	325842	949	39295	 6 
104879	373961	325842	561	23963	 6 
104909	373456	325842	28	915	 4 
104099	375414	325842	953	39834	 2 
104914	375172	325842	26	732	 1 

104883	374457	326132	939	39590	 100 ***
104932	368430	326132	948	39994	 100 
104903	370500	326132	33	865	 99 
104886	371328	326132	540	22881	 91 
104899	370870	326132	947	39668	 90 
104910	369170	326132	34	1114	 87 
104913	371660	326132	31	969	 82 
103762	374120	326132	949	40045	 76 
103729	373515	326132	950	39850	 75 
104899	370619	326132	34	941	 73 
104900	370050	326132	34	986	 72 
104891	369532	326132	948	39617	 70 
103899	372464	326132	944	39608	 65 
104891	369700	326132	950	40120	 53 
104914	370283	326132	32	982	 51 
104889	369926	326132	952	39881	 46 
104905	368670	326132	950	39923	 44 
104938	367438	326132	949	40103	 38 
104895	371494	326132	32	911	 38 
104899	370482	326132	37	1559	 34 
104922	368509	326132	948	40072	 33 
104935	367977	326132	948	39674	 33 
104934	367619	326132	951	39777	 29 
104976	366998	326132	950	39665	 26 
104884	371341	326132	951	39419	 26 
104900	369360	326132	34	990	 26 
103772	371774	326132	948	40083	 17 
104928	368202	326132	951	40189	 14 
104883	371688	326132	947	39834	 12 
104877	371015	326132	954	40189	 11 
104947	368560	326132	926	39300	 9 
104866	371956	326132	941	39272	 4 
104969	367876	326132	941	39503	 2 
104976	368812	326132	925	38637	 0 

104754	366335	324971	45	1742	 99 ***
104757	365023	324971	41	1223	 97 
104751	365009	324971	944	39737	 91 
104756	372075	324971	37	925	 86 
104751	368734	324971	41	1237	 83 
104812	364235	324971	938	39227	 78 
103634	366744	324971	942	38894	 78 
104775	368260	324971	35	1025	 78 
104750	371747	324971	44	1321	 74 
104770	366053	324971	40	1314	 73 
104761	364971	324971	41	1326	 68 
103749	363254	324971	945	39228	 56 
104823	364493	324971	936	39585	 53 
104751	366751	324971	465	19722	 52 
104790	364482	324971	938	39448	 51 
104778	364648	324971	944	39830	 49 
104753	368251	324971	43	1357	 49 
104754	367222	324971	39	1081	 43 
104820	364964	324971	929	38688	 41 
104831	364663	324971	934	39354	 41 
104823	364350	324971	937	39506	 40 
104834	364223	324971	935	39191	 37 
104829	363390	324971	943	39396	 35 
104826	363077	324971	947	39859	 33 
104780	363708	324971	941	39704	 27 
104756	367670	324971	38	1166	 27 
104793	363152	324971	944	39499	 22 
104762	371049	324971	33	1424	 21 
104806	363951	324971	940	39590	 19 
104733	370225	324971	940	39722	 15 
104860	363110	324971	931	39362	 14 
104756	366358	324971	40	1224	 12 
104837	363318	324971	935	39481	 10 
103714	369201	324971	941	39552	 9 
104819	362839	324971	948	39831	 8 
104876	362979	324971	944	39513	 7 
104748	367114	324971	45	1411	 4 

104753	363249	324325	950	39338	 96 ***
104684	365775	324325	36	937	 96 
104779	363638	324325	935	38908	 94 
104703	364092	324325	937	39011	 93 
104688	364485	324325	961	39523	 88 
104692	364720	324325	30	807	 88 
104752	364113	324325	933	38386	 82 
103735	365619	324325	955	39783	 80 
104787	361469	324325	957	39836	 78 
104698	364014	324325	959	40057	 75 
104761	361948	324325	957	39914	 72 
104676	365129	324325	958	39659	 71 
104701	364412	324325	958	39600	 65 
104766	363961	324325	930	38454	 64 
103938	364669	324325	961	39577	 64 
104734	363590	324325	953	39649	 62 
104752	362967	324325	954	39692	 60 
104722	362906	324325	962	39956	 60 
104676	364855	324325	960	39974	 50 
104777	361910	324325	957	39658	 47 
104686	366279	324325	22	322	 47 
104700	364582	324325	957	39630	 42 
104784	362523	324325	956	39659	 42 
104677	365235	324325	953	39127	 36 
104772	362751	324325	949	39538	 33 
104690	365319	324325	12	310	 32 
104683	369259	324325	554	23004	 25 
104126	366187	324325	952	38797	 24 
104709	362937	324325	955	39772	 22 
103558	367106	324325	954	39351	 22 
104729	362714	324325	956	39631	 15 
104709	364557	324325	33	926	 14 
104704	364009	324325	962	40059	 12 
103550	370148	324325	958	39758	 11 
104684	365216	324325	34	875	 7 
104785	363324	324325	934	39056	 6 
104729	363622	324325	953	39076	 1 

103497	361887	325358	953	39203	 99 ***
104680	360368	325358	44	1354	 96 
104673	360551	325358	942	38606	 91 
104653	362517	325358	940	38850	 91 
103492	364345	325358	961	39620	 91 
104644	359461	325358	952	39471	 87 
104648	358860	325358	962	39099	 83 
104652	358754	325358	961	39189	 79 
104688	358368	325358	36	882	 77 
104637	361077	325358	955	39032	 72 
104632	358952	325358	958	39336	 71 
104658	361139	325358	951	38954	 68 
104693	361690	325358	22	295	 68 
104665	357723	325358	958	38755	 66 
104681	359176	325358	40	964	 66 
104644	359245	325358	955	39479	 65 
104630	360129	325358	963	39691	 62 
104630	363207	325358	474	20135	 61 
104651	361403	325358	945	38939	 45 
104654	358136	325358	958	39518	 44 
104737	357432	325358	963	39577	 44 
104659	359512	325358	945	38637	 35 
104648	361646	325358	946	38881	 33 
104072	364853	325358	952	39166	 33 
104677	360472	325358	45	1278	 33 
104625	361664	325358	941	38647	 30 
103502	360632	325358	957	38974	 30 
104693	357875	325358	41	996	 28 
104630	360445	325358	965	39708	 22 
104641	359998	325358	952	39368	 18 
104640	360931	325358	955	38937	 16 
103470	363597	325358	963	39634	 16 
104683	359406	325358	30	599	 13 
103490	365859	325358	960	39409	 11 
104640	359748	325358	956	39543	 9 
103572	366564	325358	948	38417	 3 
104662	360791	325358	943	39144	 2 
104678	359013	325358	945	39354	 0 
104677	359154	325358	952	39211	 0 

104926	358174	329073	961	39614	 87 ***
104846	358755	329073	959	39144	 85 
104821	358444	329073	962	39826	 80 
103674	361308	329073	40	1070	 77 
103680	361168	329073	16	988	 63 
103676	363564	329073	30	1090	 53 
103690	360056	329073	32	946	 51 
104893	358481	329073	961	39746	 42 
103683	359273	329073	39	1188	 40 
104887	359829	329073	32	1104	 31 
104848	357952	329073	964	39799	 10 
104887	360487	329073	30	1049	 6 
104839	359068	329073	958	39508	 4 
103690	359134	329073	42	1375	 1 
103679	362654	329073	35	921	 0 

104656	355902	325573	943	38863	 95 ***
104714	349886	325573	964	39252	 93 
104708	350782	325573	952	38686	 90 
104666	353735	325573	951	38808	 89 
104758	353265	325573	32	894	 89 
104717	351098	325573	927	38139	 87 
104734	354364	325573	472	20219	 87 
104697	354103	325573	552	22122	 87 
104672	352133	325573	954	38972	 83 
104738	357369	325573	467	20071	 82 
104664	355319	325573	943	38676	 81 
104715	352849	325573	572	23128	 81 
104726	351524	325573	924	38106	 80 
104725	356451	325573	468	20078	 77 
104684	351227	325573	953	39030	 76 
103928	350916	325573	955	39011	 76 
104757	352099	325573	37	1077	 74 
104755	352480	325573	40	1465	 68 
104678	351095	325573	954	39018	 65 
104767	350069	325573	40	1271	 65 
104691	350703	325573	955	38990	 64 
104730	348145	325573	955	38771	 62 
104758	350038	325573	41	1382	 62 
104717	350224	325573	957	39215	 60 
104711	351505	325573	949	38698	 60 
104724	351811	325573	926	38276	 59 
104739	354177	325573	41	1478	 58 
104760	350197	325573	14	418	 57 
104731	351139	325573	924	38219	 56 
103608	353624	325573	963	39367	 55 
104694	351265	325573	951	38387	 53 
104746	353210	325573	43	1596	 52 
104707	351575	325573	940	38462	 51 
104672	350778	325573	955	39197	 47 
104753	351584	325573	49	1739	 41 
104652	353236	325573	954	38905	 38 
104716	352111	325573	926	38281	 36 
104734	351791	325573	923	38156	 33 
104715	351346	325573	950	38818	 30 
104668	352392	325573	954	39127	 29 
104747	352671	325573	33	1164	 29 
104703	350273	325573	955	38959	 28 
104723	350117	325573	961	39311	 24 
104751	351848	325573	42	1235	 23 
103654	357223	325573	947	38937	 20 
104747	353192	325573	35	1076	 17 
103490	353890	325573	949	38479	 14 
104697	350585	325573	955	38561	 14 
104756	352316	325573	37	926	 12 
103658	353529	325573	953	38507	 10 
104717	354499	325573	478	20323	 10 
104679	351977	325573	952	38614	 10 
104676	352228	325573	574	24033	 10 
104732	350123	325573	929	38444	 5 
104758	354028	325573	31	971	 4 
104745	351909	325573	459	19541	 1 
104682	353910	325573	569	23866	 1 
104672	352621	325573	926	38344	 0 

103542	348845	324511	945	38999	 92 ***
104659	343612	324511	949	38468	 90 
103712	345988	324511	939	38813	 88 
104638	343236	324511	951	39280	 86 
103665	347817	324511	940	38975	 84 
104707	342146	324511	951	38413	 81 
104668	348152	324511	30	873	 74 
104666	347658	324511	39	1199	 73 
104684	348196	324511	27	810	 64 
104664	348638	324511	27	703	 63 
104095	344862	324511	950	39108	 61 
104662	350348	324511	32	1009	 61 
104664	347998	324511	38	1394	 56 
104708	342961	324511	947	38942	 53 
103557	348652	324511	949	38999	 49 
104709	342501	324511	945	38973	 42 
103641	346533	324511	951	39084	 35 
104715	342937	324511	932	38823	 35 
104668	344494	324511	30	1331	 35 
104673	349139	324511	26	769	 34 
103698	347020	324511	948	39068	 33 
104671	347902	324511	29	1176	 29 
103566	347292	324511	944	38529	 21 
103915	346987	324511	929	38628	 19 
104710	344041	324511	452	19555	 15 
104670	348519	324511	28	811	 14 
103536	348087	324511	953	39262	 10 
103509	349351	324511	949	38985	 6 
104663	350275	324511	33	1186	 6 
104676	343522	324511	558	21598	 3 
104665	342975	324511	938	39028	 2 
104667	346638	324511	42	1458	 2 

104825	342680	324533	947	38989	 100 ***
103690	350845	324533	28	1063	 83 
103668	347920	324533	35	1048	 82 
104877	341773	324533	946	38199	 53 
103671	346555	324533	30	947	 44 
104927	341454	324533	948	38876	 42 
103675	346530	324533	35	1018	 36 
104855	342432	324533	948	38982	 29 
103664	345879	324533	49	1469	 27 
103679	346106	324533	34	848	 21 
104872	342061	324533	945	38589	 13 
103668	342708	324533	36	1269	 10 
104848	342186	324533	949	38477	 9 
104840	342233	324533	949	38559	 9 

104219	344881	324558	940	39129	 100 ***
104787	342938	324558	37	1119	 95 
103640	347022	324558	938	39164	 94 
104043	342513	324558	947	39317	 93 
104822	341020	324558	942	38784	 91 
104794	341509	324558	945	38958	 86 
104025	346612	324558	940	38685	 86 
104792	342699	324558	38	1372	 86 
104781	343949	324558	25	713	 84 
104800	342108	324558	939	38508	 64 
104754	342634	324558	945	39157	 62 
104868	341301	324558	939	38905	 62 
104210	344741	324558	941	38655	 61 
104775	346523	324558	27	778	 60 
104812	341955	324558	930	38279	 56 
104772	343297	324558	36	1106	 55 
103767	344986	324558	941	38830	 54 
104780	346132	324558	27	723	 42 
104805	341647	324558	943	38735	 38 
104779	343162	324558	46	1891	 38 
104787	342317	324558	946	39102	 36 
104254	344333	324558	942	39136	 35 
103747	344115	324558	944	39252	 34 
103744	345146	324558	943	39206	 25 
104790	342090	324558	946	39234	 17 
104855	341014	324558	950	39042	 14 
103621	343555	324558	945	39247	 13 
104744	343584	324558	562	22734	 10 
104807	341564	324558	942	39144	 7 
104767	345198	324558	32	1264	 7 
104847	341285	324558	941	39371	 6 
104811	341338	324558	934	39326	 1 

103772	339959	325184	953	39714	 95 ***
103774	338444	325184	952	39591	 92 
103798	341510	325184	938	39108	 91 
104237	340730	325184	30	580	 89 
104241	337225	325184	50	1466	 85 
104249	337778	325184	35	941	 84 
103790	342887	325184	946	39573	 70 
104863	336275	325184	950	39536	 49 
104820	336986	325184	953	39844	 49 
104238	338290	325184	15	159	 45 
104256	337286	325184	43	1221	 39 
103690	342084	325184	952	39709	 36 
103642	344295	325184	942	39321	 27 
104864	336783	325184	940	39145	 24 
104891	336569	325184	948	39273	 19 
104843	337222	325184	949	39710	 16 
103709	343151	325184	949	39517	 16 
103671	342479	325184	952	39819	 15 
104232	340370	325184	946	39581	 4 

103717	334775	326861	957	39933	 100 ***
103846	335605	326861	43	1322	 98 
104928	332755	326861	955	39567	 93 
104899	334030	326861	934	38829	 89 
104889	333954	326861	951	39658	 89 
103858	334051	326861	38	1170	 88 
104910	333006	326861	949	39454	 76 
104983	332684	326861	951	39754	 75 
104895	333618	326861	951	39906	 75 
104919	333487	326861	937	38821	 73 
103850	335646	326861	28	657	 66 
104879	333149	326861	956	39894	 65 
104890	334032	326861	942	39652	 60 
103846	337300	326861	40	1068	 59 
103743	334973	326861	950	39888	 58 
104908	333479	326861	949	39480	 55 
103831	339773	326861	947	39332	 44 
104936	333409	326861	939	38982	 43 
103736	340950	326861	954	39739	 43 
104887	333627	326861	955	39861	 42 
104907	333824	326861	947	39588	 42 
104933	333824	326861	927	38516	 34 
104906	333428	326861	950	39382	 31 
103857	334497	326861	48	1206	 26 
103850	334967	326861	940	39477	 17 
104891	333983	326861	949	39383	 16 
104929	332937	326861	948	39762	 14 
104901	333096	326861	956	39872	 10 
103836	335343	326861	47	1232	 8 

103942	334992	334865	42	1483	 97 ***
105147	333531	334865	951	39777	 79 
105147	333385	334865	922	39466	 77 
103965	336307	334865	14	540	 75 
103955	336982	334865	38	1190	 62 
105194	332955	334865	950	40277	 59 
105193	333961	334865	920	39108	 58 
103949	339043	334865	37	1197	 51 
105115	333766	334865	955	39797	 47 
103958	337918	334865	32	1579	 46 
103953	337300	334865	36	899	 44 
105148	334168	334865	45	1157	 40 
105196	332732	334865	922	39298	 36 
105168	332236	334865	953	40058	 35 
105152	332965	334865	927	39472	 32 
105146	334086	334865	596	24843	 32 
103950	338913	334865	37	1415	 28 
105127	333605	334865	947	39742	 16 
103944	334397	334865	41	1267	 16 
105132	333281	334865	953	39864	 15 
103952	337878	334865	35	1156	 15 
103948	336480	334865	40	923	 13 
105121	333927	334865	951	39835	 10 
103956	336791	334865	36	1006	 7 

