#105650	426003	330645	0	0	 99 ***
#105564	430198	330645	0	0	 93 
#105552	431524	330645	0	0	 91 
#105597	429678	330645	0	0	 69 
#104568	434118	330645	0	0	 61 
#105067	432176	330645	0	0	 57 
#104596	434057	330645	0	0	 48 
#105605	429395	330645	0	0	 33 
#104426	435758	330645	0	0	 19 
#105616	428510	330645	0	0	 17 
#105033	433655	330645	0	0	 14 

105398	424417	331743	969	41131	 96 ***
105393	423039	331743	974	41130	 94 
104351	428905	331743	972	41608	 87 
104383	427248	331743	975	41452	 86 
105414	422755	331743	972	40837	 84 
105455	421958	331743	33	1037	 84 
105418	419844	331743	978	41047	 83 
105402	424239	331743	964	40798	 70 
105404	421968	331743	979	41416	 68 
105467	419183	331743	980	41423	 68 
105434	422098	331743	969	41319	 68 
105419	425092	331743	945	40585	 63 
105450	420415	331743	974	41353	 61 
105452	422802	331743	33	1037	 60 
105450	422710	331743	41	1626	 58 
105473	417179	331743	978	41362	 57 
105400	422731	331743	982	41699	 53 
105446	429430	331743	488	21076	 52 
105414	420819	331743	971	41498	 51 
105449	424135	331743	569	24753	 51 
105455	422564	331743	37	1151	 49 
104369	426288	331743	979	41207	 48 
104299	428717	331743	975	41372	 46 
104607	428199	331743	969	41030	 43 
105422	419211	331743	976	41602	 40 
105416	420666	331743	976	41656	 38 
105443	427344	331743	491	20998	 37 
104616	426483	331743	579	24770	 37 
105403	425441	331743	954	40599	 36 
105459	421404	331743	38	1205	 35 
105408	423458	331743	972	41120	 34 
105460	421053	331743	34	1041	 34 
105451	422878	331743	35	1289	 33 
105394	426203	331743	970	40721	 32 
105420	424056	331743	970	41264	 21 
105451	420442	331743	39	1239	 21 
105461	420735	331743	21	603	 20 
105438	420319	331743	975	41218	 19 
105390	424087	331743	972	40924	 17 
105444	419936	331743	975	40917	 16 
105422	423137	331743	947	40850	 16 
105457	419486	331743	975	41151	 13 
105466	419414	331743	36	1173	 13 
104413	424198	331743	972	40763	 12 
104386	422737	331743	975	41263	 12 
105417	425250	331743	956	40762	 5 
104875	424181	331743	973	41046	 3 
105465	419702	331743	37	1239	 1 

105254	418191	330379	967	41022	 100 ***
105285	419914	330379	33	1030	 97 
105346	414459	330379	970	40996	 95 
105282	419119	330379	35	1066	 94 
105290	417166	330379	32	1055	 91 
105286	418670	330379	33	909	 82 
104209	423268	330379	966	40387	 79 
104245	422317	330379	963	40172	 78 
105287	415119	330379	966	41000	 77 
105353	414256	330379	971	40888	 76 
105273	416913	330379	967	40689	 73 
105282	417414	330379	965	40860	 70 
105374	415980	330379	961	39994	 70 
105293	414804	330379	964	40781	 69 
105285	417322	330379	34	1146	 65 
105291	419469	330379	30	1006	 64 
105258	415494	330379	968	40926	 63 
105306	416726	330379	963	40401	 61 
104752	418436	330379	964	40605	 56 
105285	419786	330379	17	287	 55 
105314	413693	330379	972	40801	 54 
104699	421432	330379	965	40601	 52 
104294	420969	330379	969	40484	 51 
105281	421503	330379	32	1012	 51 
105271	417762	330379	966	40926	 48 
104526	421977	330379	950	40629	 48 
105353	413946	330379	965	40581	 46 
105283	420394	330379	31	1282	 46 
105279	419700	330379	34	1354	 43 
105379	414850	330379	962	40389	 42 
105326	417155	330379	945	40388	 41 
104574	419538	330379	966	41037	 36 
105279	417912	330379	965	40568	 36 
105369	413873	330379	967	40566	 35 
105328	416493	330379	947	40218	 33 
105283	420221	330379	33	1059	 32 
104189	422016	330379	970	41072	 31 
105285	418766	330379	34	1532	 29 
105279	418969	330379	963	40888	 24 
105283	414505	330379	969	40691	 22 
105313	416409	330379	962	40737	 22 
105289	417188	330379	33	1041	 19 
105277	423195	330379	37	1190	 17 
105284	417158	330379	35	1049	 15 
105380	413283	330379	970	41149	 11 
104266	421927	330379	974	41160	 5 
105266	420848	330379	556	23776	 2 
104124	422781	330379	968	40451	 1 

104065	412868	322844	961	40282	 100 ***
105012	408214	322844	966	40431	 95 
105040	406551	322844	956	39705	 87 
105018	408670	322844	964	40671	 87 
105027	409026	322844	934	39396	 85 
104972	409580	322844	6	145	 83 
104220	412757	322844	959	39951	 82 
105025	407018	322844	964	40277	 81 
105029	407806	322844	962	40732	 80 
105018	409176	322844	961	40546	 77 
104988	409076	322844	967	40526	 76 
104970	411747	322844	38	869	 75 
105023	404998	322844	965	40209	 74 
103885	413706	322844	960	40703	 74 
104972	411564	322844	34	838	 73 
104990	408721	322844	966	40784	 72 
105042	404541	322844	966	40615	 62 
105055	404407	322844	963	40356	 57 
105065	405451	322844	957	40299	 57 
105032	406125	322844	962	40735	 49 
105079	408973	322844	580	24618	 45 
105032	408722	322844	940	40096	 39 
104973	409321	322844	16	540	 30 
103998	411429	322844	964	40397	 29 
104257	409566	322844	963	40628	 28 
105022	408069	322844	956	40426	 25 
105055	407923	322844	945	39984	 19 
105113	408546	322844	943	39977	 18 
103981	413142	322844	954	40150	 11 
105018	409199	322844	939	40106	 5 
105010	408679	322844	962	39915	 0 

103689	404358	321079	956	39430	 95 ***
103802	403148	321079	955	40065	 91 
103837	402222	321079	954	39871	 90 
103865	401639	321079	48	1158	 89 
104846	397850	321079	954	39550	 84 
103867	400065	321079	45	1408	 75 
103877	398197	321079	42	1743	 74 
103868	399345	321079	42	1385	 72 
103734	406271	321079	575	23198	 68 
103845	404887	321079	576	24782	 67 
104872	398185	321079	953	39588	 48 
104887	397734	321079	955	40033	 44 
103864	401611	321079	49	1729	 39 
104845	397322	321079	956	39601	 36 
104893	397626	321079	955	40140	 34 
104892	397678	321079	953	39458	 14 
103869	398657	321079	33	786	 12 
104918	396281	321079	960	40082	 5 
104839	397845	321079	958	39567	 2 
103800	399479	321079	957	39856	 1 

103606	398319	321290	35	1020	 99 ***
103614	395554	321290	40	1244	 97 
103601	398618	321290	53	1502	 92 
104772	394029	321290	947	39167	 90 
103616	394899	321290	46	1170	 88 
104807	393479	321290	943	39536	 86 
104802	395283	321290	45	1667	 86 
103605	399013	321290	43	1091	 79 
103605	402226	321290	40	993	 78 
104795	391424	321290	950	39854	 77 
103604	399999	321290	49	1661	 76 
104763	392527	321290	953	39887	 73 
104775	391943	321290	947	39886	 69 
104182	394701	321290	945	38870	 61 
103607	397363	321290	34	1022	 56 
104780	394874	321290	936	38877	 53 
103611	395527	321290	952	39912	 47 
104806	395391	321290	43	1026	 47 
104192	394055	321290	952	39402	 46 
104770	394138	321290	948	39419	 46 
104779	393728	321290	945	39766	 45 
104761	394650	321290	943	39518	 25 
103801	394733	321290	949	39456	 24 
104762	393152	321290	951	39827	 12 
104765	394523	321290	947	39725	 10 
104808	392115	321290	942	39753	 5 
104813	394058	321290	37	987	 3 

104559	388458	318893	540	22886	 97 ***
103347	388804	318893	31	785	 90 
104547	385419	318893	947	39075	 88 
104499	387442	318893	942	39127	 87 
104580	384613	318893	950	39257	 80 
104576	386120	318893	938	38973	 76 
104526	386231	318893	938	38384	 61 
104532	386101	318893	948	39485	 46 
104559	385709	318893	943	38942	 34 
104512	387106	318893	926	38239	 21 
104493	388595	318893	945	39274	 20 
104558	385719	318893	946	39491	 15 
104551	388551	318893	44	1269	 9 
104499	388484	318893	945	38863	 2 

104623	383697	320601	33	1037	 100 ***
104570	385678	320601	936	38262	 98 
104585	381962	320601	943	39064	 84 
104619	383634	320601	35	1035	 84 
104570	385922	320601	940	39202	 80 
103420	386260	320601	946	38982	 79 
104558	384703	320601	944	38799	 75 
103827	387459	320601	942	38825	 74 
104631	381262	320601	939	38276	 74 
104600	386944	320601	925	38240	 73 
103830	389740	320601	938	38519	 73 
104615	383543	320601	46	1171	 73 
104552	387431	320601	941	38969	 72 
104597	382248	320601	942	38852	 71 
104571	385660	320601	930	38263	 70 
104564	384144	320601	944	38721	 70 
104587	384590	320601	941	38928	 70 
103854	383885	320601	947	39289	 61 
104588	382678	320601	928	38031	 57 
104006	385851	320601	945	38728	 56 
104568	384475	320601	943	38738	 55 
104604	390008	320601	547	23116	 54 
103605	386462	320601	945	39004	 53 
104563	384614	320601	944	39188	 52 
104619	382802	320601	37	1014	 52 
104617	380973	320601	948	38738	 50 
104550	387689	320601	938	38971	 50 
104608	381464	320601	941	38649	 50 
104537	385181	320601	943	38713	 48 
104627	383647	320601	25	904	 48 
104583	382822	320601	948	39150	 47 
104571	383875	320601	943	38778	 46 
104596	381912	320601	949	39233	 45 
104562	384905	320601	943	38665	 40 
104619	382062	320601	920	37924	 37 
104577	385172	320601	942	39066	 36 
104557	385180	320601	941	39156	 36 
103530	388588	320601	943	39157	 35 
104553	384171	320601	946	38832	 34 
104612	384127	320601	33	945	 33 
104604	381375	320601	945	39121	 31 
104570	385543	320601	940	39081	 31 
104580	382832	320601	942	39194	 30 
104609	380949	320601	951	39305	 26 
103526	389962	320601	942	39089	 25 
104540	390056	320601	535	22041	 20 
104571	383020	320601	947	39060	 16 
104601	382321	320601	926	38461	 16 
103833	387259	320601	943	38969	 16 
104601	381704	320601	947	39253	 8 
104605	385549	320601	537	22434	 2 
104620	383926	320601	15	241	 1 
103533	385452	320601	947	38982	 0 

104875	388580	325011	40	1100	 100 ***
104839	386045	325011	920	38342	 99 
104880	380971	325011	920	38548	 99 
104797	386662	325011	941	38964	 92 
103832	389230	325011	940	38738	 92 
104856	382383	325011	944	39008	 82 
104870	384378	325011	50	1676	 82 
104868	383519	325011	939	38306	 80 
104838	382443	325011	948	38942	 74 
104829	384645	325011	945	38990	 70 
104867	385068	325011	922	38350	 69 
104858	382635	325011	943	39039	 67 
104868	386880	325011	47	1605	 63 
104843	384558	325011	944	38871	 60 
104828	384597	325011	947	38990	 60 
104819	386999	325011	938	38641	 59 
104832	383455	325011	946	38603	 57 
104853	385455	325011	919	38550	 56 
104842	389294	325011	534	22109	 56 
104877	384407	325011	38	1348	 55 
104811	386461	325011	946	38974	 50 
104864	384282	325011	941	38888	 50 
104876	389426	325011	38	1221	 50 
104823	385469	325011	946	39026	 48 
104882	384297	325011	45	1319	 48 
104822	392948	325011	937	38376	 43 
104828	384720	325011	941	38743	 42 
103778	389320	325011	945	38948	 40 
104866	384589	325011	935	38574	 40 
104875	386662	325011	44	1796	 40 
104817	385254	325011	949	39114	 39 
104837	382638	325011	945	39108	 37 
104876	383483	325011	922	38404	 36 
104866	384019	325011	941	38516	 36 
104836	387239	325011	539	22877	 36 
104881	389597	325011	25	1026	 35 
104868	385495	325011	917	38075	 33 
104879	382010	325011	950	39164	 33 
104847	384440	325011	939	38720	 32 
104877	384386	325011	43	1324	 32 
103725	390657	325011	944	39136	 31 
103721	390734	325011	946	38871	 29 
103836	386810	325011	945	39073	 29 
104877	385575	325011	31	900	 29 
103787	386724	325011	947	38982	 28 
104866	384927	325011	937	38270	 28 
104846	385787	325011	940	38763	 25 
104823	385886	325011	928	38435	 22 
103789	387829	325011	945	38658	 22 
104819	386507	325011	944	38673	 20 
104838	386943	325011	921	38637	 18 
104857	387001	325011	547	23174	 1 
104802	390763	325011	939	38346	 0 
104778	387979	325011	941	38590	 0 

104846	375273	322693	939	39088	 96 ***
104810	378143	322693	43	1306	 93 
103749	381522	322693	945	39224	 85 
104781	380826	322693	939	38254	 85 
104810	377226	322693	938	38300	 83 
104788	379213	322693	938	38573	 80 
104835	380738	322693	25	796	 80 
103665	383313	322693	944	38923	 79 
104787	379397	322693	938	38315	 73 
104789	376246	322693	945	38896	 72 
104806	381675	322693	50	2029	 72 
104774	383104	322693	940	38866	 68 
104807	381695	322693	49	1902	 67 
104794	380386	322693	540	22380	 66 
103633	380220	322693	949	39303	 62 
104804	378880	322693	561	23284	 60 
104774	381339	322693	535	22574	 59 
104775	380597	322693	941	38934	 56 
104751	382458	322693	941	38801	 56 
104829	375587	322693	937	38503	 54 
104810	377157	322693	938	38738	 52 
104815	374415	322693	947	39080	 48 
104808	377800	322693	940	38696	 48 
104780	378935	322693	941	38525	 47 
103603	380693	322693	950	39063	 43 
104823	377208	322693	33	1038	 42 
104795	379140	322693	931	38573	 41 
104781	378632	322693	940	38385	 41 
103780	376546	322693	942	39171	 40 
104814	376093	322693	942	39155	 40 
104811	375877	322693	945	38968	 40 
104799	374889	322693	947	38850	 39 
104775	380694	322693	940	38004	 37 
104806	378331	322693	941	38755	 36 
104831	374166	322693	942	38780	 33 
104825	379093	322693	31	542	 31 
104791	378691	322693	939	38759	 29 
104805	378578	322693	940	38254	 29 
104818	378162	322693	33	930	 28 
104794	375826	322693	947	38959	 27 
104816	382650	322693	42	1639	 27 
104769	382053	322693	941	39007	 25 
104819	378115	322693	37	1265	 25 
104830	376492	322693	32	911	 24 
103743	384071	322693	943	38908	 22 
104816	377193	322693	44	1873	 21 
104796	376331	322693	942	38686	 17 
104809	380241	322693	45	1580	 14 
104819	376234	322693	40	1503	 11 
103741	381993	322693	946	38802	 10 
104818	382227	322693	27	1011	 9 
104776	383442	322693	530	21711	 8 

104724	375706	324193	954	39767	 100 ***
104242	383420	324193	946	39348	 99 
104771	374603	324193	951	39601	 98 
104185	376277	324193	954	39772	 98 
104824	375117	324193	39	1118	 98 
104772	380897	324193	940	39000	 94 
104840	372216	324193	945	39715	 94 
104792	372383	324193	949	39320	 94 
104812	375950	324193	44	1504	 92 
103613	379423	324193	951	39777	 91 
104207	376580	324193	953	39464	 83 
104756	375532	324193	954	39805	 81 
103733	377083	324193	953	39681	 79 
104059	377165	324193	947	39102	 75 
103743	376775	324193	948	39630	 74 
104852	372078	324193	946	39549	 71 
104809	379121	324193	40	1069	 71 
104814	376217	324193	41	1313	 70 
104804	373601	324193	945	39045	 67 
104773	376657	324193	944	39117	 65 
104783	373001	324193	954	39664	 59 
103668	376353	324193	954	39783	 58 
104825	373075	324193	41	1114	 56 
104782	377062	324193	926	38616	 54 
104798	376446	324193	927	38876	 53 
104815	375228	324193	25	688	 53 
104797	376979	324193	919	38611	 50 
104815	374812	324193	41	1099	 49 
104804	371692	324193	952	39230	 47 
104760	378664	324193	946	39255	 46 
104817	372565	324193	44	1266	 46 
104783	375149	324193	932	39041	 45 
104765	375401	324193	949	39191	 45 
104785	373848	324193	950	39633	 45 
104747	375896	324193	949	39351	 44 
104788	372990	324193	946	39026	 44 
104780	374337	324193	954	39567	 44 
104811	376697	324193	41	1158	 44 
104782	376289	324193	940	39436	 42 
104763	378917	324193	943	39040	 42 
104822	374196	324193	41	1639	 40 
103727	377947	324193	949	39574	 38 
104767	375633	324193	946	39000	 37 
104745	378685	324193	944	39521	 37 
104810	376622	324193	42	1088	 36 
104799	375072	324193	925	39089	 34 
104797	376819	324193	925	38478	 32 
103742	374551	324193	955	39392	 28 
104829	371504	324193	949	39173	 27 
104775	377728	324193	936	39365	 25 
104817	373885	324193	42	1251	 24 
104758	374233	324193	955	39621	 22 
104030	379913	324193	947	38786	 19 
104778	374500	324193	948	39490	 17 
103645	382879	324193	949	39789	 14 
103594	379556	324193	954	39486	 9 
104762	380069	324193	943	39091	 5 
103735	379026	324193	948	39399	 5 

104056	372482	324690	947	39537	 98 ***
104746	375132	324690	31	896	 96 
104755	371300	324690	946	39762	 94 
104747	371490	324690	34	1002	 93 
104859	369001	324690	942	39225	 92 
104860	370928	324690	939	39294	 90 
104746	373484	324690	32	960	 85 
104848	370803	324690	940	39274	 84 
104810	371056	324690	941	39385	 82 
104870	370388	324690	939	39638	 77 
104745	373063	324690	40	1577	 73 
104031	372888	324690	950	39297	 72 
104738	373853	324690	36	1240	 70 
104821	368639	324690	943	38959	 65 
103638	373069	324690	939	39367	 64 
104808	371301	324690	922	38745	 63 
104816	368134	324690	946	39459	 63 
104733	374330	324690	32	897	 60 
104767	371315	324690	943	39326	 58 
104798	368907	324690	943	39154	 58 
104840	369947	324690	942	39728	 55 
103785	373993	324690	938	39562	 48 
104857	369889	324690	942	39694	 48 
104736	374043	324690	35	1216	 45 
104790	369108	324690	943	39646	 38 
104791	369968	324690	942	38970	 37 
104757	373392	324690	32	902	 35 
104773	370960	324690	951	39742	 32 
104743	373574	324690	32	904	 32 
104739	377611	324690	31	812	 29 
104830	370262	324690	941	39137	 24 
104813	368607	324690	945	39568	 21 
104788	370007	324690	949	39845	 19 
104776	370696	324690	945	39715	 16 
104032	371543	324690	952	39710	 13 
104805	371393	324690	921	39093	 12 
104779	371099	324690	944	39014	 11 
104868	369856	324690	940	38887	 8 
104843	370946	324690	922	39062	 0 

104177	376505	325842	39	1203	 99 ***
104164	375265	325842	40	1260	 96 
105001	372918	325842	38	1182	 92 
104938	373022	325842	946	39533	 89 
104912	373033	325842	955	39846	 89 
104172	378039	325842	20	371	 85 
104171	374911	325842	44	1494	 81 
104980	372519	325842	949	39579	 77 
104920	372606	325842	948	39180	 74 
104919	372217	325842	955	39696	 73 
103827	376493	325842	946	38920	 66 
104182	373283	325842	38	1379	 50 
104180	374607	325842	35	1206	 44 
103782	377202	325842	953	39641	 43 
103891	374306	325842	956	40065	 40 
104917	373093	325842	950	39542	 38 
104920	371833	325842	951	39223	 31 
104181	376455	325842	27	718	 29 
103828	375354	325842	951	39867	 28 
104179	374612	325842	38	1102	 27 
104950	370932	325842	955	39855	 23 
104169	378482	325842	36	1433	 23 
103752	377545	325842	953	39617	 22 
104983	371758	325842	930	39185	 21 

104942	367809	326132	951	40172	 98 ***
104972	368663	326132	932	39747	 98 
104156	368710	326132	955	40226	 98 
104947	367798	326132	942	39730	 88 
104943	368320	326132	947	39536	 82 
104934	368758	326132	944	39643	 80 
104955	369295	326132	941	39167	 65 
104896	369120	326132	954	40061	 61 
104896	367903	326132	951	40116	 61 
104965	367083	326132	952	40162	 58 
104163	370972	326132	31	1153	 50 
104911	369857	326132	947	39064	 48 
104920	368619	326132	948	40103	 47 
104161	369913	326132	32	1404	 46 
104929	369744	326132	931	39500	 38 
104937	369598	326132	943	40149	 34 
103723	370356	326132	945	39639	 28 
104920	369040	326132	947	39668	 24 
104170	371214	326132	30	909	 23 
104921	369285	326132	945	39414	 19 
104911	369152	326132	950	39644	 15 
104169	370848	326132	31	1016	 12 
104158	374719	326132	31	1328	 8 
104928	368881	326132	945	39538	 7 
104180	374260	326132	27	786	 2 
104942	369696	326132	929	39455	 0 

104811	367505	324971	43	1165	 100 ***
104824	363896	324971	45	1118	 93 
104816	364641	324971	47	1484	 92 
104827	363536	324971	43	1058	 91 
104764	366910	324971	931	39612	 89 
104825	367414	324971	29	1107	 88 
104758	366013	324971	946	39353	 85 
104763	365590	324971	943	39835	 81 
104820	363989	324971	45	1322	 80 
104826	367036	324971	40	979	 78 
104798	367343	324971	915	38557	 75 
104789	364048	324971	919	38885	 72 
104813	367250	324971	43	1150	 72 
104816	367206	324971	43	1176	 70 
104817	366634	324971	43	1104	 69 
104830	362755	324971	948	39561	 68 
103757	366067	324971	942	39236	 66 
103586	367578	324971	950	39634	 65 
104848	362446	324971	950	39752	 61 
104759	364431	324971	946	39833	 60 
103753	367311	324971	945	39840	 59 
104808	370217	324971	44	1294	 59 
104825	363478	324971	944	39447	 56 
104795	363682	324971	945	39771	 52 
104808	362771	324971	947	39562	 48 
104817	363494	324971	50	1368	 48 
103667	366861	324971	948	39990	 46 
104786	363122	324971	947	39577	 40 
104772	363045	324971	951	39666	 40 
104815	364296	324971	53	1801	 40 
104808	367168	324971	539	22983	 39 
104790	370785	324971	476	19622	 34 
104813	365425	324971	47	1430	 33 
104765	364021	324971	938	39326	 32 
104784	367305	324971	928	39427	 32 
104824	369898	324971	41	1136	 32 
104754	365612	324971	947	39648	 31 
104775	367436	324971	922	39021	 31 
103624	368132	324971	940	39533	 29 
104820	365622	324971	46	1561	 29 
104810	363730	324971	913	39232	 28 
103809	365336	324971	949	39181	 22 
104749	365000	324971	948	39564	 19 
104769	367006	324971	930	39455	 8 
104818	365974	324971	44	1317	 7 
104782	367708	324971	481	19873	 5 
104760	367351	324971	924	39008	 4 
104833	362262	324971	956	39974	 1 

103700	367910	324325	957	39847	 99 ***
104739	367132	324325	31	1072	 99 
104747	362453	324325	958	39636	 98 
103706	366684	324325	957	39271	 97 
104765	362538	324325	955	39826	 97 
104692	364921	324325	963	40041	 88 
103550	371275	324325	955	39424	 87 
104758	364465	324325	34	1084	 84 
104748	365447	324325	38	1471	 82 
104759	362025	324325	960	39785	 75 
104746	366432	324325	14	592	 69 
104750	362950	324325	952	39554	 68 
104703	363199	324325	954	39327	 64 
104703	364433	324325	960	39644	 62 
104745	365656	324325	39	1321	 61 
104677	365401	324325	961	39800	 59 
103982	366449	324325	955	39961	 58 
104705	364967	324325	952	39749	 55 
104726	367960	324325	932	39440	 50 
104753	363779	324325	37	1141	 49 
104765	364007	324325	34	878	 48 
104710	364405	324325	937	39042	 47 
104781	361939	324325	958	39912	 44 
104686	365188	324325	940	38615	 41 
104732	362994	324325	954	39747	 40 
104751	365534	324325	31	932	 40 
104748	366209	324325	33	881	 39 
104722	363036	324325	950	39598	 35 
103679	369114	324325	958	39630	 34 
104723	367028	324325	935	38789	 34 
104689	364994	324325	955	39655	 32 
104742	365047	324325	574	24219	 29 
104745	362891	324325	957	39501	 28 
104720	364344	324325	953	39944	 24 
103708	365821	324325	957	39544	 23 
104746	362636	324325	959	39813	 15 
104698	364706	324325	954	39150	 14 
104759	362870	324325	957	39811	 13 
104749	366368	324325	29	695	 12 
104731	365479	324325	932	39100	 9 
103574	366263	324325	962	40015	 9 
104755	365192	324325	35	1140	 8 
104749	364349	324325	949	39116	 7 
104669	366055	324325	954	39625	 5 
104729	366207	324325	475	19446	 2 
104767	363185	324325	946	39467	 1 
103530	367871	324325	961	40026	 1 
103675	365701	324325	960	39906	 0 

103613	365980	325358	37	1073	 97 ***
104665	359012	325358	956	39345	 95 
103631	363631	325358	27	767	 95 
103624	364199	325358	29	779	 93 
104639	359601	325358	959	39089	 92 
104705	357514	325358	964	39682	 90 
103627	361781	325358	32	851	 89 
103606	359767	325358	962	39578	 86 
104711	361315	325358	40	1178	 81 
103619	363810	325358	30	1038	 80 
104652	361143	325358	946	39063	 70 
104662	358126	325358	958	38915	 68 
104623	360879	325358	956	39215	 68 
104654	359324	325358	952	38584	 67 
104633	359871	325358	959	39553	 66 
104699	358795	325358	943	38347	 66 
104643	360475	325358	958	39219	 65 
103618	362431	325358	34	867	 64 
103515	361593	325358	960	39667	 57 
104650	358269	325358	964	39724	 53 
104672	359419	325358	945	39027	 53 
104661	359148	325358	959	39390	 50 
103507	362953	325358	960	39741	 48 
103619	363194	325358	33	1061	 46 
103625	363222	325358	29	779	 43 
103634	363225	325358	28	764	 36 
104650	360379	325358	950	38997	 35 
103528	363413	325358	945	38856	 35 
103623	362190	325358	35	881	 35 
104709	362275	325358	14	440	 32 
104650	360608	325358	948	38215	 30 
104698	357821	325358	960	39355	 29 
104708	361445	325358	33	1039	 28 
104649	361357	325358	952	39399	 25 
104647	360047	325358	958	39171	 24 
103624	363957	325358	15	234	 22 
104673	360685	325358	477	20254	 21 
104652	359575	325358	958	38993	 21 
103622	363501	325358	32	817	 19 
104650	360080	325358	957	39542	 17 
103623	362270	325358	30	781	 17 
103618	364440	325358	30	787	 16 
104692	358331	325358	955	39267	 14 
104696	358402	325358	949	38760	 13 
104657	359472	325358	943	38595	 13 
104644	360165	325358	953	39316	 9 
103630	363025	325358	29	779	 9 
104709	358247	325358	957	39364	 7 
104677	358626	325358	954	39481	 7 
104716	360498	325358	938	38364	 3 

104871	359951	329073	951	39341	 99 ***
103792	364376	329073	33	1355	 99 
103801	363213	329073	34	526	 97 
103797	363431	329073	27	1032	 96 
103807	362034	329073	43	1036	 94 
103806	362620	329073	36	1119	 91 
103801	363355	329073	21	1057	 90 
104844	361168	329073	949	38824	 81 
103802	363114	329073	32	1081	 81 
103813	362506	329073	30	944	 75 
104835	359288	329073	966	39868	 73 
104836	361642	329073	957	39082	 70 
104817	361197	329073	959	39605	 70 
104920	358523	329073	958	39707	 68 
104870	359635	329073	953	38786	 67 
104857	360008	329073	957	39468	 67 
104867	361708	329073	947	38378	 64 
104809	359714	329073	961	39703	 62 
104803	361815	329073	958	39239	 60 
104882	358565	329073	961	39452	 56 
104880	361866	329073	943	38857	 56 
104794	361429	329073	962	39652	 53 
104868	358860	329073	954	38869	 51 
104869	358845	329073	963	39720	 50 
104861	359334	329073	958	39344	 46 
104832	361646	329073	957	39390	 44 
104834	359746	329073	958	39176	 44 
104859	358551	329073	964	39403	 44 
104862	360090	329073	954	39147	 36 
104912	359028	329073	953	39199	 32 
103792	363391	329073	40	963	 31 
104070	360810	329073	963	39531	 29 
103794	363324	329073	28	807	 28 
104838	360171	329073	953	38913	 25 
103809	362601	329073	28	815	 23 
103804	363003	329073	962	39699	 19 
104855	359121	329073	964	39750	 18 
104843	360346	329073	951	39086	 13 
103794	363372	329073	39	1159	 12 
103790	365040	329073	28	1036	 10 
103789	362816	329073	964	39819	 9 
104890	362220	329073	34	1315	 6 
104829	361556	329073	958	39655	 1 

104728	349874	325573	955	39040	 100 ***
104704	350841	325573	952	38748	 99 
104648	355879	325573	950	38306	 96 
104669	353052	325573	949	38400	 96 
104660	350999	325573	955	38741	 96 
103649	352557	325573	956	39179	 95 
104704	353425	325573	48	1260	 92 
103639	357317	325573	959	39285	 91 
104664	354993	325573	551	22222	 90 
103640	353481	325573	956	39139	 89 
104673	352639	325573	941	38612	 89 
104722	350784	325573	952	38903	 88 
104644	351837	325573	956	38115	 87 
104699	351528	325573	926	38076	 86 
104727	350574	325573	927	38407	 83 
104658	356512	325573	949	38665	 81 
103620	354967	325573	961	39286	 76 
104657	350790	325573	956	38890	 75 
103655	357652	325573	953	38511	 75 
104671	351823	325573	950	38777	 71 
104676	350421	325573	961	39163	 71 
104659	353272	325573	954	39210	 62 
104673	352405	325573	949	38999	 59 
104689	350273	325573	955	38844	 59 
104647	352058	325573	955	38992	 58 
104716	351063	325573	7	59	 46 
104707	353836	325573	21	310	 45 
103480	356271	325573	964	39229	 36 
104689	350744	325573	957	38840	 36 
103676	354624	325573	954	38824	 35 
103676	351359	325573	958	38752	 33 
104123	351112	325573	961	39224	 33 
103914	353635	325573	952	38792	 31 
104661	354333	325573	555	22701	 29 
104758	349542	325573	959	39197	 26 
104669	351253	325573	951	38970	 24 
104683	349747	325573	958	38741	 23 
104723	350223	325573	955	39075	 17 
103620	358014	325573	959	38921	 16 
103621	357664	325573	952	38889	 15 
104676	351950	325573	924	37380	 12 
104748	349610	325573	958	39330	 10 
104703	350453	325573	954	38855	 8 
104666	353754	325573	944	38933	 3 
104684	351613	325573	576	22433	 3 
104671	353658	325573	938	38564	 2 
104701	351176	325573	928	38405	 0 

104717	344289	324511	565	23061	 95 ***
104712	345899	324511	564	22583	 93 
104743	344380	324511	38	1190	 92 
104745	342194	324511	5	633	 88 
104644	344422	324511	924	38201	 87 
104743	344924	324511	29	564	 86 
104684	344364	324511	945	39082	 72 
104731	345422	324511	34	906	 69 
104711	347456	324511	602	24165	 67 
104664	344325	324511	951	39139	 63 
104692	344904	324511	917	38064	 61 
104104	347404	324511	942	39116	 60 
104728	343958	324511	39	1443	 51 
104732	343405	324511	56	1781	 50 
104727	344154	324511	54	2076	 48 
103582	351154	324511	947	38891	 47 
104695	343514	324511	942	38228	 46 
104743	343682	324511	30	1009	 43 
104672	343033	324511	947	38906	 41 
104731	344547	324511	34	877	 39 
104668	344268	324511	952	39186	 36 
104703	342154	324511	940	38216	 27 
104691	343863	324511	942	38604	 22 
103578	346613	324511	953	38843	 20 
104734	343358	324511	42	1311	 20 
103680	344422	324511	948	38906	 19 
104677	344369	324511	946	38458	 17 
103679	346195	324511	944	38775	 14 
103684	346019	324511	944	37955	 13 
104687	342234	324511	946	38519	 13 
103640	345099	324511	946	39030	 9 
103631	349791	324511	944	38627	 5 
104735	347275	324511	32	849	 4 
104786	342128	324511	948	38810	 3 
104699	348995	324511	569	23505	 2 
104719	348059	324511	463	19976	 1 
104713	345867	324511	596	24843	 1 
104729	347563	324511	35	1439	 0 

104844	343173	324533	945	38835	 99 ***
104835	345158	324533	41	1351	 97 
104864	341798	324533	953	39175	 96 
104874	342829	324533	945	38699	 96 
104851	342501	324533	950	39187	 96 
103762	348877	324533	945	38992	 94 
104866	342438	324533	949	38778	 93 
104822	343522	324533	946	39087	 89 
104794	348374	324533	941	39013	 84 
104899	341894	324533	949	39055	 79 
104823	344011	324533	920	37865	 77 
104846	344651	324533	45	1555	 75 
104898	343285	324533	944	39080	 67 
104836	346169	324533	36	947	 65 
104800	346015	324533	925	38393	 61 
104855	344289	324533	24	716	 61 
104813	343722	324533	948	38815	 60 
104911	343240	324533	943	38743	 60 
104846	346113	324533	24	1066	 59 
104842	342485	324533	951	39145	 57 
104822	344556	324533	932	38417	 55 
104830	344853	324533	42	1686	 52 
104829	347777	324533	47	1551	 51 
104835	342881	324533	951	38996	 50 
104844	345644	324533	25	690	 50 
104847	346254	324533	19	825	 49 
104843	346183	324533	33	843	 48 
103798	344913	324533	948	38681	 46 
103745	346984	324533	952	39163	 46 
103691	350502	324533	948	38947	 44 
104823	343438	324533	931	38795	 43 
104854	342479	324533	947	39029	 41 
104896	343296	324533	944	38571	 37 
104838	344571	324533	562	22367	 37 
103779	346417	324533	949	39100	 35 
104083	347369	324533	942	38951	 32 
104043	347844	324533	945	38605	 31 
103637	350671	324533	953	39071	 29 
104839	347457	324533	30	1091	 28 
104878	342082	324533	951	38417	 26 
104825	343282	324533	947	39142	 25 
104869	344164	324533	918	37623	 24 
104838	344981	324533	41	1086	 24 
104867	342302	324533	948	38534	 20 
104877	342136	324533	949	38533	 19 
104852	344530	324533	45	1344	 18 
104823	342639	324533	953	39183	 17 
103758	344073	324533	956	39165	 15 
103673	347216	324533	950	38860	 15 
104817	345090	324533	928	38364	 14 
104878	343816	324533	928	38352	 14 
104802	342926	324533	955	39242	 10 
103798	345199	324533	947	39051	 9 
104796	343900	324533	934	38305	 6 
104935	343389	324533	917	38211	 6 
104833	347913	324533	37	939	 4 
104814	343398	324533	948	38562	 3 

104778	343614	324558	935	38617	 98 ***
104832	343593	324558	39	1418	 97 
104818	341923	324558	940	39149	 96 
103675	345664	324558	943	39214	 93 
104803	343190	324558	928	38891	 93 
104806	344793	324558	38	961	 92 
103998	344625	324558	943	39298	 91 
104822	343009	324558	40	1128	 91 
104805	345510	324558	39	994	 89 
104828	341898	324558	944	39401	 85 
104799	347299	324558	38	1048	 84 
103612	346055	324558	947	39148	 82 
104799	344417	324558	52	1255	 82 
104807	342960	324558	937	38773	 81 
104799	341396	324558	948	39468	 80 
104791	343096	324558	929	38302	 75 
103743	344494	324558	947	39362	 75 
104860	342146	324558	937	39294	 75 
104799	346232	324558	53	1588	 68 
104765	343606	324558	941	38948	 65 
104831	340760	324558	942	38557	 65 
104796	346299	324558	40	1050	 62 
104769	344270	324558	923	38557	 61 
104759	344137	324558	941	38885	 61 
104769	344926	324558	929	38979	 61 
104800	343846	324558	40	1236	 61 
104797	342252	324558	939	38799	 60 
104784	342500	324558	942	38802	 59 
104812	343359	324558	40	1097	 58 
104787	343151	324558	939	38637	 55 
104768	342068	324558	945	38950	 52 
104824	342243	324558	932	38589	 52 
103774	345071	324558	943	39248	 48 
103723	345517	324558	945	38907	 46 
104761	343410	324558	943	38853	 42 
104858	340908	324558	941	39019	 42 
104773	343074	324558	944	39062	 37 
103999	349826	324558	940	39329	 35 
104186	342187	324558	945	39223	 32 
104810	343981	324558	18	372	 32 
104774	343218	324558	943	38924	 31 
104786	346295	324558	547	22551	 29 
104001	346239	324558	940	38812	 26 
104783	343087	324558	940	38820	 25 
104791	347023	324558	51	1529	 25 
104799	344538	324558	47	1678	 22 
104795	342473	324558	943	39382	 20 
104831	342932	324558	927	38796	 20 
104769	343603	324558	941	39339	 17 
103770	345328	324558	942	38705	 17 
104824	342678	324558	937	39281	 16 
104795	342998	324558	939	38959	 13 
104783	343227	324558	941	39212	 13 
104809	342939	324558	581	23713	 12 
104856	342212	324558	927	38772	 11 
104208	345275	324558	920	38847	 7 
104808	345787	324558	36	1111	 4 
104787	343252	324558	539	22295	 1 
104805	346408	324558	37	986	 0 

103849	342460	325184	945	39555	 99 ***
104809	338259	325184	37	1105	 98 
104800	338653	325184	34	1102	 82 
104919	336994	325184	920	38412	 71 
103746	344365	325184	944	39704	 66 
104294	338339	325184	947	39284	 61 
104788	339530	325184	33	847	 60 
104858	337005	325184	953	39965	 59 
104795	338096	325184	950	39498	 56 
104786	340015	325184	32	961	 56 
104783	343313	325184	943	39671	 53 
104813	338030	325184	947	39576	 53 
104872	336584	325184	949	39553	 52 
103674	344500	325184	946	39750	 52 
104063	341055	325184	947	39450	 39 
104829	338110	325184	946	39369	 35 
104258	340386	325184	947	39283	 30 
104777	339783	325184	946	39800	 29 
104837	337763	325184	948	39742	 24 
104838	337394	325184	912	38298	 24 
104805	342178	325184	19	303	 24 
104859	336796	325184	946	39333	 14 
104848	337018	325184	945	39464	 13 
104799	341714	325184	31	839	 13 
104786	341245	325184	34	944	 12 
104792	338932	325184	35	1213	 11 
104805	337668	325184	949	39367	 10 
104801	337535	325184	952	39576	 5 
104798	342442	325184	28	1251	 5 
103731	339547	325184	950	39830	 4 

104861	335408	326861	951	39446	 98 ***
103923	341585	326861	30	1049	 97 
104905	333291	326861	952	39738	 95 
104897	336078	326861	929	38916	 91 
103852	337117	326861	949	39643	 91 
104949	335403	326861	927	38696	 90 
103866	335645	326861	930	38841	 86 
104982	334793	326861	928	39027	 85 
104879	333304	326861	956	39947	 84 
103826	334850	326861	952	39824	 82 
103928	338626	326861	30	740	 81 
103823	339427	326861	949	39499	 80 
103911	338803	326861	47	1565	 79 
103925	338483	326861	39	1280	 74 
104113	334702	326861	955	40028	 70 
104960	332569	326861	955	39821	 70 
104998	337375	326861	38	1190	 70 
104952	333043	326861	949	39014	 69 
104920	333240	326861	952	39858	 66 
103918	338366	326861	41	1357	 62 
104938	332802	326861	951	39847	 60 
104974	331953	326861	957	39844	 57 
104994	338370	326861	38	1372	 53 
104134	334387	326861	956	39918	 52 
103912	338660	326861	37	1261	 52 
104912	333278	326861	952	39601	 50 
103924	338094	326861	41	1389	 47 
104915	333342	326861	947	39578	 45 
104939	336129	326861	563	24022	 45 
104919	332676	326861	955	39953	 42 
105002	337321	326861	39	1189	 38 
103907	339070	326861	46	1838	 33 
104907	333569	326861	947	39207	 29 
104874	335323	326861	949	39150	 29 
104894	333476	326861	949	39850	 28 
103907	341873	326861	42	1664	 24 
103919	339957	326861	36	1220	 20 
104877	333636	326861	930	38785	 15 
104924	336377	326861	460	19396	 3 
104906	335593	326861	927	39131	 2 

105121	334780	334865	46	1534	 100 ***
105158	334302	334865	926	39193	 98 
104072	335779	334865	956	39672	 98 
105169	333813	334865	948	40035	 97 
105087	338167	334865	561	22688	 96 
105081	339221	334865	946	40238	 94 
103977	336203	334865	953	40257	 92 
105100	338945	334865	42	1415	 91 
104104	334871	334865	956	40320	 88 
104012	339349	334865	949	40301	 88 
104355	338535	334865	950	40147	 86 
105139	333217	334865	949	40046	 84 
105104	335430	334865	39	1135	 76 
105088	335457	334865	951	40161	 72 
105090	335016	334865	951	40301	 68 
105143	332820	334865	952	40219	 64 
105094	337159	334865	949	40220	 60 
105171	333149	334865	950	39676	 59 
105111	337116	334865	24	626	 56 
104090	337264	334865	951	40198	 39 
105112	336891	334865	31	1046	 38 
105207	332752	334865	957	39654	 34 
105153	334537	334865	933	39590	 32 
105108	336470	334865	36	1777	 26 
105107	338827	334865	34	1272	 25 
105116	337894	334865	18	630	 23 
105159	332762	334865	956	40385	 19 
105113	338330	334865	19	515	 16 
105126	333040	334865	956	40132	 15 
105185	333395	334865	464	19832	 15 
104015	335784	334865	952	40295	 11 
105105	339013	334865	33	1198	 11 
105110	333366	334865	949	39594	 7 
105116	335992	334865	34	1113	 7 
105116	335331	334865	947	40078	 5 
105113	338069	334865	18	432	 4 
105209	332205	334865	954	39779	 1 

