#104605	430992	330645	0	0	 73 ***
#104576	433355	330645	0	0	 72 
#105626	427971	330645	0	0	 40 
#105573	430048	330645	0	0	 39 
#105642	425806	330645	0	0	 25 
#105621	429230	330645	0	0	 25 
#105603	429485	330645	0	0	 22 
#104408	433747	330645	0	0	 18 
#105586	429763	330645	0	0	 15 
#105634	426039	330645	0	0	 1 

105413	419045	331743	979	41479	 94 ***
105406	420929	331743	979	41687	 89 
104376	430171	331743	972	40577	 86 
104405	425378	331743	27	989	 85 
104369	430631	331743	972	41318	 81 
104304	426511	331743	977	41423	 78 
104410	422837	331743	33	1273	 76 
105481	420512	331743	969	40641	 75 
104406	423641	331743	8	360	 72 
104411	423601	331743	27	963	 70 
105415	419768	331743	977	41373	 68 
104384	426203	331743	976	41391	 66 
104223	425165	331743	978	41289	 54 
105494	420824	331743	492	21193	 51 
104386	425038	331743	979	41595	 41 
104402	424693	331743	33	701	 35 
104400	426275	331743	27	722	 34 
105417	419434	331743	977	41346	 33 
104412	421081	331743	33	1034	 31 
105445	421046	331743	974	41118	 20 
104417	422720	331743	27	1031	 14 
105456	418179	331743	974	41213	 11 
105448	419297	331743	978	41441	 8 
104411	421470	331743	32	1035	 0 

105298	414121	330379	37	1160	 90 ***
105276	420125	330379	961	40317	 87 
105292	416108	330379	958	40370	 80 
104172	421632	330379	971	41112	 80 
104252	420887	330379	962	41029	 74 
105286	419067	330379	43	1383	 74 
105282	420588	330379	949	40324	 68 
105299	415651	330379	35	1047	 68 
105351	413683	330379	966	40776	 62 
105275	416689	330379	971	41112	 61 
105277	413700	330379	961	40662	 58 
105295	421379	330379	34	863	 56 
105267	419744	330379	965	40340	 55 
105286	417627	330379	959	40579	 55 
104179	416812	330379	966	40835	 51 
105287	416258	330379	43	1422	 42 
105309	415341	330379	36	1093	 33 
105297	419890	330379	36	1418	 27 
105299	419958	330379	34	1030	 21 
105277	419502	330379	964	40653	 20 
105306	420603	330379	31	909	 17 
105292	416247	330379	37	1063	 14 

105073	404720	322844	958	40249	 100 ***
105034	407967	322844	34	822	 100 
105014	407552	322844	967	40791	 97 
104992	409440	322844	964	40512	 95 
105021	412821	322844	32	694	 87 
105022	411519	322844	36	1165	 83 
105011	411099	322844	955	40441	 71 
105004	415603	322844	487	20628	 70 
105018	410907	322844	562	23782	 70 
105041	411100	322844	11	212	 69 
105025	408651	322844	37	802	 66 
105000	408531	322844	964	40306	 64 
105011	412016	322844	940	39937	 63 
104996	413835	322844	955	40590	 61 
104987	410304	322844	956	40354	 60 
103996	410444	322844	968	40627	 60 
103879	411479	322844	963	40766	 59 
105004	409205	322844	962	40493	 59 
105010	409939	322844	956	40319	 58 
105023	409053	322844	35	1019	 57 
105028	408044	322844	38	1282	 56 
105031	407611	322844	962	40424	 50 
103847	414659	322844	967	40833	 48 
105043	404032	322844	964	40430	 48 
105020	410754	322844	39	1224	 48 
104259	416235	322844	945	40256	 47 
105023	409927	322844	20	626	 43 
103889	413769	322844	960	40399	 38 
103986	410866	322844	964	40787	 34 
103852	416632	322844	956	40180	 33 
104268	410328	322844	959	40258	 32 
103861	413205	322844	967	40491	 31 
103862	414235	322844	959	39978	 29 
104007	409628	322844	964	40201	 25 
105036	407360	322844	36	1040	 24 
105019	411615	322844	36	1047	 20 
105024	408215	322844	962	40772	 19 
105032	406348	322844	37	1156	 19 
105021	409633	322844	937	39754	 18 
105017	409051	322844	963	40696	 14 
105025	408347	322844	959	39443	 13 
105026	408353	322844	34	1274	 10 
105022	408404	322844	38	987	 3 
105055	404500	322844	960	40428	 0 

104921	397578	321079	953	39882	 98 ***
104831	399753	321079	955	40093	 91 
104881	397349	321079	954	39868	 90 
104809	403220	321079	950	39575	 87 
104849	402791	321079	928	39293	 84 
104848	397774	321079	959	39949	 78 
104814	399994	321079	955	39684	 76 
104841	398374	321079	953	39872	 75 
104886	399127	321079	36	1045	 75 
103690	404787	321079	944	39595	 73 
104833	399912	321079	953	39969	 67 
104889	398592	321079	38	1105	 67 
103800	403175	321079	958	40155	 65 
104837	399496	321079	953	39736	 62 
103837	400697	321079	960	39996	 54 
104082	400764	321079	957	40069	 54 
103800	403649	321079	952	39990	 54 
104841	399700	321079	951	39538	 54 
104894	400258	321079	10	451	 54 
104860	401776	321079	926	38982	 49 
104842	399122	321079	952	39446	 49 
104822	401418	321079	939	39477	 35 
104882	402321	321079	39	1083	 34 
104829	399634	321079	958	39402	 33 
103819	401071	321079	954	39638	 31 
104827	400105	321079	931	39235	 31 
104852	399329	321079	951	39747	 27 
104862	395910	321079	955	39991	 21 
104853	399535	321079	927	39284	 18 
104826	401182	321079	946	39523	 17 
104888	397939	321079	951	40044	 16 
104896	398105	321079	37	1075	 15 
104862	398084	321079	952	39685	 12 
104078	401925	321079	952	39467	 12 
104893	398396	321079	37	1046	 11 
104297	401566	321079	951	39955	 8 
104874	397626	321079	953	39718	 8 
104815	402888	321079	942	39066	 6 
104881	400328	321079	564	24287	 6 
104822	401360	321079	952	39878	 5 
104835	401889	321079	929	39325	 4 
104864	402330	321079	479	20153	 3 

104840	393986	321290	483	20540	 83 ***
103721	395106	321290	948	39542	 77 
104845	394334	321290	43	1158	 74 
104809	391000	321290	947	39472	 71 
104217	395910	321290	931	39640	 71 
104785	393713	321290	936	39250	 69 
104866	392502	321290	45	1288	 69 
104779	393227	321290	946	39584	 66 
104766	394098	321290	921	39112	 62 
104850	393064	321290	43	1152	 59 
104802	400203	321290	549	22131	 56 
104758	393531	321290	943	39147	 54 
104859	392553	321290	45	1085	 54 
104848	396409	321290	22	667	 53 
104787	392583	321290	949	38995	 52 
103596	399252	321290	949	39778	 51 
103743	399350	321290	946	39639	 49 
104849	393962	321290	52	1586	 45 
104838	390655	321290	946	39359	 44 
103746	397695	321290	943	39464	 34 
104809	394155	321290	539	22982	 34 
104788	391264	321290	947	39206	 32 
104809	393092	321290	917	38445	 30 
104843	396157	321290	49	1074	 29 
104857	395705	321290	19	515	 25 
104794	393434	321290	945	39182	 24 
103745	396736	321290	947	39014	 20 
104771	394386	321290	920	39155	 19 
104745	396679	321290	927	39219	 18 
104764	393461	321290	949	39779	 18 
104760	391999	321290	953	39643	 15 
102926	396637	321290	951	39575	 13 
104821	396560	321290	483	20841	 8 
104791	393511	321290	919	38690	 6 
104796	392575	321290	925	39372	 4 
104735	393669	321290	944	39445	 4 
104819	392601	321290	541	22294	 4 

104555	385582	318893	943	39179	 97 ***
104543	387369	318893	940	39342	 96 
104572	392453	318893	36	1423	 96 
104525	387418	318893	940	38985	 95 
104575	392278	318893	32	1037	 93 
104593	389617	318893	27	722	 92 
104480	388309	318893	946	39406	 90 
104539	390583	318893	915	37902	 89 
104533	389545	318893	929	38526	 87 
103367	393458	318893	946	38764	 79 
104605	388051	318893	479	20113	 78 
104524	392123	318893	531	22627	 78 
104522	387680	318893	946	38917	 77 
104525	390596	318893	934	38808	 75 
104573	389917	318893	33	931	 74 
104551	387062	318893	919	38864	 71 
104531	387105	318893	944	39223	 71 
104488	388666	318893	944	38771	 70 
103729	388557	318893	947	39498	 69 
103375	394375	318893	941	39106	 66 
104573	389653	318893	33	974	 66 
104547	387049	318893	944	39199	 65 
104529	390319	318893	938	38356	 59 
104509	388023	318893	944	39066	 59 
104588	385041	318893	948	39223	 59 
104534	390257	318893	916	38232	 59 
104594	392454	318893	24	378	 58 
104551	391535	318893	476	19614	 57 
104514	392029	318893	562	23704	 57 
104508	390690	318893	926	38860	 56 
104583	389793	318893	32	930	 56 
104580	391458	318893	32	936	 54 
104520	387683	318893	945	38973	 53 
103478	390724	318893	945	38514	 46 
104590	388971	318893	34	999	 43 
104599	385332	318893	945	38554	 42 
104526	387125	318893	947	39310	 38 
104580	394833	318893	24	713	 36 
104553	386834	318893	947	39360	 35 
104495	388400	318893	940	38974	 34 
104583	390186	318893	32	919	 31 
104536	387782	318893	917	38295	 30 
104570	391588	318893	38	1209	 29 
104580	390636	318893	28	870	 28 
104565	386429	318893	942	39168	 27 
103508	390027	318893	945	39277	 23 
104527	388979	318893	939	38955	 22 
104525	384968	318893	950	39313	 20 
104569	391342	318893	478	20078	 20 
104516	387593	318893	950	39415	 18 
104527	386074	318893	948	38747	 15 
104600	389462	318893	33	1174	 15 
104505	388139	318893	948	38959	 14 
104533	388176	318893	930	38651	 12 
104521	390232	318893	939	39070	 10 
103473	391373	318893	939	38816	 7 
103959	390142	318893	941	38817	 3 

104561	391115	320601	940	38546	 98 ***
104577	384563	320601	942	39189	 98 
104578	381011	320601	947	39226	 95 
104624	380264	320601	41	1236	 95 
104609	384066	320601	37	929	 88 
104564	392556	320601	939	38687	 87 
104567	385845	320601	939	38484	 84 
103570	385095	320601	951	39084	 83 
104573	383957	320601	943	38673	 81 
104608	383801	320601	43	1238	 76 
104553	387332	320601	941	38472	 70 
104615	384295	320601	32	848	 69 
103474	389035	320601	941	38930	 68 
104572	384623	320601	478	19758	 68 
104545	381906	320601	944	38222	 67 
104593	384689	320601	477	19845	 66 
104565	386411	320601	938	38484	 61 
104579	383694	320601	941	38343	 56 
104590	384564	320601	940	39162	 55 
103595	386289	320601	943	38804	 47 
104590	380814	320601	930	38650	 46 
104608	383362	320601	43	1358	 46 
104564	387088	320601	941	38739	 42 
104606	385010	320601	36	955	 42 
104581	381378	320601	945	39239	 38 
104595	383421	320601	481	19916	 31 
103405	389481	320601	948	39190	 29 
104626	385033	320601	27	777	 29 
104570	388098	320601	934	38819	 28 
103808	384928	320601	949	39377	 19 
103828	383965	320601	944	38503	 19 
104613	382850	320601	37	1100	 7 
103824	385492	320601	942	38816	 3 
103559	386859	320601	948	39239	 2 
104580	383002	320601	943	39081	 0 
104613	381055	320601	35	968	 0 

104903	383291	325011	938	38646	 89 ***
104875	383912	325011	938	38758	 81 
104822	385927	325011	54	1739	 81 
104938	385340	325011	931	38644	 79 
104849	385901	325011	939	38926	 79 
103813	387800	325011	941	38755	 79 
104906	384635	325011	935	38827	 79 
104868	383501	325011	939	38843	 77 
103803	384676	325011	943	38360	 74 
104904	382135	325011	941	38562	 72 
104828	387405	325011	31	1136	 68 
104804	388526	325011	43	1340	 67 
104832	385189	325011	941	38916	 62 
104871	383283	325011	941	38315	 60 
104810	388072	325011	933	38925	 55 
104077	391457	325011	940	38781	 54 
104804	388413	325011	34	1174	 52 
104817	386657	325011	34	1301	 50 
104833	383227	325011	944	38691	 48 
103718	391334	325011	944	39133	 45 
104863	384039	325011	940	38925	 41 
104829	386011	325011	34	947	 41 
103837	382858	325011	948	39088	 40 
104867	381900	325011	942	38878	 40 
104851	383204	325011	943	38504	 35 
104812	386148	325011	43	1532	 34 
104888	385912	325011	933	38720	 33 
104857	382879	325011	944	38898	 32 
104838	385164	325011	941	38402	 31 
104900	381661	325011	951	38995	 27 
104847	384422	325011	941	38522	 24 
103770	387593	325011	950	38740	 21 
104819	389118	325011	29	888	 21 
104858	383097	325011	942	38709	 20 
103792	386211	325011	945	39017	 20 
104815	386141	325011	41	1403	 20 
104846	384560	325011	943	38410	 12 
103731	389506	325011	943	38863	 11 
104868	384652	325011	935	38695	 9 
104085	390160	325011	940	38875	 7 
104816	387666	325011	32	1074	 1 
104856	384509	325011	938	38384	 0 

104865	376651	322693	39	1021	 100 ***
104822	376894	322693	934	38853	 97 
104782	378556	322693	926	38692	 97 
104821	377254	322693	943	38499	 91 
103650	384325	322693	942	39092	 89 
104775	378789	322693	925	38580	 89 
104755	378343	322693	949	39155	 87 
104844	375431	322693	941	39041	 85 
104756	383247	322693	941	38229	 85 
104846	379908	322693	581	24371	 83 
104780	376578	322693	946	38635	 80 
104831	376206	322693	940	38707	 79 
104760	380951	322693	942	38805	 75 
104848	378033	322693	918	38332	 71 
104857	379253	322693	44	1524	 71 
104794	381303	322693	529	22336	 68 
104206	378875	322693	950	39356	 67 
104854	374594	322693	945	38689	 66 
104854	376134	322693	938	39047	 65 
104836	380275	322693	917	38116	 63 
104229	383558	322693	938	38302	 61 
104763	377941	322693	933	38666	 60 
104855	377717	322693	47	1739	 60 
104822	375555	322693	943	38622	 57 
104857	377639	322693	31	937	 57 
104224	383854	322693	941	38818	 54 
103623	381481	322693	947	38998	 52 
104811	377525	322693	919	38644	 49 
104795	379263	322693	923	38613	 47 
103664	379615	322693	950	38717	 47 
103764	379057	322693	945	38730	 46 
104861	377196	322693	50	1458	 41 
104790	376930	322693	944	38867	 40 
104799	377815	322693	922	38742	 40 
104824	374121	322693	949	39244	 38 
104775	377638	322693	941	38850	 37 
104841	375142	322693	944	38773	 33 
104881	376340	322693	40	1530	 33 
103716	383236	322693	945	38325	 30 
103755	384549	322693	930	38783	 29 
104779	381224	322693	924	38443	 27 
104763	379184	322693	936	38161	 27 
103763	380888	322693	948	39194	 26 
104784	376386	322693	946	39172	 25 
104781	376041	322693	949	39316	 25 
104786	376022	322693	948	39193	 23 
104792	377558	322693	943	39032	 21 
103650	380786	322693	949	39292	 20 
104842	380437	322693	913	38175	 20 
104792	376849	322693	945	39257	 19 
104804	375168	322693	944	38798	 19 
104796	377701	322693	940	38785	 19 
104752	380793	322693	943	38943	 18 
104784	377167	322693	945	38983	 14 
104750	379717	322693	944	39166	 14 
104788	382387	322693	545	23485	 14 
104233	382364	322693	942	38692	 11 
104766	377236	322693	947	38859	 10 

104800	373065	324193	951	39504	 96 ***
104812	374554	324193	943	39317	 96 
104829	373918	324193	945	38926	 92 
104792	373255	324193	953	39718	 89 
104814	373025	324193	948	39669	 88 
104786	375353	324193	932	39182	 85 
104827	376041	324193	42	1587	 78 
104771	374036	324193	950	39328	 75 
104786	374096	324193	949	39238	 74 
103777	378577	324193	946	39545	 74 
104761	375209	324193	936	38980	 71 
104815	374348	324193	944	39479	 66 
104793	373377	324193	949	39515	 63 
104791	373306	324193	953	39486	 59 
104042	377179	324193	944	39023	 52 
103650	381241	324193	953	39404	 52 
103997	377013	324193	947	39557	 48 
104787	373567	324193	951	39127	 47 
104789	373452	324193	950	39533	 47 
104772	374545	324193	944	39437	 46 
103718	377386	324193	952	39407	 42 
104811	374520	324193	946	38970	 41 
104798	372471	324193	953	39619	 37 
104818	372316	324193	947	39451	 35 
104805	375027	324193	942	38535	 30 
104784	376084	324193	929	38410	 29 
104813	374885	324193	934	38925	 29 
104756	373213	324193	956	39388	 27 
103666	380525	324193	950	39723	 26 
104831	372981	324193	926	38784	 26 
104749	373693	324193	952	39243	 26 
104807	371561	324193	949	39357	 22 
104817	374343	324193	945	38865	 20 
103629	379048	324193	960	39909	 19 
103774	374989	324193	949	39513	 12 
104834	371998	324193	17	295	 11 
104772	374387	324193	948	39163	 10 
103702	379807	324193	943	39079	 9 
104808	374841	324193	936	39091	 5 
103723	375070	324193	951	39326	 2 
104814	382513	324193	486	20229	 1 
104780	378684	324193	539	23207	 1 

103650	376159	324690	946	39558	 100 ***
104786	370666	324690	947	39353	 98 
104809	376252	324690	35	968	 90 
104792	368073	324690	915	38733	 88 
104813	377360	324690	30	1152	 84 
104786	376009	324690	552	22881	 80 
104832	367626	324690	945	39279	 77 
104770	375711	324690	939	39493	 76 
104796	371373	324690	36	1028	 74 
104777	370683	324690	944	39656	 70 
104811	371470	324690	35	968	 68 
103590	373779	324690	948	39478	 65 
104806	370638	324690	41	1237	 61 
104800	377584	324690	35	964	 59 
104762	371309	324690	949	39919	 56 
104781	373965	324690	934	39206	 53 
104770	371875	324690	943	39236	 51 
104793	374144	324690	552	24202	 49 
103757	372458	324690	946	39564	 46 
104780	374658	324690	928	38444	 45 
104765	373595	324690	942	39576	 38 
104008	377324	324690	940	39293	 38 
104802	376316	324690	34	960	 31 
104792	370793	324690	938	39229	 24 
104772	371555	324690	945	39493	 17 
104807	370061	324690	37	1007	 16 
104770	371881	324690	938	39275	 15 
104747	373764	324690	945	39457	 13 
103707	373833	324690	941	39204	 2 

103751	378395	325842	32	918	 89 ***
104971	371578	325842	954	39356	 87 
104926	372902	325842	950	39558	 83 
103740	376131	325842	37	1100	 80 
104948	371874	325842	950	39839	 79 
104932	372359	325842	951	39332	 79 
104929	371860	325842	956	39441	 75 
104923	374933	325842	937	39083	 71 
104364	374033	325842	952	39367	 71 
104933	373026	325842	948	39646	 67 
104902	372270	325842	955	39736	 59 
103753	376665	325842	29	894	 57 
104956	372453	325842	949	39514	 55 
104943	373009	325842	39	1061	 48 
104893	374027	325842	947	39677	 42 
104891	374628	325842	949	39742	 41 
104912	372429	325842	953	39819	 41 
103753	375211	325842	37	1513	 40 
104910	371912	325842	954	39962	 38 
104932	373608	325842	944	39790	 36 
104952	371359	325842	956	40016	 35 
104943	374207	325842	937	39383	 33 
103827	374207	325842	951	39637	 32 
104900	373918	325842	949	39926	 28 
103751	378589	325842	14	646	 20 
104942	374505	325842	41	1301	 19 
104936	375175	325842	932	39647	 18 
104876	373692	325842	956	39630	 17 
104977	372681	325842	937	39711	 14 
103730	378153	325842	954	39928	 12 
103766	376326	325842	32	918	 11 
104911	373069	325842	949	38967	 4 
103764	376398	325842	34	1221	 1 

104931	366775	326132	950	40001	 92 ***
104869	370038	326132	953	40219	 90 
104877	369920	326132	947	39620	 87 
103756	370351	326132	41	1375	 85 
104949	367965	326132	949	40101	 75 
103766	375738	326132	20	960	 74 
104959	367471	326132	944	39789	 66 
104951	368668	326132	38	1274	 60 
104948	369156	326132	941	38979	 53 
104924	368281	326132	949	39887	 53 
104906	368048	326132	951	39943	 51 
104942	368441	326132	947	39862	 50 
103748	371022	326132	38	1378	 47 
104943	369414	326132	932	39709	 34 
104940	369658	326132	558	23818	 34 
104948	370608	326132	40	1202	 29 
104941	368480	326132	948	40072	 27 
104901	368647	326132	945	39179	 26 
104945	368214	326132	943	39255	 26 
104896	369292	326132	948	39423	 23 
104921	368588	326132	946	39986	 22 
104946	369235	326132	939	39808	 21 
103761	371100	326132	35	1161	 21 
104932	369856	326132	932	39272	 20 
104915	368613	326132	946	39974	 14 
104947	369303	326132	42	1213	 14 
103757	373552	326132	27	525	 11 
104937	369292	326132	942	39408	 10 
104907	370038	326132	944	39400	 10 
103742	371362	326132	30	965	 6 
104948	368179	326132	948	40102	 5 
104928	369902	326132	944	39235	 5 

104798	363114	324971	13	491	 98 ***
103590	370931	324971	941	39456	 92 
103720	368219	324971	943	39367	 90 
104791	364768	324971	49	1445	 86 
104788	364073	324971	943	39745	 84 
104009	369127	324971	939	39300	 79 
104794	364229	324971	32	890	 77 
104787	365115	324971	47	1369	 75 
104797	363490	324971	951	39812	 73 
103723	368021	324971	951	39827	 58 
104798	367089	324971	31	751	 50 
104781	364107	324971	915	38364	 49 
103735	363956	324971	948	39811	 48 
104754	364150	324971	550	22634	 48 
104755	365355	324971	544	23921	 46 
104739	368159	324971	939	39715	 40 
103624	368698	324971	953	39991	 39 
104797	363355	324971	951	39727	 35 
104790	363924	324971	946	39541	 34 
104799	362728	324971	48	1303	 33 
103730	367368	324971	948	39774	 20 
103963	367883	324971	946	39577	 18 
104798	363638	324971	54	1405	 9 
103718	369474	324971	941	39637	 7 
104005	365952	324971	941	39639	 2 
104753	366046	324971	550	23598	 2 
104791	365393	324971	40	1025	 0 

104722	364373	324325	45	1156	 98 ***
103534	367797	324325	945	39265	 92 
104723	364224	324325	40	1143	 91 
104689	367936	324325	566	23053	 89 
104727	367322	324325	29	1049	 88 
103983	364840	324325	955	39300	 86 
103723	366292	324325	953	39041	 83 
103916	365228	324325	954	39427	 82 
103678	364946	324325	955	39791	 81 
104721	363779	324325	952	39594	 79 
104727	363218	324325	43	1165	 77 
104738	365244	324325	19	962	 75 
104704	366653	324325	554	23675	 69 
104731	364152	324325	37	1162	 66 
104718	364467	324325	940	39150	 63 
104720	362852	324325	958	39510	 61 
103965	363078	324325	957	40031	 56 
104723	364817	324325	40	1014	 56 
104783	362490	324325	955	39618	 54 
104723	363728	324325	38	1145	 54 
104732	363443	324325	26	705	 52 
104127	368895	324325	939	39432	 51 
104724	362985	324325	943	39188	 51 
104687	367266	324325	950	39809	 50 
104724	368074	324325	35	984	 47 
104746	362047	324325	960	39785	 46 
104717	364015	324325	956	39503	 44 
104730	364660	324325	36	1052	 42 
104160	365813	324325	951	39223	 40 
104716	364789	324325	950	39069	 40 
104733	365642	324325	20	271	 36 
104719	364024	324325	953	39766	 33 
104719	365224	324325	46	1400	 31 
104717	365417	324325	41	1140	 30 
104735	364126	324325	25	576	 27 
103668	365831	324325	957	39721	 23 
104704	366508	324325	552	22927	 20 
104717	366834	324325	49	1210	 19 
103653	365328	324325	961	39955	 18 
104754	362521	324325	954	39925	 12 
103679	367457	324325	954	39795	 11 
104717	364768	324325	954	39543	 10 
104740	362423	324325	959	39586	 5 

104705	358062	325358	956	38988	 100 ***
104658	358440	325358	966	39658	 96 
104634	360688	325358	555	22296	 93 
104689	358382	325358	955	39225	 91 
104627	362881	325358	563	22953	 91 
104654	361110	325358	34	980	 89 
104638	360245	325358	941	38764	 85 
104655	358555	325358	9	161	 76 
104653	362458	325358	43	1351	 62 
104648	360851	325358	46	1453	 54 
104614	361078	325358	564	23365	 47 
103503	364093	325358	961	39428	 43 
104626	360505	325358	963	39661	 40 
103508	362768	325358	947	38658	 39 
104664	358239	325358	957	38994	 39 
104682	358465	325358	954	39233	 35 
104651	359546	325358	962	39657	 35 
103484	366339	325358	956	39471	 34 
104692	357035	325358	963	39658	 33 
104708	357706	325358	960	39465	 26 
104637	360304	325358	930	39000	 18 
104628	359663	325358	947	39159	 14 
103636	361058	325358	956	38579	 7 
103582	362438	325358	952	39250	 1 
103627	362340	325358	952	38723	 0 

104889	360310	329073	24	507	 96 ***
104277	361647	329073	937	38653	 88 
104884	358921	329073	963	39626	 80 
104828	359829	329073	956	39593	 79 
103808	365698	329073	960	39777	 71 
104886	359050	329073	956	39242	 68 
104822	364915	329073	566	22507	 63 
103856	363047	329073	959	39549	 62 
104064	361665	329073	962	39396	 58 
104819	359240	329073	960	39591	 57 
104047	366554	329073	958	39610	 56 
104899	359296	329073	36	890	 48 
103813	363223	329073	960	39346	 43 
103777	359965	329073	968	39817	 40 
104808	366371	329073	560	22381	 40 
104851	359582	329073	958	39013	 33 
104801	361472	329073	962	39871	 33 
104842	360584	329073	569	23120	 27 
104833	362260	329073	567	23294	 24 
104894	358128	329073	926	38171	 23 
104890	361296	329073	21	753	 20 
104831	359718	329073	929	38745	 18 
103690	363224	329073	962	39714	 17 
104859	359039	329073	958	39692	 17 
104826	360946	329073	958	38727	 14 
104835	362978	329073	546	22014	 10 
104809	361019	329073	958	39344	 8 
103676	363301	329073	961	39660	 5 
104876	358950	329073	966	39671	 1 
104881	360795	329073	43	1248	 0 

104727	352494	325573	35	855	 98 ***
104712	351328	325573	948	38519	 96 
104133	356728	325573	948	38988	 95 
104686	352037	325573	948	38840	 94 
104716	351385	325573	947	37980	 92 
104685	351143	325573	957	38831	 86 
104695	351406	325573	952	38759	 83 
104740	349877	325573	31	864	 83 
104733	351305	325573	32	1051	 80 
103515	354703	325573	952	38806	 78 
103472	351566	325573	959	38704	 77 
104709	350136	325573	955	38776	 77 
104712	350616	325573	950	38859	 73 
104732	355614	325573	21	488	 71 
104735	351753	325573	30	912	 70 
104686	354679	325573	565	21929	 67 
104676	352474	325573	575	23012	 64 
104702	351520	325573	933	38157	 63 
104689	352362	325573	941	38738	 62 
104690	350785	325573	954	38789	 57 
104661	351569	325573	954	38825	 57 
104680	352138	325573	952	38885	 56 
104728	352031	325573	27	820	 56 
104714	350886	325573	949	38767	 54 
104676	350482	325573	960	38852	 50 
104722	350811	325573	943	38562	 49 
104673	353040	325573	931	37852	 49 
104621	351149	325573	955	38777	 47 
104682	350518	325573	959	38997	 46 
104734	349692	325573	34	898	 44 
104736	353164	325573	23	735	 43 
104739	352194	325573	26	788	 42 
104661	354964	325573	561	22130	 41 
104639	352732	325573	948	38975	 38 
104684	351064	325573	958	38790	 37 
104738	351626	325573	28	845	 36 
104674	353963	325573	568	22659	 35 
104730	349769	325573	36	1200	 32 
104722	349024	325573	952	38728	 30 
103929	357793	325573	947	38763	 28 
103630	353918	325573	952	38747	 28 
104733	353994	325573	26	766	 26 
104700	351997	325573	949	38576	 20 
104682	352398	325573	951	38273	 16 
104663	353799	325573	943	38214	 13 
103914	352686	325573	951	38892	 12 
104673	352146	325573	953	38409	 12 
104675	350876	325573	962	39271	 6 
104706	350256	325573	955	38737	 6 
103559	352333	325573	954	39107	 3 
104697	350255	325573	961	39226	 3 
104662	354933	325573	564	22245	 3 

104654	347329	324511	944	38800	 100 ***
104689	343129	324511	948	38868	 96 
104138	344596	324511	951	38674	 92 
104650	343896	324511	954	39027	 87 
104724	342197	324511	951	39153	 87 
104695	343030	324511	926	38572	 85 
104692	342434	324511	950	38734	 81 
104717	342702	324511	945	38406	 79 
104775	342398	324511	938	38457	 76 
104734	343335	324511	47	1568	 76 
104739	343932	324511	30	665	 75 
103648	347125	324511	953	39015	 69 
103497	347438	324511	948	39161	 60 
104661	344487	324511	584	23311	 58 
104662	345083	324511	562	22624	 55 
103670	345307	324511	948	39271	 54 
104742	345175	324511	28	763	 45 
104680	343597	324511	944	38627	 41 
104674	344203	324511	946	38625	 40 
104661	345513	324511	945	38841	 37 
103666	346432	324511	951	39000	 36 
104732	344240	324511	35	1099	 35 
104732	344642	324511	39	1396	 34 
104739	343356	324511	33	847	 33 
104732	342022	324511	949	39197	 31 
104729	345619	324511	48	1658	 30 
103560	347466	324511	942	38420	 26 
104745	342316	324511	947	39135	 23 
104658	346432	324511	942	38816	 22 
104746	342641	324511	53	1754	 21 
104710	342740	324511	946	38937	 18 
104661	344417	324511	579	23274	 14 
104671	344024	324511	952	38657	 9 
104686	343605	324511	943	38392	 5 
104683	343421	324511	952	38867	 0 

104829	342279	324533	946	38956	 100 ***
104843	341420	324533	947	38512	 98 
104779	345766	324533	29	805	 95 
104824	342210	324533	951	38936	 93 
104262	344928	324533	941	38551	 93 
104775	342543	324533	41	1262	 88 
104771	345521	324533	34	1098	 86 
104786	342599	324533	36	1438	 80 
104872	341202	324533	953	38929	 75 
104780	345552	324533	31	1208	 75 
103743	348025	324533	943	38168	 71 
104776	343509	324533	37	1550	 69 
104781	343886	324533	33	1116	 60 
103771	344803	324533	949	38721	 58 
104769	346000	324533	30	1056	 54 
104783	347460	324533	24	1121	 52 
104781	344877	324533	30	827	 45 
104773	344385	324533	41	1329	 41 
104777	345841	324533	33	1206	 37 
104777	343254	324533	35	1338	 36 
104794	345192	324533	28	896	 31 
104786	343814	324533	34	1070	 28 
104021	344426	324533	950	38871	 21 
103716	346855	324533	952	39001	 20 
104765	344219	324533	42	1743	 19 
103753	345437	324533	940	38739	 13 
103702	347099	324533	949	39072	 13 
104769	347299	324533	28	1011	 9 
104881	341016	324533	940	38570	 1 
103673	348779	324533	944	39101	 1 

104022	344134	324558	946	39127	 95 ***
104790	344176	324558	935	39013	 94 
104810	346477	324558	35	941	 94 
103774	347082	324558	931	38062	 93 
104798	344504	324558	39	1153	 92 
104798	344499	324558	36	953	 89 
103585	348168	324558	938	38897	 87 
103766	343994	324558	947	39157	 81 
104869	341397	324558	942	39253	 80 
104772	345209	324558	938	39147	 74 
104851	342362	324558	922	38378	 70 
104007	344566	324558	943	39275	 68 
104734	342833	324558	940	39180	 66 
104819	341299	324558	948	39513	 66 
103730	346888	324558	940	38890	 65 
104778	344544	324558	938	39005	 65 
103749	346081	324558	940	38453	 64 
104227	345630	324558	940	39177	 63 
104786	344980	324558	933	38254	 62 
104030	344441	324558	943	39294	 61 
104782	341933	324558	947	39145	 61 
104789	346998	324558	930	38966	 51 
104850	340814	324558	943	39270	 50 
104789	343621	324558	936	38983	 49 
104769	345055	324558	939	38983	 43 
104794	341380	324558	943	39367	 42 
104267	343395	324558	950	39522	 41 
104830	341314	324558	946	39003	 40 
104794	345159	324558	39	932	 39 
103717	346001	324558	944	39115	 35 
104789	344994	324558	45	1510	 35 
104788	347080	324558	47	1526	 34 
104836	341293	324558	944	38950	 33 
104799	342018	324558	941	39164	 33 
104259	343587	324558	943	38474	 32 
104806	343766	324558	38	924	 32 
103615	345766	324558	946	39115	 28 
103762	345984	324558	942	39024	 28 
104834	342336	324558	935	38848	 23 
104870	341524	324558	940	39030	 23 
104783	342590	324558	937	38938	 22 
103653	346414	324558	945	38986	 18 
103751	345029	324558	944	39407	 17 
104775	342124	324558	942	39177	 17 
104800	343969	324558	38	909	 14 
104812	342345	324558	939	39083	 12 
104792	342613	324558	40	1168	 12 
104215	343663	324558	944	39171	 10 
104749	345332	324558	932	38831	 8 
104244	345503	324558	938	39299	 7 
104814	341637	324558	940	39216	 6 
104822	341591	324558	939	38438	 5 
104761	347440	324558	928	38640	 3 
104821	342596	324558	936	38741	 1 
104795	346709	324558	38	924	 1 

104836	336986	325184	953	39851	 97 ***
104789	338328	325184	952	39623	 95 
104058	340743	325184	27	1000	 93 
104043	341754	325184	41	1553	 87 
103631	343915	325184	948	39574	 85 
103671	343473	325184	949	39486	 82 
104796	338954	325184	936	39085	 81 
104834	337074	325184	955	39825	 79 
103808	343159	325184	951	39383	 69 
103823	342663	325184	950	39676	 67 
104850	338738	325184	924	38544	 64 
104044	340045	325184	39	1359	 62 
104045	341401	325184	23	279	 60 
104848	336598	325184	945	39507	 53 
104056	338999	325184	44	1284	 52 
104052	338969	325184	47	1985	 48 
104830	338420	325184	929	39292	 42 
104854	338671	325184	557	23695	 33 
104054	339196	325184	38	1028	 32 
104851	336423	325184	944	39715	 29 
103742	338543	325184	952	39857	 24 
104802	337112	325184	930	38964	 22 
104046	339361	325184	36	1211	 20 
104031	340466	325184	945	39336	 17 
104866	338397	325184	920	38803	 4 
103827	342807	325184	940	39507	 3 
104799	337808	325184	946	39491	 2 
103802	343958	325184	946	39105	 0 

104898	332331	326861	949	39635	 93 ***
104884	334617	326861	948	39496	 92 
104898	333727	326861	462	19493	 86 
104904	332605	326861	11	365	 84 
104873	334160	326861	954	39739	 83 
104904	332821	326861	9	578	 81 
104895	333621	326861	954	39651	 79 
104855	337491	326861	948	39509	 74 
104880	335004	326861	946	39512	 71 
104873	336539	326861	948	39370	 70 
104885	334408	326861	925	39100	 67 
103777	337050	326861	957	40029	 64 
104850	337670	326861	944	39005	 53 
103788	335683	326861	949	39755	 50 
104886	334096	326861	952	39802	 49 
104874	335180	326861	932	39012	 47 
104903	334547	326861	39	940	 47 
104891	337121	326861	33	1110	 42 
104875	334056	326861	953	39267	 40 
104877	334880	326861	947	39817	 38 
103821	334233	326861	953	39398	 34 
103723	338311	326861	946	39322	 33 
104876	333416	326861	956	39562	 32 
104884	334833	326861	951	39618	 28 
104876	340055	326861	562	23793	 27 
104895	334891	326861	17	543	 25 
103722	339550	326861	948	39659	 24 
104889	336581	326861	42	1612	 22 
104885	334135	326861	952	39723	 11 
103829	337895	326861	933	39389	 10 
104867	335254	326861	949	39433	 2 

104176	336311	334865	949	39808	 96 ***
105129	335761	334865	946	39721	 91 
105148	335912	334865	32	990	 89 
105120	335416	334865	947	40234	 88 
105145	336072	334865	39	1525	 87 
105130	335395	334865	941	40002	 84 
105147	336941	334865	28	741	 84 
105120	336876	334865	948	39971	 83 
105104	337635	334865	945	39826	 83 
105109	334307	334865	949	40224	 81 
105125	337033	334865	462	19659	 73 
105139	335257	334865	935	39512	 72 
103971	338454	334865	951	39719	 70 
104104	337864	334865	951	39526	 69 
105139	336189	334865	933	39260	 68 
105162	334204	334865	33	1356	 67 
105142	336095	334865	39	1522	 60 
104574	335481	334865	952	40069	 59 
105145	332809	334865	41	1175	 56 
105145	332146	334865	36	1207	 49 
105154	334525	334865	19	541	 45 
105143	333524	334865	925	39183	 41 
105100	338235	334865	945	39895	 40 
104071	337815	334865	959	40381	 38 
105149	334765	334865	24	910	 38 
105097	338070	334865	947	39934	 36 
105151	334561	334865	24	821	 32 
105137	336795	334865	939	39706	 31 
105099	339246	334865	942	39998	 31 
105139	333728	334865	949	40203	 30 
105154	334882	334865	22	737	 21 
105145	336518	334865	34	1142	 19 
105131	333770	334865	956	40001	 17 
104102	336940	334865	955	40328	 17 
105131	333325	334865	951	40213	 15 
105096	337903	334865	948	40053	 14 
105116	337255	334865	944	39370	 13 
105109	338243	334865	942	39428	 12 
105137	333839	334865	949	39961	 9 
104102	337441	334865	960	40428	 9 
105166	334232	334865	30	790	 6 
105120	333603	334865	959	40299	 5 
105109	335084	334865	954	40093	 0 

