#505	357	42	0	276	383	0	892	1023	252	
#94	142	30	122	64	59	1017	252	927	1023	 ***
#508	126	73	0	16	399	1023	984	297	304	
#472	197	130	374	293	374	1023	48	819	0	
#53	171	259	61	32	0	408	705	1018	1023	
#400	164	431	511	376	0	676	1020	46	106	

120	359	291	322	81	256	307	0	628	1023	
278	252	267	0	172	368	259	411	357	1023	
45	254	320	313	324	8	1023	282	818	0	
0	19	58	0	482	243	981	297	284	1023	
171	509	511	0	25	0	968	394	664	145	
96	511	160	0	0	397	351	640	847	385	
94	16	30	122	49	82	641	395	935	1023	
19	30	0	511	171	176	1010	610	726	134	
92	16	60	122	73	59	618	513	811	1023	
55	0	275	307	38	0	420	264	1005	1023	
102	16	35	130	49	59	645	378	950	1023	 ***
0	0	134	176	183	502	772	86	511	1023	
69	289	0	511	0	61	747	994	198	518	
198	511	316	282	0	45	0	797	841	397	
72	342	290	397	275	297	411	280	0	1023	
4	297	365	511	252	297	1017	246	398	0	

351	325	415	84	317	358	382	0	196	1023	
274	64	27	382	106	252	1023	474	0	849	
395	42	64	302	201	289	782	353	0	1023	
53	297	323	25	137	0	1018	229	346	1023	
216	341	289	100	355	0	1023	217	910	0	
4	199	17	0	102	480	866	564	197	1022	
94	16	34	190	49	333	372	634	706	1023	
389	294	61	46	206	412	1023	30	0	990	
8	8	62	488	312	30	930	282	308	1023	
94	16	34	130	49	89	425	641	950	1023	
94	16	4	130	79	59	638	458	950	1023	 ***
305	177	168	0	321	89	632	290	446	1023	
476	50	504	511	511	267	936	196	0	0	
254	427	402	0	0	221	840	79	205	1023	
130	396	338	157	23	286	365	453	282	1021	
47	244	257	68	0	303	211	429	869	1023	

69	16	305	379	212	15	321	669	512	1023	
128	110	0	488	137	110	1020	342	377	809	
0	30	354	461	94	0	499	324	736	1023	
92	90	4	190	79	59	581	453	950	1023	 ***
206	145	23	388	120	335	152	759	370	1023	
275	12	259	132	442	373	410	293	304	1021	
45	395	244	46	492	122	1023	805	0	349	
465	213	52	151	57	0	998	1023	0	562	
42	286	34	305	106	403	421	495	408	1021	
244	152	171	511	53	257	1001	141	0	991	
312	84	364	137	189	0	190	970	252	1023	
293	244	34	366	158	190	248	366	602	1020	
53	510	45	495	99	0	30	1018	250	1021	
122	343	183	305	72	292	633	0	548	1023	
68	23	0	242	91	68	946	179	881	1023	
244	75	74	331	12	387	274	576	525	1023	
270	38	0	484	0	471	1023	153	259	823	
110	0	511	83	406	0	922	107	381	1001	
0	401	235	76	102	152	430	236	866	1023	
328	500	159	227	304	477	1021	430	0	75	
45	381	68	488	426	426	1023	394	151	119	
53	202	332	156	106	0	1023	76	578	995	
107	15	4	190	319	57	579	521	706	1023	
467	109	30	312	61	252	730	134	405	1021	
331	147	328	244	15	198	312	373	553	1020	
72	346	0	400	122	289	547	326	396	1023	
247	296	442	396	278	323	220	0	298	1021	
332	79	4	130	75	411	1020	361	706	403	
381	312	106	23	0	457	1023	64	973	182	
160	274	68	241	328	15	580	835	0	1020	
285	38	198	511	180	0	335	1018	0	956	
115	265	140	0	0	259	313	442	966	1021	
0	220	282	122	175	0	483	548	670	1021	
460	16	94	0	152	431	259	626	460	1023	
0	142	488	121	411	430	499	194	213	1023	
92	17	248	135	75	87	565	391	888	1023	

30	182	183	295	68	20	507	433	191	1023	
60	0	334	30	90	95	152	906	242	1023	
84	420	160	504	75	263	34	278	91	1023	
27	90	4	189	49	57	350	460	683	1023	
243	75	4	76	0	75	0	434	1023	1002	
130	90	416	350	308	511	0	346	0	781	
165	140	511	0	141	495	0	0	460	1020	
90	90	156	0	483	278	525	288	0	1022	
251	317	68	244	366	212	1021	160	293	0	
4	4	244	487	511	158	38	1018	152	316	
0	87	251	243	183	135	739	0	274	1020	
75	460	511	169	152	8	971	130	304	152	
60	134	274	94	138	0	60	182	969	1021	
15	250	186	0	124	335	267	304	430	1021	
150	84	511	0	95	511	926	397	258	0	
383	511	130	122	0	111	1014	282	349	30	
0	182	80	0	470	75	164	347	594	1020	
228	75	120	0	259	38	978	0	1021	213	
94	95	206	364	177	0	282	449	244	1021	
313	175	119	106	323	0	523	0	350	1023	
120	0	45	246	30	183	811	50	425	1022	
134	99	140	365	90	78	269	490	244	1023	
168	198	45	136	511	0	581	251	68	974	
27	75	19	68	49	87	441	445	698	1023	
61	30	8	38	60	220	31	596	868	1020	
106	148	510	64	121	0	1020	692	271	0	
0	175	113	272	0	244	1023	0	96	1009	
20	437	122	75	109	183	289	354	320	1023	
87	0	242	15	198	175	294	549	349	1023	
24	30	319	91	92	252	814	287	0	1023	
8	511	307	135	0	15	83	76	785	1012	
27	75	64	68	49	118	380	445	683	1023	 ***
389	156	209	394	0	129	564	0	68	1023	
511	303	0	285	38	60	0	145	567	1023	
75	45	53	75	0	366	1020	220	106	972	
32	75	21	388	49	57	281	445	561	1023	
99	75	121	120	0	250	349	237	658	1023	
98	0	30	511	122	415	426	0	328	1002	
122	30	304	151	0	327	189	354	434	1021	
511	151	340	426	304	185	862	4	149	0	
27	75	4	511	50	57	238	475	561	934	
215	69	0	227	167	23	1020	137	327	747	

111	90	304	110	72	91	352	274	344	1022	
65	222	99	19	45	334	120	342	502	1022	
0	334	319	16	120	38	380	128	414	1021	
102	120	64	38	109	121	1023	323	557	313	
66	98	0	75	255	394	419	75	365	1023	
0	151	456	30	90	45	820	155	0	1023	
53	135	118	15	0	304	1021	844	280	0	
244	181	15	509	30	511	0	897	248	135	
120	434	113	0	159	473	0	83	365	1023	
80	75	60	105	0	60	274	136	957	1023	
57	150	124	8	109	121	372	373	435	1021	
75	30	38	91	277	91	410	394	342	1022	
64	102	160	0	150	135	69	770	297	1023	
335	511	105	15	105	60	151	1018	90	380	
211	60	510	135	511	0	0	999	344	0	
49	511	113	53	501	135	0	0	404	1004	
75	68	15	511	414	479	298	0	910	0	
90	120	125	38	511	380	290	0	331	885	
60	274	68	120	12	259	30	409	516	1022	
42	75	64	23	124	166	313	323	617	1023	
150	45	60	289	45	169	1023	792	197	0	
30	379	83	218	511	294	971	110	0	174	
98	65	125	64	105	409	540	342	0	1022	
205	30	114	34	91	312	72	454	436	1022	
42	135	154	8	64	136	297	350	561	1023	
0	60	75	60	75	135	364	1023	0	978	
75	150	167	30	0	30	1023	322	973	0	
72	75	64	53	124	106	487	391	377	1021	
204	349	414	0	38	91	501	0	151	1022	
409	511	45	0	105	61	480	1023	136	0	
27	120	79	38	49	106	399	327	602	1023	 ***
105	185	0	211	511	0	425	319	1014	0	
45	45	60	0	319	136	891	120	135	1019	
68	90	0	0	242	19	168	950	212	1021	
87	30	105	181	145	250	143	395	411	1023	
42	90	79	68	49	121	1023	349	606	343	
511	174	113	23	200	274	0	904	0	571	
57	75	154	8	34	256	1023	327	343	493	
182	0	75	45	94	30	178	259	884	1023	
53	120	60	38	49	91	615	319	404	1021	
60	171	94	185	297	0	242	327	372	1022	
27	120	154	38	49	136	1023	383	484	356	

94	0	244	195	45	45	61	1023	45	928	
30	45	289	15	424	64	105	685	0	1023	
0	30	45	511	30	135	91	304	518	1016	
350	8	143	83	143	32	0	0	898	1023	
23	45	75	38	64	91	460	381	480	1023	
397	0	181	0	91	511	976	434	90	0	
38	45	79	68	52	91	313	506	465	1023	
55	60	8	312	19	210	200	393	400	1023	
19	297	34	120	403	205	0	309	270	1023	
166	45	60	15	45	75	335	30	886	1023	
91	136	30	351	105	30	23	0	891	1023	
0	0	90	90	511	36	0	274	668	1011	
135	76	320	60	45	40	916	65	0	1023	
511	76	136	0	0	75	135	761	986	0	
252	45	109	38	36	91	491	138	457	1023	
304	90	125	189	75	0	707	167	0	1023	
42	45	105	30	87	84	426	435	403	1023	
35	45	79	38	49	136	330	480	465	1023	 ***
152	90	30	30	63	289	1023	0	0	1003	
15	120	0	0	15	75	45	1023	364	1023	
42	0	121	287	23	511	499	31	152	1014	
189	0	0	113	45	289	695	136	190	1023	
150	45	45	75	0	111	682	290	259	1023	
289	105	53	36	91	60	81	0	942	1023	
0	0	30	0	511	60	968	121	855	135	
23	92	479	68	60	27	415	493	0	1023	
23	46	75	40	49	106	525	328	465	1023	
15	334	511	76	90	0	0	564	91	999	
36	328	105	53	0	150	810	129	46	1023	
90	244	30	511	30	45	0	1000	730	0	
8	45	109	38	34	92	493	381	457	1023	
23	45	79	38	34	91	479	381	487	1023	
27	90	79	38	34	93	446	381	469	1023	
220	53	0	10	0	76	483	671	144	1023	
15	15	109	76	105	30	882	259	166	1023	

425	94	505	29	257	0	66	1023	0	174	
90	252	76	60	30	511	415	30	1015	94	
15	98	0	76	19	75	885	0	382	1023	
0	155	50	0	34	350	79	49	833	1023	
129	31	53	79	226	34	158	43	797	1023	
79	488	334	46	274	50	107	172	0	1023	
105	0	105	331	167	134	1023	464	244	0	
173	91	30	49	0	30	844	259	75	1022	
15	0	83	4	91	30	1023	933	319	75	
511	45	75	20	0	129	435	260	437	661	
42	45	135	0	4	140	207	504	473	1023	 ***
281	511	178	509	98	75	284	0	0	637	
338	128	96	113	0	4	1023	242	629	0	
60	30	511	45	90	0	999	685	153	0	
79	19	49	95	0	410	30	135	734	1022	
0	323	75	49	90	45	200	655	113	1023	
297	181	152	0	501	511	55	722	154	0	
135	84	503	60	0	353	68	45	303	1022	
13	53	90	0	30	125	355	426	458	1023	
49	259	49	105	45	64	138	1023	105	736	
42	79	79	0	0	151	461	1023	373	365	
128	511	75	0	0	140	314	545	499	361	
87	135	308	0	91	511	337	999	105	0	
150	19	244	45	34	19	935	1022	105	0	
414	166	94	0	319	79	49	1023	0	429	

334	511	212	0	68	45	79	207	914	673	
46	15	30	75	115	139	706	369	525	1023	
25	45	135	0	194	129	388	1023	586	518	
38	30	143	160	42	121	425	505	556	1023	
30	121	76	34	150	83	991	231	304	1023	
364	0	231	70	372	15	915	0	1023	53	
31	60	225	0	79	121	171	537	797	1022	 ***
260	53	505	372	0	86	246	0	498	1023	
83	186	30	388	379	60	180	120	594	1023	
100	120	364	64	511	75	0	750	41	1018	
395	95	79	0	83	94	0	1023	380	894	
30	30	158	0	511	203	304	458	366	983	
25	30	173	30	27	181	1023	518	414	622	
54	30	240	0	16	121	1023	279	823	457	
60	124	120	60	319	134	759	293	151	1023	
0	38	365	454	511	38	1014	321	0	302	
143	194	34	304	143	0	135	64	1003	1023	
0	45	181	308	0	75	165	1023	319	927	
30	319	181	53	180	34	397	792	34	1023	

57	129	178	93	175	379	623	0	236	1023	
94	60	165	0	95	93	148	533	682	1023	
94	60	210	0	27	93	140	533	713	1023	
509	483	144	75	511	0	185	331	655	0	
197	45	62	150	34	64	194	344	780	1023	
195	394	464	102	0	304	278	0	133	1023	
75	70	94	121	162	0	235	478	635	1023	
118	444	30	106	93	167	533	171	208	1023	
32	121	158	0	49	93	1023	319	652	446	
32	136	210	0	27	93	1023	289	652	431	
91	502	70	316	60	34	673	0	124	1023	
39	64	165	0	19	153	1023	304	697	429	
31	64	165	30	80	99	460	289	652	1023	
23	60	165	0	27	121	411	289	774	1023	
121	334	75	39	0	27	748	179	347	1023	
90	304	17	90	47	144	99	434	645	1023	
93	64	165	0	19	136	1023	289	675	429	
38	70	61	130	362	84	429	0	696	1023	
53	35	98	125	427	45	369	594	124	1023	
92	64	165	0	110	121	362	304	652	1023	
49	32	42	60	511	0	745	203	236	1015	
488	351	166	0	79	215	0	1023	63	508	
102	15	15	55	64	0	349	1012	258	1023	
96	60	180	0	19	129	1023	289	652	445	
166	42	40	293	105	151	519	554	0	1023	
39	79	165	15	19	91	216	594	652	1023	 ***
23	79	165	61	34	121	194	541	652	1023	
73	338	118	4	0	60	656	211	410	1023	

173	92	120	75	27	91	319	354	286	1023	
179	76	0	128	38	394	151	289	282	1023	
90	58	137	113	15	66	258	472	328	1023	
153	68	124	21	19	129	383	354	286	1023	
59	312	184	106	387	15	132	0	342	1023	
68	121	112	45	64	346	206	484	91	1023	
182	30	68	212	379	45	489	0	132	1023	
23	79	128	26	97	91	72	525	496	1023	
23	75	120	23	131	118	350	350	347	1023	
61	207	150	15	15	91	384	350	264	1023	
402	0	91	15	21	510	66	140	292	1023	
235	105	120	15	19	118	320	319	286	1023	
112	186	460	10	250	151	45	274	49	1023	
106	106	67	335	30	62	1023	174	437	220	
81	98	68	0	206	289	738	19	38	1023	
38	119	120	59	21	129	350	354	347	1023	
76	75	257	109	138	94	65	1023	723	0	
23	135	124	38	137	99	327	327	327	1023	
23	100	135	20	80	98	358	350	373	1023	
91	83	265	15	19	106	323	350	286	1022	 ***
326	511	90	0	261	138	663	358	213	0	
15	76	81	83	45	12	239	126	860	1023	
223	235	64	23	19	235	102	350	286	1023	
19	34	47	106	179	402	148	0	602	1023	
107	66	106	0	0	166	629	1022	60	404	
136	511	55	293	0	73	142	327	1023	0	
8	173	0	51	202	278	83	30	712	1023	
15	88	136	4	100	384	259	551	0	1023	
229	375	225	105	105	113	259	1023	61	65	
30	143	83	76	136	305	234	34	497	1022	
432	68	194	132	30	49	0	549	83	1023	
206	139	511	0	331	102	788	197	286	0	
38	115	120	182	23	91	258	355	355	1023	
183	140	83	76	97	61	372	304	1023	221	
68	91	508	68	57	74	15	19	637	1023	
129	148	135	511	30	331	735	221	320	0	
110	60	351	163	36	0	243	377	197	1023	
74	117	45	79	146	175	197	411	293	1023	
45	53	168	49	73	165	895	57	32	1023	
35	0	171	364	20	289	198	168	292	1023	
31	67	226	19	12	121	398	377	286	1023	
24	93	317	15	35	91	357	319	286	1023	
0	104	59	293	511	185	79	289	94	946	
511	100	45	145	0	216	381	930	232	0	
82	64	121	60	130	60	1023	0	106	914	
76	497	142	53	304	72	253	1023	0	140	
30	75	75	127	148	293	343	408	38	1023	
12	79	120	51	19	213	1023	350	320	373	

0	124	79	127	55	511	0	960	370	210	
207	45	0	34	52	0	248	668	159	1023	
234	68	4	136	128	27	694	72	50	1023	
75	45	124	15	19	106	326	364	339	1023	
75	60	143	95	19	60	204	335	423	1022	
30	45	123	23	58	174	312	550	98	1023	
75	46	139	34	34	106	339	339	301	1023	
134	15	135	27	99	70	0	895	38	1023	
64	109	94	68	57	0	0	232	1023	789	
75	184	139	15	34	110	83	350	423	1023	 ***
62	0	274	15	98	0	45	165	754	1023	
165	136	399	178	50	511	398	0	0	599	
113	45	124	15	15	108	342	335	316	1023	
45	49	21	0	7	259	653	104	275	1023	

0	22	85	47	510	406	200	127	1023	57	
75	25	181	30	45	95	342	114	547	1023	
102	42	36	171	38	65	0	938	62	1023	
79	137	139	15	218	114	83	350	320	1022	
41	94	34	65	68	0	923	1023	149	80	
62	94	16	247	102	45	278	335	275	1023	
83	17	139	19	67	140	87	487	415	1023	 ***
0	389	76	262	0	511	69	68	80	1022	
79	68	139	0	34	95	101	507	1023	431	
26	69	120	75	107	185	34	759	79	1023	
94	18	25	64	255	125	1023	381	492	0	
75	32	164	15	30	125	465	125	423	1023	
19	34	32	38	96	46	1023	251	106	832	
106	163	1	87	45	50	826	70	106	1023	
511	68	206	55	0	90	1018	94	0	435	
110	14	125	0	68	64	34	235	804	1023	

57	316	15	59	21	30	689	193	1023	135	
147	15	125	15	40	79	1023	120	714	260	
139	24	126	79	308	25	0	148	666	1023	
134	27	264	33	111	87	273	0	586	1023	
33	39	25	79	186	91	53	810	199	1023	
95	45	60	132	12	108	652	144	267	1023	
83	4	501	76	60	130	458	1023	62	141	
0	99	49	4	15	113	269	1023	690	276	
143	19	124	85	155	171	470	85	263	1023	
194	75	322	79	31	110	102	262	340	1023	 ***
60	378	235	130	40	29	94	0	549	1023	
117	23	70	45	55	167	194	1023	383	461	
168	32	53	156	75	37	685	214	95	1023	
0	98	124	155	134	170	136	684	14	1023	
64	182	19	511	102	79	729	60	518	274	
128	137	205	99	119	21	61	124	621	1023	
176	34	153	15	48	110	576	140	263	1023	
205	75	277	0	511	40	559	60	520	291	
0	0	15	121	0	60	1023	281	15	1023	
68	511	110	30	337	19	303	214	19	927	

194	75	155	83	155	87	490	242	485	1023	
0	212	508	511	4	91	503	90	89	981	
184	45	8	0	164	231	963	160	212	1022	
177	164	36	269	19	111	735	128	327	1023	
206	75	210	83	123	19	247	653	351	1022	 ***
197	129	77	212	174	227	0	99	851	1023	
0	141	143	0	338	511	76	274	485	1021	
147	106	0	197	40	30	395	190	861	1023	
160	0	19	0	338	49	1014	1023	198	188	
103	430	224	181	173	0	59	759	38	1022	
78	15	275	201	135	122	0	1023	122	1018	
224	75	323	79	153	23	489	258	342	1023	
353	124	96	460	439	202	99	0	193	1023	
95	393	171	511	300	64	251	197	0	1007	
12	21	272	118	300	0	241	160	842	1023	
344	92	47	98	369	191	0	643	182	1023	
60	4	471	60	19	4	1022	61	265	1023	
316	79	140	87	210	27	249	520	338	1023	

151	198	110	29	152	156	597	299	259	1023	
66	203	151	186	0	220	573	456	96	1023	
206	15	195	83	146	19	445	409	434	1022	
0	282	135	151	81	119	517	151	516	1022	
217	0	75	152	15	243	208	973	68	1023	
36	212	34	305	259	106	670	254	75	1023	
175	64	189	139	73	0	306	354	652	1022	
210	15	116	91	136	87	292	653	351	1023	
305	237	182	47	0	155	744	94	187	1023	
152	129	141	431	60	213	23	538	264	1023	
511	61	60	312	61	0	515	0	456	998	
76	38	187	190	308	247	139	208	558	1023	
60	173	31	141	472	121	106	685	162	1023	
257	443	280	91	38	305	0	297	240	1023	
87	79	242	0	221	124	243	566	389	1023	
12	68	426	23	0	273	94	261	1023	794	
61	485	0	186	167	4	475	64	510	1022	
203	87	67	211	102	152	624	289	216	1023	
83	15	32	204	286	8	310	197	816	1023	
250	252	511	137	76	426	36	205	76	1005	
194	15	139	102	255	19	216	409	603	1022	
95	195	250	42	342	42	0	235	750	1023	
263	98	81	34	122	130	294	181	748	1023	
217	15	191	143	123	57	198	657	351	1022	 ***
38	278	251	70	82	45	793	259	135	1023	
202	27	191	83	121	27	186	504	610	1023	
202	30	131	83	511	429	156	409	601	422	
186	64	162	335	122	136	42	197	708	1022	
259	274	4	98	0	122	75	997	1023	122	

139	4	6	105	95	182	644	319	236	1022	
267	511	8	0	145	0	121	0	999	701	
15	182	252	129	0	42	319	0	1023	790	
171	17	132	199	112	38	258	627	176	1022	
258	137	213	250	0	19	49	430	374	1022	
0	169	197	137	151	0	153	109	813	1023	
15	19	61	212	393	248	539	120	122	1023	
15	160	60	122	319	0	323	605	126	1022	
181	34	79	199	97	114	164	346	516	1022	
431	0	0	318	430	511	0	126	814	122	
381	79	4	81	165	267	574	38	141	1022	
0	98	15	313	0	511	197	244	361	1013	
0	0	149	445	511	0	698	167	782	0	
179	15	67	263	149	42	168	376	471	1022	
510	198	0	506	0	132	0	347	816	243	
171	53	77	204	89	57	412	507	160	1022	
239	15	116	141	89	106	408	372	1023	243	
179	15	173	139	162	42	196	353	471	1022	 ***
201	19	73	117	207	510	225	618	190	592	
240	154	80	0	300	273	169	79	435	1022	
507	61	182	315	0	440	74	151	0	1022	
171	15	120	169	209	57	477	355	156	1023	
179	15	73	364	511	113	164	413	479	441	
137	187	145	302	4	385	0	0	570	1022	

289	42	210	185	319	511	0	126	977	0	
179	15	116	165	176	103	452	231	199	1023	
0	190	114	64	61	259	190	105	654	1022	
105	456	0	98	0	68	1023	0	322	587	
304	511	0	282	0	94	106	78	266	1018	
273	99	130	94	490	363	64	0	123	1023	
45	69	61	94	510	456	0	12	390	1022	
60	399	278	246	45	30	73	0	1023	505	
91	38	490	75	166	132	196	254	194	1023	
0	393	175	4	167	468	304	65	60	1023	
42	45	64	0	210	209	459	246	361	1023	
381	0	482	19	8	64	178	64	440	1023	
68	103	0	0	155	0	626	562	122	1023	
511	15	120	135	190	364	177	231	441	475	
134	120	369	0	8	60	541	235	169	1023	
0	69	173	244	496	90	243	140	1022	182	
179	60	116	135	160	72	1023	231	212	471	
0	140	38	316	15	248	0	212	1023	667	
179	15	120	207	100	57	252	231	475	1023	 ***
158	129	511	305	308	65	950	0	233	0	
201	34	84	94	15	190	269	507	242	1023	
511	130	136	497	75	0	850	0	305	155	
0	511	31	182	0	454	35	150	274	1022	
189	49	120	314	30	449	181	171	134	1022	
213	15	120	165	160	42	481	239	201	1023	
366	68	227	511	137	205	75	64	976	30	
45	68	34	107	0	470	370	209	334	1022	
15	136	455	76	8	250	612	84	0	1023	
197	12	103	60	60	49	140	586	430	1022	
138	75	15	0	151	375	471	133	278	1023	
60	60	202	30	61	49	247	166	762	1022	
0	80	288	34	273	504	252	64	141	1023	
508	122	511	217	0	4	169	191	0	937	
75	23	201	111	511	0	244	333	1023	138	

79	197	0	274	90	90	0	91	997	1022	
0	244	16	0	34	120	950	86	368	1022	
190	0	76	178	308	0	75	0	1022	991	
511	30	301	511	0	278	943	121	145	0	
38	135	106	122	0	136	585	55	640	1023	
250	304	0	152	511	138	98	364	0	1023	
4	27	150	297	158	46	972	164	0	1022	
72	426	72	23	23	38	1023	154	60	949	
244	0	126	83	135	38	46	901	244	1023	
182	30	398	0	511	60	244	947	396	72	
30	426	511	0	457	0	244	60	94	1018	
38	30	274	508	0	49	178	45	695	1023	
49	15	299	399	54	102	481	232	186	1023	
244	40	64	42	171	15	738	402	102	1022	
150	8	19	334	0	0	911	1023	60	335	
507	0	143	83	46	110	0	624	305	1022	
170	267	25	410	24	72	192	216	441	1023	 ***
248	90	126	511	15	121	30	1021	0	678	
45	60	12	304	462	0	61	48	826	1022	
16	30	64	61	0	308	366	0	972	1023	
274	4	351	30	42	83	731	165	137	1023	
34	23	30	109	350	511	0	890	0	893	
87	15	273	410	24	84	237	475	212	1023	
113	60	510	68	12	42	132	427	878	598	
57	15	55	147	39	91	222	269	1023	922	
105	111	511	57	304	0	213	320	1014	205	
0	124	15	30	4	248	244	1023	316	836	
20	90	278	53	75	122	271	34	875	1022	
128	64	39	30	82	8	248	354	865	1022	
12	98	23	511	110	263	4	524	274	1021	

0	0	0	15	0	212	0	1009	1023	75	
113	511	0	121	12	64	82	0	428	1003	
0	0	0	60	0	0	304	1018	0	952	
128	244	0	91	27	194	124	160	1023	343	
122	45	0	319	0	0	1019	829	0	0	
128	244	0	91	12	102	124	1023	267	343	
508	379	0	75	60	64	0	160	68	1020	
366	0	464	0	60	349	0	75	0	1020	
128	244	0	91	12	102	128	126	1023	480	
259	15	30	0	30	182	693	75	30	1020	
494	15	15	364	0	0	122	30	274	1020	
132	244	0	106	12	72	122	154	469	1023	 ***
60	15	510	0	0	445	282	0	0	1022	
491	45	0	304	396	75	0	0	0	1023	
15	212	34	335	312	357	8	30	8	1023	
304	30	30	0	122	30	0	795	0	1023	
64	289	312	0	0	60	182	187	220	1020	
0	30	0	0	30	160	0	98	1023	993	
113	244	0	121	134	72	128	156	1023	343	
128	244	0	136	12	72	124	122	473	1023	
173	248	0	91	12	72	1023	122	128	465	
68	132	30	8	0	274	242	558	0	1022	
30	0	511	45	0	120	0	38	570	1020	
511	0	0	45	0	30	609	128	1011	0	
75	304	408	0	304	0	0	182	38	1023	
0	30	105	30	0	30	937	0	182	1020	
132	259	0	213	12	72	124	122	377	1023	
30	0	34	374	244	53	38	0	538	1023	
120	244	30	181	511	30	122	45	30	1021	
0	30	509	361	0	0	0	411	1023	0	
30	135	182	0	15	45	0	904	0	1023	
128	244	0	91	42	72	248	1023	124	362	
334	0	331	79	45	205	90	0	229	1021	
128	244	18	121	27	72	124	122	456	1022	
0	30	30	342	0	150	503	252	4	1023	

177	488	15	327	83	30	155	313	308	1023	
358	183	0	60	323	90	19	863	0	1023	
353	30	260	91	0	0	60	765	338	1022	
15	365	0	0	15	60	30	530	881	1023	
0	23	510	0	75	60	182	381	666	1022	
120	332	244	120	0	90	253	0	738	1022	
0	122	334	0	0	136	321	8	975	1023	
319	0	0	15	197	38	376	0	951	1023	
510	274	274	304	0	304	365	0	888	0	
259	435	120	105	15	45	0	918	0	1022	
351	274	8	165	61	274	582	0	182	1022	
372	0	45	0	488	510	0	410	201	893	
305	327	511	8	445	90	0	244	989	0	
0	0	342	70	0	183	0	1023	783	518	
199	488	61	98	0	60	449	274	267	1023	 ***
147	503	4	312	0	90	277	60	1023	503	
361	244	510	98	12	38	212	0	851	593	
125	244	244	91	77	274	170	335	337	1022	
349	351	0	510	259	274	252	0	680	244	
282	16	0	90	293	394	0	0	1023	821	
75	0	0	503	0	76	406	837	1022	0	
0	0	259	0	15	320	953	75	274	1023	
259	387	510	0	0	0	237	641	885	0	
120	488	0	98	503	99	251	64	1022	274	
353	122	304	0	75	244	0	0	1022	799	
350	319	252	8	293	30	0	0	645	1022	
244	23	197	15	30	0	548	0	840	1022	
60	510	0	335	349	15	0	0	1019	631	

120	496	0	46	0	68	380	674	407	1021	
120	339	0	62	12	76	486	533	561	1023	 ***
20	130	30	274	389	32	556	454	304	1023	
69	126	0	488	135	252	1023	0	251	868	
274	122	511	0	30	306	327	0	996	646	
511	0	503	174	120	49	0	890	965	0	
8	0	60	511	267	244	319	663	248	892	
90	250	0	16	365	275	579	327	289	1021	
88	15	258	349	252	120	274	518	315	1023	
259	136	0	275	158	0	0	923	438	1023	
69	334	19	152	511	304	319	265	244	995	
124	488	38	128	0	83	312	457	559	1023	
252	464	511	0	496	0	1018	396	75	0	
317	244	304	267	289	127	98	543	1023	0	
327	286	274	308	63	0	672	259	0	1023	
75	511	488	427	90	0	0	244	445	932	
486	52	0	0	313	79	1023	0	1015	244	
222	511	0	107	252	60	304	294	439	1023	
94	75	334	396	76	496	323	0	396	1022	
488	64	511	34	495	69	267	0	304	980	
309	259	252	271	53	183	295	319	248	1023	
0	12	15	0	511	496	1022	241	0	915	
180	511	12	120	30	60	869	280	257	893	
120	274	16	304	0	511	304	267	409	1007	
4	23	364	244	244	61	1023	304	0	945	
80	0	60	281	319	248	830	371	0	1023	
12	274	396	23	212	75	520	331	346	1023	
335	244	496	68	319	120	15	327	265	1023	
357	389	167	244	511	0	12	259	327	946	
106	488	244	59	80	208	60	304	640	1023	
282	308	343	320	0	0	308	308	320	1023	
304	379	0	343	503	12	389	259	0	1023	
0	511	350	0	274	198	98	967	814	0	
75	0	510	259	0	68	975	0	304	1021	

364	349	105	511	50	0	0	0	404	1020	
120	244	30	480	0	61	58	730	60	1020	
0	511	471	90	0	0	0	1017	76	638	
0	320	145	304	0	282	106	623	0	1023	
83	15	511	434	0	0	460	30	252	1018	
34	64	0	60	252	113	120	670	467	1023	
68	8	60	125	0	511	60	822	130	1019	
305	0	65	68	304	65	653	320	0	1023	
0	433	143	175	274	81	335	301	38	1023	
308	304	511	16	34	91	304	60	152	1023	
102	91	0	15	83	76	409	503	501	1023	
0	0	121	511	334	486	30	289	23	1009	
30	319	61	508	488	0	0	378	0	1019	
60	8	30	0	274	105	1023	304	0	999	
75	0	18	60	60	23	342	867	335	1023	
15	68	0	415	320	68	357	387	150	1023	
244	90	69	0	0	45	0	940	392	1023	
488	511	366	0	0	0	90	304	60	984	
210	305	125	0	319	259	53	328	182	1022	
366	0	511	0	0	0	820	0	134	972	
511	60	0	61	64	19	282	862	0	944	
511	365	0	492	0	30	488	30	0	887	
60	30	15	79	244	19	709	244	380	1023	
90	121	30	75	8	106	376	503	471	1023	
511	0	312	15	0	274	1004	668	0	19	
68	91	0	15	68	136	364	552	486	1023	
64	125	30	15	23	80	469	503	471	1023	
244	151	319	0	511	122	120	60	488	788	
304	464	23	511	0	335	143	0	0	1023	
120	89	38	0	0	0	1012	182	339	1023	
0	98	252	0	128	54	309	939	0	1023	
0	76	0	252	16	0	305	1020	113	1021	
128	0	122	426	338	394	76	250	46	1023	
413	511	30	4	374	61	30	252	105	1023	
334	0	0	128	30	511	496	0	313	991	
274	38	472	0	15	60	868	53	0	1023	
60	91	15	49	16	76	439	503	531	1023	 ***

0	0	30	30	0	510	113	993	868	0	
0	0	49	468	285	0	658	61	0	1023	
91	60	244	8	511	60	0	550	0	1020	
90	0	30	0	90	218	0	834	1023	259	
488	30	120	60	76	461	30	15	242	1022	
0	30	75	274	45	0	0	91	1007	1022	
60	151	45	68	200	17	334	305	342	1022	
0	90	0	487	0	425	132	53	334	1023	
0	60	30	244	34	90	30	897	136	1023	
121	0	509	32	15	8	30	45	762	1022	
0	60	0	30	0	244	859	148	181	1022	
60	91	15	4	16	53	349	518	415	1023	
334	60	91	0	0	0	1022	75	0	962	
500	0	30	60	61	334	846	713	0	0	
0	244	121	121	30	45	60	0	900	1023	
0	120	305	304	76	60	166	0	493	1020	
90	60	0	511	0	15	795	0	953	120	
83	121	45	65	16	23	165	503	501	1022	
115	259	121	0	0	0	181	688	158	1022	
68	81	379	335	410	0	61	188	0	1022	
0	0	259	0	30	75	1023	244	60	853	
0	60	511	498	30	244	836	30	335	0	
106	0	45	30	0	30	314	997	0	1022	
0	60	0	465	0	395	485	120	0	1019	
90	0	0	0	0	15	978	0	1022	439	
0	502	90	0	61	210	625	0	34	1022	
60	276	60	94	38	267	91	181	455	1022	
511	0	0	75	246	90	0	601	1021	0	
0	511	0	75	0	30	971	105	852	0	
75	45	0	0	0	511	1020	619	0	274	
60	91	83	0	31	83	200	503	470	1023	 ***
99	105	0	267	98	286	455	75	137	1022	

79	251	49	0	38	113	214	511	440	1023	
60	99	57	0	72	53	185	714	455	1023	
304	4	30	34	145	0	114	322	742	1023	
8	105	304	228	60	103	364	399	124	1023	
19	114	53	126	23	128	255	507	470	1023	
79	106	75	122	33	38	211	503	528	1023	
60	237	83	0	35	72	203	503	502	1023	
90	91	45	34	27	387	242	538	241	1023	
34	38	4	0	486	510	49	0	574	1023	
105	54	328	0	158	0	0	1023	79	971	
68	130	57	0	23	113	233	509	562	1023	
79	95	53	15	23	106	210	644	470	1023	
132	30	4	60	259	42	410	289	469	1023	
49	274	45	274	244	511	119	928	274	0	
31	511	129	473	64	417	0	1003	90	0	
0	68	64	8	65	0	452	1023	15	1023	
30	493	338	0	0	125	0	117	592	1023	
0	196	220	342	60	494	0	1022	0	384	
495	394	456	30	0	0	216	105	0	1022	
511	0	90	136	68	460	349	30	60	1014	
79	114	72	0	68	57	302	563	440	1023	
432	263	72	94	68	90	289	327	60	1023	
278	186	199	0	76	61	122	641	132	1023	
30	99	45	19	27	151	321	503	500	1023	
286	182	244	64	84	102	0	198	535	1023	
15	122	289	27	60	255	360	263	304	1023	
79	91	76	19	38	177	242	503	470	1023	 ***
0	55	68	135	493	0	884	1023	60	0	
259	60	182	150	76	181	150	244	396	1020	
0	198	60	38	0	60	436	30	873	1023	
84	53	259	0	181	323	498	128	169	1023	
68	114	75	0	224	57	181	509	467	1023	
68	121	68	0	106	168	173	549	442	1023	
30	95	120	15	105	95	338	264	633	1023	
0	113	0	15	72	0	353	1017	126	1022	

511	315	0	244	61	90	349	105	547	1019	
80	289	0	30	225	0	918	364	312	1023	
511	334	304	124	2	156	1015	563	167	65	
154	319	229	493	0	154	623	0	246	1023	
0	511	471	353	90	252	221	323	0	1020	
4	457	68	12	45	98	607	488	440	1022	
0	0	304	60	319	190	137	373	835	1023	
439	194	91	157	274	0	294	314	455	1023	
414	12	60	135	308	254	746	30	259	1023	
244	32	286	0	0	319	606	609	122	1023	
0	216	38	182	312	60	496	515	400	1022	
437	122	68	487	304	90	60	530	120	1023	
8	357	4	365	0	368	175	852	90	1022	
190	257	339	0	248	92	1023	1015	77	0	
201	290	0	304	441	75	162	746	0	1022	
141	169	0	350	227	105	430	488	308	1023	
282	76	0	409	381	396	501	0	173	1023	
426	511	124	273	507	48	350	0	0	1002	
90	366	274	334	150	317	156	98	433	1023	
259	56	159	244	53	0	1023	274	372	801	
342	95	511	0	357	0	459	861	616	0	
267	372	293	426	30	159	0	261	410	1023	
150	304	122	90	510	500	505	0	1022	38	
68	0	364	308	0	511	0	987	166	837	
194	91	68	4	30	323	242	488	778	1023	 ***
186	94	105	271	511	340	770	0	0	964	
334	137	394	94	30	327	747	94	61	1023	
31	0	0	66	425	479	128	265	824	1023	
113	130	312	378	319	349	170	357	90	1023	
68	91	72	130	53	79	250	792	684	1022	
0	98	0	65	357	327	621	568	182	1023	
272	19	42	50	244	334	281	838	139	1022	
205	90	304	490	45	0	34	981	69	1023	
76	91	135	102	15	45	833	496	426	1022	
164	372	226	349	259	231	526	0	91	1023	
317	511	126	304	76	0	380	590	937	0	

