#8818.09	28311	29325	0	0	 89 
#10219.1	23522	29325	0	0	 87 
#9141.94	27085	29325	0	0	 67 
#9166.76	23830	29325	0	0	 44 
#9133.61	27358	29325	0	0	 39 
#9030.83	27810	29325	0	0	 31 
#10213.7	23718	29325	0	0	 16 
#9133.48	27561	29325	0	0	 14 
#9153.46	24279	29325	0	0	 10 
#10222.2	23163	29325	0	0	 5 ***

10092.6	21800	25246	26	644	 84 
8678.2	19252	25246	56	2645	 82 
8201.85	21032	25246	73	2889	 78 
10105.4	17501	25246	51	2232	 77 
9008.61	21180	25246	51	1916	 77 
10088.6	17537	25246	51	2471	 75 
10091.8	19469	25246	43	1714	 74 
10089.5	17510	25246	68	2588	 71 
9300.43	17887	25246	53	2225	 71 
8192.7	17038	25246	76	2694	 71 
10099.6	18758	25246	38	927	 69 
10090.7	20535	25246	43	2028	 65 
10101.4	17501	25246	67	2831	 60 
10096	19633	25246	42	2050	 58 
9026.57	18627	25246	47	1820	 55 
8907.15	19109	25246	72	2967	 50 
9491.7	17801	25246	54	2286	 47 
10094	16865	25246	82	2864	 47 
10097	17959	25246	39	1007	 45 
10093.5	21995	25246	25	576	 42 
10093.9	18502	25246	49	2402	 36 
10096.4	21628	25246	28	603	 30 
10098.1	19647	25246	37	974	 29 
9019.76	20088	25246	53	1876	 24 
8917.22	17940	25246	70	2815	 24 
10101.2	18034	25246	38	1033	 22 
10100.2	18156	25246	12	299	 20 
9021.95	23539	25246	35	694	 18 
10090.1	21821	25246	44	2018	 11 
10091.1	19739	25246	45	1996	 11 
8898.16	22397	25246	53	2498	 9 
10098.5	19192	25246	10	480	 9 ***
10100.2	15645	25246	81	2946	 5 
10107.7	17277	25246	63	2606	 3 
8669.91	21747	25246	60	2452	 1 

9549.4	16671	26494	48	1456	 100 
10141.5	16230	26494	82	3007	 97 
8466.4	18753	26494	81	2794	 96 
8730.52	20749	26494	57	2307	 95 
9331.5	16544	26494	75	2811	 95 
9542.29	17972	26494	28	903	 94 
9083.54	18594	26494	54	2031	 92 
9069.27	21537	26494	49	1939	 92 
9534.71	20561	26494	36	835	 92 
8954.64	16870	26494	83	2880	 91 
9319.57	17945	26494	82	2837	 90 
10148.6	18791	26494	15	514	 87 
8277.32	24436	26494	60	2263	 86 
9537.46	18088	26494	38	1303	 82 
9549.44	16912	26494	35	971	 81 
8283.92	21627	26494	64	2094	 80 
9340.15	19309	26494	51	1714	 73 
8943.63	19518	26494	73	2809	 73 
9079.65	18070	26494	80	2521	 68 
8728.19	19834	26494	79	2587	 65 
9552.83	16988	26494	34	727	 62 
10153.5	15599	26494	54	2402	 58 
9330.66	16376	26494	80	2517	 57 
9535.62	21482	26494	35	1082	 51 
10143.4	15474	26494	74	2375	 50 
8961.4	20077	26494	71	2536	 50 
9056.12	18834	26494	54	2287	 49 
10143.5	16411	26494	59	1902	 48 
9546.68	17106	26494	35	849	 47 
9533.93	22177	26494	37	1064	 45 
9339.65	21319	26494	49	2005	 40 
9548.64	19153	26494	11	560	 30 
9542.6	18254	26494	16	544	 27 
9536.68	23153	26494	24	795	 23 
9339.41	17736	26494	53	2105	 21 
9330.15	18501	26494	64	2564	 21 
10152.2	16715	26494	36	975	 21 
9354.39	20628	26494	48	2271	 17 
9083.49	18253	26494	72	2733	 16 
9536.96	21533	26494	22	826	 15 
8948.52	20160	26494	50	2374	 14 
9348.56	21801	26494	42	1177	 14 
9542.66	19230	26494	10	461	 8 ***
9338.43	18048	26494	67	2578	 3 
8450.2	21238	26494	77	2821	 3 

9673.82	15809	29672	14	537	 95 
9209.36	17130	29672	43	1889	 93 
7999.58	16169	29672	51	2368	 92 
9664.26	17274	29672	33	1187	 82 
10279.1	14626	29672	42	1651	 81 
9660.41	17863	29672	38	1075	 77 
8594.17	15674	29672	71	2564	 76 
9663.86	18735	29672	32	1022	 75 
10275.6	14975	29672	40	1293	 73 
10280.3	17933	29672	6	280	 73 ***
9667.09	17327	29672	9	378	 69 
10278.5	16699	29672	7	88	 68 
9104.47	18030	29672	42	1986	 65 
9663.6	18978	29672	26	698	 59 
9460.9	15708	29672	42	2360	 57 
9089.11	17958	29672	45	1421	 57 
10268.7	14878	29672	42	2113	 56 
9676.58	16610	29672	9	454	 55 
9457.63	13922	29672	45	2093	 54 
9199.41	14083	29672	44	1963	 49 
9071.46	14940	29672	68	2574	 47 
8863.55	17118	29672	49	1993	 47 
9074.77	14436	29672	46	2120	 46 
9672.88	17278	29672	9	428	 44 
9665.53	13588	29672	72	2654	 40 
10274.5	16876	29672	7	88	 39 
9660.98	18790	29672	32	886	 34 
9186.28	14049	29672	45	2181	 33 
10267.2	15694	29672	41	1635	 32 
9677.36	16335	29672	12	366	 32 
10273.5	13133	29672	43	1933	 31 
10273.1	16607	29672	11	606	 18 
9673.95	16633	29672	8	332	 17 
10274.1	16326	29672	12	606	 14 
10274.6	15278	29672	41	2128	 7 
9467.57	17839	29672	41	1621	 4 

10123.1	13922	29293	32	804	 100 
10121.8	13804	29293	35	831	 84 
10133.8	14399	29293	3	253	 82 ***
8126.6	13580	29293	58	1950	 80 
10135.1	13289	29293	5	390	 79 
9324.51	11190	29293	38	1769	 77 
7625.82	9947	29293	64	2318	 74 
10121.1	14184	29293	33	1502	 73 
10124	9776	29293	67	2618	 73 
10131.4	12739	29293	33	1620	 70 
10134	13769	29293	27	697	 67 
10123	11805	29293	34	1793	 66 
10119.1	14369	29293	35	1432	 65 
10141.6	11615	29293	34	1380	 64 
9058.82	11253	29293	37	1724	 64 
10122.6	14406	29293	32	797	 62 
10117.4	14088	29293	36	1418	 56 
7368.18	13420	29293	69	2701	 55 
7527.32	12447	29293	63	2319	 48 
8710.39	11800	29293	44	2096	 48 
9308.77	10213	29293	63	2442	 48 
8956.87	10465	29293	53	2199	 45 
10120.2	12236	29293	36	1556	 44 
10121	10266	29293	42	2093	 38 
8911.86	10982	29293	58	2208	 34 
10140.3	11083	29293	39	1928	 32 
10129.4	14706	29293	30	736	 30 
10122.4	14129	29293	33	812	 22 
10131.1	14351	29293	10	462	 19 
10133.6	13875	29293	27	697	 17 
8134.86	11883	29293	37	1602	 15 
9051.88	11811	29293	39	1998	 11 
8116.61	10582	29293	60	1979	 7 
10150.5	11548	29293	35	1179	 4 
9326.94	10961	29293	40	2086	 2 

10034.5	14373	27923	8	350	 100 
8416.78	15310	27923	41	1763	 97 
10033.3	14774	27923	7	370	 94 ***
10025.3	14054	27923	30	813	 91 
8939.15	11533	27923	40	1878	 90 
8402.71	10549	27923	56	1812	 88 
10024.7	10007	27923	41	1837	 88 
8362.31	15633	27923	53	2094	 87 
7766.44	13425	27923	58	1804	 86 
8025.42	12158	27923	62	2393	 84 
10032.9	14302	27923	9	461	 84 
8841.83	12716	27923	37	1690	 82 
10032	13600	27923	12	281	 80 
8945.88	11341	27923	35	1699	 78 
8414.23	12176	27923	42	2022	 70 
10039.7	13974	27923	10	144	 69 
8806.76	10306	27923	61	2356	 65 
8824.56	12223	27923	40	1515	 64 
9421.99	10343	27923	40	1832	 63 
8026.9	11438	27923	57	1930	 58 
8840.52	12943	27923	37	1230	 56 
10036.4	13251	27923	11	537	 55 
8130.34	10969	27923	58	2199	 53 
10024.4	14146	27923	30	813	 52 
8018.96	12936	27923	62	2315	 47 
10033.3	13575	27923	12	388	 47 
7764.6	13153	27923	59	2208	 45 
10031.7	15965	27923	27	1194	 41 
8814.61	11919	27923	41	1508	 36 
8361.45	13141	27923	55	2207	 36 
10041.5	12270	27923	31	1068	 31 
7729.63	13429	27923	59	2219	 22 
8155.19	14396	27923	54	2080	 18 
10035.4	12815	27923	33	1187	 16 
10019.8	10341	27923	59	2108	 13 
9428.47	13817	27923	32	1242	 11 
8613.69	12008	27923	48	2118	 6 
10023.5	15287	27923	31	1050	 4 
10024	13216	27923	34	1401	 3 
10025.5	14451	27923	29	1045	 0 

7361.32	10192	23299	59	1859	 99 
7957.04	10776	23299	44	1994	 96 
9862.95	12807	23299	9	80	 93 
8183.33	9888	23299	64	2438	 86 
9048.14	13244	23299	39	1473	 85 
8450.29	9075	23299	41	1998	 85 
9859.27	12450	23299	18	919	 82 
9852	11590	23299	30	1044	 66 
9867.4	11543	23299	9	239	 64 
9863.24	13212	23299	5	68	 63 ***
9852.67	11783	23299	27	796	 62 
7856.8	11304	23299	46	1752	 58 
8787.09	11969	23299	40	1341	 52 
7352.61	11961	23299	65	2374	 51 
9861.9	11606	23299	28	810	 50 
9865.65	12775	23299	17	465	 45 
9857.41	13449	23299	11	640	 25 
9862.85	13228	23299	11	136	 23 
7970.99	12435	23299	41	1648	 22 
9250.61	8712	23299	62	2302	 18 
9053.68	11009	23299	38	1660	 16 
9867.9	8969	23299	50	1975	 8 

9831.88	13264	22329	32	1014	 97 
9233.57	13260	22329	37	1494	 96 
9018.22	11298	22329	40	1806	 90 
9839.01	13500	22329	26	1074	 89 
8152.55	10595	22329	58	2082	 84 
9834.28	13679	22329	28	1000	 83 
9842.55	12583	22329	23	913	 80 
9831.18	13431	22329	31	1003	 71 
9842.54	13493	22329	11	201	 67 ***
9842.38	13568	22329	11	244	 58 
7837.25	11475	22329	39	1527	 57 
9031.94	13816	22329	34	1267	 55 
9838.95	15262	22329	27	1042	 55 
9844.62	9994	22329	49	2200	 52 
9839.2	12723	22329	13	300	 48 
9022.87	10798	22329	42	1945	 46 
9834.69	12926	22329	33	1094	 46 
9039.38	10882	22329	38	1650	 45 
9831.89	14021	22329	30	1052	 42 
9842.75	12436	22329	28	1018	 38 
9840.14	12498	22329	33	1388	 36 
8629.25	10939	22329	45	1805	 35 
9830.27	13758	22329	32	1139	 34 
9233.02	10641	22329	41	1710	 31 
7232.54	13554	22329	47	1992	 26 
9844.12	13086	22329	11	277	 23 
8144.62	10882	22329	46	1885	 18 
9832.57	13246	22329	30	999	 16 
9851.17	12148	22329	37	1707	 15 
7580.01	12837	22329	53	2232	 10 
9842.29	13055	22329	12	246	 7 
9027.01	11243	22329	40	1757	 4 
9236.82	10312	22329	49	1864	 2 

10120.3	13736	26894	47	1743	 97 
7447.37	14906	26894	64	2275	 96 
10131	13625	26894	46	1694	 92 
9316.38	13749	26894	46	1607	 91 
9048.12	15046	26894	44	1409	 91 
10120.5	15115	26894	10	90	 91 
10131.5	13031	26894	47	1713	 90 
9050.57	14564	26894	52	1991	 89 
10115	15401	26894	34	979	 87 
10116.8	13747	26894	49	1806	 80 
8708.67	15018	26894	60	2003	 79 
10131	13637	26894	47	1529	 77 
10127	13654	26894	45	1577	 76 
10123.4	16205	26894	9	148	 73 
8935.13	15117	26894	44	1491	 65 
10124.6	14974	26894	11	113	 61 
9323.95	14753	26894	43	1838	 54 
8711.76	16415	26894	47	1529	 51 
10125.7	14747	26894	10	154	 50 
8934.79	15085	26894	49	1865	 49 
10142.8	12244	26894	55	1943	 49 
9044.63	13706	26894	55	2141	 46 
8926.82	14920	26894	53	2110	 46 
10112.9	16381	26894	32	1192	 44 
9321.55	13606	26894	60	2000	 38 
10116.8	14074	26894	39	1589	 37 
10128.5	16040	26894	9	82	 37 ***
10105.3	13061	26894	50	1890	 34 
10113.1	15982	26894	35	1126	 32 
7875.83	17172	26894	61	1879	 31 
10115.7	15704	26894	32	910	 31 
10124	14675	26894	24	900	 27 
9531.02	15442	26894	39	1325	 22 
9513.41	14551	26894	45	1675	 22 
9325.87	15282	26894	40	1373	 21 
10128.4	13850	26894	44	1298	 21 
10116.6	14523	26894	28	1146	 15 
8940.94	14683	26894	49	1972	 14 
10115	16595	26894	23	699	 14 
9318.05	14855	26894	41	1532	 10 
9047.67	13468	26894	66	2320	 10 
10119.1	16713	26894	19	624	 7 
8940	15104	26894	43	1406	 4 
8925.72	15773	26894	58	1932	 4 
10115.4	15776	26894	30	894	 0 

9911.84	13279	24404	27	1027	 99 
8851.81	13558	24404	48	1830	 96 
9920.46	13406	24404	13	511	 95 
9915.54	12032	24404	43	1876	 87 
9107.23	12535	24404	48	1946	 85 
9914.19	13364	24404	24	934	 82 
8853.16	12538	24404	46	1573	 81 
8524.53	12204	24404	62	2273	 79 
9922.06	12825	24404	11	114	 79 
9911.53	13642	24404	25	1024	 66 
9912.1	13191	24404	26	1010	 62 
9921.38	12531	24404	26	994	 56 
9920.12	10892	24404	66	2665	 53 
9311.55	11489	24404	47	1749	 50 
8710.18	11882	24404	51	2069	 48 
9325.36	12091	24404	46	1833	 44 
9913.35	12970	24404	25	1003	 44 
9311.06	11929	24404	47	1818	 39 
9915.35	11269	24404	64	2591	 35 
9117.85	13286	24404	44	1742	 33 
8835.79	11569	24404	62	2622	 32 
9922.82	12991	24404	10	123	 31 ***
9910.13	13266	24404	30	1292	 23 
7765.92	12999	24404	51	2099	 19 
8119.32	11710	24404	63	2188	 7 
9925.46	12821	24404	12	175	 7 
9914.87	12427	24404	45	1968	 4 
8831.71	12838	24404	49	2101	 3 

8474.77	13773	24831	60	2109	 96 
7407.52	14504	24831	61	2192	 95 
8678.4	14909	24831	56	2093	 93 
9862.93	14664	24831	27	1076	 92 
9866.95	14806	24831	25	1142	 91 
8787.87	12122	24831	61	2133	 90 
9865.74	14581	24831	26	1162	 89 
9873.14	13579	24831	12	476	 88 
8688.88	15077	24831	47	1578	 83 
8805.63	12382	24831	45	1241	 77 
8668.68	13080	24831	57	2140	 74 
7626.27	13913	24831	59	1625	 70 
9282.89	14087	24831	40	1074	 68 
7622.56	14376	24831	62	2244	 67 
8797.98	13665	24831	47	1744	 66 
9864.55	14493	24831	27	1097	 65 
9877.14	13327	24831	13	477	 63 
9071.28	13327	24831	41	1646	 61 
8096.39	13720	24831	63	2197	 59 
9866.77	14482	24831	28	1141	 56 
8795.11	14146	24831	47	1713	 54 
8683.96	12914	24831	58	2194	 53 
8680.45	13827	24831	49	1830	 53 
8480.78	13701	24831	63	2202	 52 
9867.92	14204	24831	25	832	 49 
9064.35	13020	24831	44	1370	 48 
9862.59	14461	24831	29	1156	 45 
9867.9	13162	24831	42	1325	 42 
9870.33	12087	24831	14	494	 38 
8795.51	13858	24831	45	1676	 35 
9089.21	13246	24831	43	1217	 30 
9062.09	14159	24831	44	1458	 29 
8785.77	12629	24831	63	2177	 27 
9865.55	12355	24831	56	2157	 26 
8679.1	14203	24831	49	1601	 25 
9287.16	13475	24831	40	1270	 24 
8689.74	14396	24831	44	1195	 21 
9863.8	14313	24831	29	1092	 18 
9878.26	12078	24831	60	2103	 16 
8089.2	12997	24831	66	2226	 15 
8805.28	13534	24831	49	1617	 14 
9879.41	11958	24831	47	1202	 8 
9873.76	13385	24831	11	443	 7 
9871.13	14343	24831	10	402	 3 ***

7993.63	14623	23425	61	1904	 97 
8777.09	13313	23425	43	1306	 94 
9845.11	13983	23425	15	378	 89 
8652.71	13831	23425	49	1563	 88 
8648.11	13439	23425	50	1811	 87 
9845.79	13936	23425	27	777	 87 
8775.19	12819	23425	62	2193	 80 
9849.74	13227	23425	43	973	 76 
9834.62	14790	23425	27	1123	 75 
9833.79	12515	23425	61	2196	 71 
9843.7	14297	23425	15	421	 71 
8670.32	14875	23425	48	1229	 64 
7979.81	14502	23425	65	2184	 60 
9863.35	13933	23425	22	595	 58 
9844.74	13282	23425	48	1549	 57 
9843.95	14000	23425	11	110	 57 ***
8776.81	14988	23425	47	1211	 56 
8073.85	14573	23425	63	1666	 47 
9022.76	12857	23425	59	1745	 42 
8439.59	14821	23425	50	1627	 40 
8656.69	12952	23425	61	1696	 29 
8145.12	14053	23425	58	1709	 26 
9836.22	14467	23425	29	895	 23 
9847.38	12821	23425	52	1703	 22 
9240.82	13104	23425	57	1433	 22 
9849.46	12813	23425	56	1466	 15 
9843.2	14431	23425	30	1165	 13 
9845.94	13861	23425	27	1130	 11 
9835.61	14664	23425	26	895	 9 
9041.85	13260	23425	58	2152	 8 
9848.03	12896	23425	49	1424	 8 
9843.81	14381	23425	13	359	 6 
7986.32	13354	23425	65	2038	 0 

9849.55	15694	23944	45	1387	 100 
9840.03	17340	23944	25	946	 94 
8653.93	17293	23944	46	1386	 87 
9849.75	14362	23944	69	2242	 86 
8435.68	15455	23944	63	1693	 86 
9847.84	15778	23944	26	715	 71 
9846.58	15243	23944	62	1853	 69 
8776.6	16170	23944	60	1613	 68 
9846.48	16045	23944	4	14	 68 ***
9246.28	16348	23944	44	1635	 67 
9036.85	16616	23944	47	1718	 66 
9836.91	17190	23944	31	1248	 66 
9052.84	15489	23944	53	1792	 65 
9846.37	16136	23944	46	1605	 62 
9845.48	16645	23944	20	996	 62 
8769.55	16962	23944	52	1863	 57 
9045.46	17294	23944	44	1185	 56 
9847.3	14873	23944	67	1701	 54 
9838.07	16558	23944	26	948	 51 
9849.58	15239	23944	44	1499	 48 
7968.91	17442	23944	69	2002	 47 
9839.43	17516	23944	24	946	 47 
8774.05	17069	23944	47	1492	 45 
9839.57	15636	23944	48	1836	 44 
9836.48	15888	23944	49	1667	 34 
9838.83	17579	23944	21	919	 31 
8776.1	16390	23944	48	1669	 18 

8826.3	16192	25835	52	1429	 100 
8941.51	13698	25835	62	1204	 99 
9412.73	17593	25835	36	1451	 96 
10020.4	15714	25835	25	1073	 82 
9419.13	16014	25835	38	1512	 78 
8836.6	17723	25835	50	1459	 76 
10018.8	14897	25835	44	1508	 74 
10046.7	11576	25835	64	1814	 70 
10035.2	17292	25835	17	581	 69 
10064.1	15046	25835	31	949	 56 
10029.9	15237	25835	41	1389	 53 
10037	15017	25835	41	1323	 50 
8944.16	13896	25835	48	1569	 48 
8597.66	11820	25835	65	1611	 43 
8941.7	15368	25835	46	1523	 43 
10025.1	15452	25835	28	895	 34 
10033	15057	25835	42	1363	 32 
10036.9	15568	25835	15	431	 30 ***
9208.36	12083	25835	45	1572	 28 
8939.73	14800	25835	62	1489	 26 
9422.5	15773	25835	18	1131	 26 
8960.06	14881	25835	47	1588	 25 
10035.9	16793	25835	16	640	 25 
10032.4	14768	25835	44	1386	 24 
10019.7	15249	25835	40	1442	 19 
8953.21	15476	25835	43	1356	 19 
10036.5	16848	25835	15	642	 19 
10030.4	14783	25835	43	1410	 15 
10023.8	15157	25835	42	1395	 3 
10030.4	17463	25835	17	438	 1 
10039.4	14711	25835	44	1434	 0 

10142.9	16327	27228	57	1598	 99 
9371.28	14485	27228	68	2219	 98 
10161.6	16630	27228	50	1814	 95 
8973.6	16277	27228	61	1684	 95 
10149.4	14923	27228	54	1976	 94 
9112.58	16014	27228	58	1864	 94 
10168.2	16876	27228	23	1190	 93 
9360.48	17561	27228	49	1323	 91 
10170.7	17696	27228	18	591	 89 
8957.07	16998	27228	67	2163	 85 
10165.5	17477	27228	23	1259	 85 
8977.82	16999	27228	52	1770	 72 
10174.5	16845	27228	23	692	 71 
10165.6	18088	27228	12	696	 70 ***
9555.88	14089	27228	59	1809	 68 
10144.1	16401	27228	51	1796	 65 
8971.33	16482	27228	63	1783	 65 
8966.39	18283	27228	57	1891	 63 
10158.7	16098	27228	53	1926	 62 
9557.56	18549	27228	29	1243	 61 
8988.35	15329	27228	65	2120	 60 
8534.2	17585	27228	59	2072	 53 
9563.97	12712	27228	62	1942	 45 
8966.17	19074	27228	50	1483	 41 
8491	14744	27228	69	2244	 40 
9349.18	16507	27228	54	1587	 37 
10164.4	17583	27228	21	1129	 37 
10154.7	17077	27228	24	1163	 30 
10167.9	16116	27228	50	1765	 24 
8973.34	16727	27228	56	1989	 24 
9542.43	12165	27228	66	2140	 19 
10167.3	15819	27228	53	1933	 19 
9360.58	14995	27228	66	2116	 17 
10166.1	16282	27228	52	1849	 16 
9561.48	17697	27228	14	1004	 16 
9373.44	14327	27228	62	1912	 11 
8295.28	18748	27228	68	1975	 5 

10172.8	17037	26361	57	2379	 100 
10165.9	18710	26361	21	406	 99 
10170.9	18041	26361	16	496	 98 
9089.44	20118	26361	59	2375	 96 
10166.6	18550	26361	21	398	 95 
9573.27	14146	26361	58	2487	 92 
10193.8	13282	26361	74	2696	 91 
9572	17374	26361	25	1151	 91 
9350.98	18881	26361	61	2185	 90 
9564.48	19122	26361	20	630	 80 
10176.9	17936	26361	21	944	 75 
9353.37	17571	26361	60	2265	 68 
10164.3	18760	26361	21	649	 68 
9352.21	17394	26361	63	2534	 63 
10165.6	18816	26361	20	390	 60 
9362.24	19376	26361	59	1882	 58 
10175.8	18506	26361	8	588	 58 
10164.7	13809	26361	68	2294	 49 
9370.79	19471	26361	56	2343	 44 
8982.1	20004	26361	60	2404	 43 
9557.79	13565	26361	72	2800	 32 
9570.32	17485	26361	22	1147	 31 
9349.73	14660	26361	70	2432	 27 
9563.12	18556	26361	22	680	 24 
10165.5	18733	26361	21	399	 19 
10175.2	18954	26361	8	303	 16 ***
8304.42	15795	26361	67	2495	 14 
9360.37	13968	26361	68	2319	 9 
10167.3	18442	26361	20	383	 8 
10170.6	18844	26361	10	153	 3 

10094.3	17280	28254	18	570	 99 
9294.79	12891	28254	52	1952	 98 
8915.94	13969	28254	55	2117	 98 
10087.6	16510	28254	27	678	 98 
9490.09	14727	28254	39	1066	 97 
8299.08	12988	28254	56	2159	 96 
9011.24	11995	28254	60	2340	 96 
10102.8	16513	28254	22	891	 94 
10096.4	12185	28254	58	2302	 93 
10102.2	16952	28254	21	377	 76 
7615.75	12470	28254	66	2258	 71 
7851.01	13260	28254	61	2263	 71 
10105	17231	28254	18	754	 71 
7889.29	12472	28254	59	2290	 67 
10095	16844	28254	23	609	 64 
9298.36	12318	28254	59	2253	 61 
9498.22	12432	28254	55	2144	 56 
10098.6	14149	28254	51	1885	 52 
10097.5	12044	28254	57	2245	 50 
10081.1	11956	28254	64	1909	 49 
8115.76	14403	28254	53	1910	 48 
8907.01	12436	28254	62	2312	 48 
10113.4	13192	28254	51	2076	 47 
9282.31	12889	28254	54	2181	 45 
9494.88	12827	28254	55	2081	 42 
10095	17009	28254	23	630	 38 
10100.2	17184	28254	19	367	 33 
10102.3	16390	28254	23	908	 32 
10091.8	17490	28254	21	593	 30 
8706.27	12209	28254	67	2402	 27 
10099.1	16628	28254	23	890	 25 
10107.7	17068	28254	16	254	 21 
10097.6	17086	28254	22	593	 19 
10104.4	12747	28254	53	1948	 18 
10101.2	16517	28254	25	949	 16 
7591.62	13389	28254	60	1852	 9 
9043.42	12521	28254	57	2234	 9 
9016.02	11717	28254	66	2050	 6 
10093.1	11828	28254	63	2287	 5 
9474.4	11676	28254	67	2213	 4 
9532.79	16735	28254	26	950	 3 
10105.5	17097	28254	13	663	 0 ***

8396.68	13930	27773	53	2113	 99 
9273.81	12657	27773	53	1919	 99 
8677.28	12062	27773	73	2518	 97 
8186.1	12264	27773	70	2230	 82 
10099.1	15144	27773	41	1155	 82 
10085.8	16488	27773	20	313	 80 
9496.35	17297	27773	17	723	 76 
9273.08	12720	27773	53	2097	 75 
10083.4	10852	27773	61	2422	 74 
8404.13	12355	27773	58	2268	 71 
10082.2	16939	27773	18	725	 68 
8892.31	11560	27773	55	2033	 66 
10086.1	16365	27773	20	313	 64 
10076.1	16870	27773	26	936	 61 
10086.5	16520	27773	18	729	 59 
10072.1	17115	27773	27	1003	 53 
8076.01	13236	27773	55	2044	 49 
10076.7	16561	27773	28	977	 49 
10086.4	16966	27773	11	132	 48 ***
7581.39	12821	27773	74	2530	 44 
7812.72	12597	27773	71	2367	 44 
10095.7	14229	27773	52	1799	 43 
9004.67	14470	27773	52	1838	 42 
10086.1	16358	27773	21	343	 31 
10086.9	16004	27773	19	309	 22 
8075.43	13827	27773	63	1991	 20 
8195.96	12823	27773	60	1722	 18 
7420.92	12851	27773	65	2120	 17 
10088.6	16297	27773	17	286	 16 
10086	16730	27773	15	720	 9 
10084.9	16320	27773	24	924	 4 
10076.8	16098	27773	25	950	 2 

8351.07	10355	24667	59	1780	 99 
8345.17	9262	24667	63	2087	 97 
10032.7	13736	24667	13	350	 79 
9420.41	10580	24667	39	928	 78 
8142.35	10164	24667	61	1943	 77 
8606.19	10290	24667	54	1744	 77 
8835.04	10704	24667	46	1537	 72 
10028.4	14083	24667	14	352	 72 
8816.18	11404	24667	53	1643	 71 
7860.35	9754	24667	63	2080	 70 
10026.2	14392	24667	10	150	 63 ***
10020.4	13373	24667	21	862	 62 
10027	13193	24667	16	672	 51 
7540.7	10130	24667	62	2061	 45 
8000.73	10687	24667	55	1675	 45 
7065.47	11873	24667	63	2058	 38 
9437.19	9141	24667	57	1753	 34 
7760.79	11127	24667	57	1667	 33 
10031.4	13968	24667	13	415	 29 
8146.22	11859	24667	50	1336	 28 
9415.82	10964	24667	43	1039	 26 
10019.1	13608	24667	18	729	 21 
8825.35	9379	24667	52	1490	 13 
9416.36	11399	24667	25	548	 9 
10027.3	10096	24667	50	1603	 8 
8609.01	9810	24667	56	1764	 5 
8136.85	10393	24667	56	1727	 3 
10033.3	9287	24667	56	1888	 3 
8831.26	11478	24667	51	1678	 2 

8207.2	6661	20742	43	1416	 96 
5919.37	6739	20742	43	1693	 96 
4631.33	5892	20742	58	1947	 96 
7816.56	6410	20742	46	1757	 95 
5537.05	7385	20742	57	1467	 94 
4034.23	7087	20742	58	2014	 93 
9820.02	9969	20742	26	596	 92 
5924.39	5260	20742	53	1914	 89 
6633.84	6088	20742	52	1801	 88 
7424.82	6619	20742	46	1495	 86 
8013.85	6242	20742	48	1830	 84 
9212.1	9758	20742	32	925	 84 
7337.46	6685	20742	45	1221	 73 
9211.63	9936	20742	31	912	 69 
9212.31	9706	20742	32	807	 68 
9217.42	9189	20742	33	877	 67 
5680.65	7314	20742	49	1800	 65 
7809.48	6288	20742	49	1845	 64 
9216.79	10343	20742	25	737	 64 
9813.28	10325	20742	30	849	 62 
5171.02	5553	20742	59	2060	 60 
9212.89	9611	20742	32	807	 57 
8626.59	10094	20742	31	793	 52 
6268.14	6480	20742	47	1776	 51 
8751.25	8710	20742	41	1561	 50 
8626.04	6606	20742	44	1244	 48 
9025.31	6521	20742	44	1496	 45 
8755.96	8019	20742	42	1183	 44 
8413.46	6033	20742	46	1312	 43 
5342.24	7525	20742	48	1770	 31 
7834.19	6039	20742	52	1659	 31 
9221.28	11096	20742	22	689	 17 ***
9208.6	7130	20742	40	1108	 11 
9212.56	9595	20742	33	929	 5 

9444.33	10603	22469	30	704	 99 
7898.52	10214	22469	40	1450	 97 
8974.59	8499	22469	45	1686	 90 
8033.04	9542	22469	39	1267	 82 
8362.93	8565	22469	42	1582	 77 
10059.8	11415	22469	26	534	 75 
6746.57	11176	22469	54	1788	 68 
7891.9	10299	22469	36	1282	 68 
7458.98	9960	22469	41	1251	 60 
7352.94	9872	22469	43	1629	 59 
8847.14	12460	22469	25	586	 57 
7559.94	10527	22469	38	1128	 52 
9447.33	12300	22469	26	676	 52 
9437.59	11117	22469	27	544	 50 
7557.86	8647	22469	56	1829	 48 
6486.09	9068	22469	55	1729	 48 
9237.17	12079	22469	34	1083	 48 
6747.44	10466	22469	49	1712	 47 
7453.25	10633	22469	41	1449	 37 
10048.5	13171	22469	24	657	 33 
8182.46	8435	22469	49	1768	 31 
8155.9	9273	22469	38	1159	 28 
7839.74	9364	22469	41	1037	 25 
9241.08	9745	22469	35	848	 24 
8958.54	10143	22469	35	1075	 24 
6983.7	9812	22469	54	1517	 13 
7554.83	10992	22469	38	1381	 12 
7084.74	8947	22469	44	1372	 11 
10054.2	12195	22469	24	657	 11 ***
8633.38	10726	22469	35	1207	 8 
8956.02	10173	22469	37	1293	 4 
8834.73	12194	22469	29	717	 4 
7359.24	9020	22469	42	1465	 2 
8640.59	7811	22469	50	1691	 2 

10148.6	10674	22941	10	389	 100 
9341.48	9498	22941	25	1357	 87 
7913.45	10324	22941	27	1846	 86 
10156.8	12502	22941	4	265	 81 
7383.77	10115	22941	42	2128	 73 
7657.93	11162	22941	28	1656	 73 
8448.72	9888	22941	24	1402	 67 
7653.27	10045	22941	33	1960	 58 
7045.98	7729	22941	52	2061	 57 
7912.16	9775	22941	29	1742	 53 
8266.58	11063	22941	13	587	 48 
9338.49	11815	22941	8	171	 44 
8737.83	10681	22941	22	1499	 41 
10153.9	12143	22941	5	54	 38 
8258.25	9897	22941	26	1449	 37 
10151.5	10892	22941	8	407	 36 
9341.75	11491	22941	11	449	 31 
10150.9	12618	22941	3	14	 30 ***
9337.75	10773	22941	15	699	 29 
7466.74	12280	22941	30	1780	 28 
8469.64	9167	22941	29	1685	 24 
8256.74	11412	22941	24	1550	 21 
10145.9	11476	22941	10	253	 17 
10141.9	10639	22941	23	1721	 15 
10147.5	11275	22941	9	517	 9 
10147.2	10960	22941	13	600	 7 
6380.16	9194	22941	57	2415	 5 

9002.41	10750	21496	11	219	 98 
6508.69	7084	21496	59	2375	 94 
7333.14	9396	21496	51	2114	 87 
8998.6	11587	21496	27	1868	 84 
6409.07	7661	21496	60	2250	 83 
7341.63	11009	21496	46	2222	 80 
9463.66	10653	21496	28	1429	 76 
7852.75	10996	21496	33	2046	 75 
7586.23	10362	21496	35	2017	 71 
10085.6	11813	21496	9	433	 59 ***
6799.46	11121	21496	51	2350	 50 
7005.25	10159	21496	57	1776	 48 
7593.61	7922	21496	48	2204	 39 
6202.04	8329	21496	60	2261	 38 
7379.44	11524	21496	37	2143	 37 
7930.91	9905	21496	35	2078	 33 
7867.13	10510	21496	31	1510	 22 
7382.85	9681	21496	37	1905	 17 
8180.44	8649	21496	32	1977	 13 
9470.21	9218	21496	27	1471	 10 
8054.74	9686	21496	29	1543	 10 
9467.42	10492	21496	28	1618	 6 

6419.16	8767	21882	52	1794	 99 
8104.84	10794	21882	29	1435	 99 
9993.25	11970	21882	8	174	 95 
9992.6	12289	21882	9	204	 94 
5827.8	8161	21882	58	1955	 91 
8929.47	11830	21882	26	1074	 85 
7513.91	6761	21882	57	2165	 85 
7838.95	11322	21882	28	1393	 83 
6691.24	9663	21882	36	1627	 83 
9998.06	12012	21882	7	142	 83 ***
9393.62	9847	21882	29	1485	 73 
8907.02	11826	21882	27	1577	 72 
7496.85	9474	21882	34	1682	 69 
9395.71	10967	21882	24	1036	 66 
8917.45	12023	21882	26	1203	 64 
9183.83	11324	21882	27	1140	 64 
9995.2	11680	21882	11	486	 62 
9998.8	11816	21882	8	172	 58 
8573.46	9856	21882	29	1431	 55 
8386.13	10301	21882	31	1103	 47 
7769.61	10125	21882	33	1546	 47 
9186.57	11142	21882	25	1100	 44 
9992.15	12544	21882	9	204	 37 
7030.32	8728	21882	54	1889	 35 
8921.35	11520	21882	27	1099	 31 
9993.92	11867	21882	8	174	 28 
8383.97	10776	21882	32	1301	 23 
8364.09	7794	21882	33	1496	 23 
7493.38	6916	21882	35	1540	 16 
7978.61	11068	21882	30	1483	 14 
9203.82	10715	21882	28	1123	 3 
9992.3	12352	21882	9	204	 1 
9389.82	10546	21882	28	1205	 0 

8468.45	11841	24549	56	2154	 100 
10138.1	10374	24549	58	2035	 99 
10137.3	13008	24549	28	1007	 98 
8351.15	11176	24549	58	2187	 97 
9059.47	11503	24549	37	1682	 96 
9074.22	11879	24549	35	1624	 94 
10157.7	12890	24549	26	969	 89 
9540.36	12713	24549	30	1342	 88 
7995.22	13430	24549	31	1315	 87 
8455.07	12798	24549	29	1068	 84 
9546.59	11233	24549	34	1633	 82 
7893.32	11576	24549	61	2093	 82 
8458.77	12512	24549	33	1344	 82 
9335.45	13254	24549	27	1427	 74 
10143.9	14454	24549	6	104	 73 ***
9073	13013	24549	28	1495	 71 
10148.5	12223	24549	30	1365	 65 
9338.51	12084	24549	31	1410	 63 
8476	10897	24549	59	2232	 62 
8465.59	12359	24549	55	2202	 62 
8932.07	11451	24549	41	1738	 61 
9059.53	12095	24549	35	1650	 53 
8147.72	12035	24549	58	2252	 51 
10140	14101	24549	9	187	 46 
10148.2	12859	24549	27	932	 45 
10146.3	13014	24549	27	1224	 42 
9528.77	11398	24549	36	1250	 41 
9059.24	12797	24549	31	1137	 38 
10139	12305	24549	30	1537	 38 
9074.97	12659	24549	31	1357	 37 
8751.77	11930	24549	47	1627	 36 
9068.9	11298	24549	53	1700	 36 
10156.6	13364	24549	26	1156	 31 
9539.17	11326	24549	49	2005	 30 
10149.4	12850	24549	27	1293	 24 
9349.07	11772	24549	32	1632	 22 
8155.32	12443	24549	57	2221	 22 
10153.8	12607	24549	29	1257	 20 
9536.85	11021	24549	54	1913	 20 
10137.3	14630	24549	8	199	 20 
8730.28	12169	24549	32	1403	 17 
9062.13	12760	24549	31	1593	 16 
7653.96	12748	24549	34	1635	 15 
10149.3	11274	24549	32	1340	 15 
8927.19	11820	24549	36	1649	 12 
8115.29	12585	24549	33	1426	 11 
9539.34	13770	24549	26	989	 10 
9068.44	12754	24549	30	1342	 2 
9543.89	12522	24549	30	1480	 1 
8166.5	12304	24549	57	2003	 0 

8002.97	10829	25922	64	2355	 99 
8580.34	9132	25922	60	1971	 99 
8393.77	10759	25922	38	1666	 97 
8113.33	10650	25922	66	2483	 95 
9169.16	11587	25922	33	1375	 94 
8271.02	10280	25922	65	2427	 91 
10252.9	10674	25922	31	1233	 88 
8845.25	9817	25922	35	1445	 83 
8369.71	11952	25922	38	1462	 78 
9645.21	11040	25922	32	1141	 78 
10262.1	11680	25922	27	1292	 77 
8013.41	10715	25922	66	2483	 76 
8256.19	10617	25922	65	2446	 75 
7785.2	11673	25922	62	2269	 74 
9186.02	11308	25922	34	1653	 69 
10254.6	11775	25922	7	98	 65 
9045.22	11605	25922	34	1612	 62 
10253.1	11135	25922	30	1330	 62 
8840.42	10103	25922	36	1508	 58 
10277.3	9341	25922	42	1537	 57 
9182.3	11374	25922	30	1325	 56 
10253	12040	25922	9	114	 56 
8383.36	10451	25922	42	1703	 55 
9456.4	11145	25922	34	1637	 51 
8115.37	12371	25922	57	1995	 50 
10262.8	10888	25922	30	1470	 45 
10253.5	12017	25922	9	114	 45 
7869.74	11596	25922	62	2379	 44 
10254.8	12623	25922	6	38	 43 ***
10253.7	11884	25922	9	114	 42 
8382.33	11872	25922	32	1341	 39 
8373.16	10473	25922	40	1557	 33 
8585.51	11658	25922	36	1363	 33 
8373.06	11912	25922	59	2303	 29 
9658.99	11403	25922	28	1255	 28 
9674.72	9126	25922	67	2484	 28 
8834.86	10605	25922	36	1722	 28 
10270	10555	25922	31	1630	 27 
9446.21	11308	25922	32	1273	 16 
8844.71	11890	25922	30	1351	 16 
10257.3	11141	25922	29	1218	 11 
9660.66	10240	25922	33	1349	 10 
7978.13	11431	25922	65	2232	 4 

