#8005.82	26274	29325	0	0	 96 
#9038.07	25991	29325	0	0	 62 
#9426.47	19955	29325	0	0	 37 ***
#9131.12	22970	29325	0	0	 33 

9284.84	17014	25246	40	1010	 99 
8902.83	20018	25246	84	2934	 91 
8885.94	25954	25246	75	2705	 89 
8904.65	19306	25246	78	2899	 84 
8909.85	17279	25246	35	1512	 79 
8893.72	20080	25246	78	2799	 78 
9281.87	15623	25246	43	951	 78 
10107.1	17103	25246	36	2101	 71 
9286.11	17465	25246	10	255	 67 ***
8419.75	20726	25246	82	2906	 59 
8689.32	20292	25246	82	3036	 51 
8905.65	24498	25246	57	2194	 50 
8907.7	22555	25246	53	2570	 49 
9277.58	22521	25246	34	985	 44 
10114.8	16781	25246	39	2120	 41 
8900.31	20082	25246	75	2458	 37 
10100.8	15602	25246	81	3002	 31 
8908.76	21372	25246	58	2319	 23 
9282.73	18070	25246	13	393	 20 
8895.87	20729	25246	64	2394	 17 
8686.65	21656	25246	78	2331	 16 
8903.35	24724	25246	57	2734	 1 

9337.68	18749	26494	4	94	 97 ***
8145.42	22288	26494	66	2588	 86 
8470.34	20665	26494	76	2429	 86 
8453.49	20789	26494	47	2018	 73 
9342.46	16469	26494	6	231	 70 
9072.18	18818	26494	39	1566	 58 
9331.3	22861	26494	35	862	 35 
9331.06	18891	26494	38	874	 34 
8532.4	17381	26494	44	2319	 29 
9346.16	15873	26494	8	529	 29 
9325.24	19242	26494	37	807	 28 
9054.91	17104	26494	84	3008	 5 
9335.2	17149	26494	5	170	 2 

10289	13541	29672	52	2432	 94 
9466.39	17112	29672	32	1376	 94 
10265.6	14123	29672	42	2334	 85 
9080.95	17646	29672	42	2005	 79 
9197.43	14515	29672	71	2477	 76 
9085.33	15402	29672	47	2008	 71 
10270.1	15501	29672	38	1627	 66 
10269.1	14606	29672	40	1744	 63 
9456.18	19602	29672	39	964	 61 
9673.11	14476	29672	70	2777	 59 
8409.13	17732	29672	59	2126	 56 
10287.3	13975	29672	69	2769	 55 
9210.55	15758	29672	40	1709	 55 
8585.91	16370	29672	73	2780	 49 
10262	14472	29672	68	2365	 44 
9089.9	14896	29672	70	2773	 43 
9480	14396	29672	73	2643	 40 
8385.59	16738	29672	73	2251	 34 
9195.02	15806	29672	40	2101	 33 
9084.74	16503	29672	59	2637	 32 
8378.85	21056	29672	69	2359	 32 
9192.27	16607	29672	45	1918	 31 
8590.04	16973	29672	65	2597	 31 
9463.67	14500	29672	42	956	 22 
10278.2	15359	29672	34	1659	 18 
8593.5	16754	29672	44	1825	 17 
10274.1	14095	29672	38	1891	 12 
9466.94	16483	29672	5	343	 8 ***
8598.33	15719	29672	78	2799	 6 
9462.24	18852	29672	36	706	 1 
10269.3	16127	29672	36	1260	 0 

9318.45	14956	29293	5	50	 96 
10131	12105	29293	26	1367	 95 
9339.6	12594	29293	28	697	 88 
9315.95	11461	29293	31	1146	 87 
10137.4	13688	29293	3	13	 87 ***
9313.52	13209	29293	30	759	 85 
8225.5	10111	29293	69	2576	 84 
10133.9	11168	29293	33	1584	 83 
9325.21	13803	29293	6	118	 75 
10146.6	9859	29293	51	2226	 74 
9318.83	13694	29293	27	683	 72 
7892.95	12884	29293	66	2309	 68 
8437.3	11153	29293	68	2660	 67 
8116.3	11368	29293	41	1898	 67 
8707.63	11294	29293	65	2377	 66 
9531.52	11583	29293	29	1363	 63 
9055.27	11765	29293	32	1662	 59 
8255.26	11432	29293	36	1927	 58 
9525.7	10443	29293	66	2394	 49 
8494.5	10076	29293	68	2579	 49 
9318.5	14049	29293	11	171	 43 
7903.71	11293	29293	69	2347	 39 
9325.78	13854	29293	5	88	 39 
10123.7	11371	29293	32	1859	 38 
9047.51	10351	29293	67	2574	 34 
8712.07	10798	29293	64	2284	 34 
9319.07	13485	29293	15	449	 34 
9321.92	12910	29293	30	714	 33 
10130.3	12590	29293	4	83	 30 
8695.1	11298	29293	66	2400	 23 
9313.04	10532	29293	34	1708	 19 
9319.51	14567	29293	8	126	 12 
8442.43	12069	29293	31	1577	 7 
8717.61	10658	29293	38	1942	 3 
8241.5	9902	29293	70	2447	 3 
9308.02	13231	29293	28	697	 2 

10048.6	12347	27923	28	1160	 100 
8429.75	12169	27923	58	2313	 99 
10025.3	13027	27923	8	219	 95 
10031.1	13980	27923	4	192	 93 ***
10031.7	11483	27923	30	1408	 81 
8122.3	11974	27923	59	2082	 81 
8818.87	11739	27923	34	1406	 79 
8334.94	12560	27923	37	1758	 79 
9225.24	12052	27923	30	1574	 76 
9225.91	11643	27923	34	1681	 75 
9230.02	11461	27923	32	1698	 73 
8023.32	10056	27923	61	2042	 67 
10028.7	12966	27923	8	188	 67 
8027.59	12811	27923	38	1678	 60 
10028.3	13125	27923	7	158	 60 
8024.14	13441	27923	40	2003	 57 
10035.6	13457	27923	6	211	 56 
10027.4	13954	27923	7	215	 50 
10024.7	11455	27923	35	1803	 46 
8947.89	13082	27923	31	1628	 42 
8596.46	11952	27923	53	2116	 38 
7776.47	12887	27923	63	2161	 38 
8842.02	13332	27923	31	1346	 33 
8609.76	10524	27923	38	1695	 33 
10030.8	11581	27923	29	1469	 29 
9436.38	14569	27923	15	480	 28 
10025.3	14085	27923	6	211	 26 
8224.3	13910	27923	35	1663	 25 
10030.1	12700	27923	9	203	 24 
7769.52	13922	27923	63	2318	 21 
9221.01	11441	27923	36	1842	 21 
8959.11	12776	27923	32	1446	 17 
8832.14	11701	27923	33	1385	 16 
7785.68	14428	27923	57	2092	 14 
10026.1	11844	27923	31	1578	 7 

9267.22	12210	23299	8	219	 100 
9262.39	9957	23299	57	1932	 99 
8780.28	11534	23299	36	1230	 98 
9846.36	9772	23299	64	2231	 97 
7961.54	10768	23299	61	2018	 94 
9846.74	9393	23299	61	2178	 91 
9044.01	9956	23299	61	2353	 91 
8660.4	11555	23299	35	1459	 89 
8457.61	10749	23299	39	1571	 88 
8674.96	13751	23299	30	1027	 87 
8182.4	10136	23299	55	2255	 75 
8177.94	11201	23299	52	1888	 61 
9866.21	12418	23299	6	233	 59 
9855.86	11747	23299	33	1100	 53 
9867.08	9219	23299	43	1722	 51 
9851.84	9886	23299	40	1961	 48 
9864.9	12367	23299	7	394	 48 
8779.75	11441	23299	38	1549	 42 
8786.72	10670	23299	48	1874	 41 
7584.92	12114	23299	42	1892	 37 
9254.71	10624	23299	40	1854	 37 
8240.64	10126	23299	61	2140	 36 
9041.98	9968	23299	42	1831	 36 
9257.93	10232	23299	34	1602	 25 
7252.93	9793	23299	63	2055	 23 
7982.9	12150	23299	39	1439	 19 
9855.59	12096	23299	30	859	 18 
8454.4	12136	23299	40	1716	 16 
9852.68	9837	23299	39	1686	 10 
9048.32	9067	23299	65	2340	 4 
7718.18	11956	23299	51	2195	 3 
9866.25	12533	23299	5	203	 0 ***

7579.83	12584	22329	54	1914	 89 
9843.34	14797	22329	23	924	 87 
9838.88	14095	22329	24	914	 85 
9846.32	13518	22329	3	127	 82 ***
8760.53	10684	22329	35	1769	 74 
9835.97	14664	22329	24	845	 72 
9841	12378	22329	30	1548	 69 
9847.88	12605	22329	6	348	 69 
9850.6	10013	22329	57	1729	 64 
8643.07	10945	22329	31	1485	 63 
8156.98	10670	22329	55	2035	 63 
7572.02	11546	22329	56	2036	 62 
9844.15	12695	22329	6	169	 61 
9843.55	12205	22329	30	667	 58 
9843.84	12036	22329	25	629	 54 
9837.51	12958	22329	29	989	 50 
9250.16	13567	22329	29	1461	 45 
9038.22	13920	22329	29	1503	 43 
9834.25	10475	22329	33	1774	 42 
9845.15	13049	22329	4	138	 41 
8170.32	12076	22329	32	1576	 40 
7581.14	11536	22329	42	2100	 20 
9845.43	11524	22329	27	705	 16 
8427.87	11604	22329	31	1508	 10 
8163.21	11548	22329	34	1532	 7 
9220.21	10144	22329	34	1851	 4 

9327.57	14838	26894	29	700	 100 
10136.2	13583	26894	44	1699	 99 
9323.76	16582	26894	16	575	 87 
10105.8	13570	26894	62	2092	 86 
10140.6	14774	26894	34	1466	 74 
10121	14696	26894	35	993	 69 
10122.1	13620	26894	35	1021	 42 
9314.26	15948	26894	32	1072	 38 
8255.29	15551	26894	59	1902	 35 
10127.4	15347	26894	8	717	 35 
9313.89	17546	26894	23	802	 32 
8503.9	14872	26894	39	1628	 31 
10116.2	13033	26894	57	2244	 31 
9293.39	13495	26894	63	2213	 30 
10129.5	13485	26894	53	2055	 29 
9318.5	16332	26894	29	949	 26 
7856.44	14745	26894	64	2230	 22 
10124	15820	26894	4	110	 22 ***
9514.69	14026	26894	41	1551	 21 
9301.26	13786	26894	56	2002	 21 
9316.63	17416	26894	27	952	 19 
9044.52	13675	26894	61	2224	 18 
10119.5	15745	26894	28	1106	 14 
9314.44	16142	26894	31	1177	 12 
10114.8	13657	26894	46	1789	 8 
8922.96	14037	26894	37	1684	 7 
9315.52	14909	26894	30	737	 6 

8827.77	11210	24404	66	2382	 100 
9113.99	13631	24404	11	424	 100 
9936.8	12696	24404	29	706	 99 
8734.88	12202	24404	63	1956	 98 
8224.29	11917	24404	69	2711	 89 
9105.61	14300	24404	27	866	 89 
9320.49	11282	24404	64	2567	 81 
8042.09	14112	24404	67	2395	 78 
8729.98	12916	24404	51	2167	 72 
8513.12	12970	24404	45	2201	 70 
8842.81	12646	24404	47	2111	 65 
9115.08	13131	24404	24	866	 65 
9115.48	12385	24404	46	1932	 61 
9115.05	13174	24404	11	571	 53 
9113.8	13265	24404	25	874	 52 
9112.79	12846	24404	29	1163	 50 
9112.91	13381	24404	26	760	 49 
9109.24	14151	24404	27	844	 46 
9107.47	13372	24404	31	1208	 42 
9916.02	11550	24404	40	1512	 39 
8231.3	12827	24404	63	2308	 36 
8738.41	11649	24404	48	2154	 30 
9326.87	12029	24404	43	1797	 28 
9109.12	14314	24404	25	592	 28 
9120.82	12583	24404	43	1892	 26 
9110.46	12627	24404	44	1604	 25 
9110.94	12799	24404	32	996	 25 
8720.65	12398	24404	63	2287	 21 
9927.89	12739	24404	10	541	 18 ***
8054.5	12856	24404	52	2251	 16 
8706.93	13180	24404	43	1790	 14 
9125.36	12031	24404	35	1109	 6 
9116.26	12998	24404	25	592	 3 
9918.27	11010	24404	67	2655	 2 
9110.61	12931	24404	30	973	 2 
9915	11281	24404	46	2111	 1 
8720.3	11756	24404	66	2614	 0 
9116.05	13110	24404	25	814	 0 

9883.73	12699	24831	10	691	 98 
9873.34	14310	24831	25	1035	 95 
7994.24	14466	24831	62	1764	 93 
8009.68	14453	24831	60	2124	 88 
9869.52	12647	24831	36	1439	 84 
9877.15	14959	24831	24	1126	 84 
8809.5	12038	24831	37	1317	 76 
9870.72	14756	24831	31	1205	 73 
8078.61	13998	24831	58	2112	 65 
9895.44	11838	24831	60	2114	 57 
8802.84	14364	24831	39	1537	 50 
8673.42	13830	24831	57	1991	 47 
8679.75	12470	24831	40	1762	 44 
9858.31	11861	24831	60	1973	 43 
9880.22	13344	24831	4	400	 43 ***
9067.65	13280	24831	33	1092	 42 
8678.6	13588	24831	50	1695	 34 
9876.39	14117	24831	31	1220	 34 
9873.19	14799	24831	30	1218	 29 
8677.16	13632	24831	61	1956	 28 
9061.92	14070	24831	36	1498	 28 
9879.69	14668	24831	18	566	 27 
9879.47	14253	24831	27	1169	 26 
9880.69	13261	24831	25	1037	 21 
8199.96	14184	24831	57	1939	 20 
9871.84	12584	24831	35	1377	 18 
9877.86	13724	24831	29	1203	 12 
7988.88	13087	24831	64	2089	 8 
9883.51	12894	24831	30	1058	 5 
7975.3	13551	24831	65	2242	 3 
8456.34	12967	24831	63	2011	 3 
9872.76	12009	24831	36	1253	 3 
9882.82	13246	24831	9	507	 3 
9875.22	11841	24831	60	2027	 2 
6915.39	13936	24831	64	2196	 2 

8771.6	13330	23425	41	1508	 100 
9041.52	13738	23425	5	294	 98 
8663.6	14650	23425	39	1596	 96 
8656.43	13534	23425	41	1730	 93 
9845.57	12783	23425	46	1805	 92 
9850.5	12697	23425	51	1616	 88 
9842.61	13212	23425	25	1087	 86 
8786.7	13154	23425	61	1907	 84 
9032.11	14767	23425	27	771	 75 
8655.37	14029	23425	40	1401	 74 
9250.1	13300	23425	59	1796	 71 
8772.81	14386	23425	37	1677	 65 
9045.42	13097	23425	62	2052	 58 
9850.76	13557	23425	3	141	 57 ***
7957.24	14310	23425	42	1755	 52 
7578.21	13803	23425	44	1328	 50 
8787.16	13061	23425	64	2237	 50 
8673.03	13431	23425	66	2276	 42 
9850.98	13367	23425	4	142	 40 
9850.67	13292	23425	6	141	 39 
8156.4	13676	23425	57	1566	 38 
9837.04	12964	23425	40	1379	 38 
9237.93	12722	23425	65	1918	 38 
9034.68	13828	23425	27	763	 38 
8653.95	13554	23425	62	2093	 29 
9851.81	12975	23425	6	148	 20 
9847.26	12755	23425	39	1522	 18 
8778.63	14118	23425	39	1248	 14 
9851.49	12105	23425	44	1776	 6 
9847.81	12470	23425	63	2049	 5 
8752.11	13176	23425	63	1962	 4 
9835.03	12283	23425	67	2317	 1 

9842.82	14838	23944	44	1401	 95 
9033.83	16771	23944	40	1671	 93 
9044.73	15528	23944	7	116	 88 
8774.12	15566	23944	70	1980	 87 
8648.12	17198	23944	50	1600	 86 
9043.79	16347	23944	34	1098	 85 
9040.42	17340	23944	23	770	 81 
9046.93	15147	23944	8	422	 71 
8660.88	16177	23944	60	1798	 68 
9043.28	16914	23944	28	1053	 60 
9042.28	17047	23944	24	978	 56 
9039.86	16996	23944	29	1026	 51 
9853.38	15804	23944	6	301	 38 
8427.08	16883	23944	67	2003	 33 
9035.5	14999	23944	45	1789	 33 
9042.37	17664	23944	17	614	 22 
9854.46	14820	23944	69	1888	 19 
8768.75	16034	23944	44	1613	 14 
9855.44	15711	23944	4	267	 11 ***
8659.77	17021	23944	65	2178	 2 

10046.3	12113	25835	41	1552	 100 
8932.91	12604	25835	65	1273	 91 
9230.58	14994	25835	32	1084	 89 
9220.27	12553	25835	47	1625	 85 
9239.62	15924	25835	17	527	 78 
9225.04	15981	25835	29	885	 77 
8928.15	10742	25835	68	1873	 76 
10039.6	13950	25835	45	1587	 75 
9225.02	16079	25835	29	1097	 75 
9226.46	15260	25835	31	1039	 73 
7751.29	16977	25835	64	1384	 66 
8835.89	13377	25835	65	1611	 62 
9225.9	15643	25835	26	857	 39 
7865.28	13712	25835	58	1206	 35 
9216.12	15264	25835	35	1440	 20 
9239.77	14252	25835	26	774	 11 
9235.33	15479	25835	29	771	 10 
9225.51	16423	25835	18	531	 6 
10020.4	15383	25835	13	472	 5 ***
8944.87	14324	25835	48	1615	 3 
9224.72	15867	25835	31	781	 3 
9224.58	16165	25835	29	1026	 1 
8956.46	14160	25835	37	1510	 0 

8967.69	16526	27228	47	1495	 89 
8760.87	13930	27228	55	1455	 89 
10149.3	16480	27228	26	887	 87 
8464.31	15887	27228	66	1920	 85 
10158.9	16888	27228	8	360	 84 ***
10152.4	16506	27228	9	375	 83 
8172.12	19395	27228	69	2234	 80 
10148.5	17007	27228	19	838	 71 
10152.3	17535	27228	10	420	 70 
10149.4	16978	27228	12	485	 65 
10159.2	15913	27228	22	904	 58 
8464.79	15387	27228	64	2064	 57 
9588.96	13233	27228	69	2245	 49 
10152.4	15678	27228	51	1748	 44 
10144.3	17175	27228	21	686	 44 
10143	17012	27228	23	687	 29 
10152	16315	27228	21	657	 27 
10147.6	17209	27228	11	400	 20 
10151.7	16520	27228	14	298	 17 
10148.4	16449	27228	54	1731	 15 
10155	15992	27228	11	424	 8 
10143.5	16577	27228	24	879	 3 

10161.4	18245	26361	21	933	 100 
9102.89	18322	26361	52	2150	 97 
10171.9	17590	26361	4	43	 90 
10161.6	17646	26361	54	2279	 86 
10168.8	17093	26361	7	358	 86 
9365.14	16243	26361	56	2306	 81 
8554.72	14134	26361	57	2457	 79 
10165.1	17335	26361	54	2391	 78 
10161.5	17938	26361	18	599	 67 
10167.4	17105	26361	21	622	 59 
10168.3	16261	26361	52	2362	 55 
10168.4	17891	26361	3	35	 49 ***
10168.4	17120	26361	6	354	 40 
8015.91	18023	26361	67	2386	 38 
10146.5	13305	26361	69	2234	 38 
10171.2	17048	26361	19	840	 35 
10165.1	17820	26361	4	65	 32 
9576.41	13925	26361	57	2489	 30 
9120.72	13316	26361	75	2693	 27 
10161.1	18337	26361	22	911	 23 
10176.5	16212	26361	56	2438	 22 
10162.4	17857	26361	15	504	 17 

7879.33	11279	28254	53	1845	 93 
7624.32	13223	28254	61	2049	 93 
10101.6	17292	28254	10	365	 91 
10104	15606	28254	46	1654	 90 
8506.13	12172	28254	49	2048	 87 
10085.6	13045	28254	48	1961	 75 
9017.05	14857	28254	48	2022	 74 
9492.54	13286	28254	47	2030	 73 
10093.4	16556	28254	45	1553	 61 
9493.45	12104	28254	52	1864	 59 
10091	11961	28254	50	1991	 44 
9491.62	12163	28254	52	2113	 42 
10098.7	12507	28254	47	1971	 33 
7506.08	12122	28254	67	2146	 25 
9299.11	13218	28254	48	1856	 24 
10107.8	17387	28254	7	398	 24 ***
10096.6	16148	28254	26	727	 22 
8407.83	13364	28254	52	2113	 18 
9016.18	16881	28254	12	553	 8 
10109.2	15783	28254	45	1803	 2 
10091.4	12888	28254	48	1953	 1 

10069.4	16719	27773	21	918	 100 
10072.9	12321	27773	60	2200	 97 
10078.9	16517	27773	5	115	 97 
10072.2	16452	27773	22	896	 92 
9013.78	12205	27773	67	2134	 90 
10068.9	16983	27773	24	926	 86 
10059.6	12034	27773	72	2217	 84 
10074.7	16477	27773	9	449	 83 
10069.6	16628	27773	20	851	 82 
8296.67	12351	27773	76	2538	 81 
10077.6	15582	27773	22	654	 81 
9278.5	11923	27773	74	2388	 80 
10081.7	16426	27773	5	96	 78 ***
10078.7	16283	27773	7	385	 74 
8671.36	13030	27773	54	2128	 72 
8190.08	12358	27773	60	2226	 69 
10078.7	16343	27773	20	609	 61 
8178.82	12612	27773	73	2548	 48 
8677.43	10985	27773	76	2519	 48 
9001.06	12124	27773	69	1455	 48 
8384.57	12960	27773	58	2267	 40 
10061.6	11977	27773	73	2186	 37 
10081.5	15213	27773	21	893	 36 
7818.21	12681	27773	61	1913	 34 
10073.7	16665	27773	18	817	 30 
10077.6	15798	27773	24	986	 28 
10078.2	11861	27773	73	2416	 26 
10077.2	16077	27773	21	921	 26 
8206.23	13304	27773	53	2204	 25 
10079.8	15847	27773	8	177	 24 
10078.3	15995	27773	21	620	 21 
9277.26	14284	27773	52	1979	 18 
10079.4	16238	27773	19	601	 16 
9285.45	12772	27773	57	2139	 5 
9281.19	12892	27773	56	2219	 4 
9479.87	12629	27773	52	1972	 1 
7584.83	14401	27773	67	1914	 1 
10070	16414	27773	28	977	 1 

9228.3	10749	24667	38	1167	 97 
8839.01	10910	24667	51	1829	 96 
7767.78	10335	24667	53	1640	 94 
8356.58	9311	24667	62	1969	 91 
10025.4	12922	24667	20	884	 89 
7291.17	10038	24667	62	2035	 86 
9416.97	10007	24667	51	1843	 79 
8335.35	9677	24667	55	1312	 79 
10030.1	13349	24667	16	728	 75 
10019.8	9628	24667	51	1635	 74 
10028.2	12855	24667	24	954	 74 
10042.7	9583	24667	53	1522	 70 
8955.83	9916	24667	53	1618	 70 
10022.8	12952	24667	18	806	 68 
9428.7	10544	24667	48	1552	 66 
9216.78	10704	24667	48	1722	 65 
10026	13475	24667	17	815	 61 
10022.2	13806	24667	15	731	 57 ***
7762.56	9841	24667	56	1594	 56 
10021.9	13534	24667	22	963	 51 
10018.7	13329	24667	23	867	 48 
7216.81	10322	24667	60	1854	 43 
10035.7	12526	24667	25	984	 39 
9215.5	10904	24667	51	1875	 31 
10044	12450	24667	28	1044	 31 
8418.8	11572	24667	50	1828	 27 
10016.4	13302	24667	25	744	 25 
10014.4	10006	24667	49	1746	 22 
8947.66	13964	24667	49	1102	 20 
10032.5	12934	24667	19	611	 18 
9216.06	10753	24667	49	1750	 16 
8419.91	8321	24667	56	1752	 14 
9432.53	10341	24667	48	1833	 13 
8159.32	9988	24667	52	1869	 12 
10037.4	12804	24667	17	769	 12 
9223.46	10669	24667	48	1683	 8 
8356.73	8855	24667	56	1637	 8 

7340.92	6024	20742	58	2033	 99 
6731.17	6196	20742	48	1623	 98 
6351.36	6632	20742	48	1799	 98 
8406.59	8144	20742	38	716	 96 
7810.91	6923	20742	45	1407	 95 
5945.86	7385	20742	47	1815	 93 
8427.32	8958	20742	29	1071	 86 
5352.45	6562	20742	63	1778	 85 
8420.43	10588	20742	27	603	 80 
7223.06	7511	20742	46	1821	 73 
5682.79	7105	20742	54	1671	 66 
6723.49	6432	20742	58	1948	 59 
9834.53	7352	20742	44	1502	 59 
5108.8	6850	20742	64	1793	 58 
7329.98	7303	20742	46	1379	 55 
8419.36	6188	20742	48	1830	 54 
7562.33	5456	20742	63	1999	 51 
8210.62	7611	20742	44	1569	 49 
5452.22	7855	20742	51	1855	 41 
7347.77	5808	20742	49	1882	 38 
8418.13	8496	20742	32	904	 37 
6284.74	6279	20742	62	1962	 36 
9225.21	9629	20742	26	588	 34 ***
6352.91	6527	20742	59	2070	 22 
6142.69	6664	20742	48	1834	 22 
6416.49	6519	20742	55	1921	 19 
7936.09	6428	20742	47	1608	 19 
9241.48	8779	20742	31	889	 5 
9016.77	7890	20742	37	1172	 4 
9225	9544	20742	27	710	 1 

9228.08	11373	22469	34	1409	 100 
9432.01	10094	22469	33	1317	 94 
7278.84	9786	22469	39	1604	 93 
8028.09	8616	22469	42	1642	 93 
8631	9485	22469	35	1224	 90 
6980.32	11451	22469	41	1270	 90 
6982.61	10365	22469	57	1807	 88 
9453.44	12082	22469	22	526	 82 
8967.67	12098	22469	29	1310	 77 
7080.6	7633	22469	43	1421	 72 
8973.61	11815	22469	32	1381	 66 
7283.34	9149	22469	39	1364	 65 
9452.98	9972	22469	34	1453	 58 
9222.86	11789	22469	34	1358	 47 
9239.82	10325	22469	32	1397	 46 
6980.93	10399	22469	56	1822	 41 
8625.49	9867	22469	37	1190	 36 
9239.64	10309	22469	33	1224	 28 
8966.33	8789	22469	39	1340	 28 
9230.49	10702	22469	24	1269	 27 
9452.23	13070	22469	23	442	 26 
10052.8	12020	22469	21	616	 21 ***
7083.41	9876	22469	36	1284	 15 
8626.11	9163	22469	38	1314	 15 
8641.18	8464	22469	41	1403	 15 
7002.04	9597	22469	59	1890	 14 
8641.33	12307	22469	34	1407	 3 

7661.23	10322	22941	37	2013	 91 
9559.67	8934	22941	57	2503	 87 
9078.6	9614	22941	53	1893	 80 
8158.65	9625	22941	58	2279	 80 
9557.44	9209	22941	44	1937	 71 
10141.6	10245	22941	12	214	 66 ***
8538.82	10174	22941	37	1840	 63 
8534.14	9380	22941	57	2196	 63 
9536.45	9221	22941	46	2076	 62 
8121.58	9984	22941	42	2154	 54 
7044.04	10164	22941	52	2227	 51 
7648.47	10819	22941	45	1718	 49 
8750.96	9690	22941	56	2431	 49 
7074.68	11153	22941	40	2212	 45 
9325.24	9634	22941	31	611	 45 
8247.53	9893	22941	45	1967	 33 
9359.48	9224	22941	59	2455	 29 
8008.2	11695	22941	35	1817	 26 
8261.99	10216	22941	25	1824	 26 
7461.13	11017	22941	44	1937	 16 
10147.8	9184	22941	46	2211	 13 
8157.2	9626	22941	57	2275	 5 
8968.65	10171	22941	37	2105	 2 
8154.63	10577	22941	36	2053	 1 

8669.87	10101	21496	28	820	 99 
8452.41	9893	21496	38	1965	 98 
7591.29	10377	21496	41	2229	 98 
8204.02	11582	21496	37	1800	 96 
6843.38	10834	21496	56	2388	 96 
8060.5	10135	21496	39	2083	 82 
6662.12	10094	21496	58	2071	 81 
8063.96	9406	21496	42	1921	 74 
9289.4	8982	21496	41	1717	 72 
8989.22	9810	21496	38	1883	 63 
10072.5	10077	21496	27	760	 58 
8221.12	8110	21496	63	2277	 56 
8682.92	8441	21496	44	2011	 56 
8657.09	9041	21496	42	2099	 56 
9262.01	9748	21496	28	775	 54 
8396.39	10691	21496	32	1678	 53 
7311.62	10309	21496	44	1919	 53 
7367.53	10386	21496	42	2011	 51 
7836.23	9428	21496	42	1817	 49 
7079.18	8860	21496	49	1751	 47 
8664.74	9804	21496	41	2061	 45 
10087.7	10005	21496	20	584	 41 
7388.98	8552	21496	45	2267	 38 
9266.03	10434	21496	23	493	 35 
7600.76	9043	21496	43	2061	 29 
10084.9	11006	21496	21	577	 27 
9264.42	10669	21496	26	745	 24 
7856.06	11159	21496	38	1839	 23 
10076.1	9960	21496	27	576	 22 
8865.23	9731	21496	41	2009	 17 
8056.38	11003	21496	39	1941	 7 
9483.93	10401	21496	27	576	 6 
9262.42	11072	21496	17	465	 0 ***

9382.82	6965	21882	53	2018	 97 
8596.56	8245	21882	46	2006	 75 
8319.71	11106	21882	30	1323	 66 
6509.15	11095	21882	50	1807	 62 
6137.15	9227	21882	59	1937	 62 
7790.14	8866	21882	43	1581	 61 
7234.79	10392	21882	33	1473	 59 
8103.92	8033	21882	57	1954	 59 
8321.25	9224	21882	38	1899	 59 
8922.5	8748	21882	37	1860	 53 
9187.96	7611	21882	55	1511	 53 
7841.71	8638	21882	51	1973	 52 
6127.46	9937	21882	58	1898	 50 
8382.03	10771	21882	31	1247	 50 
8217.04	8315	21882	46	1539	 48 
6590.28	10744	21882	57	1678	 46 
8314.77	9996	21882	32	1465	 46 
6697.46	8761	21882	49	1885	 45 
7516.63	8574	21882	54	1812	 42 
7318.39	9306	21882	38	1670	 39 
8597.89	8753	21882	35	1799	 36 
7284.32	9842	21882	46	1476	 35 
8576.62	10473	21882	26	1258	 32 
8326.34	8029	21882	52	1988	 28 
8795.42	7415	21882	61	2211	 22 
8596.58	7742	21882	38	1147	 17 
7528.39	7535	21882	58	2060	 17 
9187.39	11823	21882	11	492	 17 ***
9187.78	10844	21882	12	477	 14 
7166.46	9866	21882	48	1931	 9 
7536.2	8413	21882	57	2045	 9 
7495.49	9662	21882	35	1568	 5 
9184.49	10628	21882	22	695	 1 

9532.91	11702	24549	38	1824	 99 
8144.51	12042	24549	37	1371	 98 
10152.8	11302	24549	36	1899	 98 
9344.56	12586	24549	31	1583	 95 
8353.53	11868	24549	34	1556	 91 
8486.11	12719	24549	33	1387	 86 
10156.7	10962	24549	53	1841	 79 
7461.07	11844	24549	57	1957	 79 
8266.52	10825	24549	62	2374	 68 
9337.85	13746	24549	10	124	 64 ***
7377.83	12003	24549	53	2165	 62 
9535.81	10793	24549	59	2310	 62 
8954.5	11249	24549	39	1960	 59 
9338.42	13536	24549	11	113	 46 
7987.39	13138	24549	38	1884	 45 
9082.13	11715	24549	37	1937	 40 
8160.26	11467	24549	61	2145	 37 
9548.59	11673	24549	36	1892	 37 
10161.2	9911	24549	58	2038	 36 
9339.76	13277	24549	13	406	 33 
9335.58	13865	24549	14	421	 30 
9351.55	11841	24549	36	1780	 28 
8385.39	11801	24549	60	2100	 28 
8457.82	11391	24549	53	1880	 26 
7551.94	11903	24549	39	1930	 25 
9538.44	11044	24549	37	1839	 16 
8149.65	13104	24549	32	1518	 16 
10153.2	12761	24549	30	1646	 13 
9082.21	13049	24549	32	1549	 10 
9334.46	11964	24549	33	1756	 3 
9336.75	13651	24549	28	551	 3 
10143.1	11421	24549	32	1775	 2 

7787.34	11728	25922	66	2409	 100 
10262.5	11819	25922	10	422	 99 
7988.73	12076	25922	62	2140	 97 
8114.81	11706	25922	56	2067	 94 
8476.91	10139	25922	35	1835	 88 
8054.29	10657	25922	59	2056	 85 
8385.74	10338	25922	65	2164	 80 
10256.6	11895	25922	8	110	 79 ***
8661.61	9526	25922	59	1842	 77 
10275.6	10941	25922	34	1638	 76 
9648.92	10975	25922	34	1516	 75 
9076.8	11065	25922	31	1219	 72 
10265.9	11810	25922	12	652	 66 
7782.17	11785	25922	64	2409	 58 
10263.8	11060	25922	33	1767	 55 
9454.16	12694	25922	15	496	 55 
9197.05	11430	25922	30	1492	 48 
9459.29	12041	25922	16	500	 46 
8267.38	11499	25922	41	2007	 40 
9675.9	9234	25922	51	2149	 31 
8374.47	10786	25922	58	1945	 30 
10269.8	11787	25922	9	371	 29 
8386.55	10687	25922	54	1478	 23 
8583.13	9621	25922	55	2051	 19 
8662.19	11320	25922	33	1610	 17 
9459.46	11826	25922	16	500	 3 

