#2500	0	404	0	0	80	192	2872	480	1812	
#2340	0	200	224	400	560	3428	996	192	0	
#244	400	2224	32	80	0	352	4128	720	160	 ***
#112	644	244	2352	624	0	160	272	0	3932	

320	320	112	32	80	0	3828	1900	720	240	
336	80	80	320	384	0	2064	480	3808	0	
160	0	0	980	660	512	2020	1028	1872	320	
560	724	84	336	560	32	432	64	4760	0	
624	192	272	112	0	640	160	4604	948	0	
240	240	80	96	160	560	664	464	5048	0	
240	320	80	144	80	0	4948	1116	464	160	
240	0	1056	512	240	80	80	4912	0	432	
640	432	112	32	144	0	480	4832	720	160	 ***
1796	80	0	112	2000	400	0	168	80	2916	
912	0	160	0	224	112	1024	148	4456	516	
244	352	800	1668	324	1024	256	2820	64	0	
276	160	640	80	112	1760	272	3324	928	0	
352	320	80	1440	80	0	160	2700	720	1700	
112	352	2048	160	32	240	464	3708	276	160	
240	320	64	196	624	240	112	596	5160	0	
0	160	400	80	512	2128	3612	420	80	160	
512	80	432	320	80	1488	8	2408	2224	0	
560	160	80	64	144	0	1392	4752	80	320	
320	80	224	512	32	400	3204	2588	192	0	
484	0	352	84	0	560	4888	768	336	80	
832	240	144	160	32	1688	1104	3000	352	0	

560	432	112	352	224	0	1152	4928	144	160	 ***
32	320	512	0	2948	960	360	2416	516	0	
0	240	672	672	400	432	2756	1840	0	1052	
0	148	672	720	912	80	0	3604	852	1076	
560	432	112	672	144	0	1280	4592	80	192	
304	708	32	640	672	80	0	4888	240	500	
640	752	32	64	752	0	468	2572	992	1792	
560	464	192	672	112	0	960	1404	112	3588	
704	224	832	0	656	0	160	3952	432	1104	
560	752	224	672	112	0	80	5424	80	160	
560	464	112	32	864	0	240	1484	720	3588	
432	180	192	580	160	720	112	1040	0	4648	
560	464	112	112	112	0	992	4192	720	800	

352	208	1408	912	1104	160	160	3556	320	1200	
560	1232	112	352	192	0	240	3008	2884	800	
80	256	0	880	400	1040	864	4884	704	272	
160	512	880	544	272	864	64	4260	1824	0	
432	720	320	896	832	288	4420	0	320	1152	
1152	192	160	384	352	32	2864	3940	304	0	
864	384	192	960	192	480	1152	4340	304	512	
272	672	400	624	112	1104	272	4372	672	880	
560	464	112	352	192	0	160	2368	2000	3172	
192	624	0	512	800	912	4580	640	816	304	
512	2868	224	912	592	0	0	3344	256	672	
1280	352	352	384	112	192	5172	32	832	672	
640	176	1152	864	192	192	0	5124	960	80	
800	160	0	1376	32	2484	80	384	0	4064	
560	160	272	320	752	672	5124	704	704	112	
112	320	1056	512	272	960	5412	352	384	0	
1776	96	592	1072	800	0	112	432	4068	432	
800	640	448	480	144	0	0	1040	3380	2448	
992	752	160	240	32	160	416	5556	0	1072	
112	352	640	1444	64	1152	1008	4288	320	0	
480	352	272	1280	0	1904	3248	352	0	1492	
512	32	1264	400	272	304	0	4868	608	1120	
640	0	240	3860	816	832	400	1600	0	992	
560	432	784	512	112	0	4100	1376	784	720	
720	192	352	224	400	864	992	5012	432	192	
480	0	480	1312	416	832	0	4212	1168	480	
832	352	992	384	272	160	912	4340	144	992	
560	1072	112	544	352	0	880	4916	784	160	 ***
1024	0	624	384	640	80	816	0	5780	32	
560	432	112	2096	192	0	2772	1728	304	1184	
32	592	304	352	672	144	80	5412	160	1632	

480	832	112	512	432	0	672	4768	928	912	
832	480	400	272	720	0	400	5456	976	112	
480	832	1808	512	272	0	2736	1952	784	272	
112	256	672	192	0	32	640	5280	2192	272	
1120	832	272	512	272	80	704	4912	864	80	 ***
480	832	752	704	352	0	0	1952	864	3712	
1152	272	160	1440	64	0	784	0	1488	4288	
1232	416	400	32	512	80	960	4400	336	1280	
640	1472	112	272	352	0	32	4912	1104	752	
0	112	2896	1472	624	0	320	2976	448	800	
480	864	112	672	272	0	640	2112	3616	880	
192	0	640	0	2128	0	352	96	2464	3776	
320	640	0	240	1120	32	992	0	4880	1424	
112	64	384	1888	1440	0	496	3632	1632	0	
112	224	0	640	752	0	32	2000	4768	1120	
0	32	1232	0	912	1760	32	5072	448	160	
160	624	992	912	272	672	0	5120	832	64	
1232	800	240	0	32	720	0	4320	1632	672	
0	112	1104	960	240	64	4000	704	224	2240	
672	640	352	0	832	0	1200	80	2352	3520	
480	752	192	672	272	0	800	4768	784	928	
0	1952	160	0	160	0	928	640	352	5456	
480	864	912	512	352	0	32	4960	784	752	
112	64	240	480	432	752	192	5280	1024	1072	
32	800	80	2032	64	304	5136	560	0	640	
0	2032	192	1040	144	0	992	352	896	4000	
512	832	112	1648	272	0	1104	4144	784	240	
560	864	112	592	272	0	3664	2720	784	80	
480	912	112	624	272	640	0	4912	976	720	
32	192	0	240	192	0	752	1664	1680	4896	
32	640	592	944	720	0	352	4368	1264	736	
480	832	112	1152	352	0	560	4656	784	720	
384	0	480	480	784	736	512	4672	0	1600	
32	592	0	0	640	400	640	5120	1952	272	
1856	272	800	192	0	384	1440	64	0	4640	
480	832	112	592	272	0	752	2112	784	3712	

1152	224	1264	112	752	352	512	3632	992	432	
480	1472	2112	320	0	0	272	720	3568	480	
1040	112	432	592	320	160	992	4480	1216	80	
1600	32	544	592	272	160	272	5008	864	80	 ***
320	992	192	480	352	400	1232	3744	1472	240	
480	80	144	0	240	1072	1504	2800	0	3104	
0	0	800	560	320	592	400	4896	1616	240	
224	224	0	992	1312	912	0	4112	1104	544	
1152	784	560	832	32	0	112	3264	1664	1024	
192	960	960	0	32	784	160	3776	1280	1280	
640	400	1600	720	0	112	192	4144	1232	384	
1520	304	160	2416	0	640	2944	1360	80	0	
1600	32	192	672	880	272	112	4560	944	160	
64	1552	560	320	0	512	832	2960	2624	0	
1440	192	272	512	960	160	32	4720	1024	112	
272	672	304	1216	0	256	2560	3744	400	0	
2080	352	272	512	352	80	224	4528	1024	0	
1072	352	512	512	432	160	352	4528	864	640	
32	1072	720	800	1152	160	160	4256	912	160	
240	192	1104	1072	1888	480	0	3136	272	1040	
0	624	80	800	112	0	272	2832	1184	3520	
1024	240	2896	832	1280	1136	1584	432	0	0	
544	1360	592	112	1120	432	240	3552	1472	0	
432	80	0	512	1600	0	912	3152	2416	320	
160	1120	304	800	1120	272	224	3664	448	1312	
1632	0	672	544	480	80	192	4208	944	672	
1200	112	224	512	432	240	272	4688	1744	0	
784	0	192	784	720	1232	864	3712	1136	0	
1120	704	272	512	240	160	832	4480	944	160	
512	32	544	1600	720	3312	480	0	2224	0	
880	720	336	560	0	1440	1040	3808	480	160	
992	272	1040	256	1232	320	1488	3664	0	160	
1072	400	32	432	944	1632	992	3680	240	0	
3088	800	1328	320	32	1424	0	1200	1232	0	
160	640	752	416	1120	160	176	3888	1280	832	

1792	0	464	512	112	160	144	3872	384	0	
480	0	272	544	720	480	384	720	3696	144	
400	272	912	576	1104	160	848	3088	0	80	
160	240	272	640	160	400	480	480	3344	1264	
32	320	80	240	0	2336	0	1392	2320	720	
192	160	32	32	320	1440	80	1312	2800	1072	
240	160	304	400	880	0	80	3088	2256	32	
240	192	352	976	240	832	592	4016	0	0	
640	1120	0	544	656	0	320	2720	704	736	
1600	32	496	512	656	160	2224	1536	224	0	
160	432	0	1568	1280	784	0	2304	880	32	
160	0	0	1584	400	320	1952	2832	0	192	
1600	32	464	512	112	160	464	3712	384	0	
1600	32	464	512	112	160	112	1968	144	2336	
832	160	240	512	272	960	32	2144	2208	80	
160	160	352	32	240	160	480	3984	960	912	
1600	32	464	512	80	192	304	3872	384	0	
464	704	160	192	272	352	912	2704	0	1680	
832	432	80	1120	256	704	0	2800	352	864	
160	896	0	320	624	864	0	3328	1248	0	
0	912	576	320	560	224	320	2896	160	1472	
160	80	352	0	0	1344	1040	800	3504	160	
80	160	240	0	400	80	1536	3792	832	320	
880	0	80	544	160	512	1152	2912	848	352	
640	0	1040	112	0	192	1600	112	3744	0	
1152	304	560	512	0	64	768	3440	0	640	
1600	32	384	512	112	192	112	1936	224	2336	
240	0	1472	944	0	192	1040	2176	272	1104	
160	400	80	160	320	240	832	3744	1424	80	
832	0	112	0	752	1040	464	240	320	3680	
1312	1216	192	592	864	1040	0	2032	0	192	
1600	64	464	512	112	160	272	3872	384	0	 ***

1412	116	1200	1188	240	32	2960	0	432	0	
1840	148	512	704	192	192	304	2276	240	1172	
1600	96	624	160	36	564	272	2356	320	1552	
1684	68	464	192	352	160	276	3872	432	80	 ***
804	352	32	864	32	720	0	3272	1392	112	
1552	68	356	480	32	160	916	2000	464	1552	
224	320	240	240	836	832	912	2532	1440	4	
2000	96	352	160	64	160	356	4196	196	0	
1488	160	480	800	112	192	2328	1076	784	160	
836	80	672	320	116	432	804	3488	832	0	
0	160	720	672	480	752	3284	0	1076	436	
1284	432	304	84	3120	480	1876	0	0	0	
1604	64	356	192	4	320	592	3824	432	192	
1524	64	356	672	0	240	2208	1792	400	324	
1524	68	352	164	32	720	2208	2048	272	192	
1524	256	432	160	32	192	664	2576	192	1552	
36	0	1120	752	1040	324	404	2240	1392	272	
324	996	192	880	80	0	320	2640	624	1524	
192	4	0	800	672	304	192	3728	724	964	
1520	68	512	248	0	192	624	3824	592	0	
1280	0	1072	1072	496	544	244	2552	0	320	
464	276	1668	36	592	960	672	2912	0	0	
1520	64	512	200	160	352	2208	2452	112	0	
992	0	84	0	672	512	564	3364	1200	192	
724	0	1076	320	480	192	0	2320	1904	564	
160	32	0	384	80	32	164	3652	912	2164	

2324	148	272	192	0	800	2644	2336	560	400	
1360	784	324	80	1120	1236	304	3088	1184	196	
2164	68	512	192	0	880	1540	3808	400	112	
480	352	224	404	880	752	1120	752	1072	3640	
1844	884	384	1824	160	672	32	3488	244	144	
1364	196	272	192	720	480	756	2032	3504	160	
1524	36	192	272	320	240	1716	1792	3504	80	
2484	468	272	736	0	160	356	1744	656	2800	
1632	1968	880	404	400	0	352	0	3848	192	
1764	68	512	192	80	1280	996	4272	272	240	
1764	148	192	784	0	640	1028	3552	592	976	
548	384	1224	0	0	480	1632	3216	240	1952	
160	1280	628	960	80	512	1396	1924	112	2624	
404	224	196	80	0	800	1760	2800	592	2820	
320	1284	784	3152	1268	224	272	1572	320	480	
1764	68	912	192	0	160	1012	2736	2592	240	
432	416	672	2000	752	704	0	1684	3016	0	
1844	148	272	192	192	160	516	4960	272	1120	 ***
0	160	720	912	352	36	1764	3572	960	1200	
400	1088	80	0	404	480	512	2352	980	3380	
1684	68	192	272	0	2400	436	2384	1200	1040	
228	320	192	912	2032	560	0	916	2772	1744	
1684	148	272	192	80	160	276	3408	784	2672	
1684	228	272	912	0	640	276	2336	3168	160	
880	164	116	1200	1156	160	1216	2512	624	1648	
640	560	32	1284	432	404	1076	3616	1632	0	
1604	68	592	272	0	960	2772	2848	320	240	

112	160	320	400	964	1024	3408	0	680	672	
1840	116	272	432	0	320	436	3504	340	480	
1684	116	1632	192	160	160	1492	1504	320	480	
432	352	592	640	1440	756	2740	484	304	0	
0	80	84	560	676	880	0	1200	3328	932	
1636	148	272	192	0	272	436	1984	480	2320	
468	0	432	1040	896	624	0	1040	2760	480	
160	1108	512	356	0	1696	2304	0	340	1264	
788	320	160	400	304	624	1280	2624	1240	0	
0	752	1232	0	400	192	596	2532	672	1364	
144	320	548	672	480	404	0	2740	560	1872	
2004	148	272	272	0	320	436	1536	2080	672	
836	240	240	480	0	1156	1508	2144	992	144	
2004	116	352	352	0	192	436	3328	480	480	
1844	116	272	192	0	192	516	2048	2080	480	
1840	116	272	320	0	320	276	1264	2692	640	
1844	116	272	192	0	192	2164	1664	496	800	
1956	116	432	192	0	272	436	1504	512	2320	
1844	276	272	192	0	320	804	1552	80	2400	
40	592	640	1040	192	240	724	3488	592	192	
192	0	704	276	720	1716	1312	0	784	2036	
356	2112	560	160	80	256	1204	2384	628	0	
1472	324	0	752	164	592	832	2896	388	320	
2084	148	272	192	0	160	740	1504	320	2320	
1280	1024	384	800	0	164	464	2564	560	500	
560	1044	352	0	720	68	336	2884	832	944	
1364	116	432	192	0	192	468	2176	2128	672	
544	432	276	1264	160	564	3348	640	512	0	
2036	276	352	192	160	160	436	3488	160	480	 ***
192	2084	592	0	320	436	0	3168	480	468	
272	0	0	752	512	240	1124	2960	88	1792	
1524	116	1552	32	0	80	308	1424	2544	160	
1924	148	432	192	0	160	2580	1504	320	480	
320	1444	160	352	1392	544	480	80	96	2872	
1364	276	272	192	0	192	356	2336	2080	672	
324	484	112	544	240	1584	724	3056	80	592	
196	320	640	1184	1312	112	2384	1232	360	0	
1844	468	272	192	0	192	436	1536	2080	720	

1840	276	352	112	192	80	788	3572	512	480	
1520	276	704	192	160	192	484	2084	352	2240	
672	320	1184	0	704	2832	0	836	980	676	
308	1156	1936	0	724	832	0	336	2064	848	
176	432	84	260	640	1360	720	3268	224	1040	
1844	308	352	192	672	192	580	1376	512	2176	
1984	676	464	192	384	320	0	3140	240	804	
1520	276	352	320	192	304	1156	1364	320	2400	
0	464	804	1504	1024	304	432	3104	568	0	
2336	864	512	0	244	160	404	560	2740	384	
1080	848	320	832	80	976	0	3008	224	836	
196	64	560	352	672	1152	1960	1264	1984	0	
400	272	1076	160	944	752	1440	2772	388	0	
244	112	320	864	404	464	352	2084	80	3280	
1552	276	432	224	480	480	516	3572	192	480	 ***
1360	272	416	512	0	80	2788	1864	240	672	
560	592	352	560	1044	320	2452	1552	772	0	
1520	596	384	544	320	224	868	1076	432	2240	
1524	436	352	352	624	272	868	1424	160	2192	
560	516	192	1520	144	144	964	1472	2692	0	
352	516	32	160	0	720	576	3940	1428	480	
1232	276	672	192	992	80	1028	2804	160	768	
1524	276	384	1920	752	224	196	2064	192	672	
1524	596	352	32	384	240	2788	1616	192	480	
0	1632	148	416	324	916	1280	1616	0	1872	
80	80	592	320	592	832	1300	3300	32	1076	
1556	276	352	224	160	192	308	1264	2752	1120	
656	112	516	868	1396	0	2512	832	0	1312	
1520	276	704	0	320	160	2568	1584	240	832	
320	480	912	404	0	356	0	416	1620	3696	
0	352	384	240	0	1312	468	996	3540	912	
836	320	160	160	352	884	432	3204	1376	480	
1840	276	352	192	160	80	1092	3188	224	800	
480	96	672	544	320	1520	2976	360	432	804	
64	832	1392	840	352	0	2880	0	0	1844	

240	196	720	400	912	944	436	3140	0	960	
1232	324	432	0	640	480	596	3652	192	400	
720	756	212	160	880	400	1040	2900	880	0	
560	672	968	32	480	432	1552	2820	432	0	
480	80	192	516	320	400	568	3904	1136	352	
400	304	320	1312	80	1600	480	1460	160	1832	
1392	244	432	32	480	560	324	1892	112	2480	
1376	592	720	272	1264	1508	1092	800	0	324	
1312	324	352	0	480	720	484	1572	144	2560	
320	564	1056	1032	0	480	912	2864	720	0	
1040	0	436	1152	356	240	2948	1104	272	400	
912	112	804	1280	356	480	272	2820	0	912	
1040	564	560	272	0	960	3088	736	164	564	
1232	244	544	160	640	400	324	3732	272	400	 ***
324	564	160	0	1008	640	1152	3508	0	592	
516	592	820	400	704	640	0	3392	884	0	
1264	960	240	1296	1960	592	404	0	1200	32	
2528	320	596	32	644	240	2628	480	480	0	
1312	404	352	160	640	480	324	3732	112	432	
1268	244	352	224	480	560	324	3744	192	560	
0	720	592	272	464	324	404	2864	0	2308	
352	400	160	720	160	512	304	3740	240	1360	
0	80	320	240	80	160	2224	704	3380	760	
1264	516	512	0	480	400	564	1796	112	2304	
432	352	752	896	280	400	1392	1584	1860	0	
1392	240	432	160	720	400	324	3656	224	400	
320	32	720	320	192	756	1508	3188	672	240	
564	1184	1072	144	240	320	0	2260	564	1600	
800	112	672	356	80	320	432	3860	1200	116	
400	4	400	1184	1200	1636	2212	352	80	480	
832	160	80	160	836	436	0	1312	160	3972	
480	752	160	112	36	320	640	160	1476	3812	

32	480	480	672	432	384	720	3816	116	672	
192	192	84	0	720	320	596	4212	1184	304	
1392	240	592	0	672	512	160	3372	464	400	
1504	480	512	752	1264	224	240	320	0	2508	
248	320	0	404	1152	624	1328	2736	992	0	
1236	244	352	0	640	1536	196	976	2064	560	
1268	436	752	0	1136	400	196	1328	624	1664	
1552	272	624	0	640	400	240	3372	304	400	
912	516	320	2036	404	640	640	1936	400	0	
1232	240	544	0	1152	544	1456	1612	592	432	
1696	244	624	0	1040	400	196	1636	304	1664	
1364	404	544	0	1184	400	356	1616	272	1664	
1312	240	544	64	720	400	320	3372	432	400	
660	80	0	644	640	0	2336	464	592	2388	
480	304	160	560	384	0	512	3852	880	672	
1268	244	544	0	720	464	196	2176	1008	1184	
560	272	944	240	404	800	4072	160	352	0	
272	800	304	404	560	560	308	3776	0	820	
1392	240	704	160	640	400	240	3356	272	400	 ***
64	676	1360	628	560	560	2580	1056	320	0	

1360	224	272	720	964	880	400	4012	400	304	
80	112	112	276	720	272	4972	880	0	2112	
1552	0	1268	0	480	1040	836	1464	2496	400	
320	196	640	752	160	0	1856	5132	160	320	
1232	720	1920	0	1232	724	512	2044	752	400	
1232	640	736	0	640	400	1220	796	2672	1200	
160	960	112	32	0	640	1476	720	0	5436	
640	560	1312	244	384	80	1264	4220	32	800	
1024	1040	544	0	480	2080	1200	1868	272	1028	
1232	1360	784	0	640	1988	548	824	432	1728	
320	320	640	2152	704	1184	3544	672	0	0	
944	432	400	4	560	320	1280	560	5036	0	
2032	512	704	0	1760	400	756	824	272	2276	
800	992	512	352	1072	352	0	3040	0	2416	
432	164	544	0	800	432	480	2072	3572	1040	
1152	112	3136	0	484	720	800	1900	272	960	
1236	80	1984	0	1440	560	1412	2072	352	400	
2100	0	704	0	480	1440	352	2044	1136	1280	
672	80	544	1152	676	480	160	2936	832	2004	 ***
192	1200	352	800	164	624	1104	2388	0	2712	
1232	724	784	0	960	432	2820	1032	272	1280	
1472	112	704	0	1120	1680	1332	1192	1520	404	
992	80	1184	80	800	2260	0	1112	2708	320	

880	400	360	480	1200	1072	2144	3032	352	0	
720	0	1876	240	0	1616	164	4552	112	640	
560	160	580	1152	644	320	640	736	2420	2708	
160	0	480	948	592	400	800	0	3768	2772	
960	240	464	992	756	320	0	2524	1552	2112	 ***
640	80	784	1028	1396	352	0	2568	1072	2000	
1424	624	964	944	1076	0	1892	1076	1920	0	
320	80	464	1232	644	800	640	1632	1508	2600	
320	80	752	1152	644	400	240	2916	1152	2264	
400	512	544	992	804	320	240	2512	1072	2524	
320	152	1184	992	804	320	0	2992	1236	1920	
0	320	640	1316	196	1120	752	0	708	4868	
0	1440	1908	800	192	36	160	800	4584	0	
560	752	272	432	0	1440	1444	1568	432	3020	
320	160	544	992	1284	320	1156	1380	512	3252	
432	84	464	1392	756	484	800	740	1152	3616	
640	80	544	996	1956	320	640	1220	272	3252	
400	80	596	992	708	960	0	2436	1108	2640	
320	80	464	1232	1796	320	0	2236	1392	2080	
432	320	192	80	1524	672	672	2136	912	2980	
432	80	868	992	644	560	0	3032	1312	2000	
592	80	464	992	684	400	1744	816	992	3156	

720	352	464	352	724	352	964	1464	1184	3504	
704	436	960	832	832	1472	0	3096	1268	480	
1360	160	544	352	724	320	32	2684	1792	2112	
432	800	432	672	196	320	32	3452	832	2912	
912	240	496	352	724	480	720	2684	1360	2112	
244	1440	112	112	756	0	2496	4456	80	384	
240	352	880	1072	0	0	720	4536	1576	704	
832	112	276	352	1552	1152	80	3592	548	1584	
720	240	544	352	724	960	32	776	2148	3584	
720	240	544	416	724	320	640	936	3428	2112	
640	164	400	32	752	784	84	5496	1344	384	
880	320	464	352	724	480	0	2572	2064	2224	 ***
880	240	496	352	724	480	752	2652	1392	2112	
84	1508	304	1312	1956	992	0	0	1828	2096	
80	160	352	68	400	640	640	992	1232	5516	
800	320	464	992	836	320	0	776	3460	2112	
720	240	496	432	804	320	32	2572	1632	2832	
704	0	800	32	32	160	564	5288	2420	80	
800	1984	640	240	484	800	4876	192	0	64	
720	240	464	992	756	320	1200	772	1080	3536	
388	1104	464	544	1188	320	832	3160	1200	880	
880	304	464	352	724	320	80	1308	2144	3504	

0	1072	0	0	320	0	4324	3496	704	80	
2304	0	80	1744	192	0	1440	4076	0	160	
320	320	852	352	640	800	352	2664	2192	1504	
1184	352	160	272	2036	160	1680	2728	480	944	
1600	1344	1076	0	0	80	240	4904	32	720	
32	272	160	672	240	80	640	5404	912	1584	
32	480	752	592	592	640	0	5212	160	1536	
0	0	1440	160	592	64	0	4796	1760	1184	
192	160	560	912	320	324	944	2904	2080	1600	
880	0	32	80	160	1872	160	5068	832	912	
0	80	720	1200	400	0	1200	5336	112	948	
0	0	192	144	720	1152	1072	4844	1440	432	
80	720	272	320	1440	80	68	5320	1312	384	
1120	912	0	800	0	1120	1040	36	4968	0	
240	192	560	736	0	192	1600	4760	756	960	
1280	432	624	352	640	352	400	3020	1392	1504	 ***
320	320	544	960	640	352	0	1460	3064	2336	
0	160	320	992	1440	880	0	4172	304	1728	
480	240	464	512	1280	880	0	2972	1472	1696	
400	1072	1040	384	800	112	1776	2940	592	880	
160	672	0	224	112	1280	832	5036	800	880	

320	276	624	352	640	240	240	2452	1952	3060	
80	112	0	240	960	96	1360	5196	1120	992	
320	272	624	752	880	992	404	3016	1392	1504	
320	352	944	432	640	240	160	2224	1784	3060	
192	1632	160	908	160	1360	0	960	4304	480	
320	272	624	352	676	240	996	2144	1472	3060	
352	80	112	960	1520	640	192	1120	224	4956	
320	352	704	512	672	400	244	3256	1392	2304	
320	272	624	352	676	884	480	2144	1392	3012	
1520	1072	0	596	1280	240	4968	80	400	0	
320	272	624	352	640	240	2156	2272	1776	1504	
1560	160	80	160	192	0	1360	560	4852	1232	
320	672	624	352	672	1040	480	3020	1472	1504	 ***
320	352	624	352	672	400	320	3020	2592	1504	
0	1632	80	0	640	0	624	5068	832	1280	
672	352	432	160	0	720	1024	5836	0	960	
320	432	704	352	640	240	2072	2176	1392	1828	
240	64	80	992	112	0	3200	0	4508	960	
640	1548	0	640	32	0	5152	0	832	1312	
384	320	640	960	160	1392	4636	704	0	960	
160	0	272	720	880	992	0	4268	192	2672	
160	832	32	1560	192	80	880	800	640	4980	
320	592	784	352	672	240	160	2228	3304	1504	
32	720	1680	160	800	400	1360	5004	0	0	
640	512	624	352	640	400	400	2180	1392	3016	
320	352	624	352	640	320	800	2064	3020	1664	
1760	800	32	112	592	32	272	0	1392	5164	
320	272	624	352	832	240	160	2468	3304	1584	
800	672	1312	1184	0	160	0	4876	352	800	
320	352	704	352	672	1200	408	3252	1392	1504	
320	352	624	640	672	240	2072	2100	1632	1504	
596	1440	112	480	0	80	704	4600	144	2000	
320	352	784	432	672	240	2068	2388	1392	1508	
1120	1472	352	0	160	112	992	5356	32	560	
320	272	2080	64	0	672	0	4988	960	800	
0	1840	0	400	400	32	1696	4604	352	832	
720	320	0	0	1392	2520	0	2020	432	2752	
480	272	624	352	640	240	160	2032	2208	3148	

0	672	1312	0	0	320	400	1716	3468	832	
320	1104	160	352	800	80	688	4892	324	0	
1436	240	352	80	1520	352	0	3700	1040	0	
1604	0	1236	160	672	160	516	0	800	3572	
1120	624	416	112	560	240	240	2180	272	2956	
0	1324	1796	192	64	800	0	0	3904	640	
0	240	80	1284	1552	320	560	4236	160	288	
112	720	0	1356	672	320	0	3412	352	1776	
240	592	544	112	560	972	160	3348	1200	992	
804	320	192	960	112	672	0	2988	960	1712	
112	752	416	32	320	912	160	2676	2268	1072	
80	352	1672	1448	464	80	80	3904	320	320	
1452	240	32	400	80	480	992	3620	0	1424	
400	592	304	32	432	432	160	3328	1376	1664	
400	32	0	320	112	272	1236	4908	1360	80	
752	320	832	672	640	0	80	3840	512	1072	
320	752	384	32	672	240	1132	2260	976	1952	
320	592	384	112	512	160	240	3432	1296	1672	 ***
400	80	1324	32	160	1908	32	4784	0	0	
0	840	464	272	320	1040	160	2744	1376	1504	
0	624	352	32	1076	596	400	2916	1136	1588	
1716	160	160	0	832	0	3824	624	1404	0	
432	592	448	272	400	320	160	2756	2348	992	
0	32	836	0	960	320	112	3208	1780	1472	
0	1232	1408	112	80	352	320	2036	2188	992	
0	752	400	0	0	1120	480	4544	1312	112	
32	672	464	32	320	400	332	2036	1136	3296	
272	320	304	1120	272	836	0	3772	80	1744	
336	244	912	304	868	912	1760	1352	0	2032	
240	1232	352	64	320	672	592	2928	1328	992	
356	32	0	0	560	80	1552	3884	1552	704	
2072	160	320	0	160	0	432	4740	196	640	
32	0	1504	1280	0	992	240	3804	196	672	
164	1360	1440	32	4	0	0	2216	3264	240	
0	672	1104	64	648	240	192	3348	1460	992	
560	272	672	720	32	0	720	3536	320	1888	
0	1388	320	800	480	272	1312	3984	0	164	

0	0	960	112	80	0	2340	0	4212	112	
0	640	0	352	272	0	160	5320	0	1072	
0	0	0	80	800	240	0	4808	1888	0	
320	592	0	0	112	0	320	1124	672	4676	
432	0	0	80	0	32	84	4420	640	2128	
400	1104	640	0	112	0	0	5400	160	0	
160	1472	0	0	112	160	240	1832	2688	1152	
80	0	3460	240	0	0	3844	192	0	0	
160	592	0	0	112	80	1392	3464	672	1344	
80	400	0	640	0	240	832	4952	672	0	
80	2660	112	592	0	1040	0	3332	0	0	
240	0	0	80	1232	0	0	960	240	5064	
640	80	160	160	240	160	640	4996	36	704	
0	0	720	0	0	0	5480	0	80	1536	
160	272	0	0	640	80	400	4984	0	1280	
640	0	112	0	704	320	240	5528	80	192	
0	0	1860	80	80	160	4608	0	356	672	
320	720	160	640	0	0	80	4872	144	880	
64	80	0	0	0	192	0	5316	0	2164	
80	0	1072	1152	0	160	0	5320	0	32	
240	512	0	0	272	80	240	1124	4196	1152	
3428	0	160	0	80	32	2596	0	0	1520	
160	592	0	80	112	80	320	3464	672	2336	 ***
0	0	320	400	80	916	752	0	5348	0	
160	0	64	804	0	1040	0	5028	720	0	
0	80	0	2740	0	0	1360	3556	80	0	
960	0	32	320	0	80	560	5272	0	592	
160	1536	0	164	112	80	240	1124	3056	1344	
160	480	0	0	112	160	240	1044	4244	1376	
160	592	0	80	192	80	240	3464	672	2336	

320	400	160	640	240	0	240	2260	640	3880	
32	0	80	240	160	752	80	2088	1472	3876	
80	0	160	112	640	640	1908	0	0	5240	
80	0	0	1920	80	0	32	720	2644	3304	
0	240	720	0	240	240	112	1504	640	5084	
752	0	36	0	720	912	1396	4964	0	0	
80	320	2416	88	0	752	0	2832	2292	0	
160	432	0	832	116	160	1424	4424	752	480	
80	240	880	912	752	112	324	1480	0	4000	
240	1120	160	80	0	0	0	3768	0	3412	
720	400	400	240	724	192	720	2616	0	2768	
160	0	80	800	1600	240	880	0	0	5020	
0	912	640	192	0	160	1044	1312	0	4520	
80	80	244	80	0	0	2032	1776	640	3848	
240	192	640	480	0	800	80	3224	196	2928	
1752	240	160	0	752	160	2324	0	3392	0	
0	0	400	0	84	160	720	1216	800	5400	
0	84	400	80	32	0	1472	832	640	5240	
192	0	640	1400	160	80	800	240	0	5268	
352	160	240	320	0	0	240	3432	224	3812	
320	560	0	0	116	272	432	4456	2032	592	
192	1280	80	0	116	800	320	3224	1312	1456	 ***
880	160	400	640	0	80	0	1636	0	4984	
84	160	0	0	1280	320	160	1376	160	5240	
880	80	0	0	192	400	3636	2952	0	640	
0	3256	80	0	832	880	356	0	3376	0	
0	640	160	0	400	144	1360	4888	164	1024	

1600	0	240	1552	720	0	0	2808	356	1456	
0	112	1392	80	160	32	2020	4504	272	160	
32	2052	240	80	1072	1344	240	80	0	3592	
0	516	880	0	160	80	5384	752	960	0	
720	2148	0	672	640	240	0	672	80	3560	
0	720	80	0	160	1312	160	2184	1680	2436	 ***
160	640	1360	960	0	0	832	4116	356	308	
160	160	916	0	640	0	32	1552	5192	80	
0	240	560	640	80	1236	1156	2212	1216	1392	
112	0	0	2356	160	0	164	804	784	4352	
0	240	0	1892	0	912	0	800	1344	3544	
0	148	480	1280	0	80	1584	880	0	4280	
0	160	1908	1360	0	160	640	3588	0	916	
752	512	720	0	1920	948	1668	2212	0	0	
32	720	752	80	0	640	400	276	1632	4200	
192	192	800	1040	80	0	1192	0	752	4484	
720	1280	0	0	0	2260	160	640	3512	160	
192	960	1472	64	720	160	0	2888	0	2276	
84	80	1520	192	0	196	80	3540	0	3040	
912	884	800	0	1328	0	0	80	160	4568	
356	484	160	640	832	800	720	784	240	3716	
160	720	832	1876	0	0	3780	4	1360	0	
112	1600	832	800	0	160	80	4136	1012	0	
352	160	4	0	880	800	800	4024	1712	0	

1288	240	0	0	192	1440	0	352	1760	4088	
36	720	516	0	0	0	160	2400	720	4808	
0	64	992	0	80	272	0	5480	720	1752	
164	1360	868	0	784	80	0	4040	752	1312	
1312	32	160	1280	804	2228	0	0	0	3544	
0	0	356	1984	0	240	676	4036	1072	996	
112	320	0	240	0	0	1780	2256	4652	0	
0	0	0	244	0	400	2868	4036	500	1312	
752	992	880	160	1720	0	276	3828	592	160	
4	160	0	704	400	320	0	3960	1280	2532	
0	720	320	80	164	1280	640	32	1392	4732	
640	240	2708	480	0	0	0	0	4572	720	
2388	832	0	32	0	320	240	160	640	4748	
32	0	720	80	2196	0	192	2112	0	4028	
32	800	4	0	480	2192	0	32	1040	4780	
1360	0	564	80	192	352	0	2404	800	3608	
640	0	148	80	1632	832	0	0	1632	4396	
192	624	80	80	0	0	0	2784	464	5136	
0	484	2272	112	32	1040	960	4460	0	0	
0	0	0	1668	112	2160	160	4300	960	0	
800	0	800	0	32	1716	1280	644	160	3928	
0	720	116	0	160	2512	160	4028	1200	464	
64	832	512	0	0	320	0	6192	640	800	
0	1360	164	0	160	1312	320	68	1040	4936	
1232	0	160	0	640	320	544	6284	0	180	
0	800	80	160	160	1312	836	4316	1200	496	
0	804	400	0	192	1920	0	224	1040	4780	
192	0	320	320	0	0	836	4884	1108	1700	
0	80	320	320	3272	1280	0	64	1040	2984	
0	0	0	84	960	832	1632	880	672	4300	
0	0	240	720	112	0	1188	1344	2032	3724	
1924	240	0	32	400	1280	0	36	1040	4408	
32	192	164	0	80	1312	560	2404	1040	3576	 ***

160	0	160	192	3064	80	832	160	0	4920	
0	1280	192	160	1316	0	0	5628	800	192	
752	320	0	160	352	720	0	3772	352	3140	
992	192	2372	0	0	0	0	2000	640	3372	
640	1952	1152	2292	0	0	0	80	3452	0	
832	0	0	1716	0	0	800	3836	1520	864	
0	960	400	80	832	480	0	4280	0	2536	
1440	160	160	0	160	320	0	32	3896	3400	
720	352	0	320	160	960	2932	4124	0	0	
800	320	80	192	640	672	0	5392	672	800	
32	640	32	0	480	0	880	640	6224	640	
32	640	960	32	240	2504	756	0	0	4404	
480	1928	480	0	720	0	4116	0	1844	0	
640	112	800	0	0	880	0	2260	3424	1452	
1540	0	320	0	640	1120	1600	4188	160	0	
432	640	0	0	3140	0	3852	480	1024	0	
0	32	800	0	32	512	0	4620	320	3252	
160	1684	0	1200	0	0	0	0	992	5532	
0	2628	32	0	2308	160	0	320	272	3848	
640	192	1472	0	800	0	1072	4364	0	1028	
0	1152	32	0	160	960	0	6044	880	340	
800	192	64	0	0	320	1456	960	0	5776	
272	0	0	0	320	644	32	2340	960	5000	
0	2136	800	0	160	32	160	0	1280	5000	
0	0	320	1120	0	1908	5260	640	160	160	
388	800	0	160	0	160	3960	3060	400	640	
160	0	2376	1312	80	0	0	640	4840	160	
32	112	196	0	324	672	1120	4212	1040	1860	 ***
64	112	244	0	80	672	960	4360	1200	1876	
832	0	0	0	1552	0	320	192	2560	4112	
2696	160	0	0	80	160	0	800	4952	720	
80	0	0	832	320	0	432	4188	0	3716	
32	192	84	0	240	800	788	4488	160	2784	

756	0	352	832	432	672	4	1540	80	5928	
912	320	352	192	1520	0	2700	4488	112	0	
640	496	192	1072	1040	4	3748	2604	640	160	
864	80	756	0	320	244	640	4472	1668	1552	
0	912	560	836	832	160	864	6272	160	0	
2320	704	0	160	1152	752	1316	4156	0	36	
1040	160	880	8	224	800	2980	240	3592	672	
432	720	1312	1444	0	0	0	1360	4528	800	
560	640	912	0	272	240	4556	0	2984	432	
80	112	472	0	276	1280	1108	4516	1120	1632	 ***
0	1280	64	1072	1840	832	0	1200	0	4308	
960	0	80	240	160	480	2976	644	912	4144	
960	64	560	160	672	400	3056	4004	720	0	
672	32	152	0	240	640	1712	4524	960	1664	
960	404	240	64	880	1924	0	4028	0	2096	
1556	160	0	1984	704	720	0	4524	468	480	
276	1232	992	0	960	2580	3692	160	704	0	
0	800	4	32	640	1840	2420	4028	672	160	
720	1332	160	560	0	160	5152	960	240	1312	
0	112	788	0	240	992	1152	4364	1200	1748	
160	116	116	0	560	672	1072	4332	1264	2304	
144	400	1920	0	880	672	160	2456	3644	320	
1360	2632	0	164	1444	272	3092	1312	320	0	
800	0	160	672	832	160	4276	1072	0	2624	
0	1312	1440	0	160	192	0	4016	3476	0	
32	160	0	992	80	640	2928	3600	644	1520	
352	352	960	80	0	672	3904	4036	240	0	
4	384	404	320	720	1472	672	4376	864	1380	
676	960	880	640	1552	432	1392	4032	0	32	
196	1040	160	0	64	640	800	4140	672	2884	
400	112	276	0	404	708	3444	1552	1680	2020	
4	720	676	640	240	80	672	2900	800	3864	

0	0	3056	0	832	752	1080	1152	0	3212	
80	112	148	160	160	1280	1028	4204	1952	960	
160	160	320	720	756	2284	3184	2500	0	0	
868	1104	80	480	1108	192	0	3716	0	2536	
320	1764	0	320	1344	32	800	4384	1120	0	
736	804	0	640	0	0	3868	1440	1684	912	
320	160	992	2500	832	0	4	0	4476	800	
80	112	308	36	808	1600	672	3908	960	1600	 ***
1296	2192	80	0	4	0	4560	1760	32	160	
960	1152	164	320	832	800	1184	3996	640	36	
0	0	4	320	272	32	4248	2592	1316	1300	
480	160	644	80	992	1280	800	3872	1776	0	
720	112	148	4	160	1280	1392	3868	1120	1280	
0	868	1184	3260	0	192	2036	0	2464	80	
0	516	720	992	192	836	1400	3444	1600	384	
112	112	152	0	160	1600	672	2244	2192	2840	
1792	1428	160	352	556	800	2036	2528	0	432	
720	112	468	0	160	1280	672	2244	2740	1688	
240	640	1156	672	884	0	1712	4140	640	0	
740	0	480	160	804	592	32	5916	640	720	
640	960	640	0	912	1200	2804	0	832	2096	
80	112	184	160	160	2240	1796	3348	960	1044	
864	672	672	0	880	112	4340	1712	0	832	
192	0	1280	1120	160	1072	2420	3568	0	272	
432	752	2432	0	832	0	836	3032	1604	164	
80	1072	936	0	160	1280	1188	2244	960	2164	

