#48	90	15	140	38	21	247	132	16	0	
#46	72	0	1	6	24	206	64	282	46	
#36	30	20	20	48	10	333	82	152	16	 ***
#0	58	0	7	20	123	25	251	78	185	
#0	46	0	37	0	83	155	110	48	268	
#87	5	57	5	8	0	283	194	70	38	

121	49	64	54	58	0	34	257	0	50	
24	68	58	28	123	114	0	106	166	0	
34	66	0	26	0	6	241	60	62	192	
92	0	12	52	66	48	271	0	122	24	
44	36	38	4	34	32	82	0	86	331	
42	12	18	22	48	22	297	70	100	56	 ***
58	34	20	0	41	48	0	267	180	39	
36	8	20	40	28	26	302	24	133	70	
28	32	28	49	28	105	285	40	36	56	
44	0	0	34	54	30	145	34	38	308	
16	20	20	7	32	0	301	92	117	82	
16	6	10	38	34	8	305	74	34	162	
40	12	8	16	48	14	213	86	200	50	
36	12	24	12	48	8	300	74	100	73	
8	56	67	8	1	0	186	92	234	35	
38	72	0	105	18	35	67	272	0	80	
36	8	16	23	48	8	170	196	100	82	
36	12	16	16	64	14	296	72	104	57	
54	46	0	77	58	51	0	173	195	33	
36	8	8	121	48	8	182	74	114	88	
36	12	25	12	54	8	259	76	100	105	
36	12	24	34	50	9	68	78	116	260	
39	62	0	30	46	108	60	132	210	0	
58	30	20	36	30	2	117	88	306	0	
36	12	20	32	52	6	99	70	100	260	

51	42	46	60	11	142	220	15	124	0	
42	12	12	22	16	22	283	100	116	86	
50	8	10	22	16	22	87	100	132	264	
96	13	6	44	10	0	52	92	156	242	
32	0	40	56	26	6	66	147	270	68	
40	27	24	56	84	44	0	240	78	118	
46	44	53	37	66	34	112	0	283	36	
26	64	34	6	102	0	264	155	16	44	
42	8	10	54	16	42	279	101	72	87	
29	2	24	6	9	69	271	0	135	166	
30	71	67	14	64	73	42	98	0	252	
60	55	32	69	40	46	89	43	277	0	
0	11	0	112	35	28	145	227	50	103	
28	12	36	38	157	26	138	48	228	0	
42	8	16	38	48	22	295	68	100	74	 ***
30	40	42	20	56	20	0	149	302	52	
7	10	66	14	21	72	294	121	0	106	
62	61	0	101	52	36	227	38	102	32	
74	8	10	22	22	22	295	68	100	90	
72	8	14	18	16	22	311	100	70	80	
22	105	100	66	26	9	107	142	134	0	
56	38	4	22	43	78	20	234	0	216	
0	62	6	54	37	28	123	86	16	299	
50	56	122	99	0	0	255	32	36	61	
0	24	6	46	44	68	257	52	64	150	
48	51	52	21	0	33	258	168	51	29	
50	2	0	40	10	2	276	116	202	13	
42	40	18	68	0	56	269	64	52	102	
68	48	2	18	0	78	191	53	21	232	
35	66	0	26	22	50	149	0	93	270	

42	42	16	106	70	36	118	286	54	2	
38	10	16	34	56	6	210	182	98	122	
6	32	34	74	8	4	142	46	310	116	
54	18	48	68	88	16	70	36	86	288	
36	8	16	34	72	8	318	108	74	98	
34	0	0	34	70	58	44	296	82	154	
60	68	58	70	76	0	52	22	302	64	
38	8	24	64	48	14	183	127	66	200	
36	8	16	34	48	4	233	84	84	225	
36	64	20	60	0	50	316	60	82	84	
44	8	18	34	48	38	294	108	66	114	
48	94	42	84	24	46	260	134	2	38	
26	84	121	0	55	64	251	0	126	45	
40	26	20	0	4	102	284	72	98	126	
0	146	40	8	50	38	40	292	88	70	
78	131	78	0	84	26	240	78	57	0	
54	112	42	70	82	38	76	0	298	0	
0	22	80	72	80	72	74	48	324	0	
58	99	50	38	64	42	18	88	42	273	
52	4	0	104	30	0	268	24	174	116	
58	6	32	34	56	52	94	226	18	196	
22	48	56	96	42	4	39	32	287	146	
124	46	74	0	48	68	84	0	296	32	
70	80	42	12	22	52	168	22	0	304	
34	34	2	32	106	35	44	98	291	96	
16	70	26	0	76	8	270	96	22	188	
50	54	76	48	30	58	318	24	40	74	
54	66	44	22	40	84	316	94	52	0	
38	26	12	18	48	45	323	138	124	0	
42	8	28	70	32	6	302	84	42	158	
0	100	0	96	48	22	264	52	160	30	
24	80	16	4	38	6	308	132	34	130	
36	42	40	96	4	66	78	334	30	46	
42	8	50	46	50	6	278	76	110	106	 ***
125	38	20	4	66	41	276	70	0	132	
0	66	54	64	48	52	24	70	76	318	
0	40	26	18	12	38	322	196	10	110	
38	8	16	74	48	38	99	67	262	122	
38	16	16	50	56	40	176	64	66	250	
8	58	96	58	56	50	292	132	0	22	
80	48	26	6	48	66	302	44	56	96	

16	34	4	32	68	2	302	32	66	146	
34	0	50	74	48	13	104	44	72	263	
40	34	14	0	36	18	286	94	142	38	
50	109	114	34	83	36	240	0	36	0	
34	0	52	54	32	2	264	82	102	80	
24	16	39	0	20	104	265	32	0	202	
34	0	50	45	34	2	112	84	293	48	
24	0	8	70	38	54	306	62	0	140	
16	38	46	108	62	42	300	16	22	52	
36	0	50	42	36	2	111	76	293	56	
0	76	4	22	0	0	158	20	106	316	
38	4	50	42	48	42	276	76	78	48	 ***
64	20	32	0	12	50	164	64	0	296	
64	166	0	52	16	42	22	116	218	6	
34	0	94	43	48	2	106	76	251	48	
54	58	36	76	4	44	144	0	286	0	
0	2	50	52	32	0	0	271	235	60	
0	50	6	36	0	4	170	306	96	34	
76	0	59	38	48	2	98	76	257	48	
4	44	60	4	10	8	176	0	310	86	
60	0	38	54	38	32	312	60	0	108	
48	74	10	34	72	30	294	50	2	88	
40	2	119	48	32	18	259	0	172	12	
16	52	64	56	34	0	0	128	28	324	
68	0	55	38	52	2	94	56	257	80	
78	48	0	40	88	48	274	92	34	0	
36	0	50	130	32	2	90	108	102	152	
39	0	50	42	32	34	289	86	70	60	

0	88	18	34	52	20	271	24	0	146	
38	12	14	38	46	50	257	28	82	88	
46	44	0	94	74	40	265	18	54	18	
70	76	22	0	0	40	32	16	293	104	
72	18	4	56	34	0	146	281	2	40	
36	4	10	52	44	40	222	28	120	97	
40	28	24	68	48	58	227	0	160	0	
4	12	122	4	32	92	60	72	28	227	
44	4	22	38	48	42	251	32	80	92	
38	4	10	46	48	82	265	28	68	64	 ***
46	54	40	94	2	12	241	0	78	86	
60	22	10	0	56	94	0	86	245	80	
44	8	22	58	74	42	253	28	68	56	
32	40	12	34	4	12	229	214	8	68	
54	92	26	6	2	46	245	98	84	0	
54	66	70	44	8	56	245	24	76	10	
18	92	0	14	40	4	277	76	132	0	
44	6	24	14	16	8	100	28	297	116	

26	46	12	162	13	10	108	196	0	0	
36	26	41	17	0	20	0	252	49	132	
90	6	8	26	52	40	224	53	74	0	
18	45	10	91	72	72	0	0	32	233	
81	34	12	36	0	10	29	257	34	80	
0	0	52	36	18	40	220	171	8	28	
43	12	24	10	0	82	230	0	80	92	
38	4	8	33	0	80	97	28	205	80	
38	4	11	26	0	88	101	24	199	82	
0	0	22	0	20	9	200	40	232	50	
60	0	14	0	120	18	78	4	239	40	
39	4	12	38	0	90	112	24	36	218	
4	6	22	28	0	28	232	146	74	33	
68	81	0	64	10	36	0	66	0	248	
40	4	10	38	0	82	248	24	63	64	
3	10	4	22	154	8	208	136	0	28	
58	44	34	15	32	6	143	0	0	241	
4	4	108	13	16	8	214	110	42	54	
40	6	10	39	0	82	248	24	44	80	
52	116	4	14	0	10	230	0	104	43	
38	6	10	30	0	134	217	24	34	80	
24	10	34	52	58	18	216	0	95	66	
0	20	6	36	118	20	16	72	239	46	
8	48	8	46	98	4	239	90	0	32	
8	18	32	17	32	0	251	36	41	138	
38	4	10	40	0	82	242	24	52	81	
95	38	85	28	0	24	182	52	69	0	
70	62	29	66	40	14	203	0	89	0	
40	4	8	38	2	82	247	28	60	64	 ***
40	4	11	38	0	82	109	66	4	219	
14	16	36	8	0	76	107	0	110	206	
16	52	0	49	98	33	229	44	52	0	
38	81	12	26	0	82	190	28	36	80	
0	87	44	50	34	8	262	66	0	22	
38	12	10	32	0	80	242	28	52	79	
32	2	0	56	8	38	177	210	12	38	
41	4	10	30	0	82	113	24	50	219	

12	4	6	17	19	129	65	112	28	171	
38	8	14	17	6	127	206	69	14	64	
41	4	2	9	4	84	239	40	68	72	
40	7	0	20	6	86	110	29	201	64	
41	4	3	16	4	84	90	36	201	84	
34	0	0	0	7	26	150	62	244	40	
3	66	0	8	0	31	196	215	40	4	
27	0	50	89	15	0	232	140	10	0	
32	10	26	26	44	5	219	201	0	0	
4	65	0	40	16	71	208	4	155	0	
56	16	31	2	40	60	251	4	103	0	
41	6	6	25	2	80	217	38	68	80	
42	21	2	16	18	81	240	64	15	64	 ***
38	20	4	13	12	91	105	20	45	215	
85	8	5	6	18	80	210	69	10	72	
39	6	0	7	18	80	97	207	33	76	
112	15	50	0	44	28	210	42	26	36	
44	23	16	21	0	84	218	41	12	104	
39	12	7	8	2	101	89	76	12	217	

4	46	67	94	95	11	238	36	0	108	
72	8	0	0	19	56	42	203	65	234	
64	97	76	0	73	62	213	57	29	28	
85	23	59	37	79	52	230	0	108	26	
18	22	1	78	16	66	0	60	181	257	
12	0	64	69	8	38	247	30	58	173	
42	4	20	16	22	117	150	48	47	233	
52	52	37	65	100	46	207	36	104	0	
42	13	40	54	25	25	0	140	123	237	
32	14	12	42	43	67	277	29	28	155	
68	56	27	79	0	10	47	139	37	236	
40	56	33	10	0	86	225	45	102	102	
44	6	103	32	36	8	39	72	240	119	
44	36	107	47	10	88	40	60	42	225	
54	12	50	8	50	97	237	31	28	132	
0	93	44	56	72	66	69	37	46	216	
26	50	98	0	108	48	46	48	38	237	
68	55	108	63	0	130	158	49	0	68	
140	32	20	27	52	96	28	202	102	0	
58	4	34	40	63	162	75	25	55	183	
84	75	60	45	120	17	209	56	33	0	
72	36	7	10	42	65	20	44	165	238	
42	24	10	16	31	129	237	29	69	112	
46	4	2	26	50	162	131	91	27	160	
5	32	100	36	62	0	80	250	0	134	
16	60	4	150	101	28	130	59	42	109	
77	36	56	40	9	45	184	0	252	0	
74	52	19	8	22	85	261	27	83	68	 ***
40	136	53	8	17	14	119	263	49	0	
8	94	13	12	60	72	215	8	100	117	
50	8	6	4	151	105	66	47	63	199	
0	16	41	56	33	52	236	8	46	211	
43	37	2	24	24	81	230	117	15	126	
114	35	8	140	0	14	187	110	19	72	
42	4	45	20	22	81	135	38	95	217	
58	4	6	48	94	82	85	84	19	219	
66	52	2	4	51	97	237	29	29	132	
0	48	86	91	113	19	223	0	69	50	
58	4	3	16	67	89	70	33	238	121	
23	83	4	93	2	60	239	62	92	41	
42	4	19	12	62	113	245	61	43	98	

70	20	17	4	22	148	180	9	77	54	
19	21	4	10	82	44	237	76	44	64	
74	22	10	14	23	61	241	17	56	83	
66	28	10	4	23	55	103	41	54	217	
43	0	60	32	37	0	46	205	47	131	
0	0	83	18	31	11	228	153	57	20	
9	56	1	41	28	16	228	57	155	10	
46	45	29	52	19	64	94	24	228	0	
32	11	81	22	20	32	233	80	90	0	
72	36	9	4	27	53	233	56	59	52	 ***
40	35	50	21	148	54	196	30	27	0	
50	0	22	33	24	32	231	41	143	25	
0	4	79	22	60	8	242	22	38	126	
27	28	20	7	9	4	147	98	261	0	
74	28	10	4	17	61	97	37	193	80	
82	56	12	4	40	13	224	44	25	101	
4	6	0	16	72	100	247	108	24	24	
122	72	2	40	36	2	206	9	112	0	
29	0	21	12	0	81	196	207	8	47	
74	22	8	5	30	53	102	49	57	201	
9	62	4	131	2	32	198	89	27	47	
43	5	18	8	74	8	271	141	21	12	
66	26	2	32	45	10	218	137	29	36	
6	29	56	56	75	44	229	38	50	18	
74	24	21	4	27	53	88	33	58	219	
21	14	36	32	74	24	196	77	61	66	
0	0	52	61	19	22	194	54	118	81	
74	30	10	12	24	61	62	200	60	68	
72	34	23	36	8	36	237	108	8	39	
2	55	38	9	10	53	224	126	48	36	
70	26	9	4	23	53	107	194	63	52	
65	81	56	94	44	99	57	0	105	0	
5	72	28	64	11	8	266	0	125	22	
34	75	31	32	19	36	199	69	106	0	
40	2	14	155	16	41	0	63	48	222	
29	59	20	44	16	27	141	46	219	0	

16	18	47	13	42	44	221	0	28	151	
4	20	64	0	15	141	195	57	84	0	
24	79	58	27	16	28	216	38	79	15	
31	4	0	22	46	37	234	144	27	35	
22	7	44	0	0	79	13	212	108	95	
54	28	11	21	16	69	94	57	29	201	
24	24	50	53	0	41	88	42	258	0	
54	32	8	16	16	57	87	83	26	201	
24	6	6	24	26	26	270	129	44	25	
34	22	23	0	45	0	154	60	186	56	
0	12	159	3	90	47	41	198	0	30	
58	14	11	5	18	58	85	214	49	68	
6	13	37	58	10	47	220	88	24	77	
12	30	82	26	24	127	212	28	38	1	
47	10	16	0	13	58	231	121	28	56	
24	45	57	35	5	54	250	43	67	0	
38	9	29	60	20	22	217	75	0	110	
126	29	0	61	27	57	84	18	140	38	
66	4	31	0	16	46	246	118	20	33	
0	34	35	154	52	34	96	0	121	54	
54	32	12	4	35	73	217	80	53	20	 ***
40	0	88	0	38	18	205	40	41	110	
55	31	9	16	16	53	201	47	57	95	
4	24	4	45	24	4	224	28	203	20	
107	93	56	12	80	10	73	29	29	91	
85	47	79	35	24	12	0	105	193	0	
12	19	34	56	90	27	44	6	56	236	
54	28	9	11	17	79	213	51	66	52	
54	31	11	6	14	73	225	90	56	20	
54	12	8	27	17	56	84	207	23	92	
61	32	22	80	39	131	0	109	106	0	

72	7	34	0	30	18	0	125	229	52	
8	34	50	109	127	50	11	117	52	9	
0	21	0	36	42	29	112	232	78	17	
0	32	5	15	16	34	245	26	154	40	
3	20	0	21	53	15	224	34	174	23	
58	24	16	13	28	74	238	37	19	60	
14	51	13	16	4	8	175	267	19	0	
56	29	16	4	48	70	58	49	56	181	
24	22	3	41	32	16	255	150	24	0	
13	34	35	46	17	17	231	18	46	110	
125	0	22	15	53	0	38	27	215	72	
54	26	18	12	30	71	220	55	67	14	 ***
18	14	22	34	48	59	239	0	48	85	
125	74	9	73	0	20	0	45	163	58	
35	32	40	27	14	0	231	120	66	2	
32	4	18	22	73	42	131	233	12	0	
0	16	30	40	7	30	135	251	32	26	
0	25	20	16	75	16	238	4	97	76	
45	4	16	2	16	16	249	126	32	61	
50	37	0	70	25	0	65	253	19	48	
53	16	12	17	69	14	218	140	28	0	
16	30	20	4	24	29	11	48	253	132	
58	24	20	12	144	69	64	42	20	114	
55	62	39	4	36	144	0	0	35	192	
58	35	15	4	30	91	97	37	20	180	
22	165	30	64	53	16	40	177	0	0	
64	29	12	4	32	90	70	52	214	0	
9	119	5	40	4	50	211	28	75	26	
54	24	12	8	30	74	53	237	30	45	
58	36	12	8	30	82	105	37	18	181	
63	25	12	4	65	74	60	58	26	180	
86	15	50	42	142	53	0	111	0	68	
20	136	0	0	14	33	224	100	32	8	

63	10	18	33	30	72	226	69	17	30	
41	0	70	42	26	36	238	43	63	9	
74	48	167	40	45	0	114	49	0	31	
54	12	24	4	72	72	84	31	33	182	
62	10	24	9	30	70	220	96	34	13	 ***
58	10	38	6	30	72	247	29	16	62	
5	8	53	46	16	23	20	243	23	131	
60	26	20	4	42	87	90	37	18	184	
28	25	13	10	29	55	72	0	82	254	
28	42	91	0	121	29	156	34	0	67	
47	16	28	25	52	17	209	0	53	121	
62	8	18	17	50	73	225	29	56	30	
62	32	25	31	72	14	218	0	68	46	
27	18	38	12	76	41	207	96	53	0	
19	28	16	50	8	38	224	42	87	56	
0	9	54	63	0	45	55	10	152	180	
6	74	15	3	19	16	42	38	100	255	
22	20	62	59	3	137	40	77	148	0	
60	8	18	5	30	84	91	57	29	186	
19	4	47	64	36	60	210	0	100	28	
44	17	26	40	56	45	85	19	236	0	
54	10	46	4	40	73	91	31	35	184	
10	21	10	0	20	18	254	35	48	152	
9	6	16	4	79	68	262	44	38	42	
0	35	6	112	83	12	225	28	29	38	
7	37	69	42	4	20	239	0	109	41	
57	8	48	13	30	74	105	31	18	184	
60	8	18	6	31	74	84	38	213	36	
26	44	18	20	95	8	81	23	0	253	
58	8	20	6	39	82	238	32	17	68	
41	41	20	143	28	11	197	0	42	45	

18	29	8	31	40	57	270	33	24	144	
32	169	8	0	45	111	190	15	84	0	
65	35	20	38	12	88	211	85	38	62	 ***
65	93	21	36	48	4	234	112	41	0	
0	16	5	150	28	126	81	201	47	0	
90	34	37	26	36	65	74	41	221	30	
52	35	76	0	48	65	257	41	63	17	
88	2	68	0	38	76	69	52	51	210	
61	34	52	0	5	78	86	57	64	217	
64	30	21	0	102	61	108	40	18	210	
22	0	62	6	3	58	301	121	61	20	
30	92	4	45	0	126	258	34	57	8	
33	9	53	18	139	32	211	134	0	25	
19	7	36	12	0	42	246	208	58	26	
10	11	6	40	85	3	301	20	158	20	
32	18	4	16	49	3	255	142	16	119	
137	19	69	5	67	24	186	111	36	0	
52	51	21	16	44	62	228	43	30	107	
15	60	53	63	58	78	25	220	82	0	
34	32	0	0	44	3	0	28	315	198	
8	4	43	39	25	30	278	40	147	40	
71	52	87	29	29	83	224	45	34	0	
84	66	52	13	21	54	236	13	0	115	
8	12	165	18	0	0	37	46	223	145	
104	9	22	16	36	61	74	73	54	205	
16	16	81	18	59	18	169	263	14	0	
10	17	145	20	0	53	238	94	47	30	
8	134	126	4	17	86	187	72	20	0	
42	12	4	2	6	32	304	64	178	10	
84	12	36	18	12	66	231	107	67	21	
88	18	22	0	48	61	204	57	46	110	
118	2	20	17	4	64	106	41	229	53	
65	22	35	75	55	11	90	226	75	0	

8	20	70	32	39	47	249	32	48	172	
40	39	48	32	14	28	235	61	153	67	
60	51	24	33	48	49	215	65	37	135	
0	50	13	16	23	52	237	105	56	165	
17	145	21	37	62	122	196	30	87	0	
50	7	23	25	62	46	43	219	64	178	
64	38	40	33	28	55	183	94	29	153	
52	50	14	48	0	24	74	224	49	182	
16	12	25	46	110	30	222	28	173	55	
28	64	60	4	100	106	189	83	83	0	
61	11	16	42	12	99	91	155	33	197	
87	53	20	53	44	175	66	184	35	0	
21	28	40	115	72	72	90	84	195	0	
56	30	27	0	67	65	198	40	25	209	
18	9	16	16	96	137	32	234	8	151	
60	37	39	76	12	29	194	61	45	164	
54	11	26	114	22	33	189	27	37	204	
64	55	24	61	16	63	224	60	29	121	 ***
2	31	56	18	16	13	224	70	39	248	
62	5	46	32	42	18	221	91	146	54	
35	41	16	85	31	44	231	60	115	59	
30	35	17	61	0	54	244	31	47	198	
53	38	20	38	10	36	212	163	61	86	
2	17	50	122	45	20	222	18	209	12	
51	67	18	42	64	26	59	166	224	0	
61	26	75	27	53	12	226	12	0	225	
4	0	16	57	24	35	34	94	219	234	
32	42	49	42	32	45	215	62	77	121	
20	52	14	83	119	0	249	21	143	16	
60	37	21	78	44	69	91	66	52	199	
27	48	26	132	0	62	17	180	225	0	
20	35	27	8	40	66	251	183	63	24	
89	39	18	33	46	77	73	93	39	210	
69	46	34	12	20	6	17	183	212	118	
33	52	8	72	88	90	225	34	10	105	
23	4	36	27	4	28	78	206	66	245	
87	57	38	82	52	63	96	188	54	0	
46	0	49	19	67	26	244	46	173	47	
52	52	12	19	9	79	302	161	15	16	
36	1	130	133	22	20	24	253	0	98	
139	32	0	24	21	67	156	32	26	220	
11	4	61	64	36	22	16	44	239	220	
22	0	4	39	38	60	208	86	36	224	

4	2	4	14	40	80	306	72	12	188	
36	24	0	32	105	43	176	288	18	0	
64	51	24	60	54	39	129	64	28	209	
12	32	11	20	0	10	245	20	304	68	
66	59	20	52	18	30	163	72	28	214	
137	25	0	8	6	16	132	41	68	289	
64	55	24	60	20	31	243	58	114	53	
61	92	6	33	23	12	297	116	39	43	
68	55	22	108	16	35	243	60	28	87	
70	51	24	120	16	30	184	64	60	103	
106	8	10	0	35	16	222	18	303	4	
64	51	20	60	20	41	243	124	78	21	
64	63	20	52	16	35	239	96	32	105	 ***
96	51	20	64	16	38	134	64	30	209	
96	146	67	60	16	30	130	60	28	89	
9	59	29	40	4	58	238	64	84	137	
114	32	4	34	71	8	290	36	111	22	
56	37	62	26	0	52	140	38	0	311	
78	56	51	62	12	50	232	66	0	115	
68	51	20	60	50	35	131	64	34	209	
76	53	12	60	54	30	137	56	60	184	
75	59	15	0	12	28	233	275	15	10	
48	20	62	37	46	32	296	47	134	0	

18	32	26	2	78	2	295	156	53	26	
24	16	0	0	32	94	297	58	63	104	
80	28	48	4	0	0	97	293	138	0	
36	64	66	0	5	0	289	104	20	104	
0	0	40	44	128	50	41	56	10	319	
24	18	20	68	47	126	132	80	40	133	
0	22	21	0	15	99	111	0	102	318	
90	103	23	12	0	45	266	74	0	75	
0	42	68	20	116	20	303	0	14	105	
103	18	18	71	8	34	162	160	81	33	
96	12	62	32	0	0	297	47	104	38	
48	74	10	16	8	16	320	128	20	48	
42	38	16	72	36	0	135	2	305	42	
34	24	36	1	52	112	303	34	28	64	
64	36	12	32	76	52	298	34	12	72	
24	36	21	36	6	57	246	88	64	110	 ***
19	86	0	148	0	6	285	14	64	66	
26	26	20	36	8	43	133	114	74	208	
0	50	31	34	6	66	329	80	74	18	
25	36	20	36	55	67	131	80	40	198	
14	16	100	14	0	16	332	76	82	38	
24	21	20	40	6	41	226	81	156	73	
56	115	42	54	44	20	33	0	324	0	
24	23	20	56	6	34	250	82	76	117	
1	52	44	40	48	0	291	54	18	140	
78	66	24	10	32	24	311	34	72	37	
0	64	0	16	67	4	153	0	70	314	
16	52	46	39	45	52	50	101	0	287	
44	2	23	14	0	80	287	0	195	43	
96	50	36	17	2	54	272	103	58	0	
0	69	6	80	105	2	30	84	0	312	
66	28	12	58	50	0	275	104	84	11	
46	4	16	10	0	102	112	18	72	308	
28	26	44	38	8	40	131	81	96	196	
24	75	26	122	6	39	169	162	32	33	
16	20	32	2	18	12	132	301	147	8	

24	27	23	38	6	33	244	88	96	100	
56	2	16	34	40	54	281	68	128	0	
57	12	42	42	0	20	320	24	78	84	
137	102	40	0	102	16	268	6	0	8	
40	20	2	2	36	6	299	44	44	186	
32	56	0	68	8	42	300	112	24	37	
24	17	19	41	10	33	189	100	64	182	
111	13	58	43	0	102	272	8	72	0	
24	20	43	36	6	43	245	88	64	110	 ***
32	22	19	36	6	37	189	88	64	186	
68	6	0	124	42	80	271	62	12	14	
16	20	82	32	56	40	121	292	4	16	
24	20	19	110	6	41	194	88	64	113	
96	26	2	46	24	0	68	285	36	96	
24	34	20	36	8	30	230	198	64	35	
68	8	14	86	2	16	310	88	29	58	
6	72	48	8	0	36	308	5	48	148	
0	0	94	4	42	88	277	26	20	128	
105	10	16	36	50	40	298	0	96	28	
0	106	0	0	0	76	60	62	55	320	
64	6	40	36	23	4	38	126	40	302	
24	16	19	38	6	37	148	104	97	190	
24	24	19	36	6	40	244	144	64	78	
26	74	0	50	37	36	6	166	0	284	
56	11	34	20	2	84	287	85	52	48	
24	17	19	38	6	33	244	108	151	39	
52	48	72	101	0	0	276	30	0	100	
32	42	18	20	0	48	332	141	8	38	
0	14	86	8	0	16	293	40	85	137	
56	16	4	2	20	0	0	316	58	207	
18	46	14	4	0	120	297	124	16	40	
0	22	0	38	72	96	289	6	45	111	
36	30	46	32	44	0	119	50	298	24	
6	55	88	12	0	88	243	0	151	36	

12	36	23	4	80	0	263	10	56	170	
40	51	0	52	48	4	32	26	154	247	
3	0	22	66	132	88	0	251	92	0	
0	24	110	0	50	0	190	50	18	212	
0	42	43	34	38	19	189	199	56	34	
80	8	41	53	8	37	191	140	68	28	
0	22	14	12	116	48	277	0	99	66	
0	40	0	4	74	82	180	0	57	217	
20	8	43	66	11	40	205	56	60	145	
26	2	2	26	24	32	254	109	179	0	
0	8	33	38	74	16	194	82	52	157	
32	98	44	2	8	36	283	82	17	52	
0	8	33	68	10	25	197	219	56	38	
34	0	4	80	129	0	261	0	138	8	
8	48	0	36	5	32	204	90	16	215	
32	64	4	0	32	0	303	12	127	80	
20	8	35	44	29	65	191	58	134	70	
4	24	35	66	38	16	192	78	162	39	
0	88	35	38	6	102	111	54	68	152	
20	21	47	34	6	66	223	68	96	73	 ***
52	8	77	34	6	33	189	161	64	30	

0	0	8	0	68	4	4	148	0	328	
8	0	2	168	56	0	36	44	246	0	
4	18	59	32	4	8	85	54	41	255	
4	36	32	0	4	16	268	46	11	143	
4	20	38	32	4	20	245	49	40	108	
0	4	46	2	0	16	310	8	150	24	
98	0	8	34	0	4	0	0	98	318	
4	20	4	0	40	0	314	140	24	14	
20	0	0	56	0	8	310	36	2	128	
20	8	82	0	32	8	281	108	4	17	
4	26	40	32	20	8	245	50	40	95	
0	18	42	32	86	4	141	161	40	36	
56	0	0	0	8	0	4	261	36	195	
48	0	19	0	65	80	288	0	0	60	
4	18	38	0	22	8	89	62	52	267	
4	18	34	0	0	20	67	90	42	285	
0	0	167	0	16	36	0	0	96	245	
4	18	38	40	99	4	83	178	60	36	
4	10	84	0	0	0	322	0	36	104	
0	20	24	32	66	24	304	36	0	54	
4	18	38	32	4	81	83	51	40	209	
0	36	92	0	0	0	0	320	12	100	
4	42	38	32	4	4	245	113	40	38	
8	0	0	66	24	0	289	173	0	0	
4	18	39	48	4	4	83	64	40	256	
4	18	38	40	99	10	83	178	56	34	
20	18	39	32	4	12	83	271	44	37	
0	0	28	165	88	0	221	0	2	56	
82	0	2	0	51	64	16	12	40	293	
0	12	8	0	90	32	308	0	104	6	
36	28	12	0	0	0	322	20	2	140	
4	20	38	32	20	8	241	49	40	108	
8	18	38	32	6	8	101	54	40	255	
0	0	38	0	0	8	324	166	24	0	
4	18	40	32	14	4	83	49	60	256	
20	18	38	32	4	12	245	113	40	38	 ***
12	18	38	32	99	4	87	180	56	34	

113	24	31	0	0	16	112	250	44	78	
28	40	34	84	48	0	300	116	18	0	
28	20	30	0	32	44	261	74	100	79	 ***
70	45	4	8	66	53	235	0	0	187	
0	32	44	12	98	40	0	184	258	0	
80	96	34	11	0	0	140	250	0	57	
40	48	65	7	8	0	0	243	28	229	
20	12	30	0	44	71	104	305	36	46	
0	32	0	0	48	42	53	40	176	277	
32	64	54	64	41	20	302	76	0	15	
164	32	0	0	73	0	244	147	8	0	
10	4	60	64	0	36	305	143	46	0	
0	0	36	84	0	0	0	168	306	74	
38	32	12	48	10	6	236	232	54	0	
14	32	0	64	18	40	185	48	240	27	
24	32	44	88	0	34	300	32	70	44	
0	40	129	32	0	0	280	142	37	8	
32	72	36	78	0	0	322	41	87	0	
12	52	20	0	105	4	307	0	14	154	
56	8	42	32	16	1	259	0	138	116	
0	26	4	65	64	32	0	139	2	336	
96	69	34	0	22	36	0	98	0	313	
88	0	32	0	33	40	296	128	45	6	
0	0	8	36	40	0	32	259	225	68	
0	64	0	81	42	0	0	44	125	312	
0	12	56	64	68	8	234	192	32	2	
36	56	40	4	74	40	0	111	307	0	
0	52	38	46	0	16	310	42	84	80	
74	10	60	20	4	38	299	131	32	0	
8	13	0	32	64	32	243	47	6	223	
64	8	48	70	0	48	0	111	319	0	
32	8	32	164	0	0	188	43	64	137	
12	68	2	0	0	88	0	300	124	74	
99	16	62	0	4	16	80	278	68	45	
48	40	56	48	16	0	227	49	184	0	
60	44	68	16	2	4	276	70	32	96	
8	32	8	4	32	4	66	294	220	0	
0	0	0	198	68	68	100	24	0	210	
18	12	66	0	0	52	326	94	68	32	
0	158	0	85	0	40	58	0	258	69	
0	19	36	68	32	4	44	239	226	0	
36	48	40	36	0	0	253	10	68	177	
32	4	46	38	32	40	248	46	0	182	
68	12	32	0	13	64	224	207	48	0	
64	86	86	8	68	0	0	280	76	0	
0	48	52	74	0	32	289	137	0	36	
85	32	52	24	64	76	0	302	33	0	
20	44	30	100	9	12	78	301	32	42	
52	10	52	36	0	44	302	132	0	40	
24	64	22	5	0	4	281	114	32	122	

44	0	42	94	141	0	244	68	48	32	
21	32	9	0	65	4	237	64	225	56	
132	40	36	36	5	23	0	221	220	0	
66	69	41	0	42	0	236	0	114	145	
32	64	64	4	90	0	297	44	114	4	
0	83	0	107	70	80	69	0	300	4	
71	0	39	0	42	0	25	122	189	225	
22	16	46	0	32	90	233	64	96	114	 ***
36	8	66	0	64	0	264	193	66	16	
0	0	72	32	95	0	32	220	10	252	
0	32	38	11	111	57	268	130	0	66	
20	24	9	0	36	74	224	96	98	132	
1	4	64	36	0	42	272	52	80	162	
40	37	34	0	0	99	297	70	0	136	
12	104	4	74	10	32	264	35	118	60	
4	80	2	64	0	104	0	301	158	0	
64	34	2	98	76	32	281	0	53	73	
28	8	0	4	64	72	232	64	100	141	
36	48	36	32	32	66	204	0	259	0	
24	8	0	0	42	40	235	96	132	136	
15	32	64	38	66	40	256	0	0	202	
14	34	89	100	64	0	276	76	60	0	
4	70	165	0	4	44	268	104	0	54	
4	0	32	40	66	34	72	253	212	0	
154	125	76	0	32	0	198	96	32	0	
128	29	81	48	0	0	0	223	204	0	

18	9	32	32	42	106	283	32	72	56	
40	0	45	44	58	42	278	0	175	0	
0	64	115	0	123	34	32	0	48	266	
0	6	64	0	8	2	231	234	97	40	
18	16	40	0	40	87	269	40	112	60	
10	42	8	0	0	26	223	32	48	293	
50	0	48	0	41	88	281	38	72	64	
94	50	0	0	34	85	128	291	0	0	
0	145	0	6	16	48	234	64	129	40	
0	153	32	4	52	33	32	288	56	32	
20	8	33	41	32	106	267	40	76	59	
108	0	68	15	57	52	268	0	74	40	
32	2	34	16	49	39	12	32	213	253	
26	16	36	0	32	112	270	34	100	56	
8	0	20	98	0	0	339	79	138	0	
44	0	4	0	32	69	295	104	126	8	
20	0	32	0	98	102	223	64	65	78	
42	155	0	36	50	0	96	43	0	260	
18	8	44	0	32	94	283	35	98	70	 ***

28	64	76	100	0	0	0	0	128	247	
32	161	0	8	16	32	36	66	0	292	
56	4	8	0	8	2	245	248	40	32	
64	8	32	2	0	32	253	220	0	32	
14	8	8	0	66	132	279	40	64	32	
0	66	4	16	16	40	295	0	8	198	
3	0	44	24	0	74	291	35	108	64	 ***
0	52	0	8	10	40	0	88	108	337	
0	46	12	40	0	2	337	66	140	0	
0	32	0	4	8	60	327	0	59	153	
40	28	5	34	72	8	271	41	44	100	
48	6	106	33	56	78	275	0	41	0	
0	64	0	84	173	8	0	36	0	278	
2	1	48	0	0	88	291	35	106	72	
32	9	40	40	4	86	282	90	23	37	
8	32	2	40	8	164	18	64	275	32	
2	1	52	0	0	62	291	61	106	68	
10	152	76	133	0	14	247	0	0	11	
0	0	84	24	43	0	273	206	13	0	
179	2	8	32	32	0	256	96	24	14	
64	0	48	136	32	20	253	90	0	0	
12	0	0	2	0	8	263	90	8	260	
0	0	76	64	183	10	0	256	54	0	
0	2	42	32	32	62	325	107	32	9	

18	45	32	32	0	70	307	36	114	60	
34	36	16	49	74	114	246	55	32	58	
43	88	56	38	200	69	0	220	0	0	
2	3	34	56	8	68	306	34	142	61	
100	0	52	0	23	82	198	123	136	0	
86	0	0	36	2	159	64	61	230	76	
50	0	0	8	32	54	251	52	254	13	
18	14	34	24	3	70	295	72	107	77	 ***
0	4	66	104	26	151	45	278	0	40	
40	14	8	8	65	6	269	81	135	88	
58	36	40	0	0	14	268	178	88	32	
0	36	45	28	80	52	263	142	50	18	
37	32	115	4	10	4	283	16	0	213	
10	96	2	58	16	60	274	8	150	40	
21	0	38	32	0	116	297	34	113	63	
112	32	2	48	14	2	298	20	174	12	
7	8	44	146	0	0	277	18	194	20	
48	56	23	20	16	72	281	170	28	0	
25	115	68	8	2	22	301	23	134	16	
3	0	40	24	0	70	301	68	128	80	
17	34	20	40	48	12	341	186	16	0	
42	20	104	4	44	32	248	204	16	0	
19	32	66	32	34	60	23	0	229	219	
10	40	40	32	34	150	239	64	17	88	
76	72	4	0	0	8	279	52	114	109	
4	98	27	0	16	88	271	20	146	44	
12	4	10	18	64	34	281	4	14	273	
48	20	5	65	0	8	295	0	204	69	
2	2	40	76	8	76	277	33	140	60	
93	105	145	60	0	18	26	0	0	267	
40	60	54	64	10	0	230	36	188	32	
72	32	0	40	8	0	270	0	238	54	
21	56	32	6	0	0	271	76	204	48	
50	8	48	64	44	118	270	0	44	68	
24	0	38	104	0	32	281	40	0	195	
0	14	82	80	0	52	270	6	146	64	
0	8	0	0	8	186	0	182	289	41	
37	27	136	25	80	60	289	60	0	0	

157	38	52	32	42	0	31	129	0	287	
0	2	56	115	28	112	66	0	120	269	
48	42	56	95	19	48	272	56	0	132	
23	49	40	65	108	0	282	144	25	32	
2	17	64	32	17	84	209	252	56	35	
32	68	34	32	35	62	289	76	72	68	
12	8	34	89	66	9	150	26	107	267	
0	88	20	40	129	0	48	178	255	10	
24	40	20	114	72	16	245	0	190	47	
0	52	56	24	2	106	262	40	181	45	
67	66	58	40	57	0	0	173	40	267	
28	59	6	8	0	0	188	51	149	279	
10	0	49	136	16	64	251	98	54	90	
28	5	20	32	144	32	279	192	16	20	
33	42	14	42	170	56	256	0	155	0	
24	6	35	40	5	62	289	88	102	117	
0	16	0	40	129	121	278	32	8	144	
98	30	4	93	74	32	221	198	0	18	
73	32	38	8	101	4	177	48	36	251	
64	6	34	24	38	78	289	80	103	52	 ***
25	0	0	64	5	0	247	92	50	285	
50	136	70	22	36	78	263	48	65	0	
36	64	66	20	0	0	17	119	240	206	
97	66	14	0	50	0	302	20	178	41	
0	64	38	90	113	0	83	0	154	226	
32	85	34	80	8	16	264	63	90	96	
6	0	80	45	56	42	254	0	112	173	
32	56	0	60	0	112	257	77	72	102	
48	34	74	72	88	68	267	83	0	34	
64	90	17	59	0	92	216	0	170	60	
0	50	8	56	0	85	297	122	106	44	
8	94	0	14	29	70	217	81	16	239	
55	108	34	6	68	79	276	0	122	20	
0	4	28	46	144	0	0	279	77	190	
80	0	36	130	0	68	231	75	28	120	
1	22	88	2	6	35	264	88	188	74	
0	64	96	0	66	9	227	0	250	56	
32	104	66	24	3	28	211	105	103	92	
12	88	80	0	120	8	232	116	112	0	
8	128	32	59	92	58	281	32	36	42	
72	65	42	52	69	0	87	264	117	0	

