#200	160	400	160	2464	192	112	4232	160	260	 ***
#88	192	788	80	0	160	4100	2532	160	240	
#112	324	352	160	560	868	144	5224	0	596	
#304	320	512	0	0	2320	868	644	1328	2044	
#488	516	0	0	32	160	2200	3040	1872	32	
#356	160	80	192	2304	516	596	3736	320	80	
#404	384	84	0	0	240	32	4696	192	2308	
#160	324	352	320	160	160	1732	5128	4	0	
#0	640	880	0	740	272	120	160	112	5416	
#260	84	112	240	436	0	320	3012	240	3636	

196	160	432	160	320	576	112	4872	240	484	
160	0	160	160	240	160	176	5040	32	1424	
276	160	400	160	640	192	144	4104	160	1316	
32	192	160	560	2064	32	160	4000	320	32	
196	160	400	160	400	224	432	5164	224	192	
752	80	144	0	336	1680	0	3064	240	1256	
720	336	0	0	3092	160	640	80	0	2524	
192	160	400	160	320	224	512	520	224	4840	
196	192	560	192	320	272	192	2036	512	3080	
272	144	1752	0	320	32	0	2320	32	2680	
592	596	0	112	320	484	272	4884	36	256	
0	64	192	480	1488	168	352	3512	304	992	
80	160	80	112	148	272	708	4792	1200	0	
32	0	240	320	144	0	3024	2008	1784	0	
240	80	192	0	112	320	512	4716	80	1300	
64	224	0	112	192	352	436	4936	436	800	
0	480	112	240	912	4	272	2056	32	3444	
196	160	432	160	400	512	192	584	160	4756	
196	160	464	240	400	192	80	4604	160	1056	 ***
32	464	484	400	0	0	224	5192	116	640	
144	160	80	480	320	272	1124	3140	192	1640	
276	592	240	160	320	224	80	5500	160	0	
352	164	432	112	704	80	144	4964	0	600	
2852	0	400	0	32	688	32	3388	0	160	
196	160	400	560	352	192	80	628	160	4824	

640	160	192	272	272	3124	1600	1800	0	4	
192	192	304	240	400	224	80	2252	880	3300	
816	400	192	560	352	272	2948	2052	472	0	
516	160	336	240	400	832	192	4236	160	992	
192	160	304	1744	624	192	80	3584	160	1024	
276	160	304	784	400	192	80	4236	480	1152	
272	112	624	272	400	192	80	5520	240	352	
1120	432	400	64	592	0	0	3940	540	976	
192	160	464	560	400	192	112	4624	224	1136	 ***
192	240	464	240	400	192	112	1004	160	5060	
512	240	0	192	32	512	2668	3380	416	112	
304	464	112	0	432	0	960	4784	528	480	
1232	0	480	112	0	656	4572	544	160	308	
0	1520	192	0	144	32	784	272	4768	352	
32	0	512	304	0	352	192	2540	3380	752	
160	32	384	560	480	384	3220	328	0	2516	
80	0	640	4	112	432	1992	3972	416	416	
192	1184	272	560	0	400	464	4652	304	36	
496	672	1876	0	672	560	1056	1716	1016	0	
112	192	112	80	480	432	4576	496	1152	432	
244	384	256	592	752	160	484	4456	736	0	
272	32	432	320	432	640	1216	0	352	4368	
480	912	112	32	160	416	1708	4132	112	0	
192	160	224	240	912	192	80	2156	800	3108	
228	160	464	240	400	272	112	948	480	4760	
32	160	160	112	160	196	544	3140	2040	1520	
720	228	224	464	320	388	160	5012	548	0	
192	480	64	112	400	32	80	2380	192	4132	
32	160	160	240	352	416	80	4888	1392	344	
112	272	32	0	512	320	776	3816	1952	272	

480	224	240	1216	752	0	880	4740	0	848	
112	320	64	720	400	192	784	4852	864	1072	
64	304	32	1520	2160	400	0	4356	352	192	
240	752	640	816	0	544	192	5492	272	432	
272	160	64	1200	400	192	272	5140	224	1456	
960	464	112	96	112	800	1104	5092	560	80	
0	832	304	400	1312	944	400	4132	432	624	
752	160	64	560	400	192	112	1232	384	5524	
32	320	0	624	224	1504	5140	864	592	80	
432	3380	752	352	112	1152	32	2576	0	592	
976	736	112	3460	1712	416	192	0	0	1776	
112	112	144	720	640	192	752	4852	224	1632	
1024	64	704	0	480	880	4756	640	640	192	
352	576	160	832	160	1120	0	176	752	5252	
192	240	464	560	1040	224	304	5060	224	1072	
32	0	80	1264	1636	1120	912	3024	800	512	
672	320	320	192	832	0	1312	1056	4324	352	
624	1024	784	800	0	192	0	3844	1792	320	
704	944	192	112	480	3252	3344	352	0	0	
112	160	64	560	400	992	752	464	384	5492	
432	800	960	160	544	480	512	3588	1904	0	
0	800	352	1088	0	320	624	1472	3764	960	
320	192	0	800	96	640	736	5252	512	832	
432	352	896	320	352	224	2512	192	4100	0	
304	160	304	560	400	192	32	5140	224	2064	
112	160	704	560	400	352	144	4852	384	1712	
272	1552	0	960	352	0	752	4164	992	336	
640	80	1632	0	624	112	800	4228	992	272	
272	0	1104	240	0	144	1648	432	512	5028	
304	160	432	0	720	1600	800	784	4356	224	
112	160	96	720	400	832	912	2144	224	3780	
144	960	64	560	400	832	272	2144	224	3780	
0	3092	32	640	0	320	256	832	3664	544	
112	160	64	560	432	832	112	4852	384	1872	
1344	96	0	80	0	912	1984	3828	816	320	
144	0	800	1104	992	64	672	784	4180	640	
416	1312	640	672	224	704	112	0	512	4788	
560	96	32	480	720	192	1440	544	704	4612	
256	784	0	1152	80	320	864	4852	640	432	
112	800	64	560	560	224	2820	2304	864	1072	
0	544	912	0	64	1216	432	5140	640	432	
192	160	144	560	400	832	912	4068	224	1888	 ***
144	320	464	672	0	640	1776	3908	160	1296	
0	496	720	352	0	672	784	5588	112	656	
32	272	0	0	704	400	4292	2000	896	784	
192	160	464	592	400	352	112	864	224	6020	
672	320	0	0	192	656	976	4308	1664	592	
272	752	400	240	64	384	192	5444	1360	272	

752	112	864	832	192	0	1104	4576	1056	160	
992	480	960	176	592	224	320	5072	0	832	
1184	0	0	720	352	992	0	4528	816	1056	
192	160	144	480	320	672	992	4032	192	2464	
240	32	480	432	544	224	32	5120	2544	0	
880	0	832	1280	0	64	0	1120	4096	1376	
0	112	352	192	0	32	1360	4032	1712	1856	
1472	112	64	3232	672	0	400	160	0	3536	
64	160	384	480	320	672	992	5088	192	1296	
0	880	2288	0	416	32	240	432	4720	640	
32	160	144	560	320	672	944	352	1072	5392	
432	384	352	672	0	192	320	5264	1680	352	
224	160	144	480	320	672	1552	4064	192	1840	
1648	0	0	1680	224	960	0	4800	192	144	
32	160	144	480	320	672	1968	1696	192	3984	
160	32	672	672	1024	672	1648	4416	0	352	
0	752	0	192	160	2080	144	3152	992	2176	
32	800	96	560	320	672	1152	4048	192	1776	
64	160	1632	720	832	304	2352	3328	0	256	
1152	1888	672	640	272	0	272	832	3696	224	
160	1040	816	192	0	1344	320	4832	192	752	
64	160	144	480	320	672	1792	432	192	5392	
112	320	144	480	352	672	1552	4048	192	1776	 ***
272	1280	704	256	0	352	1472	3744	192	1376	
480	2832	944	2656	96	0	32	2608	0	0	
672	160	144	480	320	672	912	4048	464	1776	
32	160	176	480	320	752	912	3568	432	2816	

1008	32	832	0	0	880	2192	3200	752	528	
1440	0	912	512	80	0	0	2016	240	4224	
752	272	160	0	0	752	640	4240	1216	1392	
112	480	64	480	912	752	944	3744	512	1424	
32	112	1264	1152	576	0	0	3120	592	2576	
1072	272	992	0	0	800	1024	3616	832	816	
1152	800	752	0	352	0	4432	592	320	1024	
112	400	224	480	432	752	1632	3584	304	1504	
1600	624	160	224	1344	0	1824	2832	32	784	
272	240	416	560	400	704	1552	624	352	4304	
672	160	1280	352	160	0	80	3120	912	2688	
192	320	64	320	464	672	992	2912	2144	1344	
432	320	64	480	1072	880	912	3536	352	1376	
80	400	784	1280	0	320	1056	912	0	4592	
144	320	64	560	992	832	1392	496	464	4160	
112	1360	160	352	1552	0	4832	1056	0	0	
112	832	144	640	1072	752	1072	256	192	4352	
880	32	464	960	1184	400	1040	3568	704	192	
272	1120	144	400	672	752	992	576	192	4304	
160	880	400	912	1200	80	2128	3024	640	0	
112	800	64	320	432	912	912	2784	352	2736	 ***
192	704	720	240	672	64	1792	3472	512	1056	
272	480	224	720	512	1392	1024	304	192	4304	
384	864	272	240	32	640	1072	3744	1136	1040	

1040	1072	224	432	0	192	544	2096	432	1408	
272	0	992	624	304	160	1008	2112	1968	0	
432	736	1760	0	240	352	192	2880	848	0	
80	640	64	512	352	272	752	2640	352	1776	
272	480	672	160	160	0	0	560	4304	832	
624	160	192	0	80	624	1040	3008	1520	192	
0	2208	640	0	192	352	160	1616	0	2272	
32	1072	688	80	0	512	720	2688	688	960	
112	640	64	480	352	272	752	464	224	4080	
32	352	320	0	160	896	1760	3008	192	720	
624	640	64	0	512	1104	1072	464	224	2736	
352	1104	144	592	512	960	992	2672	112	0	
0	320	160	320	160	240	512	1856	3296	576	
400	0	640	272	672	400	1136	2576	560	784	
0	432	32	624	80	0	2240	320	3712	0	
0	624	480	640	640	112	144	1376	0	3424	
576	400	0	592	304	160	0	3232	1104	1072	
112	640	64	320	512	272	784	2720	192	1824	 ***
352	32	320	992	32	0	672	2800	864	1376	
160	672	192	0	320	800	1984	2560	0	752	
320	160	0	80	32	1392	80	3840	1344	192	
32	160	272	464	160	0	2432	3040	880	0	
480	544	1520	400	160	0	160	2624	1008	544	
160	352	736	736	784	720	592	3328	32	0	
320	640	400	0	464	240	1104	3232	160	880	
592	320	320	0	240	80	192	0	3120	2576	
752	160	160	1040	0	112	1824	3200	160	32	
304	464	400	672	832	1376	1376	2016	0	0	
304	160	320	400	400	544	1104	2704	640	864	
240	480	64	320	352	272	784	2720	384	1824	
112	800	64	320	352	272	752	2720	224	1824	
112	672	64	320	352	272	752	624	192	4080	
976	2224	480	320	240	336	672	2192	0	0	
304	480	1392	416	704	432	736	2336	640	0	
240	192	320	1200	0	192	2928	2016	80	272	
112	720	64	320	352	432	752	464	192	4032	
0	352	432	64	80	1200	464	2848	1072	928	
1296	352	1584	1040	0	0	992	1968	208	0	
400	320	0	672	832	352	848	2896	720	400	
160	80	672	320	32	400	2688	2656	240	192	
1280	32	80	576	0	864	560	2304	224	1520	
864	176	160	976	0	464	352	2624	560	1264	
992	160	912	0	160	800	304	0	80	4032	
80	512	400	704	464	640	80	2208	2352	0	
560	0	896	224	112	640	800	3568	0	640	
112	720	64	320	384	272	1664	1648	352	1904	
80	640	32	352	352	240	912	816	192	3824	
576	80	944	640	192	480	1184	2704	640	0	
0	640	960	1280	320	32	80	3344	752	32	

160	164	240	0	564	720	4404	864	304	160	
84	272	2432	512	192	164	0	0	1856	2068	
592	276	112	484	160	0	2560	0	3124	272	
80	352	320	560	192	1280	100	3056	1640	0	
144	0	912	640	804	160	0	1544	2784	592	
640	880	724	0	356	308	32	3696	320	624	
224	912	0	0	720	596	944	2564	1460	160	
592	352	240	1372	672	240	1648	2080	384	0	
624	164	512	0	304	512	1044	3284	1136	0	
160	1572	596	0	224	800	80	320	436	3392	
432	196	1556	320	400	80	0	720	304	3572	
352	720	1680	112	196	196	352	3380	240	352	
516	2528	272	0	756	112	2468	384	0	544	
244	964	64	0	512	356	832	1040	192	3376	
640	192	400	324	164	84	592	4272	112	800	
400	640	256	0	672	352	752	696	548	3264	
756	880	0	1832	432	192	0	1840	864	784	
272	544	244	260	480	640	324	3536	480	800	
80	800	36	0	592	432	896	548	2272	1924	
320	0	1184	964	736	432	1716	1796	0	432	
80	720	64	4	436	240	992	1136	2272	1636	
0	196	160	272	32	512	2992	964	2452	0	
160	760	160	704	512	1024	0	2192	836	1232	
560	276	640	1264	420	704	0	0	912	2804	
592	640	64	0	512	356	752	2632	192	1840	
400	640	68	0	832	312	752	2624	272	1680	
80	160	968	800	468	0	704	3360	80	960	
192	548	468	1200	800	352	1216	2288	0	516	
84	992	64	192	324	160	1440	1776	1232	1316	
320	84	224	676	160	80	1844	3488	80	624	
80	640	96	0	512	564	756	896	2676	1360	
168	752	224	0	512	308	832	1056	384	3344	
240	2420	912	512	36	160	1828	432	1040	0	
912	960	484	756	784	752	144	2192	0	596	
80	640	64	0	832	432	708	1204	2020	1600	
160	592	64	628	560	1232	484	2212	1024	624	
112	640	64	112	516	752	756	2676	352	1600	 ***
272	160	112	356	400	1488	832	2760	320	880	
400	384	272	4	36	0	800	512	1440	3732	
160	164	192	0	464	832	2192	2212	4	1360	
320	240	160	1120	576	160	1152	2168	932	752	

400	0	80	152	2036	0	400	3664	2192	752	
804	84	80	2068	560	544	0	1904	512	3120	
80	480	32	400	1828	432	756	1412	1104	3152	
80	592	32	80	516	400	756	2292	592	4336	
160	960	244	1876	432	0	1504	2420	0	2080	
1184	400	4	1232	144	68	1636	3296	0	1712	
720	480	0	560	272	400	676	3016	480	3072	
0	192	672	1396	1392	0	832	1268	2720	1204	
80	480	80	160	1476	720	676	2116	2608	1280	
384	1312	400	160	432	80	2200	1252	3456	0	
112	800	192	320	596	752	916	2644	352	2992	
1392	240	2064	80	248	0	3984	1120	388	160	
1440	80	400	916	1072	1124	948	288	240	3168	
480	1440	32	1520	240	164	3648	400	720	1032	
160	1360	32	400	1156	432	836	1684	192	3424	
1520	80	544	164	352	800	1588	3280	864	484	
960	564	224	480	192	0	2960	244	804	3248	
244	1040	944	672	916	1872	752	512	2724	0	
720	464	1748	160	1152	1796	784	80	2292	480	
964	480	0	1392	432	400	1232	4340	196	240	
112	644	1392	304	36	0	880	2724	2832	752	
272	960	836	800	404	880	1328	80	2644	1472	
164	516	0	164	1152	1024	1248	3344	160	1904	
0	400	544	1716	720	196	400	3984	0	1716	
400	80	544	160	2176	1312	512	160	1120	3212	
1236	2704	272	2004	0	0	1056	672	420	1312	
800	832	432	640	912	544	240	160	1684	3432	
192	1200	308	672	320	468	0	1440	1668	3408	
912	512	244	592	960	176	996	2884	1760	640	
144	436	1200	640	0	1264	1600	2756	1236	400	
832	640	468	1120	1588	944	0	2900	144	1040	
1424	192	160	0	356	560	1908	2720	1360	996	
240	560	32	240	1156	512	836	3316	1024	1760	
80	320	32	160	676	400	1620	4132	576	1680	
32	624	32	116	3348	160	480	2612	1520	752	
112	480	192	720	516	512	756	3636	1072	1680	 ***
80	720	1440	1108	144	192	2884	1668	720	720	
1224	608	1044	160	1376	2256	0	864	2144	0	
564	1392	564	404	672	2864	2160	0	0	1056	
1764	1024	240	400	192	1040	0	3780	356	880	
484	352	324	960	244	352	2656	3136	1056	112	
720	720	0	720	516	480	676	576	2948	2320	
1284	160	432	640	480	816	3504	1240	0	1120	
164	192	1268	1232	1472	324	400	1200	704	2720	

320	400	32	80	548	480	708	1780	272	3120	
0	2480	308	0	512	720	464	2260	996	0	
160	0	1072	512	200	752	0	1396	32	3616	
240	400	0	240	1908	480	676	1492	944	1360	
404	192	624	0	400	884	3024	1312	900	0	
80	2688	0	592	192	80	144	1108	724	2132	
80	400	192	80	116	480	676	1684	2832	1200	
112	640	1632	884	0	400	384	592	3096	0	
1124	32	560	880	160	560	800	2640	320	664	
80	512	32	80	196	640	676	3492	1312	720	
596	512	0	1872	432	512	500	2000	960	356	
400	1200	576	8	480	624	516	2048	144	1744	
484	32	512	964	512	272	1140	0	3104	720	
0	564	240	384	644	160	1856	3060	832	0	
400	400	32	80	516	512	996	3492	272	1040	 ***
960	464	324	192	0	880	800	3000	800	320	
0	244	480	192	992	0	576	3316	916	1024	
80	400	32	832	708	480	676	1764	432	2336	
512	672	192	420	0	656	1076	2932	560	720	
384	804	516	464	160	112	800	2816	1284	400	
644	276	192	0	112	0	960	1588	3008	960	
80	400	32	80	676	592	708	1892	272	3008	
2320	0	516	192	192	404	356	2768	992	0	
512	80	144	324	1744	960	160	752	2408	656	
80	400	0	240	2000	480	672	2636	512	720	
2560	720	160	624	4	720	0	880	2072	0	
720	512	720	196	160	676	544	2368	1232	612	
80	400	192	80	516	800	708	3444	240	1280	
240	320	868	2304	160	1028	0	400	1748	672	
1392	0	116	80	592	0	404	2080	2404	672	
80	592	32	80	516	480	676	3428	656	1200	
484	160	32	80	880	116	944	2128	2404	512	

804	192	320	512	384	3140	720	1300	832	0	
432	912	560	240	560	240	0	3364	436	1460	
224	320	480	836	1348	432	1108	0	2064	1392	
272	576	560	1316	324	912	1712	2212	320	0	
240	80	240	0	416	832	1072	3220	624	1480	
304	720	800	1040	944	512	624	1940	1320	0	
352	672	272	404	160	2480	944	2596	0	324	
160	832	592	32	112	0	388	3732	964	1392	
80	0	880	160	304	484	2096	388	80	3732	
272	400	320	480	192	400	996	1528	2896	720	
388	672	0	3008	0	468	948	1424	704	592	
272	160	512	2080	560	464	1080	2852	224	0	
240	400	0	560	916	432	1028	3348	80	1200	 ***
324	800	864	0	544	112	836	3380	832	512	
756	112	912	0	304	992	676	3396	80	976	
400	1232	0	112	436	196	0	676	2624	2528	
944	0	2368	0	1040	80	436	1472	1080	784	
320	160	512	112	1808	980	2916	836	0	560	
400	320	0	240	544	400	1392	1884	80	2944	
160	1200	2208	160	628	0	0	432	1572	1844	
320	560	0	80	512	1040	1024	3324	80	1264	
1360	1200	304	660	432	160	272	3652	164	0	
464	832	560	1300	1184	560	324	2128	852	0	
240	432	0	80	628	560	1668	1492	240	2864	
2432	0	272	516	996	0	912	516	1264	1296	
804	352	112	512	864	820	1508	2000	1232	0	
464	560	320	832	0	392	432	2112	1012	2080	
1584	680	1280	0	112	0	352	836	1584	1776	
272	400	320	240	512	432	996	3320	352	1360	
736	1364	1296	372	560	0	1040	820	0	2016	

400	560	112	560	480	512	992	3532	160	640	 ***
2144	400	0	560	480	752	992	1900	160	560	
640	560	272	804	272	512	192	160	3732	804	
192	720	480	708	192	160	1044	3972	320	160	
192	480	0	560	480	592	992	2396	1616	640	
472	272	0	480	560	324	1648	3792	0	400	
4	320	0	80	800	752	3976	160	304	1552	
1584	112	752	320	320	196	3584	644	0	436	
240	640	160	240	816	0	168	4020	320	1344	
0	724	644	80	720	512	196	2896	864	1312	
416	400	0	560	564	432	1188	3748	80	560	
276	436	1120	1920	0	240	0	992	704	2260	
80	484	832	160	352	564	752	3812	400	512	
400	400	0	720	480	272	992	2204	272	2208	
404	464	320	0	480	80	948	4180	720	352	
160	560	0	560	640	464	992	2300	80	2192	
1668	720	560	804	1264	160	784	0	0	1988	
320	400	0	1056	480	432	1072	1820	160	2208	
448	560	0	560	480	2240	992	1948	160	560	
1040	352	0	80	1364	800	916	3280	116	0	
1152	164	112	480	240	144	480	3896	400	880	
0	676	560	352	596	832	80	592	512	3748	
672	2304	400	32	804	480	480	2504	240	32	
400	192	272	0	720	0	944	3868	432	1120	

192	560	112	240	640	352	1072	1980	512	2144	
2272	720	836	416	304	144	880	632	1600	0	
480	640	320	632	2148	992	384	1376	832	0	
320	112	512	640	0	832	36	3144	736	1472	
324	1024	160	592	0	548	512	3588	592	464	
1120	516	832	512	1680	704	0	432	2008	0	
192	560	112	480	640	736	960	3404	80	640	
2584	272	80	0	944	272	544	2596	0	512	
644	0	432	512	32	976	2144	2384	324	356	
912	1104	672	836	564	672	320	2528	196	0	
0	592	672	0	260	912	1520	756	1076	2016	
464	704	480	512	676	352	672	3156	0	788	
800	80	400	432	8	0	2448	2496	592	548	
248	0	1232	560	192	112	2608	2388	352	112	
160	560	176	432	592	512	992	3420	160	800	
116	112	1664	1684	0	484	2336	608	720	80	
0	304	1584	1064	400	64	560	624	3204	0	
160	560	112	400	480	656	992	3532	560	352	
672	436	160	672	2628	0	1748	1088	240	160	
304	752	1264	276	904	1696	0	0	720	1888	
320	560	112	496	480	672	992	1724	160	2288	
0	384	960	192	640	196	160	2336	2792	144	
704	112	308	1152	484	912	240	3236	656	0	
960	1428	64	260	276	240	1440	2304	832	0	
240	560	112	432	480	512	960	1596	2272	640	
192	560	112	432	640	512	1072	3324	320	640	 ***
0	80	2228	32	912	432	464	640	384	2632	
240	560	112	464	480	512	1360	3484	80	512	
320	784	112	480	480	576	992	1820	80	2160	
276	1556	544	0	704	564	800	832	32	2496	
992	160	192	384	800	1204	624	2612	484	352	
160	560	192	400	480	592	1152	3276	352	640	
256	592	512	672	800	484	0	2260	2036	192	
192	400	112	432	720	672	992	3404	240	640	

1888	640	1024	0	1348	512	0	0	676	3448	
384	240	144	432	560	1232	1840	1544	400	2760	
192	240	400	640	2784	32	80	624	3900	644	
864	560	112	516	704	1312	1040	3228	880	320	
832	1508	228	1696	1040	0	3264	168	800	0	
320	1396	0	1360	1060	0	1712	2520	784	384	
832	240	112	1072	1360	516	1076	1224	640	2464	
0	32	80	960	164	240	5244	1984	640	192	
0	352	80	640	1588	768	0	1640	720	3748	
576	2032	356	0	0	2640	1912	432	480	1108	
960	996	912	496	728	0	560	916	0	3968	
800	404	240	1344	144	160	720	4892	640	192	
228	240	112	592	1280	352	1348	4552	80	752	
240	224	80	576	912	1396	324	3912	1072	800	
388	720	272	432	1040	192	1952	1276	240	3024	
272	240	116	432	1520	512	1872	3228	800	544	 ***
272	1200	192	80	32	1424	1200	3900	756	480	
480	912	228	2484	0	624	1120	2596	1092	0	
192	400	592	592	1280	1028	1520	1388	160	2384	
752	356	320	192	1472	1056	1040	4108	240	0	
2084	272	912	592	656	404	1632	2552	0	432	
832	148	312	0	1936	992	752	1200	3364	0	

352	80	116	756	1360	80	1440	3312	1028	1396	
1072	516	2112	1072	404	1220	2820	704	0	0	
352	84	116	432	1440	592	2192	1780	1072	1860	
272	0	276	432	1472	564	1236	2836	800	2032	
1552	640	240	496	560	640	1528	2660	624	980	
84	672	964	0	800	992	2480	3160	224	544	
0	1360	228	1200	400	352	1828	3256	1072	224	
352	80	308	832	1524	720	1072	2916	1520	596	
304	80	116	432	880	240	2192	2924	1152	1600	 ***
112	80	116	704	1520	80	1840	3432	1124	912	
480	880	80	356	0	1364	784	1920	320	3736	
4	192	640	672	272	1152	1040	2784	0	3164	
1360	32	160	2100	112	160	2196	2808	512	480	
160	800	112	80	352	484	2096	2856	1908	1072	
80	1844	720	336	0	720	192	3320	80	2628	
304	436	560	436	1796	320	2228	3408	0	432	
192	880	356	192	996	916	2176	1904	1632	676	
244	1396	400	240	240	1284	0	3796	1696	624	
672	1524	512	0	484	480	1536	1620	1104	1988	
164	0	1152	544	160	992	512	3596	2240	560	
324	480	1024	1360	400	192	1360	3400	0	1380	
0	4	960	352	720	4	1024	3048	1680	2128	
36	196	720	1200	992	160	2804	3092	80	640	
788	1440	352	880	1700	1120	32	3528	0	80	
352	160	120	1072	1360	240	1664	1176	1680	2096	
800	352	80	1712	404	960	1284	3208	192	928	
992	1040	0	960	752	0	1108	4248	752	68	
672	2612	0	1200	560	1040	0	2808	228	800	
192	192	832	624	2352	32	1240	3412	0	1044	
272	80	356	432	2080	240	1264	1300	2308	1588	
884	0	0	0	112	832	4236	640	1232	1984	
720	1392	992	324	804	0	2200	1312	0	2176	
868	2660	484	320	192	516	752	2224	1904	0	
596	400	1280	880	0	720	484	1336	1472	2752	

304	112	36	272	880	240	2192	1656	640	3748	
464	0	116	544	880	960	2000	1608	560	2948	
304	0	36	1104	880	400	2032	1772	480	3072	
0	724	272	0	1040	2068	4824	320	832	0	
144	276	160	32	1040	272	0	4228	1216	2712	
0	640	2004	720	240	1072	400	144	0	4860	
304	0	36	432	880	1668	2112	1736	1232	1680	
304	80	36	596	272	272	2272	3172	1120	1956	
304	0	36	1152	880	272	2032	3052	512	1840	
304	800	196	432	880	240	2080	1724	480	2944	
80	1764	0	192	224	1076	960	3960	1504	320	
304	0	308	432	880	1668	2032	2532	480	1444	
384	80	36	464	880	272	2392	1700	480	3392	
832	192	400	1264	1360	816	320	3176	1720	0	
304	0	36	496	880	1120	2032	3128	480	1604	 ***
720	1360	160	32	724	80	0	3832	432	2740	
320	2068	192	1744	0	0	80	3400	2116	160	

272	64	32	1056	400	1280	2000	2612	240	2040	
640	352	436	884	432	752	0	4980	0	1520	
112	1540	640	720	1760	240	112	800	240	3832	
432	0	1704	448	240	800	3232	1108	1360	672	
160	1716	2212	0	2144	0	1264	400	2100	0	
272	0	32	1056	880	1040	2068	1780	160	2708	
240	0	1844	0	0	304	0	480	3508	3620	
704	672	0	832	80	800	836	4600	592	880	
912	832	1780	192	0	160	800	0	4680	640	
192	0	4	432	752	2512	800	5112	192	0	
112	0	112	1056	240	800	2000	3292	912	1472	
0	0	160	640	160	1908	1920	756	352	4100	
752	160	32	1056	240	912	2000	3084	80	1680	
224	800	0	672	0	1600	720	5080	100	800	
720	960	160	0	0	0	1460	4312	720	1664	
32	672	160	880	80	240	0	5580	880	1472	
164	0	272	80	80	160	672	5368	672	2528	
4	192	32	832	720	240	2720	4760	496	0	
0	1360	80	80	960	640	5276	384	384	832	
912	80	224	416	240	800	2632	3060	160	1472	
160	160	304	800	1280	0	1120	5260	832	80	
160	0	320	164	912	240	2416	0	1312	4472	
0	720	32	192	400	160	1552	4040	196	2704	
1440	0	240	320	1232	640	964	4904	192	64	
1264	0	0	736	160	1600	1280	4120	36	800	
160	0	80	1280	0	240	1472	4408	356	2000	
0	880	0	0	1792	0	0	4508	672	2144	
272	80	96	816	240	1440	2160	2572	320	2000	 ***
512	0	32	1168	240	800	2392	1460	240	3152	
864	144	32	1280	80	2640	160	3724	0	1072	
272	400	32	416	880	800	2676	1380	192	2948	
80	272	640	80	864	0	2240	5036	304	480	
384	0	192	416	560	1712	2036	2376	320	2000	
752	352	0	80	1024	192	0	4296	2336	964	
944	0	192	736	320	800	2032	1940	160	2872	
832	384	320	1124	1312	480	5464	80	0	0	
0	272	1204	0	0	2240	512	116	32	5620	

592	1668	0	640	0	720	1360	0	4680	496	
1120	1280	160	320	160	224	880	4732	1280	0	
224	640	80	0	640	560	832	4668	1392	1120	
0	720	80	0	800	912	1472	4236	992	944	
432	80	32	416	240	1520	2192	1024	2860	1360	
1444	192	640	400	0	0	944	3672	1824	1040	
80	400	880	640	1104	512	32	3260	3248	0	
320	80	80	352	1152	0	5804	2336	32	0	
32	160	160	1392	0	640	1440	3916	880	1536	
160	832	80	1520	512	192	832	1312	0	4716	
960	512	160	64	0	1520	0	1920	4988	32	
352	80	64	416	240	1600	2160	2936	1268	1040	
1872	992	80	592	0	0	720	3980	384	1536	
640	112	992	720	800	192	1232	4444	384	640	
480	640	752	1344	0	0	4108	2832	0	0	
704	960	960	160	0	480	1552	3528	256	1556	
272	80	64	416	240	1444	2480	1216	1028	2916	
272	80	64	416	240	1520	2276	2740	1028	1520	
0	640	672	672	400	752	160	1760	0	5100	
672	400	64	640	0	240	560	4780	1680	1120	
800	512	1464	1284	240	0	0	4272	144	1440	
0	112	960	560	0	0	672	3964	1024	2864	
832	1520	320	800	464	640	992	4556	32	0	
720	1104	880	112	32	80	1440	5596	0	192	
272	80	148	416	240	1440	2160	2980	992	1428	
548	80	64	416	560	1440	2160	2184	800	1904	
272	80	64	64	240	1200	2160	1344	1860	2872	
432	240	64	416	240	1440	2000	2984	1024	1316	 ***
64	400	320	240	320	192	720	4504	2436	960	
592	240	64	416	240	1520	2160	1024	1024	2876	
1280	480	64	320	80	480	1072	5068	1312	0	
880	160	480	832	160	192	608	4572	2272	0	
144	2120	1028	160	1712	1440	0	160	0	3392	
112	320	64	736	240	1440	2160	1264	2780	1040	
192	80	880	512	800	0	0	4204	2704	784	
1636	160	240	1280	992	0	336	1440	0	4072	
1076	0	992	320	160	2216	0	0	1680	3712	
32	480	640	960	112	160	880	4940	240	1712	
800	1120	320	640	192	992	1584	3596	240	672	
192	1120	32	320	192	80	0	2976	320	4924	
160	80	320	112	800	1280	912	5180	1040	272	
352	672	304	0	1120	880	160	4956	0	1712	
1312	912	80	0	320	1076	1184	4920	0	352	
112	0	1184	320	400	720	800	5004	1584	32	
432	192	64	416	240	1760	2160	1024	992	2876	
272	80	64	416	240	1680	2160	2900	984	1360	
912	0	192	640	1520	80	640	4632	0	1540	
880	0	32	1280	224	0	640	4956	800	1344	
0	2000	160	240	64	832	32	5036	672	1120	
112	80	144	1216	240	1120	2000	1104	3100	1040	
240	1520	0	1072	160	480	1200	4124	1024	336	
192	960	0	2360	160	0	800	3908	832	944	
272	80	64	448	240	1600	2160	2744	1028	1520	

0	560	112	80	112	1024	388	5404	0	1040	
0	320	672	940	32	720	2464	1268	912	1392	
320	240	32	528	88	720	880	2776	1936	1200	
224	240	32	672	160	116	1216	1044	3816	1200	
964	160	112	720	0	640	1664	3628	832	0	
32	560	672	640	80	1236	1472	3836	192	0	
160	240	1116	576	0	720	2192	1588	1088	1040	
80	880	1204	160	272	4	400	3176	2304	240	
160	320	32	452	80	880	880	2584	1296	2036	
1024	324	80	832	80	0	1056	1768	3476	80	
0	996	0	160	1280	352	644	240	4088	960	
800	32	64	656	160	720	992	1188	2636	1472	
800	320	832	880	1344	0	4032	0	512	0	
0	0	160	80	752	192	1120	4748	0	1668	
832	320	320	32	80	1040	272	3676	596	1552	
116	640	32	80	0	1232	720	4796	832	272	
320	0	1724	192	0	0	3216	432	0	2836	
512	240	112	416	0	1392	2476	1428	672	1472	
160	720	160	560	0	1800	864	0	3812	644	
352	240	144	416	0	1360	880	1108	2908	1312	
192	1360	0	36	720	192	1040	1620	3368	192	
160	240	672	384	0	832	3228	1268	976	960	
192	640	112	528	0	1052	880	2388	1536	1392	
1040	512	672	272	792	0	592	1396	2160	1284	
160	400	32	448	240	1316	1552	1108	1264	2200	
320	400	32	340	0	1320	880	1748	1168	2512	
320	400	32	416	0	832	2312	1540	1108	1760	
0	36	836	512	992	320	608	2416	3000	0	
80	1548	80	1120	0	112	3952	752	1076	0	
112	0	80	160	0	272	160	2756	4028	1152	
160	320	244	1716	752	720	84	720	3924	80	
1040	400	112	640	0	112	980	0	80	5356	
192	1320	676	272	0	960	112	1632	3556	0	
432	324	400	1284	0	752	944	1028	2772	784	
240	400	96	1136	0	752	960	2584	1512	1040	 ***
352	80	432	1040	160	84	880	3852	1040	800	

80	400	224	800	0	112	80	836	320	4964	
0	0	160	640	0	0	1872	0	0	5144	
80	480	64	752	0	112	80	964	320	4964	
0	240	0	0	720	80	1344	5432	0	0	
160	400	32	720	0	192	720	4472	320	800	
2000	0	80	0	160	0	0	1200	0	4376	
0	832	0	0	80	240	672	4712	400	880	
80	400	752	80	672	0	800	5032	0	0	
80	400	144	720	0	112	80	996	320	4964	
80	400	64	720	0	112	960	4520	320	640	
80	0	800	80	0	400	640	1652	4164	0	
80	480	32	720	0	32	160	5352	320	640	
80	0	160	560	160	0	0	2068	3876	912	
240	400	64	752	0	112	80	4808	320	1040	 ***
160	80	80	240	320	0	592	5480	864	0	
80	400	64	992	64	112	80	3800	320	1904	
80	400	64	2260	0	192	992	836	320	2672	
112	240	0	960	160	1232	0	4872	240	0	
1152	1440	0	0	160	0	0	5064	0	0	
80	0	480	0	0	192	0	4920	800	1344	
80	400	64	912	0	112	2032	2904	320	992	
80	80	640	0	192	592	0	5272	960	0	
80	560	64	752	0	112	240	4888	320	800	
80	400	64	752	160	112	1072	2856	320	2000	
80	400	32	720	0	32	80	4472	480	1520	
80	0	320	560	1664	160	0	4792	0	240	
80	560	64	720	0	32	112	996	320	4932	
80	400	144	752	0	112	720	4488	320	800	
0	0	32	0	1360	0	240	4824	240	1120	
752	0	80	0	912	0	800	5112	0	160	
80	480	64	752	160	112	80	4808	320	960	

80	160	240	640	676	400	1712	4872	0	0	
32	80	832	0	3544	0	800	0	3492	0	
672	0	320	240	0	1280	884	3800	0	1584	
480	0	32	640	80	112	400	4556	960	1520	
0	512	80	1520	0	80	720	0	3208	2660	
0	160	0	3544	0	160	0	3204	832	880	
960	320	240	0	1280	80	112	3288	0	2500	
160	880	384	1040	0	160	800	4956	320	80	
160	0	320	720	672	0	0	912	880	5116	
640	0	320	0	880	192	0	2864	3208	676	
1120	752	640	32	728	1232	0	4276	0	0	
640	160	160	0	320	0	800	1716	4984	0	
240	160	320	0	80	640	2868	3080	1392	0	
240	400	992	80	192	80	80	4844	1040	832	 ***
320	272	720	912	1076	160	0	4840	0	480	
32	0	80	164	1520	0	304	4920	1040	720	
240	320	160	720	80	32	640	0	1672	4916	
800	1120	160	0	464	160	0	4956	880	240	
80	0	144	480	960	640	404	5272	800	0	
32	2568	0	240	80	400	1284	4096	80	0	
0	800	160	640	0	0	80	5112	560	1428	
800	400	0	320	0	0	592	3768	1600	1300	
80	320	640	240	3192	0	2628	880	800	0	
320	432	192	1280	240	160	720	4716	0	720	
80	0	240	0	0	320	4116	720	0	3304	
720	0	320	0	112	160	0	5224	640	1604	
192	640	160	160	1520	0	788	5080	240	0	
32	1040	80	1200	1324	0	80	4944	80	0	
0	720	0	0	1104	1840	0	5004	112	0	
80	800	80	1476	80	320	160	5032	672	80	
240	320	32	640	240	160	80	4748	1200	1120	
160	2584	80	4	160	80	2512	0	0	3200	
160	80	800	0	112	672	2576	3820	560	0	
3096	84	480	0	1136	0	2864	1120	0	0	
400	0	112	0	992	240	0	5208	1284	544	
0	240	0	1280	720	32	5196	1152	0	160	
160	160	320	0	2392	752	0	400	0	4596	
752	80	720	160	0	0	352	5240	640	836	
240	80	1760	164	0	1232	32	4552	720	0	
0	0	720	1504	0	80	5368	868	0	240	
240	160	0	752	80	480	964	4504	1600	0	

192	0	80	2000	916	800	0	3064	0	1680	
240	240	672	112	320	880	640	4908	640	80	
1200	644	784	1584	112	0	164	4004	240	0	
2068	160	1360	640	32	0	0	4312	0	160	
272	720	80	836	640	84	0	4084	1184	832	
84	832	400	672	112	1312	804	4516	0	0	
640	0	1440	560	0	164	0	1700	192	4036	
160	320	880	80	1028	80	0	4744	720	720	
2192	160	912	240	80	84	672	4084	308	0	
352	320	672	112	272	720	160	5212	640	272	
560	0	672	32	160	0	1480	4004	1520	304	
0	112	272	992	0	164	2976	2936	1280	0	
960	640	0	272	384	884	1472	4040	0	80	
400	160	0	0	0	1392	960	4072	800	948	
880	0	1028	112	640	800	0	4116	996	160	
0	1456	1200	1764	1476	912	708	0	1216	0	
800	948	1280	244	960	0	3332	1088	80	0	
160	80	640	324	160	436	640	5300	832	160	
160	800	640	80	560	160	0	4188	672	1472	
240	832	0	80	2228	192	0	3800	640	720	
32	352	192	880	0	0	80	4196	800	2200	
432	0	640	720	160	720	0	4556	704	800	
192	400	640	432	160	240	0	4508	1920	240	
352	0	0	160	0	2436	0	3912	912	960	
240	320	832	192	192	720	80	3992	800	1364	
160	240	640	80	240	752	0	4188	1552	880	
192	320	800	80	2468	160	0	3832	800	80	
912	640	912	356	960	0	160	4068	724	0	
1924	192	0	192	720	240	1392	3880	0	192	
0	80	2228	0	640	320	0	3704	160	1600	
884	80	224	32	832	1600	160	4120	160	640	
800	0	0	596	720	80	160	3476	2868	32	
1680	672	240	32	192	1280	544	4012	0	80	
880	320	800	112	192	112	720	3884	800	912	 ***

192	112	0	1204	0	64	400	4196	276	2916	
1796	640	0	0	160	1200	4344	0	0	1220	
1764	0	240	32	0	32	1364	5288	640	0	
960	0	352	112	0	32	1392	5792	720	0	
1444	4	160	640	80	192	752	5288	800	0	
640	160	160	192	464	112	640	6160	720	112	
0	640	164	0	1280	0	624	2376	240	4036	
672	0	240	1280	80	0	1316	4700	1072	0	
752	2292	0	0	320	0	640	3288	1908	160	
704	80	432	0	884	640	0	5196	752	672	
32	0	0	32	164	2884	880	880	0	4488	
960	672	2052	0	0	0	0	320	5288	68	
1236	320	160	224	0	112	1360	5148	800	0	
800	0	352	0	80	432	2144	4520	0	1032	
640	0	84	352	240	640	0	4316	384	2704	
640	192	192	112	0	192	720	5952	720	640	
800	720	80	320	0	324	32	3960	160	2964	
1280	0	160	112	32	144	880	5872	800	80	 ***
112	0	832	0	1200	0	1988	4552	676	0	
80	1444	1440	0	0	512	0	4712	1172	0	
640	0	0	1200	4	944	3860	2680	0	32	
640	0	192	144	80	272	1200	6112	720	0	

400	800	2776	0	640	640	0	4120	0	192	
0	0	1040	0	0	160	3156	4200	0	1012	
320	0	112	2468	480	640	640	0	4748	160	
480	720	640	160	32	320	160	2424	4312	320	
1280	0	480	32	32	144	1040	6000	480	80	 ***
1440	0	240	0	0	64	2512	4296	692	324	
2748	800	32	0	832	0	0	0	2100	3056	
192	160	1792	272	640	1508	480	3884	640	0	
192	160	160	0	0	64	4000	4172	660	160	
720	1264	0	0	160	32	0	2744	3496	1152	
0	960	160	912	0	0	832	2980	112	3612	
0	640	160	0	80	2500	1600	0	4588	0	
400	0	3128	192	0	0	2640	2104	1104	0	
0	0	32	672	320	352	0	2504	640	5048	
0	0	160	112	800	0	5600	672	0	2224	
0	272	2100	0	0	0	640	2532	0	4024	
0	1440	0	0	320	0	240	5984	1312	272	
2868	960	0	160	640	0	0	0	4716	224	
1280	0	160	160	0	64	2912	4092	660	240	
0	192	720	160	0	960	0	4028	800	2708	
80	160	480	384	80	0	2516	5868	0	0	
0	0	0	1280	800	864	3820	224	2580	0	
160	32	80	80	832	160	1472	6240	160	352	
1796	720	160	992	0	32	160	5548	0	160	
1280	320	160	80	0	64	1200	5952	512	0	
0	320	0	240	160	2148	5404	32	512	752	
80	800	160	0	32	192	80	5664	800	1760	

4	112	640	32	800	2648	880	3640	1200	640	
720	160	516	0	64	320	1040	4636	1056	2084	
256	2480	0	160	1584	1796	3836	0	484	0	
0	1952	468	2136	0	880	432	3128	0	1600	
0	0	32	676	720	196	2176	3884	1280	1632	
832	240	640	160	640	0	720	2852	4268	244	
1360	0	564	160	112	672	2000	4684	932	112	
0	960	3352	400	996	960	3608	0	0	320	
724	320	320	0	1024	96	1104	4252	480	2276	
1316	0	512	0	112	1184	1140	5580	592	160	 ***
1792	352	240	960	0	672	2336	3924	320	0	
0	32	0	1040	1360	240	1536	3988	2400	0	
0	2260	992	0	1360	0	832	4288	720	144	
1072	112	0	1440	1696	0	0	4448	996	832	
272	32	832	1792	160	0	0	3588	2560	1360	
2936	0	0	0	0	672	2224	480	4204	80	
0	116	1152	432	0	832	1360	4588	1120	996	
1120	720	0	960	752	192	800	3476	0	2576	
160	1152	704	720	1120	1040	868	4112	640	80	
832	0	880	0	2500	0	592	240	5152	400	
1440	32	640	640	32	64	992	4336	832	1588	
640	64	432	640	320	480	640	4496	0	2884	
0	880	720	832	800	704	0	4064	1764	832	
80	1120	240	832	164	32	0	4112	1680	2336	
2080	0	880	0	352	64	2180	4304	512	224	
800	80	800	0	1952	1792	832	3988	352	0	
592	356	0	912	2568	676	3972	800	640	80	
1360	0	784	0	228	64	2400	4364	676	720	
2000	400	560	192	400	356	0	3172	3516	0	
1424	160	32	800	0	320	2432	3684	1744	0	
1956	84	480	80	100	64	1508	5652	592	80	
752	1632	0	384	0	0	160	3888	1440	2340	
1552	800	32	240	320	672	80	4164	0	2736	
400	724	1664	0	1040	240	0	3888	1600	1040	

960	0	400	352	3088	80	0	4148	736	320	
352	644	32	992	160	1952	912	3968	320	752	
864	1040	992	160	0	192	992	3940	1264	640	
1280	80	944	0	32	484	676	3172	3224	192	
1600	0	1552	720	32	0	388	4112	560	1120	
548	720	640	240	324	0	1312	4156	64	2080	
0	2260	400	84	640	400	868	3800	32	1600	
640	32	384	4	320	1552	0	4492	1668	992	
1316	320	512	0	112	832	1552	4532	828	80	
1312	832	512	0	116	640	1152	3280	1280	960	
1104	704	2400	3128	0	0	0	1124	0	1624	
1280	480	480	0	640	1872	992	3924	384	32	
384	84	160	244	1792	0	2864	960	0	3596	
1472	0	88	0	592	992	964	3832	1312	832	
1440	116	320	480	432	800	640	4028	544	1284	
992	32	0	672	800	0	2780	2376	992	1440	
1316	160	516	0	112	992	1616	4172	1120	80	 ***
1600	560	640	0	1552	544	548	3324	1316	0	
1316	0	1152	160	432	640	912	5120	320	32	
512	324	32	0	0	1920	3264	912	0	3120	
640	0	644	1200	320	32	1360	1024	4224	640	
160	480	1040	0	960	704	832	4356	752	800	
32	1792	80	992	3376	272	1044	0	2496	0	
420	192	0	84	964	2400	1984	3060	980	0	
1040	64	192	320	0	1280	160	3952	996	2080	
960	0	1632	0	84	992	436	3468	0	2512	
1312	320	224	0	112	800	1552	3280	2164	320	
1524	2032	192	0	160	352	3156	2476	0	192	
272	112	196	0	32	0	720	3380	5052	320	
800	968	592	880	160	1280	0	3756	32	1616	
756	0	1024	480	1152	880	800	4000	672	320	
1316	4	584	0	784	992	1876	2496	512	1520	
32	1984	832	84	644	560	416	4252	0	1280	
0	0	516	640	548	1360	1312	3996	80	1632	
100	2160	320	1120	800	0	516	2516	2552	0	
720	320	784	4	0	2648	1920	3368	0	320	
640	32	192	832	0	1312	1936	4308	0	832	
1712	272	1440	800	1328	84	3020	1428	0	0	
464	0	724	1120	0	992	0	4096	1856	832	
320	32	32	320	960	2116	672	2724	0	2908	
800	800	64	960	164	400	900	4556	480	960	
0	160	720	80	480	640	980	5328	0	1696	
1120	640	560	84	0	832	640	4316	224	1668	
32	800	1120	1368	484	1152	1412	3316	0	400	

