#8346.66	27185	29325	0	0	 90 
#10201.6	21456	29325	0	0	 83 ***
#9412.3	23305	29325	0	0	 71 
#9029.7	25928	29325	0	0	 61 
#9398.53	24368	29325	0	0	 37 
#9421.85	22971	29325	0	0	 24 

9018.99	21236	25246	46	2166	 94 
9285.12	19658	25246	50	2063	 85 
8903.4	16097	25246	56	2244	 75 
8665.01	21622	25246	49	1733	 68 
8496.68	23158	25246	66	2167	 60 
8491.87	20090	25246	75	2965	 60 
10076.2	18652	25246	8	299	 41 
9488.49	16109	25246	52	2017	 38 
10079.1	17507	25246	12	568	 38 
8670.24	20264	25246	60	2372	 31 
10076.9	18084	25246	7	295	 20 ***
8873.86	19592	25246	61	2271	 14 
8684.34	17463	25246	83	2884	 8 
8223.48	18482	25246	85	3108	 4 
9015.38	21257	25246	53	2428	 4 
8905.21	17834	25246	55	2375	 0 

9067.25	19815	26494	57	1977	 97 
9059.17	18025	26494	65	2765	 96 
9058.92	21837	26494	50	1577	 94 
9333.56	19115	26494	42	1647	 77 
8148.16	19923	26494	66	2542	 73 
9315.46	16249	26494	58	1891	 71 
10124	18386	26494	15	507	 64 
9066.74	17129	26494	62	2335	 60 
10130.4	16796	26494	50	2303	 60 
10123	19130	26494	17	271	 44 
10124.9	17714	26494	6	49	 22 ***
9322.5	16671	26494	57	1596	 12 
7885.57	22576	26494	61	2527	 11 
8528.04	18327	26494	59	2131	 11 
10139.8	16012	26494	61	2381	 7 
9321.94	19865	26494	53	1691	 2 

10254.2	16793	29672	42	1898	 99 
9665.17	16500	29672	51	1925	 96 
8844.51	17713	29672	55	2226	 93 
10256.3	15960	29672	4	36	 93 ***
10255.1	16310	29672	49	1899	 88 
10258.3	14464	29672	54	2116	 86 
9196.98	15091	29672	61	2375	 80 
8391.15	15350	29672	72	2068	 79 
10255.4	16145	29672	48	2091	 78 
9193.94	15582	29672	60	2096	 78 
9460.54	13840	29672	59	2395	 75 
10258.4	15499	29672	50	1693	 74 
9454.86	14816	29672	56	2257	 73 
9187.15	16011	29672	55	2150	 70 
9649.17	14703	29672	56	2318	 63 
10262.2	15473	29672	50	1342	 62 
8861.35	14568	29672	64	2710	 55 
8871.08	16828	29672	50	1976	 55 
9665.69	17349	29672	41	1567	 54 
9206.84	14900	29672	61	2612	 53 
10277.5	13349	29672	61	2573	 44 
9460.91	15863	29672	52	1743	 30 
10253.3	19107	29672	16	248	 28 
10268.9	15104	29672	52	2241	 27 
10273.3	15006	29672	52	1624	 26 
9663.96	19459	29672	48	1820	 26 
9197.17	15426	29672	54	2264	 24 
10270.3	15168	29672	28	829	 24 
9470.76	14438	29672	57	2175	 22 
9178.06	15921	29672	61	2436	 22 
8380.14	18021	29672	76	2677	 22 
8644.12	17007	29672	62	2645	 14 
8845.6	16783	29672	58	2123	 13 
9458.85	18755	29672	49	1905	 9 
9667.88	16725	29672	47	1878	 6 
10254.5	17586	29672	8	69	 0 

10116.9	11682	29293	45	1649	 99 
9516.28	10484	29293	51	1998	 94 
10120.7	11073	29293	48	2034	 92 
10108.7	13812	29293	11	207	 89 
8224.23	10562	29293	65	2250	 87 
7967.35	13513	29293	54	2324	 86 
7170.25	12411	29293	65	2175	 84 
8230.11	11418	29293	47	1786	 82 
8946.52	11092	29293	58	2437	 80 
10122.2	9064	29293	71	2702	 79 
8434.22	11281	29293	50	1701	 79 
10160.1	10206	29293	55	1850	 77 
9307.88	11351	29293	49	1900	 77 
9311.62	11174	29293	49	1717	 71 
8139.95	14041	29293	53	2362	 70 
9349.51	10204	29293	57	2232	 62 
8702.2	12953	29293	46	1724	 61 
8246.91	9458	29293	68	2297	 61 
9304.11	12263	29293	44	1199	 60 
8228.39	15202	29293	48	2029	 59 
9513.1	11283	29293	46	1466	 58 
10114.7	12740	29293	40	1643	 56 
9307.41	11901	29293	41	1567	 55 
10107.5	13910	29293	12	237	 53 
10105.1	10223	29293	50	2006	 49 
8132.23	13271	29293	55	2192	 37 
7629.36	11499	29293	57	2362	 37 
10121.4	11690	29293	37	1575	 33 
9518.26	13147	29293	39	1698	 29 
9032.66	12312	29293	45	1937	 28 
9336.72	10882	29293	62	2029	 24 
10112.8	13649	29293	10	192	 24 ***
8229.96	12856	29293	53	1922	 23 
8458.46	11001	29293	63	2251	 16 
9309.45	11134	29293	54	2308	 15 
10107.9	13697	29293	14	578	 13 
9305.01	13765	29293	41	1400	 10 
8430.17	11150	29293	54	2247	 9 
9302.8	11993	29293	46	1767	 5 
8956.99	10939	29293	57	2444	 4 
10112	12864	29293	23	980	 1 
9523.34	10402	29293	56	2056	 0 

10018.4	13206	27923	31	1219	 100 
10022.9	12728	27923	35	1543	 99 
9424.74	12786	27923	35	1200	 93 
10032.5	13667	27923	28	650	 93 
9411.82	15612	27923	32	1569	 92 
8335.13	11696	27923	40	1645	 89 
8017.75	13177	27923	56	1870	 89 
8949.82	10976	27923	61	2270	 87 
8136.68	13667	27923	36	1534	 86 
9197.24	10362	27923	40	1736	 83 
10021.6	14633	27923	7	202	 82 
10006.9	14781	27923	33	1346	 79 
9207.27	12988	27923	35	1159	 76 
10041.4	9728	27923	64	2405	 71 
6966.51	12027	27923	63	2168	 71 
7871.67	13530	27923	51	1986	 71 
7751.24	13640	27923	59	2073	 70 
8937.05	13549	27923	38	1497	 68 
10017.8	12782	27923	35	1347	 63 
10014.1	13686	27923	10	144	 62 
8830.28	11408	27923	58	2074	 61 
8953.09	11348	27923	59	2037	 61 
8936.98	14629	27923	34	1735	 60 
10010.4	12873	27923	33	1305	 57 
10022.7	13886	27923	9	125	 55 
8332.79	11747	27923	57	1895	 54 
8019.77	11950	27923	60	2104	 51 
10019	14709	27923	8	320	 50 
8144.5	11748	27923	41	1913	 49 
8046.09	11671	27923	64	2360	 44 
10017.7	14937	27923	5	23	 43 ***
7423.43	13443	27923	61	2210	 41 
9195.85	11402	27923	36	1478	 39 
8598.58	13371	27923	39	1394	 35 
10011.8	15485	27923	31	1013	 27 
10024.4	13364	27923	29	676	 26 
7888.8	13305	27923	62	2356	 22 
10030.6	13060	27923	29	890	 22 
9403.9	10474	27923	39	1710	 21 
10015.6	14459	27923	9	237	 14 
9205.14	13931	27923	35	1643	 1 
10032.9	13451	27923	26	749	 1 

9252.65	8662	23299	59	1906	 93 
8769.9	10265	23299	45	1807	 91 
9239.61	9151	23299	50	1989	 91 
7688.14	11197	23299	47	1859	 90 
9846.93	13114	23299	14	218	 89 
7273.47	11455	23299	62	2421	 83 
9846.98	13293	23299	13	303	 83 
9845.52	13314	23299	38	1370	 76 
8769.59	11486	23299	43	1754	 71 
9848.39	9480	23299	47	1837	 69 
8772.42	11315	23299	42	1876	 68 
7565.34	10913	23299	57	1943	 65 
8777.87	11228	23299	43	1699	 63 
7058.36	10196	23299	64	2271	 63 
9853.62	12443	23299	13	477	 63 
7969.19	11699	23299	44	1549	 59 
9844.64	13867	23299	37	1283	 55 
9848.48	13602	23299	8	204	 49 ***
7687.96	11425	23299	55	2130	 47 
8437.41	8676	23299	60	1814	 47 
9244.52	13688	23299	38	1509	 46 
8643.87	12475	23299	41	1647	 33 
9039.29	11027	23299	39	1355	 26 
8769.62	11094	23299	45	1806	 25 
7841.14	9948	23299	58	2179	 23 
8780.57	11108	23299	42	1841	 23 
9847.3	13008	23299	11	226	 22 
7971.33	9219	23299	48	1705	 19 
9043.89	10678	23299	42	1948	 19 
7582.34	9621	23299	64	2285	 17 
9848.34	11634	23299	14	239	 13 
9847.04	12192	23299	14	229	 10 
9847.87	13745	23299	10	231	 5 
8435.01	13378	23299	42	1564	 4 
9843.38	9607	23299	45	1647	 2 

7970.97	13533	22329	52	2056	 96 
9844.8	10096	22329	56	2211	 96 
8140.28	11242	22329	43	1371	 94 
8412.17	11590	22329	42	1876	 93 
9825.79	12531	22329	39	1521	 91 
8766.74	13035	22329	39	1747	 91 
8043.83	12186	22329	57	1958	 90 
9019.42	11347	22329	42	1778	 90 
9233.39	10491	22329	56	2101	 90 
9038.03	12550	22329	27	867	 85 
9018.13	13125	22329	11	458	 79 ***
7699.6	13823	22329	60	2310	 74 
7840.39	13018	22329	56	2250	 73 
7849.9	12235	22329	58	2333	 57 
9012.26	10766	22329	45	1745	 56 
9233.65	10934	22329	40	1472	 56 
7846.07	14513	22329	54	2165	 50 
9026.78	10667	22329	42	1808	 50 
9016.07	12616	22329	15	154	 39 
9834.56	10661	22329	52	1894	 38 
8216.07	13183	22329	23	1153	 34 
8238.04	15063	22329	22	559	 31 
7841.95	12459	22329	55	1959	 21 
8642.04	10876	22329	51	1666	 11 
7966.53	12689	22329	54	2247	 5 

9326.37	13291	26894	63	2110	 95 
10103.4	13589	26894	41	1662	 91 
9304.94	15535	26894	31	955	 88 
10106.9	14734	26894	10	493	 83 
10108.4	14116	26894	35	1405	 81 
8450.47	13575	26894	63	2155	 72 
9306.1	14866	26894	8	237	 63 ***
8231.61	15129	26894	42	1739	 56 
10108.5	13237	26894	42	1759	 44 
9040.59	13473	26894	43	1471	 40 
8231.4	14318	26894	63	2082	 38 
9303.84	16962	26894	33	1282	 35 
10116.3	14388	26894	30	819	 26 
9313.11	14595	26894	27	809	 19 
10114.4	13509	26894	38	1820	 13 
8439.68	14870	26894	60	2195	 8 
9304.85	15257	26894	37	1391	 1 
8703.99	14472	26894	57	1644	 1 
10120.5	14250	26894	34	1146	 0 

8835.81	13204	24404	44	1831	 100 
9102.94	12320	24404	11	289	 94 
9105.2	12198	24404	12	304	 92 
7934.85	13127	24404	66	2426	 88 
9908.01	11658	24404	45	1272	 87 
8042.57	11794	24404	53	2233	 78 
9098.39	13447	24404	43	1226	 73 
9919.45	11803	24404	43	2027	 69 
9108.9	12050	24404	28	981	 68 
9112.95	11925	24404	26	951	 61 
8833.86	12425	24404	45	2126	 60 
9109	12177	24404	25	949	 56 
9910.9	12953	24404	6	423	 55 
9100.47	12499	24404	9	439	 54 
9103.15	12214	24404	44	1791	 51 
9910.19	11250	24404	46	1975	 50 
9110.21	12125	24404	25	949	 45 
8821.89	12502	24404	52	2259	 33 
9903.83	11884	24404	43	1807	 21 
9101.84	13243	24404	8	591	 21 
9095.13	10868	24404	54	2128	 19 
8041.2	12692	24404	60	1920	 19 
9091.19	11693	24404	52	2052	 19 
9110.71	11971	24404	27	961	 11 
8826.75	12541	24404	48	2244	 10 
9911.69	12999	24404	5	179	 9 ***
9911.17	12290	24404	8	241	 5 
9100.35	12091	24404	48	1873	 0 

9873.1	14046	24831	6	515	 96 
9267.12	13325	24831	37	1593	 95 
9863.53	12644	24831	42	1298	 93 
9868.9	14612	24831	12	457	 89 
8795.99	13580	24831	39	1517	 88 
9871.27	12554	24831	39	1326	 87 
8782.99	13298	24831	41	1641	 86 
9868.25	14010	24831	17	555	 85 
9867.09	13834	24831	19	827	 84 
9872.98	13264	24831	17	857	 79 
9274.56	12682	24831	39	1589	 75 
9875.39	13043	24831	15	805	 73 
9880.26	12235	24831	42	1504	 70 
9876.57	11915	24831	61	2139	 69 
9053.78	12945	24831	48	1851	 67 
9869.08	13524	24831	14	527	 65 
8684.51	13201	24831	59	1701	 63 
9869.3	13282	24831	15	797	 62 
9868.77	14264	24831	16	769	 61 
9876.76	13832	24831	5	507	 56 ***
7895.25	14339	24831	57	1790	 53 
9859.01	12941	24831	38	1380	 53 
9871.86	13992	24831	13	620	 44 
8776.92	14039	24831	42	1642	 39 
8255.43	12023	24831	63	1963	 39 
7890.28	12995	24831	62	1959	 39 
9262.55	13387	24831	38	1618	 36 
8782.59	13353	24831	48	1450	 36 
9899.58	12169	24831	60	1831	 33 
9868.86	12897	24831	38	1632	 31 
8801.22	13390	24831	40	1334	 31 
7893.44	12922	24831	60	2109	 30 
9872.02	13723	24831	8	584	 30 
9873.94	12381	24831	62	1953	 27 
9872.87	12477	24831	44	1760	 24 
8689.14	14750	24831	56	1992	 21 
9062.78	12772	24831	44	1461	 19 
9860.28	14181	24831	33	1432	 16 
9864.63	12540	24831	41	1579	 15 
9261.85	13069	24831	39	1670	 13 
9870.62	14321	24831	11	627	 13 
9873.04	12646	24831	17	842	 12 
9267.02	12560	24831	56	2069	 10 
7882.18	14133	24831	62	1678	 10 
8789.29	12967	24831	57	2031	 6 
8808.78	12941	24831	59	1895	 3 
9862.57	12655	24831	46	1425	 3 
9873.42	12399	24831	28	907	 2 

8171.06	13598	23425	62	1747	 85 
8424.63	13702	23425	48	2028	 74 
9841.74	13974	23425	41	1769	 71 
9842.48	13491	23425	13	301	 71 
9844.7	12881	23425	11	465	 58 
9833.13	14012	23425	40	1184	 56 
9843.56	13708	23425	11	312	 54 
8754.44	12078	23425	42	1857	 48 
7958.11	13614	23425	62	1895	 48 
9846.32	12613	23425	9	315	 44 ***
8429.17	12734	23425	46	1913	 43 
7706.03	14134	23425	62	1718	 42 
9845.46	13607	23425	10	253	 38 
9021.16	14541	23425	41	1306	 16 

9247.9	15511	23944	66	2256	 100 
9844.22	14862	23944	6	380	 100 
8754.72	15943	23944	45	1870	 98 
9845.2	14020	23944	5	254	 75 
9038.47	15511	23944	68	2072	 61 
9838.74	15696	23944	46	1597	 55 
9842.58	15053	23944	3	138	 55 ***
8437.23	16865	23944	56	1792	 44 
9041.83	15892	23944	26	759	 41 
9840.4	15722	23944	43	1811	 35 
8650.09	15642	23944	66	1774	 27 
9843.63	15024	23944	4	378	 21 
9838.15	14628	23944	61	1844	 12 
9834.89	15428	23944	48	1901	 10 
7977.92	15925	23944	71	2311	 7 
9028.54	15825	23944	43	1451	 3 

10028.8	12350	25835	66	1761	 96 
10029.3	14353	25835	35	1128	 93 
8931.06	14894	25835	45	1482	 90 
8948.51	16526	25835	42	1255	 89 
10006	12837	25835	43	1475	 68 
10014.8	15424	25835	40	1386	 63 
10038.1	12329	25835	68	1656	 63 
9417.19	12397	25835	68	1431	 59 
10022.4	16728	25835	13	597	 57 
10030.9	16359	25835	10	444	 53 ***
8953.14	15979	25835	43	1064	 39 
10022.3	17260	25835	25	820	 39 
10014	14367	25835	42	1486	 25 
9420.4	16142	25835	42	1552	 20 
10028.5	14900	25835	41	1278	 20 
10022.6	15800	25835	15	908	 18 
10025.1	16266	25835	14	459	 13 
9231.76	16347	25835	32	1188	 12 
7990.71	12616	25835	46	1575	 9 
10030.7	14095	25835	23	1079	 7 

10154.5	16973	27228	11	439	 94 
9556.33	15206	27228	59	1811	 91 
9336.28	16321	27228	52	1611	 80 
10148.7	15853	27228	52	1737	 68 
10161.6	18667	27228	6	343	 67 ***
9073.49	17148	27228	51	1647	 56 
8728.48	14606	27228	62	1811	 55 
9540.23	17148	27228	44	1198	 54 
8740.37	13751	27228	66	2194	 49 
9361.21	15962	27228	46	1523	 49 
9064.88	14274	27228	60	1834	 49 
10157.1	17754	27228	9	435	 46 
9090.49	16247	27228	54	1601	 40 
9079.42	18236	27228	50	1394	 23 
9336.42	17612	27228	46	1386	 14 
9086.39	19075	27228	49	1586	 9 
10151.5	13314	27228	53	1661	 4 
10155.6	18178	27228	8	431	 3 

10158.8	14967	26361	59	2486	 97 
9357.69	17645	26361	59	2243	 97 
10166.3	18547	26361	5	317	 88 
9561.44	17606	26361	56	2016	 85 
9550.93	16326	26361	63	2401	 82 
10158.5	17177	26361	56	2318	 74 
9354.13	19134	26361	57	1968	 64 
10159.7	19525	26361	10	142	 60 
9355.82	17385	26361	60	2531	 53 
10158.4	16529	26361	58	2492	 53 
8275.25	14922	26361	64	2331	 51 
10155.6	18191	26361	52	1919	 50 
10155.3	16892	26361	62	2522	 46 
9104.53	17872	26361	62	2344	 43 
9352.52	18869	26361	61	2539	 41 
9354.7	14342	26361	69	2355	 40 
9565.99	17245	26361	57	2462	 40 
10156.6	17471	26361	55	2174	 39 
10151.6	17011	26361	57	2141	 38 
10182.6	13832	26361	59	2190	 38 
10160.3	18453	26361	8	415	 33 
9087.1	19370	26361	56	1953	 29 
10159.9	17670	26361	54	2375	 25 
10167.1	19034	26361	4	73	 21 ***
10157.9	16556	26361	58	2402	 10 
10164.8	18957	26361	6	319	 9 
10171.8	18075	26361	23	938	 8 
10162.8	15003	26361	54	1987	 6 
9358.16	13729	26361	73	2725	 6 

10075.3	13444	28254	50	1847	 97 
7403.59	12468	28254	65	2128	 97 
8197.31	12764	28254	60	1963	 93 
10087.5	18243	28254	13	212	 86 
9284.63	12898	28254	51	2024	 80 
8674.98	12789	28254	52	1969	 80 
10078	14014	28254	48	1890	 78 
9268.7	11587	28254	52	2080	 78 
10088	17595	28254	11	451	 74 
7831.76	14401	28254	64	2170	 71 
10086	12970	28254	48	1850	 68 
8670.38	11513	28254	61	2022	 61 
6883.98	14823	28254	68	2290	 61 
10088.5	17607	28254	10	436	 60 
7617.5	14784	28254	64	2139	 55 
10089.1	17229	28254	10	425	 47 
10102.1	17145	28254	22	1122	 43 
10091.2	17298	28254	6	346	 42 ***
10092.9	17198	28254	25	703	 31 
9290.7	17220	28254	49	1367	 21 
8202.27	12307	28254	54	2123	 13 
10087.9	17719	28254	9	399	 11 
10096.7	17165	28254	25	940	 2 
7924.68	13665	28254	51	2032	 0 

7806.92	13548	27773	69	2266	 97 
10068.9	17264	27773	10	395	 96 
9463.21	12183	27773	60	2270	 88 
7598.07	13498	27773	70	1937	 84 
8669.34	12222	27773	63	1968	 80 
8992.66	13139	27773	57	2058	 74 
8982.41	13934	27773	55	2188	 74 
9009.91	12052	27773	65	1773	 70 
10077.9	17013	27773	51	1702	 70 
9480.88	12555	27773	57	2144	 68 
9257.19	13534	27773	55	2016	 66 
9477.75	12887	27773	56	1986	 64 
7845.52	13292	27773	57	2164	 61 
10090.7	17030	27773	19	627	 58 
9264.12	12199	27773	58	2164	 57 
9480.47	11926	27773	69	2113	 55 
10078.6	16719	27773	20	845	 54 
8392.17	12643	27773	64	1761	 47 
10068.9	17150	27773	5	85	 44 ***
7823.93	13315	27773	71	2427	 39 
10065.8	14420	27773	52	1935	 35 
8207.53	11857	27773	72	2476	 34 
8662.9	14628	27773	56	2136	 33 
10070.4	14055	27773	54	2073	 30 
10068.7	17668	27773	8	359	 30 
10095.2	11617	27773	70	2453	 28 
9252.89	12939	27773	58	2240	 27 
8999.61	13843	27773	56	2149	 27 
10065.9	14094	27773	54	2186	 17 
9254.71	13320	27773	56	1894	 13 
10074.9	13354	27773	53	1634	 11 
9467.46	13212	27773	56	2115	 11 
8205.33	12930	27773	67	1993	 6 
9272.12	11227	27773	71	2323	 1 

8335.94	9612	24667	54	1947	 98 
8598.11	10663	24667	50	1771	 96 
7529.07	9672	24667	61	1583	 94 
8042.54	9499	24667	63	2067	 81 
9211.07	13016	24667	47	1500	 80 
8338.63	10478	24667	52	1824	 75 
8933.18	11075	24667	48	1738	 68 
10021.3	10560	24667	48	1611	 68 
9409.94	10513	24667	50	1699	 62 
9228.79	9009	24667	63	2084	 53 
8419.18	10371	24667	51	1557	 52 
9205.5	10716	24667	48	1762	 50 
10019.3	14262	24667	8	579	 49 
10010.1	10770	24667	46	1621	 44 
8406.13	9557	24667	60	1753	 41 
8344.54	11356	24667	51	1879	 36 
10025.9	13533	24667	7	357	 34 ***
8949.52	8472	24667	64	2088	 29 
9203.28	9746	24667	51	1867	 23 
8125.11	9971	24667	54	1924	 23 
10015.7	10749	24667	46	1727	 21 
7851.75	10708	24667	56	1724	 16 
10019.6	14023	24667	8	601	 15 
10031.9	11006	24667	43	1214	 13 
10014.3	13182	24667	11	451	 12 
9235.88	9295	24667	62	1724	 8 
9414.62	8974	24667	53	1440	 5 
10016.2	9965	24667	50	1815	 5 
10018.6	10592	24667	49	1843	 4 
10012.3	10293	24667	50	1827	 1 

6132.62	6245	20742	62	2067	 100 
8154.88	10058	20742	38	1167	 99 
5312.75	7156	20742	53	1531	 98 
9233.13	9430	20742	32	852	 98 
5326.5	7120	20742	62	1975	 91 
9232.89	9289	20742	35	884	 91 
8151.09	7803	20742	44	1407	 90 
6255.26	6923	20742	48	1844	 84 
9231.75	9292	20742	33	882	 72 
9004.42	6526	20742	47	1814	 66 
8200.33	6892	20742	44	1540	 62 
9223.88	10194	20742	25	633	 61 ***
6046.29	6914	20742	50	1792	 59 
5985.44	6495	20742	51	1871	 56 
9819.71	8609	20742	42	1665	 56 
6848.57	5793	20742	50	1878	 56 
8205.27	8196	20742	43	1148	 53 
6723.97	6234	20742	57	1656	 52 
9232.55	9290	20742	33	867	 45 
9225.17	9488	20742	26	663	 42 
9234.13	9274	20742	36	873	 37 
7930.77	9332	20742	44	1375	 33 
7328.99	6825	20742	46	1708	 30 
6630.88	6376	20742	59	2007	 30 
7134.75	6118	20742	48	1506	 30 
7323.52	7314	20742	45	1693	 28 
9225.01	9790	20742	25	661	 23 
8130.65	6975	20742	45	1689	 21 
9823.82	7787	20742	43	1388	 19 
5343.08	6633	20742	57	1755	 19 
6853.33	7351	20742	47	1768	 17 
9232.55	9142	20742	37	890	 15 
8150.75	8721	20742	44	1667	 8 
9827.31	9765	20742	25	648	 8 
8401.38	6736	20742	44	1614	 5 

10055.7	10448	22469	29	685	 98 
8370.25	8910	22469	41	1317	 97 
8427.8	9565	22469	37	1375	 97 
8634.55	7970	22469	37	1153	 93 
8638.06	10574	22469	34	1225	 86 
8161.43	10941	22469	30	553	 84 
7825.49	9682	22469	38	1236	 74 
7763.95	9889	22469	41	1263	 74 
6999.56	9406	22469	44	1496	 63 
7897.55	8826	22469	47	1432	 62 
8970.97	10706	22469	31	797	 57 
7558.76	9224	22469	54	1678	 52 
7806.94	9119	22469	50	1656	 51 
6964.34	9674	22469	50	1375	 51 
9245.42	12203	22469	28	485	 49 ***
9252.86	10389	22469	30	915	 37 
8988.82	11657	22469	29	737	 32 
10049.5	11685	22469	28	655	 30 
8391.12	10866	22469	34	684	 27 
7287.47	9759	22469	42	1229	 23 
6841.78	11137	22469	41	1421	 20 
8026.81	8396	22469	44	1372	 20 
6459.9	10577	22469	50	1606	 10 
9461.3	11332	22469	29	623	 8 
7088.71	10326	22469	37	1166	 6 
7893.1	9555	22469	40	1426	 6 
8152.71	9029	22469	43	1624	 1 
7304.12	9674	22469	42	1359	 0 

8736.33	12019	22941	18	701	 98 
9543.54	12177	22941	5	273	 96 ***
10127.7	11659	22941	21	1620	 95 
8457.21	9517	22941	56	2109	 86 
8265.28	9457	22941	57	2174	 78 
7294.53	11795	22941	55	2213	 78 
9530.03	9566	22941	33	2128	 75 
9544.33	10247	22941	24	1468	 74 
10144.4	11407	22941	21	1608	 70 
7648.6	10590	22941	31	1759	 69 
10136.4	9584	22941	26	1300	 68 
9337.75	12084	22941	8	188	 66 
7362.95	11242	22941	59	2202	 62 
8962.37	9294	22941	56	2326	 57 
8258.33	10355	22941	27	1970	 57 
8259.02	10549	22941	24	1962	 56 
7667.34	9615	22941	56	2373	 49 
9555.45	12167	22941	7	189	 46 
9068.77	10228	22941	25	1895	 44 
9080.4	9794	22941	46	1848	 43 
10141.7	9481	22941	29	1986	 35 
7640.6	11384	22941	55	2366	 34 
10154.8	11674	22941	10	525	 34 
9334.2	11757	22941	20	745	 31 
9064.48	8518	22941	51	2057	 29 
8453.5	10490	22941	25	1430	 28 
10143.1	9987	22941	25	1944	 28 
10147.8	11138	22941	20	1532	 25 
9344.27	9769	22941	29	1743	 21 
10147.2	10631	22941	21	1484	 15 
8534.14	10492	22941	22	1564	 14 
8469.44	11428	22941	23	1484	 12 
7566.53	11063	22941	58	2461	 11 
7649.08	9939	22941	28	1798	 11 

7129.18	11791	21496	32	1637	 98 
9263.63	9479	21496	35	1673	 98 
6802.63	9462	21496	64	2521	 95 
7588.29	10238	21496	32	1804	 94 
8465.95	9062	21496	39	1630	 94 
9465.82	11410	21496	25	1685	 88 
9260.04	9040	21496	36	1492	 87 
8391.8	10110	21496	26	1411	 84 
9490.01	10442	21496	25	1384	 80 
10086.8	9636	21496	28	1848	 70 
9469.89	10910	21496	6	130	 65 
8870.89	8922	21496	42	1925	 60 
7110.48	9425	21496	54	2095	 58 
8178.37	8574	21496	48	2256	 55 
9465.56	9505	21496	34	1819	 46 
9466.58	11191	21496	25	1100	 45 
7371.32	11033	21496	36	2089	 44 
7667.76	6603	21496	53	2167	 42 
9283.14	9976	21496	28	1739	 40 
5989.94	9478	21496	54	1914	 37 
8410.99	8525	21496	45	1790	 37 
7609.08	8886	21496	60	2219	 37 
10066.7	9471	21496	33	1540	 37 
10070.7	10798	21496	6	130	 29 
7615.91	7976	21496	64	2491	 27 
9467.52	10969	21496	6	130	 25 
10069.4	10990	21496	5	126	 22 
9275.65	8359	21496	45	1774	 21 
7117.71	8988	21496	44	1873	 20 
7645.92	9933	21496	29	1420	 19 
7580.43	10734	21496	34	1827	 19 
8049.55	10150	21496	27	1651	 17 
9474.09	10052	21496	27	1449	 15 
10097.5	8878	21496	39	1689	 12 
7793.19	9451	21496	40	1893	 10 
8186.97	9573	21496	30	1756	 4 
10066.5	11724	21496	5	100	 2 ***

6787.11	8269	21882	60	1997	 97 
6892.8	8452	21882	31	1574	 97 
7832.33	7818	21882	51	1568	 97 
7510.34	8070	21882	62	2271	 93 
9998.43	8538	21882	30	1605	 93 
7494.59	9328	21882	28	1218	 93 
9991.33	11329	21882	21	981	 89 
7977.28	11301	21882	26	1404	 85 
9386.26	10285	21882	26	1231	 83 
9401.41	10334	21882	25	1193	 76 
7970.02	8955	21882	27	1685	 76 
9983.68	11330	21882	6	368	 76 
6484.96	10264	21882	55	2032	 75 
7145.83	8085	21882	62	2042	 75 
8308.4	8613	21882	30	1113	 66 
8313.69	10515	21882	23	1103	 65 
7511.91	7944	21882	58	2091	 65 
9989.53	12137	21882	5	158	 65 
7568.81	11948	21882	25	1103	 59 
8114.89	11258	21882	25	1369	 56 
7972.83	7431	21882	48	1974	 55 
8225.91	7333	21882	60	2181	 49 
7489.2	8955	21882	29	1506	 44 
6892.38	10039	21882	30	1574	 41 
6088.66	9818	21882	61	2196	 41 
7511.58	9232	21882	27	1726	 38 
9996.39	10137	21882	22	1203	 38 
6541.61	9953	21882	59	2151	 36 
6807.44	8259	21882	60	1952	 31 
6697.79	8545	21882	60	2181	 29 
9178.16	12149	21882	5	45	 21 ***
9390.16	12047	21882	22	1271	 17 

9329.76	13652	24549	6	130	 100 
9323.55	13574	24549	9	150	 96 
9323.77	13220	24549	28	1091	 94 
10144.3	12903	24549	27	1270	 92 
10129.5	14019	24549	4	122	 91 
10135.5	13216	24549	10	165	 90 
9328.18	13261	24549	9	157	 89 
10135.6	13667	24549	5	314	 87 
8242.85	12020	24549	32	1425	 80 
7448.8	12681	24549	55	2012	 74 
9324.76	14291	24549	8	127	 73 
10134	13855	24549	5	100	 70 
10135.2	13035	24549	27	1235	 68 
8959.38	10812	24549	58	2061	 67 
7894.73	11026	24549	61	2352	 64 
8720.14	10918	24549	30	1568	 62 
7460.42	12457	24549	31	1623	 57 
7401.72	12721	24549	62	2337	 55 
7480.4	12040	24549	33	1640	 54 
9566	10803	24549	56	2016	 53 
9327.79	14685	24549	5	158	 51 
10158.9	12677	24549	27	1454	 45 
9343.76	13160	24549	28	1331	 41 
10128.2	13887	24549	5	130	 39 
9065.04	13232	24549	28	1325	 38 
10139.4	13002	24549	27	1021	 35 
10135.4	13699	24549	3	62	 34 ***
7541.9	10477	24549	62	2108	 28 
10139.4	12440	24549	28	1076	 25 
8724.02	12197	24549	29	1548	 25 
9327.27	13172	24549	28	1484	 24 
9327.34	13570	24549	10	165	 20 
9327.43	13421	24549	9	157	 14 
10138.5	13124	24549	26	1210	 10 
8121	11064	24549	34	1482	 1 

9659.92	10903	25922	30	1310	 100 
8839.08	9969	25922	42	1565	 97 
10287.6	9333	25922	65	2409	 91 
8379.26	11479	25922	38	1772	 88 
8599.5	10501	25922	56	1997	 85 
10247.5	11550	25922	8	456	 80 
9049.43	10042	25922	34	1494	 79 
9456.62	10035	25922	35	1473	 78 
10259.8	10691	25922	30	1336	 69 
8649.51	10675	25922	36	1953	 66 
9648.41	11419	25922	29	1334	 64 
10262.5	10543	25922	31	1458	 64 
9442.86	9971	25922	36	1554	 61 
8270.91	10023	25922	67	2469	 60 
8574.25	10799	25922	32	1493	 57 
9656.51	11320	25922	29	1295	 55 
8570.25	11557	25922	33	1505	 55 
8123.27	10780	25922	54	1815	 50 
10259.6	10555	25922	32	1394	 49 
9445.21	9578	25922	52	1988	 48 
7468.24	11473	25922	63	2104	 47 
9188.74	11165	25922	31	1620	 37 
9195.7	9891	25922	62	2401	 36 
7774.97	10220	25922	64	2463	 35 
10248.7	11517	25922	3	46	 30 ***
8100.08	11526	25922	51	1954	 28 
10272.9	10246	25922	32	1611	 28 
9043.92	10195	25922	39	1476	 22 
10260.8	11188	25922	27	1567	 21 
10246.2	11804	25922	6	320	 17 
9043.99	11844	25922	30	1425	 16 
10256.2	11079	25922	29	1316	 12 
9453.97	10785	25922	32	1413	 5 
10252.5	11283	25922	28	1216	 5 
9194.38	11119	25922	30	1590	 2 
8282.12	10240	25922	63	2146	 1 

