#46	10	52	41	140	10	58	266	106	18	 ***
#38	43	91	4	0	8	270	204	11	78	
#57	53	19	56	44	97	44	298	0	79	
#48	18	74	0	0	138	151	49	72	197	
#44	29	0	0	51	8	180	224	177	34	
#54	40	7	44	132	59	63	248	48	52	
#21	22	5	17	16	29	50	282	94	211	
#40	67	54	18	56	40	140	299	33	0	
#0	80	94	32	90	14	8	104	14	311	
#63	7	6	16	39	0	98	231	44	243	

29	10	54	41	16	46	26	294	29	142	
8	0	40	40	12	60	58	312	5	152	
33	10	52	41	32	10	61	271	105	72	
2	10	8	64	125	4	41	269	64	100	
29	10	52	57	21	12	58	310	109	29	
72	5	10	0	67	126	0	227	78	102	
38	20	48	0	174	40	48	117	0	202	
28	10	52	57	16	12	78	30	109	295	
29	12	60	44	16	14	62	108	107	235	
14	8	134	0	48	37	0	203	19	224	
46	65	0	22	34	58	35	297	84	46	
0	22	10	24	112	61	84	255	48	71	
4	58	4	8	11	46	118	293	128	17	
37	0	44	18	41	48	227	110	162	0	
12	52	58	50	8	16	27	293	54	117	
60	28	0	7	42	19	106	298	55	72	
19	42	6	44	62	19	110	113	20	252	
45	10	54	41	20	26	62	33	105	291	
29	10	56	45	21	10	72	282	105	57	 ***
36	62	57	54	0	0	62	310	26	80	
26	10	36	57	16	14	129	232	74	93	
49	32	44	41	16	12	56	313	73	51	
54	9	22	22	72	54	90	299	0	65	
156	0	36	3	50	86	36	248	0	72	
45	10	52	61	18	10	56	33	105	297	

66	24	60	14	64	175	82	175	0	51	
28	12	48	13	20	12	105	122	109	242	
92	69	44	28	18	16	225	176	43	0	
45	10	50	13	20	42	78	265	104	84	
28	10	16	123	33	43	72	194	105	87	
33	10	48	73	20	10	72	265	88	92	
32	8	64	15	20	10	72	313	76	101	
88	70	36	38	64	0	0	263	51	101	
28	42	56	29	20	10	74	282	108	62	 ***
28	14	56	45	20	10	74	56	105	303	
26	29	0	14	50	31	209	244	38	70	
64	24	56	0	26	0	82	292	141	26	
62	2	56	39	0	66	285	28	42	131	
32	108	10	0	24	52	120	48	299	18	
52	18	42	50	0	18	29	185	244	73	
8	8	52	44	73	52	239	22	0	213	
20	0	66	17	56	22	106	262	88	74	
27	64	16	60	0	54	56	284	80	70	
61	34	119	0	50	60	92	188	107	0	
56	58	6	8	40	22	284	59	124	54	
15	68	46	48	54	57	77	276	70	0	
48	18	42	48	55	48	160	0	18	274	
28	47	6	34	24	38	171	275	88	0	
28	10	44	13	47	10	72	113	137	237	
31	10	56	13	20	14	74	81	120	292	
19	42	40	22	8	45	61	235	113	126	
72	31	44	26	48	39	45	297	109	0	
26	44	70	8	20	2	72	129	74	266	
2	12	8	60	34	22	20	298	153	102	
6	14	2	2	75	36	64	256	194	62	

40	62	44	113	71	0	144	247	0	51	
22	51	36	36	52	26	90	293	108	58	
4	16	20	118	124	20	0	264	82	124	
30	40	64	74	0	30	90	326	64	54	
30	42	36	76	20	10	64	306	108	80	
50	56	38	54	22	88	72	312	60	20	
0	74	32	38	66	64	122	272	39	65	
54	42	52	28	20	10	90	63	84	329	
4	32	0	32	60	78	310	124	30	102	
54	179	70	68	54	74	34	209	0	30	
106	70	70	180	120	54	42	0	0	130	
22	72	40	36	32	10	91	293	76	100	
52	68	36	0	24	76	296	130	48	42	
34	30	60	90	58	88	0	26	70	316	
26	46	56	28	52	12	36	304	124	88	
2	0	4	64	125	104	62	233	120	58	
50	48	32	42	94	0	66	118	288	34	
64	52	88	73	4	60	0	271	112	48	
84	48	58	6	40	177	245	114	0	0	
22	42	36	28	20	82	90	24	100	328	
57	72	48	13	28	28	74	258	194	0	
0	40	18	107	0	16	52	154	257	128	
64	58	0	72	6	48	46	314	122	42	
38	18	97	48	50	12	222	12	275	0	
64	43	48	28	20	26	57	303	76	107	
22	42	69	44	20	18	60	293	84	120	
14	94	0	96	68	18	70	278	114	20	
80	7	114	0	32	22	121	280	52	64	
48	0	56	44	0	43	134	72	58	317	
48	24	22	0	84	112	72	74	288	48	
22	42	54	36	20	42	114	115	60	267	
24	82	36	28	20	58	66	115	76	267	
50	179	34	64	0	64	30	42	249	60	
22	43	36	28	54	58	90	293	52	96	
68	8	0	52	0	46	198	270	66	64	
8	0	42	107	82	68	34	88	277	66	
38	98	64	82	12	68	56	0	42	312	
32	6	2	24	36	58	136	142	36	300	
14	72	0	58	52	16	76	300	146	38	
22	74	37	30	28	12	234	157	108	70	
0	76	80	48	6	80	71	307	66	38	
26	42	40	28	20	42	130	269	76	99	 ***
40	48	24	66	0	32	162	276	26	98	
0	42	84	66	0	34	138	330	12	66	
3	46	0	0	72	20	283	102	110	136	
28	42	56	30	20	18	74	76	76	352	
34	16	64	0	74	34	56	281	183	30	
30	38	20	44	4	20	42	332	180	62	

40	8	80	74	28	0	72	288	72	40	
50	58	50	43	34	44	48	301	0	74	
60	0	0	52	18	82	0	288	52	150	
10	10	40	24	18	34	130	261	42	133	
60	2	26	38	60	12	66	310	128	0	
80	0	42	82	0	6	0	108	266	118	
0	6	18	26	0	2	68	274	182	126	
74	54	52	183	36	0	52	8	0	243	
4	10	52	24	16	34	102	302	42	116	
0	76	148	64	38	2	30	22	290	32	
2	10	40	28	16	34	130	36	86	320	
38	70	20	36	0	10	50	310	132	36	
12	10	41	24	16	34	158	263	42	102	
100	0	0	116	65	48	0	287	28	58	
2	10	40	24	16	34	201	106	42	227	
8	2	34	34	68	34	171	283	48	20	
0	40	0	30	40	140	72	214	50	116	
2	43	38	28	16	34	138	265	42	96	
8	10	83	36	60	48	152	241	0	64	
58	130	34	64	14	2	18	106	248	28	
24	52	74	26	0	70	48	296	26	86	
4	10	40	24	16	34	172	40	42	320	
6	18	40	24	19	34	162	265	42	92	 ***
32	112	36	30	0	20	76	262	58	76	
44	166	80	152	6	0	50	204	0	0	
34	10	40	24	16	34	128	265	56	95	
2	10	43	25	16	38	130	240	54	144	

52	2	42	0	0	44	175	238	70	30	
72	0	46	26	4	0	0	182	44	279	
38	14	8	0	0	70	32	272	62	157	
6	26	36	24	46	38	96	251	58	72	
2	6	64	58	62	0	0	231	94	136	
54	14	82	0	0	40	52	247	74	90	
109	40	38	0	18	0	270	30	16	132	
6	22	44	24	22	38	130	243	48	76	
80	64	8	12	68	0	128	217	34	42	
14	14	54	28	20	36	126	38	50	273	
34	8	64	18	8	0	36	231	46	208	
10	18	36	16	24	34	102	221	124	68	
22	18	36	24	54	44	94	241	18	102	
4	52	40	64	0	16	150	46	0	281	
8	18	4	28	50	42	122	59	56	266	
6	68	40	18	78	0	293	150	0	0	
6	44	40	32	54	38	106	47	10	276	
44	2	24	48	92	20	92	253	68	10	
14	58	40	20	34	39	102	63	10	273	
8	44	20	46	92	4	180	227	32	0	
6	42	36	16	22	46	98	215	18	154	 ***
12	36	36	12	34	4	138	237	58	86	
14	26	44	36	27	70	104	49	10	273	
20	76	14	12	2	64	54	253	106	52	

53	86	12	22	0	10	92	198	22	78	
14	32	50	32	49	24	61	195	116	0	
22	38	105	0	14	25	42	219	108	0	
4	34	36	26	18	14	86	208	53	94	
14	56	34	8	9	0	0	28	286	138	
32	8	10	0	4	32	52	225	168	42	
0	140	32	0	10	18	40	168	0	165	
2	86	36	5	0	74	36	218	68	48	
6	33	36	24	18	14	90	58	28	266	
2	18	48	0	8	78	95	230	58	36	
83	34	36	0	26	61	104	24	44	161	
18	56	24	30	28	80	114	217	6	0	
0	16	40	16	12	13	26	198	222	30	
20	0	36	14	66	20	96	219	44	58	
0	22	2	80	4	0	192	17	256	0	
0	33	24	32	32	6	40	167	0	239	
31	20	0	62	16	8	0	228	154	54	
6	36	36	16	26	14	90	212	42	95	 ***
18	2	16	52	2	0	67	221	125	70	
11	34	10	0	16	40	199	209	0	54	
48	8	1	4	2	70	4	260	166	10	
2	8	14	28	40	3	126	228	124	0	
24	28	76	20	8	0	8	215	102	92	
8	18	72	71	40	36	48	229	51	0	
16	32	20	0	24	12	155	246	8	60	
46	16	48	0	12	4	10	0	216	221	
38	8	8	52	0	6	200	219	8	34	
18	58	20	50	74	110	70	173	0	0	
18	8	16	52	21	28	60	214	32	124	
12	26	36	16	19	14	88	212	54	96	
6	42	36	16	18	17	86	212	44	96	
6	36	36	16	18	14	90	64	26	267	
51	128	72	16	12	18	67	209	0	0	
51	40	70	22	36	22	45	207	80	0	
12	10	16	60	1	10	216	198	4	46	
6	38	36	16	18	22	90	56	26	265	
0	18	54	4	6	60	88	225	70	48	
66	18	123	52	0	0	120	182	12	0	
20	18	0	34	42	18	53	220	116	52	
40	4	34	16	2	20	220	215	12	10	
96	2	6	30	0	76	29	205	28	101	
44	10	10	67	0	24	82	221	28	87	
50	8	97	0	8	72	80	0	4	254	
4	58	20	36	25	32	4	204	190	0	
28	0	46	12	7	34	136	246	0	64	
6	36	36	17	21	14	188	125	18	112	
4	32	34	18	18	12	94	91	10	260	
30	4	48	32	10	40	161	216	32	0	
1	33	48	64	16	34	4	237	134	2	

8	41	12	0	29	36	272	141	16	8	
5	14	142	58	10	9	0	0	131	194	
30	15	7	26	40	0	221	0	210	14	
36	18	16	76	10	64	7	236	100	0	
8	0	46	34	73	9	0	145	218	30	
32	76	37	0	19	17	2	252	16	112	
12	48	0	0	36	65	113	206	75	8	
30	18	13	74	34	12	132	197	53	0	
83	41	26	0	16	26	53	221	97	0	
8	116	31	0	12	40	4	64	55	233	
70	11	111	16	20	4	0	38	48	245	
18	36	84	6	27	11	52	235	44	50	
29	149	14	0	72	38	196	37	0	28	
14	51	36	0	26	19	74	93	10	240	
32	42	21	17	9	5	30	264	6	137	
20	37	46	0	34	18	70	58	46	234	
39	61	0	126	54	42	0	138	44	59	
14	28	13	15	24	32	49	244	104	40	
4	42	35	0	30	22	78	49	206	97	
16	0	60	49	87	54	93	150	0	54	
4	38	37	1	23	12	98	60	206	84	
0	11	8	14	2	26	228	81	193	0	
8	41	40	36	42	85	0	203	46	62	
28	15	35	64	23	69	0	0	97	232	
30	37	36	0	26	19	70	208	12	125	
20	34	37	0	42	18	70	210	14	118	
4	40	51	40	25	0	116	227	4	56	
10	29	27	92	74	18	62	207	0	44	
5	50	6	10	17	8	72	190	126	79	
64	5	12	35	8	4	157	242	4	32	
4	34	38	0	27	29	88	63	212	68	
10	40	44	0	26	17	74	92	20	240	
12	145	78	26	3	8	185	22	84	0	
46	48	25	41	40	38	41	203	0	81	
4	36	36	0	42	22	69	84	189	81	
8	62	36	49	28	62	25	202	53	38	
6	36	37	6	27	38	72	211	50	80	 ***
14	40	6	19	20	111	74	219	16	44	
20	20	14	1	3	0	41	58	153	253	
8	9	10	0	24	74	165	204	1	68	
22	12	40	56	30	10	90	199	66	38	

21	0	21	42	104	0	52	244	177	38	
41	21	4	106	28	28	32	180	28	231	
4	26	34	22	127	22	71	122	75	196	
5	30	34	36	43	20	72	150	33	276	
8	48	13	95	22	32	80	214	0	187	
61	20	49	66	8	5	165	239	0	86	
52	26	0	28	14	20	67	230	58	204	
0	10	66	87	102	0	74	67	216	77	
4	24	36	8	76	38	67	198	184	64	
36	66	52	40	22	37	121	81	244	0	
6	40	42	21	31	38	79	208	50	184	
70	44	104	4	14	0	265	121	21	56	
88	4	21	49	87	89	72	16	44	229	
24	72	3	76	12	41	243	84	40	104	
9	68	34	20	75	54	75	96	26	242	
94	4	29	9	50	72	120	236	44	41	
80	61	12	24	10	0	223	13	47	229	
45	52	96	34	63	127	41	28	213	0	
36	25	123	8	90	91	40	4	210	72	
65	24	1	102	22	52	143	267	11	12	
7	81	102	32	36	0	44	215	142	40	
16	80	43	57	21	44	68	20	212	138	
10	43	0	9	90	52	69	222	8	196	
18	20	28	90	37	11	52	259	33	151	
20	4	28	40	134	83	58	40	57	235	
63	136	20	138	0	0	154	51	55	82	
40	74	23	32	62	29	44	8	150	237	
43	77	18	67	16	25	0	120	91	242	
80	26	45	30	81	10	67	224	88	48	
24	55	60	64	0	80	81	218	63	54	
74	35	57	88	81	48	0	223	41	52	
72	12	9	0	19	60	116	212	100	99	
12	78	34	12	59	26	75	231	84	88	
4	34	34	40	35	20	121	264	63	84	
3	33	36	7	169	8	56	209	124	54	
6	24	42	68	43	27	71	244	90	84	 ***
5	36	72	73	40	11	223	135	68	36	
81	65	53	40	102	132	0	112	114	0	
29	70	29	54	50	164	199	0	0	104	
105	52	44	20	10	52	0	255	19	142	
41	50	17	48	13	18	223	227	56	6	
69	84	0	36	27	26	67	30	228	132	
66	8	25	33	24	42	235	130	0	136	
9	11	66	94	107	17	36	108	36	215	

16	20	34	36	45	25	69	96	30	230	
33	153	19	0	26	84	24	195	67	0	
9	0	86	26	14	86	0	122	18	240	
12	20	0	45	129	25	67	79	156	68	
21	10	32	0	52	93	230	66	97	0	
4	155	0	62	10	4	8	121	37	200	
5	20	42	36	23	25	67	103	220	60	
6	32	82	78	0	20	36	31	236	80	
57	2	28	76	8	76	46	205	64	39	
4	26	34	36	27	32	67	241	82	52	
32	26	0	94	22	58	44	193	49	83	
20	76	62	2	24	33	63	192	40	89	
41	2	58	49	26	47	113	0	229	36	
16	61	12	20	65	8	143	232	44	0	
20	20	34	36	43	27	83	240	30	68	 ***
80	24	33	10	0	44	91	230	73	16	
2	13	56	10	51	0	47	243	79	100	
4	20	34	91	53	24	67	98	38	172	
26	50	10	55	0	66	55	224	76	39	
21	41	59	24	40	38	40	221	81	36	
34	32	11	0	38	0	80	132	226	48	
5	20	34	36	51	30	69	103	30	223	
137	0	59	10	10	39	22	173	151	0	
26	5	40	17	122	49	8	70	198	66	
5	20	0	44	129	24	66	155	122	36	
158	52	41	64	2	36	0	76	172	0	
84	58	36	43	8	37	28	209	62	36	
5	20	42	36	43	40	69	238	28	80	
12	16	61	135	40	53	0	100	134	50	
102	0	7	37	46	0	21	193	160	35	
6	32	2	68	43	25	67	228	70	60	
25	9	34	36	44	7	48	193	161	44	

41	10	18	60	36	166	37	153	59	0	
23	50	28	14	28	12	0	242	57	126	
16	51	56	43	70	22	57	0	193	72	
30	30	28	71	20	48	104	199	50	0	
28	6	12	0	22	42	54	224	36	156	
36	36	40	53	48	28	65	190	84	0	
18	34	30	71	8	151	50	201	0	17	
8	44	49	2	6	0	21	250	49	151	
6	0	60	8	20	27	186	21	4	248	
16	20	32	24	10	20	83	87	220	68	
53	37	0	155	0	47	51	123	52	62	
14	8	26	130	29	24	123	214	12	0	
14	20	0	28	47	22	85	234	52	78	 ***
19	40	44	0	76	8	43	232	92	26	
42	6	46	0	32	53	35	232	36	98	
20	100	0	22	23	12	0	37	151	215	
67	0	127	0	72	7	55	138	74	40	
33	8	27	40	111	51	207	75	0	28	
20	18	0	12	28	20	104	106	52	220	
41	76	135	11	33	0	0	24	81	179	
18	28	0	4	26	68	84	234	38	80	
101	110	16	36	22	10	14	246	25	0	
29	44	28	67	60	28	49	194	81	0	
12	24	0	4	35	28	117	83	60	217	
147	0	14	30	51	0	79	27	166	66	
75	21	6	27	60	43	79	190	79	0	
24	28	16	58	0	25	23	198	71	137	
114	53	64	0	41	0	20	45	80	163	
14	22	16	12	26	22	83	235	66	84	
38	101	82	24	28	0	69	45	0	193	

21	30	6	28	24	26	82	244	56	50	 ***
132	20	0	28	24	38	84	139	56	46	
32	46	14	89	14	26	11	14	248	73	
28	36	26	37	10	9	134	261	18	8	
10	24	0	28	24	30	84	135	181	51	
26	31	0	57	30	21	133	249	0	20	
3	16	0	6	40	41	259	10	33	159	
114	6	38	18	18	11	241	97	0	24	
12	34	9	29	42	0	14	263	16	148	
0	37	37	4	84	29	16	215	45	100	
24	20	0	28	29	22	93	253	36	62	
17	23	72	121	0	44	0	50	70	170	
20	26	42	8	18	29	120	252	24	28	
20	20	0	36	24	16	82	122	47	200	
25	40	16	0	25	6	130	271	36	18	
8	28	0	28	32	26	82	123	39	201	
129	38	28	41	65	9	156	0	0	101	
16	20	0	54	24	22	90	100	40	201	
24	28	0	28	24	136	82	143	56	46	
86	22	0	4	112	41	47	232	23	0	
94	9	9	25	28	9	24	255	20	94	
0	37	28	18	33	45	4	47	106	249	
50	140	20	4	41	24	72	201	13	2	
20	10	14	0	52	0	130	261	22	58	

11	30	6	13	34	18	86	109	60	201	
138	36	43	23	17	41	78	40	152	0	
24	35	16	35	139	51	36	71	161	0	
16	7	30	34	0	45	3	236	40	157	
17	53	24	32	0	30	112	241	33	26	
88	30	60	30	84	38	17	24	197	0	
11	34	6	24	32	38	80	239	36	68	
161	15	4	16	50	16	79	199	0	28	
41	0	38	27	5	52	158	209	19	19	
46	60	34	77	33	38	18	202	60	0	
0	34	35	0	18	46	76	76	89	194	
24	71	24	43	36	20	66	238	2	44	
40	9	20	25	34	2	213	163	32	30	
20	0	63	30	12	22	185	212	18	6	
8	30	10	24	30	28	82	242	40	74	
10	10	89	112	0	25	201	48	69	4	
0	18	123	59	22	4	80	32	230	0	
8	31	7	20	24	34	86	244	62	52	
34	27	8	37	164	0	124	154	12	8	
16	42	65	15	57	124	0	0	87	162	
21	32	6	26	24	34	82	95	40	208	
0	22	49	10	38	11	25	211	190	12	
37	6	36	64	58	46	14	239	68	0	
52	108	4	17	18	32	104	191	42	0	
15	30	6	22	24	26	80	90	207	68	
11	30	6	22	33	26	86	239	65	50	 ***
0	6	144	2	48	22	27	148	36	135	
13	31	6	24	26	26	101	243	54	44	
18	42	6	26	24	30	82	103	36	201	
18	79	44	0	42	29	75	75	2	204	
85	8	10	27	89	65	32	209	25	18	
8	32	12	20	24	30	90	236	66	50	
14	49	26	34	40	80	0	206	107	12	
13	23	8	22	36	34	82	239	44	67	

137	64	56	2	72	26	0	0	53	244	
20	14	8	22	44	62	124	106	21	233	
11	12	20	34	165	20	4	98	256	34	
44	30	6	28	36	83	102	246	47	32	
58	93	36	121	53	0	239	13	41	0	
16	90	0	68	106	0	88	218	43	25	
42	14	6	72	70	28	103	73	33	213	
0	5	4	48	25	13	317	182	34	26	
0	36	23	33	81	76	0	105	36	264	
34	103	53	0	0	161	164	22	24	93	
70	51	49	29	40	0	47	113	0	255	
42	69	13	105	8	26	36	295	49	11	
14	14	6	64	64	18	103	296	5	70	
14	14	4	30	50	72	49	257	120	44	
22	38	14	39	56	10	130	90	13	242	
14	14	9	38	94	26	126	246	41	46	 ***
15	60	44	5	5	72	62	262	105	24	
24	64	15	125	20	35	89	223	59	0	
10	38	30	31	80	55	110	82	9	209	
39	53	19	13	92	103	53	254	28	0	
137	34	49	32	34	25	98	223	0	22	
42	27	21	0	132	71	56	62	243	0	

20	8	7	71	85	4	72	242	54	154	
112	27	108	102	38	100	191	39	0	0	
18	9	7	38	108	32	142	95	71	197	
16	2	17	38	91	29	128	221	73	102	
84	32	14	46	30	48	158	221	33	51	
9	34	49	0	57	104	190	213	28	33	
0	85	13	60	20	52	162	241	54	30	
18	6	17	77	94	36	88	224	76	81	
16	6	8	54	97	12	144	225	75	80	 ***
6	7	7	52	93	6	92	255	153	46	
24	62	7	19	0	120	40	167	16	262	
19	26	48	39	16	58	68	205	0	238	
104	2	24	143	6	8	146	216	26	42	
8	43	6	21	20	25	108	220	196	70	
25	93	52	21	0	36	26	245	20	199	
20	42	28	41	95	33	177	243	0	38	
10	49	21	10	71	64	158	199	100	35	
13	89	23	16	32	65	0	263	166	50	
34	79	44	0	44	26	78	190	73	149	
25	0	74	29	8	53	60	257	181	30	
36	25	52	68	36	45	68	246	0	141	
3	17	48	23	36	1	57	222	100	210	
3	32	70	60	51	12	194	227	4	64	
97	74	18	78	119	56	18	253	0	4	
19	10	8	70	102	12	116	98	85	197	
56	18	20	88	27	80	65	235	14	114	
51	74	0	64	55	0	181	216	39	37	
34	156	16	61	62	54	0	215	79	40	
42	11	59	32	122	18	131	249	0	53	
14	9	35	38	138	12	96	71	119	185	
61	0	0	0	6	60	256	32	99	203	
38	71	51	21	73	4	182	84	0	193	
46	140	31	32	14	27	70	211	146	0	
31	53	69	44	0	39	27	176	76	202	

16	8	4	46	95	12	145	89	49	258	
24	2	8	60	95	48	134	87	44	220	
16	2	4	88	95	20	136	100	40	221	
16	37	30	0	87	143	286	64	59	0	
8	32	11	3	100	16	0	245	80	227	
16	48	136	36	12	70	53	24	32	295	
16	2	4	54	95	122	140	127	78	84	
16	6	5	63	65	14	116	233	73	131	
16	2	4	90	94	14	136	231	43	92	
16	42	12	54	95	12	106	125	41	219	
4	107	0	10	12	56	65	262	172	34	
16	2	18	54	95	122	136	164	41	74	
20	4	4	56	95	14	161	91	40	237	
74	58	20	66	69	90	20	233	92	0	
16	2	4	59	95	57	136	231	41	81	 ***
36	68	24	2	71	4	0	248	55	214	
16	143	10	88	0	16	4	232	189	24	

14	6	3	86	72	64	103	205	29	106	
32	52	23	96	38	70	0	295	0	82	
22	114	48	36	121	12	24	56	14	241	
22	0	125	57	63	40	198	61	88	34	
26	119	139	0	108	0	144	20	132	0	
14	2	3	86	95	53	107	95	25	208	
32	48	93	0	0	16	0	26	246	227	
36	34	0	43	20	58	91	284	78	44	
94	58	127	28	0	10	42	0	281	48	
58	2	1	24	40	145	72	304	42	0	
6	0	8	87	63	40	105	240	63	76	
0	0	10	48	8	133	115	55	52	267	
39	10	3	88	63	46	102	230	23	84	
60	40	17	34	0	112	68	303	10	44	
36	48	8	0	17	0	77	282	84	136	
2	50	42	62	4	12	0	334	60	122	
25	0	31	4	38	8	36	316	34	196	
1	44	20	58	52	12	171	300	30	0	
16	68	6	4	48	48	316	118	22	42	
46	7	13	54	63	40	141	226	24	74	
24	8	32	56	64	0	136	322	42	4	
40	0	20	43	46	28	162	0	66	283	
0	38	2	26	21	42	80	266	43	170	
72	50	12	32	95	32	49	298	28	20	
98	0	3	70	56	80	64	255	22	40	
56	0	4	64	0	12	90	283	39	140	
0	46	32	66	108	0	0	294	34	108	
14	6	7	74	63	73	110	206	32	103	 ***
28	2	3	92	63	40	127	79	29	225	
95	8	18	64	52	133	8	255	0	55	
14	22	3	54	95	41	138	75	26	220	
6	48	64	20	46	0	128	304	16	56	
20	2	11	54	79	120	106	160	33	103	
38	18	0	20	102	26	0	279	154	51	
48	2	11	71	67	40	105	105	24	215	
58	68	16	57	66	76	323	24	0	0	
0	30	96	0	0	132	28	26	51	325	

81	119	0	32	0	36	86	0	282	43	
56	66	8	48	10	44	94	289	64	0	
12	48	6	17	67	30	42	281	72	104	
16	52	4	0	42	46	110	275	83	51	
22	6	3	54	63	78	112	54	216	71	
109	26	32	36	0	0	48	245	128	55	
4	20	44	48	56	26	19	240	222	0	
17	52	4	20	58	0	337	189	2	0	
4	8	24	70	1	38	123	257	76	78	
10	42	20	78	42	59	76	68	0	284	
65	44	8	4	0	78	0	178	300	2	
18	4	5	54	63	80	110	221	69	55	
114	50	54	32	0	0	36	259	20	114	
48	6	66	36	40	10	144	271	24	34	
26	32	38	118	1	17	267	180	0	0	
53	48	48	8	48	24	81	238	16	115	
14	4	5	54	63	77	126	64	56	216	
14	4	5	54	63	76	121	207	56	79	
0	34	34	34	52	72	8	136	0	309	
36	70	22	34	0	12	28	289	84	104	
40	42	113	100	28	0	0	226	8	122	
34	24	64	28	0	0	36	259	57	177	
42	77	18	42	58	48	101	275	18	0	
36	107	62	6	34	4	104	315	0	11	
14	4	14	54	63	72	110	219	53	76	
29	4	5	54	79	72	110	185	42	99	
14	6	5	36	62	60	110	71	96	219	
22	12	5	54	63	72	102	221	55	73	 ***
20	20	16	12	64	10	38	278	157	64	
30	12	7	54	62	76	110	56	54	218	
114	58	6	16	4	24	55	302	100	0	
44	8	24	60	10	60	80	277	116	0	
24	144	91	24	86	72	0	40	0	198	
6	16	5	70	63	72	110	66	216	55	
42	20	44	43	44	0	0	269	175	42	
119	8	12	64	66	0	34	120	0	256	
91	0	50	50	10	150	0	0	100	228	
18	26	32	48	8	40	46	296	28	137	
40	56	52	32	42	50	120	239	14	34	
10	56	2	34	10	6	0	218	48	295	
8	4	16	22	42	64	47	312	150	14	
18	66	32	16	58	44	8	299	0	138	
66	83	20	0	48	106	62	257	0	37	
22	0	78	32	53	36	72	300	82	4	
22	10	7	54	62	88	110	56	52	218	
14	4	5	54	63	86	110	215	55	73	
46	34	10	32	76	20	34	296	0	131	
46	0	18	66	12	0	34	296	121	86	
0	120	60	12	5	90	2	300	34	56	
6	4	9	95	63	56	102	60	229	55	
12	76	0	86	9	24	110	271	57	34	
27	82	0	139	56	0	40	241	42	52	
14	4	5	60	63	80	110	209	55	79	

0	44	10	38	6	52	133	319	0	52	
0	48	35	85	37	36	128	67	46	172	
16	12	3	60	42	36	46	211	133	95	
12	12	2	35	8	11	63	173	230	108	
49	40	6	52	0	66	150	248	43	0	
34	28	34	50	4	99	74	241	90	0	
8	12	60	62	35	36	144	183	59	55	
6	76	61	24	14	1	38	230	192	12	
8	16	3	58	39	76	46	201	69	138	
52	17	20	42	4	0	58	177	248	36	
0	86	0	8	80	18	141	12	261	48	
40	2	37	66	43	36	52	63	139	176	
72	34	42	44	104	0	252	48	58	0	
0	48	8	4	40	44	56	305	0	149	
48	16	16	2	36	52	14	246	144	80	
7	48	70	4	2	96	36	286	42	63	
32	0	125	10	0	0	236	22	0	229	
26	12	7	54	35	70	163	75	36	176	
8	68	42	29	0	127	92	0	253	35	
50	12	9	54	35	68	46	59	220	101	
42	68	0	3	54	10	52	137	244	44	
40	12	36	52	35	42	235	67	84	51	
10	32	7	60	35	57	78	123	80	172	
54	26	52	14	74	0	32	171	132	99	
8	20	3	57	47	103	80	59	98	179	
16	20	3	51	66	105	46	91	63	193	
16	20	3	54	35	74	121	81	159	91	
0	3	43	58	53	16	53	208	220	0	
4	116	4	57	0	40	258	38	137	0	
8	0	4	8	0	46	9	189	268	122	
40	16	45	123	54	36	37	52	247	4	
52	20	8	34	0	72	137	0	36	295	
12	105	67	14	0	48	25	149	234	0	
57	49	54	65	0	39	49	153	144	44	
12	20	7	90	67	38	50	201	114	55	 ***
50	4	22	101	8	5	77	263	84	40	

4	20	12	56	64	6	20	61	16	301	
0	0	8	64	0	0	176	0	0	312	
4	24	4	54	64	6	6	67	36	295	
0	12	0	0	68	4	148	328	0	0	
8	20	34	52	48	10	52	280	16	40	
116	0	4	0	8	0	0	156	0	276	
0	42	0	0	4	12	34	292	132	44	
4	20	38	4	66	0	88	308	32	0	
4	20	8	52	66	22	20	57	16	295	
20	20	4	52	66	6	48	278	32	34	
4	0	72	4	0	52	32	125	271	0	
4	24	2	36	64	2	24	306	66	32	
20	0	8	28	40	0	0	144	274	46	
12	20	20	56	64	6	22	286	16	58	 ***
56	4	4	12	16	0	94	328	44	2	
4	20	4	66	70	6	24	246	16	104	
4	20	6	135	64	10	72	45	16	188	
38	12	16	48	40	96	0	296	14	0	
90	104	0	0	56	0	0	308	0	2	
36	32	24	0	0	10	0	298	40	120	
4	20	4	64	48	6	125	221	16	52	
4	36	32	0	10	78	0	320	80	0	
4	30	4	54	64	6	31	290	16	61	
4	20	4	54	40	8	76	219	16	119	
4	20	2	52	64	18	4	280	40	76	
4	0	18	76	118	40	0	292	0	12	
4	28	4	52	64	2	38	57	16	295	
4	20	8	54	64	6	52	278	32	42	
0	16	2	0	102	0	46	294	12	88	
70	0	4	0	78	0	72	312	16	8	
4	24	4	54	40	40	26	286	16	66	

68	40	60	64	35	20	86	295	0	0	
34	36	42	48	187	0	104	0	217	0	
34	0	48	46	0	112	77	251	0	100	
24	64	18	32	68	6	52	280	48	76	
0	26	20	108	0	4	100	0	240	170	
32	72	0	186	0	8	0	236	90	44	
80	32	44	0	64	36	6	244	0	162	
8	44	68	52	64	8	104	300	16	4	
40	0	48	69	68	0	0	78	60	305	
32	32	16	0	44	10	0	194	240	100	
90	70	32	2	90	94	32	258	0	0	
64	8	40	0	32	0	72	151	301	0	
12	40	16	0	4	32	228	234	102	0	
44	20	66	70	74	4	4	292	52	42	 ***
48	46	36	78	71	8	0	293	0	88	
34	32	4	9	76	48	16	297	84	68	
12	32	8	68	4	2	64	0	184	294	
72	56	56	0	24	40	0	300	108	12	
36	0	8	24	80	64	53	315	88	0	
2	159	0	44	36	20	146	257	4	0	
0	72	8	64	0	0	4	307	60	153	
72	52	0	16	0	0	78	253	112	85	
36	16	32	12	168	0	192	140	72	0	
16	22	26	64	44	8	68	288	0	132	
36	64	28	0	0	16	239	36	0	249	
52	32	16	0	6	40	32	310	33	147	
42	64	8	8	108	0	105	305	28	0	
34	52	68	60	104	0	36	293	21	0	
48	36	0	0	88	124	0	302	70	0	
36	40	4	91	68	16	8	303	34	68	
12	16	50	34	44	40	37	287	92	56	
40	154	36	33	8	36	128	0	0	233	
40	36	72	0	38	34	172	248	28	0	
160	37	74	0	98	0	211	88	0	0	
52	32	6	0	50	14	0	307	97	110	
0	44	0	64	36	18	310	156	0	40	
40	40	48	0	147	38	0	68	0	287	
70	68	84	8	0	0	50	310	32	46	
44	4	104	73	0	94	34	279	36	0	
0	0	36	108	0	68	319	93	0	44	
44	8	16	70	36	56	50	276	112	0	

10	32	4	129	98	56	0	236	0	148	
44	44	50	70	48	44	64	313	32	4	
92	65	56	80	7	0	41	264	108	0	
125	40	100	48	68	32	0	260	0	40	
46	68	36	43	80	5	0	268	93	74	
5	42	68	66	71	98	73	290	0	0	
64	0	104	28	0	9	0	120	122	266	
40	16	92	68	104	4	0	285	36	68	
142	8	46	60	36	69	34	268	50	0	
50	16	50	70	46	68	56	311	32	14	
76	64	34	2	40	32	76	264	77	48	
0	38	46	50	0	25	214	244	96	0	
48	32	0	14	52	77	123	267	64	36	
20	40	0	0	32	102	64	270	104	81	
44	0	85	70	33	40	0	270	131	40	
0	97	92	121	109	95	54	0	145	0	
72	100	64	13	48	0	249	163	4	0	
8	4	64	49	24	74	64	312	74	40	
40	40	48	68	60	8	32	277	66	74	
44	74	16	68	132	10	0	237	32	100	
34	50	42	76	0	0	36	274	56	145	
54	0	80	68	40	36	0	294	69	72	
42	20	48	70	40	12	32	277	128	44	
18	0	32	56	32	143	0	274	46	112	
44	16	43	42	42	36	36	264	72	118	
40	12	80	68	44	70	0	277	78	44	
42	48	56	68	145	40	0	238	72	4	
95	32	78	51	48	0	72	267	70	0	
97	10	0	42	68	44	150	260	0	42	
0	36	133	32	32	16	48	232	40	144	
77	4	44	18	42	80	40	272	72	64	
41	64	0	83	68	20	8	249	178	2	
84	66	13	50	10	96	92	266	0	36	
76	16	56	70	10	38	68	261	40	78	 ***

42	6	0	61	0	20	52	274	48	179	
126	32	0	0	8	60	281	0	0	175	
125	0	28	34	0	34	101	296	32	32	
80	0	34	38	0	34	102	326	36	32	
108	1	24	64	4	42	38	297	72	32	
64	8	24	42	24	38	32	344	36	70	
0	32	9	0	64	0	80	123	108	266	
34	0	44	97	36	0	67	302	70	32	
38	143	0	0	16	0	32	236	177	40	
37	36	54	0	45	64	0	310	70	66	
66	0	0	34	41	171	44	44	0	282	
80	66	130	0	0	0	0	96	305	5	
98	16	24	44	0	38	68	290	72	32	
40	0	18	0	4	22	204	292	0	102	
64	0	5	18	12	64	0	283	20	216	
64	10	26	38	0	42	68	334	36	64	
40	36	36	16	0	17	66	220	8	243	
96	0	24	38	2	40	76	330	40	36	 ***
38	0	74	0	60	0	181	294	35	0	
68	105	72	0	0	26	0	302	109	0	
32	0	0	60	1	80	243	232	0	34	
64	0	26	40	4	46	92	342	36	32	

20	72	169	0	64	32	0	244	0	42	
32	0	52	0	0	40	191	275	0	53	
48	0	6	149	24	32	96	0	280	8	
56	36	32	8	2	16	8	216	253	16	
96	0	24	2	2	40	85	334	24	36	 ***
104	0	12	0	0	36	128	276	37	50	
166	40	34	0	42	0	0	0	139	222	
10	40	90	15	64	77	56	259	32	0	
42	8	8	0	0	36	202	272	35	40	
68	101	0	0	8	2	0	228	178	58	
0	80	8	46	0	0	42	242	6	219	
0	32	8	0	4	152	176	0	271	0	
20	0	171	10	0	0	196	190	56	0	
0	0	2	34	16	18	32	220	64	257	
0	0	8	6	40	0	313	66	0	210	
0	14	136	0	0	64	32	129	0	268	
0	104	0	0	16	0	12	334	162	15	
171	48	0	8	32	64	32	0	276	12	
96	0	8	8	0	36	148	268	35	44	
0	10	36	8	0	48	32	242	40	227	
4	8	56	20	4	0	226	325	0	0	
0	0	0	96	40	44	198	12	221	32	
8	2	36	4	42	8	171	346	8	18	
123	36	40	82	0	2	8	312	0	40	
96	16	8	4	0	36	93	332	26	32	
0	16	0	12	8	132	313	66	58	38	
4	40	8	0	2	10	36	319	40	184	

1	6	32	2	40	163	110	236	60	64	
68	8	27	0	6	48	52	298	54	153	
14	156	0	8	112	125	258	0	41	0	
0	98	25	137	0	44	22	243	0	145	
0	0	4	35	68	43	110	260	64	130	
42	12	32	8	32	32	36	235	270	15	
100	0	29	8	6	66	117	300	49	39	
0	49	179	52	83	48	239	0	0	64	
69	16	16	0	52	38	56	278	24	165	
99	2	26	0	6	92	91	328	30	40	 ***
90	18	44	98	0	34	150	264	16	0	
0	2	0	52	68	12	176	268	136	0	
0	115	84	0	68	0	123	280	36	8	
102	6	32	72	86	0	0	289	85	42	
46	2	42	90	40	0	0	250	160	84	
179	0	0	0	0	66	112	24	264	69	
0	39	60	54	0	42	68	296	56	99	
56	38	0	48	38	10	72	242	0	210	
40	60	68	36	56	84	45	273	32	20	
42	0	44	0	155	0	142	12	299	20	
104	2	34	32	2	36	50	283	42	129	
32	4	22	32	16	56	32	279	0	241	
0	44	38	42	72	36	0	271	137	74	
4	88	44	42	11	2	0	273	84	166	
136	0	60	0	18	36	111	283	26	44	
88	4	40	0	130	122	42	270	18	0	
63	19	0	47	159	35	251	40	64	36	
100	0	57	0	13	36	123	282	35	68	
102	20	60	11	20	52	0	193	256	0	
72	8	34	72	0	16	138	252	122	0	
131	5	24	4	7	36	111	330	30	36	
38	114	0	52	0	0	8	259	89	154	
78	40	2	12	32	34	36	276	0	204	
52	37	100	2	85	12	0	262	80	84	

80	0	20	66	182	4	0	265	70	81	
18	33	2	50	40	114	78	265	48	120	
77	84	50	26	0	26	50	262	129	64	
64	4	64	0	34	58	38	251	229	26	
80	0	110	70	2	0	37	271	110	88	
29	68	32	12	17	0	115	272	21	202	
32	150	20	39	33	20	93	251	50	80	
32	2	20	17	34	110	64	288	151	50	
99	51	26	0	38	74	78	289	77	36	
98	44	58	0	7	64	74	246	64	113	
88	68	152	172	0	0	0	106	48	134	
64	26	40	0	32	128	50	262	52	114	
36	5	40	13	128	0	195	113	0	238	
106	32	54	0	79	51	49	256	99	42	
72	7	16	56	38	40	64	268	92	115	
98	2	0	66	74	0	159	215	50	104	
99	10	28	0	38	82	114	273	56	68	 ***
114	28	32	0	80	28	77	245	164	0	
99	2	74	8	22	64	78	307	48	66	
26	49	2	0	0	96	205	158	0	232	
32	0	33	60	16	2	148	164	281	32	
8	40	84	0	48	68	42	288	134	56	
68	90	36	82	178	46	85	0	183	0	
23	42	32	37	65	152	132	234	51	0	
52	69	10	32	0	66	56	261	52	170	
48	48	82	0	37	51	39	237	0	226	
98	50	13	0	38	88	78	246	109	48	
78	134	10	0	74	18	191	221	0	42	
46	6	60	0	18	0	37	262	291	48	
56	82	30	44	8	96	0	256	50	146	
71	0	84	56	92	76	40	267	50	32	
99	3	32	0	72	82	95	219	26	140	
2	132	90	5	35	78	86	276	0	64	
0	32	43	64	29	68	114	266	68	84	
9	108	16	72	72	32	108	219	132	0	
68	16	72	1	0	161	176	242	0	32	
64	35	28	42	0	82	193	250	0	74	
118	46	72	42	105	38	240	107	0	0	
25	0	69	56	0	50	48	271	190	59	
16	66	18	48	64	107	34	229	0	186	
40	88	4	48	25	52	51	292	120	48	
0	8	36	4	25	80	118	307	0	190	
88	34	60	5	0	74	32	282	28	165	
66	88	88	70	25	58	105	248	0	20	

