#12	68	39	54	39	0	140	46	68	281	
#36	46	19	60	39	42	48	49	213	195	
#42	97	0	0	46	51	158	32	30	291	
#55	17	0	40	6	29	226	114	16	244	
#12	20	0	58	36	77	105	106	307	26	
#26	19	56	105	52	133	0	207	149	0	
#26	47	6	0	0	4	57	247	202	158	
#36	61	45	6	28	46	205	54	257	9	 ***
#128	55	48	31	0	22	256	49	0	158	
#79	40	0	50	32	51	47	76	69	303	
#43	51	5	2	18	49	228	93	230	28	

38	59	45	6	30	30	190	54	119	116	
23	38	56	39	19	49	36	82	295	50	
2	4	24	40	20	18	175	302	102	0	
114	0	4	0	40	52	79	50	256	92	
3	40	54	66	78	14	28	0	96	308	
36	56	30	4	78	30	66	72	21	294	
52	26	16	22	48	37	43	154	289	0	
54	59	45	21	24	40	60	46	49	289	
0	6	74	50	23	40	212	33	171	78	
40	54	42	63	40	5	46	68	297	32	
56	59	45	5	26	34	60	70	41	291	
4	0	14	0	64	62	60	255	218	10	
38	43	49	21	40	46	56	54	269	71	
38	63	45	7	28	30	59	54	266	97	
42	59	45	23	24	32	56	260	114	32	
5	6	52	54	33	17	122	67	294	37	
36	59	45	11	40	30	56	74	45	291	
40	31	45	5	24	50	56	214	166	56	
58	0	0	45	51	12	88	31	281	121	
36	59	33	5	26	34	56	54	92	292	
52	12	5	4	10	34	74	64	303	129	
36	61	45	5	40	30	188	93	45	144	
38	57	45	6	127	30	58	54	138	134	
60	14	16	32	6	20	35	51	297	156	
38	59	63	9	24	30	104	52	267	41	
58	119	35	30	0	107	216	85	0	37	
2	58	48	0	68	61	30	277	0	143	
44	58	63	4	48	10	52	91	297	20	
36	59	17	5	24	46	64	88	51	297	
49	18	47	0	51	28	175	74	203	42	
50	42	18	22	56	46	49	92	301	11	
36	61	45	23	28	32	56	54	55	297	
36	61	49	29	42	30	42	70	120	208	
40	59	63	10	24	36	182	68	165	40	 ***

40	59	31	43	24	36	270	130	35	43	
18	124	6	62	66	0	0	201	64	170	
45	42	56	92	67	50	281	34	44	0	
56	61	61	40	24	36	74	263	56	40	
38	59	61	9	24	52	76	67	99	226	
32	42	79	8	24	36	178	128	59	125	
36	60	61	12	26	38	74	66	37	301	
34	14	5	96	28	43	152	42	200	97	
8	68	2	32	40	57	50	78	284	92	
34	64	4	60	6	44	27	273	11	188	
57	16	32	32	24	20	54	285	74	117	
14	0	0	26	108	20	11	136	252	144	
32	28	26	114	90	82	0	48	255	36	
54	32	2	20	10	6	10	261	186	130	
4	27	61	61	118	68	127	30	74	141	
36	43	53	13	57	36	62	263	108	40	
84	61	61	12	24	36	74	263	56	40	
81	72	15	0	46	40	173	78	153	53	
70	59	36	9	56	52	74	281	30	44	
36	91	61	9	24	36	81	271	60	42	
5	16	52	38	58	38	50	56	287	111	
36	59	61	9	24	46	179	25	84	188	
36	59	61	13	24	68	58	53	262	77	
18	9	20	65	22	50	42	286	121	78	
42	59	61	41	26	104	43	42	175	118	
36	50	61	0	0	81	115	84	50	234	
36	61	61	25	26	36	110	34	274	48	
46	20	49	4	92	70	289	50	91	0	
24	34	24	64	47	4	106	62	284	62	
36	58	61	24	24	72	42	99	59	236	
70	58	61	8	24	36	42	151	27	234	
36	46	0	54	111	160	104	160	0	40	
90	0	3	12	66	50	52	200	10	228	
60	58	36	4	32	26	261	0	68	166	
56	26	2	36	42	46	16	89	110	288	
48	66	26	20	8	2	0	269	70	202	
50	110	60	24	0	6	154	35	236	36	
32	77	109	26	30	62	66	48	261	0	
36	59	61	12	24	36	230	34	113	106	
37	59	61	41	56	36	225	34	122	40	 ***

36	58	28	72	86	64	58	47	285	38	
0	76	36	50	110	12	308	32	10	138	
36	56	44	24	56	36	281	96	71	72	
20	26	42	10	82	64	316	64	136	12	
36	58	60	56	57	36	254	54	95	66	
36	56	30	81	64	36	90	82	35	262	
34	88	24	48	108	60	74	50	254	32	
98	12	28	120	22	52	40	68	300	32	
40	40	8	0	38	16	54	178	306	92	
80	56	2	12	114	54	0	124	304	26	
36	56	28	72	90	36	287	36	93	38	
2	4	78	0	62	18	290	88	64	166	
36	88	30	72	62	34	103	8	54	285	
68	56	28	40	96	52	262	40	58	72	
50	68	32	104	26	0	98	64	313	17	
22	16	12	55	36	8	246	102	121	154	
78	76	44	0	44	124	84	0	172	150	
40	20	22	0	32	98	268	62	104	126	
36	58	76	73	72	36	256	22	103	40	
8	42	50	64	65	14	80	72	317	60	
88	32	0	86	18	48	0	40	157	303	
26	28	68	8	92	44	290	24	180	12	
0	48	72	173	36	30	140	0	237	36	
147	50	56	50	58	40	62	225	36	48	
20	68	30	177	94	6	6	215	88	68	
68	40	30	104	56	76	58	12	66	262	
36	42	28	112	57	68	293	38	58	40	
44	24	42	6	18	82	11	86	291	168	
36	40	16	80	64	32	311	24	78	91	
58	0	0	167	14	101	56	124	208	44	
56	42	58	0	80	0	98	293	16	129	
38	56	28	43	112	56	66	48	285	40	
60	56	22	54	0	122	264	76	118	0	
0	72	0	66	86	40	294	54	118	42	
36	90	28	48	56	36	91	56	89	242	
90	36	40	34	52	42	300	52	48	78	
68	56	60	40	56	36	240	28	158	30	 ***
70	54	35	50	106	91	282	48	36	0	
34	8	64	64	56	64	300	40	34	108	
36	56	52	74	54	30	88	302	42	38	
52	58	28	40	72	84	58	49	285	46	
46	66	66	18	40	124	34	76	266	36	
30	76	62	10	22	42	259	76	195	0	
36	56	36	56	88	68	256	12	92	72	
96	0	0	20	92	22	25	280	50	187	
132	58	58	34	10	52	257	0	0	171	
46	70	0	66	0	82	142	56	287	23	
34	48	47	36	22	66	52	225	116	126	
36	56	76	72	56	68	69	48	285	6	
36	40	64	124	50	0	174	10	20	254	

56	4	34	32	92	8	24	36	126	290	
64	24	57	32	50	10	116	257	58	34	
6	36	34	0	42	0	52	78	286	168	
26	36	90	12	114	17	275	72	60	0	
0	58	76	0	26	48	318	72	52	52	
64	24	60	40	24	126	150	24	34	156	
2	166	34	10	92	20	50	98	198	32	
48	102	28	14	28	0	324	0	66	92	
88	0	18	0	32	26	190	276	72	0	
38	34	24	20	44	8	48	94	290	102	
70	28	28	32	20	18	261	58	115	72	
72	24	52	32	120	44	116	24	184	34	
70	52	18	18	23	64	257	78	122	0	
48	100	18	34	16	0	306	142	0	38	
54	68	0	42	32	24	0	326	34	122	
64	24	52	40	20	39	235	152	46	30	
0	64	30	50	0	122	0	60	200	176	
42	0	44	8	46	20	140	102	300	0	
48	2	112	0	0	70	148	8	246	68	
18	42	60	70	0	46	324	0	92	50	
70	24	60	0	20	46	148	24	35	275	
64	24	60	32	18	10	116	26	77	275	
64	26	60	74	18	10	114	24	278	34	
8	120	34	22	58	42	292	112	14	0	
76	34	14	96	48	2	6	0	310	116	
36	18	52	74	30	24	82	286	100	0	
24	104	0	20	24	0	56	318	34	122	
10	36	26	0	20	48	288	206	16	52	
34	22	10	0	120	44	16	116	320	20	
41	20	0	42	52	102	185	0	238	22	
32	34	10	12	10	2	86	312	156	48	
48	30	50	0	98	160	240	0	76	0	
32	48	6	10	56	32	183	40	285	10	
8	18	20	0	120	6	276	0	166	88	
64	38	28	32	18	6	237	165	60	54	
82	66	46	6	0	0	274	32	144	52	
70	24	48	32	18	10	237	32	193	38	 ***
28	80	30	32	88	32	263	0	139	10	
64	24	16	44	22	6	114	48	302	62	
8	34	70	0	4	101	0	82	237	166	

8	58	80	0	48	90	84	20	243	22	
30	2	42	50	34	52	263	108	72	0	
8	20	0	10	50	32	180	58	259	36	
16	0	16	56	24	14	128	218	135	46	
22	24	24	38	28	10	243	138	76	50	
38	52	36	38	16	10	128	20	89	226	
38	20	24	32	20	26	122	16	285	70	
0	56	8	46	34	6	265	124	30	84	
56	0	16	48	0	14	251	18	0	250	
42	32	32	44	20	10	241	82	138	12	 ***
2	34	0	30	58	0	0	100	273	156	
46	24	18	68	16	8	242	8	151	72	
0	22	24	40	8	48	311	28	168	4	
44	16	28	8	32	14	116	263	42	90	
88	30	26	92	64	0	0	102	251	0	
16	4	46	34	38	0	251	60	140	64	
24	60	0	0	0	32	126	146	257	8	
50	20	20	32	20	10	122	16	277	86	
0	4	32	20	12	18	174	80	267	46	
42	20	33	32	38	40	251	8	145	44	
56	42	72	0	0	58	229	78	92	26	
38	24	16	40	44	16	132	12	105	226	
16	16	16	100	24	40	110	226	46	59	
54	20	30	36	20	10	221	12	110	140	
12	24	36	70	18	0	253	48	110	82	
98	0	38	44	16	8	114	52	43	240	
6	18	16	52	24	42	124	20	255	96	
54	16	20	36	26	21	241	0	177	62	

52	0	22	6	150	0	122	0	65	156	
70	0	6	0	18	18	198	46	167	50	
20	10	46	0	8	38	253	76	122	0	
8	64	6	32	0	24	209	34	24	172	
38	32	34	20	18	10	205	129	59	28	
38	32	32	20	18	10	205	68	59	91	
10	8	18	14	52	8	208	48	203	4	
0	28	20	30	16	0	238	194	47	0	
41	32	32	12	18	18	207	123	78	12	 ***
74	5	40	47	0	2	208	20	105	72	
38	34	32	12	20	10	90	58	232	47	
34	48	2	6	38	7	0	246	192	0	
38	35	34	12	18	8	74	213	133	8	
38	32	32	8	18	10	78	224	82	51	
48	0	0	8	0	44	230	63	112	68	
8	0	18	32	0	18	152	0	78	267	
38	32	32	12	20	10	82	39	114	194	
6	16	32	44	18	13	223	120	67	34	
38	32	32	12	18	10	207	130	64	30	
38	19	32	12	18	12	82	76	90	194	
38	32	32	12	20	11	82	213	121	12	
6	24	32	14	20	10	114	90	67	196	

48	34	55	14	18	20	93	215	58	8	
53	33	33	14	22	34	79	34	68	193	
9	17	8	2	76	40	86	229	61	35	
0	20	31	113	10	2	53	226	25	83	
10	0	13	12	0	91	18	242	148	29	
14	16	0	50	118	28	81	205	51	0	
0	22	6	134	50	11	49	213	68	10	
33	52	38	14	26	34	28	96	242	0	
57	24	32	14	22	16	90	50	68	190	
44	17	26	12	24	24	214	36	66	100	
20	40	39	31	18	48	81	215	59	12	
4	110	4	8	10	75	241	26	15	70	
37	102	12	0	17	0	0	238	13	144	
38	8	60	10	0	44	121	208	20	54	
47	37	33	12	22	15	84	227	50	36	 ***
50	37	32	18	0	37	47	239	45	58	
45	32	28	20	38	17	87	214	58	24	
41	33	36	12	23	16	209	91	70	32	
50	36	34	28	20	17	82	42	58	196	
43	32	36	29	19	24	207	36	70	67	
30	6	5	29	48	1	99	245	52	48	
0	40	0	16	22	1	15	168	241	60	
40	9	32	20	18	14	211	53	74	92	
95	10	16	52	0	28	221	59	0	82	
22	0	50	68	18	0	96	25	242	42	
37	24	10	0	12	49	112	32	30	257	
49	32	35	17	27	24	66	44	71	198	
22	58	44	4	75	17	84	223	11	25	
34	17	20	20	2	13	57	75	235	90	
16	28	4	49	1	16	134	236	43	36	
28	16	25	39	0	18	130	54	0	253	
16	11	57	39	89	0	28	227	60	36	
9	42	57	20	0	6	120	221	29	59	
40	40	41	12	18	17	88	216	67	24	
10	2	40	13	5	20	242	150	48	33	
40	42	25	29	26	14	80	46	66	195	
41	40	32	24	18	8	90	36	83	191	
4	36	27	32	33	58	138	14	6	215	
36	0	29	10	43	12	35	235	41	122	
42	40	49	28	18	18	81	41	56	190	
9	19	32	46	26	32	59	39	236	65	
14	8	40	52	19	4	0	249	58	119	
6	143	40	13	12	36	28	207	70	8	

112	65	41	32	74	52	38	27	36	222	
72	32	64	5	24	8	183	213	68	30	
32	177	36	59	26	34	63	214	58	0	
120	46	1	96	103	0	60	51	0	222	
61	80	56	44	48	32	145	212	21	0	
50	40	28	0	7	76	26	266	114	92	
91	61	32	5	6	36	62	254	82	70	 ***
65	74	40	8	38	32	100	71	54	217	
10	0	53	21	43	60	125	225	46	116	
4	62	62	44	40	91	83	253	0	60	
44	16	36	90	43	15	80	256	77	42	
24	27	56	36	24	56	36	230	181	29	
22	25	16	84	68	97	13	224	98	52	
42	21	44	60	22	112	82	187	80	49	
45	41	64	4	14	47	78	255	86	65	
41	41	32	40	87	65	63	238	52	40	
124	89	13	45	36	46	42	0	258	46	
39	24	36	0	27	74	170	239	41	49	
59	37	32	23	58	19	77	253	103	38	
0	22	99	135	86	90	28	185	0	54	
12	2	26	47	74	72	31	226	80	129	
72	45	78	14	39	41	72	220	57	61	
54	76	89	68	42	28	56	212	48	26	
50	40	4	9	6	59	54	280	141	56	
30	48	64	0	68	57	43	208	112	69	
15	72	17	20	64	0	77	206	110	118	
0	0	72	59	16	78	102	118	14	240	
48	30	11	38	15	108	280	26	0	143	
8	14	20	59	64	67	109	208	28	122	
114	26	4	8	37	43	56	232	55	124	
13	21	159	72	0	46	217	72	0	99	
2	46	36	41	16	58	176	218	64	42	
57	40	40	56	10	45	86	249	48	68	
44	41	56	12	26	47	64	111	86	212	
56	76	34	20	0	33	40	251	131	58	
100	56	19	39	85	12	0	249	115	24	
41	41	52	5	54	21	82	87	80	236	
85	0	41	49	40	32	136	209	98	9	
10	47	8	74	36	86	60	250	52	76	
53	39	64	36	38	15	62	71	68	253	
49	95	43	62	20	31	52	223	124	0	
26	0	66	54	81	54	105	229	62	22	
17	37	32	20	26	52	108	102	72	233	
120	52	0	52	16	23	123	224	0	89	

48	68	55	44	5	73	56	203	49	0	
53	33	38	53	0	42	88	216	52	26	
30	56	32	62	46	17	42	231	85	0	
0	46	59	46	13	55	60	211	54	57	
30	9	0	30	22	23	100	257	68	62	
65	28	32	5	18	33	62	57	88	213	
99	0	87	21	0	25	99	226	24	20	
91	20	34	40	55	44	17	0	125	175	
24	37	44	60	10	9	140	231	0	46	
24	24	26	20	25	56	0	253	125	48	
90	29	16	15	7	35	76	68	80	185	
20	0	19	48	46	31	110	226	52	49	
65	13	16	21	14	34	62	240	80	56	
12	32	20	2	44	128	99	174	37	53	
57	13	36	5	8	44	70	224	88	56	
86	6	25	14	20	26	150	36	238	0	
27	31	18	13	0	84	34	22	191	181	
72	28	50	33	49	29	0	220	56	64	
40	8	4	32	56	50	9	247	32	123	
17	83	2	31	18	16	198	221	15	0	
12	0	52	20	19	0	163	237	26	72	
2	60	17	58	11	36	53	206	24	134	
0	40	0	46	30	28	239	138	58	22	
22	33	26	0	147	20	49	14	194	96	
7	25	8	73	9	26	170	0	38	245	
63	32	18	5	7	33	60	85	80	218	
42	54	44	39	53	16	56	253	44	0	
36	14	46	22	30	43	0	155	189	66	
65	29	31	5	17	36	71	54	80	213	
0	24	45	32	20	97	205	16	64	98	
99	18	146	0	39	0	189	0	98	12	
16	16	17	35	37	0	57	234	176	13	
0	24	22	16	42	76	269	17	26	109	
6	2	3	32	24	42	92	240	76	84	
18	40	29	25	68	16	50	227	34	94	
28	1	68	17	60	4	53	226	42	102	
42	56	32	50	17	8	21	234	0	141	
60	4	11	58	15	46	74	198	34	101	
57	33	16	7	7	35	64	66	97	219	
8	9	2	8	8	44	82	229	43	168	
72	4	19	12	24	11	113	235	68	43	
25	37	16	37	120	44	64	58	80	120	
0	85	22	25	38	43	201	69	36	82	
55	28	16	5	17	41	62	228	80	69	
8	0	37	25	57	30	125	30	84	205	
57	37	32	5	7	35	70	223	82	53	 ***
66	145	36	46	20	8	0	178	49	53	
42	63	0	19	64	2	0	10	164	237	
2	4	50	27	28	28	54	232	16	160	
131	10	50	0	25	59	62	78	186	0	
55	13	141	6	6	33	62	147	80	58	
32	7	45	76	7	37	227	32	64	74	
8	13	32	22	23	12	45	231	73	142	

59	48	32	0	10	37	62	69	52	211	
2	18	40	24	11	11	22	36	264	152	
46	17	1	41	8	8	217	165	8	69	
30	36	16	81	8	36	237	49	0	87	
12	10	0	22	44	25	193	49	20	205	
0	54	136	5	25	89	0	50	205	16	
41	21	40	0	25	37	62	219	72	63	
51	21	48	0	31	34	78	217	49	51	
37	32	85	16	22	85	46	198	50	9	
10	30	72	16	0	32	21	199	59	141	
28	25	38	0	2	33	78	74	232	70	
10	43	40	56	17	24	38	230	28	94	
0	14	16	42	24	27	170	237	50	0	
41	21	36	0	6	71	62	218	48	77	
18	20	26	20	40	54	33	19	123	227	
43	17	48	11	22	35	64	215	66	59	 ***
32	42	0	75	16	40	23	235	11	106	
9	33	36	0	7	49	96	84	57	209	
77	22	36	8	10	52	62	217	48	48	
10	37	30	44	43	28	115	230	43	0	
65	17	26	0	11	33	60	250	74	44	
8	0	19	32	14	0	65	179	229	34	
5	16	16	2	54	26	73	243	98	47	
41	33	32	0	23	41	66	219	49	76	
22	17	48	0	44	43	36	207	73	90	
41	17	52	0	27	52	64	56	62	209	
4	28	38	72	60	16	0	85	264	13	
37	12	24	64	143	96	0	0	91	113	
30	20	51	0	30	0	44	32	124	249	
38	24	44	53	35	38	48	199	0	101	
64	50	26	39	36	18	0	218	38	91	

8	10	16	10	56	41	75	228	72	51	
27	16	39	26	12	0	145	28	261	13	
29	10	12	33	84	24	33	91	251	0	
24	34	14	34	15	4	266	142	34	0	
18	8	4	54	10	0	34	20	170	249	
31	24	24	22	1	14	4	46	145	256	
30	8	4	32	34	34	135	0	250	40	
0	2	5	39	26	40	268	108	40	39	
60	13	41	77	81	0	42	55	0	198	
26	42	0	14	0	136	122	168	38	21	
48	43	33	29	48	42	4	229	91	0	
2	9	30	18	35	46	12	214	37	164	
80	52	16	25	50	0	18	203	72	51	
9	14	34	11	22	33	62	241	64	77	
16	1	29	13	36	2	31	212	31	196	
46	0	113	0	10	20	66	108	25	179	
142	13	13	28	25	42	27	205	68	4	
20	18	0	20	66	28	46	214	124	31	
9	17	26	10	23	37	64	113	72	196	
12	27	54	10	60	35	46	210	113	0	
28	29	10	35	29	19	112	235	34	36	
117	68	29	43	55	62	0	0	61	132	
23	25	78	28	14	0	79	246	44	30	
28	12	19	16	36	27	21	107	52	249	
16	18	17	12	28	22	259	36	34	125	
39	22	5	21	20	16	20	262	16	146	
76	20	16	12	24	0	73	205	24	117	
26	65	40	34	24	0	42	204	79	53	
12	68	70	27	37	57	12	21	63	200	
4	22	0	12	33	56	37	216	20	167	
11	10	44	12	14	12	22	218	74	150	
0	41	8	37	0	23	159	40	48	211	
28	6	62	40	25	17	0	90	231	68	
13	13	32	14	35	29	62	242	64	63	 ***
12	18	4	7	30	10	68	202	80	136	

18	8	57	46	13	25	216	82	103	0	
17	17	34	19	32	4	14	249	173	9	
10	2	4	44	26	7	28	262	157	28	
44	21	8	20	8	54	46	222	43	102	
12	14	143	25	32	10	98	73	161	0	
37	48	14	0	20	38	23	262	112	14	
3	37	28	0	20	32	121	257	36	34	
26	5	45	24	41	12	123	209	25	58	
22	41	13	11	30	63	0	199	108	81	
137	42	67	0	39	36	32	135	0	80	
7	18	32	16	34	31	74	232	61	63	
12	19	32	6	41	33	74	96	64	191	
12	30	24	3	22	8	2	262	43	162	
11	13	35	6	50	35	66	102	56	194	
36	0	29	0	54	21	89	56	76	207	
7	15	40	6	35	28	62	229	81	65	
13	14	24	6	35	32	71	232	72	69	 ***
8	12	34	10	34	32	66	232	60	80	
1	19	16	47	31	5	143	257	16	33	
12	23	20	15	81	94	20	217	30	56	
64	52	52	28	34	18	17	232	66	5	
11	14	34	14	44	36	64	233	56	62	
58	66	25	21	33	34	4	229	98	0	
56	26	50	44	22	113	171	37	49	0	
10	44	35	43	0	86	221	49	80	0	
19	53	24	27	7	17	96	205	25	95	
43	96	70	54	10	39	30	187	39	0	
80	44	9	56	24	9	58	199	16	73	
11	12	32	8	64	49	63	230	36	63	
2	8	29	37	40	33	128	243	20	28	
5	0	30	14	60	14	141	247	20	37	
14	14	14	4	2	29	8	236	35	212	
17	28	2	20	15	12	33	72	112	257	
17	16	34	6	44	33	77	84	58	199	
54	50	14	36	11	25	60	245	0	73	
75	64	0	48	11	18	53	223	22	54	
9	17	32	18	35	53	62	80	64	198	
32	19	13	110	92	54	43	165	40	0	
7	20	34	9	34	54	62	88	64	196	

17	38	16	147	30	37	52	74	226	17	
7	0	61	10	14	20	225	234	50	33	
13	20	25	6	62	30	106	133	55	204	
90	26	16	69	18	82	0	250	68	35	
28	59	13	25	22	27	58	262	142	18	
26	93	69	1	131	131	42	161	0	0	
15	2	20	34	45	12	46	281	57	142	
19	163	41	22	9	22	52	206	0	120	
4	172	5	0	32	26	140	217	36	22	
31	0	84	15	32	36	138	230	10	78	
36	16	0	32	21	20	20	215	24	270	
4	60	22	12	159	75	65	236	21	0	
9	32	80	12	27	24	32	16	138	284	
28	36	12	49	36	4	40	281	4	164	
21	27	4	8	31	28	125	302	55	53	
16	30	46	3	52	23	240	22	222	0	
168	23	90	82	0	5	76	7	0	203	
22	4	53	55	65	21	0	251	28	155	
16	112	32	24	109	30	72	244	4	11	
12	4	19	22	68	29	82	242	64	112	
113	40	0	26	33	44	80	215	54	49	
85	44	16	10	26	0	64	35	84	290	
26	45	92	13	84	26	0	222	122	24	
0	32	122	86	34	8	278	16	45	33	
9	141	36	33	24	0	8	256	139	8	
38	4	24	10	40	61	58	282	40	97	
41	27	20	43	62	13	52	265	28	103	
13	2	19	22	59	22	36	245	114	122	
15	14	18	6	55	41	131	92	54	228	
61	25	89	147	45	47	54	186	0	0	
53	4	82	28	0	38	95	237	28	89	
45	21	18	6	32	30	127	235	63	77	 ***
18	4	33	15	64	38	56	125	48	253	

17	119	62	99	126	21	59	0	0	214	
4	41	18	5	14	84	137	0	216	198	
48	23	34	12	104	43	119	203	97	34	
58	18	18	28	32	25	87	241	40	170	
42	23	22	35	34	22	134	211	82	112	
42	20	75	4	80	22	136	207	65	66	
44	72	18	14	91	58	38	210	89	83	
1	104	8	69	16	139	76	0	260	44	
2	38	62	24	8	20	129	188	18	228	
19	46	44	42	77	46	36	252	0	155	
52	104	62	50	65	2	247	122	13	0	
13	31	20	0	104	48	35	218	56	192	
22	68	4	119	83	16	229	0	19	157	
0	119	94	59	89	44	14	84	0	214	
31	38	12	21	2	131	61	184	237	0	
94	20	57	6	36	22	126	211	70	75	 ***
62	36	20	0	51	49	90	204	49	156	
42	56	45	26	32	25	119	207	37	128	
42	20	23	13	60	52	144	207	49	107	
57	21	18	9	48	18	162	169	65	150	
42	48	20	6	65	34	245	118	73	66	
38	43	18	22	45	0	136	191	55	169	
30	116	44	0	97	0	24	116	224	66	
58	21	57	4	32	34	96	213	41	161	
104	25	4	0	62	99	38	145	240	0	
4	32	16	8	32	0	289	214	56	66	
0	72	10	75	64	21	17	230	22	206	

134	64	0	3	94	4	36	36	48	303	
90	20	47	8	32	22	164	223	46	70	
12	8	34	20	10	32	70	328	43	165	
21	78	34	16	0	73	146	301	21	32	
0	39	84	38	39	15	57	224	64	162	
85	20	41	4	38	22	124	119	235	34	
79	20	41	0	38	24	138	230	78	74	
20	5	29	56	11	22	77	232	60	210	
148	0	107	49	0	73	27	208	34	76	
78	20	94	4	28	46	80	216	78	78	
18	68	103	6	77	32	68	306	16	28	
78	20	45	8	34	24	245	124	78	66	
78	20	45	6	34	18	203	158	126	34	
51	111	5	120	98	97	229	0	11	0	
78	20	53	2	28	21	86	222	78	134	
0	0	40	23	105	10	50	343	20	131	
59	170	20	0	74	14	74	0	87	224	
4	0	30	2	32	0	296	125	3	230	
82	16	137	6	28	21	85	149	70	128	
78	20	49	10	28	22	82	215	78	140	 ***

64	80	96	0	14	46	75	22	0	291	
62	16	45	34	105	19	26	112	106	163	
96	16	37	11	20	5	32	223	60	188	
32	4	52	0	58	18	150	322	52	0	
63	18	40	10	18	109	40	214	66	110	
62	24	39	27	44	17	42	203	158	72	
94	16	39	10	17	25	38	213	150	86	 ***
20	0	48	70	40	6	40	308	64	92	
23	0	24	0	92	10	186	332	0	21	
60	0	35	74	24	77	34	316	68	0	
32	8	48	46	64	2	90	304	50	44	
2	26	64	44	50	0	0	342	148	12	
62	18	74	105	36	0	151	127	44	71	
62	16	37	45	12	53	101	112	30	220	
0	145	24	22	26	14	143	270	0	44	
0	32	8	46	18	4	80	287	36	177	
78	16	72	105	12	17	143	135	30	80	
0	56	0	14	10	0	92	270	38	208	
32	28	24	46	36	2	52	324	144	0	
64	16	37	10	45	21	109	147	30	209	
24	32	158	20	0	18	0	310	81	45	
70	16	67	50	12	0	246	144	23	60	
62	16	37	60	49	19	135	203	29	78	
2	24	48	62	42	0	16	325	131	38	
46	0	48	3	50	44	0	329	118	50	
110	32	108	6	21	0	21	174	76	140	

14	12	60	16	48	64	0	299	134	32	
94	16	22	10	21	24	142	202	54	94	
94	17	22	10	17	24	102	140	59	194	
21	92	92	2	12	8	14	279	85	74	
94	16	22	14	19	32	42	144	105	191	
8	6	4	6	96	80	108	295	20	56	
94	17	22	10	17	24	62	209	89	135	
114	4	52	44	34	0	16	275	100	40	
94	16	22	10	17	24	86	219	62	129	
94	17	42	10	17	24	44	211	150	70	 ***
19	16	66	8	28	28	34	310	140	30	
117	17	22	10	28	24	42	202	147	70	
112	17	22	10	21	32	42	202	151	70	
12	20	12	52	80	4	127	271	19	82	
64	69	0	98	0	38	78	298	34	0	
101	17	22	10	17	24	46	202	114	126	
102	16	22	10	17	24	212	152	54	70	
38	48	8	32	26	101	36	6	309	75	
96	32	22	10	21	24	143	207	54	70	
94	17	22	10	17	24	102	203	55	135	
60	32	0	0	13	44	35	279	138	78	
98	16	22	10	23	40	132	209	59	70	
94	17	22	14	25	24	40	144	106	193	
2	88	38	0	0	2	136	283	78	52	
0	66	41	78	0	0	292	92	58	52	
0	31	42	16	88	0	285	201	16	0	
94	16	22	10	25	9	50	145	91	217	
88	127	38	4	16	24	43	281	38	20	
12	80	14	0	16	76	40	286	121	34	
102	18	22	10	17	24	46	209	161	70	
94	16	22	10	21	40	93	131	61	191	

42	11	113	34	50	19	67	200	71	47	
24	36	20	6	77	56	40	134	261	0	
48	91	6	0	46	0	172	187	70	34	
120	2	84	6	49	18	129	178	42	26	 ***
0	52	28	0	58	102	0	37	96	281	
9	74	82	50	14	24	26	185	156	34	
60	0	79	10	21	48	56	184	63	133	
88	0	58	47	48	0	52	119	173	69	
0	8	3	88	68	8	12	277	132	58	
88	0	84	42	17	98	77	118	110	20	
5	40	68	42	46	4	44	283	16	106	
88	2	48	10	21	98	150	133	82	22	
122	8	38	10	17	4	64	176	176	39	
92	98	0	36	4	0	0	311	77	36	
38	18	13	6	120	0	253	117	69	20	
32	28	42	40	44	2	210	170	46	40	
88	0	48	46	51	0	32	99	178	112	
80	36	1	88	2	96	25	256	70	0	
127	0	42	13	17	0	144	99	42	170	
40	0	66	36	76	0	263	0	154	19	
102	0	74	10	17	99	185	101	42	24	
99	0	72	82	17	0	144	174	44	22	
20	12	34	66	2	36	40	266	34	144	
88	66	109	22	17	0	44	176	50	82	
129	0	46	54	17	0	36	176	44	152	
34	2	0	0	24	76	210	0	247	61	
54	0	41	34	10	40	226	127	97	25	
0	40	7	32	48	68	48	295	20	96	
64	38	49	22	88	1	53	145	130	64	
40	54	52	20	14	12	201	249	12	0	

48	4	34	0	40	18	258	65	40	53	
4	36	112	89	0	0	8	291	20	0	
0	20	4	0	0	50	120	294	72	0	
8	0	0	0	122	0	0	112	318	0	
48	2	30	8	40	2	251	63	58	58	
102	26	16	34	0	32	67	283	0	0	
82	2	30	4	44	2	251	65	42	38	
48	2	30	4	52	2	20	231	40	131	
10	64	0	0	0	20	277	125	32	32	
48	2	30	4	47	2	26	194	40	167	
147	0	48	6	0	0	0	263	0	96	
32	2	38	4	36	4	62	63	40	279	
173	36	4	0	0	9	0	0	191	147	
48	0	0	0	2	0	36	324	0	150	
44	0	2	52	4	0	123	323	12	0	
48	2	30	16	48	2	265	67	44	38	 ***
0	0	0	4	0	8	158	320	36	34	
0	0	0	50	0	100	32	294	10	74	

0	10	8	104	0	68	310	0	0	168	
64	2	32	29	36	4	290	67	80	64	 ***
0	0	8	12	48	70	241	145	68	76	
12	32	17	80	4	46	241	0	218	18	
4	84	0	66	0	54	241	147	36	36	
64	2	61	54	68	42	285	40	28	24	
56	48	68	0	0	32	256	102	53	53	
68	32	0	12	8	15	256	69	96	112	
0	36	12	36	50	0	243	48	147	96	
44	8	34	0	8	0	0	104	253	217	
2	8	28	4	32	34	230	100	217	13	
40	17	52	0	0	0	297	82	24	156	
4	34	34	0	0	44	236	88	64	164	
40	10	28	12	69	34	281	94	72	28	
82	56	68	68	3	50	301	0	40	0	
12	0	90	60	0	0	273	97	12	124	
32	38	108	20	33	0	249	94	74	20	
50	43	20	0	48	0	284	40	133	50	
36	2	28	16	72	4	293	77	20	120	
32	10	29	25	36	6	302	124	76	28	
44	0	32	12	8	22	182	32	234	102	

40	155	48	0	84	0	234	40	3	109	
76	0	19	100	0	34	184	34	0	266	
5	8	38	72	38	16	269	68	76	123	
42	64	77	6	0	0	125	76	0	323	
34	56	163	59	0	67	82	208	44	0	
64	32	37	0	32	34	268	44	128	74	
40	69	0	0	32	0	224	92	88	168	
64	8	50	26	68	0	282	45	82	88	
40	0	64	0	32	92	283	164	38	0	
110	86	36	33	0	36	81	0	259	72	
68	2	44	20	42	33	282	38	88	96	
96	33	16	20	32	12	275	65	100	64	
0	21	49	16	0	126	195	64	104	138	
70	64	42	20	133	4	242	0	36	102	
13	10	0	40	0	68	284	3	172	123	
104	81	0	66	4	115	0	267	0	76	
0	32	14	44	96	108	0	97	32	290	
81	70	36	90	0	32	288	68	48	0	
52	80	37	10	0	53	85	268	128	0	
34	143	75	0	52	34	0	0	223	152	
78	73	0	80	4	36	191	36	16	199	
64	0	54	39	32	2	282	104	80	56	 ***
72	68	68	56	10	0	281	32	75	51	
80	82	40	32	124	0	64	32	72	187	
0	53	98	32	36	0	278	18	88	110	
70	34	5	32	64	46	264	97	66	35	
64	4	14	20	64	2	282	99	106	58	
38	67	40	56	44	40	275	0	72	81	
126	0	64	9	40	0	230	109	0	135	
0	32	44	13	72	76	264	33	72	107	
48	12	8	16	44	46	282	49	140	68	
44	132	4	48	4	44	262	0	100	75	
94	0	42	44	74	39	0	258	86	76	
0	95	0	1	32	88	192	0	53	252	
68	74	36	61	5	36	307	44	82	0	
3	132	0	8	40	0	44	71	121	294	
64	0	20	29	71	0	301	100	70	58	
40	43	36	56	0	53	271	68	1	145	
80	66	64	0	32	68	148	0	255	0	
64	0	14	29	98	34	282	40	92	60	
68	0	22	133	36	0	254	64	72	64	
0	32	30	68	9	20	268	149	41	96	
24	0	7	34	36	68	321	53	90	80	
43	3	50	0	48	1	267	164	69	68	

49	0	42	35	38	8	286	110	62	52	 ***
29	0	112	69	0	52	268	24	128	0	
9	0	34	32	0	176	0	245	40	146	
32	0	52	34	6	0	245	24	64	225	
4	0	34	0	72	50	302	82	8	130	
25	4	38	18	32	0	343	128	40	54	
64	0	38	32	80	141	230	0	40	57	
0	42	48	66	36	0	290	79	99	22	
0	0	55	18	98	16	300	97	40	58	
0	171	65	0	42	8	270	126	0	0	
64	0	22	50	32	42	297	175	0	0	
0	64	0	16	144	80	0	96	32	250	
114	2	36	64	60	72	233	0	101	0	
28	64	1	0	60	2	295	64	32	136	
11	0	0	0	12	100	223	218	56	62	
0	10	51	80	101	8	270	0	28	134	
72	67	0	66	150	90	0	237	0	0	
0	0	42	35	56	4	280	118	60	87	
56	34	32	36	0	0	307	204	0	13	
8	0	80	2	0	64	160	14	16	338	
76	36	6	39	114	64	304	0	43	0	
8	0	50	38	32	0	309	76	40	129	
3	22	2	0	34	32	306	223	32	28	
16	2	68	19	32	0	343	104	46	52	
34	36	75	24	0	0	273	83	85	72	
16	0	48	33	36	0	349	100	40	60	
8	0	4	32	0	84	274	116	88	76	
0	12	32	12	109	41	304	140	32	0	
102	32	37	68	0	96	299	0	16	32	

0	82	6	10	16	107	290	55	29	48	
50	0	36	29	38	16	297	80	49	48	
48	8	98	17	38	18	265	82	37	32	
122	4	0	0	0	20	267	44	118	68	
8	148	96	0	0	145	223	23	0	0	
48	0	36	19	38	8	284	91	71	48	
32	0	102	0	144	6	84	0	275	0	
0	64	40	0	0	12	38	290	199	0	
0	40	8	0	44	0	213	252	86	0	
56	6	38	19	38	24	298	72	56	36	 ***
50	36	0	44	84	8	290	82	41	8	
49	0	38	25	38	24	298	81	33	57	
18	74	42	43	0	16	278	48	60	64	
70	0	45	17	54	10	298	80	37	32	
0	12	56	64	8	0	219	0	268	16	
115	54	106	8	0	0	254	0	54	52	
8	24	36	17	42	8	298	79	91	40	
0	64	8	16	8	8	329	0	86	124	
0	149	0	8	98	38	136	0	0	214	
10	48	0	60	2	0	312	42	0	169	
0	60	40	0	0	3	290	45	205	0	
24	4	24	40	16	0	326	0	161	48	
48	2	36	25	58	8	298	89	45	34	
8	108	0	0	68	0	323	0	32	104	
0	24	0	0	14	40	238	32	259	36	

24	0	72	10	6	48	162	320	56	16	
44	34	94	0	149	6	0	140	247	0	
16	8	2	82	44	32	288	24	208	10	
24	64	74	36	42	26	268	108	72	0	
0	8	9	50	64	0	198	100	285	0	
8	36	51	34	22	50	231	200	69	13	
4	46	38	56	76	24	274	0	196	0	
30	9	76	19	38	24	321	100	57	40	 ***
45	134	44	0	12	0	295	0	92	92	
18	22	62	24	4	36	238	80	125	105	
47	32	12	4	52	74	272	8	173	40	
44	0	0	88	14	6	222	284	0	56	
8	0	8	145	0	96	279	0	26	152	
42	6	118	42	10	77	265	106	48	0	
11	8	40	11	124	75	244	0	89	112	
40	64	28	40	8	62	267	38	103	64	
30	0	38	0	14	75	272	109	96	80	
28	5	40	19	42	26	305	104	98	47	
32	16	14	10	63	36	244	10	225	64	
7	43	18	0	37	78	297	90	64	80	
148	16	64	0	0	92	263	97	34	0	
56	12	72	22	0	0	12	242	298	0	
29	6	38	39	44	26	310	91	67	64	
10	64	8	4	168	92	300	0	0	68	
8	42	33	24	92	40	260	0	69	146	
122	136	0	8	0	0	254	12	134	48	
4	10	96	16	38	0	284	242	16	8	
109	4	48	1	0	44	276	0	82	150	
83	0	68	9	18	8	305	88	69	66	
46	48	41	82	40	0	279	50	128	0	
100	34	60	0	46	34	0	178	262	0	
0	26	112	0	41	34	295	50	94	62	
103	12	78	8	64	30	257	52	74	36	
91	4	38	16	36	57	308	73	59	32	
56	20	55	19	40	32	291	104	57	40	
8	4	18	92	68	42	270	78	134	0	
12	0	8	2	32	42	277	150	0	191	
122	8	54	11	108	9	264	4	58	76	
0	40	3	17	72	0	293	99	108	82	
37	29	82	16	0	52	218	104	136	40	
26	2	5	32	74	52	260	56	95	112	

117	46	28	144	58	34	248	0	0	93	
30	5	74	21	46	56	295	97	92	52	
94	5	100	50	38	24	295	90	24	48	
114	44	89	34	0	51	231	124	0	81	
130	56	32	0	2	6	28	128	109	277	
30	39	91	18	38	24	319	101	57	51	
49	0	32	34	54	32	85	12	227	243	
53	8	44	74	135	56	290	0	67	41	
38	0	36	148	0	41	265	46	82	112	
2	69	8	0	31	52	258	56	146	146	
54	40	134	58	96	73	44	0	269	0	
34	12	51	0	103	83	29	0	258	198	
30	5	74	33	79	24	299	72	88	64	
127	0	48	32	76	48	224	42	0	171	
4	88	62	64	26	128	267	64	65	0	
72	2	57	34	60	84	228	2	188	41	
84	64	20	107	0	65	217	36	127	48	
30	5	74	38	70	32	295	120	72	32	
34	85	150	0	32	0	266	0	76	125	
4	8	34	1	96	12	285	82	50	196	
62	5	74	66	38	65	307	72	44	35	
58	32	171	16	0	118	244	48	15	66	
31	37	74	18	38	34	307	80	57	92	
48	100	32	20	0	42	266	114	64	82	
81	2	82	72	0	55	28	112	282	54	
30	13	90	18	40	24	307	138	76	32	
0	96	0	8	2	56	205	97	258	46	
0	37	136	0	96	64	72	34	261	68	
57	0	53	32	28	32	48	294	167	57	
32	85	12	123	66	46	278	80	46	0	
3	8	12	40	72	56	236	48	243	50	
64	65	45	39	64	0	277	54	103	57	
31	5	74	49	46	24	111	225	94	109	
39	5	90	50	38	72	291	73	78	32	
32	21	74	18	40	24	295	160	40	64	
34	89	36	64	32	50	251	98	75	39	
31	69	74	38	38	24	299	104	55	36	 ***
77	105	124	1	2	24	221	50	164	0	
76	80	112	64	40	0	263	80	13	40	
32	4	96	34	52	88	235	10	217	0	
1	41	66	70	18	84	207	8	20	253	
44	114	65	54	3	40	24	296	128	0	
96	2	0	77	38	34	268	98	113	42	
30	5	74	16	54	24	295	89	108	73	
62	92	69	42	24	2	267	98	112	0	

