#9035.88	24617	29325	0	0	 94 
#9624.15	22587	29325	0	0	 80 
#10221.5	21762	29325	0	0	 54 ***
#9008.66	26385	29325	0	0	 45 
#8191.34	27777	29325	0	0	 45 
#9419.37	23595	29325	0	0	 29 

8231.24	19011	25246	82	3059	 98 
7833.26	21889	25246	85	2925	 98 
8679.43	18939	25246	52	2459	 94 
8422.34	20889	25246	39	2447	 94 
9005.21	15267	25246	81	2468	 93 
10093.8	16711	25246	10	387	 93 ***
8211.28	23251	25246	79	2653	 89 
10091.7	17902	25246	33	2119	 89 
10098.2	16131	25246	42	2472	 89 
8875.25	17873	25246	79	2862	 89 
9278.59	18188	25246	41	2552	 81 
10080.9	17211	25246	35	2268	 79 
10091.8	20173	25246	18	313	 70 
10092.3	17723	25246	21	507	 63 
9293.06	18032	25246	61	2586	 43 
8419.97	17135	25246	81	3009	 43 
10090	21390	25246	34	709	 40 
10092.4	19460	25246	14	408	 35 
8421.56	21252	25246	80	2800	 34 
10090.3	21871	25246	31	675	 32 
10090.8	19721	25246	22	564	 27 
10082.1	16992	25246	40	886	 21 
8303.57	22578	25246	69	2124	 18 
8902.43	18919	25246	76	2525	 12 
10081.4	15877	25246	45	908	 3 

8959.79	19530	26494	46	2106	 94 
10139.8	18939	26494	13	230	 90 
10130	16694	26494	35	952	 87 
9328.85	19360	26494	72	2473	 81 
9542.37	16025	26494	78	2308	 72 
9064.55	18560	26494	82	2594	 72 
9076.89	17462	26494	79	2782	 70 
9342.72	18591	26494	53	2356	 68 
10139.8	19261	26494	12	230	 67 
9053.88	20533	26494	45	2036	 61 
9068.95	19131	26494	76	2701	 61 
8959.96	18788	26494	82	2885	 59 
8932.02	20045	26494	70	2251	 58 
8949.55	18813	26494	83	2599	 55 
10141.4	16064	26494	3	49	 52 ***
9070.04	17118	26494	83	2706	 49 
9062.39	20358	26494	41	1704	 45 
9554.84	16627	26494	45	2484	 44 
10144	15908	26494	4	109	 40 
10144.7	15110	26494	8	506	 27 
8972.1	19071	26494	81	2935	 26 
9059.29	18894	26494	81	2560	 25 
9529.12	16821	26494	81	2831	 20 
8548.74	20891	26494	61	2762	 20 
9532.13	18356	26494	45	2395	 19 
9346.97	18915	26494	47	2123	 17 
9541.5	17357	26494	33	1270	 17 
9335.76	18940	26494	18	1202	 11 
9330.75	18399	26494	62	2570	 7 
8455.81	20213	26494	65	2425	 7 

10278.7	14332	29672	70	2390	 99 
10263.6	16298	29672	20	573	 96 
10265.1	14638	29672	72	2355	 93 
10264.9	14483	29672	75	2521	 92 
10264.7	15375	29672	6	159	 92 
9058.13	14666	29672	77	2822	 91 
9478.05	14114	29672	78	2914	 86 
10260.7	18519	29672	23	822	 84 
10256.9	15307	29672	27	911	 76 
9465.3	15483	29672	27	1308	 73 
10265.5	15109	29672	5	99	 72 
10289.4	13675	29672	38	1589	 71 
8406.03	18215	29672	48	2298	 70 
9457.21	15873	29672	38	1576	 66 
9686.72	14703	29672	75	2418	 66 
8297.67	19400	29672	56	2511	 65 
8016.21	16105	29672	75	2819	 64 
8479.38	16223	29672	73	2803	 64 
10279.5	14302	29672	75	2491	 62 
8853.38	16798	29672	46	2046	 62 
10265.6	14403	29672	76	2853	 62 
10273.4	14446	29672	71	2497	 61 
8408.86	14974	29672	77	2858	 58 
9194.14	15554	29672	74	2781	 56 
10267.6	13567	29672	76	2618	 54 
9457.52	14762	29672	40	2086	 50 
10286.3	14719	29672	32	1773	 42 
9088.08	15865	29672	41	2201	 37 
9072.86	17331	29672	39	1872	 33 
10264.1	17664	29672	11	905	 33 
9076.19	16593	29672	35	1912	 32 
10271.4	14578	29672	34	2128	 30 
10278.2	14404	29672	74	2701	 23 
10270.6	17111	29672	4	267	 22 ***
9202.98	14728	29672	44	1953	 21 
9663	14695	29672	76	2616	 18 
9664.07	15387	29672	33	1666	 13 
10264.5	15191	29672	35	743	 11 
10258.3	16798	29672	25	598	 8 
9206.84	16356	29672	39	1820	 7 
10280.4	14250	29672	33	1965	 5 

10116.7	10476	29293	35	1738	 100 
9515.62	13719	29293	31	957	 96 
9317.54	10551	29293	32	1867	 95 
7882.21	13365	29293	43	2034	 89 
9525.48	13988	29293	9	270	 86 
8228.07	13916	29293	42	2077	 84 
9526.84	13439	29293	30	836	 80 
8434.6	12519	29293	40	1762	 69 
10131.8	12034	29293	29	1785	 69 
9526.69	13479	29293	30	839	 68 
7889.7	11075	29293	67	2439	 65 
10129.2	13282	29293	6	388	 64 ***
8227.58	10982	29293	66	2246	 58 
9553.92	9618	29293	67	2608	 56 
9534.34	12379	29293	31	1014	 53 
7861	13210	29293	63	2295	 52 
7630.93	13283	29293	69	2664	 52 
8712.21	10786	29293	61	2428	 51 
9535.4	12307	29293	30	999	 48 
9047.46	9733	29293	66	2439	 47 
8446.57	11406	29293	33	1623	 35 
10133.6	11949	29293	31	1596	 30 
9061.94	11233	29293	40	2090	 26 
8229.17	10456	29293	69	2249	 26 
9531.67	13279	29293	31	1003	 26 
8338.4	13522	29293	37	1806	 17 
9522.87	16865	29293	30	793	 16 
9527.51	13520	29293	11	378	 12 

8344.57	11130	27923	32	1603	 95 
10021.5	15247	27923	7	266	 93 
9431.26	13429	27923	28	1068	 77 
8415.9	10005	27923	63	2161	 75 
9218.33	10387	27923	58	1945	 75 
10018.7	13728	27923	19	586	 74 
7751.94	11877	27923	33	1414	 61 
10025.7	9913	27923	65	2394	 61 
10022.1	12529	27923	6	221	 60 
10021.7	13255	27923	4	84	 51 ***
8953.65	11576	27923	30	1226	 49 
8136.9	11743	27923	62	2329	 42 
10025.8	12912	27923	4	191	 31 
10024.3	10915	27923	35	1774	 28 
8842.78	15433	27923	30	1314	 25 
10046.2	12209	27923	29	1462	 13 
8232.62	11818	27923	33	1562	 10 
10019.7	9993	27923	62	2100	 7 

7586.27	10846	23299	64	2392	 100 
7968.94	9525	23299	65	1980	 95 
8668.25	11460	23299	34	1514	 91 
7692.13	12057	23299	63	2343	 89 
9056.05	9498	23299	64	2179	 88 
8657.59	11307	23299	40	1835	 88 
7968.35	11569	23299	35	1233	 83 
9044.66	10714	23299	31	859	 83 
9045.06	10825	23299	30	863	 80 
7840.09	11205	23299	58	1952	 77 
8451.4	9490	23299	66	2217	 77 
9037.9	12687	23299	23	723	 77 
9043.25	10461	23299	33	1727	 76 
7101.34	9175	23299	67	2461	 74 
9046.37	11524	23299	2	130	 71 
8773.59	10346	23299	49	1660	 64 
7698.47	11637	23299	63	2248	 60 
9865.54	10179	23299	43	1978	 58 
9045.81	11723	23299	3	191	 53 
7985.15	10451	23299	43	1758	 47 
9046.33	10970	23299	10	394	 47 
8778.73	11332	23299	32	1232	 39 
9253.85	9461	23299	66	2415	 39 
8780.41	10264	23299	48	2013	 37 
9041.4	10196	23299	35	1957	 36 
9045.11	11846	23299	7	161	 32 
7875.76	12925	23299	41	1825	 27 
7597.69	12439	23299	42	1941	 26 
9856.08	11368	23299	2	126	 24 ***
9037.68	13069	23299	27	971	 23 
7959.53	9529	23299	55	2054	 20 
8063.53	12012	23299	34	1429	 19 
9057.93	10825	23299	13	591	 17 
8190.93	10412	23299	43	1972	 13 
9046.35	11439	23299	5	206	 9 
9254.2	8506	23299	51	1994	 5 
9037.52	11854	23299	29	818	 3 

9825.29	13912	22329	26	1092	 95 
9837.39	12459	22329	12	773	 93 
9833.73	12728	22329	5	457	 91 
9234.49	10261	22329	29	740	 86 
9833.35	12032	22329	25	626	 82 
7822.15	11415	22329	50	1824	 80 
8430.1	11339	22329	41	1682	 74 
7232.94	11939	22329	35	1775	 69 
7560.88	10404	22329	51	2236	 61 
8042.07	11798	22329	33	1398	 54 
8647.19	11456	22329	30	1430	 48 
9834.47	12480	22329	13	404	 48 
9837.52	12080	22329	4	385	 43 ***
9828.42	12042	22329	24	891	 34 
9842.29	11549	22329	18	759	 33 
9233.33	11432	22329	33	991	 32 
9046.76	11273	22329	46	1926	 29 
9028.01	14412	22329	14	531	 25 
9827.54	13374	22329	25	1009	 19 

9045.04	14919	26894	46	1884	 100 
8699.26	14613	26894	61	1679	 100 
9338.14	15278	26894	36	1766	 99 
9057.35	14984	26894	42	1539	 95 
9023.19	14307	26894	65	2046	 94 
9512.88	13961	26894	37	1518	 92 
10108.6	17271	26894	28	774	 91 
8935.39	15301	26894	41	1727	 87 
9032.14	13971	26894	62	1732	 87 
10111.7	14955	26894	36	1361	 84 
9311.14	13663	26894	67	2357	 83 
9315.31	14208	26894	38	1511	 80 
10127.9	13483	26894	65	2091	 76 
10128.8	13253	26894	65	2305	 74 
10122.6	14715	26894	6	466	 73 
9522.05	13819	26894	58	2145	 71 
9316.21	13775	26894	66	2183	 68 
8256.01	16008	26894	52	1795	 59 
8943.1	14332	26894	60	2034	 56 
10118.6	14098	26894	31	1210	 56 
8947.7	15736	26894	37	1688	 47 
10115.6	13512	26894	62	1798	 42 
10117.6	15113	26894	4	382	 41 
10112.1	16018	26894	24	1008	 40 
8234.84	14447	26894	63	2204	 39 
10120.4	13635	26894	53	1826	 37 
7857.7	14787	26894	60	2141	 35 
10130.3	14672	26894	4	314	 35 ***
8946.52	14542	26894	58	2037	 34 
10123.1	13839	26894	47	1875	 30 
10112.3	14916	26894	34	1394	 30 
9508.08	14015	26894	42	1852	 23 
10116.8	14451	26894	10	547	 23 
9322.79	14057	26894	59	1934	 23 
10113	15120	26894	29	1105	 18 
10111.1	15743	26894	30	1073	 17 
10123.2	14250	26894	6	359	 16 
8451.62	15776	26894	43	1746	 15 
10115.2	14493	26894	27	867	 11 
10126.8	13737	26894	40	1583	 8 
10116.8	15868	26894	11	519	 5 

9924.36	12169	24404	20	767	 100 
9912.64	12237	24404	44	2097	 93 
9921.04	13320	24404	16	561	 84 
9912.73	13031	24404	28	1184	 80 
8507.22	12081	24404	65	2507	 78 
8720.09	12642	24404	45	2068	 68 
9918.35	11896	24404	44	1925	 65 
8728.82	11861	24404	64	2314	 61 
8728.28	12380	24404	44	1824	 61 
9924.35	12374	24404	13	570	 60 ***
8731.39	12252	24404	54	2294	 58 
9318.56	12630	24404	41	1704	 57 
9314.63	12053	24404	45	2163	 53 
8719.12	12735	24404	59	2210	 51 
9921.88	12641	24404	23	536	 47 
9926.46	11966	24404	38	1515	 46 
9310.34	12284	24404	48	2071	 43 
8740.24	11160	24404	50	1832	 43 
8503.75	12443	24404	60	2332	 41 
9913.77	12283	24404	33	1011	 36 
9919.3	11288	24404	48	2192	 33 
9918.33	12167	24404	43	2047	 31 
9921.52	11624	24404	46	1814	 30 
9923.8	11519	24404	40	1909	 28 
9915.13	12626	24404	24	766	 24 
9916.86	11995	24404	47	2107	 23 
8712.32	12846	24404	50	2191	 22 
9923.2	12471	24404	28	887	 21 
9926.99	11307	24404	45	2194	 18 
9921.39	12077	24404	41	1619	 18 
9922.29	12072	24404	31	965	 17 
7664.38	12929	24404	62	2376	 14 
8844.06	12383	24404	42	1899	 11 
8731.17	12312	24404	44	1627	 7 
8827.09	10805	24404	66	2673	 7 
8725.89	11977	24404	63	2527	 1 

8789.84	13236	24831	40	1327	 93 
7870.76	14421	24831	51	1765	 93 
9890.27	11948	24831	43	1638	 91 
9269	12362	24831	44	1836	 90 
8251.33	13621	24831	56	1767	 86 
9869.11	14064	24831	25	718	 86 
7871.18	13960	24831	59	1891	 84 
9868.93	14114	24831	32	1217	 84 
9869.16	12793	24831	40	1403	 82 
8253.87	13582	24831	56	1801	 82 
8212.43	13384	24831	63	2151	 81 
9874.56	13478	24831	26	671	 72 
9870.26	13798	24831	37	1326	 70 
9887.06	11832	24831	51	1779	 67 
9063.4	13419	24831	39	1388	 67 
8685.8	13826	24831	42	1503	 53 
8791.42	13699	24831	39	1258	 44 
9289.43	14805	24831	32	1226	 44 
9069.16	12932	24831	38	1311	 41 
8196.19	14021	24831	58	1918	 40 
9880.39	13494	24831	8	461	 36 ***
8469.09	12456	24831	44	1825	 33 
9875.08	13178	24831	14	456	 28 
9868.73	11980	24831	41	1709	 21 
9902.22	11703	24831	59	1882	 19 
7619.38	13844	24831	64	2234	 16 
9863.81	12200	24831	59	2098	 14 
9877.31	13939	24831	13	439	 12 
9879.69	12865	24831	16	529	 10 
9872.08	13623	24831	25	655	 5 
7607.07	14761	24831	62	1782	 1 

7963.03	13039	23425	62	1758	 98 
9856.73	12462	23425	64	1917	 89 
8641.01	13303	23425	57	1861	 85 
9241.51	12791	23425	47	1825	 83 
9240.64	13510	23425	42	1633	 81 
9851.42	12993	23425	8	438	 81 
8649.83	12736	23425	58	1857	 75 
9845.14	14744	23425	29	1172	 75 
8646.25	13354	23425	43	1613	 70 
9845.23	13712	23425	39	1406	 60 
8447.9	13414	23425	61	1990	 59 
9854.01	13899	23425	6	145	 59 ***
8763.25	13672	23425	42	1782	 58 
7979.26	14757	23425	60	2185	 58 
9044.76	14287	23425	41	1583	 57 
8648.02	12989	23425	63	2254	 52 
9244.03	12545	23425	59	1874	 48 
9241.6	13143	23425	40	1140	 48 
9844.32	12763	23425	41	1552	 48 
8439.9	15069	23425	58	2117	 48 
8651.75	14787	23425	42	1710	 46 
9840.88	12551	23425	58	1929	 46 
9851.17	13530	23425	30	1145	 44 
7694.82	14695	23425	64	2004	 41 
9846.42	14245	23425	25	1061	 32 
7594.85	15407	23425	61	1979	 24 
8656.23	14534	23425	30	936	 24 
9858.73	12701	23425	52	1687	 21 
9850.9	14163	23425	27	988	 19 
9845.93	14593	23425	25	1058	 18 
9845.45	15553	23425	28	1135	 17 
7702.13	14764	23425	63	2212	 15 
8452.63	14367	23425	45	1767	 10 

9854.44	16247	23944	9	434	 95 
9258.32	17056	23944	42	1208	 87 
7996.07	17370	23944	66	1704	 87 
9845.84	16962	23944	29	1118	 79 
9855.72	16812	23944	7	282	 77 ***
9854.55	15080	23944	12	561	 73 
9843.55	14473	23944	71	2318	 71 
9848.07	17275	23944	27	1084	 68 
8756.7	16824	23944	59	1670	 62 
7974.17	18268	23944	62	1827	 57 
8768.42	17778	23944	48	1877	 55 
9854.04	15633	23944	10	224	 55 
8777.79	16391	23944	51	1645	 53 
8654.71	18055	23944	51	1604	 52 
9847.56	16891	23944	40	1032	 45 
8430.71	16385	23944	67	2033	 43 
9840.32	14902	23944	70	2305	 38 
8659.56	16076	23944	67	1924	 37 
9844.38	17405	23944	24	1038	 37 
8771.58	17135	23944	49	1390	 32 
8655.61	16624	23944	61	1231	 32 
9848.42	16955	23944	27	1073	 28 
9027.29	15003	23944	47	1780	 27 
9844.16	15390	23944	45	1715	 26 
9247.15	15596	23944	43	1735	 23 
8776.07	16845	23944	50	1786	 19 
9848.91	16158	23944	25	1065	 19 
9852.79	15943	23944	23	849	 13 
8760.96	15486	23944	66	2021	 10 
9851.28	16031	23944	10	602	 2 
8776.32	16588	23944	58	1560	 1 

10018.8	14921	25835	47	1562	 98 
8042.96	15810	25835	65	1607	 96 
10034.4	17493	25835	11	450	 95 ***
8846.66	17527	25835	53	1633	 87 
8224.85	15258	25835	63	1577	 87 
10042.7	15232	25835	28	889	 87 
9233.54	15411	25835	17	570	 86 
9221.71	16148	25835	28	1022	 77 
9218.88	16251	25835	27	1029	 73 
9215.58	15218	25835	32	1035	 72 
9429.42	11987	25835	50	1605	 68 
9229.1	14096	25835	58	1453	 66 
8953.36	16025	25835	56	1454	 65 
9215.19	16005	25835	52	1636	 58 
10021.2	13710	25835	47	1389	 56 
10018.8	14560	25835	48	1542	 51 
8854.41	16021	25835	61	1445	 49 
10032.1	16644	25835	15	547	 45 
8840.44	16857	25835	61	1504	 45 
7525.88	11256	25835	69	1931	 42 
10024	13310	25835	45	1347	 42 
8852.83	16467	25835	47	1122	 32 
8963.89	15637	25835	53	1669	 29 
8417.98	14763	25835	65	1721	 27 
10028.2	15275	25835	30	1255	 24 
8835.91	14498	25835	64	1373	 23 
9233.49	14256	25835	56	1377	 22 
8861.73	12759	25835	59	1708	 22 
10025.2	12204	25835	46	1391	 19 
10037.9	17371	25835	12	273	 16 
9222.37	17062	25835	15	522	 15 
10037.1	15197	25835	32	1165	 9 
8838.3	17618	25835	57	1509	 3 

10153.7	17804	27228	50	1668	 94 
10163.6	16587	27228	24	952	 93 
10162.1	17155	27228	14	533	 92 
9547.74	19012	27228	51	1579	 91 
8979.55	17403	27228	59	1793	 90 
10150.6	15963	27228	57	2023	 90 
10162	17467	27228	15	534	 81 
9345.14	16012	27228	68	2217	 79 
10154.3	15973	27228	53	1558	 76 
8974.22	18748	27228	53	1474	 74 
10151.3	18105	27228	22	904	 74 
8976.76	18039	27228	64	2055	 70 
8964.79	18899	27228	64	1828	 63 
9344.29	16701	27228	58	1680	 62 
10148.4	14816	27228	67	2188	 60 
10160.4	18018	27228	13	489	 58 
10151.7	16181	27228	56	1665	 56 
10164.4	17560	27228	13	459	 50 ***
10146.4	16211	27228	56	1716	 49 
10162.4	16924	27228	50	1668	 46 
10160	17684	27228	25	956	 45 
9339.47	17153	27228	52	1542	 44 
10160	18002	27228	22	911	 42 
10159.4	15380	27228	55	1737	 38 
8970.03	16920	27228	67	2181	 35 
9080.68	17598	27228	57	1784	 28 
9537.2	15316	27228	65	2130	 28 
10160.7	17969	27228	15	777	 28 
9352.25	16691	27228	62	1853	 28 
10156.9	18825	27228	21	867	 22 
8155.48	17214	27228	66	2174	 21 
10159.4	15029	27228	59	1660	 21 
10160.2	18305	27228	20	826	 21 
10163.6	14866	27228	65	2092	 19 
10159.3	17203	27228	50	1670	 18 
10142.5	15559	27228	59	1888	 18 
8978.91	17213	27228	62	2120	 17 
9560.18	16863	27228	52	1552	 14 
10165.3	15234	27228	54	1705	 14 
9090.4	16482	27228	64	2125	 11 
9562.84	15638	27228	61	1827	 10 
10147.4	13304	27228	68	2069	 4 
9539.17	16451	27228	55	1691	 3 

10148.8	15393	26361	56	2471	 97 
8368.72	17667	26361	68	2426	 89 
10169.3	18223	26361	17	529	 85 
9351.04	14195	26361	62	2316	 83 
10168.9	17840	26361	18	562	 81 
9566.08	12677	26361	75	2767	 78 
10178	18006	26361	10	491	 57 
10180.4	16800	26361	54	2344	 54 
10177.4	18132	26361	8	232	 54 
10176.6	18137	26361	14	513	 49 
9366.51	13994	26361	62	2264	 47 
10178.7	17827	26361	9	476	 44 
10175.6	18204	26361	6	156	 39 ***
10173.2	18404	26361	16	525	 33 
10203.3	17785	26361	19	571	 30 
10165.5	18332	26361	53	1917	 28 
10181	13684	26361	61	2468	 24 
8274.62	14541	26361	69	1967	 22 
9101.68	17970	26361	55	2151	 14 
10169.1	18586	26361	17	526	 10 
10170.9	18161	26361	17	600	 9 
9370.07	17161	26361	57	2440	 4 
8978.99	15777	26361	59	2539	 2 

10098	13258	28254	46	1934	 93 
8678.47	13160	28254	48	2044	 92 
7291.15	13741	28254	66	2007	 88 
8486.87	13897	28254	50	1965	 88 
8878.08	12231	28254	68	2332	 83 
10092.7	16961	28254	21	534	 83 
7586.5	13042	28254	69	2096	 82 
8227.81	14473	28254	50	2125	 82 
8420.56	12475	28254	55	2149	 79 
10108.6	16451	28254	23	886	 79 
8491.84	13250	28254	50	1995	 76 
10105.2	13854	28254	45	1819	 72 
9290.9	12235	28254	62	1808	 60 
10100.4	12898	28254	47	2029	 59 
10102.9	12702	28254	47	1915	 54 
10094.4	16979	28254	7	50	 53 ***
8691.92	13890	28254	47	1969	 52 
10087	17332	28254	19	500	 52 
9499.75	11769	28254	48	1998	 44 
10090.5	17391	28254	18	487	 34 
9295.2	11822	28254	48	2095	 30 
10093.6	16977	28254	14	509	 28 
7842.81	11076	28254	71	2387	 27 
10091.6	17637	28254	11	200	 27 
9285.07	12743	28254	48	2030	 26 
10112.2	12828	28254	46	1793	 26 
7799.66	12569	28254	63	1680	 25 
9010.42	12452	28254	66	1727	 23 
8206.11	12897	28254	51	2170	 23 
8916.8	13567	28254	47	1995	 22 
8403.57	12496	28254	68	2276	 18 
9294.32	14568	28254	46	1905	 18 
9270.83	11923	28254	66	1585	 16 
10092	17245	28254	21	671	 12 
10107.4	16938	28254	19	846	 6 
10096.7	11662	28254	64	2095	 1 

10074.8	16721	27773	10	157	 100 
8881.55	13275	27773	55	2101	 99 
9271.55	13132	27773	54	1999	 93 
8224.73	13285	27773	58	1946	 90 
10067.3	13648	27773	53	1830	 90 
9481.55	12166	27773	55	2194	 86 
10068	16708	27773	15	475	 85 
8089.71	12683	27773	61	2094	 83 
10076.6	16447	27773	6	26	 77 ***
10069.8	16173	27773	16	439	 75 
9483.08	13662	27773	53	2015	 74 
10087.9	11432	27773	66	2364	 71 
10073.8	16660	27773	15	435	 58 
9273.17	11948	27773	69	2429	 57 
10079.1	16112	27773	22	855	 49 
10080.4	13371	27773	51	2077	 38 
9270.01	12656	27773	56	2070	 37 
8877.65	13672	27773	57	2150	 36 
9009.32	12843	27773	59	2055	 36 
7247.52	12502	27773	67	2113	 33 
10068.9	11764	27773	69	2141	 31 
10067.3	16844	27773	17	600	 31 
10075	16542	27773	8	274	 30 
8389.51	12041	27773	68	2131	 27 
10082.8	12564	27773	54	2182	 24 
10076	16320	27773	12	462	 22 
7391.48	12177	27773	62	2076	 19 
9271.16	13571	27773	54	2057	 13 
8665.95	14247	27773	57	2090	 13 
8177.95	11307	27773	72	2386	 12 
9269.84	12780	27773	58	2083	 11 
8868.16	13792	27773	57	2166	 10 
9275.42	11196	27773	71	2153	 9 
8201.32	13814	27773	59	2187	 5 

9209.04	9901	24667	46	1141	 91 
9418.34	7718	24667	63	1764	 88 
7145.16	11043	24667	64	1981	 79 
7806.37	10626	24667	48	1191	 79 
9429.26	13207	24667	20	663	 77 
10037	13731	24667	16	569	 69 
8341.02	10176	24667	48	1527	 67 
7732.74	10943	24667	51	1247	 61 
10021.1	13625	24667	18	630	 46 
8821.95	9052	24667	54	1664	 39 
9415.7	13308	24667	21	565	 30 
10042	9898	24667	48	1547	 29 
9422.01	13477	24667	19	858	 29 
7535.32	9114	24667	52	1795	 20 
9413.77	9777	24667	50	1274	 17 
8407.94	10024	24667	50	1823	 17 
10024.5	14181	24667	17	595	 16 
10025.9	12623	24667	21	899	 11 
9429.88	14306	24667	18	571	 10 
10027.8	14151	24667	13	503	 3 ***
10037.7	13255	24667	18	573	 2 

6716	6002	20742	58	1961	 99 
7218.08	5950	20742	61	1950	 97 
9821.67	10846	20742	32	930	 97 
9016.11	9194	20742	43	1545	 95 
9827.17	10451	20742	29	722	 93 
8419.24	6258	20742	47	1566	 91 
6252.08	6237	20742	57	1702	 91 
8206.61	6717	20742	45	1796	 89 
7809.25	6081	20742	48	1773	 88 
9029.98	8267	20742	43	1726	 87 
9829.31	10786	20742	25	702	 86 
9232.26	10949	20742	34	855	 85 
7000.26	6063	20742	56	1883	 83 
6262.5	7022	20742	47	1842	 82 
9007.24	10121	20742	35	1007	 80 
8195.35	9346	20742	39	1125	 66 
5666.6	6661	20742	58	1727	 63 
9832.68	10151	20742	31	729	 58 
6322.23	6397	20742	46	1589	 55 
8148.59	9542	20742	43	1707	 51 
9822.28	9794	20742	34	700	 51 
5727.42	6304	20742	58	2027	 48 
9834.49	10766	20742	27	692	 48 
5535.1	7300	20742	51	1893	 44 
9818.55	9886	20742	34	942	 44 
9832.91	10103	20742	32	733	 41 
9833.55	10089	20742	32	853	 34 
6738.43	6211	20742	57	2010	 33 
8411.4	5984	20742	59	1976	 33 
7337.37	7237	20742	44	1552	 27 
7396.55	6312	20742	50	1901	 27 
9827.25	10337	20742	29	722	 21 
9818.9	10697	20742	33	932	 20 
5808.43	6643	20742	49	1886	 11 
9818.59	9499	20742	37	952	 9 
9833.32	11065	20742	24	676	 6 ***
9833.95	10011	20742	32	733	 5 

8447.76	11931	22469	30	623	 99 
8053.62	10206	22469	43	1552	 97 
9244.04	11607	22469	23	480	 96 ***
7895.64	11085	22469	38	1485	 95 
7179.68	9065	22469	58	1882	 94 
7375.8	11885	22469	39	1354	 91 
8166.64	9335	22469	44	1601	 91 
9244.05	11123	22469	31	707	 86 
8025.41	8904	22469	53	1501	 79 
8990.55	10994	22469	36	1234	 77 
6657.97	9688	22469	55	1495	 75 
8048.37	10278	22469	40	1492	 74 
6147.55	10417	22469	57	1859	 74 
8858.97	11856	22469	35	1297	 70 
9452.63	7655	22469	54	1694	 68 
9250.58	10496	22469	37	1157	 67 
7852.25	9448	22469	53	1686	 65 
7248.83	9450	22469	45	1388	 63 
8161.39	9939	22469	39	1423	 60 
8976.01	11210	22469	34	810	 56 
8353.11	8573	22469	53	1737	 54 
7090.28	10210	22469	52	1600	 52 
8655.08	9908	22469	38	1404	 52 
8033.11	8942	22469	46	1393	 48 
6949.34	9467	22469	53	1508	 41 
9458.05	9116	22469	36	1246	 41 
7788.3	9260	22469	57	1852	 39 
8645.68	9140	22469	40	1514	 39 
8869.17	11566	22469	36	1385	 35 
9437.43	8913	22469	37	1257	 35 
6976.31	9373	22469	58	1882	 35 
8431.47	8620	22469	51	1353	 31 
7355.22	10273	22469	43	1580	 31 
9261.21	11109	22469	26	597	 31 
8059.21	9624	22469	40	1243	 26 
10067.5	11359	22469	24	494	 26 
8852.89	8185	22469	46	1112	 25 
7158.78	9261	22469	54	1445	 24 
8439.22	9849	22469	39	1454	 23 
6978.78	9400	22469	57	1638	 23 
8255.31	8825	22469	46	1607	 21 
8435.24	8389	22469	42	1425	 17 
8969.48	8297	22469	41	1364	 17 
8054.18	9754	22469	40	1247	 16 
6994.63	11235	22469	44	1344	 15 
7570.72	10457	22469	39	1423	 14 
7795.31	10214	22469	42	1535	 13 
10059.7	10883	22469	32	899	 7 
8172.29	10847	22469	37	1356	 4 
9245.54	10908	22469	29	654	 3 

8743.76	8769	22941	44	2290	 98 
9335.14	9720	22941	28	1624	 95 
7892.34	9360	22941	59	2271	 94 
7458.34	11021	22941	24	1419	 90 
9354.79	9257	22941	38	1954	 86 
7875.3	11017	22941	58	2267	 85 
7922.88	10624	22941	51	1788	 83 
9336.51	11741	22941	5	39	 80 ***
8535.25	9544	22941	53	2311	 78 
8126.74	9225	22941	54	2302	 77 
8468.07	10345	22941	29	1724	 76 
9330.13	11610	22941	9	137	 75 
9330.42	10165	22941	28	1951	 62 
7449.25	11090	22941	35	1953	 59 
10155.4	9963	22941	27	1660	 57 
7064.26	9785	22941	59	2264	 56 
9073.15	10117	22941	29	2012	 47 
9537.4	10141	22941	16	192	 41 
7879.12	10219	22941	54	2149	 38 
8725.88	10349	22941	11	176	 31 
7986.37	9604	22941	31	2011	 20 
8152.6	10860	22941	29	1510	 18 
8284.06	10749	22941	26	1898	 16 
8345.46	9148	22941	61	2523	 13 
7375.98	11993	22941	53	1794	 10 
6276.98	11574	22941	59	2087	 0 

10083.1	10052	21496	9	235	 100 
7209.85	10045	21496	25	1216	 96 
7600.43	8364	21496	58	2362	 93 
8672.44	8881	21496	39	1648	 93 
9274.27	10636	21496	4	106	 92 
8446.65	9314	21496	25	1384	 88 
8678.04	10400	21496	9	235	 82 
6409.1	10605	21496	63	2476	 71 
8896.01	8870	21496	45	1965	 70 
9503.44	8229	21496	64	2307	 69 
10083.2	10120	21496	8	157	 67 
8422.19	9896	21496	28	1527	 53 
10071.8	8659	21496	56	2058	 42 
9275.5	10209	21496	5	114	 40 
6659.53	8933	21496	29	1493	 39 
8672.44	9558	21496	24	1399	 35 
8671.05	10789	21496	16	373	 32 
7602.34	8915	21496	57	2118	 27 
9273.02	11215	21496	4	91	 13 ***

6228.34	8086	21882	57	2097	 93 
8329.03	7758	21882	56	2082	 83 
9192.34	8649	21882	33	1540	 75 
8118.75	8314	21882	36	1608	 74 
9189.78	8139	21882	44	1538	 67 
8314.41	8977	21882	30	1585	 67 
8588.78	11822	21882	1	8	 61 ***
7703.22	8928	21882	54	1643	 58 
7393.15	9293	21882	27	1437	 54 
7710.71	9106	21882	30	1709	 49 
10001.3	10882	21882	23	1088	 47 
7742.46	11278	21882	24	1133	 43 
6632.66	8236	21882	55	1808	 41 
8378.79	11877	21882	1	8	 39 
10006.6	10852	21882	24	852	 38 
10002	7567	21882	60	2158	 31 
8379.16	11084	21882	2	38	 23 
7064.31	9140	21882	46	1355	 21 
6797.93	9400	21882	27	1056	 20 
9214.41	7938	21882	46	1565	 19 
7134.95	9120	21882	51	1598	 19 
7970.06	9168	21882	25	1347	 14 
6530.37	7851	21882	61	2038	 13 
9401.98	9109	21882	29	1385	 12 

9343.07	13841	24549	5	85	 100 
10154.4	12417	24549	27	1491	 99 
6815.74	13139	24549	62	2347	 89 
10144.4	13341	24549	10	248	 89 
7555.97	13104	24549	36	1614	 85 
8952.55	10989	24549	59	2222	 84 
8948.17	12379	24549	30	1345	 83 
10147.2	13569	24549	5	81	 80 ***
8473.63	10501	24549	61	2104	 79 
10145.6	12462	24549	26	1159	 78 
8539.37	11385	24549	33	1400	 70 
9554.31	12549	24549	28	1285	 61 
9077.36	10105	24549	53	1992	 59 
10157	12222	24549	28	1224	 55 
8737.87	13853	24549	10	113	 53 
10163.5	13011	24549	25	1202	 50 
8530.29	12870	24549	29	1544	 48 
8961.9	12364	24549	29	1346	 47 
10172.9	12632	24549	25	1077	 46 
8733.19	13887	24549	6	89	 46 
8952.5	11818	24549	31	1541	 41 
8967.79	11318	24549	35	1360	 41 
9068.09	10330	24549	59	2224	 38 
10152.9	12211	24549	29	985	 31 
8537.82	12670	24549	29	1342	 31 
9349.64	13061	24549	26	1195	 30 
10129.8	11226	24549	30	1709	 30 
8258.35	13465	24549	28	1256	 29 
10145.8	13486	24549	8	127	 27 
7211.71	12461	24549	57	2125	 25 
9353.86	12024	24549	30	1079	 18 
7663.83	11693	24549	32	1287	 18 
8534.17	13492	24549	24	928	 16 
9076.88	13230	24549	27	1181	 14 
7650.58	11865	24549	35	1678	 14 
8743.6	12731	24549	28	1019	 11 
7051.62	11178	24549	59	2055	 5 
7895.08	13605	24549	29	1345	 0 

8385.72	9721	25922	62	2074	 92 
8569.13	10489	25922	61	2241	 92 
9189.65	10535	25922	35	1674	 91 
9459.97	10832	25922	30	1209	 90 
10264.2	10332	25922	39	1643	 76 
10270.7	11151	25922	5	108	 76 
10246.8	9917	25922	56	1982	 73 
8860.49	9325	25922	64	2127	 73 
9185.06	11013	25922	35	1445	 69 
9667.75	10898	25922	29	1102	 65 
8378.08	9506	25922	64	2420	 63 
8629.45	10073	25922	61	2034	 61 
9658.75	10190	25922	43	1347	 59 
10261.6	10407	25922	38	1393	 59 
7989.88	10906	25922	59	2086	 58 
10256	11365	25922	4	335	 57 
9050.03	9978	25922	49	1778	 53 
9194.58	10495	25922	40	1624	 53 
10261.4	9400	25922	44	1799	 53 
10266.9	11972	25922	3	33	 42 ***
8229.09	10876	25922	56	1838	 40 
9094.84	10587	25922	44	1596	 39 
8645.91	10192	25922	56	2021	 39 
8657.75	10691	25922	36	1446	 32 
7767.82	11120	25922	62	2145	 31 
10271.4	10406	25922	35	1680	 31 
8577.02	11363	25922	32	1561	 30 
8851.99	11212	25922	28	1409	 26 
9198.21	11155	25922	32	1398	 24 
8387.67	12014	25922	36	1257	 23 
8849.73	11269	25922	33	1695	 23 
9655.3	9739	25922	57	2357	 21 
9204.29	10594	25922	31	1287	 19 
7758.07	11393	25922	63	2348	 11 
8856.09	11873	25922	27	927	 11 
10264.8	11117	25922	27	1080	 10 
7784.58	11028	25922	38	1713	 10 
10279.1	11032	25922	22	512	 8 
8272.13	10697	25922	42	1982	 6 
10279.4	10367	25922	35	1687	 5 
8271.83	10423	25922	63	2396	 1 

