#5	0	151	33	0	10	187	46	224	91	
#66	1	60	16	12	26	59	307	32	168	
#18	36	46	48	34	48	216	234	0	67	
#100	26	134	67	10	22	252	0	52	84	
#53	26	32	43	48	52	21	223	0	249	
#40	43	44	50	41	70	146	261	52	0	
#44	50	10	10	48	31	32	42	272	208	
#29	36	43	103	27	75	0	104	66	264	
#61	55	52	22	32	13	304	0	168	40	
#39	41	48	2	50	59	40	293	38	137	 ***

39	40	32	2	56	52	46	158	67	195	
2	37	0	6	0	34	178	286	104	40	
54	38	9	0	13	58	0	62	287	166	
66	26	50	38	2	21	183	244	14	43	
3	12	36	57	64	59	0	301	39	116	
2	37	18	12	56	6	6	296	158	96	
7	29	12	52	40	62	124	264	55	42	
36	48	23	48	27	27	60	46	136	236	
60	34	68	54	0	20	104	279	50	18	
56	26	8	12	0	32	88	180	0	285	
39	42	32	10	66	52	40	28	294	84	
16	47	2	36	82	18	43	266	72	105	
40	38	34	34	42	20	33	99	308	39	
43	4	46	60	11	28	83	236	96	80	
52	35	50	56	46	46	0	295	68	39	
49	60	18	66	42	40	93	24	295	0	
0	27	26	40	65	18	147	306	10	48	
32	32	12	18	26	56	295	50	100	66	
39	42	32	6	42	43	38	38	290	117	
39	40	34	6	56	72	40	142	65	193	
18	2	47	56	22	64	52	283	86	57	
45	40	48	8	52	52	40	190	19	193	
39	42	32	2	66	42	42	44	274	104	
42	18	44	22	15	48	148	309	0	41	
26	68	94	8	74	66	57	12	282	0	
47	40	32	2	50	57	57	36	298	68	
39	40	34	2	50	70	40	309	31	72	
61	40	32	18	120	67	44	177	0	128	
29	4	24	60	43	54	17	261	96	99	
61	4	22	44	8	20	50	261	78	139	
18	40	18	45	24	50	155	275	62	0	
41	40	32	2	50	61	40	268	55	98	 ***
34	55	12	32	52	24	240	172	34	32	
36	114	4	2	70	38	82	257	28	56	
0	4	18	81	40	0	63	275	42	164	

40	72	0	2	42	57	303	63	67	65	
36	42	62	12	26	50	58	36	110	279	
84	0	34	100	26	42	252	0	15	158	
0	54	60	0	23	8	29	245	90	202	
64	24	36	0	64	40	82	144	18	239	
40	36	0	101	44	53	40	243	35	119	
76	36	92	10	20	12	140	262	0	63	
11	44	62	92	42	14	0	263	85	98	
41	36	0	2	68	54	40	86	155	229	
56	47	4	55	97	68	244	70	70	0	
12	42	14	84	0	20	84	47	122	286	
43	36	36	18	50	60	40	293	38	97	
119	39	53	65	0	87	0	196	97	55	
40	52	0	36	46	53	72	149	35	228	
73	36	0	2	44	82	72	54	283	65	
74	98	89	0	48	26	0	141	178	57	
35	48	69	0	36	9	109	243	14	148	
4	6	23	70	46	165	18	177	202	0	
12	32	157	18	48	50	0	204	42	148	
0	23	19	114	0	48	38	181	208	80	
41	88	0	4	74	60	40	54	283	67	
26	48	48	36	52	30	70	303	70	28	
50	4	20	0	56	50	284	58	79	110	
41	36	0	2	52	93	54	99	113	221	
8	36	38	69	34	28	244	144	16	94	
61	72	31	8	2	76	120	52	289	0	
10	9	32	20	66	3	194	260	0	117	
12	22	36	100	34	52	122	249	8	76	
41	52	0	34	44	44	90	58	283	65	
40	28	0	66	42	52	53	100	101	229	
46	51	25	28	0	60	96	254	66	85	
41	72	0	4	42	60	40	236	133	83	
41	52	0	2	54	56	40	293	40	133	
41	36	0	2	44	62	59	174	104	189	
43	2	59	0	86	16	50	285	128	42	
20	28	4	35	0	73	114	182	199	56	
55	68	6	2	42	60	42	86	283	67	
48	68	82	0	49	40	36	260	81	47	
58	68	67	32	18	73	0	36	299	60	
41	52	0	6	52	61	48	162	55	234	
21	37	19	79	6	76	26	222	225	0	
41	38	100	0	74	61	42	111	134	110	
45	36	0	2	50	62	58	307	53	98	 ***
20	26	62	0	116	24	26	84	269	84	
33	0	20	12	102	52	165	0	74	253	

56	54	0	50	10	50	72	349	50	81	
74	92	34	52	60	24	85	273	0	78	
50	34	18	98	34	102	0	308	128	0	
28	36	0	18	18	64	122	126	248	112	
16	60	52	56	44	52	56	298	82	56	
44	36	0	6	42	62	122	60	171	229	
0	46	36	82	72	54	160	0	294	28	
44	52	0	2	26	91	137	164	38	218	
52	40	14	30	106	50	32	322	62	64	
44	100	8	2	34	58	60	327	56	83	 ***
44	29	0	2	58	62	88	323	70	96	
53	68	16	2	42	96	56	315	36	88	
116	92	68	8	20	12	70	232	154	0	
46	52	0	2	50	69	58	219	47	229	
26	46	10	0	44	74	84	292	142	54	
58	54	62	11	84	20	80	321	82	0	
22	16	32	70	28	46	82	322	88	66	
52	68	0	51	10	102	56	315	38	80	
32	8	22	2	0	60	174	308	132	34	
58	36	30	68	70	48	96	316	0	50	
0	115	0	54	26	22	82	64	275	134	
0	60	40	12	0	90	176	271	69	54	
24	4	64	6	24	44	100	348	158	0	
44	68	0	34	34	70	56	315	38	113	
60	0	34	24	42	4	22	124	296	166	
44	36	32	19	42	64	72	315	68	80	
44	38	0	2	58	62	74	140	125	229	
6	34	34	52	42	94	0	300	74	136	
16	8	34	80	50	78	118	285	23	80	
44	92	0	34	42	42	72	315	34	97	
8	72	20	14	36	54	148	316	48	56	
44	36	40	18	12	54	104	315	36	113	
44	68	0	2	82	62	64	315	38	97	
52	36	32	2	26	84	80	315	40	105	
22	50	66	20	18	38	70	318	34	136	
20	38	87	0	54	66	54	237	96	120	

48	84	8	2	66	42	20	103	44	285	
40	84	8	6	27	72	18	122	42	283	
44	88	8	2	28	40	60	324	24	84	 ***
18	72	28	118	0	34	32	270	130	0	
44	84	8	6	30	24	60	324	76	46	
48	52	34	0	8	32	60	298	126	44	
8	0	66	48	166	0	0	64	92	258	
13	32	4	66	38	16	68	277	128	60	
68	50	8	38	128	4	46	48	62	250	
26	64	26	24	40	36	80	306	32	68	
44	88	10	2	26	40	20	138	248	86	
36	18	4	32	56	48	90	306	52	60	
6	2	40	65	34	32	112	261	54	96	
16	82	70	18	64	26	36	300	48	42	
64	48	36	82	54	34	36	294	0	54	
40	85	12	34	34	40	20	104	48	285	
12	88	12	2	26	27	54	160	36	285	
64	0	78	44	108	102	0	0	54	252	
74	34	0	144	0	128	52	102	168	0	
0	38	8	0	74	4	126	282	120	50	
32	20	60	54	38	0	16	168	40	274	
10	166	65	8	68	74	32	243	36	0	
18	20	14	80	90	16	16	304	36	108	
20	2	64	6	32	16	74	316	26	146	
10	0	0	60	8	12	250	234	32	96	
32	40	80	20	36	52	88	318	18	18	
45	84	8	2	132	40	20	134	48	189	
40	84	12	8	27	72	20	102	52	285	
40	80	8	15	18	40	20	349	34	98	
44	84	8	2	30	48	20	138	248	80	
16	70	88	50	52	0	58	324	44	0	
62	21	40	94	10	16	0	283	90	86	
13	34	16	0	26	80	84	166	283	0	
84	96	36	6	20	32	82	284	54	8	
42	78	32	0	40	7	130	297	20	56	

44	84	16	6	4	36	44	293	64	62	
82	16	56	34	0	0	88	228	103	46	
44	80	8	18	12	56	58	259	56	62	 ***
42	88	12	6	4	96	90	68	10	237	
16	4	46	12	28	80	0	273	64	130	
4	54	4	0	96	0	2	217	228	48	
38	50	36	12	46	8	32	237	12	182	
0	28	164	48	10	106	0	125	68	104	
56	28	98	40	46	70	235	80	0	0	
26	74	26	0	34	32	245	130	86	0	
40	90	12	6	24	72	30	261	16	102	
114	22	20	28	16	96	8	259	90	0	
40	80	4	6	40	26	95	280	26	56	
40	72	12	48	14	12	0	248	43	164	
92	38	4	78	0	0	114	239	40	48	
44	92	32	4	4	40	67	308	22	40	
0	0	12	4	34	16	68	54	297	168	
0	0	62	44	2	80	188	241	10	26	
50	10	0	4	32	58	96	258	91	54	
52	4	72	0	40	84	90	38	273	0	
104	6	44	40	36	14	88	269	52	0	
40	112	12	2	20	44	34	263	34	92	
24	54	52	78	4	0	10	150	0	281	
48	88	24	2	12	32	62	82	18	285	
8	32	44	78	0	12	291	152	36	0	
40	84	12	8	16	36	26	276	91	64	
10	12	136	56	96	111	0	100	132	0	
8	80	31	72	44	81	26	155	66	90	
0	14	0	24	46	6	210	255	54	44	
0	56	103	32	99	74	0	203	48	38	
6	112	36	36	92	24	52	253	38	4	
0	0	48	56	62	110	10	85	0	282	
50	71	72	50	107	0	48	201	0	54	
40	88	16	6	8	122	46	96	155	76	
4	6	8	6	146	42	164	8	263	6	
74	16	0	16	58	28	54	263	114	30	
0	14	58	0	8	60	32	257	174	50	
44	80	18	6	24	32	66	84	46	253	
12	22	36	4	76	36	70	283	58	56	
48	92	12	28	8	37	38	129	10	251	

12	12	0	0	72	8	220	197	0	52	
20	4	8	24	0	36	76	262	0	143	
42	45	8	26	14	47	58	220	57	56	
0	32	107	54	93	40	20	16	0	211	
12	42	3	26	60	0	140	194	66	30	
68	0	14	8	0	13	12	260	156	42	
24	48	8	18	20	81	59	197	30	88	
40	48	8	19	12	40	58	55	48	245	
42	75	8	18	12	32	58	244	28	56	
42	49	8	18	12	44	58	221	63	58	 ***
44	48	8	12	12	36	58	101	13	241	
58	6	42	0	16	12	24	237	178	0	
70	46	4	55	40	16	0	207	71	64	
14	20	0	78	0	4	177	0	46	234	
42	42	8	18	13	28	58	94	214	56	
50	50	8	18	12	85	58	207	29	56	
22	40	8	18	12	29	110	219	44	71	
42	48	16	18	12	44	58	218	32	85	
24	30	44	48	42	0	59	226	0	100	
0	4	87	4	4	32	102	48	48	244	
46	14	52	0	60	6	57	225	28	85	
74	20	8	40	85	4	4	240	94	4	

38	57	8	20	11	28	48	59	41	253	
14	0	20	81	70	20	8	215	72	63	
36	5	19	9	0	36	29	203	38	188	
18	53	8	120	11	12	76	77	100	88	
0	26	83	37	16	10	27	104	0	260	
44	51	16	24	12	28	40	62	50	236	
41	45	12	18	18	29	68	61	217	54	
39	44	8	44	11	34	46	62	34	241	
40	44	12	35	18	28	44	219	69	54	 ***
36	40	24	31	12	40	40	220	51	69	
29	42	37	0	44	19	108	230	54	0	
44	14	27	0	64	47	28	207	89	43	
38	45	9	27	110	36	64	58	39	137	
16	5	54	147	32	38	8	50	209	4	
36	38	8	18	18	28	50	232	69	66	
6	8	31	6	32	0	170	229	20	61	
59	44	12	26	10	30	46	65	30	241	
66	47	10	38	19	0	36	230	113	4	
46	40	12	18	11	46	51	62	33	244	
36	42	22	24	10	36	41	76	218	58	
16	17	48	10	44	8	119	208	47	46	
0	8	0	7	10	69	66	118	251	34	
37	46	8	29	14	17	45	76	44	247	
0	20	30	36	20	32	48	245	42	90	
0	40	31	0	86	48	22	109	227	0	
49	44	8	18	23	32	54	220	77	38	
20	0	32	8	8	3	0	195	78	219	
38	52	10	41	10	33	40	62	36	241	
48	80	8	40	30	7	20	201	112	17	
32	119	27	77	37	10	0	104	157	0	
38	44	17	19	10	32	60	246	37	60	
42	4	9	0	48	18	144	251	20	27	
40	0	4	18	44	14	42	159	240	2	

24	24	36	44	9	10	161	235	108	48	
67	132	100	70	0	0	14	118	0	198	
16	76	37	67	85	34	80	241	30	33	
64	12	44	32	72	0	86	263	66	60	
104	9	16	48	44	19	0	229	172	58	
41	44	12	83	34	28	64	247	36	110	
53	41	76	36	16	4	47	272	56	98	
23	86	9	51	104	36	0	98	281	11	
44	40	30	49	35	40	56	93	63	249	
30	17	46	52	30	8	57	243	72	144	
43	72	0	43	0	42	203	56	66	174	
55	46	30	65	104	48	40	225	36	50	
52	12	56	8	12	8	129	257	143	22	
40	44	18	23	35	56	96	238	85	64	
32	84	24	56	97	53	44	209	100	0	
56	44	13	124	18	20	48	245	40	91	
105	16	50	68	0	16	51	218	107	68	
25	54	0	93	56	0	82	254	97	38	
40	36	38	23	50	52	116	242	40	62	
31	60	60	20	56	21	165	230	56	0	
40	78	113	11	16	22	49	220	76	74	
62	8	40	50	40	35	164	0	231	69	
14	60	8	129	65	76	51	58	238	0	
56	36	18	37	50	56	71	56	38	281	
87	57	58	77	0	78	65	24	29	224	
18	32	2	67	24	23	102	217	180	34	
56	76	14	19	42	25	76	256	44	91	 ***
8	8	4	54	14	94	18	265	74	160	
61	40	9	19	28	52	72	91	66	261	
68	134	64	35	65	101	26	206	0	0	
56	44	29	25	18	20	143	67	39	258	
40	69	10	19	18	40	96	66	251	90	
44	83	0	102	46	63	69	203	53	36	
0	11	53	71	16	2	136	232	58	120	
112	21	60	43	0	27	24	199	120	93	
26	45	50	28	106	2	110	259	34	39	
45	60	21	81	22	24	45	60	85	256	
50	90	37	73	28	90	43	239	49	0	
40	52	17	19	44	30	94	131	49	223	
72	18	72	0	24	22	86	229	44	132	
36	74	68	89	14	76	81	30	0	231	
8	40	27	55	87	48	46	219	82	87	
48	83	50	24	46	40	154	202	52	0	
64	6	7	25	72	159	103	187	76	0	
44	60	12	19	62	28	52	129	50	243	

56	36	18	20	54	8	52	64	43	250	
43	55	60	67	34	53	25	200	0	64	
32	36	33	19	74	6	50	222	50	79	
24	44	20	69	34	12	32	187	46	133	
8	32	70	50	4	0	20	196	75	146	
64	44	15	19	50	12	53	66	32	246	
60	94	20	8	24	22	0	209	112	52	
127	60	0	10	74	0	20	190	44	76	
56	38	13	25	46	33	44	227	49	70	
56	36	16	27	42	23	48	48	52	253	
56	38	14	27	46	10	44	78	48	240	
40	36	21	17	42	120	44	67	135	79	
46	18	30	20	16	6	149	10	261	45	
17	14	0	46	64	68	69	231	32	60	
0	49	0	14	26	80	21	233	62	116	
0	41	84	29	4	15	116	210	57	45	
58	36	23	19	42	10	48	64	61	240	
28	0	27	4	87	12	58	241	32	112	
36	16	13	30	50	35	38	124	189	70	
19	54	55	35	68	0	43	214	84	29	
52	22	50	84	9	26	78	0	46	234	
64	36	15	21	42	24	44	224	57	74	 ***
32	44	21	23	42	10	54	98	37	240	
76	8	40	45	85	33	0	242	0	72	
26	0	29	3	45	149	60	82	207	0	
64	44	21	25	42	25	38	227	45	70	
9	18	48	44	78	21	28	216	22	117	
13	20	32	30	44	22	0	236	77	127	

145	0	40	0	23	6	98	34	68	166	
124	105	0	0	62	22	24	0	154	89	
19	22	29	123	36	28	193	28	102	0	
16	39	13	33	43	36	48	80	33	239	
32	60	6	22	60	6	46	57	44	247	
24	37	42	27	28	64	80	22	0	256	
24	36	30	19	29	20	61	74	49	238	
32	36	10	20	44	7	44	246	66	75	
70	50	25	53	24	14	55	203	86	0	
49	64	20	32	50	20	0	225	94	26	
3	12	8	28	56	4	149	88	232	0	
64	48	141	6	50	13	0	219	39	0	
40	90	0	19	37	28	37	230	40	59	
30	57	130	24	35	123	82	0	99	0	
13	26	54	4	46	28	130	243	0	36	
16	54	13	30	42	20	51	70	37	247	
34	36	30	37	45	8	46	243	26	75	
25	46	53	0	26	12	74	217	73	54	
20	0	159	34	73	80	55	4	155	0	
16	36	41	19	50	23	46	72	40	237	
31	52	28	21	34	2	50	231	0	131	
81	14	8	80	66	47	16	19	249	0	
8	18	64	63	5	56	11	222	133	0	
0	120	60	80	0	46	94	62	38	80	
50	38	13	35	50	4	28	68	55	239	
30	28	24	0	38	12	74	230	86	58	
18	40	13	24	42	4	64	71	65	239	
8	21	10	28	72	46	76	221	18	80	
18	36	5	40	36	9	68	244	50	74	
16	43	20	42	27	4	0	239	152	37	
59	64	100	9	40	0	14	207	57	30	
12	37	33	12	0	10	126	217	45	88	
36	22	13	81	18	19	99	92	0	200	
13	10	8	16	36	71	39	76	221	90	
36	11	36	16	57	41	65	206	112	0	
109	0	48	22	21	34	30	195	61	60	
75	46	28	40	28	33	47	233	50	0	
20	38	17	33	45	17	60	83	29	238	
74	22	10	9	5	16	240	10	142	52	
128	0	15	14	80	30	234	9	70	0	
32	72	52	36	43	36	0	186	20	103	
36	51	20	16	26	26	93	214	50	48	
16	36	30	23	44	8	44	255	47	77	
17	36	17	37	45	6	57	216	56	93	 ***

84	54	157	0	64	6	0	90	62	50	
92	24	15	2	66	29	0	223	66	50	
21	48	7	35	48	15	12	228	52	101	
11	53	19	52	40	40	46	212	94	0	
1	33	27	48	11	24	142	261	20	0	
16	40	13	37	37	128	12	129	50	105	
32	38	56	138	37	76	0	3	65	122	
3	59	12	33	22	48	74	227	73	16	
20	32	15	37	55	7	16	72	54	259	
4	17	3	55	2	18	33	73	221	141	
16	44	15	37	44	6	12	224	50	119	
40	92	62	37	33	26	4	209	64	0	
69	56	59	0	39	158	0	76	95	15	
26	36	114	37	47	6	50	133	50	68	
22	34	9	39	18	13	50	216	100	66	
16	32	11	45	49	6	50	233	52	73	 ***
66	36	36	16	46	29	30	235	0	73	
147	68	0	22	32	45	144	63	46	0	
15	6	41	0	25	16	46	143	18	257	
47	0	29	72	76	0	31	220	52	40	
10	76	12	146	55	7	173	46	42	0	
19	5	0	20	26	4	44	165	0	284	
18	33	28	35	39	6	52	39	58	259	
8	26	20	45	60	11	83	229	81	4	
21	8	0	40	20	8	261	147	32	30	
20	40	19	21	20	6	250	128	47	16	
16	37	15	39	34	131	18	59	70	148	
16	32	35	40	34	19	12	86	188	105	
20	36	19	35	53	6	48	37	50	263	
38	17	34	130	0	44	72	8	177	47	
38	16	25	67	20	21	6	217	95	62	
30	32	11	37	42	7	15	228	54	111	
158	26	61	48	0	15	190	38	0	31	

13	16	34	3	104	55	13	222	64	44	
26	36	11	45	41	40	17	83	42	227	
28	40	11	46	29	48	58	226	82	0	
12	34	20	14	25	30	125	32	259	17	
30	21	0	0	16	16	21	175	257	32	
18	32	19	51	38	6	193	100	43	68	
5	18	29	14	30	8	27	162	249	26	
9	68	20	54	40	112	30	201	0	34	
16	32	16	52	34	8	58	231	44	77	 ***
44	25	0	34	19	15	24	221	100	86	
29	25	11	97	0	16	30	214	66	80	
20	33	19	37	25	7	83	40	45	259	
24	10	115	0	56	40	48	219	19	37	
25	2	20	62	44	29	34	222	86	44	
24	32	13	48	36	7	16	94	190	108	
35	23	21	26	97	7	26	254	0	79	
33	88	9	22	0	33	26	208	52	97	
14	20	9	32	78	10	257	111	26	11	
16	32	13	48	38	44	17	90	42	228	
19	26	38	52	40	26	47	207	27	86	
54	92	3	135	0	34	89	30	0	131	
18	33	19	45	32	41	26	84	44	226	
35	17	66	20	37	21	54	223	0	95	
22	7	24	23	32	4	32	251	19	154	
12	22	6	24	32	13	22	227	36	174	
22	34	13	49	32	9	34	108	43	224	
12	48	70	40	28	22	35	215	0	98	

18	2	25	124	20	33	91	230	111	0	
4	13	11	103	18	51	272	149	0	33	
13	0	16	67	150	37	21	82	50	218	
12	32	20	45	24	14	237	119	26	125	
46	0	16	56	16	8	78	39	254	141	
15	59	19	141	68	88	18	220	26	0	
7	5	8	7	1	54	160	276	116	20	
122	38	34	15	42	2	58	35	276	32	
48	34	48	42	56	24	23	246	63	70	
46	106	144	46	32	20	63	149	12	36	
38	21	41	37	21	11	20	234	173	58	
48	29	56	26	17	38	101	266	39	34	
51	41	20	36	27	4	40	242	0	193	
9	0	17	38	0	5	276	34	50	225	
15	26	35	44	21	54	0	290	19	150	
12	48	16	29	31	4	209	176	58	71	
32	68	26	10	3	27	40	252	126	70	
49	32	48	45	42	36	101	241	21	39	 ***
2	19	7	50	12	0	24	310	180	50	
38	31	28	14	38	35	0	222	14	234	
8	0	50	32	16	13	77	249	145	64	
36	74	29	65	43	12	0	273	111	11	
12	92	23	46	40	4	90	229	80	38	
20	60	46	94	14	1	11	253	51	104	
15	29	27	59	43	2	41	266	6	166	
69	22	29	50	24	17	0	275	102	66	
13	64	68	49	57	8	50	223	33	89	
18	58	18	64	5	12	41	290	112	36	
33	22	16	76	4	36	41	272	56	98	
36	32	41	44	33	24	72	219	67	86	
10	44	86	25	22	46	128	270	6	17	

32	21	1	14	47	12	95	237	41	217	
84	119	18	0	33	36	274	98	28	27	
18	35	41	44	20	65	139	225	104	26	
54	36	64	80	41	41	36	146	219	0	
16	34	18	17	20	33	113	259	64	143	
160	77	52	22	38	39	196	0	97	36	
45	48	43	60	48	42	24	206	163	38	
75	42	46	0	29	36	152	237	53	47	
50	34	58	47	48	128	64	192	58	38	
6	28	26	40	21	50	204	108	234	0	
64	4	54	43	80	6	214	194	20	38	
61	63	66	42	8	25	176	219	57	0	
45	56	69	28	107	50	24	210	90	38	
81	32	48	65	47	34	40	196	20	154	 ***
2	0	68	116	32	36	113	252	23	75	
13	1	15	68	42	21	160	226	27	144	
2	28	110	17	118	29	78	290	45	0	
34	28	45	52	32	106	118	248	54	0	
12	44	35	16	48	22	184	259	45	52	
86	0	47	76	24	42	98	67	64	213	
153	38	66	24	14	10	90	36	286	0	
22	12	75	0	0	51	59	284	43	171	
0	72	33	2	92	2	228	44	240	4	
30	13	58	61	120	48	48	227	112	0	
2	139	0	96	124	29	0	21	268	38	
10	19	64	0	40	58	54	175	243	54	
45	14	57	60	41	34	44	193	188	41	
62	2	45	45	34	50	68	191	30	190	
44	44	31	62	44	93	119	244	24	12	
58	57	39	95	30	24	40	230	144	0	
34	0	16	86	12	44	16	18	253	238	
32	28	80	11	40	4	80	242	168	32	
29	86	102	0	44	133	32	9	42	240	
59	20	38	78	20	80	111	244	37	30	
53	0	43	47	41	55	43	222	175	38	
26	137	76	36	53	0	16	247	78	48	
67	109	67	63	146	0	146	0	50	69	

85	6	17	128	22	25	117	217	40	65	
81	32	15	103	30	38	38	105	38	242	
81	36	24	64	70	34	38	159	25	191	
43	17	26	44	133	88	43	236	0	92	
81	36	21	64	44	34	34	129	29	250	
62	32	0	66	90	28	16	326	82	20	
74	2	134	99	8	110	8	16	263	8	
77	0	16	172	30	36	137	152	44	58	
25	18	38	77	33	0	44	227	88	172	
81	0	19	65	38	118	66	97	34	204	
81	32	20	99	34	34	38	100	220	64	
56	30	12	2	64	0	88	253	53	164	
81	4	33	66	70	34	33	132	27	242	
34	19	16	0	23	105	124	249	30	122	
86	32	16	48	44	36	50	133	27	250	
64	49	40	46	21	0	26	239	69	168	
81	32	16	68	38	34	171	200	20	62	
16	109	8	20	125	66	6	64	16	292	
46	45	78	46	60	0	84	259	26	78	
57	25	51	83	75	89	84	203	55	0	
0	5	18	68	56	78	32	88	285	92	
81	0	14	68	144	34	102	139	44	96	
44	23	56	64	0	8	14	38	173	302	
98	0	16	65	46	34	68	113	40	242	
85	32	15	68	38	38	35	128	31	252	
85	44	16	65	38	71	41	216	16	130	 ***
141	16	100	0	24	2	113	260	0	66	
81	26	86	0	4	22	82	15	104	302	
88	32	16	96	38	38	34	113	25	242	
84	34	14	64	34	34	38	201	60	159	

90	8	14	92	31	2	74	134	34	209	
9	62	42	52	88	0	83	288	30	34	
24	68	74	36	73	54	82	268	9	0	
72	4	9	72	22	10	48	168	41	242	
73	12	0	66	26	122	30	115	8	236	
12	58	0	50	22	40	44	309	153	0	
24	18	12	10	32	67	94	341	0	90	
84	6	12	60	32	34	217	141	70	32	
34	10	70	10	4	8	54	283	72	143	
106	6	10	77	22	102	50	173	16	126	
44	88	0	86	36	0	314	54	0	66	
95	59	113	32	40	10	0	287	52	0	
112	4	12	60	26	3	152	231	32	56	
0	76	72	0	0	52	63	347	52	26	
80	37	10	60	30	14	48	160	16	233	
32	49	66	40	8	0	80	301	74	38	
57	0	12	78	26	42	120	313	16	24	
32	38	2	74	6	100	101	263	34	38	
32	16	36	48	20	32	102	300	38	64	
28	4	36	46	52	48	18	110	25	321	
51	112	70	0	22	78	32	289	34	0	
0	124	0	66	28	40	31	306	68	25	
46	52	74	4	32	4	122	309	25	20	
22	8	32	0	98	50	32	302	36	108	
84	6	0	5	34	40	82	279	38	120	
80	8	10	132	22	26	54	164	16	176	
80	8	12	94	22	122	40	173	26	111	
83	4	10	119	30	2	217	166	22	35	
80	4	14	102	31	2	38	167	34	216	
0	104	109	49	4	0	286	20	24	92	
80	4	11	60	30	6	218	174	38	67	
130	4	10	105	30	47	32	226	16	88	
80	53	12	60	30	2	60	133	22	236	
18	18	100	8	4	70	34	300	48	88	
80	6	10	60	49	7	41	175	220	40	
0	12	56	0	22	53	0	146	112	287	
10	114	95	58	32	32	26	313	0	8	
50	4	115	68	32	10	26	44	0	339	
4	123	4	16	48	44	40	122	8	279	
0	22	2	114	22	22	126	25	40	315	
122	0	165	61	40	2	28	128	108	34	
92	4	18	92	62	2	160	208	20	30	 ***

22	0	60	36	40	86	52	263	0	120	
24	74	16	40	0	68	62	296	30	69	
3	98	0	94	0	116	38	20	304	6	
8	54	34	113	18	0	266	26	0	160	
85	4	104	34	54	2	14	177	181	24	
92	4	17	78	68	4	210	144	16	46	
102	0	70	90	53	2	36	222	74	30	
28	20	64	0	94	8	10	291	90	74	
32	50	20	8	18	16	16	345	156	18	
82	0	18	54	22	32	0	287	161	23	
93	4	19	75	52	40	36	214	22	124	
44	22	72	100	34	4	97	292	14	0	
92	4	17	74	76	2	210	146	16	42	
92	4	17	74	71	2	43	144	18	214	
92	4	19	74	62	2	40	222	128	36	
60	9	17	106	61	2	36	146	28	214	
72	32	4	44	26	0	166	273	62	0	
92	2	21	74	52	2	52	148	32	204	
93	4	17	74	69	2	140	222	22	36	 ***
87	0	18	42	0	140	0	18	88	286	
60	20	54	60	40	92	0	54	299	0	
116	28	26	4	34	8	124	267	70	2	
74	4	10	101	72	2	145	269	0	2	
88	6	17	74	84	2	210	144	16	38	
92	4	17	92	64	2	210	146	22	30	
12	46	48	21	0	36	235	197	84	0	
32	26	86	0	68	8	320	32	0	107	
144	86	106	0	0	36	197	74	0	36	
105	4	17	74	60	2	216	146	25	30	
92	4	17	74	58	2	36	217	143	36	
92	4	17	74	60	2	33	146	195	56	
93	4	17	90	54	2	36	156	23	204	

0	16	107	4	16	36	248	127	0	100	
66	80	0	4	69	56	42	0	42	295	
88	4	8	50	60	40	115	199	52	38	
12	78	0	36	56	4	172	79	12	205	
111	72	6	6	0	32	97	68	0	262	
48	0	15	44	84	0	28	175	48	212	
20	20	68	49	32	12	227	170	56	0	
56	15	13	50	58	8	186	189	25	54	
8	0	0	74	24	38	249	193	12	56	
26	2	66	73	54	80	97	0	0	256	
56	4	9	58	58	15	136	194	68	56	 ***
48	4	9	126	58	43	78	98	24	166	
48	4	13	58	58	38	76	190	131	38	
129	0	38	0	66	52	56	0	58	255	
20	0	0	0	112	64	224	26	8	200	
37	99	42	50	122	0	82	0	0	222	
32	0	92	104	2	72	261	4	49	38	
102	8	18	117	50	50	243	66	0	0	
80	4	9	88	64	5	152	191	19	42	
38	66	14	50	74	0	257	136	0	19	
40	8	0	36	106	6	185	81	10	182	
50	4	9	82	66	2	58	166	48	169	
0	65	0	60	8	4	285	186	8	38	
40	4	0	67	56	2	118	194	20	153	
12	8	36	54	36	68	248	148	36	8	
12	0	16	53	0	36	265	34	190	48	
10	54	4	110	0	59	215	148	0	54	
36	52	10	32	109	2	92	263	40	18	
32	40	16	10	38	21	217	210	70	0	

6	20	8	60	0	0	98	295	45	28	
48	0	0	0	0	4	0	290	32	186	
44	0	8	0	0	0	0	0	346	162	
0	0	36	14	0	20	24	291	139	36	
0	0	16	26	0	96	116	0	306	0	
72	0	0	0	0	0	0	0	319	169	
16	4	8	32	24	12	50	198	77	139	
26	0	0	8	0	0	248	242	0	36	
0	127	0	12	32	0	32	269	88	0	
0	8	0	40	4	32	160	292	24	0	
0	0	0	2	16	32	10	312	28	160	
16	4	0	56	8	14	48	75	81	258	
16	4	0	120	24	0	82	302	0	12	
16	4	0	32	8	20	48	94	78	260	
18	4	0	32	28	12	48	83	77	258	
48	4	0	32	8	28	50	75	61	254	
60	71	32	80	8	0	0	309	0	0	
0	0	24	0	40	8	4	318	36	130	
16	12	0	32	8	12	48	165	77	190	
16	4	18	32	8	14	50	89	48	281	
8	0	62	0	129	72	0	0	0	289	
22	4	0	32	24	12	48	83	77	258	
34	0	0	36	16	12	48	198	176	40	
6	0	80	100	0	56	0	298	0	20	
12	10	48	68	32	26	0	274	6	84	
0	16	0	6	70	12	102	316	32	6	
20	16	48	72	4	0	36	324	4	36	
4	34	40	70	4	4	96	300	0	8	
2	0	16	0	8	8	138	320	36	32	
46	64	0	0	105	0	0	325	20	0	
68	32	12	20	167	0	4	249	8	0	
32	4	0	34	8	14	48	196	88	136	 ***
12	2	0	32	8	12	48	103	50	293	
16	8	0	32	24	12	48	85	77	258	

20	0	66	32	8	16	88	98	75	265	
36	36	42	72	24	36	0	298	0	124	
46	48	40	4	45	44	34	0	170	237	
0	0	8	22	4	0	76	298	208	52	
0	32	32	8	4	96	4	0	248	244	
76	82	1	72	8	12	48	78	74	217	
40	24	0	0	64	0	226	0	149	165	
44	2	40	64	40	8	0	318	0	152	
68	68	0	0	70	49	92	313	8	0	
46	102	5	68	0	0	0	118	17	312	
44	0	0	33	8	25	88	279	93	98	
32	0	68	22	36	0	52	250	0	208	
86	12	0	64	17	12	80	58	79	260	
50	4	0	40	8	12	112	80	70	292	
4	0	52	124	40	0	246	48	0	154	
20	127	0	0	4	123	134	0	0	260	
22	50	12	0	9	8	48	251	72	196	
0	56	12	0	0	80	36	0	317	167	
0	40	66	36	0	44	42	284	156	0	
44	32	32	42	8	12	100	54	86	258	
32	45	148	0	8	50	76	134	0	175	
32	12	40	0	37	8	0	270	41	228	
32	56	0	0	64	0	215	251	46	4	
8	76	2	32	0	4	32	263	111	140	
8	4	8	4	72	76	41	246	0	209	
104	36	30	38	36	0	0	114	310	0	
64	0	8	4	44	0	60	275	0	213	
32	40	32	0	96	44	0	260	0	164	
44	64	32	32	44	12	66	58	56	260	 ***
16	12	0	0	98	24	18	291	72	137	
40	8	8	32	8	60	38	135	0	339	
18	0	0	64	8	20	112	118	79	249	
32	72	8	12	0	0	0	312	168	64	
4	34	0	52	48	0	40	219	239	32	

46	64	32	5	36	12	90	141	66	221	
98	32	38	0	60	57	36	44	80	268	
32	0	42	97	0	0	76	1	160	305	
76	72	32	100	44	20	90	21	32	226	
0	34	64	80	68	106	113	0	0	248	
0	22	122	40	72	0	102	0	96	259	
0	4	38	36	95	40	8	171	0	321	
32	0	82	8	32	0	0	202	128	229	
64	0	0	34	84	0	0	32	260	239	
0	10	64	0	6	0	40	165	132	296	
36	64	96	0	70	8	104	0	89	246	
38	64	35	0	76	16	90	106	66	222	
52	100	0	0	4	62	102	79	46	268	
40	64	66	39	44	8	54	110	66	222	
45	64	56	72	34	0	98	32	0	312	
38	96	33	32	46	24	89	16	80	259	
40	96	34	0	48	20	82	67	74	252	
44	66	34	44	78	44	86	59	32	226	 ***
36	64	32	0	68	28	135	64	64	222	
104	138	10	0	0	52	162	26	0	221	
0	68	74	32	2	54	248	20	0	215	
34	50	59	36	0	24	0	113	138	259	
36	64	36	3	44	52	51	94	66	267	
8	55	40	70	8	64	82	24	106	256	
36	67	40	36	42	44	86	3	92	267	
36	69	32	32	44	4	78	113	64	241	
149	16	32	0	112	0	0	206	0	198	

40	66	44	21	36	32	74	70	0	299	
0	24	40	145	32	0	295	0	0	146	
0	96	90	143	32	32	0	0	33	256	
52	40	21	40	84	32	0	99	32	282	
0	76	64	145	0	6	48	343	0	0	
71	0	165	28	69	35	0	0	88	226	
0	8	8	80	35	84	135	36	18	278	
44	0	44	0	0	66	84	129	34	281	
38	0	64	0	59	46	0	72	129	274	
44	66	34	12	49	40	80	39	88	230	 ***
0	146	66	55	0	0	231	16	0	168	
105	12	2	92	0	41	272	158	0	0	
37	98	0	16	149	0	25	96	0	261	
90	32	36	0	151	0	309	64	0	0	
36	75	32	0	0	32	20	176	0	311	
114	76	4	81	1	90	10	0	0	306	
98	0	70	0	88	0	50	23	85	268	
70	64	18	0	106	0	97	24	0	303	
32	8	40	0	82	96	6	0	81	337	
38	20	0	36	41	68	89	108	16	266	
0	0	42	0	80	40	134	48	31	307	
7	28	0	40	111	65	14	88	56	273	

16	8	0	0	26	153	0	0	246	194	
36	40	17	56	106	0	0	72	28	288	
20	34	34	20	47	42	88	36	39	283	
12	34	42	12	47	40	78	53	34	291	
0	0	100	32	0	16	0	278	0	217	
64	32	82	18	92	10	58	0	24	263	
0	8	64	16	0	40	0	233	250	32	
80	10	10	38	121	80	0	0	41	263	
0	3	68	0	16	0	70	0	249	237	
22	50	46	12	49	32	68	36	48	280	 ***
88	0	3	64	42	40	12	24	72	298	
12	12	19	70	77	8	0	100	67	278	
0	8	52	82	9	0	22	0	162	308	
32	0	72	76	40	4	48	48	33	290	
50	22	46	14	12	88	36	77	0	298	
32	4	48	23	0	85	44	58	88	261	
12	38	50	12	55	40	36	44	73	283	
22	34	66	16	49	32	68	36	40	280	
32	0	2	8	48	0	31	48	194	280	
40	103	27	84	0	0	61	32	10	286	
0	42	32	0	56	0	11	40	174	288	
8	44	57	0	2	36	44	70	121	261	
12	34	36	12	51	40	68	73	34	283	
48	34	18	32	0	149	0	0	143	219	
8	48	60	107	40	74	0	29	16	261	
16	34	42	12	55	42	84	36	39	283	
68	53	44	8	0	0	128	32	27	283	
8	24	8	0	0	32	221	20	52	278	
2	0	16	32	12	0	0	286	64	231	
68	0	0	10	0	60	22	158	32	293	
16	44	146	32	48	0	72	11	20	254	
12	36	34	20	59	32	68	65	34	283	
14	54	0	8	41	36	32	31	150	277	

65	0	10	82	80	38	0	50	272	117	
10	48	2	18	164	1	44	56	122	249	
16	8	48	10	20	80	152	96	12	272	
42	20	0	3	16	88	8	264	273	0	
66	1	4	2	22	76	242	0	73	228	
2	70	106	128	16	8	0	18	69	297	
78	80	36	70	40	8	64	58	9	271	
4	0	80	2	52	104	104	76	22	270	
51	59	50	108	86	52	48	0	0	260	
24	19	0	99	82	46	128	0	48	268	
4	126	0	34	4	48	44	169	16	269	
8	50	136	50	24	52	133	261	0	0	
0	46	34	108	64	8	86	74	0	294	
12	64	49	64	38	0	55	82	70	280	
22	50	46	10	52	48	72	59	66	289	 ***
59	4	98	32	88	40	0	107	14	272	
70	34	46	54	28	9	74	84	20	295	
86	7	60	29	40	0	74	54	68	296	
0	20	88	166	32	4	0	32	291	81	
42	0	68	44	8	32	9	283	0	228	
0	22	0	104	127	2	41	17	139	262	
20	58	4	72	106	27	50	0	82	295	
130	0	0	18	0	4	8	225	277	52	
27	48	14	58	56	32	74	61	58	286	
65	10	58	1	80	60	84	44	44	268	
83	32	12	43	71	10	117	48	20	278	
0	24	4	28	16	4	235	66	64	273	
52	56	1	24	4	12	187	0	57	321	
10	6	64	2	42	43	28	36	225	258	
86	26	68	92	24	8	66	0	64	280	
0	124	99	18	0	10	82	65	64	252	
6	148	10	38	4	39	40	0	104	325	
77	80	30	64	17	48	32	44	48	274	
18	0	40	18	16	12	32	122	279	177	
80	59	26	12	16	45	60	67	32	317	
80	34	96	66	0	38	52	16	44	288	
32	80	32	42	97	0	92	44	295	0	
36	4	130	36	67	24	84	52	8	273	
35	20	0	6	6	8	2	160	277	200	
16	48	14	8	68	40	81	38	109	292	
36	0	38	98	0	38	32	197	40	235	
56	20	25	34	68	12	36	190	0	273	
50	0	52	40	144	0	44	0	116	268	
24	64	48	55	2	10	32	48	199	232	
0	2	0	76	8	20	48	58	257	245	
0	0	8	0	44	18	176	122	65	281	
38	41	0	40	36	49	98	100	50	262	
52	40	48	22	38	68	58	108	0	280	
0	60	44	48	99	11	51	38	97	266	
99	32	91	43	0	10	140	34	265	0	

72	72	32	42	154	8	262	0	126	0	
26	101	0	80	136	21	32	106	0	266	
96	73	116	0	72	34	74	36	0	267	
49	8	99	82	87	67	0	0	254	122	
40	23	2	42	74	82	105	0	131	269	
51	48	60	0	87	160	104	224	34	0	
32	1	52	100	66	48	155	16	32	266	
70	0	28	80	0	26	88	218	32	226	
22	96	21	74	0	40	150	0	96	269	
16	0	35	64	48	29	214	40	44	278	
72	58	34	21	10	32	38	78	144	281	
112	65	61	4	91	119	50	0	266	0	
65	17	6	0	10	80	262	98	230	0	
0	72	74	86	0	56	281	171	0	28	
40	90	32	91	64	83	0	44	56	268	
55	48	8	10	43	64	98	54	110	278	
0	34	0	75	8	114	59	129	101	248	
35	32	32	48	34	70	110	56	69	282	
82	9	0	40	16	0	86	64	198	273	
100	116	48	2	42	4	64	35	58	299	
73	44	34	69	10	74	0	100	92	272	
22	49	24	10	94	64	100	62	65	278	
58	98	48	0	32	62	32	227	0	211	
29	42	100	68	56	0	137	70	18	248	
40	32	116	94	89	97	0	106	0	194	
71	34	50	8	62	48	22	128	83	262	
22	48	27	51	75	48	100	54	65	278	
96	108	116	0	0	0	165	69	162	52	
22	48	40	43	59	33	97	54	94	278	 ***
22	72	9	26	43	67	100	86	65	278	
45	111	59	114	12	0	90	0	65	272	
46	38	64	0	17	34	0	267	89	213	
116	43	0	82	65	70	41	0	90	261	
6	50	48	192	0	109	0	116	73	174	
85	0	52	56	42	22	112	84	37	278	
104	38	0	64	28	169	243	32	24	66	
0	36	10	108	89	0	48	74	114	289	
115	18	69	34	20	36	96	66	52	262	
10	64	35	120	0	47	91	49	90	262	
41	66	0	0	54	106	54	89	78	280	
36	42	33	68	80	56	106	59	26	262	
68	72	0	128	20	17	32	53	105	273	
0	0	60	56	61	30	242	239	0	80	

