#171	511	457	267	259	0	52	1007	0	1006	
#52	145	313	383	30	252	938	1023	88	506	
#0	201	370	271	311	148	292	991	123	1023	
#4	414	263	142	415	369	155	922	1023	23	 ***
#369	374	256	228	61	380	950	44	45	1023	

288	0	12	495	0	8	909	1023	378	274	
149	422	45	385	415	255	153	1023	228	312	
15	4	511	313	138	362	346	1011	396	291	
61	87	64	122	45	404	130	1023	991	460	
19	483	114	141	408	373	275	543	1023	8	
126	414	15	152	400	373	1023	593	291	0	
0	38	335	427	1	42	378	922	1023	221	
4	399	23	122	404	407	54	803	148	1023	
0	511	91	506	321	152	969	768	0	69	
414	222	36	77	0	457	1023	737	0	421	
19	460	259	172	423	369	1023	418	167	77	
30	305	366	198	38	31	384	551	1023	461	
282	271	366	274	106	182	145	1023	275	463	
293	429	15	141	400	247	275	289	1023	275	 ***
107	289	91	411	386	137	45	1022	0	899	
91	58	289	23	259	8	1013	1023	623	0	
134	452	15	161	415	369	279	539	1023	0	

31	38	425	390	171	34	351	471	1023	517	
357	30	12	328	293	282	272	625	1023	229	
60	37	164	297	188	77	945	380	1023	280	
172	185	15	275	408	337	1023	345	411	280	
262	24	282	65	175	285	704	445	1023	186	
232	170	23	137	400	255	580	282	349	1023	
499	397	102	99	0	49	740	378	1023	164	
92	34	502	347	0	45	489	306	1023	613	
172	185	31	137	400	308	527	328	1023	340	
247	109	27	156	370	308	511	290	1023	410	
72	83	283	137	297	426	0	1023	130	1000	
8	153	302	79	159	469	488	196	1023	574	
234	200	15	137	430	245	527	336	304	1023	
96	165	16	438	305	14	441	461	1023	492	
73	160	282	94	0	419	461	0	1023	939	
152	23	8	248	242	34	415	458	1023	848	
123	250	64	321	214	46	370	628	1023	412	
232	125	15	130	415	307	511	318	375	1023	
320	0	186	484	191	16	914	113	1023	204	
172	170	23	145	400	491	449	1023	303	275	
23	484	350	374	435	511	84	1023	167	0	
286	124	168	306	320	511	446	774	516	0	
190	8	28	156	507	126	878	214	1023	321	
34	24	252	30	31	0	396	1009	1023	652	
0	329	484	277	114	190	0	815	1023	219	
68	233	64	404	511	305	893	0	695	278	
247	155	16	130	430	314	267	350	1023	519	
12	387	69	153	0	53	168	992	1023	594	
510	222	382	354	0	271	297	236	1023	156	
322	155	15	381	408	247	267	359	274	1023	
232	399	15	145	400	244	342	336	315	1023	
0	510	34	511	60	0	274	153	982	927	
45	197	61	0	503	0	587	391	1023	644	
232	155	23	137	415	488	357	346	1023	275	 ***
34	0	427	98	435	45	985	1023	404	0	
110	185	15	137	408	247	366	431	529	1023	
460	382	205	225	4	57	0	1023	950	145	
172	185	15	511	400	319	267	303	569	710	
470	511	504	271	244	0	334	206	911	0	
0	30	4	457	472	366	995	29	1023	75	
419	48	33	492	95	411	0	533	1023	397	
58	337	30	212	400	491	92	436	1023	372	
180	167	15	122	460	511	267	287	516	926	
335	187	65	293	336	164	294	449	1023	305	
384	411	15	511	400	0	645	281	529	275	

290	155	23	122	385	488	244	1023	205	586	
504	0	121	0	364	30	108	582	1023	789	
198	155	267	244	490	488	203	182	1023	271	
274	125	117	0	313	83	303	921	1023	362	
46	155	23	381	420	503	312	391	1023	267	 ***
278	47	76	88	362	0	545	653	1023	449	
168	170	57	366	507	488	271	228	243	1023	
412	460	511	0	415	64	342	222	251	844	
46	155	24	137	475	308	346	553	454	1023	
0	53	30	159	189	45	1006	0	1019	1020	
91	277	267	122	381	488	295	1023	250	327	
244	0	99	194	105	423	326	836	1023	271	
457	434	289	0	288	252	259	88	1020	434	
168	155	511	182	503	274	349	706	406	267	
115	383	138	46	164	304	844	506	1021	0	
46	155	24	426	441	244	263	1023	316	583	
46	155	297	122	449	244	1023	304	235	646	
142	198	45	416	0	334	90	784	1023	489	
377	65	60	323	499	105	824	0	1020	248	
167	511	274	83	169	511	91	707	1008	0	
168	155	27	396	445	488	194	298	1023	327	
485	282	167	0	459	0	1023	952	0	153	
374	138	316	0	364	389	411	327	1020	182	
102	45	0	0	157	278	983	804	1023	129	
168	277	23	152	415	304	357	505	1023	297	
172	155	53	122	415	488	312	206	1023	575	
61	155	23	456	415	488	297	317	1023	286	
501	278	137	450	92	160	278	602	1023	0	
168	155	68	137	415	488	331	302	434	1023	
79	422	247	423	289	335	421	282	1023	0	
49	423	69	274	205	357	144	0	1021	979	
206	155	267	122	385	304	530	354	175	1023	
190	464	290	456	20	274	517	1022	91	197	
172	155	23	122	507	496	200	252	1023	571	
361	252	312	0	259	241	0	878	1020	198	
183	155	53	122	415	488	308	575	199	1023	

61	170	244	242	175	403	259	289	1020	69	
319	247	61	400	110	210	15	297	1021	252	
55	155	0	442	267	15	257	391	1023	327	 ***
349	316	511	140	286	460	0	308	562	0	
71	170	0	381	327	30	242	334	354	1023	
45	137	324	240	244	150	316	327	1023	126	
38	155	32	381	328	30	317	316	1023	312	
274	135	0	0	365	110	120	1021	785	122	
75	0	185	173	0	0	301	1023	1008	167	
270	75	263	30	69	23	0	548	1023	631	
152	0	190	328	511	30	177	0	1021	523	
98	216	0	383	282	15	242	334	339	1023	
433	4	75	19	152	244	570	158	1021	256	
53	155	0	511	327	15	348	319	294	910	
274	122	110	90	202	0	574	175	1020	365	
53	155	15	381	328	15	243	396	323	1023	
38	511	17	441	267	0	257	414	727	260	
88	45	457	195	42	0	569	516	1020	0	
30	136	186	15	60	49	1021	426	1009	0	
116	155	0	381	283	75	242	315	1023	342	
133	250	305	442	134	90	273	23	1023	259	
68	30	75	0	505	88	392	405	1020	349	
0	259	0	511	0	106	700	335	983	38	
295	169	145	179	0	0	0	1021	636	487	
38	155	0	381	282	15	365	1023	353	320	
84	0	342	90	404	319	360	313	1020	0	
366	139	442	125	190	8	381	170	1021	90	
106	91	411	38	144	0	46	1011	1020	65	
0	129	229	122	60	274	429	107	1023	559	
30	272	68	137	64	0	182	423	1022	734	
511	457	0	257	0	12	1019	315	312	49	
38	155	0	443	511	75	242	334	354	780	
99	155	0	366	297	15	289	304	1023	384	
55	155	0	366	327	15	295	357	1023	339	
53	231	0	381	268	30	242	396	308	1023	
38	87	15	60	349	228	81	809	1021	244	
120	509	0	0	105	243	535	0	993	427	
0	98	80	0	511	272	644	0	313	1014	
38	155	0	457	312	75	1023	315	305	252	

173	155	0	427	278	15	151	144	404	1023	
106	105	154	76	265	297	319	425	1023	0	
4	511	45	502	424	151	784	0	30	319	
15	133	53	304	68	219	282	479	1021	196	
90	129	49	511	327	105	0	563	996	0	
30	45	368	60	60	60	0	958	166	1023	
15	105	15	165	120	0	213	324	1021	792	
68	60	30	457	338	75	1022	121	287	312	
272	105	0	274	244	110	137	500	1022	106	
83	125	30	457	267	30	135	159	1022	462	
218	323	30	76	259	304	49	337	1023	151	
180	0	64	487	0	60	0	212	746	1021	
120	30	120	105	94	0	1022	289	0	990	
45	30	181	139	357	274	442	160	1021	121	
289	53	60	90	501	105	499	151	1022	0	
75	0	226	15	121	173	289	830	1022	19	
53	121	30	487	263	30	307	144	1023	312	
0	268	274	511	98	502	417	114	586	0	
244	30	334	198	219	45	289	61	1023	327	
68	109	75	427	327	120	105	373	1021	145	
188	125	60	457	267	60	105	159	1022	327	
68	94	0	487	267	45	135	371	1021	282	
75	23	128	120	259	30	1023	274	838	0	
83	121	0	487	278	90	417	113	1021	160	
15	60	98	105	87	365	845	0	1022	173	
210	274	120	274	45	511	319	1017	0	0	
113	125	0	457	327	60	120	144	1021	403	
105	135	75	328	291	304	122	387	1023	0	
113	155	45	472	267	15	135	159	1022	387	 ***
305	226	30	105	0	120	831	15	120	1018	
83	64	0	395	297	75	1022	227	325	282	
91	364	15	151	0	150	409	157	1022	411	
83	125	0	442	511	15	197	174	389	834	
122	120	60	90	75	304	1023	15	855	106	
83	511	0	427	293	15	616	129	339	357	
259	34	166	219	105	511	1006	0	0	470	
68	0	98	158	23	0	38	438	1022	925	
76	15	90	75	90	350	4	882	1021	167	
45	139	75	0	15	395	90	714	1022	275	
68	120	180	304	350	105	80	15	1023	525	
170	60	195	0	0	60	967	1021	252	45	
83	94	60	427	297	90	409	129	1021	160	
181	150	30	509	0	0	1022	486	69	323	
113	155	75	487	267	15	409	144	1022	83	
289	19	45	120	167	128	121	90	1023	768	
0	321	215	411	106	17	624	53	1023	0	

99	83	68	85	143	206	563	410	1023	0	
117	121	45	380	400	0	30	206	1023	358	
113	151	49	472	263	0	30	328	251	1023	
90	95	147	0	113	274	0	135	1023	803	
0	120	60	30	66	128	384	869	1023	0	
61	253	511	0	79	105	688	53	930	0	
0	60	60	106	502	0	105	489	1023	335	
60	0	274	124	0	47	90	942	1023	120	
0	121	45	511	4	0	194	792	968	45	
15	0	45	305	75	60	199	1023	852	106	
196	68	0	365	51	75	125	107	1023	670	
113	136	49	473	263	0	30	84	509	1023	
304	76	135	75	0	90	91	1018	846	45	
105	151	75	472	263	0	326	84	1023	181	 ***
113	121	45	354	263	0	30	144	587	1023	
61	30	45	511	463	30	274	247	0	1019	
83	121	45	385	511	0	152	129	236	1018	
60	90	364	0	75	61	0	1018	45	967	
75	45	150	30	32	45	76	259	1023	945	
130	151	45	511	263	0	45	373	942	220	
30	0	90	151	321	30	45	975	1023	15	
130	151	45	472	293	0	30	1023	423	113	
45	511	433	32	0	223	130	495	811	0	
511	233	202	105	15	0	373	571	670	0	
113	121	45	243	293	0	274	239	329	1023	
113	121	45	472	282	0	30	328	266	1023	
113	121	45	472	400	0	1023	84	266	156	
120	32	90	121	259	45	15	45	1023	930	
91	511	485	0	0	411	30	1015	137	0	
60	259	0	511	75	45	135	0	968	627	
61	15	166	19	0	30	1023	342	902	122	
105	60	45	350	507	0	106	1023	213	271	

106	80	107	256	0	263	346	126	1023	266	
4	324	90	0	90	121	120	771	1023	30	
105	60	121	0	308	275	156	95	1023	430	
105	113	75	472	248	4	163	87	283	1023	
83	511	15	385	94	365	967	0	0	153	
349	8	4	75	136	75	15	142	1023	746	
166	274	15	79	75	38	0	31	1023	872	
304	236	88	34	49	333	278	0	1023	228	
244	79	169	49	0	30	79	810	1022	91	
95	308	121	60	143	94	305	424	1023	0	
139	90	75	351	396	19	156	1023	236	88	
98	19	45	263	30	511	212	967	75	353	
0	0	98	15	105	95	1023	30	887	320	
0	60	124	45	182	501	484	0	1023	154	
105	200	75	472	267	1	68	1023	279	83	
139	90	75	476	319	0	69	103	279	1023	
113	94	105	492	248	0	68	347	1023	83	 ***
113	151	105	354	244	0	126	140	317	1023	
135	120	75	487	251	0	165	53	264	1023	
279	511	30	64	396	30	0	0	944	319	
72	45	0	365	50	210	0	621	1023	187	
505	94	38	136	0	511	925	0	0	364	
511	143	19	0	120	0	0	986	79	715	
138	120	79	476	248	511	313	79	526	83	
61	113	30	0	195	60	95	996	1023	0	
110	95	75	472	274	0	317	49	1023	158	
154	90	94	506	275	0	69	1023	279	83	
120	90	94	472	12	0	112	1023	187	463	

237	160	109	117	120	265	421	0	1023	591	
85	120	23	120	30	334	319	743	1023	246	
90	90	106	342	45	511	136	170	1022	531	
226	113	79	400	364	60	1023	0	0	778	
129	94	60	506	334	68	109	515	1023	205	 ***
98	84	0	257	349	334	135	608	1023	155	
334	105	50	90	0	38	1023	903	319	181	
93	438	38	203	90	120	1023	27	1011	0	
398	511	34	274	342	99	167	842	170	206	
87	45	289	49	90	225	152	741	1023	342	
188	34	60	369	336	72	175	349	437	1023	
80	135	61	379	86	426	30	789	1023	34	
323	235	79	30	327	335	528	163	1023	0	
139	75	30	211	123	221	90	883	1023	248	
114	15	80	297	351	151	1023	105	0	907	
158	96	60	385	244	0	167	1023	644	266	
203	194	60	399	274	0	99	298	493	1023	
168	216	128	369	274	0	1023	350	357	158	
0	511	0	206	109	332	181	213	709	782	
151	34	220	492	274	0	297	218	334	1023	
76	0	143	34	120	75	703	807	1023	62	
204	188	0	245	0	425	388	1023	141	429	
95	199	47	504	151	275	547	202	1023	0	
143	66	190	444	15	0	90	319	1023	753	
152	509	8	102	160	409	342	338	1023	0	
105	503	75	295	511	274	1011	0	0	269	
68	16	60	105	237	411	75	105	1023	943	
278	379	148	435	66	274	222	218	1023	0	
304	121	120	215	143	323	251	263	1023	280	

0	76	126	511	45	286	1021	92	736	0	
365	49	244	102	32	38	61	873	1023	106	
88	93	45	128	57	456	437	201	1023	365	
129	34	64	369	274	98	182	1021	539	183	
99	42	60	511	473	78	75	156	910	489	
53	90	125	70	385	256	77	463	1023	351	
129	64	60	399	274	78	167	198	501	1023	
42	57	53	365	60	511	98	227	982	498	
510	511	301	304	94	182	0	850	0	141	
114	103	60	369	274	70	243	137	500	1023	
79	151	93	145	396	244	30	105	1023	627	
42	162	0	135	0	394	1023	98	700	339	
30	308	334	137	0	19	158	767	1023	117	
114	34	136	369	282	70	167	167	531	1023	
139	4	60	369	274	70	167	593	1023	194	
259	135	344	511	0	200	124	212	834	274	
57	289	72	121	8	152	244	1023	0	927	
129	80	60	369	274	83	167	567	1023	141	 ***
164	10	407	60	0	128	304	548	1023	249	
189	42	60	369	335	68	45	183	1023	579	
129	79	60	369	274	113	244	101	501	1023	
60	289	361	30	191	48	60	246	1023	585	
162	511	490	376	84	151	606	0	513	0	
120	83	125	0	335	364	130	91	1023	622	
77	75	8	327	107	419	76	706	1023	75	
121	304	0	163	185	305	327	242	1023	223	
72	110	487	19	244	160	60	658	1023	60	
68	8	274	319	105	64	379	91	1023	562	
0	23	75	150	297	0	143	189	1023	993	
99	34	60	377	33	98	136	881	1023	152	

101	79	60	377	30	59	1023	364	318	149	
4	19	98	511	58	182	106	559	1023	0	
99	91	60	395	42	59	1023	329	257	205	
99	79	64	281	35	63	338	319	1023	259	
64	87	38	74	90	278	274	1023	491	141	
23	365	79	30	128	38	163	378	333	1023	
99	98	64	373	31	53	169	353	1023	297	
103	110	60	491	38	53	329	79	1023	274	 ***
129	79	184	385	53	67	1023	75	291	274	
30	304	15	68	68	30	628	1023	220	174	
53	136	49	318	45	130	212	0	1023	594	
101	205	83	511	30	103	254	62	274	937	
114	68	30	30	110	95	1022	68	0	1023	
0	90	503	365	0	511	34	33	945	79	
133	94	60	385	32	68	45	332	388	1023	
15	197	37	394	107	83	651	0	1023	53	
154	310	98	88	0	511	160	0	921	318	
144	83	511	373	30	61	228	610	257	263	
151	148	37	66	0	60	73	1023	1002	0	
129	107	60	369	152	83	304	76	257	1023	
129	83	60	369	35	219	1023	62	276	304	
120	141	79	42	45	309	0	543	1023	258	
103	87	60	487	30	511	284	91	297	610	
99	79	98	320	76	53	259	77	476	1023	

30	282	107	190	23	169	1023	540	72	0	
103	79	60	511	289	64	156	42	346	786	
118	100	433	75	126	194	1023	2	0	365	
270	176	395	279	511	259	155	0	0	391	
68	49	15	425	93	34	356	238	1023	135	
76	17	15	511	49	15	442	0	1019	292	
103	79	70	491	30	45	55	124	1023	416	
277	0	49	148	34	511	316	87	1014	0	
215	32	0	213	511	0	126	278	45	1016	
174	68	34	60	109	0	61	177	1023	730	
410	34	0	0	111	101	292	187	1023	278	
53	505	0	15	511	63	99	1023	0	167	
42	53	434	87	251	511	45	48	965	0	
118	91	88	333	60	0	137	537	1023	49	
79	124	184	331	0	0	355	135	1023	205	
60	45	151	35	17	135	34	61	1023	875	
83	0	140	40	30	136	372	194	1023	418	
236	60	39	139	151	0	331	340	1023	117	
137	109	68	491	30	62	82	34	400	1023	
312	133	2	4	502	49	171	60	1023	180	
118	92	30	492	62	72	184	34	329	1023	
133	511	75	502	0	45	52	49	329	740	
103	109	31	415	45	45	94	49	522	1023	
103	75	60	487	60	64	1022	49	238	278	
123	137	79	491	34	45	108	49	347	1023	
0	200	151	105	83	99	707	1023	68	0	
41	110	79	55	68	0	8	141	1023	911	
0	90	40	365	32	46	484	151	1023	205	
103	79	62	488	45	45	386	49	1023	156	 ***
8	30	0	8	46	197	943	121	1023	60	
68	87	125	109	121	4	773	0	1023	126	
0	47	126	106	511	158	453	846	0	189	
88	323	75	511	45	60	39	42	239	1014	

92	94	75	491	30	109	377	49	1023	137	
92	94	109	274	15	46	115	295	1023	414	
109	88	75	432	15	45	1023	323	352	15	
30	503	105	38	35	150	87	46	460	1023	
94	71	53	243	47	43	680	68	155	1023	
80	54	178	38	0	110	1023	8	896	90	
42	95	172	53	57	68	57	0	1023	910	
120	125	95	430	154	0	128	64	338	1023	
88	95	64	488	34	109	384	49	1023	143	 ***
49	87	54	234	488	76	383	0	1023	83	
0	163	495	30	87	511	258	68	865	0	
100	83	78	258	15	46	318	34	1023	522	
88	94	115	489	16	114	115	34	1023	389	
15	2	79	128	69	81	172	1023	68	840	
19	197	38	53	17	30	53	186	861	1023	
88	115	60	273	19	110	72	316	1023	401	
96	92	64	492	62	46	1023	94	356	152	
197	79	77	35	70	76	759	1023	161	0	
53	38	106	73	108	0	184	1023	38	854	
30	33	30	225	42	57	69	104	1023	864	
109	151	311	0	320	511	0	170	738	167	
125	66	39	199	87	0	347	392	1023	199	
78	34	143	149	301	246	297	206	1023	0	
23	508	76	49	31	12	119	187	1023	449	
0	55	252	511	0	85	402	66	90	1016	
88	79	63	491	23	45	106	49	510	1023	
89	117	64	490	15	105	361	49	1023	164	
89	79	75	488	15	60	77	541	1023	30	

4	136	19	79	90	15	34	1010	1023	128	
84	125	49	417	30	186	99	94	431	1023	
19	12	15	160	91	19	75	972	1023	152	
261	37	109	49	448	55	0	164	1023	392	
114	91	188	335	152	126	187	246	1023	76	 ***
20	235	88	40	506	0	388	89	1023	149	
98	19	76	30	27	139	951	0	1023	175	
84	280	201	324	154	75	65	98	1023	234	
99	151	186	382	171	64	140	38	284	1023	
65	60	23	17	205	60	1023	274	811	0	
15	159	511	23	122	0	122	0	1017	569	
84	228	156	395	38	272	65	1023	200	77	
101	97	156	192	160	45	113	0	1023	651	
107	95	34	320	107	94	187	431	1023	140	
87	166	72	70	19	92	0	885	1023	124	
250	84	110	130	19	79	299	544	1023	0	
148	278	66	321	34	60	1023	231	268	109	
16	91	4	366	171	120	397	1023	132	218	
509	17	230	190	209	75	85	0	1023	200	
506	64	239	91	266	178	53	0	1023	118	
76	91	205	383	152	64	87	184	273	1023	
84	95	129	444	49	131	156	148	279	1023	
17	123	16	216	0	18	879	19	1023	227	
19	31	152	68	141	75	208	821	1023	0	
84	159	70	15	30	120	1023	95	799	143	

177	83	188	45	136	99	779	102	1023	357	
141	76	125	80	150	311	70	131	1023	882	
354	107	191	38	64	192	0	809	1023	211	
159	90	128	259	278	217	257	413	1022	166	
79	266	15	38	0	409	342	316	1022	502	
227	90	124	325	167	130	536	201	1023	166	
30	98	246	75	156	331	191	760	1022	80	
125	90	307	295	156	128	463	171	1023	231	 ***
30	129	246	137	171	128	834	215	1023	76	
100	27	276	201	140	53	97	201	1022	872	
42	90	124	274	175	342	204	171	544	1023	
38	45	75	145	299	128	620	127	1022	490	
48	210	0	373	109	66	120	120	1023	920	
110	94	248	34	220	126	185	490	1022	460	
32	34	113	79	121	372	60	959	1023	196	
40	230	243	121	108	175	136	913	1023	0	
156	6	183	2	98	498	113	34	1023	876	
102	90	124	396	511	126	262	143	308	927	
104	120	116	126	289	83	158	970	1023	0	
511	191	487	45	510	0	15	75	1018	137	
68	240	121	0	122	76	197	1020	122	1023	
49	139	86	80	53	246	167	939	1023	207	
68	166	254	38	152	126	189	167	1022	807	
228	303	511	60	0	152	130	595	0	1010	
311	179	160	0	169	109	535	242	1023	261	
39	111	111	103	209	467	1023	158	768	0	
273	122	0	25	80	34	430	0	1003	1022	
38	482	246	510	274	126	777	175	285	76	

511	19	348	38	511	197	227	108	1015	0	
60	167	68	57	201	244	113	603	1023	438	
285	143	177	34	433	155	538	186	1023	0	
45	60	2	324	337	408	32	76	1023	667	
300	30	254	246	94	0	707	106	1023	214	
61	90	266	278	156	128	293	186	1023	493	
86	90	247	289	176	143	215	231	474	1023	
19	510	250	134	276	0	985	640	92	68	
197	256	227	0	286	160	0	732	1023	93	
122	38	510	137	0	34	75	1020	785	253	
68	90	251	320	156	192	215	231	1022	429	
151	469	136	430	64	0	403	113	1023	185	
60	171	197	0	222	484	137	25	1023	655	
95	510	185	247	137	0	293	268	1023	216	
313	15	30	263	323	75	1021	786	57	91	
66	90	247	369	164	128	208	231	448	1023	
42	23	49	271	183	78	219	802	1023	284	
75	0	122	511	84	273	137	957	632	183	
125	113	428	160	64	0	60	110	1023	891	
90	263	205	122	213	23	187	801	48	1022	
8	15	479	227	509	8	386	259	61	1022	
29	59	91	79	410	60	877	179	1023	167	
247	64	429	182	213	122	1022	638	30	27	
61	106	247	319	156	128	213	186	1023	535	 ***
92	8	282	237	0	510	448	49	364	984	
60	0	60	42	331	114	874	1023	149	321	
15	182	259	76	27	248	152	1023	12	980	
4	259	113	126	15	198	75	980	1023	181	
420	75	156	199	201	200	0	76	1023	624	
174	57	218	286	246	0	543	185	1023	242	
316	199	79	64	457	12	381	186	1023	257	
274	17	450	510	56	89	289	158	1007	124	
259	199	469	42	511	190	46	1006	0	252	
30	45	182	315	42	64	1023	340	665	268	

30	120	265	59	202	79	190	152	1022	633	
0	98	80	120	276	156	0	801	1022	199	
38	105	187	59	180	132	231	563	1023	234	
342	305	0	60	509	90	1023	0	156	267	
511	183	275	410	84	30	0	128	1022	109	
248	183	12	503	332	0	342	110	1022	0	
160	187	510	121	200	182	370	0	0	1022	
30	180	266	60	141	124	183	203	1023	542	 ***
0	305	15	369	249	0	0	736	1023	55	
90	380	4	305	308	72	91	30	1023	449	
0	0	180	224	25	305	718	125	1023	152	
171	0	166	72	258	0	0	1023	317	745	
30	165	255	59	141	126	198	445	1023	310	
30	166	189	59	145	124	187	297	532	1023	
91	159	122	209	16	0	561	263	1022	309	
90	105	187	108	141	124	193	217	564	1023	
103	105	187	91	19	124	366	201	533	1023	
60	30	65	4	353	129	792	79	1023	217	
153	132	76	511	431	303	152	994	0	0	
80	185	183	302	60	334	14	8	1022	564	
61	0	61	509	320	111	91	400	1022	177	
446	220	174	0	0	77	478	335	0	1022	
34	105	197	78	171	185	153	212	1023	594	
250	172	151	203	227	65	0	661	1023	0	
0	461	369	76	150	183	414	0	1020	79	
30	182	374	85	0	140	498	149	1023	271	
30	105	187	82	210	124	1023	212	427	352	
30	109	202	129	141	124	289	171	534	1023	
30	107	191	59	141	184	495	232	1023	290	
79	61	205	76	197	19	538	555	1022	0	
32	105	248	67	141	124	255	342	415	1023	
27	0	60	197	244	38	389	639	1022	136	
0	205	185	0	86	503	307	0	444	1022	
126	198	80	419	12	4	565	137	1023	188	
489	248	0	45	122	4	64	492	289	999	
84	90	182	231	151	309	137	0	1022	546	
126	73	130	90	456	507	60	0	1023	287	
262	273	267	0	12	0	10	217	688	1023	

511	180	187	57	141	94	153	206	546	584	
4	60	137	182	64	90	1007	31	1023	61	
38	180	191	57	143	94	145	357	431	1023	
511	128	187	42	156	60	137	278	790	370	
60	186	0	65	27	99	0	1012	1022	188	
0	508	75	0	0	126	38	1023	525	364	
23	227	110	0	64	175	871	125	1022	42	
60	30	0	282	331	198	1023	75	565	95	
132	8	137	380	0	511	993	83	0	415	
30	180	187	57	143	124	335	149	431	1023	
137	152	0	0	415	0	1022	117	227	589	
23	242	124	266	0	0	715	126	1022	141	
354	155	60	30	501	84	0	0	1023	452	
30	180	80	57	145	122	183	241	1023	598	 ***
0	180	187	59	171	132	153	461	1022	294	
345	90	69	394	0	64	534	38	1023	102	
183	133	0	120	8	212	205	487	1022	289	
243	127	137	14	429	8	0	678	1023	0	
511	53	0	503	126	400	1017	0	49	0	
304	0	64	0	145	151	34	834	1022	105	
47	126	4	8	510	198	109	380	1023	254	
30	188	187	99	141	94	153	172	1023	572	
4	131	511	0	0	191	252	420	136	1014	
30	180	221	65	141	94	153	297	455	1023	
126	45	69	42	403	128	508	122	1023	193	
105	4	4	323	15	45	60	130	950	1023	
30	180	191	57	149	124	153	458	1023	294	
30	91	19	159	126	43	427	75	1023	666	
248	84	205	0	202	75	158	65	1022	600	
0	90	60	137	0	511	180	154	1010	517	
213	75	19	510	0	370	0	343	1023	106	
380	136	0	0	0	83	139	1023	749	149	
30	180	217	57	143	94	145	1022	465	306	
30	180	187	57	141	143	427	177	1023	294	
244	506	88	60	182	0	0	185	1023	371	
30	180	187	511	143	132	145	187	541	603	
30	180	187	69	143	130	153	450	1023	294	

275	38	90	0	0	307	251	856	1023	0	
68	155	64	68	94	301	64	0	1023	1003	
79	42	134	334	90	79	862	198	1022	0	
76	75	152	0	0	135	1012	357	1021	12	
0	182	90	244	0	511	987	64	84	678	
0	409	73	117	15	135	217	663	1023	188	
30	165	349	35	45	511	937	174	436	158	
0	165	159	29	30	137	187	478	633	1022	
8	106	90	0	60	339	60	153	1022	1002	
0	170	95	27	15	120	465	414	511	1023	
45	0	57	30	183	36	98	416	1023	952	
0	395	65	301	34	120	168	272	1023	462	 ***
394	23	120	469	511	0	0	301	1022	0	
0	173	67	27	319	137	477	196	421	1023	
38	60	36	38	8	109	1022	221	928	380	
509	60	335	511	15	0	0	1016	274	120	
0	169	73	147	106	182	1023	174	444	522	
0	165	65	147	23	364	168	1023	682	203	
259	15	120	510	30	400	173	315	1014	4	
73	60	30	260	0	94	304	293	1022	704	
23	114	404	4	0	34	183	180	1023	875	
0	165	65	120	395	190	164	181	538	1022	
366	511	30	0	137	38	105	610	904	139	
369	30	12	456	75	60	769	46	1023	0	
16	0	0	508	511	75	1022	0	15	693	
45	227	34	128	319	4	88	699	1022	274	
511	38	91	30	45	0	945	239	507	434	
31	434	0	342	510	38	278	0	1003	204	
0	30	19	91	382	53	960	0	282	1023	
126	511	0	4	8	404	380	142	961	304	
376	68	511	248	30	30	0	224	961	392	
30	15	316	61	120	384	183	587	1022	122	
511	113	68	0	15	0	159	579	1022	373	
0	173	95	298	159	124	562	189	1022	218	
0	229	309	54	87	120	191	166	662	1022	

90	511	0	0	0	0	0	968	611	154	
0	45	65	297	152	0	182	318	1022	253	
259	137	0	0	0	0	64	1023	821	30	
0	45	4	289	30	0	185	255	1022	504	
0	45	65	415	49	0	192	255	290	1023	
0	49	65	293	15	0	1023	255	309	325	
289	511	0	30	0	45	0	963	0	496	
0	45	95	293	15	0	409	255	1022	200	 ***
15	0	0	167	289	90	60	690	1023	0	
0	60	75	75	0	15	0	160	926	1023	
105	30	0	23	130	0	1023	1023	0	0	
60	105	396	130	0	30	0	274	1020	319	
366	45	15	0	0	0	106	0	1023	779	
0	45	65	293	137	4	1023	255	294	218	
15	0	30	0	0	0	860	349	60	1020	
0	49	65	293	15	0	203	377	1023	309	
8	0	411	505	30	0	0	1023	0	357	
49	30	488	252	8	195	60	126	1023	103	
30	60	0	75	0	0	920	197	1022	30	
0	259	0	75	45	30	38	806	1021	60	
0	60	0	45	511	0	0	0	1018	700	
0	274	156	0	0	15	30	822	15	1022	
0	45	0	304	30	30	0	1022	903	0	
0	387	30	0	38	510	0	1020	349	0	
190	274	501	259	8	45	0	0	1023	34	
0	49	95	293	30	0	256	293	1023	295	
0	453	30	60	15	30	8	708	1022	8	
0	38	137	0	0	0	68	120	1022	949	
152	0	0	0	120	30	1023	0	1009	0	
90	15	90	60	15	244	565	175	1020	60	
0	418	411	274	90	60	60	0	1021	0	
75	0	0	511	30	60	1014	609	35	0	
0	0	319	0	30	75	0	0	1020	890	
0	45	95	289	15	0	323	255	290	1022	
289	0	90	411	0	453	1023	0	68	0	
126	45	65	293	30	30	182	255	1022	286	
0	49	187	293	45	0	182	255	1023	300	
0	45	45	0	468	274	396	0	1016	90	
0	45	65	293	137	0	1023	304	282	185	
0	45	65	334	15	0	182	377	294	1022	
0	30	30	0	30	244	699	160	1021	120	
0	122	503	0	0	90	15	433	1021	150	
15	124	122	372	0	0	0	655	1023	23	

0	0	244	0	319	45	274	0	1015	1022	
60	15	15	273	244	30	726	267	267	1022	
334	320	0	75	244	0	60	0	1023	863	
0	105	30	289	23	0	527	217	1022	706	
75	304	75	346	324	480	0	292	1023	0	
121	34	90	0	113	274	782	0	1023	482	
15	510	91	0	205	0	0	1020	988	90	
38	4	319	289	0	0	1023	289	957	0	
91	319	274	0	15	334	834	0	1022	30	
60	45	34	276	75	511	210	377	1022	309	
274	511	511	334	304	0	0	0	199	786	
0	30	30	319	511	0	400	312	1023	294	
274	30	510	252	0	297	548	0	0	1008	
38	151	30	282	15	0	586	156	1023	638	 ***
0	90	136	0	0	53	381	282	1023	954	
135	244	15	312	30	0	0	305	1023	855	
511	0	30	0	0	159	383	969	0	867	
68	61	244	45	0	511	15	60	1018	897	
121	297	49	244	60	68	244	551	1022	263	
304	23	69	105	0	152	0	970	1022	274	
61	423	30	305	0	0	603	201	274	1022	
15	312	182	259	120	15	312	681	1023	0	
305	304	90	0	0	244	0	1023	389	564	
0	30	98	274	30	0	403	431	1022	631	
334	0	312	0	0	319	367	153	1023	411	
269	441	349	510	244	99	0	0	1007	0	
0	387	30	0	60	282	366	654	1022	118	
45	244	0	0	297	0	1022	916	334	61	
274	75	335	0	205	0	36	1023	971	0	
511	319	0	442	188	15	903	0	541	0	
252	8	244	120	30	442	0	0	1022	801	
396	0	8	0	76	30	248	885	1017	259	
98	68	90	488	177	126	606	0	1022	244	
510	289	198	0	113	0	646	0	919	244	
394	503	33	335	0	0	586	0	1022	46	
15	8	60	68	30	15	1022	533	305	863	
53	30	335	244	244	256	1023	121	455	158	
488	259	0	40	334	0	1022	227	389	160	
15	30	30	274	511	60	1012	141	395	451	

379	160	0	343	0	0	1023	245	684	378	
319	313	190	511	259	0	612	0	0	1008	
8	60	511	274	15	0	939	156	624	625	
274	132	316	259	374	320	0	514	1023	0	
469	205	167	0	488	511	244	252	0	876	
128	4	45	182	511	354	962	256	259	511	
33	0	342	426	244	0	337	296	1023	511	
34	60	8	0	492	60	971	1023	0	564	
264	376	335	511	0	0	0	0	751	975	
137	0	0	511	347	140	0	991	533	553	
15	312	61	0	261	15	0	556	1023	969	
8	60	155	274	15	0	646	334	1023	697	 ***
0	511	150	312	304	331	0	0	846	758	
16	60	53	304	45	0	740	121	1023	850	
297	124	0	335	0	267	846	1023	0	320	
0	122	267	244	60	347	625	197	1023	327	
289	450	87	0	305	165	619	0	1023	274	
379	511	308	0	397	0	106	1023	488	0	
83	365	248	78	328	0	167	0	1023	920	
373	244	60	130	83	334	1023	0	49	916	
72	75	98	244	76	0	1023	283	838	503	
282	0	417	334	53	0	279	0	1023	824	
83	304	30	334	15	170	589	153	1023	511	
94	512	319	80	181	75	655	273	1023	0	
511	30	38	136	79	373	1015	512	0	518	
120	319	259	511	27	0	985	0	648	343	
0	259	425	488	126	98	244	0	549	1023	
410	0	182	244	19	12	744	1022	579	0	
102	245	0	98	0	260	958	282	244	1023	
0	259	4	511	90	60	244	946	854	244	
16	488	68	182	0	342	1023	570	60	463	
244	15	0	0	0	440	930	278	282	1023	
365	511	39	130	0	0	583	263	1013	308	
73	205	68	289	15	0	1023	403	612	524	
511	0	304	60	8	75	231	1000	1023	0	
511	105	23	0	0	0	578	731	1014	250	
69	105	282	278	15	0	1023	275	632	533	
0	304	0	0	511	373	379	402	1023	220	
8	324	68	244	511	0	156	785	613	503	

0	150	121	278	15	0	570	304	1023	342	
91	16	128	259	0	308	1023	0	905	73	
0	0	155	244	0	30	260	433	658	1023	
30	152	141	349	0	0	487	100	1023	521	
4	0	125	244	0	123	281	631	1023	372	
158	60	125	252	0	15	524	304	1023	342	
9	30	215	244	228	0	153	542	1023	359	
0	60	125	244	60	15	1021	323	613	342	
282	0	0	488	61	0	949	0	1023	0	
68	60	125	244	15	8	723	180	1023	357	 ***
0	213	155	259	15	0	401	143	1023	594	
0	8	418	248	8	34	1023	0	973	91	
38	38	511	0	0	286	1023	128	30	749	
268	64	15	24	0	427	588	334	1023	60	
511	38	396	248	0	182	992	244	38	154	
8	0	511	259	45	0	757	287	579	357	

0	510	30	30	0	454	1004	91	105	320	
0	0	304	0	165	0	90	819	1021	145	
30	84	151	305	0	8	1023	184	417	342	
45	60	181	335	0	38	1023	107	413	342	
30	511	121	244	0	8	709	69	470	382	
75	0	0	488	0	84	1023	178	531	165	
274	91	0	60	511	90	970	0	548	0	
0	30	45	0	244	136	1023	886	90	90	
30	121	125	511	15	38	830	107	417	350	 ***
90	45	60	0	274	244	1023	0	750	58	
0	38	30	304	261	133	665	90	1023	0	
30	60	125	274	0	8	1023	129	538	357	
15	380	511	60	0	84	1001	90	0	403	
334	105	0	0	0	30	1017	0	907	151	
0	30	45	61	0	0	131	891	1022	364	
60	60	121	244	30	8	1023	178	478	342	
30	121	511	244	30	8	725	77	456	342	
0	511	0	30	15	15	916	91	882	84	
424	380	511	105	0	30	1022	72	0	0	
123	508	84	64	0	0	1023	0	518	224	
8	61	15	0	511	38	1016	105	698	92	
0	0	15	511	60	211	1013	0	0	734	
329	0	30	398	511	0	0	1006	270	0	
90	0	30	61	15	304	777	244	1023	0	
90	91	90	0	0	84	1023	424	92	650	
511	30	15	121	274	0	972	484	137	0	
304	0	60	38	129	0	1023	380	430	180	
75	60	121	244	30	10	383	69	1023	529	
30	60	17	244	365	0	0	0	805	1023	
394	0	343	61	0	83	1023	456	184	0	
0	0	0	0	383	0	90	1023	1018	30	
90	30	60	0	40	15	1023	244	692	350	
60	0	511	244	0	69	754	98	436	372	
511	121	15	305	53	150	1010	105	274	0	
60	60	121	244	0	8	133	523	1023	372	
274	60	15	511	61	0	1006	57	45	515	
106	60	121	334	0	38	1023	69	413	380	

39	0	109	0	45	394	983	57	1023	68	
72	278	79	500	38	60	1023	0	455	213	
15	34	8	42	111	90	1023	244	244	907	
468	0	17	0	250	171	668	0	1023	121	
60	15	19	0	0	0	242	981	379	1022	
30	121	129	421	0	68	1023	171	394	361	
289	167	90	120	280	353	1023	305	0	91	
60	90	108	0	60	30	1023	281	997	69	
0	0	189	19	502	0	212	1023	683	90	
106	34	98	499	102	278	1022	455	124	0	
0	494	494	0	46	417	105	140	1022	0	
166	182	69	0	30	106	1023	244	748	150	
113	395	317	0	0	231	1023	214	106	319	
128	0	274	72	68	8	1023	129	694	322	
30	351	0	308	23	0	1023	584	158	241	
305	15	121	4	310	0	1023	820	0	120	
8	335	60	0	90	165	1022	784	209	45	
0	173	0	334	227	0	1022	150	431	381	
0	188	455	441	507	30	1021	0	76	0	
320	91	182	120	90	15	1023	0	289	588	
342	239	109	16	0	413	1023	0	128	448	
427	15	0	79	76	0	157	817	1023	124	
506	90	470	4	60	4	1023	457	64	40	
0	0	139	4	278	305	1023	150	182	637	
507	278	45	505	122	128	1023	76	0	34	
45	76	188	286	90	419	1023	501	90	0	
8	168	15	304	34	135	963	1023	0	68	
90	396	0	304	0	61	1021	169	669	8	
61	23	60	128	509	0	1023	15	824	75	
60	110	72	244	147	256	1023	520	0	286	
90	0	23	171	90	349	1023	749	72	151	
49	61	151	453	0	38	1023	105	406	432	
45	76	148	323	0	38	1023	117	394	554	
190	332	0	79	0	319	1023	541	0	234	
0	0	15	0	76	503	79	158	865	1022	
60	98	339	167	8	83	850	1023	0	90	
60	128	398	30	34	136	1023	65	75	769	
64	0	99	15	471	498	1022	0	75	474	
45	121	144	357	0	106	1023	171	409	342	 ***
270	506	4	0	16	0	1022	64	715	121	
504	83	0	151	120	0	1023	136	0	701	

259	244	0	507	352	126	1023	586	0	144	
15	243	150	263	274	308	1023	105	19	841	
60	0	278	473	511	72	1022	0	791	34	
216	12	15	289	425	15	1023	60	672	514	
60	125	129	297	244	98	1023	385	394	486	
34	305	129	419	0	121	1022	141	462	608	
30	61	145	419	0	136	400	389	1023	638	
388	496	35	308	456	167	517	0	874	0	
90	76	334	278	242	23	1023	518	657	0	
4	156	319	383	15	0	1023	411	930	0	
232	186	136	0	383	316	1023	104	0	861	
30	183	129	511	0	136	835	689	394	334	
305	128	200	0	0	458	364	0	763	1023	
0	319	30	45	0	152	1023	95	939	638	
30	125	373	449	0	98	1023	445	394	304	
156	313	128	30	256	275	1023	128	0	932	
364	30	274	0	120	99	1022	1020	312	0	
57	441	68	64	0	105	1022	389	305	790	
274	350	189	305	0	110	1022	141	516	334	
267	242	90	388	503	272	1023	64	365	27	
0	509	0	0	511	312	1012	154	30	713	
61	309	0	182	126	446	1023	106	0	988	
0	0	456	511	334	0	505	208	922	305	
30	61	364	182	503	120	898	1022	61	0	
376	105	232	511	274	152	591	0	1000	0	
30	69	129	398	0	342	1023	304	398	548	
198	156	60	364	23	430	987	0	0	1023	
511	91	488	0	0	358	90	475	205	1023	
134	190	394	301	252	241	1022	53	274	380	
0	395	182	149	0	154	1022	60	730	549	
30	69	144	297	366	106	1022	205	668	334	 ***
77	0	319	502	123	267	1023	244	546	140	
511	457	374	109	76	486	923	305	0	0	
274	68	8	0	418	45	1023	640	212	553	
152	61	129	293	8	102	1022	716	454	304	

