#1088	1124	168	0	112	80	0	2760	2928	80	
#272	84	160	0	244	432	3080	4	240	3824	 ***
#36	4	240	0	84	720	5320	1344	272	320	
#320	400	80	32	192	704	5112	248	1252	0	
#272	272	80	160	80	0	160	516	4272	2528	
#80	196	160	2384	80	0	224	4380	276	560	

912	500	384	320	192	4	2064	0	160	3016	
112	744	240	0	272	320	1716	480	464	3204	
400	0	432	192	240	80	4784	240	1184	0	
0	80	304	0	580	560	2152	224	112	3540	
160	1008	948	0	240	0	3476	836	292	592	
560	2032	192	0	0	196	1016	80	3444	32	
272	80	160	0	164	592	2692	116	272	3204	
32	320	0	1024	480	304	4960	0	352	80	
272	80	480	0	308	432	2580	84	272	3044	
320	0	64	272	400	0	384	356	2520	3236	
304	80	192	32	164	432	2724	8	400	3216	 ***
0	0	464	420	560	596	224	272	112	4904	
480	352	0	1520	0	304	80	4416	320	80	
240	1488	432	272	0	112	0	160	4704	144	
464	944	400	272	64	196	1656	240	0	3316	
0	144	720	1536	80	192	4768	0	112	0	

512	480	244	256	468	432	32	0	500	5140	
160	480	64	112	1072	80	4428	512	0	1156	
64	192	640	384	404	160	2884	340	0	2996	
272	112	800	192	80	0	3352	516	628	2112	
324	400	480	496	544	0	3816	580	1424	0	
0	528	32	0	352	432	832	240	672	4976	
224	80	192	672	164	592	836	84	400	4820	
112	464	160	400	384	1216	4248	160	0	920	
0	32	480	0	464	320	4092	996	160	1520	
224	80	192	32	164	752	1332	116	400	4772	
224	80	32	32	484	432	2580	756	400	3044	 ***
160	176	144	0	272	832	992	480	192	4816	
676	160	64	1332	1636	704	3300	192	0	0	
912	160	128	0	0	400	1612	352	704	3796	
32	240	512	96	112	400	592	1072	240	4768	
320	0	32	256	0	272	708	1240	464	4772	

160	64	160	64	560	32	1376	1104	2176	3684	
752	560	0	0	160	816	4500	992	880	720	
0	160	432	336	960	0	704	1904	544	4340	
224	880	32	672	512	432	2144	752	400	3332	 ***
640	112	160	1136	1072	624	192	112	0	5332	
64	112	80	1024	224	880	1200	224	640	4932	
112	1120	0	432	448	0	4164	2304	0	800	
832	784	416	624	512	0	1392	3620	0	1200	
112	224	192	160	912	1072	1808	672	112	4116	
0	160	1264	2772	272	1120	2848	32	0	912	
720	352	672	32	1264	0	320	2804	32	3184	
320	0	192	624	1264	672	32	672	304	5300	
224	1216	160	1152	320	0	192	144	1360	4612	
384	352	1232	352	672	1392	64	0	560	4372	
512	160	0	1280	736	560	304	384	416	5028	
0	672	672	512	80	1744	240	352	736	4372	
1456	192	0	272	0	832	5412	736	160	320	
848	0	2112	640	352	0	3572	384	32	1440	
0	560	784	240	1072	80	3376	400	32	2836	
272	64	992	752	400	384	4628	1248	0	640	
320	80	672	0	640	400	4484	1232	1120	432	
272	352	736	80	832	0	4948	512	1072	576	
384	80	32	672	480	432	2260	2128	400	2512	
1328	800	320	512	160	32	912	32	272	5012	
736	1344	352	0	80	240	672	784	160	5012	
288	864	0	352	512	992	2900	672	80	2720	
480	1072	752	320	112	704	752	0	304	4884	
224	752	32	32	480	352	5412	912	400	784	
400	512	592	64	0	784	4132	672	1744	480	
352	160	272	2224	272	160	352	416	0	5172	
1072	352	240	1936	1424	0	320	1956	0	2080	
336	1104	880	0	0	80	624	624	976	4756	
0	336	400	624	400	0	816	640	1008	5156	
624	64	960	0	752	624	784	64	2560	2948	
0	96	1472	912	160	384	2096	384	240	3636	
224	80	32	64	480	592	2080	1392	1040	3396	

240	640	160	2192	464	112	80	1824	464	3472	
640	0	720	320	960	240	112	928	1280	4448	
272	176	352	2192	512	80	64	1728	480	3792	
64	880	32	1472	432	432	576	752	240	4768	
512	672	0	240	0	720	0	672	3456	3376	
32	752	464	480	960	2240	0	544	0	4176	
1472	992	1488	0	32	592	0	0	992	4080	
800	720	352	0	864	352	1392	1200	0	3968	
576	1840	512	0	320	800	5248	160	192	0	
32	0	0	800	2400	1472	352	3264	320	1008	
0	736	832	560	160	1440	368	0	160	5392	
432	832	2896	1440	80	32	2624	32	640	640	
640	384	320	960	112	0	400	640	2736	3456	
80	1312	672	0	880	320	112	512	992	4768	
1600	352	960	0	352	1920	2976	160	1328	0	
1472	2528	32	0	0	1072	1744	1360	1120	320	
0	432	736	0	1680	272	480	384	1024	4640	
560	672	1280	0	80	192	1232	0	5392	240	
752	272	272	1120	1264	0	352	704	0	4912	
160	256	672	864	224	0	2064	0	1072	4336	
1280	0	240	1312	112	160	1024	176	1280	4064	
80	352	688	800	960	256	1616	1104	0	3792	
144	320	240	1312	2288	0	1072	832	464	2976	
64	800	64	672	432	512	1216	720	320	4848	
176	320	80	352	640	1312	64	1264	960	4480	
832	896	464	672	1024	0	4624	1104	32	0	
0	304	1024	1360	0	0	4352	0	576	2032	
144	1472	0	800	832	224	960	320	240	4656	
464	0	1152	80	704	480	1712	384	832	3840	
96	160	720	480	240	32	1728	1680	0	4512	
32	2944	1472	1200	0	160	704	192	864	2080	
64	800	672	672	432	592	736	720	240	4720	 ***
64	352	464	1440	0	832	656	0	544	5296	
2544	1120	0	752	352	640	0	64	752	3424	
672	320	384	720	0	0	4992	992	784	784	
64	800	64	912	432	432	704	720	240	5280	
352	800	352	1280	0	864	784	656	992	3568	
880	0	112	1888	0	512	1184	0	704	4368	
0	112	640	880	0	336	1312	976	432	4960	
1888	1088	384	640	400	1280	3312	32	624	0	
64	800	32	2288	432	432	512	880	240	3968	
1520	192	0	992	192	64	4880	80	832	896	

304	352	640	544	672	224	1376	320	1952	3040	
160	2064	352	64	320	752	640	512	960	3600	
0	752	1344	64	720	224	352	1024	944	4000	
864	960	672	112	912	544	3232	720	240	1168	
240	832	0	400	704	1264	1120	672	672	3520	
0	960	224	160	480	144	1232	1312	0	4912	
192	912	464	32	0	560	4976	1392	896	0	
0	1072	80	1136	80	1696	0	4416	32	912	
672	256	832	0	992	1824	0	592	1264	2992	
224	272	240	800	0	640	80	960	2976	3232	
144	1360	832	32	1072	672	624	992	240	3456	
432	80	192	240	1072	272	1600	1232	832	3472	
304	784	672	0	1200	1232	160	1648	272	3152	
240	1696	480	80	752	272	960	3232	832	880	
1520	640	2320	1120	624	0	0	1056	2144	0	
272	1728	784	144	1280	1152	0	0	496	3568	
800	432	32	2528	1104	2336	208	0	1984	0	
720	672	384	144	608	592	384	0	1792	4128	
400	944	224	960	64	80	320	1104	2256	3072	
144	800	672	192	1072	752	224	720	480	4368	
960	480	272	320	160	1664	4272	272	1024	0	
160	1120	272	1152	1696	256	3280	512	0	976	
800	176	672	272	752	1440	1168	864	0	3280	
224	192	432	112	480	192	544	1872	1664	3712	
144	1104	1392	32	512	672	192	1040	240	4096	
0	640	560	640	352	336	720	3472	0	2704	
320	1120	512	112	0	160	3936	1424	1840	0	
544	800	672	192	1152	512	704	992	400	3456	
1344	592	992	0	192	784	464	0	1136	3920	
1600	2096	112	0	352	160	592	3552	960	0	
64	1280	752	112	432	512	816	720	480	4256	 ***
880	1072	0	1280	2208	0	2096	400	1488	0	
400	112	144	0	720	960	992	880	880	4336	
464	720	0	0	1200	112	800	1600	224	4304	
384	80	592	1296	160	1104	1296	1040	192	3280	
112	880	832	272	384	640	3184	800	400	1920	
2480	1232	528	112	1072	64	0	3344	0	592	
144	800	1472	32	352	1232	3184	720	480	1008	
560	0	272	480	432	112	1520	80	880	5088	
144	912	640	352	432	480	2080	720	240	3424	
400	464	752	1088	272	0	1360	832	944	3312	
64	1040	1504	112	432	592	3392	880	480	928	

800	0	0	1472	192	192	160	2336	240	2048	
320	192	192	80	1440	160	800	1536	0	2720	
0	160	192	592	240	1024	240	640	480	3872	
304	32	464	704	1280	160	0	0	640	3856	
64	480	720	112	512	480	1104	80	352	3536	
3040	0	800	0	320	704	1840	272	464	0	
96	480	752	272	384	480	304	592	400	3680	
272	304	80	672	160	624	1296	1744	112	2176	
112	272	112	544	1152	752	0	160	1552	2784	
512	240	640	32	240	800	272	160	1664	2880	
624	832	160	752	1120	192	64	0	944	2752	
0	0	432	800	2208	144	0	80	1680	2096	
1440	208	240	560	192	192	1056	496	0	3056	
1568	192	960	0	0	400	944	800	2576	0	
32	480	912	112	352	480	1136	80	320	3536	
432	560	800	992	464	0	1648	320	0	2224	
128	240	672	80	864	320	320	784	224	3808	
96	480	752	112	432	672	464	496	400	3536	 ***
512	352	192	80	240	400	3408	0	0	2256	
80	1120	0	0	32	432	112	2256	880	2528	
144	0	432	1280	64	192	1168	192	1072	2896	
160	0	0	464	480	480	1072	1136	1392	2256	
944	320	240	320	0	864	592	1264	80	2816	
192	512	144	224	240	640	352	0	2320	2816	
0	0	320	0	912	240	3392	800	944	832	
192	720	832	272	384	192	1008	1552	0	2288	
64	480	720	112	432	512	880	336	400	3504	
80	224	1552	192	800	0	0	320	320	3952	
224	272	672	192	0	1040	2304	336	192	2208	
592	0	160	944	160	144	0	4000	1440	0	
32	480	912	112	352	480	1168	80	320	3504	
64	480	752	112	352	480	1104	80	480	3536	
64	592	752	112	352	480	880	80	400	3728	
384	432	0	32	0	240	1472	688	912	3280	
80	32	720	192	880	80	1232	80	1040	3104	

1360	544	944	224	592	0	304	2532	0	1080	
880	64	240	640	160	1860	196	320	2708	512	
160	516	0	240	36	432	1636	0	768	3792	
0	512	116	0	240	832	724	484	1264	3408	
512	160	304	640	1392	112	756	152	512	3040	
436	592	1264	224	320	244	800	608	0	3092	
640	0	960	392	192	836	3056	1504	0	0	
1264	400	112	116	0	80	1928	32	480	3168	
160	0	516	32	224	80	3812	1924	512	320	
1488	480	720	112	0	676	304	32	1124	2644	
224	480	960	0	4	704	464	32	408	4304	 ***
996	960	228	2196	592	800	1216	0	0	592	
352	888	672	528	0	32	2708	1520	880	0	
640	320	2232	240	800	0	1984	704	660	0	
356	84	272	484	0	624	80	1072	1072	3536	
0	596	800	244	400	400	1024	272	720	3124	
384	864	888	0	2020	1184	512	688	1040	0	
752	276	480	272	0	884	356	112	1280	3168	
32	488	800	0	80	672	516	512	320	4160	
196	80	324	752	240	432	960	3572	672	352	
144	592	752	0	0	800	392	2192	720	1988	
656	1912	720	0	0	676	304	896	512	1904	
788	640	400	0	320	2016	1188	1476	752	0	
880	36	0	480	272	64	1960	3168	720	0	
1072	1280	708	0	400	512	320	2612	0	676	

480	1584	480	0	592	352	724	1012	3348	1104	
224	160	320	672	1040	804	1536	884	756	3280	
192	480	960	0	724	720	624	2208	808	2960	
352	320	1040	400	164	640	1072	32	488	5168	
240	560	800	68	1152	352	1280	884	320	4020	
960	0	592	352	1152	32	2324	0	3992	272	
272	640	1680	0	804	640	612	352	484	4192	 ***
32	320	1364	992	0	512	804	0	2512	3140	
512	276	160	912	880	640	1240	1040	400	3616	
596	912	880	672	516	560	0	564	272	4704	
640	516	704	0	256	964	0	3136	2160	1300	
320	320	1072	0	2020	1504	272	336	440	3392	
192	320	1360	320	244	1280	2720	64	248	2928	
512	320	1840	0	84	640	2800	64	728	2688	
400	944	912	480	192	84	1792	404	880	3588	
0	164	640	1632	660	320	3700	864	0	1696	
1040	724	196	352	1120	0	832	352	996	4064	
0	112	1632	324	0	560	1232	2068	2052	1696	
80	480	1748	240	1632	84	80	1120	324	3888	

356	560	1344	240	120	960	1200	0	336	2624	
432	640	1040	0	484	320	1108	352	404	2960	
432	640	1360	0	196	320	1028	352	404	3008	
1136	1348	384	432	1744	0	1152	484	1060	0	
960	240	512	864	164	244	400	400	624	3332	
1344	976	560	676	0	640	192	0	632	2720	
272	392	640	672	948	0	1072	1392	240	2112	
436	1632	160	352	720	272	160	116	1092	2800	
272	800	992	0	244	320	2788	592	244	1488	
272	880	1360	0	196	320	2788	352	244	1328	
432	512	544	244	240	84	1136	0	1124	3424	
304	640	1040	0	164	480	2788	432	564	1328	
272	640	1040	160	324	352	1140	352	244	3216	
240	640	1040	0	196	640	1188	352	244	3200	
320	800	432	272	0	192	1668	1472	308	2276	
560	512	32	752	240	560	560	320	1400	2804	
432	640	1040	0	164	560	2788	352	436	1328	
356	352	160	80	356	352	884	0	1840	3360	
192	196	592	436	480	320	544	832	1124	3024	
352	640	1040	0	484	640	612	512	244	3216	
324	320	244	272	864	0	1392	1620	352	2352	
512	592	752	0	436	1284	0	2352	464	1348	
564	80	160	192	228	0	672	1364	1600	2880	
432	640	1120	0	164	512	2912	352	244	1364	
704	404	240	196	480	560	756	1424	0	2976	
304	720	1040	160	164	320	1060	512	244	3216	 ***
240	720	1040	160	324	640	356	384	244	3632	
196	512	756	4	0	272	560	1184	912	3344	

352	880	880	800	196	320	996	512	244	3024	
464	596	0	1232	84	832	1220	1024	224	2528	
800	388	32	944	160	324	1252	320	240	3744	
272	640	880	160	164	672	1204	512	244	3456	
516	512	912	832	1392	160	820	0	512	2548	
720	800	560	352	272	704	352	1428	468	2548	
464	240	304	1636	1120	192	1284	0	80	2884	
240	720	912	160	660	320	404	1024	516	3248	
240	672	880	192	932	400	724	512	404	3248	
592	800	960	160	160	320	608	1184	116	3304	
1208	0	784	32	112	912	404	672	912	3168	
560	1040	880	160	164	512	436	992	244	3216	
752	672	964	80	708	948	112	240	240	3488	
400	864	464	388	160	160	2788	992	1316	672	
324	544	320	0	1536	400	2048	84	192	2756	
320	816	880	512	164	672	468	544	404	3424	
640	560	784	388	960	672	308	3216	676	0	
240	976	880	320	160	352	432	1024	596	3224	
240	784	1040	192	628	320	548	512	484	3456	
912	752	992	160	164	480	1028	512	244	2960	 ***
312	2468	800	0	704	1072	1312	304	1232	0	
80	352	356	880	480	112	676	836	1152	3280	
560	1072	240	192	164	1008	516	512	244	3696	
160	160	160	512	564	1072	1064	0	1136	3376	
612	480	560	0	0	1200	1944	2992	176	240	
1072	2096	560	244	0	244	1076	432	2480	0	
32	1184	0	120	756	272	512	160	1792	3376	
80	356	624	0	596	1072	800	1776	0	2900	
1716	788	624	512	800	544	160	2384	512	164	
160	916	880	512	720	160	712	352	512	3280	
1316	720	496	500	160	240	0	1360	640	2772	
1012	960	2048	0	464	352	2324	800	244	0	
400	1072	880	560	164	320	836	512	436	3024	
160	468	512	672	832	384	1040	320	2584	1232	
404	400	720	480	436	480	32	192	1972	3088	
568	964	1072	2160	192	384	1520	1024	320	0	
704	480	640	804	192	0	1184	1092	320	2788	
240	512	240	564	832	432	1044	800	116	3424	
480	432	432	272	244	912	1476	224	160	3572	
276	0	816	752	32	240	708	752	964	3664	
272	512	1440	160	36	640	996	736	244	3168	
160	576	1552	160	256	320	752	992	244	3192	
0	752	224	1072	1936	1312	324	352	548	1684	
1840	672	112	708	0	1508	1040	1920	404	0	
320	560	640	272	80	400	3816	0	832	1284	
320	992	964	432	384	544	1556	2368	0	644	
240	272	672	320	944	116	1476	1056	240	2868	
80	720	880	512	164	320	2452	512	644	1920	

0	992	720	624	352	2624	0	1240	4	1392	
672	480	0	272	240	0	0	1664	1048	3572	
1508	320	32	880	1040	112	592	480	196	2788	
800	400	912	160	164	480	1024	752	520	2736	
800	480	1104	400	164	400	1024	480	404	2692	
160	320	384	240	484	912	400	1268	992	2788	
800	400	992	240	244	480	1220	512	404	2656	
80	80	880	144	436	672	0	1312	400	3944	
240	1040	644	516	320	0	0	544	3972	672	
800	560	992	160	324	480	432	560	324	3316	 ***
560	0	724	160	676	0	192	1360	1940	2336	
1440	544	1284	944	228	2596	160	0	0	752	
1120	400	912	160	160	480	1364	480	404	2468	
160	160	192	0	4	2196	1744	432	320	2740	

0	80	576	400	800	884	224	752	3780	308	
800	112	1200	192	480	320	512	592	320	3276	
560	272	240	432	272	192	0	1504	432	3900	
832	80	992	160	592	480	432	560	432	3244	
320	720	164	160	548	0	1424	3828	176	464	
480	592	80	832	416	320	1680	484	196	2724	
880	80	992	160	468	512	432	720	244	3316	 ***
0	1072	432	644	0	1408	408	432	416	2992	
800	304	992	0	324	320	592	800	2404	1268	
192	544	960	400	544	276	164	432	480	3812	
800	160	96	308	648	640	2624	1120	1408	0	
800	160	1104	160	320	480	464	752	324	3240	
80	272	240	112	724	192	3968	832	600	784	
512	224	0	356	240	432	1104	512	724	3700	
2372	152	400	432	0	720	2848	480	0	400	
512	36	916	0	464	480	80	832	864	3620	

512	672	80	468	80	160	1120	992	4092	1360	
1444	80	512	160	272	672	3024	1200	912	1260	
160	80	0	752	320	224	0	1060	2960	3980	
992	244	1392	272	660	880	880	0	360	3856	
160	144	164	720	512	480	272	1472	800	4812	
592	272	560	80	80	832	1136	964	1312	3708	
320	32	1680	304	400	80	880	5120	640	80	
0	304	400	32	80	1040	1156	4220	704	1600	
1520	84	912	352	196	192	1744	644	84	3808	
752	720	1152	804	116	352	592	1236	884	2928	 ***
480	1716	624	672	240	112	432	0	2672	2588	
1200	112	272	320	436	768	400	1780	1364	2884	
196	320	480	1440	480	320	1152	272	832	4044	
0	880	1072	240	1072	400	880	1524	84	3384	
644	560	112	1488	944	672	2260	560	960	1336	
1360	80	352	432	1156	32	324	1204	676	3920	
1360	192	1024	160	280	352	1840	1140	84	3104	
880	720	1524	0	1288	192	1280	560	1524	1568	
0	0	80	800	0	640	2004	1344	80	4588	
720	1412	352	240	868	32	320	2160	84	3348	

752	720	592	804	148	752	1200	1200	916	2836	
0	960	992	784	4	240	1072	832	756	4280	
512	352	80	0	1632	1120	2776	244	720	2484	
592	324	192	1312	112	644	2824	1152	752	2016	
836	720	1152	808	1076	32	480	1312	960	2544	 ***
560	804	464	564	1104	832	0	784	1680	3128	
0	32	32	0	324	1972	320	320	1600	5320	
160	560	0	800	192	112	1748	400	2168	3780	
324	0	32	0	880	272	3988	3460	320	644	
560	2836	384	272	404	0	384	1760	276	3044	
192	80	640	800	912	0	0	4296	0	3000	
832	720	672	804	116	32	1520	1316	884	3024	
2276	0	832	544	2912	244	304	0	1060	1748	
224	1072	400	1444	1332	484	560	1280	0	3124	
80	112	992	596	1280	0	752	272	2544	3292	
2192	680	320	800	720	704	0	2656	192	1656	
192	0	1040	640	192	0	3604	160	1032	3060	
752	720	512	884	276	36	1280	1524	880	3056	

880	192	916	272	160	352	512	1636	80	5080	
480	448	1312	400	0	728	3156	752	704	2100	
864	80	1104	808	1188	32	400	1312	1760	2532	
0	356	992	800	800	1104	1488	160	1280	3100	
276	0	512	80	80	800	1540	2288	720	3784	
144	960	244	180	1072	480	1120	1824	720	3336	
464	400	1264	1152	244	0	1776	644	1136	3000	
868	80	352	840	1152	752	720	1312	960	3044	
464	336	640	400	0	1044	2112	960	260	3864	
240	628	80	1392	640	912	68	1760	864	3496	
1716	160	400	672	160	0	1732	0	704	4536	
320	272	308	228	560	1072	1120	1108	1632	3460	
400	432	112	160	320	800	884	2424	1268	3280	
1040	1600	900	832	400	704	0	272	1476	2856	
756	512	592	0	656	992	1156	2064	160	3192	
84	464	640	160	0	1040	832	32	4636	2192	
436	1664	0	1152	240	0	1604	592	896	3496	
276	880	192	388	624	320	2272	240	992	3896	
880	80	160	1584	148	4	640	352	2064	4168	
1360	32	1956	80	192	480	84	752	320	4824	
752	80	464	920	1952	32	800	1312	1040	2728	
660	272	1076	272	1556	192	0	832	2004	3216	
480	832	544	160	0	32	432	196	3588	3816	
912	80	1072	1448	1076	272	384	1344	960	2532	 ***
144	160	880	512	704	160	516	468	1360	5176	
832	144	1072	808	1076	112	320	1664	1040	3012	
832	160	432	808	1744	1504	160	1312	2392	736	
272	564	1520	480	0	880	128	800	352	5084	
80	160	4	800	0	320	672	3476	4568	0	

80	0	4	992	864	960	1072	672	400	4952	
64	2512	36	0	160	0	512	0	3256	3456	
80	640	352	832	0	228	720	0	3336	3808	
432	80	320	2084	992	240	1104	1024	1104	2616	
1424	80	480	1680	0	160	164	976	32	5000	
0	352	800	352	1040	0	192	832	1508	4920	
80	80	160	960	192	2352	1472	432	0	4268	
160	480	640	0	672	0	720	1312	500	5512	
512	112	196	2084	816	560	192	752	2080	2692	
2656	0	0	1520	784	872	0	32	4132	0	
352	720	32	752	1632	240	916	112	80	5160	
0	800	80	512	0	1716	720	0	1892	4276	
0	0	160	1072	2244	0	3460	320	2740	0	
512	80	160	2756	1392	240	224	900	1520	2212	
1024	192	0	3348	0	32	0	384	4216	800	
432	480	196	1636	752	400	224	2144	1072	2660	
1152	80	352	1444	752	912	192	864	3352	896	
512	80	788	1444	992	272	352	704	2080	2772	 ***
512	112	192	1204	2032	1352	352	864	1232	2144	
496	1232	660	0	1768	1392	240	720	1184	2304	
592	160	400	1440	0	1520	676	96	0	5112	
432	80	400	1764	1632	400	432	704	1440	2712	
512	80	192	3156	1664	436	192	1344	1524	896	
80	512	240	1920	0	112	0	0	2436	4696	

480	240	352	1840	800	1500	0	32	4912	0	
512	80	320	1600	1104	432	592	704	2000	2812	
0	672	480	672	160	160	480	1040	1472	5020	
1040	1312	0	960	0	720	4124	0	1504	496	
640	1396	0	192	0	960	624	192	960	5192	
1120	544	80	960	832	512	384	0	400	5324	
352	240	160	752	1664	800	0	32	2080	4076	
640	1024	480	1312	480	320	384	0	4172	1344	
400	272	592	720	1392	1360	1600	864	464	2492	
0	1824	1152	0	480	1072	640	192	240	4556	
304	480	672	0	1600	752	320	1072	800	4156	
160	0	1872	80	32	432	1072	672	720	5116	
672	944	0	0	880	0	1600	1472	0	4588	
2072	80	352	1440	1152	864	272	704	2000	1220	
80	1040	832	0	0	640	672	960	720	5212	
0	192	1392	0	624	960	800	880	4668	640	
512	480	320	1440	992	432	1980	704	2080	1216	
0	992	400	272	80	0	0	1072	5592	1748	
512	80	352	2004	352	352	992	704	2080	2728	 ***
1472	432	1544	160	640	160	3396	0	2352	0	
480	240	320	960	32	720	64	1776	1280	4284	
1708	32	720	2896	720	0	2960	0	160	960	
0	896	272	640	0	2080	112	1360	192	4604	
480	480	864	720	160	800	1712	272	112	4556	
432	80	352	1600	992	272	912	784	2004	2728	
0	720	1280	1392	960	720	672	512	3820	80	
352	720	160	320	0	1600	32	1232	800	4940	
32	1200	1280	240	80	1152	1280	304	0	4588	
1040	112	400	640	640	432	112	1872	640	4268	
160	800	80	0	912	1744	800	672	320	4668	
640	640	800	320	160	432	544	112	3520	2988	
0	224	1200	240	1072	432	80	672	1360	4876	
1160	0	2192	784	0	32	1440	192	0	4356	
672	160	480	1040	628	0	0	1600	5144	432	

436	800	0	80	800	720	0	480	1876	3528	
0	0	112	0	80	1280	1904	624	832	3888	
320	0	800	976	644	0	720	0	3644	1616	
2252	320	176	1264	0	80	3908	560	160	0	
144	880	836	0	0	992	2128	352	1040	2348	
32	272	0	996	2036	32	560	1040	0	3752	
32	144	1360	144	160	240	644	1072	0	4924	
240	640	484	112	112	320	1152	1392	640	3628	
0	0	0	752	912	160	480	2016	0	4400	
640	80	1048	0	1236	640	0	4240	112	724	
320	1280	1392	0	832	0	0	160	960	3776	
400	80	320	2240	0	192	1072	112	420	3884	
432	80	160	1372	352	912	464	784	1712	2452	
0	160	272	160	192	80	880	1680	996	4300	
1360	80	36	960	0	0	1296	4188	320	480	
112	0	1124	752	436	400	0	2352	304	3240	
1344	116	80	1552	112	352	272	672	1760	2460	 ***
4	960	0	1476	80	800	80	5080	0	240	
400	640	80	400	1712	0	160	192	1216	3920	
112	320	640	160	0	324	1280	0	3936	1948	
80	32	400	320	400	800	512	1520	32	4624	
320	160	112	804	480	2920	0	352	0	3572	
592	80	84	1472	112	416	912	832	1840	2380	
832	160	160	560	80	272	0	176	5964	516	
512	80	160	1392	144	436	832	992	2032	2140	
800	1024	1236	324	640	0	480	400	3224	592	
0	1072	160	320	0	4	0	3192	724	3248	
112	720	192	432	720	0	112	112	2388	3932	
800	644	228	320	800	80	32	352	2832	2632	
112	800	112	1232	912	164	32	832	320	4204	

0	0	0	80	0	800	0	1264	5480	192	
832	1348	0	912	80	272	240	0	1472	2660	
0	0	0	640	0	0	272	5108	0	1796	
912	0	0	752	160	352	0	112	5044	484	
0	112	0	240	0	0	5348	2116	0	0	
912	0	0	752	80	512	0	4196	880	484	
116	720	0	592	480	640	0	160	720	4388	
0	0	800	0	240	752	0	800	0	5224	
912	0	0	752	80	512	0	32	4964	564	
32	80	320	0	160	640	672	800	80	5032	
944	80	160	1040	0	0	0	160	80	5352	
912	0	0	832	80	352	0	80	2656	2904	 ***
640	80	1136	0	0	324	192	0	0	5444	
1236	320	0	160	320	720	0	0	0	5060	
32	720	84	800	672	560	32	320	80	4516	
640	320	80	0	0	160	0	1508	0	5108	
644	160	240	0	0	240	352	544	1040	4596	
0	80	0	0	320	144	0	480	5432	1360	
832	0	0	912	80	352	0	112	5044	484	
912	0	0	912	80	352	0	0	3488	2072	
1152	0	0	752	80	352	4164	0	832	484	
240	1044	320	32	0	160	1072	1200	0	3748	
80	0	192	192	0	960	0	112	1440	4840	
1184	0	0	480	0	80	432	912	4728	0	
720	640	740	0	640	0	0	160	160	4756	
0	80	880	320	0	80	1024	0	640	4792	
912	80	0	752	80	352	0	0	2816	2824	
112	0	324	32	0	320	160	0	2000	4868	
832	0	320	1344	160	80	0	320	320	4440	
0	320	1424	592	0	0	0	160	5320	0	
160	1072	640	0	80	240	0	704	0	4920	
912	0	0	752	240	352	0	4164	832	564	
720	0	516	640	240	800	720	0	592	3588	
912	0	112	912	160	352	0	0	3456	1912	
0	80	320	464	0	1440	624	80	4	4804	

1472	0	80	752	752	80	1392	240	244	3768	
992	160	0	640	724	352	80	2544	0	3288	
756	240	112	400	0	0	640	912	800	4920	
160	800	0	0	80	640	160	240	3492	3208	
0	240	624	0	672	160	1476	160	2416	3032	
832	324	0	880	0	720	1312	0	912	3800	
0	0	720	0	0	592	720	80	3648	3020	
800	0	0	80	720	160	564	0	3344	3112	
3480	320	80	640	0	240	480	0	3540	0	
80	240	1280	560	80	160	0	3172	0	3208	
752	240	80	1440	160	80	1700	0	240	4088	
1312	0	240	0	0	872	0	960	512	4884	
160	832	2104	80	720	720	0	0	4164	0	
0	0	960	352	0	160	0	4540	2688	80	
1556	0	160	752	0	320	800	320	1040	3832	 ***
992	160	4	592	0	720	1552	480	4200	80	
832	0	836	752	84	112	1744	0	3300	1120	
912	0	0	784	720	80	1472	240	404	4168	
752	880	0	2952	160	80	676	0	3280	0	
240	64	0	880	160	1392	0	0	4412	1632	
720	0	0	160	0	240	756	2464	4440	0	
0	0	160	0	80	240	3716	720	160	3704	
80	1440	2264	0	0	0	1428	192	3376	0	
832	0	0	752	80	272	1200	644	4680	320	
912	0	240	0	244	0	0	0	5352	2032	
400	672	80	32	240	160	0	0	2032	5164	
0	160	800	80	160	0	640	0	1828	5112	
640	1028	0	272	1120	160	0	0	5048	512	

1280	32	0	352	0	400	880	1072	2240	2476	
1280	352	0	400	84	432	1280	400	1600	2904	 ***
116	32	80	160	512	160	720	2000	640	4312	
192	4	0	0	1360	80	4548	0	1908	640	
160	0	840	0	160	640	832	0	4580	1520	
2472	0	80	1344	1280	164	0	1680	1712	0	
32	0	640	1444	160	0	720	1072	32	4632	
800	1360	0	68	800	272	400	752	240	4040	
864	160	960	880	32	1280	80	160	384	3932	
160	880	0	240	1472	0	0	2512	312	3156	
240	800	84	160	484	640	720	144	0	5460	
1284	0	192	1120	0	432	720	480	1376	3128	
80	1664	1508	0	32	0	4568	160	720	0	
224	0	640	112	320	624	808	2464	3540	0	
752	196	160	672	304	0	2404	160	0	4084	
720	512	0	160	800	0	0	0	1124	5416	
1280	228	0	0	240	752	3208	0	3024	0	
2192	160	0	464	32	320	640	484	1600	2840	
752	720	880	160	400	32	724	0	944	4120	
0	672	1860	164	1312	240	160	0	640	3684	
192	80	32	164	320	640	2384	720	4	4196	
0	64	80	0	916	80	3400	2080	0	2112	
1920	404	84	1040	160	320	912	352	960	2580	
1280	160	160	400	0	1668	640	112	1280	3032	
32	112	1280	0	0	160	4408	640	0	2100	
272	0	480	1552	720	4	832	1824	0	3048	
36	80	944	240	720	720	160	784	964	4084	
240	0	80	432	720	880	160	752	1440	4028	
960	916	240	0	916	0	84	80	832	4704	
832	0	0	384	244	2068	640	400	160	4004	
192	672	992	704	0	0	244	644	1200	4084	
640	1040	0	912	80	36	2116	80	0	3828	
0	2468	912	0	160	1504	880	2564	244	0	
320	0	884	80	0	672	1040	0	640	5096	

1280	880	880	1508	384	0	0	0	2116	2312	
960	0	320	1104	0	160	260	1280	640	4636	
0	1828	880	960	0	0	0	3864	388	1440	
0	800	864	320	0	192	1028	1952	0	4204	
800	80	1716	1152	0	0	804	320	80	4408	
116	672	0	640	80	912	640	480	1456	4364	
512	32	640	804	0	1588	640	800	32	4312	
160	0	644	720	480	384	1520	1272	0	4180	
0	1476	1520	432	160	676	432	356	192	4116	
644	640	112	64	192	320	432	640	160	6156	
996	320	0	160	752	432	1520	80	1040	4060	
0	0	800	1876	800	1280	160	400	112	3932	
160	720	160	2788	0	0	0	3332	0	2200	
640	32	320	0	160	880	2788	640	0	3900	
720	0	32	320	640	112	832	2504	480	3720	
32	720	0	404	240	292	1040	1472	1120	4040	
0	960	192	0	0	240	0	2292	1112	4564	
0	2212	0	0	0	0	800	640	480	5228	
2240	160	1056	0	400	32	352	360	640	4120	
1104	0	2324	0	0	0	2080	0	1064	2788	
2788	640	0	160	644	112	352	32	0	4632	
2996	800	0	864	0	160	0	320	0	4220	
640	160	80	724	0	64	2696	0	1024	3972	
752	480	160	800	80	752	1316	80	880	4060	
2100	0	672	80	0	160	4504	1760	0	84	
672	320	0	160	720	912	1280	276	960	4060	
644	512	160	160	160	436	2272	80	880	4056	
0	960	352	0	2708	0	1280	640	0	3420	
640	832	112	1908	0	320	1392	0	0	4156	
1280	708	192	0	0	0	2344	320	352	4164	
0	832	32	0	1152	320	192	2340	0	4492	
0	240	0	80	112	0	2552	1040	992	4344	
1040	0	0	1152	964	1440	388	4	224	4148	
1524	1748	160	32	32	160	160	32	1040	4472	
800	0	0	1312	160	1588	1156	0	192	4152	
320	192	720	0	32	640	880	272	0	6304	
640	320	80	324	112	432	1952	80	1200	4220	 ***

0	0	160	80	0	2468	704	5324	832	0	
0	0	224	804	2592	0	1508	160	0	4280	
320	640	0	32	2376	640	0	240	0	5320	
720	0	160	0	800	1444	0	3272	3140	32	
0	80	1120	640	192	320	160	32	2052	4972	
0	160	672	320	192	0	0	320	3540	4364	
640	512	192	352	1876	80	960	160	836	3960	
0	800	0	1216	0	1280	944	320	800	4208	
0	640	160	0	164	800	112	3424	432	3836	
800	0	1392	160	32	32	160	160	2884	3948	
0	640	0	160	0	0	832	916	1120	5900	
640	320	80	4	112	272	992	112	1364	5672	
400	640	320	0	0	0	3852	672	0	3684	
3364	0	160	640	160	800	2732	1712	0	0	
0	0	400	800	320	192	640	0	4076	3140	
0	912	160	640	192	320	1264	0	2160	3920	
800	480	0	1508	0	32	160	0	5308	1280	
704	640	160	164	112	112	1232	80	2000	4364	
1120	80	800	0	0	0	1184	1028	1076	4280	
672	676	960	480	672	0	352	1792	0	3964	
0	0	32	0	320	672	2312	0	640	5592	
0	240	2852	1680	160	0	4156	160	320	0	
272	0	352	160	0	160	672	1920	0	6032	
0	320	0	1232	0	672	2080	960	0	4304	
400	0	0	0	0	32	3796	0	3388	1952	
0	1200	960	0	160	1632	992	0	324	4300	
640	160	640	804	352	112	480	1120	1104	4156	
2668	0	0	512	0	800	0	2212	3376	0	
0	2344	0	352	0	80	4680	832	1280	0	
352	192	0	0	0	1988	2548	4328	0	160	
640	320	432	0	144	272	1792	80	1360	4528	 ***
400	992	0	112	432	196	1600	720	752	4364	

832	720	244	0	96	832	1680	160	1200	4832	
640	400	324	0	544	192	1540	864	1280	4812	
480	4	320	192	112	0	352	192	4064	4880	
32	1040	640	480	432	356	1120	1456	884	4156	
64	560	272	4	64	912	2240	112	1360	5008	
720	352	560	0	144	112	1664	80	2020	4944	
640	544	432	0	148	436	1632	80	1840	4844	
960	320	240	196	96	912	1280	352	1440	4800	
352	160	0	0	960	1584	244	0	3520	3776	
992	280	704	0	1520	0	0	2884	324	3892	
648	560	320	0	64	784	1792	112	1200	5116	
752	320	320	32	64	752	2000	192	1360	4804	
1204	80	32	400	80	224	1716	144	2480	4236	
404	944	240	160	0	2588	912	5188	160	0	
112	2376	672	880	672	1440	0	3644	800	0	
0	480	304	80	192	0	3120	2304	32	4084	
160	2000	992	0	0	624	0	960	1760	4100	
0	1520	992	512	240	1824	0	4516	0	992	
1904	1440	1584	80	0	0	596	880	0	4112	
2568	0	960	880	720	832	2296	160	640	1540	
752	480	384	0	544	196	2640	720	1200	3680	
1956	36	560	992	720	720	480	704	640	3788	
320	672	1604	0	752	192	320	1120	1364	4252	
112	400	240	164	96	992	2000	80	1520	4992	
272	960	0	644	464	672	0	720	2416	4448	
80	432	400	116	640	2560	1888	36	320	4124	
832	320	384	84	144	1264	1280	80	1360	4848	 ***
0	384	720	960	1792	0	1880	4220	640	0	
32	192	480	1280	240	1440	1600	0	1072	4260	
0	240	640	352	0	640	1604	160	2816	4144	
320	240	32	0	1748	804	1024	992	1520	3916	
720	480	560	0	868	224	1584	80	1268	4812	
676	640	432	0	768	144	1552	400	1200	4784	
240	352	960	80	1040	836	564	144	2416	3964	
0	912	0	80	352	0	992	4020	0	4240	

996	240	0	0	160	800	992	880	2212	3804	
244	240	0	192	880	0	4680	1280	676	1892	
704	800	480	1312	0	324	5280	800	192	192	
1472	672	360	2196	0	192	912	0	1588	2692	
0	2400	992	1040	800	36	400	724	0	3692	
32	320	352	36	272	996	2080	0	1200	4796	
0	0	640	480	672	704	160	992	2916	3520	
1952	308	320	192	320	0	484	672	1984	3852	
1152	84	640	1152	644	1184	880	160	160	4028	
0	320	2644	0	0	800	2784	1200	0	2336	
0	1152	144	640	720	480	2672	192	116	3968	
1476	0	480	640	640	704	640	432	1120	3952	
80	912	4	1232	0	964	384	1792	960	3756	
596	1312	324	0	0	960	4344	2308	240	0	
432	480	0	640	1508	512	1636	960	0	3916	
160	1664	0	1072	1200	832	512	0	644	4000	
356	308	0	1472	960	160	752	0	1760	4316	
640	1704	1284	800	192	352	868	0	0	4244	
800	0	160	800	1520	272	96	964	1472	4000	
160	304	1040	0	208	0	2948	320	1152	3952	
1040	352	1664	0	912	0	1704	3052	1360	0	
112	1360	276	640	160	992	0	1156	1552	3836	
1120	640	0	960	592	112	2148	0	4396	116	
720	0	1280	432	0	2336	0	1656	1296	2364	
704	320	352	4	112	752	1280	0	2004	4556	 ***
960	736	880	144	1536	964	192	0	0	4672	
800	832	1440	832	160	704	160	964	160	4032	
320	0	0	672	1440	1152	624	1880	1060	2936	
944	32	672	84	512	1040	1284	912	800	3804	
676	320	356	8	304	752	1312	640	1200	4516	
0	832	0	164	1024	752	912	804	1268	4328	
1600	112	356	464	0	752	1040	480	996	4284	
832	960	320	1284	192	0	352	2464	240	3440	
320	320	1360	1072	32	192	2176	32	640	3940	
404	1312	1680	992	32	992	400	0	320	3952	
384	2980	4	640	192	0	832	884	4168	0	

