#66	56	44	53	19	14	218	77	200	0	
#32	68	136	26	34	0	36	150	12	253	
#17	13	70	22	0	0	114	208	50	253	
#30	140	4	99	70	36	20	8	264	76	 ***
#44	20	73	18	20	0	89	237	18	228	

28	32	4	141	64	54	59	0	233	72	
15	42	4	119	64	24	114	94	211	0	
45	27	8	84	68	38	55	0	290	72	
26	24	37	20	17	78	46	138	301	0	
28	16	4	102	102	36	203	0	106	90	
26	87	20	0	0	52	156	292	4	50	
29	16	20	104	68	38	32	40	292	48	
57	35	0	22	32	127	220	157	37	0	
33	32	16	0	8	121	233	56	0	188	
29	21	8	84	68	32	168	0	95	182	
21	24	6	96	72	60	32	40	292	44	
12	43	73	118	43	120	98	0	180	0	
72	0	46	32	50	149	172	0	140	26	
6	10	30	66	66	4	34	315	6	150	
73	115	0	60	0	52	77	58	45	207	
44	16	8	82	68	36	48	40	285	60	
29	32	20	96	54	40	55	0	285	76	
31	18	8	80	56	70	32	40	292	60	
34	27	70	49	72	8	91	38	298	0	
29	22	4	84	68	40	20	40	288	92	 ***
12	118	64	42	25	21	0	247	0	158	
4	16	63	0	159	36	14	259	8	128	
55	21	0	0	37	46	309	7	122	90	

44	26	8	52	32	72	20	66	271	120	
28	22	4	52	68	42	36	28	279	152	
61	38	10	52	32	45	52	48	175	198	
44	54	6	52	36	40	34	58	299	88	 ***
16	64	0	125	109	80	6	8	237	66	
4	50	98	14	16	82	54	132	261	0	
128	50	3	52	34	14	98	74	0	258	
3	30	20	6	0	68	120	190	274	0	
32	24	2	50	53	72	20	66	272	120	
56	16	0	50	20	4	211	50	236	68	
58	38	36	122	76	56	0	20	245	60	
4	30	4	50	92	16	88	40	275	112	
0	52	89	4	0	89	118	50	275	34	
0	58	56	52	60	22	0	38	124	301	
9	20	38	24	32	17	244	40	203	84	
74	0	30	19	12	4	68	278	56	170	

22	8	80	0	0	212	208	62	128	52	
60	54	36	82	68	40	20	52	304	56	
16	24	0	46	162	10	34	120	270	90	
40	36	38	26	72	66	122	35	287	50	
84	66	64	66	50	38	0	16	302	86	
109	10	4	22	11	16	188	22	260	130	
131	52	52	50	18	58	0	16	135	260	
95	26	32	36	0	68	36	122	305	52	
68	0	19	34	65	70	56	166	260	34	
8	8	14	146	41	64	132	54	273	32	
44	54	4	66	44	40	50	66	306	98	 ***
83	177	6	80	26	0	202	140	58	0	
40	14	64	58	55	34	226	0	0	281	
56	70	50	0	0	46	278	20	116	136	
34	70	52	68	2	36	44	0	176	290	
38	45	24	0	50	36	241	18	222	98	
16	74	50	72	50	46	76	62	274	52	
54	99	8	32	0	54	62	0	168	295	
42	54	4	50	38	104	68	34	118	260	
44	54	4	20	84	40	108	34	296	88	
16	64	16	30	20	110	40	112	324	40	
16	70	76	38	34	90	283	0	11	154	
102	4	30	55	74	0	16	82	309	100	
44	54	6	88	36	103	4	102	134	201	
0	16	66	12	22	0	126	178	320	32	
36	119	36	46	30	84	255	0	40	126	
66	88	28	68	0	50	56	283	0	133	
44	38	44	84	36	48	44	34	296	104	
92	54	74	32	8	68	12	10	298	124	
100	50	56	0	0	12	128	50	87	289	
97	42	42	30	0	0	44	152	245	120	
54	38	124	0	106	30	98	0	238	84	
59	42	24	119	31	0	90	203	204	0	
22	14	28	62	20	28	128	34	318	118	
52	44	48	8	34	58	68	48	296	116	
44	54	20	50	64	44	20	90	330	56	
44	70	38	20	36	40	52	84	295	93	
70	40	0	72	144	26	54	54	252	60	
44	35	20	54	86	92	16	0	303	122	

14	20	64	36	16	14	48	104	320	66	
26	16	4	34	44	32	66	68	310	102	 ***
34	16	4	58	44	32	42	64	197	211	
8	10	8	64	4	20	162	34	304	88	
16	80	12	50	10	52	34	40	316	92	
10	104	38	86	6	54	57	48	299	0	
28	10	40	62	80	20	66	70	316	10	
18	88	40	4	66	10	40	2	326	108	
80	60	46	16	0	24	62	46	284	84	
38	34	14	58	56	14	42	70	304	72	
24	26	64	62	46	34	0	71	275	100	
18	44	64	46	30	0	82	54	320	44	
130	0	48	0	34	16	106	36	278	54	
34	56	8	124	2	24	20	130	290	14	
18	16	4	34	76	36	272	66	74	106	
12	52	0	80	4	0	56	188	262	48	
40	84	0	56	44	20	50	68	290	50	
2	42	6	72	108	40	146	0	286	0	
86	119	24	10	6	118	56	28	255	0	
18	22	4	66	44	32	34	64	308	110	
48	0	62	41	18	60	0	28	237	208	
18	16	8	42	46	64	157	64	74	213	
20	18	4	68	44	0	273	64	108	103	
44	40	36	8	92	38	102	0	294	48	
76	36	0	26	0	12	4	148	336	64	
22	50	70	6	20	98	34	0	314	88	
48	20	60	50	14	56	84	18	316	36	
0	38	20	68	44	70	18	90	290	64	
179	48	32	12	0	16	0	0	198	217	
46	14	58	4	54	116	50	74	284	2	
14	0	80	12	0	52	119	46	269	110	
30	16	4	39	44	32	62	64	214	197	
18	18	4	34	44	64	40	68	199	213	
20	18	4	32	44	40	68	259	119	98	
20	24	6	34	44	37	76	64	184	213	
14	2	20	45	72	38	124	8	283	96	

15	0	14	0	88	10	50	300	144	32	
36	46	11	14	32	32	88	265	129	0	
28	12	50	48	0	60	120	38	289	8	
92	36	80	8	102	34	0	0	245	56	
28	102	44	4	44	0	32	165	226	8	
56	52	42	22	30	92	46	0	239	74	
0	14	2	72	44	44	87	48	276	66	
10	20	80	0	68	34	0	110	60	271	
6	54	16	64	102	20	94	40	257	0	
18	114	10	44	14	68	60	4	249	72	
16	48	16	84	50	70	83	46	238	2	
76	22	52	32	66	0	0	120	217	68	
0	2	84	44	44	12	16	24	226	201	
36	50	14	36	10	66	112	0	263	66	
48	32	116	24	22	8	74	70	259	0	
44	46	0	12	12	60	42	40	269	128	
22	0	16	10	28	4	90	48	285	150	
4	40	56	12	0	12	136	156	0	237	
16	126	0	56	26	32	36	0	249	112	
30	16	2	14	24	74	76	72	243	102	
24	150	66	6	80	30	127	0	170	0	
26	20	4	14	28	48	245	80	82	106	
88	66	40	10	30	86	0	93	0	240	
40	8	32	0	92	42	140	10	263	26	
70	0	50	30	0	70	114	233	0	86	
40	26	40	12	22	112	242	0	159	0	
62	4	8	90	2	22	112	8	277	68	
24	18	0	12	80	50	32	227	82	128	
64	22	130	52	0	22	0	16	253	94	
16	104	16	6	2	46	285	52	0	126	
2	48	70	2	18	34	0	58	309	112	
8	0	24	34	36	74	14	148	271	44	
46	4	36	0	48	38	281	54	10	136	
20	20	4	14	36	46	245	200	68	0	
48	20	34	0	46	30	40	0	178	257	
26	20	4	12	28	56	80	72	253	102	 ***
26	22	22	6	24	40	184	77	54	198	
46	16	28	72	88	50	54	60	239	0	

26	20	4	12	24	56	105	40	87	199	
0	8	16	84	16	4	0	234	10	201	
0	20	0	48	0	42	24	201	82	156	
0	5	16	32	107	95	64	0	216	38	
0	42	1	88	0	0	114	38	40	250	
44	12	4	130	40	54	94	13	182	0	
32	0	18	20	48	81	4	116	246	8	
26	28	2	12	131	56	100	40	142	36	
40	0	6	26	1	2	74	24	245	155	
122	94	21	6	16	60	206	48	0	0	
36	6	8	22	34	111	95	40	205	16	
68	35	8	54	0	29	106	32	217	24	
26	20	2	10	16	58	105	56	242	38	
26	22	4	12	16	56	249	40	88	60	
0	38	8	14	52	8	167	252	34	0	
72	22	18	0	8	20	213	8	168	44	
34	34	6	57	46	0	0	78	240	78	
21	32	26	0	8	74	0	26	158	228	
0	4	8	26	64	52	4	73	226	116	
16	4	0	14	16	42	0	56	237	188	
0	0	10	48	26	9	105	14	213	148	
32	18	75	28	8	8	4	0	148	252	
12	20	22	56	4	24	36	239	36	124	
26	20	4	20	16	56	108	49	224	50	
14	32	26	40	0	74	22	162	203	0	
79	45	133	20	36	10	36	0	0	214	
28	20	4	19	16	58	250	40	76	62	
28	42	82	0	0	15	232	120	54	0	
8	12	0	106	24	87	24	56	256	0	
32	0	38	70	33	54	86	0	226	34	
14	72	68	36	4	18	0	28	229	104	
26	20	2	12	16	56	143	41	211	46	
26	20	4	12	18	58	116	40	227	52	
26	28	4	12	16	56	104	48	227	52	 ***
8	68	10	40	10	20	146	24	239	8	
0	11	8	28	8	28	52	54	240	144	
40	4	0	58	8	12	269	0	10	172	
16	75	50	0	9	14	34	96	227	52	
24	22	2	12	16	58	104	56	243	36	
24	36	18	4	0	150	231	72	0	38	

8	33	0	114	16	66	104	36	134	52	
30	38	0	10	17	59	84	69	228	28	
25	4	8	0	8	39	40	184	195	60	
0	44	0	22	20	59	73	183	129	33	
32	38	84	26	0	53	32	54	236	8	
0	12	16	62	0	27	255	12	0	179	
18	30	0	28	24	64	70	36	228	65	
24	67	0	19	18	14	2	237	182	0	
120	14	0	5	0	10	106	80	2	226	
13	30	0	10	17	84	105	42	234	28	
36	8	28	28	13	113	0	100	40	197	
10	28	8	8	16	56	108	52	241	36	 ***
8	35	0	108	18	56	92	69	141	36	
16	28	1	8	16	84	76	36	101	197	
42	74	68	0	12	82	54	197	34	0	
5	3	4	20	17	71	56	48	243	96	
9	28	0	10	24	58	74	184	120	56	
20	2	8	63	0	14	44	196	216	0	
6	2	98	49	0	38	0	114	248	8	
16	22	58	67	45	125	0	0	156	74	
42	5	2	62	2	20	164	0	235	31	
25	1	16	14	44	85	129	2	10	237	

28	36	54	16	16	45	136	88	244	36	 ***
62	0	7	47	89	20	97	138	216	23	
96	141	99	24	0	21	174	44	100	0	
21	1	114	4	56	38	129	0	234	102	
36	60	10	30	16	65	120	36	242	84	
90	0	140	104	0	67	20	42	194	42	
138	88	36	70	72	0	110	179	6	0	
6	47	96	36	20	20	39	180	255	0	
24	48	48	69	9	8	52	87	248	106	
73	8	38	44	68	47	118	245	12	46	
16	0	49	20	23	58	13	52	241	227	
66	65	42	46	70	46	54	0	220	90	
28	40	58	68	0	0	273	62	87	83	
18	23	109	56	7	104	101	10	36	235	
8	141	40	96	2	34	100	234	11	33	
33	19	90	38	58	4	0	128	259	70	
20	12	38	14	16	53	136	44	240	126	
24	28	7	14	16	93	104	56	241	116	
18	44	0	131	31	0	74	57	236	108	
38	40	81	44	16	20	127	34	231	68	
92	21	4	71	71	20	244	73	103	0	
27	33	100	20	0	84	129	8	52	246	
12	28	10	8	16	96	137	36	146	210	
64	137	67	42	0	41	80	76	192	0	

28	23	22	22	0	53	91	78	248	36	
36	20	22	18	17	44	74	52	250	68	
66	70	45	30	95	12	16	41	16	210	
61	29	24	64	4	119	44	56	200	0	
52	19	11	72	10	58	48	0	232	99	
28	23	22	84	0	93	124	68	123	36	
28	28	22	14	0	45	72	60	130	202	
28	20	20	14	0	53	80	64	129	193	
26	14	13	60	5	92	143	220	0	28	
28	20	22	14	0	45	74	86	243	69	
0	48	4	0	7	153	122	49	170	48	
0	16	0	110	31	57	29	122	204	32	
28	24	22	16	17	52	72	56	121	193	
4	12	28	60	32	16	207	42	194	6	
15	38	68	40	84	29	220	31	0	76	
22	36	42	28	53	91	62	72	195	0	
19	52	36	74	27	20	0	46	229	98	
11	18	32	58	34	87	20	121	220	0	
22	40	15	11	75	83	99	58	198	0	
58	0	62	27	17	25	0	185	24	203	
30	36	22	14	17	60	72	52	234	64	 ***
0	51	111	21	6	24	217	0	132	39	
8	23	4	0	0	18	109	234	156	49	
28	28	22	123	0	45	80	56	131	88	

70	67	26	24	32	24	10	82	201	44	
42	20	8	14	17	38	75	102	230	34	 ***
26	36	26	12	18	50	36	86	224	66	
24	22	4	115	16	28	95	88	156	32	
39	32	45	100	137	28	189	0	0	10	
30	62	0	0	16	45	201	78	51	97	
4	38	4	10	21	80	24	30	234	135	
0	27	4	40	39	46	219	0	143	62	
38	18	11	95	9	88	50	8	66	197	
0	39	23	71	30	44	116	14	220	23	
122	50	27	68	21	0	202	58	32	0	
22	0	54	6	128	6	120	217	17	10	
18	8	34	58	0	16	39	218	51	138	
4	112	8	60	18	122	34	200	22	0	
4	18	54	41	0	37	56	104	264	2	
22	0	125	52	122	0	11	35	182	31	
12	39	86	51	92	132	70	0	0	98	
4	48	7	24	36	122	62	58	4	215	
27	53	36	20	34	14	106	48	242	0	
26	20	6	50	19	38	70	61	228	62	
27	21	20	24	18	20	182	30	238	0	
60	36	20	43	0	16	224	162	0	19	
31	22	6	31	0	37	223	71	111	48	
24	22	4	28	16	40	52	207	80	107	
28	14	29	0	12	38	238	40	22	159	
44	48	21	3	22	0	71	76	53	242	
26	36	6	44	20	28	42	60	219	99	
24	32	21	47	0	131	36	104	137	48	
44	52	8	26	20	28	38	60	230	74	
24	36	8	24	19	62	41	60	119	187	
3	12	23	32	12	8	187	44	235	24	
26	20	10	28	18	28	72	70	119	189	

76	19	36	0	0	14	32	117	247	26	
44	20	8	14	4	42	49	68	232	86	
27	8	17	26	32	32	36	144	245	0	
40	20	6	12	16	34	52	96	223	68	
85	84	38	20	45	10	0	28	226	31	
27	122	26	20	32	4	0	4	236	96	
42	74	13	35	0	30	0	140	221	12	
34	30	0	0	32	2	13	150	265	41	
44	20	10	24	0	34	233	80	60	62	
0	105	155	17	36	30	4	13	0	207	
8	28	2	30	12	12	151	36	259	29	
43	10	23	24	153	96	0	43	175	0	
2	9	16	76	4	14	258	0	43	145	
48	24	8	18	0	36	37	100	232	64	
46	20	8	16	0	46	45	72	102	212	
44	20	4	14	16	62	69	76	232	30	 ***
42	48	22	14	0	34	37	68	232	70	

21	12	37	28	20	88	79	53	0	230	
60	40	36	17	57	81	43	15	219	0	
0	4	147	28	0	7	113	180	55	34	
37	22	8	12	0	40	229	78	63	79	
56	42	23	26	22	16	232	121	30	0	
37	29	40	14	0	134	69	110	105	30	
28	20	5	14	0	68	219	85	89	40	
35	22	6	36	0	128	41	76	102	122	
28	20	2	18	46	42	73	77	233	29	 ***
6	17	0	2	6	54	180	254	6	43	
15	21	16	36	67	83	83	0	29	218	
32	50	3	12	24	43	37	78	227	62	
2	12	39	125	63	86	34	61	146	0	
15	21	23	14	8	10	0	141	86	250	
30	28	2	14	18	46	38	97	227	68	
42	48	66	49	69	8	12	54	220	0	
32	131	13	14	0	78	105	66	99	30	
46	53	23	20	64	4	121	18	219	0	
54	36	10	49	74	122	20	81	122	0	
28	123	38	23	0	38	99	81	108	30	
38	14	3	4	0	38	93	76	67	235	
25	20	2	14	16	46	98	213	96	38	
32	43	20	32	9	136	48	182	66	0	

26	24	16	19	40	8	28	0	274	219	
12	4	24	16	40	0	16	34	318	190	
4	20	0	59	26	139	45	84	183	94	
0	17	0	126	52	4	12	246	4	193	
33	74	4	18	5	7	0	44	300	169	
41	40	9	32	60	0	101	107	256	8	
43	102	29	29	32	15	74	34	284	12	
34	22	0	15	24	30	27	232	92	178	
57	54	55	42	12	33	123	58	220	0	
20	36	0	36	4	34	88	73	266	97	
28	55	0	4	9	35	55	139	91	238	
18	16	57	6	41	58	79	143	236	0	
33	51	2	8	12	62	39	109	251	87	 ***
0	0	2	5	64	144	136	34	259	10	
5	20	0	26	4	46	91	224	164	74	
40	8	37	81	0	20	50	115	248	55	
0	45	85	32	25	37	269	23	138	0	

50	65	40	96	8	0	82	100	184	92	
27	12	35	11	14	65	115	100	115	223	
25	45	4	20	46	65	150	240	97	25	
25	66	36	24	12	56	64	104	142	188	
48	22	1	64	0	68	235	24	0	255	
12	4	29	86	52	31	56	145	224	78	
25	47	1	20	17	69	75	250	160	53	
179	12	32	80	59	38	97	0	220	0	
44	60	2	4	12	56	146	114	134	145	
36	50	38	4	39	48	188	73	241	0	
35	45	11	22	12	47	54	72	230	189	
27	62	34	17	12	84	50	111	211	109	 ***
8	32	28	16	6	26	51	252	242	56	
112	16	4	74	125	50	0	221	33	82	
34	40	86	10	56	18	10	155	242	66	
18	32	4	51	30	20	219	256	0	87	
23	145	22	1	7	0	256	55	208	0	
11	18	0	0	106	98	32	43	202	207	
26	30	40	88	39	43	0	162	269	20	
100	24	120	72	8	123	18	231	21	0	
40	18	4	1	16	56	191	63	75	253	
57	1	72	18	56	36	9	177	258	33	
25	63	18	6	62	48	88	108	262	37	
10	70	35	106	24	0	24	209	111	128	
39	12	36	40	73	18	31	51	257	160	
24	13	20	16	92	27	36	36	244	209	
33	36	6	4	12	54	16	93	223	240	
104	16	8	36	0	49	16	246	226	16	
11	20	57	42	10	83	32	45	246	171	
29	51	34	14	12	68	64	156	211	78	
44	142	10	100	44	33	21	52	253	18	
16	62	6	71	56	69	162	56	219	0	
41	6	24	32	57	20	53	78	234	172	
29	65	10	10	14	58	78	143	131	179	
53	92	71	66	21	53	240	48	73	0	
37	29	9	84	8	0	220	51	227	52	
46	18	21	24	20	18	47	50	257	216	
143	40	52	108	7	96	57	132	82	0	
94	9	22	83	86	69	52	19	259	24	
48	12	64	16	51	40	74	24	170	218	
0	21	52	115	62	33	72	34	244	84	
25	45	24	20	12	56	75	161	110	189	
70	49	20	4	16	60	48	106	211	133	
30	45	32	14	12	65	33	192	225	69	
9	16	18	55	12	79	58	191	45	234	
8	10	44	9	33	43	120	137	253	60	
19	133	83	9	16	46	25	155	231	0	
20	20	15	58	59	21	42	61	215	206	

94	26	36	8	137	0	288	18	66	49	
16	12	16	51	24	34	11	96	296	166	
27	57	70	21	12	80	223	71	120	41	
29	86	41	96	58	26	102	81	203	0	
48	147	90	37	46	8	95	0	251	0	
28	49	130	21	12	78	186	71	104	43	
16	12	5	32	40	60	50	196	285	26	
32	53	34	17	12	84	40	97	132	221	
28	53	38	17	12	110	62	86	113	203	
29	53	34	50	12	82	132	79	212	39	
27	45	36	53	24	82	252	28	102	73	
31	45	34	17	123	86	34	85	109	158	
29	133	70	17	12	72	206	39	106	38	
35	53	40	17	12	84	223	71	116	71	
20	12	23	54	46	71	36	33	265	162	
58	38	36	90	52	31	51	140	226	0	
31	57	38	49	12	80	62	105	227	61	 ***
62	16	40	0	41	29	93	55	270	116	
70	4	80	97	4	40	52	17	17	341	
36	24	64	11	28	70	144	62	246	37	
12	70	66	16	9	143	266	48	28	64	
24	150	120	8	0	8	66	65	259	22	
129	96	20	20	40	12	96	20	281	8	
61	53	34	21	12	84	227	75	107	48	
112	5	98	38	0	42	17	326	22	62	
46	2	72	33	92	46	6	8	265	152	
33	53	34	17	12	80	227	107	120	39	
31	59	34	55	27	80	30	111	216	79	
60	16	60	42	4	45	93	40	293	69	
0	0	12	36	22	54	177	66	251	104	
35	66	20	0	72	44	68	39	268	110	
27	53	34	37	18	94	227	80	109	43	
30	53	34	25	52	80	62	75	216	95	

76	4	56	10	10	12	285	24	128	83	
31	20	38	121	44	68	98	28	215	25	
164	24	86	41	12	68	0	96	172	25	
32	82	34	54	42	42	22	65	299	16	
48	8	36	36	0	68	33	307	120	32	
31	16	38	41	23	52	34	50	257	146	
14	32	95	0	134	22	38	32	321	0	
32	6	58	64	50	12	62	100	285	19	
40	0	32	4	86	24	330	44	128	0	
48	76	38	51	18	96	0	59	213	89	 ***
74	12	36	44	10	40	0	128	88	256	
32	66	26	90	0	1	303	18	92	60	
123	105	96	20	0	83	201	0	0	60	
43	16	6	50	65	54	16	80	305	53	
31	26	38	41	46	64	227	49	142	24	
16	74	42	32	56	52	28	38	332	18	
164	25	40	57	14	64	0	64	146	114	
31	42	38	115	12	64	0	51	232	103	
49	16	38	41	44	66	43	156	210	25	
70	4	12	68	64	44	26	101	297	2	
31	32	70	97	12	90	0	177	154	25	
38	23	24	36	8	0	180	51	328	0	
31	82	56	68	0	6	98	0	283	64	
46	14	0	0	64	64	0	73	299	128	
31	50	38	41	20	100	132	26	212	38	
44	4	44	100	12	45	88	47	304	0	
47	24	38	41	18	64	228	43	116	69	
91	24	0	0	48	22	46	162	295	0	
52	8	96	4	72	50	297	0	51	58	

22	34	40	42	80	0	18	176	267	0	
8	88	4	38	84	44	18	30	265	100	
32	36	38	49	30	80	0	66	134	214	
32	41	40	49	14	105	0	62	128	208	
32	36	40	49	31	80	0	216	130	65	
8	23	26	0	44	96	128	0	312	42	
32	28	38	49	22	78	34	140	202	56	
16	44	36	38	8	60	133	22	246	76	
32	39	40	49	95	83	0	66	128	147	
38	78	38	73	14	80	0	90	211	57	
32	40	40	65	14	87	0	216	128	57	
8	15	141	34	115	58	0	0	44	264	
32	36	54	112	14	78	0	66	150	137	
32	38	38	49	34	68	212	24	128	56	
32	28	38	57	14	66	140	24	224	56	
68	6	84	8	66	8	0	322	46	71	
32	36	38	49	14	80	0	154	211	65	
32	63	40	49	14	80	0	216	128	57	
32	48	40	52	30	76	0	216	128	57	
48	36	40	49	14	78	0	137	209	68	
32	36	38	49	14	78	0	106	138	188	
72	116	40	4	12	24	254	51	34	72	
44	46	114	23	82	56	30	75	209	0	
2	32	70	42	15	0	68	0	267	183	
32	72	46	49	90	93	0	68	140	89	
32	36	40	49	14	62	26	139	209	72	
46	50	33	34	101	101	0	0	231	83	
32	78	38	73	14	78	0	58	211	97	 ***
4	12	96	132	16	18	90	4	275	32	
16	2	108	12	48	36	120	35	291	11	
31	38	40	57	14	99	0	216	128	56	

56	124	80	8	36	0	50	0	256	44	
78	81	6	31	14	56	0	191	129	68	
42	9	12	40	0	8	54	64	249	176	
10	56	6	90	76	82	0	112	158	64	
72	32	45	118	0	0	28	0	168	191	
1	10	3	46	2	32	32	178	254	96	
74	5	4	0	8	2	36	277	184	64	
10	24	6	25	16	105	73	80	113	202	
50	22	12	0	4	6	157	19	304	80	
50	36	0	56	13	16	16	68	195	204	
32	6	12	66	0	106	26	52	270	84	
61	98	0	48	2	20	42	44	252	87	
10	20	78	90	18	52	0	87	117	182	
36	22	4	0	76	58	0	149	52	257	
37	14	7	31	22	48	213	127	89	66	
42	4	10	0	38	6	0	108	194	252	
20	48	6	39	25	62	0	78	177	199	
0	16	103	30	95	0	49	2	172	187	
44	72	4	88	0	33	0	289	8	116	
32	20	66	111	0	16	264	88	4	53	
53	28	8	33	18	71	0	175	203	65	 ***
42	18	54	25	24	94	0	214	119	64	
17	36	6	0	56	36	54	56	244	149	
56	38	78	114	123	12	233	0	0	0	
0	40	42	75	129	68	214	0	0	86	
6	36	36	32	5	66	61	0	278	134	
0	0	87	30	41	120	0	26	90	260	
10	44	6	57	14	56	212	58	133	64	
68	0	24	4	8	64	28	271	161	26	
14	82	10	33	18	60	0	126	113	198	
10	22	38	25	14	62	190	24	197	72	
21	16	6	33	50	48	70	24	253	133	
0	36	0	90	32	12	16	44	142	282	
12	12	6	25	46	60	142	24	227	100	
68	1	61	20	40	104	54	46	260	0	
50	35	10	25	46	110	0	126	188	64	
10	56	10	29	58	70	0	208	149	64	
9	32	14	31	22	82	0	142	123	199	
26	18	42	27	47	68	0	74	153	199	
24	0	40	44	0	9	116	34	285	102	
54	14	54	16	42	8	50	151	265	0	
4	12	10	22	36	48	138	213	99	72	
0	16	0	122	44	26	156	254	0	36	
36	6	39	55	0	72	0	35	319	92	

0	0	6	16	36	0	40	316	140	6	
8	0	16	16	0	36	96	306	42	40	
34	12	18	36	42	64	8	246	80	20	
38	16	4	22	6	32	0	260	149	33	
32	36	10	0	0	4	0	286	48	144	
0	12	0	0	0	4	14	326	52	152	
0	8	0	46	116	0	68	32	290	0	
0	0	0	8	4	98	8	314	128	0	
0	16	60	70	50	0	29	254	75	6	
4	0	0	94	48	0	0	56	306	52	
39	16	4	24	26	32	0	58	103	258	
10	76	0	0	82	16	14	44	318	0	
76	2	0	2	0	0	244	0	236	0	
2	56	8	0	80	83	0	331	0	0	
0	22	32	2	10	0	41	244	165	44	
34	0	2	20	0	8	0	272	115	109	
32	6	16	0	0	144	0	8	98	256	
39	16	4	22	6	60	0	60	95	258	
0	0	8	0	64	0	60	111	315	2	
38	36	4	22	26	32	0	274	99	29	 ***
0	0	12	0	10	0	178	305	35	20	
38	16	4	22	18	32	271	12	111	36	
39	16	8	24	6	32	0	256	141	38	
0	14	0	56	0	194	70	0	226	0	
52	64	0	8	0	0	4	137	295	0	
55	16	4	22	6	42	0	58	99	258	
0	12	32	0	16	0	179	0	269	52	
39	16	4	22	14	103	0	88	104	170	
32	4	2	0	0	4	46	318	154	0	
0	32	8	4	2	0	0	323	9	182	
64	72	0	0	16	72	32	12	292	0	
4	0	0	36	12	20	0	314	132	42	
0	64	170	68	0	0	0	4	212	42	

32	7	52	12	32	0	124	313	96	0	
32	78	0	40	0	72	0	300	8	138	
32	16	0	32	36	36	237	243	36	0	
75	32	36	16	58	0	36	299	76	40	
0	36	48	99	0	10	72	313	90	0	
99	40	4	0	44	68	0	98	315	0	
36	44	72	0	64	0	118	230	0	104	
32	8	0	64	72	0	175	8	305	4	
0	64	0	0	69	44	62	280	84	65	
68	68	1	24	12	0	64	282	108	41	
72	28	0	28	40	72	0	292	92	44	 ***
158	2	18	0	77	0	104	269	40	0	
0	6	12	32	36	0	64	311	175	32	
10	48	0	0	36	8	48	241	238	39	
82	24	4	52	12	0	0	243	140	111	
32	48	0	44	0	48	6	110	133	247	
4	28	68	72	32	66	16	236	146	0	
4	9	60	0	166	36	0	247	0	146	
8	0	0	68	28	68	0	338	114	44	
9	0	16	16	40	33	176	306	0	72	
0	118	48	1	0	108	60	295	38	0	
10	72	0	0	161	85	0	138	0	202	
40	28	8	46	68	64	32	236	0	146	
44	8	42	32	0	42	32	320	132	16	
45	52	2	20	0	52	32	293	172	0	
36	8	32	8	16	2	332	139	85	10	
6	0	1	0	36	48	64	68	134	311	

0	81	72	38	34	80	288	120	0	0	
2	13	36	104	28	0	32	289	138	71	
64	71	2	40	8	40	44	304	100	40	
12	98	4	65	76	66	192	200	0	0	
66	36	0	20	44	68	66	277	60	76	
97	0	24	32	80	68	52	292	36	32	
39	76	0	20	0	0	136	311	40	91	
64	28	10	12	40	32	32	301	78	116	
72	88	40	8	40	64	0	247	76	78	
14	95	0	0	109	0	226	61	0	208	
4	0	36	36	17	44	137	244	195	0	
64	88	8	12	40	32	0	325	96	48	
68	32	32	12	72	32	50	277	50	88	
10	16	32	4	36	76	42	269	148	80	
68	36	0	16	40	64	0	269	112	108	 ***
0	120	64	76	90	0	74	69	220	0	
64	28	0	88	52	66	0	277	94	44	
64	64	4	12	42	32	64	277	92	62	
38	0	86	38	20	64	0	283	47	137	
33	60	5	40	8	6	40	313	108	100	
84	64	26	36	37	3	48	269	40	106	
24	34	4	36	64	82	48	269	108	44	
64	24	0	144	56	34	0	243	76	72	
70	74	44	12	56	82	107	268	0	0	
0	32	68	42	0	8	50	212	60	241	
124	28	0	48	40	66	48	291	32	36	
71	44	36	42	40	66	0	262	100	52	
48	36	56	0	0	71	62	280	50	110	
32	8	0	0	0	70	64	280	195	64	
71	36	7	40	32	32	54	277	36	128	
79	8	71	36	64	38	48	257	64	48	
32	43	28	126	32	40	43	201	96	72	
64	24	84	44	40	76	0	265	76	40	

32	32	34	0	78	40	0	300	19	147	
32	0	64	32	32	46	8	288	164	16	
17	34	34	0	0	40	64	317	24	152	
72	18	94	0	98	0	0	276	40	84	
72	108	0	179	0	0	0	259	64	0	
46	0	0	42	33	0	51	308	12	190	
4	46	40	0	0	0	0	238	186	168	
32	54	0	20	133	0	0	230	213	0	
36	13	2	16	56	0	50	301	104	104	
32	50	0	0	42	32	0	217	299	10	
0	134	37	64	0	0	46	229	40	132	
70	32	16	8	41	0	0	175	104	236	
36	41	0	8	58	32	0	273	124	110	 ***
90	44	16	0	0	6	0	42	306	178	
19	0	40	32	0	44	0	302	54	191	
36	32	32	20	58	0	0	299	91	114	
0	96	33	0	32	34	276	32	179	0	
60	114	4	7	0	60	87	266	84	0	
32	139	36	108	0	98	0	0	229	40	
68	24	18	0	32	4	0	324	104	108	
40	0	37	0	8	142	261	32	0	162	
32	32	8	38	0	58	242	272	0	0	
42	44	98	49	0	42	49	302	56	0	
171	0	32	0	123	34	250	0	0	72	

36	21	0	0	68	0	0	124	124	270	
36	1	110	34	0	70	0	284	108	0	
0	32	34	42	36	135	191	173	0	0	
2	175	0	32	50	0	256	96	32	0	
36	37	2	8	55	0	0	283	132	90	
24	36	0	42	136	49	0	250	106	0	
0	32	50	92	0	48	285	0	136	0	
8	32	38	32	0	0	9	234	282	8	
0	126	4	108	90	16	0	257	0	42	
2	8	0	74	32	0	0	244	12	271	
34	21	0	0	50	0	33	282	157	66	
8	8	0	4	8	8	0	278	96	233	
36	155	0	0	76	0	0	190	116	70	
0	0	68	0	124	0	50	239	18	144	
36	21	40	2	66	0	0	283	97	98	
52	25	0	0	61	16	0	283	116	90	 ***
20	8	64	0	8	0	0	281	180	82	
60	17	0	0	58	12	0	273	133	90	
102	72	0	2	0	165	0	0	64	238	

90	88	3	0	54	20	0	215	118	126	
170	10	26	0	24	4	44	250	0	186	
0	68	39	36	10	18	153	270	66	54	
62	82	4	40	0	0	148	270	32	76	
34	8	80	8	36	52	8	229	12	247	
14	0	64	9	88	22	40	271	186	20	
142	108	10	40	44	32	36	270	0	32	
28	32	136	4	108	102	0	284	4	16	
96	92	58	3	5	64	27	293	12	64	
9	8	30	0	52	80	88	294	133	20	
16	6	32	96	60	12	84	252	108	48	
28	48	4	4	68	99	28	272	112	51	
41	30	8	94	56	68	38	299	48	32	
84	17	0	8	93	23	0	290	121	78	 ***
0	2	93	64	0	50	80	279	70	76	
52	19	0	16	67	16	60	295	116	73	
60	19	1	0	20	16	64	314	150	70	
36	8	50	40	96	38	52	280	0	114	
64	20	20	2	8	0	115	274	211	0	
4	53	88	64	108	64	46	275	0	12	
8	90	4	72	0	17	34	281	104	104	
0	32	42	0	48	34	70	0	218	270	
36	46	2	100	0	12	20	0	342	156	
0	10	12	42	64	8	37	337	8	196	
0	72	16	0	52	72	64	295	37	106	
0	0	16	56	40	12	0	272	230	88	
52	38	32	0	48	36	1	258	48	201	
42	52	0	0	32	128	16	281	124	39	
85	80	8	4	18	62	0	271	110	76	
108	14	80	0	0	62	40	258	56	96	
50	0	36	36	86	4	16	314	22	150	
52	33	5	0	22	43	76	287	124	72	
153	32	0	0	18	17	72	247	83	92	
143	46	104	8	4	64	32	271	42	0	
52	33	40	84	38	16	39	272	140	0	
14	48	0	70	40	112	10	272	103	45	
138	160	63	85	0	0	49	10	0	209	

64	32	43	44	37	32	217	257	0	42	
69	82	120	2	34	56	18	222	0	165	
41	32	34	38	57	32	242	282	0	10	
32	73	41	64	0	74	68	221	0	195	
20	19	70	110	0	72	6	287	184	0	
28	66	36	114	0	34	128	282	48	32	
66	41	0	0	127	150	0	101	153	130	
2	16	42	49	32	0	80	277	170	100	
64	42	32	33	0	40	40	270	171	76	
74	11	0	0	116	51	0	125	121	270	
66	56	19	32	93	19	0	244	161	78	 ***
64	51	0	0	84	50	0	148	274	97	
149	4	8	52	32	90	40	0	144	249	
37	10	56	50	72	104	33	273	101	32	
65	81	18	112	17	0	0	256	140	79	
51	34	0	0	164	100	182	237	0	0	
58	66	24	43	52	4	0	251	197	73	
72	24	33	0	60	17	213	224	53	72	
66	8	80	0	109	18	0	264	153	70	
2	44	25	33	100	32	104	270	64	94	
66	10	0	0	137	139	0	108	153	155	

