#192	900	404	112	400	0	792	272	720	4548	
#80	880	4	560	116	112	320	304	2864	3100	
#160	912	0	0	272	320	912	476	240	5048	
#72	324	0	144	80	240	3408	320	272	3480	
#240	80	0	192	400	496	484	832	5336	280	
#480	304	360	1300	400	2240	0	2584	672	0	
#160	244	112	0	0	0	1024	3716	2172	912	
#80	196	244	80	480	272	2340	432	4072	144	 ***
#1780	436	320	240	0	400	3732	248	0	1184	
#548	160	0	0	240	352	240	496	1028	5276	
#192	324	84	0	320	320	3640	244	2976	240	

112	164	244	80	464	272	1984	432	1928	1872	
116	752	432	400	320	624	0	32	4844	32	
0	64	160	480	400	32	1336	4968	112	0	
1760	0	80	0	32	400	1204	256	3596	224	
32	80	432	0	544	272	560	0	592	5040	
80	160	272	80	560	272	592	800	64	4672	
64	160	0	384	272	720	160	1076	4716	0	
112	164	244	400	400	464	160	272	580	4756	
0	80	464	32	400	68	2836	320	3112	240	
160	400	480	228	760	0	256	352	4916	0	
160	164	244	80	432	352	144	752	436	4788	
80	0	192	0	320	272	224	3444	2828	192	
112	164	324	400	80	592	80	432	4056	1312	
112	244	244	112	480	272	112	432	4008	1536	
192	164	244	112	400	304	80	4004	1748	304	
80	112	352	432	324	320	384	676	4808	64	
80	164	244	192	400	272	80	832	500	4788	
144	244	244	80	400	672	80	2708	2836	144	
164	0	0	516	656	240	144	224	4580	1028	
80	164	644	80	432	352	80	432	468	4820	
352	240	84	80	160	640	192	0	4924	880	
80	196	244	80	400	272	2016	1056	512	2696	
112	388	244	80	1696	272	112	432	2264	1952	
240	272	320	0	112	80	32	320	4672	1504	
112	164	592	160	400	272	720	1024	3960	148	
432	2088	352	272	0	1024	2948	356	0	80	
32	160	272	0	64	544	240	4412	0	1828	
240	436	576	80	0	192	320	464	4892	352	
80	164	308	80	400	272	240	464	628	4916	
324	0	240	0	676	240	1440	464	3704	464	
352	192	320	96	480	192	0	804	4924	192	
80	196	244	112	480	304	80	432	708	4916	
80	196	324	240	432	272	112	1392	1924	2580	
160	164	564	160	400	368	1520	1328	2744	144	 ***

160	164	596	160	400	368	4116	976	304	820	
320	1940	64	544	640	0	0	1896	624	2036	
196	116	64	1792	32	32	4632	640	560	0	
480	196	564	800	400	368	112	4296	704	144	
112	164	564	160	400	688	784	656	1588	2948	
0	160	916	160	400	368	1456	2332	832	1440	
80	164	564	240	432	400	112	656	308	5108	
0	272	32	896	512	176	948	192	3752	1284	
116	32	32	0	160	484	928	912	4616	784	
32	0	32	832	112	240	144	4336	192	2144	
112	0	0	0	432	336	432	4608	480	1664	
256	0	0	512	1664	400	160	1056	3424	592	
0	224	160	1552	816	992	0	192	4048	80	
752	640	32	64	192	112	160	3792	1968	352	
80	164	564	1200	1536	368	496	592	1076	1988	
80	164	404	240	1040	368	496	4296	832	144	
1040	196	564	240	400	368	112	4296	704	144	
1184	416	192	0	568	800	1712	1172	1940	80	
112	164	676	160	1040	688	112	4664	240	208	
80	804	564	160	400	368	224	4456	832	176	
80	304	400	36	432	432	352	480	4632	916	
80	164	564	160	400	560	1440	468	1296	2932	
80	164	564	240	400	1008	432	1028	3940	208	
352	160	384	640	32	352	72	4728	752	592	
160	164	564	800	432	1392	116	832	2948	656	
80	32	544	0	0	960	2108	576	672	3092	
80	196	564	480	432	368	832	656	4152	304	
164	336	276	64	864	388	4852	0	1120	0	
160	0	432	880	256	80	512	272	4576	896	
80	160	564	480	400	1088	112	1832	192	3156	
112	160	564	160	400	368	112	2824	192	3172	
64	560	0	96	1472	2964	1836	960	0	112	
1136	0	32	192	352	32	640	2508	192	2980	
224	112	720	80	640	480	3928	0	824	1056	
144	192	0	352	192	912	0	464	1216	4592	
0	32	512	384	160	32	0	4104	432	2408	
32	1472	240	128	0	80	1792	672	3024	624	
320	544	1376	144	512	272	352	960	3584	0	
80	164	564	240	400	368	3012	672	1748	816	
80	164	564	800	400	368	2976	656	1912	144	 ***

80	192	560	800	720	928	736	880	4372	112	
0	864	80	352	1232	240	4644	640	192	1136	
80	160	560	480	400	368	4212	1264	1072	784	
32	160	192	192	992	1264	5252	272	784	240	
80	160	1200	800	400	368	3732	432	1552	656	
80	160	592	1600	560	368	736	1296	304	3684	
352	800	144	640	1424	1168	752	320	3780	0	
992	240	192	1424	112	400	784	384	4852	0	
784	800	144	0	112	0	432	1616	4932	560	
960	160	32	240	1312	112	0	1104	4964	496	
80	160	560	800	1072	368	4340	400	1488	112	
32	80	912	0	592	32	4580	800	960	1392	
80	800	592	800	560	336	1568	160	112	4372	
720	160	560	800	1200	368	3860	160	768	784	
352	384	272	2064	160	0	992	0	5156	0	
384	320	192	720	688	112	3104	432	1988	1440	
1200	1488	240	0	560	1584	384	0	3220	704	
784	352	432	0	640	1312	3764	752	112	1232	
80	192	560	1440	720	368	3732	432	1712	144	
112	192	672	640	272	272	272	1104	5284	560	
1744	240	0	752	352	256	0	480	848	4708	
192	560	704	144	864	832	4420	160	1344	160	
0	0	800	2992	80	544	1456	0	3204	304	
2388	32	784	32	1152	800	272	2880	720	320	
384	80	272	3044	1232	96	112	2320	800	1040	
720	160	592	1440	400	528	736	240	880	3684	
80	160	560	2240	400	368	4804	432	192	144	
880	480	192	112	352	624	112	1056	4500	1072	
80	160	320	960	0	288	5140	480	1152	800	
512	0	0	2820	272	1312	480	880	2560	544	
1120	192	816	0	624	0	1312	4548	0	768	
80	160	560	832	1280	768	896	320	4372	112	
848	800	416	80	0	1540	4064	880	752	0	
0	480	0	1312	1056	800	4420	96	752	464	
80	800	560	960	400	368	1376	432	1104	3300	
1152	64	160	32	80	800	4852	384	304	1552	
720	160	560	800	400	368	3188	240	2672	272	 ***
752	96	0	944	1152	1072	4324	640	400	0	
336	160	640	944	464	640	4884	432	0	880	
80	160	1040	1472	400	256	736	4932	192	112	
80	192	560	800	400	1008	736	960	4372	272	
272	992	352	32	160	1744	352	880	3892	704	
544	880	224	160	432	464	3572	864	2240	0	
80	160	720	800	1040	368	3732	240	1456	784	
1264	0	0	400	832	96	304	4340	352	1792	
1808	512	1152	320	160	32	3652	0	0	1744	
912	32	0	352	0	944	1216	1072	4420	432	
304	960	240	384	432	320	400	2688	1824	1828	
80	160	1200	1440	400	368	896	320	4404	112	
720	160	640	1824	352	0	1888	192	80	3524	

160	80	672	320	832	160	160	720	1872	4672	
640	160	480	640	960	176	1568	3984	688	352	
112	384	672	0	832	0	672	880	4400	1696	
160	64	1152	160	1632	320	4240	1424	496	0	
0	192	1184	0	512	960	5280	416	384	720	
640	160	560	800	400	1792	2128	160	272	2736	
32	2896	672	192	1840	64	32	992	2928	0	
304	1392	224	208	560	0	5536	0	560	864	
1120	0	304	0	320	176	1856	4432	1440	0	
752	640	144	352	864	160	320	1536	4448	432	
752	240	560	640	320	336	3664	512	1840	784	
800	160	400	640	1648	816	1568	160	3104	352	
720	992	352	352	80	944	3632	272	2304	0	
960	1344	352	304	320	0	4928	688	0	752	
1072	720	0	832	0	480	0	5392	640	512	
640	160	400	800	320	736	3200	2624	496	272	
0	960	224	992	0	1760	0	544	3664	1504	
800	0	544	160	576	384	816	1392	4976	0	
960	32	1488	0	0	1376	1040	160	3808	784	
320	464	240	1056	0	256	5568	0	1424	320	
752	160	560	0	320	896	2208	160	272	4320	
640	160	560	640	320	176	1568	192	1072	4320	
640	192	560	1472	320	176	1536	160	4240	352	
160	1440	672	112	832	144	4752	1280	256	0	
560	672	272	1280	640	0	96	0	5104	1024	
656	320	704	800	592	160	336	4720	1360	0	
480	2080	0	384	160	0	784	5296	32	432	
192	720	512	0	80	320	4656	2144	0	1024	
672	96	192	0	2032	240	0	720	5296	400	
752	384	0	832	720	1712	1584	0	3264	400	
640	352	192	240	192	32	1712	5408	880	0	
640	576	352	0	960	2688	3424	0	1008	0	
640	0	80	192	800	640	1872	784	4448	192	
112	352	400	0	1760	64	4208	0	1648	1104	
640	432	560	640	320	96	3216	2800	832	112	
992	992	912	80	0	0	4304	320	1984	64	
752	160	320	640	320	176	3216	240	3392	432	 ***
544	880	592	304	720	0	3760	0	2656	192	
640	160	320	880	400	96	1568	544	4768	272	
160	352	1344	0	64	976	0	1456	3632	1664	

160	176	1600	0	864	1152	1024	352	3664	432	
272	32	192	976	672	352	3984	1504	1440	0	
160	400	0	192	992	640	1648	1056	3936	400	
304	0	320	1120	480	256	1840	2496	2336	272	
432	160	480	752	560	176	3376	2272	864	352	
112	720	720	752	320	176	1840	320	1424	3040	
112	80	480	640	400	496	1712	240	4512	752	
0	1120	144	272	672	112	3968	1504	592	1040	
480	0	320	960	0	272	3440	352	0	3600	
192	320	640	880	352	176	3312	960	2352	240	 ***
32	672	0	592	512	0	0	2000	4416	1200	
272	160	352	1360	320	144	3424	160	2432	800	
0	432	480	800	160	320	5184	528	1440	80	
224	0	560	160	640	256	1600	4000	832	1152	
1744	592	512	864	640	0	0	1360	3712	0	
320	80	912	672	752	0	3696	1184	528	1280	
464	1200	0	0	0	640	2416	976	3568	160	
352	80	400	640	400	176	1712	240	4352	1072	
0	80	640	400	240	352	2160	944	3760	848	
192	80	640	640	752	784	3568	160	2368	240	
1120	768	1120	0	0	512	3136	1184	1088	496	
112	160	320	800	880	288	1920	160	1744	3040	
304	0	320	2000	480	144	1520	2960	912	784	
432	80	592	720	400	176	2928	160	1856	2080	
224	480	720	752	352	0	4064	928	272	1632	
1312	0	752	880	320	144	1600	80	832	3504	
112	32	320	1040	480	176	1760	320	3600	1584	
432	0	400	720	480	336	3328	0	3136	592	

1040	0	432	112	2496	0	1936	0	640	784	
1392	0	112	0	352	352	2144	912	1824	352	
400	160	912	0	160	752	3664	880	512	0	
160	1280	112	640	0	480	2688	32	480	1568	
112	320	672	400	352	176	2384	1632	1152	240	
112	320	640	400	352	176	2384	1216	1152	688	
192	144	352	272	1040	144	2400	320	2496	80	
0	560	352	592	288	0	3440	1952	256	0	
112	320	640	240	352	336	2352	1696	1152	240	 ***
816	80	752	912	0	32	2448	384	1280	736	
112	320	640	240	352	176	1088	1104	3136	272	
32	960	32	80	752	96	0	3584	1904	0	
112	320	672	240	352	144	816	2528	2096	160	
112	320	640	160	352	176	880	2976	1504	320	
304	0	0	160	0	880	2960	1184	640	1312	
160	0	352	0	0	352	1424	0	1232	3920	
112	320	640	240	352	176	928	752	1808	2112	
112	320	640	240	352	208	2912	1072	992	592	
112	320	640	240	352	176	2352	1792	1184	272	
112	320	640	240	352	208	928	1520	1008	2112	
112	320	640	240	352	176	928	2528	1904	240	
112	480	640	272	352	176	928	1040	1296	2144	

272	324	1048	240	352	384	1072	2576	1152	160	
356	324	644	272	384	672	800	672	1360	2096	
128	320	160	32	880	800	432	3064	1156	608	
0	400	560	1540	192	32	400	3028	432	996	
192	0	228	240	0	1156	320	3648	1232	564	
272	224	0	992	1392	544	964	2516	676	0	
0	408	112	2272	992	192	304	2388	720	192	
644	400	752	272	512	672	520	320	3488	0	
436	480	640	272	432	304	960	992	1040	2024	
148	320	512	240	436	464	2724	704	1312	720	
352	800	756	276	352	276	800	2576	1152	240	
80	1552	80	160	192	464	3192	512	276	1072	
708	2032	240	0	324	0	0	3408	228	640	
88	144	1184	160	0	880	1088	2612	352	1072	
180	404	640	240	432	276	1024	2992	992	400	 ***
352	720	608	324	0	724	148	3360	192	1152	
192	320	560	400	752	308	1008	2448	1152	440	
112	324	720	240	392	304	2624	832	1392	640	
276	400	640	560	384	308	884	832	1152	2144	
144	320	720	564	352	464	2600	704	1392	320	
592	80	84	544	944	4	656	3332	400	944	
0	160	0	304	432	4	276	1712	3492	1200	
84	144	640	400	352	244	2496	1024	1408	788	
1188	192	272	1040	0	560	3140	516	0	672	
432	0	992	400	352	0	600	484	3488	832	
84	464	192	0	240	964	640	640	544	3812	
272	320	676	272	440	464	624	864	1376	2272	
432	1152	560	64	836	320	356	3216	164	480	
596	324	400	400	32	240	480	1412	3504	192	
304	560	80	964	4	320	1072	3360	196	720	
544	320	484	116	0	352	992	1072	0	3700	
304	196	432	756	1764	0	496	2992	240	400	
164	192	1124	400	0	112	784	3184	564	1056	
112	480	784	240	352	308	992	2548	1284	480	
192	32	800	244	84	384	3488	1392	320	644	
112	512	480	564	512	272	848	868	1312	2100	
112	480	640	480	352	112	1120	704	1552	2028	
80	720	516	0	628	1124	1552	272	112	2576	
720	0	548	192	512	224	0	3280	680	1424	
116	480	964	560	352	336	800	756	1120	2096	
116	352	640	248	512	624	464	752	3552	320	
228	160	160	1040	356	80	0	3652	1152	752	
112	2148	800	244	224	80	560	2500	752	160	

1600	640	804	0	1152	1024	736	196	676	2848	
1440	304	640	80	480	120	2228	2496	1344	544	
0	3024	400	512	512	640	556	2880	1152	0	
1636	592	4	1232	1392	0	1136	996	0	2688	
548	1584	1120	880	944	320	1552	2340	388	0	
352	800	520	0	80	1520	512	4128	884	880	
788	884	640	80	112	676	592	3872	992	1040	 ***
628	1124	800	160	432	596	1344	704	1024	2864	
192	0	1044	388	192	880	1456	2948	912	1664	
80	1232	560	864	800	1156	868	3572	0	544	
880	320	80	1152	816	276	960	3828	1204	160	
480	196	1120	720	144	464	720	3008	2276	548	
432	484	304	1664	720	1240	224	2896	992	720	
148	84	880	560	432	1476	992	2640	1600	864	
228	484	1280	80	272	276	912	3792	1392	960	
148	484	640	160	1392	1284	592	3232	1040	704	
2048	1748	244	564	80	912	192	0	3616	272	
752	480	720	0	512	832	1152	3508	756	964	
468	404	640	400	512	356	864	3568	1712	752	
0	432	1636	2228	1072	1152	512	2292	0	352	
224	32	512	276	1124	1440	596	2928	960	1584	
800	880	592	272	740	804	480	2788	1120	1200	
112	1200	1108	1312	832	560	464	2736	840	512	
992	480	80	164	80	1124	432	4384	820	1120	
592	304	0	0	1040	1056	512	2612	2200	1360	
276	464	324	80	1264	0	1520	2512	912	2324	
0	0	1120	1152	276	912	1392	1392	244	3188	
304	564	164	752	276	1200	4384	512	0	1520	
160	272	400	1156	1264	36	1204	2576	496	2112	
1584	192	80	160	404	836	1120	3028	432	1840	
244	400	2656	480	0	244	3280	1424	0	948	
32	872	80	804	304	1152	2560	2768	272	832	
468	480	800	1120	192	244	752	3620	960	1040	
148	484	1120	240	512	916	624	1824	1072	2736	
1120	880	352	400	0	4	784	3748	1236	1152	
1360	800	356	756	672	240	0	4020	992	480	
148	484	1040	80	112	404	992	1680	1600	3136	
1680	0	160	628	784	640	1072	2612	1936	164	
192	916	120	512	720	1072	240	3696	1024	1184	
340	404	640	720	752	276	592	1344	1040	3568	
324	1216	516	1232	400	516	272	3056	2144	0	
512	0	992	356	1584	432	1444	3012	912	432	
308	404	640	400	512	996	864	1344	1120	3088	
1440	1024	0	992	320	436	832	2900	0	1732	

304	1024	436	864	80	1444	752	2516	320	0	
400	628	432	1044	0	192	1120	2756	976	192	
592	800	580	592	272	324	720	3136	724	0	
0	912	832	912	244	436	880	2660	432	432	
592	164	0	592	432	436	672	3860	720	272	
308	240	640	80	272	644	592	1044	1120	2800	
1956	0	1072	80	0	484	660	2656	432	400	
832	384	672	480	436	880	320	0	2280	1456	
480	84	544	1200	168	160	1152	3040	0	912	
464	480	480	400	480	160	0	3812	1188	276	
788	244	320	240	112	676	864	1280	960	2256	
400	0	352	912	272	592	568	3008	1040	596	
308	244	320	80	272	644	592	3520	960	800	
240	640	400	32	848	1872	820	1808	84	996	
148	244	720	80	144	836	752	2896	1120	800	
1712	88	480	272	400	512	1072	80	3124	0	
516	592	352	240	0	1040	656	112	2128	2104	
800	544	352	644	628	240	0	2832	1104	596	
464	160	64	592	480	352	164	3488	600	1376	
324	964	32	592	352	0	2656	2544	276	0	
240	0	400	384	356	0	1312	3140	512	1396	
32	864	308	1152	196	80	1044	2224	480	1360	
0	160	0	872	272	560	3188	1744	512	432	
432	0	512	0	2752	400	4	272	2104	1264	
112	480	160	484	164	512	2432	0	112	3284	
276	320	352	80	112	644	560	1636	960	2800	
512	1072	832	116	404	304	480	3796	224	0	
400	256	880	432	592	836	0	1444	1696	1204	
308	244	560	80	304	676	752	1056	960	2800	
0	464	564	640	384	1280	2608	272	640	888	
1184	260	2800	0	436	0	2148	0	672	240	
320	320	320	672	724	0	164	3408	1584	228	
0	480	432	320	192	560	4096	324	472	864	
88	32	32	320	480	192	864	3216	836	1680	
352	160	520	484	400	320	976	2944	352	1232	
560	4	1360	304	880	80	400	2932	192	1028	
472	1120	640	352	304	160	388	3104	0	1200	
560	64	196	1152	276	912	800	2420	320	1040	
148	324	320	80	112	676	624	1248	1280	2928	
160	164	32	160	160	240	1632	2720	820	1652	
480	80	352	240	480	196	964	3424	1344	180	
148	404	320	80	2016	836	624	1136	960	1216	
0	1604	416	480	112	516	2260	1280	80	992	
116	240	320	80	304	804	592	3140	960	1184	
160	0	720	392	1108	592	1152	576	400	2640	
148	404	640	80	112	676	752	2976	992	960	 ***
352	2448	720	244	400	160	0	1840	944	632	
832	596	0	352	640	32	0	192	1960	3136	
32	80	352	196	560	560	1072	3060	320	1508	
2208	192	352	0	480	516	912	1200	1880	0	
116	240	2432	80	112	644	592	1732	960	832	
640	116	884	560	112	720	2916	0	640	1152	
144	224	640	432	436	240	836	3152	484	1152	

500	640	640	0	112	676	592	1328	1024	2692	
32	352	756	480	192	160	112	704	4020	1396	
272	320	4	756	112	144	2788	2608	160	1040	
576	720	320	596	160	672	3456	964	0	740	
240	164	0	384	544	468	2996	912	400	2096	
0	112	2128	68	468	1392	0	992	2724	320	
148	404	800	0	112	708	592	2864	1376	1200	
340	356	960	0	256	644	912	2864	960	912	
80	640	1636	320	432	1668	544	2416	320	148	
164	592	752	320	0	624	400	2116	1156	2080	
500	484	752	0	32	644	592	1344	3136	720	
192	804	800	432	324	160	752	3040	544	1156	
0	240	304	760	480	196	1696	3536	992	0	
148	356	672	0	112	1348	592	2816	960	1200	
352	400	512	80	784	1040	4	340	1444	3248	
148	324	960	192	432	676	624	2816	992	1040	 ***
640	784	0	832	0	752	412	3488	160	1136	
148	644	640	0	112	644	1200	1008	1120	2688	
868	356	672	160	144	676	592	2864	960	912	
192	640	592	880	176	544	1232	3460	488	0	
308	320	480	0	144	644	560	3716	1152	880	
160	0	356	640	272	0	1280	1908	3236	352	
68	320	320	0	752	484	800	3556	992	912	
148	644	640	0	112	756	624	2864	960	1456	
408	272	960	0	848	836	400	2688	656	1136	
148	324	720	0	464	996	576	1088	1200	2688	
80	192	752	1392	240	272	0	980	4052	244	
672	224	464	640	2272	1220	0	0	1796	916	
592	400	276	0	544	0	880	576	1444	3492	
72	432	880	980	320	752	944	2160	0	1664	
1280	672	512	64	720	336	0	2880	728	1012	

160	192	304	192	480	752	1076	3072	1400	320	
160	320	724	512	240	0	1232	560	3972	228	
564	192	240	576	720	480	596	800	3780	0	
480	640	272	320	244	80	4132	1136	644	0	
320	160	80	720	192	0	476	384	1760	3856	
560	480	160	400	4	272	80	820	1232	3940	
272	160	80	516	632	640	1072	0	3856	720	
0	32	84	720	404	800	4132	544	800	432	
1160	160	768	1520	916	0	832	432	0	2160	
480	800	0	272	0	2136	1744	1680	432	404	
944	832	596	560	592	192	80	3032	1120	0	
0	160	592	352	320	912	240	2464	676	2232	
916	996	272	404	672	0	352	2256	1120	960	
116	240	672	192	432	644	560	3252	960	880	
320	4	560	164	720	32	560	2420	272	2896	
912	0	1360	0	192	352	648	2096	480	1908	
2464	240	244	560	480	160	516	2516	704	64	
400	352	0	400	1264	520	272	2464	2116	160	
116	324	512	192	432	724	640	1760	1120	2128	
240	516	752	160	1076	672	272	2400	1860	0	
512	560	160	672	560	356	960	3096	352	720	
1840	992	560	708	1072	592	0	0	1188	996	
384	484	912	560	192	0	1236	3428	192	560	
240	192	356	320	720	512	404	1072	400	3732	
320	320	320	240	224	408	3908	720	624	864	
384	384	80	400	400	320	400	3980	320	1280	
1520	320	272	240	404	0	740	2400	480	1572	
464	640	800	640	432	0	192	2292	1460	1028	
240	352	1360	496	720	1120	192	404	592	2472	
32	432	0	192	324	1104	676	2512	400	2276	
196	192	880	240	240	164	432	2544	756	2304	
0	756	144	640	0	404	2192	756	640	2416	
164	112	592	800	484	320	0	720	3412	1344	
196	244	640	272	672	564	560	3280	960	560	 ***
164	352	64	116	512	160	1040	2196	1264	2080	

320	112	1072	512	244	452	2788	992	1312	0	
240	320	672	320	624	80	192	3428	1784	144	
160	0	80	512	480	80	560	3956	1416	560	
864	352	160	352	160	320	872	2868	512	1344	
192	272	2228	404	624	160	1312	1444	1168	0	
704	600	192	0	384	640	400	3972	640	272	
32	720	432	0	352	624	752	3936	400	556	
512	80	196	480	752	240	1712	2216	464	1152	
400	416	228	196	560	564	0	2096	2144	1200	
2208	752	1232	0	756	32	640	964	0	1220	
84	320	640	304	672	564	800	3028	832	560	
148	356	640	112	800	596	720	1520	960	1952	
240	592	432	0	112	112	32	3900	832	1552	
148	244	672	112	960	628	640	1600	800	2000	
704	0	484	0	992	352	1412	1120	560	2180	
84	272	800	112	672	560	560	2952	1200	592	
196	240	480	112	672	596	720	2996	1120	672	 ***
84	240	672	192	672	564	592	2996	880	912	
0	352	320	592	596	32	1188	3860	272	592	
192	336	400	276	960	1156	384	2740	240	1120	
960	384	980	480	672	352	272	2984	640	80	
164	240	640	272	864	676	592	2996	800	560	
512	804	464	404	624	640	80	2996	1280	0	
1040	512	304	840	432	1360	1728	644	944	0	
192	832	548	832	0	544	3040	948	868	0	
320	1044	480	468	112	276	1232	2208	464	1200	
816	1200	1304	720	192	564	592	1664	752	0	
1560	196	160	992	464	112	800	2112	304	1104	
148	240	640	144	1280	884	560	2948	400	560	
0	144	512	388	800	596	1232	3220	352	560	
80	0	512	256	800	240	1136	3744	400	636	
272	240	192	80	32	240	112	3620	676	2340	
304	464	0	400	240	240	628	1120	592	3816	
276	244	672	112	832	644	720	1264	832	2208	
400	992	256	672	148	404	864	3268	0	800	
784	1280	0	960	196	320	356	2852	80	976	
116	320	640	352	672	856	560	1200	960	2128	
640	352	196	1344	1076	1072	804	1856	464	0	
84	352	640	144	672	1072	560	1272	960	2048	

276	720	320	2192	564	720	320	736	3416	272	
80	0	1152	192	240	360	3384	2816	672	640	
196	80	480	112	1204	564	1440	2116	1072	2272	
1064	164	240	1312	352	1600	0	3504	1040	260	
560	1124	192	160	432	144	1152	3980	1472	320	
88	1104	1344	0	1936	1808	164	3092	0	0	
240	32	400	672	560	240	880	4100	660	1752	
352	2816	800	80	84	400	944	2956	0	1104	
80	3216	4	0	640	144	1792	2860	400	400	
244	0	1664	272	640	512	2072	2784	192	1156	
720	0	0	640	64	400	400	2660	400	4252	
32	832	432	240	2688	676	1192	3056	388	0	
164	640	1280	240	416	480	640	320	752	4604	
192	640	160	960	720	80	404	4380	64	1936	
384	472	32	160	592	560	1152	4824	400	960	
320	240	836	0	720	432	3264	400	3324	0	
2788	80	832	1632	0	80	1520	36	0	2568	
400	0	1040	1072	640	404	0	3808	500	1672	
320	1840	624	112	1408	564	752	3692	32	192	
192	80	324	112	1360	560	960	3116	1280	1552	
1876	728	0	464	592	480	1280	2772	432	912	
1024	836	0	160	512	0	960	640	944	4460	
512	880	1520	228	1280	512	0	2544	1660	400	
0	640	1744	1028	320	160	4572	192	240	640	
112	1940	720	640	480	0	160	3976	1476	32	
384	80	480	192	480	1200	480	4208	800	1232	
800	480	0	752	1232	240	1040	4044	240	708	
244	0	352	384	752	432	672	3028	1928	1744	
228	240	320	112	1072	480	1600	1688	1044	2752	
1152	160	1412	2112	880	912	952	1956	0	0	
1044	32	1584	560	0	308	1840	3188	512	468	
836	80	352	112	640	564	1840	3080	1200	832	 ***
276	80	644	272	640	708	432	1972	960	3552	

304	1568	880	1584	1840	80	760	0	0	2904	
0	480	324	84	272	1664	2304	0	2936	1856	
912	116	352	192	2080	484	1680	2152	1280	672	
832	0	352	240	640	440	1684	3024	724	1984	
832	84	432	624	640	404	1680	2356	1284	1584	
832	80	1156	32	1280	404	2032	2152	1280	672	
880	112	32	272	1792	1044	80	2404	1748	1556	
4	2032	160	340	0	1984	880	0	3640	880	
4	352	1184	160	160	352	2544	1572	32	3560	
352	516	880	784	884	560	628	3616	0	1700	
992	1024	1152	640	640	32	3492	1720	228	0	
244	560	320	0	2080	864	660	3348	160	1684	
36	1360	80	1620	672	320	3128	0	0	2704	
0	1620	1504	464	1316	240	272	1680	0	2824	
564	752	240	80	32	2184	1120	1568	3380	0	
1504	80	756	112	720	404	1840	2312	1360	832	 ***
912	80	352	0	996	964	1760	2196	916	1744	
832	800	512	192	640	484	1684	2232	720	1824	
832	80	436	224	880	964	2160	2232	640	1472	
1108	80	352	116	640	324	2560	1204	1280	2256	
832	592	352	80	644	324	3460	1844	480	1312	
432	820	0	324	832	0	2704	1700	1076	2032	
256	1984	880	0	1920	0	400	640	3012	828	
1152	80	1076	80	640	324	1920	2296	480	1872	
1712	404	32	0	880	820	432	2208	3432	0	
80	0	320	160	640	0	4980	2164	1120	456	
0	1424	192	1152	1280	4	324	2744	80	2720	

1908	640	0	36	1232	80	80	352	640	5112	
1424	80	548	160	640	404	2592	2600	880	752	
192	160	672	80	192	0	1392	5612	512	1268	
80	1200	656	320	0	1104	868	4872	404	576	
0	720	1040	432	736	244	1076	2660	1264	1908	
1296	80	436	80	752	404	1840	1296	3224	672	
1184	80	436	0	752	436	2080	2760	1520	832	
64	84	544	480	196	400	1200	3176	1104	2832	
2560	0	1780	592	0	1396	468	2068	672	544	
1184	80	1464	80	560	884	960	2436	1520	912	
320	720	1076	112	868	0	1360	5064	0	560	
1184	80	516	160	672	436	3476	1364	1520	672	
1184	80	516	112	672	324	2080	1960	2480	672	
992	1828	80	1632	1264	944	3176	0	164	0	
1184	80	676	32	560	404	1040	2600	1520	1984	
0	0	800	116	1104	160	672	6524	80	624	
516	3204	400	0	1456	192	832	0	720	2760	
80	0	272	32	320	0	4776	1704	32	2864	
1264	0	2216	112	560	404	992	1940	1360	1232	
1184	80	596	192	560	404	960	2440	1520	2144	 ***

320	1280	1232	0	256	592	1472	276	0	4568	
864	0	516	672	1352	352	480	1184	2064	2512	
1496	0	356	192	400	80	640	2688	1072	3072	
320	80	720	0	1152	304	1344	5356	720	0	
864	0	392	192	352	2160	752	2452	1280	1552	
864	160	388	512	880	320	740	2336	2404	1392	
1504	0	356	192	320	480	752	2360	2320	1712	 ***
64	0	640	720	800	112	160	5096	1280	1124	
112	0	80	0	1520	192	2112	5688	0	292	
832	0	672	1120	464	564	320	5352	672	0	
640	144	640	512	320	32	832	5084	912	880	
32	192	640	240	912	0	0	5832	1908	240	
864	0	1064	1344	720	0	2324	1456	832	1392	
864	0	356	832	240	992	1940	1184	560	3028	
0	2192	160	112	192	240	2068	4152	0	880	
0	0	160	912	32	80	1280	4408	720	2404	
1184	0	1032	1344	240	320	2196	1568	560	1552	
0	800	0	256	160	0	1200	3880	400	3300	
640	560	160	880	80	32	80	5688	1876	0	
896	0	356	192	880	400	2084	1844	560	2784	
144	0	3076	80	0	272	0	5236	644	544	
1024	0	916	992	240	0	3416	1824	400	1184	
864	0	356	1152	960	320	1928	2304	560	1552	
0	160	960	272	800	0	0	5512	1908	384	
272	0	640	4	320	880	0	5544	1360	976	
1824	320	1028	112	400	0	352	2376	1472	2112	

240	240	800	320	960	640	0	4972	1664	320	
1504	0	352	192	400	480	2024	2292	1040	1872	
1504	0	352	192	320	480	2032	1728	1124	2424	
384	1520	1200	0	192	160	272	4316	1600	512	
1504	0	352	272	320	640	784	1856	2036	2392	
160	80	80	112	960	1600	832	4876	336	1120	
1504	0	352	192	320	480	1232	2296	1760	2020	
1920	80	32	192	592	0	320	4556	1680	784	
1504	0	352	192	320	480	1712	2524	1200	1872	
1504	0	752	192	320	480	832	2364	2320	1392	 ***
32	0	640	160	560	560	640	5276	1792	496	
1904	0	352	192	516	480	784	2292	2244	1392	
1856	0	352	192	324	640	784	2292	2324	1392	
192	64	160	1040	960	80	1840	4188	0	1632	
1264	1360	0	944	0	672	880	5036	0	0	
1584	0	352	192	320	480	864	2292	2200	1872	
1664	0	352	192	320	480	2780	1936	1040	1392	
752	640	160	640	496	1272	80	80	5236	800	
1536	320	352	192	400	480	2148	2296	1040	1392	
1504	0	352	192	320	480	1944	2288	1040	2036	
832	0	0	0	224	800	672	4636	2080	912	
1584	0	352	192	400	800	1984	2328	1124	1392	
1504	0	352	272	480	480	752	1856	2080	2380	
32	1072	432	0	0	0	1424	4684	1520	992	
0	624	800	1472	0	0	4876	864	800	720	
0	592	752	272	800	0	4444	3024	272	0	
1504	0	352	192	480	160	960	1856	1744	2908	
1760	1700	112	80	0	160	800	4712	752	80	
240	1280	272	0	272	832	144	4812	1664	640	
1664	0	352	192	320	480	864	2376	2516	1392	
1504	0	352	192	400	800	1780	1536	1200	2392	

832	192	2164	304	320	304	1300	2308	112	884	
160	720	400	112	884	1120	160	1392	3772	0	
960	1424	80	0	912	0	2660	1628	704	352	
2032	32	944	112	320	352	1872	1744	800	512	 ***
0	400	192	0	1152	1228	0	656	320	4772	
112	784	1600	960	272	160	192	1668	2300	672	
832	0	836	192	400	960	480	1880	1152	1988	
1392	0	432	916	960	0	1040	1332	1348	1300	
0	160	36	1120	672	160	224	4236	960	1152	
1392	0	920	816	320	1236	1504	1300	880	352	
84	160	720	832	560	80	864	4620	320	480	
1392	32	864	192	400	1236	1592	1620	960	432	
2064	160	672	192	320	80	640	1736	2152	704	
804	1312	0	720	64	0	0	5176	564	80	
112	320	244	112	1760	0	3432	1300	1360	80	
640	484	816	160	880	32	3012	1352	592	752	
1392	0	864	912	352	0	592	948	1480	2180	
960	720	4	1072	32	944	480	3756	752	0	
2148	0	752	224	320	0	2176	948	800	1352	
800	0	352	80	1520	0	3740	0	1936	292	
1664	0	752	192	320	1312	2236	980	800	464	
1588	0	704	872	320	0	2224	1780	800	432	
400	240	672	320	32	720	800	4048	32	1456	
1392	672	1428	432	320	0	880	1736	960	900	
2196	0	816	388	320	0	720	1736	800	1744	
32	32	0	0	480	1520	2444	0	3972	240	
752	0	164	672	192	160	3064	1460	1792	464	
0	752	84	640	960	720	304	4860	80	320	
624	704	836	404	800	0	976	520	2592	1264	
800	112	1040	400	240	240	1972	3676	240	0	

640	32	640	0	160	32	3876	596	800	1040	
80	80	1280	1108	0	0	160	4708	400	0	
0	400	80	0	0	992	752	4792	800	0	
160	0	0	0	1792	0	0	272	5592	0	
640	32	560	160	160	32	3764	596	800	1072	
1392	480	320	672	0	0	356	4596	0	0	
1280	32	560	80	240	32	3764	596	800	432	
640	32	560	80	400	32	80	3128	800	2064	
192	640	0	0	0	400	4260	1684	640	0	
640	32	560	80	240	32	80	2088	800	3264	
2388	0	960	112	0	0	0	4036	0	320	
640	32	720	80	80	32	272	596	800	4564	
2948	720	80	0	0	160	0	0	3060	848	
320	0	0	0	32	0	720	5352	0	1392	
880	0	32	400	80	0	836	5348	240	0	
640	32	560	320	320	32	4052	628	800	432	 ***
0	0	0	80	0	160	1552	5304	80	640	
0	0	0	320	0	1312	640	4840	192	512	

0	192	160	1440	0	720	5224	0	0	1044	
640	32	592	560	80	64	4856	676	960	320	 ***
0	0	160	240	320	752	3288	2100	400	1520	
240	0	4	1600	80	272	3256	0	2976	352	
80	1040	0	672	0	1072	3352	2404	80	80	
1280	32	1204	432	80	192	4680	160	560	160	
480	320	1360	0	0	0	4024	1520	80	996	
80	640	0	240	160	276	3800	720	1920	944	
0	80	240	80	672	0	3336	320	2772	1280	
240	160	672	0	160	0	0	800	3448	3300	
32	160	240	80	0	672	3144	1360	2848	244	
800	324	400	0	0	0	4920	352	160	1824	
80	352	672	0	0	240	3176	480	640	3140	
800	192	560	240	36	672	4648	592	800	240	
992	480	1360	400	36	352	5000	0	160	0	
240	0	1152	560	0	0	4168	1540	240	880	
640	112	1520	400	4	0	3688	1504	832	80	
320	836	80	0	320	0	4584	160	2128	352	
720	32	560	320	160	64	4840	244	400	1440	
640	192	564	480	80	112	5048	544	880	240	
240	0	640	240	160	432	2580	640	3096	752	

800	2676	320	0	720	0	3156	160	36	864	
1200	0	328	964	0	32	2384	32	0	3792	
84	160	112	800	112	0	4132	720	192	2420	
832	640	516	112	0	0	244	880	0	5508	
32	800	2836	516	0	672	992	2644	240	0	
960	0	84	0	640	32	4040	224	1920	832	
160	1364	0	0	0	0	2840	1200	1744	1424	
640	160	992	512	704	0	4332	240	992	160	
800	0	640	0	640	1184	4316	1040	112	0	
2192	996	80	4	0	80	960	0	4260	160	
720	32	240	400	192	640	4332	112	1104	960	
1280	640	304	400	0	224	4200	4	1360	320	
0	404	960	0	0	2100	2996	640	160	1472	
112	1280	192	80	2228	80	3288	0	80	1392	
240	192	0	160	0	720	4420	36	2160	804	
1440	596	0	352	80	1616	0	3768	0	880	
0	640	272	240	884	1488	0	644	0	4564	
960	112	720	1120	0	0	4476	1040	304	0	
400	960	64	192	0	724	1028	4084	1280	0	
32	2248	832	0	1040	32	0	0	2788	1760	
1552	800	0	944	80	80	2888	80	0	2308	
640	0	416	752	0	32	4332	1440	960	160	 ***
800	80	720	1120	192	0	4312	0	1472	36	
960	672	800	0	1988	0	640	0	800	2872	
0	388	1312	0	80	0	4248	32	1760	912	
112	672	84	640	1280	272	4004	644	672	352	
640	80	272	400	640	32	4332	1312	832	192	
112	672	160	1120	880	160	4204	0	464	960	
1872	0	0	144	800	0	3000	1520	0	1396	
0	320	880	240	160	864	4004	4	800	1460	
960	240	144	0	240	272	4356	280	1520	720	
240	2000	64	320	80	240	3932	0	384	1472	
912	0	804	880	436	116	0	3632	1072	880	
0	912	0	4	0	1440	2544	0	404	3428	
704	512	80	244	84	720	5156	240	992	0	
32	1828	0	160	160	0	240	116	1120	5076	
640	0	400	560	404	0	5064	720	752	192	
160	176	720	160	0	404	4148	720	4	2240	
960	352	1280	0	640	80	1664	0	3756	0	
0	0	272	560	1312	672	4332	160	1184	240	
720	0	432	2228	80	0	4152	640	160	320	
0	0	272	720	160	400	4084	2292	164	640	
480	0	112	672	720	80	5432	84	1152	0	
832	36	352	0	320	4	4068	1040	1360	720	

960	0	176	676	112	160	4412	2192	592	80	 ***
564	0	1600	724	0	1024	4024	464	960	0	
164	0	32	640	0	2936	0	3796	800	992	
640	0	1024	32	112	0	2972	160	640	3780	
80	0	32	0	1440	992	4732	352	160	1572	
484	80	96	352	0	0	6156	1920	160	112	
640	0	112	0	640	2388	3688	0	800	1092	
0	832	320	1312	80	0	4516	872	996	432	
0	0	416	352	1236	320	5400	1284	160	192	
0	2804	4	0	832	160	4328	1232	0	0	
1280	0	112	352	640	832	4636	1508	0	0	
0	0	0	320	2340	960	0	1280	640	3820	
1556	32	720	640	560	800	3064	0	1988	0	
560	0	4	0	1200	32	4556	640	640	1728	
192	0	0	0	224	2000	2520	2712	1120	592	
0	176	676	960	2004	160	4116	0	516	752	
800	1316	0	32	2684	1152	0	3376	0	0	
0	0	176	676	480	80	4284	2352	560	752	
480	672	0	720	0	0	4812	2432	0	244	
160	0	592	32	0	640	1280	272	320	6064	
880	720	112	756	1616	0	5084	0	192	0	
160	0	336	736	0	0	4884	1520	160	1564	
36	432	32	0	32	640	4792	2836	0	560	
320	32	704	356	0	0	6156	1440	272	80	
32	64	836	160	0	0	4156	1632	1680	800	
320	0	304	644	80	0	6268	1344	160	240	
144	0	80	640	0	1664	4128	1024	1120	560	
0	240	0	240	1504	164	4748	1824	640	0	
1316	0	720	720	0	1280	4740	0	0	584	

0	992	112	192	320	1476	4580	1028	548	320	
992	0	64	564	112	320	4696	1600	900	320	
960	160	1220	324	112	352	4144	1604	692	0	
2432	80	0	0	0	400	4044	240	2308	64	
160	2320	1280	0	0	2312	3076	420	0	0	
960	0	64	356	112	160	4408	1796	1392	320	
640	0	1392	0	2192	112	1040	0	4192	0	
0	640	800	0	0	240	752	5032	2104	0	
0	800	160	0	864	0	2392	3696	1656	0	
1120	84	96	356	112	480	4740	1440	1060	80	 ***
992	80	0	880	1040	160	4580	992	684	160	
964	0	96	484	112	480	4740	1600	612	480	
352	832	192	836	0	320	4284	320	1152	1280	
1364	0	224	324	432	192	4740	1600	692	0	
0	240	480	1280	160	0	2532	0	4556	320	
2276	432	1472	160	0	0	3756	0	1072	400	
160	480	64	324	192	160	4740	1508	1780	160	
0	1280	160	320	160	160	5872	0	1072	544	
0	2420	0	160	1312	752	2064	0	0	2860	
192	320	0	1200	32	0	5564	832	0	1428	
0	560	800	0	0	32	4536	852	2788	0	
480	64	480	160	320	0	5624	0	2120	320	
960	32	64	484	512	160	4740	1760	852	4	
160	1444	0	0	1344	0	5820	0	640	160	
0	480	0	0	272	160	2856	640	5080	80	

480	0	1440	192	112	320	1264	5348	1120	320	
240	672	1520	0	2276	112	0	2160	3616	0	
320	160	32	672	880	640	4928	480	2292	192	
112	1280	832	720	192	512	4004	1504	1440	0	
0	160	164	992	960	0	1984	2000	4336	0	
160	676	356	672	432	352	3012	3360	1332	244	
80	912	752	800	880	480	4132	0	2560	0	
592	164	816	356	112	480	5172	2000	744	160	 ***
244	2352	832	0	224	0	4592	0	1840	512	
352	416	592	480	80	720	3100	1600	1828	1428	
916	640	224	80	1040	832	4092	160	2452	160	
864	0	0	1760	272	112	2784	4324	0	480	
160	0	160	2212	0	1904	4208	0	192	1760	
832	112	1712	832	192	1156	3996	1444	320	0	
164	144	160	196	2480	1476	3284	0	1092	1600	
800	1280	512	160	160	552	3736	752	1364	1280	
592	0	752	0	272	836	4108	1156	1920	960	
560	84	96	356	192	512	4812	2080	1632	272	
624	320	240	192	884	80	3028	192	4396	640	
112	164	336	0	724	1552	4652	832	1264	960	
2272	320	0	0	0	1824	3968	1540	672	0	
160	240	1424	400	0	0	240	3536	4596	0	
564	112	96	752	240	480	4924	1472	1316	640	
160	1280	160	80	3092	820	4924	0	0	80	
160	832	644	448	1200	784	3548	0	1348	1632	
1760	1956	0	160	0	0	3636	240	2524	320	
64	160	960	320	752	0	4324	3536	320	160	
1476	80	304	4	0	880	4188	0	1312	2352	
1312	0	680	160	352	112	4840	480	1348	1312	
272	960	804	960	480	0	4224	992	1904	0	
1312	672	1200	0	272	672	0	2592	3876	0	
0	192	1600	0	164	672	4544	992	1840	592	
1364	224	912	160	640	592	3528	1040	1416	720	
1796	80	64	320	80	784	4892	1440	1140	0	
1120	80	420	356	160	640	4504	2080	1076	160	
160	80	32	1792	720	816	4052	1552	1392	0	
240	0	160	32	640	832	4240	2672	0	1780	
1792	160	432	196	1824	164	4004	80	1136	808	
0	160	4	308	1440	0	4612	672	1800	1600	
724	544	992	304	0	720	2456	2080	2616	160	
512	32	84	640	792	400	3572	1120	1844	1600	

1988	912	500	2240	480	32	3412	0	0	520	
592	84	784	360	272	480	4628	1924	880	80	
1232	84	976	352	112	480	4604	1764	160	320	
1632	516	1760	672	0	352	3052	1136	0	964	
1904	160	0	0	32	112	560	1280	1796	4240	
592	116	1104	352	112	480	5124	2004	164	36	
964	0	320	32	1072	640	676	240	2668	3472	
404	160	240	832	2032	160	4508	0	992	756	
752	0	720	2944	0	804	3968	544	352	0	
32	84	160	0	596	672	3900	800	2208	1632	
1072	160	1956	832	944	116	880	0	4124	0	
672	240	36	0	1076	960	564	0	4408	2128	
592	84	784	324	912	480	4668	1440	800	0	
1796	0	640	640	864	320	2600	832	0	2392	
80	1440	592	0	192	1904	3952	1280	644	0	
800	0	484	672	240	720	2664	32	3688	784	
1664	0	400	2116	0	4	2500	352	2408	640	
592	84	784	388	752	640	4604	1760	480	0	
672	1024	2228	0	640	0	4076	0	560	884	
80	160	640	4	1920	240	4952	32	352	1704	
592	84	784	352	112	1284	4844	1440	560	32	
192	0	2868	0	0	1664	3456	320	272	1312	
596	84	784	352	112	672	4844	1600	160	880	
640	1360	0	352	0	832	3956	992	640	1312	
644	0	992	1424	0	1072	196	320	4364	1072	
592	244	784	352	144	480	4844	2084	560	0	
0	1280	0	160	32	800	1896	644	4404	868	
0	724	2164	0	868	640	432	672	3864	720	
1076	0	404	640	240	624	320	5068	912	800	
0	996	240	1796	352	912	4276	640	872	0	
36	160	192	160	800	160	2784	960	4160	672	
960	644	884	96	640	0	3968	392	2032	468	
596	84	784	964	272	480	2192	2660	1172	880	
756	84	1424	352	112	800	4548	1440	568	0	
596	404	784	352	144	480	4604	2240	480	0	
672	1124	32	640	640	992	3488	352	1420	724	
596	724	784	712	112	480	4724	1440	432	80	 ***
868	1124	2480	0	32	480	2500	32	2568	0	
1200	1600	1280	0	144	0	3920	960	180	800	
640	80	1280	352	400	1440	2820	148	2924	0	
4	804	672	752	352	1040	1968	160	384	3948	
240	1540	960	1040	36	800	144	4684	640	0	
1280	32	0	884	64	672	4092	672	1924	464	
592	84	784	320	112	480	4604	1764	1184	160	
592	1840	724	832	160	32	3952	992	960	0	

