#29	147	72	38	34	0	16	138	0	273	
#15	22	44	53	16	34	142	320	33	68	
#0	52	49	43	42	32	46	246	23	214	
#1	74	37	21	64	50	27	193	274	6	 ***
#58	50	38	42	20	53	133	14	12	327	

53	0	6	72	0	4	159	296	53	44	
25	76	20	52	70	36	26	273	43	66	
2	2	118	42	24	70	74	258	56	41	
8	19	20	16	8	66	18	296	138	98	
5	92	22	20	66	52	42	106	280	2	
17	74	4	22	62	52	260	100	96	0	
0	8	44	80	1	20	52	266	180	36	
1	70	8	16	64	68	16	116	32	296	
0	106	21	104	46	22	252	119	0	17	
69	51	16	13	0	62	270	143	0	63	
5	78	36	30	66	50	303	64	41	14	
4	58	48	46	6	7	55	85	304	74	
50	40	48	40	28	24	22	300	42	93	
79	82	4	20	62	34	42	83	241	40	 ***
30	44	12	66	56	20	10	297	0	152	
28	18	52	8	34	4	160	280	103	0	
19	92	4	28	64	50	44	104	282	0	

14	12	73	56	36	6	54	76	284	100	
58	4	4	52	52	42	41	109	282	67	
12	10	37	54	40	37	140	80	258	43	
39	50	4	40	64	82	234	88	67	43	
38	9	50	22	34	40	106	86	264	62	
71	42	6	18	62	36	142	79	83	172	
93	61	54	18	0	10	132	79	236	28	
18	6	97	71	0	10	101	79	240	89	
39	50	9	18	62	67	74	87	241	64	
75	34	8	28	50	42	70	67	247	90	
16	24	42	18	54	72	0	311	18	156	
2	26	54	16	63	68	64	53	237	128	
72	54	4	18	78	33	74	89	53	236	
16	32	6	72	55	5	72	87	301	65	
14	34	50	40	0	62	62	0	265	184	
26	8	2	34	60	10	72	66	280	153	
23	34	22	57	31	18	50	126	283	67	
71	22	4	18	66	66	70	68	92	234	
48	0	28	90	26	6	132	38	286	57	
39	42	6	20	62	66	86	295	55	40	
4	86	62	52	72	70	39	290	36	0	
52	25	32	63	69	106	62	110	192	0	
30	3	10	26	70	38	143	47	282	62	
18	6	34	4	7	0	101	164	275	102	
0	77	72	58	36	44	0	117	239	68	
36	46	26	81	114	46	123	0	202	37	
75	38	5	18	78	67	38	85	235	72	
4	84	32	26	0	24	35	182	229	95	
93	41	52	66	0	41	54	79	261	24	
119	38	4	50	64	34	38	90	43	231	
71	70	4	20	62	32	74	76	66	236	
0	118	18	110	12	0	48	24	198	183	
18	40	22	0	66	0	90	92	257	126	
71	38	6	18	66	64	86	82	240	40	 ***
18	0	56	30	58	6	236	249	58	0	
55	50	4	18	66	34	64	110	82	228	
88	52	30	36	2	22	0	222	237	22	
39	50	4	100	62	60	38	76	159	123	
81	137	76	46	32	0	68	79	192	0	
0	16	2	60	76	90	226	13	214	14	
58	12	9	66	32	68	0	172	232	62	
25	70	6	64	62	66	31	71	248	68	
41	42	4	16	94	120	38	81	146	129	
70	26	27	50	57	24	46	88	283	40	
103	74	4	125	62	0	150	71	82	40	

54	38	6	16	54	64	102	296	32	110	
68	0	42	0	96	6	24	106	322	108	
46	38	38	32	106	64	94	35	279	40	
36	30	46	0	49	38	71	166	268	68	
22	38	6	50	69	72	111	112	254	38	 ***
40	21	12	28	64	0	162	125	254	66	
38	46	16	48	70	64	108	62	58	262	
70	78	123	0	66	34	70	46	40	245	
22	38	7	18	98	66	123	123	87	190	
0	12	4	48	68	20	144	0	150	326	
38	54	38	16	52	64	102	274	64	70	
32	0	24	40	38	64	104	193	231	46	
82	64	40	0	62	36	60	20	326	82	
38	38	171	48	68	40	82	140	109	38	
22	100	22	20	24	56	172	84	272	0	
22	38	7	80	72	32	110	253	50	108	
22	38	46	16	88	32	291	51	46	142	
24	38	10	64	0	94	40	138	262	102	
80	10	20	56	92	44	112	0	324	34	
36	70	36	36	86	110	24	142	232	0	
38	38	8	56	86	64	85	48	279	70	
137	50	28	0	102	0	185	244	0	26	
50	24	58	0	96	56	74	68	312	34	
40	12	0	0	24	44	140	157	307	48	
38	54	6	26	66	64	86	105	281	46	
40	38	14	16	66	64	142	46	242	104	
30	38	6	88	66	64	103	54	281	42	
112	42	24	68	29	30	50	108	309	0	
38	38	22	18	66	64	113	87	64	262	
34	88	54	62	66	74	71	38	285	0	
20	64	12	36	54	76	34	0	312	164	
50	38	38	16	54	64	148	78	24	262	
50	66	42	88	10	48	104	306	24	34	
40	38	6	16	70	66	86	55	293	102	
78	34	54	0	36	74	0	122	320	54	
46	38	14	16	66	64	140	150	35	203	

16	60	32	56	38	92	40	42	316	10	
86	50	8	66	46	84	2	50	276	34	
23	38	0	58	40	8	78	110	279	68	 ***
95	68	99	50	42	98	0	58	192	0	
24	42	0	50	72	10	70	110	66	258	
18	18	70	57	32	72	70	58	289	18	
18	38	5	50	48	10	110	103	254	66	
38	64	0	0	72	16	56	262	134	60	
34	0	70	50	0	0	64	238	192	54	
58	18	42	16	10	6	0	108	322	122	
22	0	44	44	128	16	72	0	302	74	
50	46	0	51	44	8	70	110	65	258	
74	2	40	4	32	32	112	74	296	36	
20	38	0	99	72	8	106	104	59	196	
36	16	22	40	56	0	126	40	292	74	
20	38	4	50	48	8	71	137	68	258	
18	117	5	82	40	0	78	140	186	36	
16	16	72	28	10	0	140	108	312	0	
4	44	50	2	32	26	324	80	140	0	
31	38	0	50	43	40	70	106	254	70	
24	74	40	66	20	48	72	4	320	34	
24	6	40	0	96	16	80	58	308	74	
0	36	0	192	0	54	122	56	236	6	
96	52	26	38	0	0	0	284	110	96	
18	38	0	50	44	8	115	289	72	68	
16	0	70	38	66	64	110	42	296	0	
48	68	58	42	34	2	64	52	286	48	
40	16	62	18	44	0	14	200	298	10	
0	22	44	16	26	48	106	34	300	106	
16	72	34	18	34	0	48	60	272	148	
154	76	0	82	0	4	226	74	66	20	
18	38	0	59	105	40	70	110	66	196	
26	38	0	48	44	8	99	100	251	88	
23	38	0	48	72	8	84	104	271	54	
22	48	0	50	41	10	70	137	66	258	
18	38	4	24	82	32	14	174	284	32	
64	179	0	0	56	61	102	0	184	56	
0	50	18	0	213	76	102	0	44	199	
18	38	0	60	48	40	300	102	62	34	

62	46	0	56	40	8	57	52	118	214	
16	44	70	12	90	46	46	70	259	0	
2	145	8	70	116	20	216	0	8	68	
2	28	10	64	16	88	38	72	271	64	
30	30	14	175	44	40	0	104	216	0	
8	20	82	32	12	10	0	174	28	287	
2	40	2	78	42	0	62	46	273	108	
30	20	16	60	50	20	271	44	94	48	
56	52	0	38	32	18	28	152	263	14	
26	30	4	64	40	10	58	56	259	106	
66	68	4	10	36	72	20	88	238	51	
72	0	34	72	0	18	0	72	124	261	
64	8	44	30	26	0	283	48	0	150	
16	4	72	44	66	40	64	42	261	44	
44	8	12	38	104	24	124	34	265	0	
36	0	68	2	20	78	40	120	283	6	
22	32	4	68	38	12	81	52	284	60	
0	76	48	93	46	123	104	28	135	0	
32	4	48	50	56	16	118	8	251	70	
24	34	36	56	52	40	50	80	261	20	
74	30	20	60	40	22	50	52	253	52	
30	30	0	88	40	12	58	96	261	38	
40	6	44	40	34	8	226	36	219	0	
30	28	0	76	42	20	104	40	291	22	
4	8	40	42	28	64	126	0	283	58	
31	65	46	38	12	162	72	227	0	0	
34	30	0	64	60	16	52	52	251	94	
42	32	28	48	86	46	33	100	238	0	
34	46	12	66	40	8	56	56	259	76	 ***
40	74	4	20	0	56	116	4	46	293	
26	22	0	76	48	36	257	64	86	38	
30	58	4	40	0	80	82	36	255	68	
30	30	0	58	85	8	44	60	154	184	
16	40	20	26	24	64	268	4	138	53	
28	109	0	56	42	8	176	48	122	64	
36	10	30	78	32	139	218	0	0	110	
12	0	42	48	4	0	6	162	233	146	
36	2	36	24	38	52	2	164	257	42	
10	56	20	0	2	60	28	148	275	54	
22	34	88	48	80	42	15	2	238	84	
42	14	80	0	0	32	138	297	34	16	
26	26	12	56	56	48	92	48	265	24	
62	38	8	94	0	0	265	108	10	68	
30	36	36	68	40	8	94	56	253	32	
52	10	6	48	22	48	45	40	254	128	
0	117	72	87	16	5	110	20	226	0	

22	26	18	15	62	30	98	68	234	0	
36	40	12	58	56	0	16	36	246	73	
34	44	14	66	38	0	16	52	75	234	
28	26	26	0	26	44	0	58	212	153	
0	34	20	4	25	44	90	122	234	0	
8	35	121	0	24	28	141	16	200	0	
0	12	32	16	82	0	30	93	262	46	
16	0	36	40	0	7	32	188	190	64	
0	20	10	81	2	0	83	110	243	24	
4	0	16	40	22	8	85	240	140	18	
58	10	0	72	23	26	46	38	212	88	
34	42	14	67	38	0	16	20	129	213	
64	16	48	14	0	18	24	259	124	6	
32	44	20	66	38	0	58	20	231	64	 ***
34	40	12	52	38	0	16	36	113	232	
8	8	10	134	80	10	36	94	0	193	
26	40	12	61	72	0	32	32	67	231	
20	34	96	0	18	8	0	237	6	154	
36	6	54	8	5	18	12	34	255	145	
37	44	12	85	38	0	18	64	221	54	
10	0	20	44	43	8	16	134	294	4	
37	44	12	66	46	0	16	200	112	40	
20	146	64	17	0	44	18	72	192	0	
95	61	57	38	4	0	62	84	172	0	
34	40	12	36	46	0	48	48	97	212	
34	40	12	66	42	0	16	52	79	232	
34	40	12	66	58	0	210	20	77	56	
52	5	24	24	36	6	4	16	230	176	
14	142	110	0	0	60	8	196	43	0	
8	40	0	85	20	12	56	0	222	130	
8	2	44	6	0	8	204	70	200	31	
32	32	12	50	70	0	26	220	63	68	

26	38	23	74	0	37	79	18	203	65	
1	45	28	0	38	30	44	168	205	4	
38	12	36	0	43	41	41	22	226	104	
32	47	20	66	33	2	43	18	88	214	
31	148	4	53	24	52	205	0	0	46	
74	3	1	18	24	36	4	36	259	108	
58	42	8	28	12	7	0	9	274	125	
44	59	15	12	8	54	106	0	208	57	
32	23	81	18	0	4	14	137	242	12	
21	48	32	24	48	42	40	72	236	0	
42	36	20	51	52	5	28	210	81	38	
23	6	18	37	10	120	36	201	36	76	
0	0	46	8	26	14	254	4	167	44	
0	12	59	8	30	89	133	0	190	42	
32	54	20	66	39	1	24	197	94	36	
41	36	20	67	60	0	21	26	77	215	
34	38	36	72	34	0	12	61	240	36	 ***
35	44	36	52	32	0	30	38	78	218	
48	44	20	70	36	0	33	11	74	227	
105	119	6	13	52	8	0	0	208	52	
16	10	0	64	26	84	0	111	221	31	
105	19	7	42	0	117	217	0	0	56	
155	44	6	0	44	0	0	184	16	114	
50	44	21	67	34	112	55	14	130	36	
21	34	4	0	104	18	14	166	202	0	
34	39	20	66	44	0	51	9	236	64	
45	36	25	84	37	0	19	199	82	36	
36	36	29	66	5	0	18	205	60	108	

58	28	31	45	44	82	89	0	209	113	
25	48	6	60	8	62	66	114	249	61	
40	36	32	56	10	97	28	47	239	114	
88	42	15	57	66	32	215	0	0	184	
42	38	12	79	80	24	40	82	250	52	 ***
39	14	0	50	88	70	40	104	221	73	
72	48	8	40	0	8	247	161	46	69	
27	62	12	91	42	56	215	7	187	0	
110	139	13	48	56	14	22	203	41	53	
39	12	44	7	36	94	26	123	238	80	
74	18	12	55	69	33	26	68	127	217	
17	36	28	80	15	80	4	185	245	9	
61	44	37	8	58	121	125	34	211	0	
61	22	8	60	55	44	48	145	223	33	
18	4	12	44	59	73	229	48	0	212	
58	39	12	63	32	0	22	232	156	85	
82	54	12	71	36	0	17	89	110	228	
63	54	48	55	36	0	218	62	87	76	
0	99	0	35	33	129	60	58	132	153	
54	18	36	72	48	0	42	96	105	228	
40	0	42	17	38	14	119	136	272	21	
70	74	0	101	0	72	73	217	28	64	
30	57	14	89	75	44	104	57	229	0	
50	35	32	95	8	0	12	52	279	136	
20	139	2	26	73	76	72	75	216	0	
44	131	18	82	149	42	188	0	0	45	
12	7	20	42	111	62	28	44	235	138	
50	88	29	67	22	48	71	72	252	0	
52	44	44	61	70	69	40	41	214	64	

0	24	17	153	10	41	164	19	173	0	
62	21	32	29	9	10	8	203	195	32	
16	19	14	48	21	72	76	43	236	56	
42	18	14	55	48	32	30	218	114	30	
26	20	12	100	81	29	22	47	194	70	
16	26	42	29	51	35	12	98	213	79	
42	34	12	63	48	27	22	37	112	204	
11	26	8	52	24	99	40	40	205	96	
79	151	56	40	21	26	0	204	0	24	
38	28	12	55	48	25	38	43	114	200	
22	52	15	24	62	32	8	22	211	153	
9	25	0	46	0	100	233	18	121	49	
8	41	56	18	0	5	54	162	217	40	
42	18	24	55	50	25	22	55	120	190	
46	2	12	55	48	25	22	100	253	38	
36	54	52	135	0	46	29	56	153	40	
15	52	37	16	4	22	32	267	0	156	
42	31	12	55	48	32	22	101	238	20	 ***
37	3	59	20	0	52	64	94	207	65	
58	20	12	55	56	24	6	33	255	82	
42	36	12	55	48	40	33	30	112	193	
32	46	67	4	27	14	10	84	206	111	
42	163	65	71	14	54	86	0	106	0	
46	20	19	0	59	68	20	44	218	107	
27	20	4	56	23	62	16	132	239	22	
26	46	0	37	62	62	58	42	194	74	
31	35	76	10	32	28	8	131	238	12	
18	2	36	55	32	21	100	12	225	100	
0	12	14	50	44	0	52	28	236	165	
26	18	12	57	18	32	44	131	237	26	

27	30	12	57	16	31	211	74	100	22	
1	9	35	88	17	32	44	98	256	0	
26	34	12	70	20	31	211	53	74	49	
26	30	14	56	19	31	81	50	239	34	
24	41	14	31	28	70	36	229	79	28	
4	64	15	4	35	12	72	71	72	231	
26	40	14	57	17	28	53	70	223	52	
28	47	12	71	18	28	76	20	238	42	 ***
42	30	29	61	26	33	211	18	92	38	
4	48	8	18	13	4	126	247	58	54	
28	32	18	52	10	56	36	0	220	128	
27	48	18	98	16	50	59	17	81	166	
39	20	8	4	33	42	197	21	0	216	
0	26	87	60	0	144	18	11	204	30	
44	34	12	59	17	36	6	79	93	200	
2	26	13	80	22	42	143	0	233	19	
62	55	28	37	0	125	31	0	156	86	
50	32	121	56	16	30	55	111	74	35	
47	43	8	11	0	26	19	236	190	0	
42	45	12	56	32	38	40	25	74	216	
42	32	12	56	19	65	200	17	79	58	
32	20	11	22	8	65	0	156	205	61	
28	32	12	70	16	137	76	25	93	91	
26	30	30	51	30	28	71	19	113	182	

8	46	33	52	8	66	229	111	14	0	
28	30	12	113	56	28	60	18	107	115	
29	25	86	32	60	44	226	1	0	64	
92	41	85	50	133	73	32	0	0	61	
16	14	2	88	29	9	69	66	214	60	
36	9	8	144	26	4	74	0	193	73	
28	30	17	72	16	24	10	58	241	71	
78	0	21	33	8	126	60	41	200	0	
65	9	0	54	147	0	40	40	12	200	
48	31	14	16	39	0	24	33	207	155	
89	10	0	0	42	17	60	77	229	43	
24	122	0	4	77	31	36	249	0	24	
20	24	103	36	57	116	12	18	181	0	
21	20	37	70	26	0	57	89	234	13	
42	17	44	69	0	0	84	50	208	53	
32	8	31	10	7	60	11	8	260	140	
36	0	38	8	8	48	70	66	200	93	
65	14	16	57	34	0	57	71	219	34	
42	42	16	71	16	29	26	14	130	181	
60	43	1	2	90	17	38	28	245	43	
32	37	4	72	29	30	33	14	102	214	
36	135	16	78	0	24	16	16	102	144	
28	38	5	60	24	24	31	16	160	181	
28	28	12	70	28	34	217	18	86	46	
39	55	18	71	18	24	33	16	112	181	
0	69	24	22	32	27	136	222	35	0	
12	33	42	17	26	0	4	22	212	199	
0	36	13	73	17	20	99	32	234	43	
28	30	13	71	20	24	88	16	247	30	 ***
4	8	0	4	13	48	164	26	273	27	
19	34	38	34	46	1	118	0	258	19	
0	21	18	23	141	70	85	154	0	55	
24	62	20	117	20	28	9	18	87	182	

26	34	16	72	12	50	79	16	243	20	
26	34	32	47	4	25	39	55	243	63	
31	33	20	65	4	24	219	58	110	4	
8	72	48	12	7	28	24	21	88	260	
28	29	20	36	13	15	157	27	38	205	
26	13	37	12	0	30	232	2	176	40	
14	43	26	14	25	26	18	0	242	160	
32	39	24	72	33	0	41	26	76	225	
24	39	14	71	8	50	80	16	243	23	 ***
10	43	24	54	80	20	62	0	245	30	
0	38	102	12	35	118	47	25	191	0	
28	32	18	46	4	25	55	14	272	74	
24	34	28	71	5	56	39	14	241	56	
8	1	28	52	19	18	35	263	21	123	
10	60	12	8	5	6	28	38	146	255	
24	45	12	42	6	48	35	56	241	59	
26	33	14	73	21	25	206	34	112	24	
44	22	27	10	19	27	172	193	54	0	
14	11	36	14	41	0	54	234	11	153	
16	14	4	49	14	22	37	37	247	128	
38	43	70	0	57	113	0	54	141	52	
52	30	13	35	20	0	50	62	232	74	
22	11	60	45	57	62	52	31	228	0	
12	82	12	14	9	6	44	35	253	101	
0	24	43	142	0	40	103	21	36	159	
24	30	14	72	6	24	41	16	154	187	
25	42	14	72	4	50	74	16	243	28	
25	30	20	71	4	26	25	84	275	8	

2	44	4	37	40	8	10	203	287	19	
22	55	18	88	6	46	27	46	140	206	
6	6	4	36	41	4	36	184	305	32	
92	12	53	26	100	15	0	27	232	97	
38	37	80	48	22	62	32	64	259	12	 ***
6	91	21	13	81	0	80	23	271	68	
51	6	12	12	10	25	201	0	307	30	
22	64	34	45	72	32	16	47	257	65	
26	69	30	53	28	30	56	15	131	216	
10	16	11	9	44	32	305	89	138	0	
2	52	138	7	16	0	61	0	252	126	
22	57	26	80	9	117	16	224	86	17	
43	25	33	88	35	20	36	0	260	114	
30	39	10	44	43	46	32	113	252	45	
42	32	27	33	3	21	0	234	232	30	
84	40	37	37	10	32	91	106	217	0	
56	63	15	45	7	28	211	66	113	50	
8	37	2	73	28	60	67	266	50	63	
84	5	60	50	49	40	33	0	255	78	
83	26	62	45	83	66	15	0	237	37	
20	37	36	78	22	30	27	94	94	216	
22	39	24	86	12	41	61	63	120	186	
9	58	8	50	0	9	202	6	252	60	
4	12	69	26	26	36	66	201	214	0	
22	72	21	4	6	60	214	22	173	60	

33	36	47	8	48	16	159	25	224	121	
20	12	34	29	68	112	25	48	188	181	
58	45	28	7	34	86	0	139	230	90	
38	36	68	36	39	86	69	69	224	52	
36	88	8	16	0	87	100	55	210	117	
72	36	66	63	30	63	82	42	211	52	
16	40	82	36	24	105	34	125	242	13	
41	36	90	45	24	63	81	38	242	57	 ***
16	31	82	20	28	63	144	54	267	12	
43	10	73	54	46	23	19	54	234	161	
21	36	66	40	33	127	37	67	108	182	
12	8	24	22	93	64	124	44	213	113	
20	45	0	101	42	27	40	44	223	175	
37	38	83	9	57	62	31	94	218	88	
7	10	41	42	40	79	24	160	261	53	
15	37	76	16	40	38	60	213	222	0	
34	3	24	1	18	84	49	10	259	235	
53	36	66	56	84	62	42	39	85	194	
45	56	32	18	44	31	74	189	228	0	
132	28	88	8	110	0	2	40	289	20	
36	64	40	0	16	16	50	218	16	261	
22	21	16	14	16	73	24	205	269	57	
24	46	85	12	22	62	33	36	248	149	
38	88	119	32	0	32	20	113	0	275	
78	42	28	0	25	41	120	85	198	100	
15	51	46	30	42	66	232	70	165	0	
60	16	0	9	12	17	158	0	215	230	
20	106	82	115	38	62	131	46	105	12	

123	6	86	11	94	50	62	17	273	0	
32	34	36	25	54	32	47	150	242	70	
50	60	35	18	68	49	119	90	233	0	
20	24	1	45	118	60	9	34	235	176	
80	8	35	81	38	0	108	52	267	53	
28	36	64	41	24	63	62	40	245	119	
36	36	58	42	32	67	47	70	106	228	
4	125	82	22	77	0	264	108	18	22	
42	36	66	0	70	24	0	172	267	45	
16	20	144	20	0	10	28	216	207	61	
28	36	60	52	24	97	47	70	223	85	
31	103	50	60	20	0	117	40	238	63	
24	41	46	0	64	71	55	7	267	147	
43	83	70	40	20	0	50	108	252	56	
44	4	6	36	70	40	323	170	13	16	
30	36	58	81	28	63	37	70	103	216	
11	7	18	40	61	39	54	156	246	90	
40	0	16	115	19	97	20	216	175	24	
33	54	61	31	34	0	22	22	251	214	
36	38	56	16	34	4	25	164	25	324	
4	2	100	56	94	4	78	36	8	340	
11	17	30	37	88	32	198	35	246	28	
49	34	112	48	30	16	303	108	12	10	
28	41	58	52	24	63	46	42	247	121	 ***
37	4	46	63	0	182	98	21	86	185	
26	0	22	12	77	18	205	267	26	69	
2	48	36	12	10	34	20	318	5	237	
1	54	50	17	4	42	36	227	219	72	
59	26	29	53	50	78	0	21	274	132	
50	10	59	42	74	0	125	62	239	61	
60	53	27	26	89	6	79	58	240	84	
40	5	61	94	16	45	44	70	289	58	
85	43	76	12	113	44	19	296	0	34	
6	20	26	82	14	29	230	83	165	67	

16	60	66	15	30	38	36	28	247	152	
0	42	18	64	43	22	0	186	243	70	
20	40	26	15	42	66	43	95	258	83	
78	40	0	32	98	36	330	0	34	40	
70	24	44	80	20	16	0	66	320	48	
34	24	6	66	52	0	162	18	326	0	
24	26	88	48	105	48	50	0	0	299	
16	80	52	16	22	62	30	43	218	149	 ***
0	40	2	74	107	0	0	181	263	21	
38	80	2	40	66	36	35	4	278	109	
0	0	84	56	9	40	149	42	280	28	
30	0	76	30	60	0	0	240	45	207	
16	72	62	15	22	63	34	82	223	99	
16	48	27	15	24	62	32	102	139	223	
24	48	16	58	6	0	121	35	289	91	
48	40	26	33	22	62	35	38	144	240	
30	40	26	20	6	62	79	42	160	223	
32	16	10	2	72	42	136	38	302	38	
33	70	38	128	58	70	22	269	0	0	
12	25	24	108	32	74	6	2	321	84	
8	0	8	98	44	49	43	66	286	86	
66	60	68	0	0	37	124	56	0	277	
18	40	31	21	38	70	26	40	251	153	
84	33	44	32	68	10	0	173	244	0	
0	70	78	10	80	24	106	0	282	38	
8	48	52	33	0	24	102	24	297	100	
16	40	26	27	34	62	198	60	91	134	
16	42	28	28	22	62	79	34	150	227	
16	41	28	15	22	94	98	42	223	109	
42	8	60	12	42	4	78	157	285	0	
17	40	34	19	22	62	67	93	86	248	
14	0	32	50	32	20	56	136	304	44	
0	56	74	0	15	84	52	0	96	311	
17	26	14	76	4	2	134	65	293	57	
179	34	0	8	16	2	34	85	68	262	
16	40	48	74	44	42	18	0	282	124	
18	14	61	38	82	78	32	0	299	66	
66	62	40	0	4	0	4	30	146	336	

94	80	26	14	22	46	26	70	138	163	
2	26	20	48	34	36	193	12	300	8	
20	80	28	14	23	46	22	114	88	244	
94	64	26	10	26	32	20	101	157	149	
20	50	0	10	10	22	0	204	269	94	
0	100	36	0	0	18	14	287	128	96	
4	62	58	0	34	40	160	42	269	10	
32	16	0	46	102	28	306	34	101	14	
70	4	20	74	0	121	298	34	0	58	
16	80	26	14	23	62	84	45	88	241	
24	32	0	0	60	0	287	58	84	134	
8	68	17	44	0	0	156	40	275	71	
62	58	32	4	126	14	0	0	281	102	
16	80	14	14	24	61	30	51	217	172	 ***
0	80	26	15	38	66	26	92	220	116	
51	36	12	112	0	34	98	16	268	52	
24	26	0	56	4	82	58	70	307	52	
44	31	20	5	106	4	0	192	277	0	
87	20	0	101	18	148	285	0	20	0	
64	0	34	0	22	31	8	150	330	40	
9	18	2	2	94	28	54	90	304	78	
16	84	26	35	22	46	26	60	206	158	
2	33	108	0	0	26	36	126	42	306	
16	80	36	18	22	46	26	107	101	227	
18	16	12	22	82	54	73	16	308	78	
40	2	2	68	8	20	32	18	267	222	
16	80	28	14	26	62	26	103	208	116	
4	24	6	50	18	16	56	40	283	182	
34	16	52	0	28	40	80	10	312	107	
0	38	32	67	0	113	67	27	243	92	
52	36	4	94	0	99	0	80	294	20	
62	44	0	0	0	34	70	299	146	24	
16	80	42	14	23	46	22	216	98	122	
16	80	26	14	22	64	73	62	206	116	
32	110	44	32	36	0	0	54	296	75	
16	72	26	101	23	66	22	70	125	158	
16	80	26	19	23	65	26	102	206	116	

43	9	24	0	0	74	125	146	233	0	
36	46	12	24	42	45	34	0	269	146	
14	14	21	72	36	35	155	96	211	0	
37	34	20	0	0	32	203	84	238	6	
0	48	36	32	0	118	269	33	16	102	
0	104	14	52	4	62	40	130	180	68	
4	72	57	10	8	143	161	39	96	64	
0	72	51	9	6	61	32	83	157	183	
4	46	48	0	32	45	10	28	261	180	
0	74	14	8	4	60	72	69	114	239	
6	0	27	4	24	7	52	113	289	132	
0	133	10	44	8	60	26	77	180	116	 ***
106	8	40	75	123	0	0	46	256	0	
0	74	11	8	68	69	75	39	96	214	
8	32	7	10	4	43	178	32	248	92	
120	8	56	110	8	0	0	264	36	52	
0	73	12	36	16	93	143	39	100	142	
0	72	10	48	8	92	26	186	138	74	
34	8	52	70	4	54	88	43	300	1	
11	32	8	40	0	37	89	40	233	164	
12	18	56	2	0	6	30	88	227	215	
0	72	10	27	86	73	24	39	140	183	
48	99	4	0	47	6	40	80	260	70	
71	4	6	84	40	32	132	14	271	0	
8	0	0	98	104	36	309	0	4	95	
18	60	6	54	68	1	22	111	278	36	
106	8	24	4	8	0	278	74	68	84	
12	58	0	84	119	14	42	0	247	78	
0	4	6	24	56	8	232	0	101	223	
18	84	0	1	2	54	76	67	300	52	
100	12	105	34	6	8	0	67	248	74	
8	4	56	13	64	102	24	132	235	16	
73	34	36	0	4	0	46	100	280	81	
0	74	14	48	35	62	126	43	176	76	
0	81	42	16	42	60	32	35	163	183	

20	113	0	0	0	0	0	234	111	82	
0	8	10	44	22	0	48	87	237	104	
36	18	0	0	0	0	14	328	148	16	
0	8	2	40	6	0	25	68	247	164	
0	8	10	58	12	0	53	68	55	296	
0	10	10	42	2	0	271	68	61	96	
48	162	0	4	0	8	0	272	0	66	
0	8	18	42	2	0	105	68	237	80	 ***
2	0	0	24	48	36	32	141	277	0	
0	8	16	34	0	8	0	36	139	319	
38	8	0	6	20	0	320	168	0	0	
32	36	54	18	0	4	0	36	308	72	
48	8	2	0	0	0	42	0	275	185	
0	8	10	42	18	2	271	68	57	84	
4	0	8	0	0	0	132	62	32	322	
0	10	10	42	2	0	53	84	241	118	
2	0	56	95	8	0	0	319	0	80	
10	8	64	36	2	80	32	17	289	22	
8	32	0	28	0	0	186	50	252	4	
0	40	0	16	18	8	6	144	296	32	
0	8	0	16	159	0	0	0	269	108	
0	36	26	0	0	4	4	163	2	325	
0	6	0	64	12	8	0	248	222	0	
0	84	4	0	10	163	0	225	74	0	
52	36	94	34	2	8	0	0	324	10	
0	10	18	42	6	0	77	78	241	88	
0	69	4	16	4	4	4	130	325	4	
0	8	18	0	0	0	36	44	260	194	
20	0	0	0	46	8	316	0	170	0	
36	2	40	20	8	32	80	26	292	24	
0	96	60	36	22	20	32	0	294	0	
20	0	0	100	4	32	311	84	9	0	
0	0	66	0	4	32	0	0	307	151	
0	8	18	40	2	0	70	68	55	299	
44	0	36	66	0	75	323	0	16	0	
18	8	10	42	6	8	48	68	237	115	
0	10	26	42	10	0	48	68	239	117	
0	8	12	0	77	40	64	0	319	40	
0	8	10	42	18	0	271	82	51	78	
0	8	10	52	2	0	48	84	57	299	
0	4	4	0	6	32	140	22	296	56	
0	16	66	0	0	16	4	102	296	60	
8	58	16	86	0	0	0	111	275	6	

0	0	32	0	72	16	36	0	257	255	
32	4	4	64	32	4	202	40	42	244	
68	44	0	36	32	0	32	0	261	195	
0	40	8	44	6	0	109	66	227	168	
32	40	36	74	73	72	0	84	257	0	
40	5	36	0	46	40	118	0	243	140	
4	71	12	0	54	0	0	240	267	20	
10	1	66	44	0	0	245	40	262	0	
20	72	36	0	2	68	151	0	311	8	
32	8	9	37	34	70	34	88	257	99	
36	154	71	72	52	0	0	0	30	253	
0	4	8	48	68	0	57	102	241	140	
36	8	121	36	0	103	96	0	0	268	
10	44	8	40	4	0	129	58	239	136	 ***
0	40	48	0	0	14	52	40	253	221	
68	32	4	66	8	0	0	40	253	197	
109	0	8	0	0	48	102	220	0	181	
36	8	32	12	0	80	8	32	245	215	
40	46	14	32	32	34	32	157	240	41	
64	6	12	44	0	20	0	254	228	40	
8	94	8	50	0	0	157	66	48	237	
2	68	24	40	48	8	66	159	253	0	
40	48	40	0	0	32	0	331	54	123	
0	4	42	36	6	0	92	92	264	132	
48	0	54	0	0	68	91	71	264	72	
39	64	62	183	32	24	0	0	264	0	
0	90	8	0	32	40	48	192	239	19	
12	32	0	0	48	0	249	247	72	8	
40	36	44	0	44	0	18	248	238	0	
103	72	0	60	66	4	289	0	74	0	
34	4	32	44	12	60	0	0	267	215	
56	0	4	0	12	8	34	165	349	40	
18	36	42	64	54	27	191	0	204	32	
102	40	32	0	40	0	199	0	223	32	
104	68	15	44	0	0	96	0	328	13	
2	4	32	34	8	4	246	72	40	226	
18	4	48	32	32	37	273	44	108	72	
64	36	0	17	74	0	238	62	155	22	
8	4	8	36	69	32	252	54	72	133	

104	30	0	52	0	0	234	92	150	51	
68	44	52	106	40	0	114	0	0	289	
2	32	81	36	4	0	253	70	108	127	
40	70	67	36	52	44	0	164	240	0	
140	58	55	0	64	71	32	36	0	257	
66	1	12	48	70	83	288	37	36	72	
10	0	76	80	32	0	79	105	259	72	
9	32	4	0	66	32	238	232	0	100	
39	80	52	135	0	0	0	0	146	261	
20	0	0	100	54	71	0	218	76	174	
4	68	8	0	37	4	0	84	287	221	
2	32	50	36	4	0	162	68	214	145	 ***
0	146	68	54	52	73	0	0	204	116	
6	32	16	44	20	0	127	50	269	149	
42	65	0	48	0	40	273	175	0	70	
0	16	38	32	32	77	193	54	197	74	
44	90	43	0	40	76	181	0	199	40	
120	118	57	0	84	0	24	246	64	0	
38	72	33	27	71	0	28	0	235	209	
76	32	32	19	42	72	201	0	13	226	
36	36	42	32	12	0	224	115	144	72	
48	0	116	68	10	0	42	0	282	147	
15	64	8	68	4	64	142	57	215	76	
30	74	68	42	52	36	170	40	201	0	
74	8	12	70	42	74	256	101	0	76	
64	68	40	138	10	0	253	0	90	50	
0	40	104	64	18	42	32	0	200	213	
108	0	48	32	9	6	160	270	80	0	
44	33	0	42	0	38	232	44	32	248	
0	36	2	139	40	32	32	288	112	32	
4	64	36	32	0	76	271	80	32	118	
32	4	0	0	0	108	249	42	44	234	
72	120	15	20	0	0	107	37	292	50	
14	54	18	40	4	0	269	103	129	82	
77	0	64	32	4	36	65	256	179	0	
96	44	8	0	0	0	100	120	248	97	
10	44	44	38	4	0	226	131	136	80	
0	64	0	0	70	99	104	106	228	42	
2	71	20	32	140	0	25	246	105	72	

0	52	40	49	4	0	157	64	242	74	
32	3	66	36	0	65	292	0	174	14	
0	0	50	32	0	8	71	100	143	278	
8	24	45	84	0	0	102	23	240	156	
1	0	42	32	0	48	80	147	242	90	
22	32	42	34	0	4	161	64	249	74	
3	8	82	32	44	0	26	141	263	83	
0	32	42	32	32	2	292	53	123	74	
42	0	0	64	8	0	328	0	240	0	
26	32	42	32	4	2	135	64	263	82	 ***
0	76	58	36	4	0	59	46	255	148	
0	2	94	34	4	9	301	0	214	24	
10	10	123	0	0	43	264	68	8	156	
37	33	4	8	0	56	225	72	215	32	
137	10	56	34	0	48	272	32	12	81	
2	0	159	36	12	0	241	44	106	82	

0	132	4	8	0	136	255	24	42	42	
0	0	56	0	66	0	40	138	323	20	
8	25	48	40	0	2	264	62	120	74	
10	32	56	56	0	6	260	31	118	74	
8	163	40	32	0	2	172	21	124	81	
18	0	0	64	0	14	277	74	142	54	
40	16	0	32	124	36	299	0	96	0	
0	8	18	0	32	42	329	146	20	48	
8	40	42	96	4	10	222	25	120	76	 ***
20	20	32	0	40	32	261	0	225	13	
0	10	4	64	35	43	171	22	294	0	
8	32	42	40	0	2	263	40	140	76	
2	76	118	12	0	14	275	40	0	106	
80	30	0	0	0	8	343	0	136	46	
0	8	18	8	0	0	52	160	321	76	
16	32	40	32	8	2	259	52	128	74	
8	40	163	32	8	2	166	23	127	74	
0	108	0	8	2	4	325	16	168	12	
128	74	124	38	0	8	236	35	0	0	
33	128	14	33	0	0	283	0	68	84	
2	8	4	0	112	10	256	42	168	41	
0	0	2	143	32	60	309	0	0	97	
61	0	8	113	159	0	0	220	82	0	
40	0	16	8	2	64	231	32	250	0	
40	12	40	0	0	12	256	110	33	140	
110	8	4	40	40	0	244	152	45	0	
54	0	16	10	42	0	298	54	73	96	
18	32	40	32	4	3	63	21	270	160	
8	32	3	32	52	0	0	0	277	239	
100	0	50	8	0	22	286	100	77	0	
0	0	0	0	84	0	40	225	286	8	
40	8	32	0	7	2	293	32	179	50	
16	0	153	32	0	10	183	43	124	82	
120	24	2	40	12	72	285	40	48	0	
12	32	40	32	0	2	25	138	280	82	
40	32	2	122	8	0	258	15	10	156	
18	32	40	72	0	10	252	21	118	80	

17	0	44	0	12	112	138	23	344	24	
38	41	38	134	12	32	289	0	100	30	
4	10	4	14	55	48	225	32	32	290	
109	0	3	0	62	36	148	0	296	60	
32	2	6	0	0	0	76	198	90	310	
8	40	44	120	0	22	264	26	112	78	
38	54	40	64	84	78	275	40	0	41	
32	40	52	0	32	16	270	77	185	10	
0	0	56	4	125	0	56	265	160	48	
24	10	40	73	46	39	296	120	66	0	
0	116	96	0	14	120	34	46	288	0	
56	32	18	0	8	26	272	32	190	80	
30	106	71	0	0	62	269	57	53	66	
51	0	40	26	36	2	269	42	203	45	
8	62	0	65	6	0	273	164	46	90	
40	2	49	2	108	0	237	224	0	52	
4	48	32	0	28	84	278	168	62	10	
0	88	0	72	58	0	272	68	106	50	
0	84	114	70	142	16	276	0	12	0	
72	14	48	36	48	4	280	0	44	168	
66	69	43	9	0	106	270	0	60	91	
61	4	0	38	40	0	53	239	214	65	
135	32	106	2	32	1	295	64	34	13	
0	0	70	2	40	40	268	60	32	202	
168	42	10	117	16	60	271	12	0	18	
12	12	100	54	40	76	272	100	48	0	
4	29	4	48	6	72	256	259	0	36	
36	56	0	64	0	8	274	64	208	4	
8	8	32	40	136	0	272	4	180	34	
24	30	29	32	69	92	278	120	0	40	
40	0	12	36	40	76	278	138	38	56	
12	8	56	88	0	10	265	40	117	118	
12	12	47	68	0	10	269	46	112	138	
69	120	0	42	0	48	272	87	0	76	
0	0	2	0	12	126	28	76	208	262	
32	42	50	40	4	24	228	258	0	36	
16	68	102	16	13	42	289	10	28	130	
18	0	20	2	116	104	288	0	36	130	
12	40	52	76	0	46	273	25	116	74	 ***
136	118	2	0	8	0	268	18	136	28	
79	38	0	56	56	0	270	58	0	157	

36	32	0	68	105	18	248	204	0	57	
8	40	80	38	40	65	270	45	4	178	
32	0	42	154	92	37	259	0	144	8	
42	6	8	79	104	4	262	32	161	70	
24	41	44	44	32	44	262	53	112	112	
9	40	44	60	0	54	274	21	146	120	
8	8	50	60	0	62	157	54	233	136	
94	179	11	66	88	85	113	0	132	0	
48	12	72	41	80	12	263	72	168	0	
2	25	93	84	2	0	213	88	261	0	
38	49	61	0	92	68	282	23	0	155	
8	24	44	100	0	62	229	117	112	72	
40	60	67	0	0	168	96	0	168	169	
0	60	16	18	0	24	262	47	205	136	
8	41	76	76	0	44	262	85	112	64	
34	42	50	8	37	43	176	68	0	310	
78	8	40	0	64	28	275	213	62	0	
27	84	34	18	0	42	264	54	40	205	
40	64	76	46	0	47	274	21	128	72	
42	64	48	72	66	96	267	33	72	8	
0	126	0	0	151	68	226	66	4	127	
17	42	0	48	64	87	231	20	0	259	
0	0	88	128	72	0	74	91	275	40	
16	8	80	48	66	64	201	277	8	0	
99	50	36	119	40	32	86	0	306	0	
8	10	44	98	0	76	259	64	113	96	
54	38	32	96	6	82	231	0	0	229	
91	24	64	0	0	79	40	106	38	326	
21	50	112	56	35	88	274	14	38	80	
0	102	48	26	0	66	271	32	144	79	
8	10	52	44	48	46	274	54	160	72	 ***
35	0	66	112	17	42	254	32	148	62	
137	130	52	46	38	92	233	40	0	0	
40	36	4	0	86	24	220	96	56	206	
24	8	44	42	2	45	283	112	144	64	

