#366	475	53	511	182	100	983	938	122	0	
#321	508	0	1	19	124	1003	396	1023	335	
#259	199	53	121	366	55	1023	569	963	122	 ***
#0	362	0	38	137	511	72	1022	572	1016	
#0	275	0	178	0	511	938	509	297	1022	
#499	12	406	19	61	0	1023	1020	430	260	

511	185	431	411	397	0	259	911	0	282	
182	456	305	191	511	465	0	755	522	0	
118	503	0	72	0	19	1023	414	266	972	
491	0	84	286	476	304	1023	0	655	68	
335	274	263	8	160	244	481	0	602	1020	
278	69	53	122	366	167	1022	500	567	243	 ***
411	87	74	0	307	205	0	1023	1009	271	
267	45	137	305	99	64	1023	167	769	511	
145	244	176	218	106	511	1015	305	274	393	
335	0	0	248	286	171	821	229	274	1023	
88	141	50	32	189	0	1023	553	709	602	
81	23	45	225	248	27	1023	507	259	949	
274	69	30	106	366	65	589	622	1023	243	
259	69	152	91	366	49	1023	508	567	303	
15	336	505	30	4	0	769	449	1023	256	
267	395	0	511	137	250	322	925	0	580	
259	61	45	130	366	49	553	1023	567	334	
259	69	45	106	488	65	1023	504	582	246	
362	293	0	503	312	234	0	412	1023	248	
259	61	30	511	366	49	586	508	651	366	
259	69	61	91	389	49	1023	516	567	363	
259	69	61	236	370	51	198	523	597	1023	
242	408	0	84	297	511	164	713	968	0	
431	221	91	80	156	15	730	640	1023	0	
259	69	60	136	378	45	350	500	567	1023	

371	228	328	251	48	511	926	45	743	0	
278	76	46	122	122	167	1023	740	597	280	
309	61	38	122	122	167	242	740	627	1023	
364	55	16	313	35	0	156	564	925	1023	
244	0	194	350	160	19	312	826	1023	323	
293	56	145	304	449	282	0	1023	442	457	
232	294	386	162	246	236	620	0	1023	252	
57	473	84	23	472	0	1023	934	61	324	
278	61	38	182	122	212	1023	741	523	271	
194	4	146	34	65	260	1023	0	727	998	
64	388	408	84	457	348	278	401	0	1023	
338	343	190	332	87	308	537	293	1023	0	
0	29	0	511	110	172	590	1019	381	639	
168	46	259	197	511	99	1007	182	982	0	
278	61	61	152	182	167	1022	496	567	465	 ***
76	91	309	141	404	141	0	927	1023	339	
39	31	250	45	143	484	1023	754	0	682	
347	279	0	511	381	263	711	151	564	244	
338	61	38	122	145	167	1022	496	751	311	
331	61	53	107	122	167	1021	740	331	518	
160	511	505	285	167	31	803	408	581	0	
386	121	23	134	223	467	137	1023	0	937	
0	323	27	319	170	153	881	433	122	1023	
381	396	511	511	0	0	961	183	259	249	
0	149	16	233	313	483	1023	197	185	852	
113	293	373	141	0	171	1023	889	279	169	
278	15	0	275	34	8	1023	785	975	58	
278	121	53	258	0	381	1020	331	339	670	
411	342	4	80	0	442	855	160	134	1023	
101	496	0	72	138	278	709	0	634	1023	

309	129	57	306	434	252	755	1021	250	8	
263	65	61	137	197	45	551	1023	379	800	
20	152	160	349	15	30	867	121	1022	785	
411	130	274	181	430	68	334	140	530	1023	
259	61	61	137	319	49	1021	770	380	464	
68	0	0	117	327	220	335	1023	534	897	
254	434	442	354	377	0	286	49	1021	304	
263	61	91	323	182	60	547	652	319	1023	
259	61	61	137	182	30	771	618	379	1023	
274	465	60	217	0	186	1020	343	410	546	
274	61	65	137	182	105	1022	770	319	586	
274	203	105	396	75	305	1023	865	8	267	
95	469	511	0	381	466	647	0	646	306	
290	168	110	0	19	472	1021	150	498	793	
0	511	290	34	141	274	259	1014	579	419	
307	511	350	0	372	130	1011	442	398	0	
396	509	145	508	342	94	506	0	1021	0	
0	156	479	327	335	365	530	309	1020	0	
136	511	370	80	304	197	34	656	212	1021	
270	30	0	476	213	0	1023	72	874	563	
366	23	60	167	304	125	440	1023	137	876	
118	90	412	464	282	15	123	152	1023	842	
463	274	491	0	182	413	533	0	1021	144	
231	510	282	53	42	316	913	153	0	1021	
221	72	4	244	345	177	320	460	1023	655	
122	434	95	0	373	30	1021	415	75	956	
374	205	296	286	114	246	1020	153	305	522	
382	434	183	99	213	189	1023	694	304	0	
79	84	45	38	155	294	1023	972	831	0	
278	61	88	396	60	45	1022	618	216	737	
0	284	0	456	347	145	1022	247	926	94	
91	357	122	23	83	38	1022	1006	172	607	
263	263	274	275	8	439	572	1023	179	225	
278	61	125	167	186	45	1022	526	402	709	 ***
511	267	60	15	124	215	1015	526	0	788	
0	373	308	415	366	374	149	342	173	1021	
0	182	64	130	73	275	1020	931	53	793	
263	61	61	227	182	105	321	493	1023	785	
263	76	61	259	212	293	527	488	319	1023	
61	392	310	389	117	159	1021	999	0	73	
364	243	152	20	156	492	1021	320	297	456	

53	248	15	60	150	8	1020	152	312	914	
248	0	125	219	182	93	407	282	353	1023	
121	160	88	0	90	34	1022	291	852	274	
155	511	494	163	408	171	778	0	252	0	
248	0	140	250	60	15	1023	545	317	334	
60	122	283	0	49	333	1023	133	0	929	
248	0	125	175	64	15	421	587	1023	274	
68	0	15	144	71	319	1023	278	0	1014	
122	72	125	485	450	83	1020	122	64	389	
263	0	125	159	90	15	396	526	1023	335	
0	204	15	75	0	0	960	134	521	1023	
263	30	125	159	182	136	1022	342	399	274	 ***
304	60	60	0	45	190	975	277	0	1021	
442	511	0	385	30	232	53	225	1023	31	
248	0	276	161	182	15	411	342	1023	274	
273	411	76	169	30	102	850	0	1021	0	
0	8	186	289	229	0	0	1023	982	215	
0	289	34	79	0	15	953	1023	287	252	
368	0	188	144	182	15	396	342	1023	274	
15	225	135	23	65	15	974	0	1020	460	
235	0	186	124	80	68	1023	408	0	808	
182	357	76	156	423	197	1021	294	15	211	
75	15	511	90	152	130	1015	0	897	47	
122	205	120	316	136	0	0	907	106	1020	
323	0	157	144	197	15	388	351	1023	334	
365	90	0	102	369	328	1021	455	202	0	
263	0	125	511	60	15	366	586	318	688	
265	0	125	159	60	75	1023	602	258	365	

0	409	64	75	181	60	1023	91	0	867	
263	60	65	144	120	166	1022	160	406	364	
304	113	0	310	369	120	1022	69	338	125	
154	349	121	0	0	135	75	121	1023	792	
364	45	15	242	68	0	928	1018	15	75	
259	30	35	219	120	121	1023	160	377	426	
75	94	90	334	182	135	1023	0	837	0	
15	60	511	30	60	486	135	319	133	1021	
289	30	80	144	90	136	1023	175	379	424	
274	30	35	204	182	226	1021	160	334	304	 ***
297	128	98	486	15	45	1023	0	353	325	
349	53	68	0	162	425	0	195	1023	495	
274	60	110	189	165	136	1023	160	334	319	
151	75	45	75	15	60	1023	977	15	334	
338	348	72	45	8	121	1023	401	414	0	
216	312	277	320	45	105	1021	53	364	57	
95	410	0	75	121	15	1023	165	866	0	
94	45	75	106	30	15	379	166	1022	838	

60	308	60	511	93	65	562	1021	0	0	
259	90	92	91	0	60	0	1023	167	898	
310	23	15	68	293	163	1023	351	434	0	
60	307	57	511	349	395	0	0	61	940	
511	259	76	120	0	45	100	1007	75	487	
0	0	365	75	60	120	1023	932	30	75	
276	73	94	75	0	341	1023	0	235	563	
274	30	31	144	0	211	381	160	1023	426	
274	30	36	98	0	241	396	152	1023	430	
0	0	167	0	90	32	1005	243	1023	120	
181	0	75	0	511	45	548	30	1016	274	
276	30	50	189	0	256	430	152	274	1023	
16	34	68	75	0	90	1023	887	380	107	
503	511	0	135	45	274	0	226	0	986	
289	30	35	189	0	226	1023	152	432	304	
17	60	30	75	511	61	1014	822	0	90	
120	289	120	97	87	45	899	0	0	1023	
30	15	448	66	30	30	1023	732	120	186	
278	45	35	160	0	226	1023	152	335	426	
120	511	30	75	0	60	1008	0	578	298	
274	45	35	128	0	511	850	152	259	426	
60	65	91	355	173	45	1023	0	427	441	
0	45	45	75	511	60	91	518	985	350	
61	105	15	319	511	19	996	594	0	60	
61	38	244	91	60	0	1023	135	122	906	
274	30	35	193	0	226	1023	152	396	351	
511	128	507	114	0	68	727	389	236	0	
257	349	63	358	289	68	1023	0	273	0	
278	30	31	189	15	226	1021	160	426	304	 ***
289	30	37	189	0	226	426	430	30	1023	
106	60	166	30	0	165	292	0	838	1023	
30	304	0	305	279	153	1023	235	351	0	
274	511	43	98	0	226	668	160	274	426	
0	511	135	242	248	30	998	441	0	75	
274	91	35	132	0	211	1023	160	396	358	
244	15	0	135	30	105	886	1023	76	166	
279	30	35	128	0	226	426	152	381	1023	

42	30	23	125	61	511	229	610	182	760	
274	45	84	125	45	511	709	423	53	304	
282	30	8	64	19	226	1021	220	384	319	
278	38	0	60	30	247	422	171	1023	304	
279	30	12	121	23	226	313	197	1023	349	
105	0	0	0	49	143	1009	170	1022	75	
12	196	0	15	0	159	1023	849	289	30	
53	0	150	511	110	0	1013	687	49	0	
60	45	166	79	335	19	846	1023	0	0	
30	308	0	90	60	253	1023	30	779	0	
124	45	155	15	259	211	1022	19	723	0	
279	34	23	140	15	211	1023	191	323	334	
289	61	8	121	60	215	1023	424	68	304	 ***
274	60	12	94	49	245	440	68	308	1023	
511	39	16	34	45	211	801	445	45	426	
275	33	0	38	45	211	417	1023	182	349	
511	38	105	0	335	102	982	105	121	274	
297	72	42	125	0	226	1023	206	60	522	
278	45	42	60	15	264	322	464	60	1023	

30	136	415	485	262	48	1023	144	0	500	
334	30	0	0	62	196	110	1018	270	1023	
381	184	173	0	368	323	1023	277	155	159	
420	83	169	275	277	212	1023	0	509	75	
75	42	4	357	68	135	0	394	945	1023	
60	0	120	154	30	278	1023	113	250	1015	
289	30	40	75	68	489	629	214	186	1023	
120	282	178	199	455	95	1023	79	612	0	
77	40	105	150	72	72	0	1005	499	1023	
90	45	45	289	91	346	1023	79	171	864	
211	120	163	353	0	30	297	677	169	1023	
282	120	216	46	0	323	1023	152	408	473	
282	45	220	182	90	38	84	501	1023	578	
181	79	218	179	20	501	282	457	103	1023	
312	45	282	60	120	245	1023	179	161	616	
0	412	297	181	276	135	204	175	340	1023	
124	289	494	0	394	182	144	273	121	1022	
379	362	395	365	0	511	711	155	0	165	
511	60	45	100	328	264	94	956	685	0	
411	30	68	98	350	511	287	156	328	804	
181	338	266	323	500	61	1023	195	156	0	
342	274	32	45	105	147	98	197	780	1023	
289	68	23	121	85	489	1023	164	295	486	
297	30	8	105	304	511	595	292	159	742	
9	75	450	182	143	0	195	1023	0	966	
30	135	8	511	488	135	725	185	275	551	
399	147	212	274	24	153	811	0	1023	0	
441	120	39	60	68	223	1023	171	586	312	 ***
175	511	109	38	31	60	761	1004	354	0	
30	348	49	23	165	349	1023	30	692	334	
350	38	38	30	511	214	268	294	363	937	
0	45	109	158	245	282	1023	30	166	985	
290	91	8	160	71	215	1023	651	68	466	
459	260	45	511	0	106	971	263	64	364	
289	30	90	129	90	215	400	191	586	1023	
319	30	16	205	409	217	399	327	98	1023	
334	121	8	30	306	245	1023	186	174	616	
0	150	245	483	509	89	1023	0	255	289	
319	30	9	121	151	230	279	172	1023	709	
91	199	8	503	15	430	1023	286	180	308	
289	30	62	68	143	459	1023	316	281	372	

426	60	31	30	68	511	949	34	494	290	
125	103	8	23	388	143	1023	502	221	357	
441	64	23	75	70	224	1023	126	347	500	
285	94	23	30	70	171	573	278	346	1023	
295	0	159	90	183	0	293	1023	221	629	
0	0	383	57	109	27	1023	983	228	83	
39	380	2	94	83	30	1023	184	1013	45	
343	293	162	143	107	212	535	75	1023	0	
244	49	416	72	136	120	1023	288	545	0	
434	151	16	30	78	163	1023	370	346	282	 ***
305	122	325	134	511	308	965	98	125	0	
258	0	75	64	53	75	1022	271	953	122	
0	30	504	98	319	15	1023	145	144	615	
154	105	105	38	19	8	1017	424	1023	0	
441	121	23	30	63	193	428	225	1023	346	
379	289	45	15	197	57	1023	242	89	557	
30	23	0	45	510	511	1019	650	60	45	
511	235	15	113	274	8	1014	65	658	0	
111	0	70	27	0	473	1009	1023	60	120	
441	64	15	32	105	163	369	324	357	1023	
34	320	15	511	4	167	991	598	157	96	
276	12	106	49	487	60	1023	808	42	30	
379	79	15	244	154	33	1023	578	171	217	
23	79	144	396	499	304	1022	120	226	80	
441	79	89	30	78	163	412	217	361	1023	
88	56	252	60	394	64	1023	502	219	235	
0	0	327	400	42	94	1023	155	615	237	
441	79	23	91	71	224	261	1023	368	312	
165	196	154	274	60	260	1023	654	15	92	
15	199	205	47	30	185	1023	824	274	91	
426	79	16	30	70	163	393	1023	411	282	
362	349	297	350	150	511	244	0	630	0	
12	426	63	488	47	38	1023	0	676	120	
105	215	83	105	95	182	1023	465	620	0	
305	8	105	511	60	271	0	362	273	998	
168	446	60	113	94	98	594	297	1023	0	

99	126	129	39	289	115	1023	0	136	604	
8	53	350	0	87	511	1015	141	395	0	
45	462	166	113	91	54	1023	98	444	64	
112	12	0	42	109	125	1023	813	79	245	
60	22	235	0	0	170	84	1023	448	518	
304	121	20	64	42	193	335	366	92	1023	
68	61	260	106	0	200	568	274	1023	0	
304	128	15	60	42	216	324	372	76	1023	
53	45	23	91	68	48	1023	818	236	155	
124	42	48	0	205	0	796	187	1023	135	
0	45	511	5	490	173	217	1014	0	105	
319	99	20	32	54	173	320	1023	208	312	
23	36	185	308	19	106	1023	522	60	278	
45	83	357	64	76	511	944	198	278	4	
325	49	30	0	42	204	1023	627	102	158	
145	290	129	129	22	181	1023	259	382	0	
205	32	104	319	68	75	1023	190	0	544	
511	123	0	350	61	175	316	65	795	164	
404	15	70	0	76	117	1023	643	105	107	
0	155	94	511	301	130	363	0	694	312	
304	136	27	30	170	204	1023	316	312	38	 ***
115	0	460	0	178	79	1023	159	106	440	
305	127	17	69	46	163	1023	124	324	362	
12	94	8	133	90	21	1023	114	928	137	
449	511	200	53	269	23	322	94	91	548	
505	163	300	121	60	23	0	365	1023	0	
75	132	90	335	184	121	273	23	304	1023	
304	121	16	56	44	212	1023	136	366	282	
304	127	21	38	38	297	1023	370	304	38	
304	91	15	173	47	173	305	1023	72	357	
335	205	94	197	142	511	0	767	309	0	

489	29	90	0	57	34	0	527	1023	187	
15	133	124	448	511	278	23	577	293	34	
0	100	0	90	94	70	735	1023	256	68	
0	98	12	64	30	120	1023	110	843	136	
19	91	0	57	132	35	1023	64	881	134	
319	91	57	62	145	203	1023	94	53	389	
45	116	80	122	8	15	967	1023	60	0	
308	100	42	30	190	195	225	174	149	1023	
45	57	7	171	121	49	1023	894	69	0	
84	64	129	117	40	123	1023	38	304	514	
511	0	48	47	132	0	165	81	941	511	
304	99	46	45	149	196	1023	132	416	26	 ***
126	42	107	79	135	162	1023	0	166	596	
511	372	19	184	0	38	0	155	833	324	
85	86	105	83	28	0	1023	803	219	4	
90	15	95	83	510	171	426	1023	23	0	
0	91	68	197	20	79	848	1023	60	50	
0	125	60	30	185	45	1023	23	526	419	
209	8	45	4	45	30	1023	832	95	145	
216	76	0	346	62	0	440	1023	53	220	
238	60	34	44	368	76	1023	525	68	0	
30	63	46	15	64	76	42	228	1023	849	
319	91	42	60	511	193	285	110	53	772	
324	303	106	8	98	511	0	0	84	1002	
319	123	30	30	149	241	374	94	53	1023	
103	511	111	337	222	58	267	827	0	0	
331	108	27	30	153	240	338	186	1023	0	
34	511	10	197	15	94	970	136	375	94	
304	91	27	38	149	210	246	1023	79	269	
319	138	27	38	149	222	377	94	49	1023	
320	92	27	30	222	210	271	177	64	1023	
316	62	284	126	511	224	0	509	0	404	
114	472	0	0	60	91	1023	475	152	49	

321	65	46	111	149	210	1023	353	46	153	
107	0	169	224	102	175	1023	280	369	28	
368	211	511	119	183	0	698	300	0	87	
304	91	59	30	277	203	312	83	95	1023	
334	69	73	40	149	195	1023	400	170	24	 ***
308	63	183	34	149	200	1023	79	45	393	
32	15	354	190	64	50	45	1023	59	645	
323	95	50	30	187	263	348	109	49	1023	
83	79	47	31	162	223	425	0	404	1023	
103	135	345	0	511	70	841	147	0	325	
98	38	68	62	148	78	1023	0	299	663	
334	61	46	59	194	206	1023	79	326	149	
327	87	63	96	334	77	1023	0	223	247	
126	72	105	40	410	221	1023	355	125	0	
77	99	68	290	15	80	1023	90	494	241	
0	42	315	208	0	152	245	30	462	1023	
19	502	54	5	69	30	194	133	448	1023	
90	69	183	204	8	511	105	400	907	0	
327	61	46	31	149	262	362	132	84	1023	
68	12	110	397	139	215	1023	0	428	85	
274	40	57	122	265	200	431	65	1023	0	
304	69	126	30	183	212	359	83	88	1023	
65	76	18	0	45	56	1023	187	102	905	
32	19	122	23	508	419	1023	121	102	108	
0	202	12	509	367	45	1023	120	79	120	
23	89	178	177	15	121	1023	0	655	196	
309	61	141	62	149	210	386	87	49	1023	
334	61	46	34	151	201	356	111	1023	160	
49	212	38	110	497	15	457	76	0	1023	
319	61	50	34	181	271	1023	88	46	404	
278	81	110	511	53	51	1014	0	220	159	

49	85	31	83	78	201	1023	171	98	719	
76	511	25	0	103	369	1014	57	383	0	
360	72	50	105	23	304	1023	300	185	116	 ***
222	312	108	75	94	14	1023	595	95	0	
0	49	16	511	157	342	229	940	294	0	
368	68	174	95	68	176	309	109	1023	148	
289	70	247	0	236	169	1023	109	326	69	
364	8	140	0	72	245	260	132	294	1023	
308	68	110	0	10	195	406	231	187	1023	
365	153	54	0	291	161	335	105	51	1023	
49	0	216	19	6	181	1023	778	228	38	
175	379	8	191	0	511	1019	64	168	23	
77	40	191	53	511	155	1022	350	0	139	
128	21	107	69	0	98	1023	860	157	75	
65	47	19	90	164	5	1023	45	943	137	
87	45	30	48	163	6	1023	458	49	629	
511	54	272	19	137	92	1021	268	164	0	
289	194	52	106	175	165	1023	113	86	335	
73	169	309	244	154	170	74	1023	322	0	
156	60	0	0	90	8	0	198	1022	1004	
61	19	98	81	62	156	1023	80	776	182	
320	120	226	105	108	318	1023	132	186	0	
302	147	108	32	44	184	1023	32	0	666	
23	38	511	126	0	0	77	133	1011	619	
302	31	54	122	68	161	307	353	117	1023	
30	40	348	61	160	49	793	1023	34	0	
30	54	511	45	0	107	1018	291	276	206	
61	511	336	15	47	499	846	178	45	0	
190	76	15	4	12	60	1023	222	917	19	
349	71	172	36	23	180	1023	460	140	84	
456	130	54	0	91	161	1023	139	160	324	
413	8	50	32	8	307	400	106	1023	191	
270	82	68	329	305	28	255	1023	178	0	

27	42	292	60	98	181	1023	206	115	945	
213	80	98	60	73	53	1023	246	960	183	
350	194	99	64	98	187	1023	252	203	519	
0	109	54	53	154	200	1023	386	227	783	
77	511	135	123	224	511	987	64	357	0	
289	35	135	77	139	188	155	813	135	1023	
380	78	129	64	145	129	1023	306	154	581	
197	184	83	90	0	83	277	1023	135	917	
122	49	104	205	216	81	1023	167	855	167	
106	307	265	8	264	383	1023	264	369	0	
354	27	38	125	23	209	403	614	173	1023	
511	378	75	202	201	428	215	765	214	0	
134	171	90	511	181	277	408	302	915	0	
124	114	70	0	200	237	1023	267	146	808	
126	25	122	76	502	511	244	1014	61	308	
350	76	176	180	23	57	1022	246	276	583	
217	38	95	306	141	215	794	68	92	1023	
365	224	99	143	53	123	1022	242	154	564	 ***
4	166	205	130	53	49	1023	353	175	831	
288	10	94	186	186	84	1022	199	805	115	
111	117	38	166	197	175	1023	242	767	153	
213	214	61	207	0	135	1022	184	102	851	
291	80	68	83	19	114	1022	889	214	209	
15	124	92	474	133	137	1023	34	922	35	
188	321	79	79	193	66	305	736	1022	0	
136	68	415	143	102	50	1023	34	0	1018	
15	0	30	220	183	77	202	219	1021	1022	
114	93	102	125	175	87	1023	246	520	504	
137	190	34	483	511	0	1019	78	507	30	
350	76	69	193	267	147	309	261	294	1023	
99	287	49	511	0	242	59	743	999	0	
49	66	129	30	213	124	873	1023	337	145	
457	80	53	64	87	239	279	488	219	1023	
176	186	98	76	130	19	61	897	1023	323	
94	105	23	269	422	233	1023	186	34	600	
145	15	79	189	15	60	269	930	264	1023	
222	306	83	250	270	143	400	1023	292	0	
335	0	92	76	145	93	1023	124	1004	97	
105	174	76	139	46	355	1023	911	38	122	
75	2	511	503	156	130	101	1021	0	490	
511	60	0	183	139	139	746	99	152	960	
69	19	139	120	75	134	122	274	1023	1014	
141	0	15	179	83	220	982	272	75	1022	

8	4	15	84	243	242	1023	334	33	988	
252	91	0	167	505	290	548	1023	98	0	
365	194	99	139	136	86	530	250	152	1023	
76	152	73	137	0	38	1023	137	996	342	
369	224	84	109	64	59	595	295	152	1023	
511	164	0	30	16	122	623	77	415	1016	
365	209	92	139	68	63	1023	231	570	214	
170	468	19	171	62	30	1022	839	85	108	
380	209	92	290	53	71	1023	242	152	462	
388	194	92	511	53	59	655	257	212	553	
306	45	65	0	263	122	1013	130	1022	8	
365	194	84	139	68	90	1023	546	311	154	
365	254	84	109	53	71	1023	314	167	534	 ***
425	194	84	154	53	86	545	250	160	1023	
425	511	371	139	53	59	533	242	152	489	
32	237	202	87	30	121	1023	327	165	750	
510	60	8	75	414	61	1010	90	594	152	
243	106	262	141	0	105	1014	83	0	1020	
353	335	220	202	35	144	1023	323	0	339	
380	194	84	139	121	75	537	250	171	1023	
403	198	23	139	136	59	554	227	212	1023	
493	233	47	0	23	76	1023	962	86	31	
182	60	227	263	109	168	1021	95	849	0	

34	60	142	15	200	4	1022	940	199	136	
145	77	0	0	60	310	1023	203	233	701	
219	160	182	14	0	0	527	1023	627	0	
72	266	384	0	21	0	1023	195	137	654	
0	0	121	243	511	197	195	427	45	1013	
91	130	84	139	121	510	569	284	197	627	
0	42	149	0	93	511	599	0	337	1021	
261	383	143	76	0	283	1023	165	0	418	
0	309	128	57	511	152	978	0	84	533	
511	130	80	144	38	67	589	658	351	184	
412	76	273	244	0	0	1022	155	380	190	
155	346	65	30	15	84	1023	538	130	366	
228	79	122	181	197	0	794	4	1022	125	
68	91	274	4	201	486	1023	64	87	454	
120	259	69	152	388	181	1023	64	23	473	
91	202	86	79	34	120	1022	299	227	592	 ***
36	349	0	508	0	30	1022	57	304	446	
95	160	84	79	38	84	550	348	292	1022	
0	197	225	64	12	503	1022	150	530	49	
93	179	84	79	125	128	529	284	228	1023	
60	122	510	73	0	122	1023	341	337	164	
91	136	84	87	34	90	1022	288	630	290	
381	511	125	178	313	145	156	0	943	0	
91	142	84	119	34	67	1022	288	272	633	
2	374	129	83	90	0	1023	227	126	698	
193	216	160	65	244	183	1022	64	499	106	
0	304	0	72	312	12	740	0	289	1023	
122	102	120	83	138	190	370	604	0	1023	
313	4	149	68	0	242	1023	0	734	219	
509	105	267	124	4	194	1023	402	124	0	
0	435	23	380	511	4	202	180	0	1017	
135	145	60	155	370	0	1022	410	434	21	
117	8	122	23	0	425	762	91	181	1023	
106	160	83	83	38	124	517	286	333	1022	
91	298	96	511	34	79	628	633	167	215	
122	130	152	8	137	30	432	1023	688	30	

91	88	90	83	34	63	1023	299	287	601	
205	4	30	248	75	201	1023	154	719	0	
112	30	320	125	0	152	1023	145	188	564	
511	382	305	0	310	38	1018	34	0	61	
121	38	15	8	252	12	1022	90	151	950	
60	105	0	451	61	262	1023	537	79	81	
91	52	82	91	42	63	629	359	227	1023	
511	71	258	264	0	314	1015	61	165	0	
91	80	142	79	34	94	1023	299	227	590	 ***
121	84	82	79	34	78	632	299	227	1023	
334	19	0	428	278	196	1023	255	80	46	
122	38	510	60	151	289	391	1022	8	68	
91	80	82	511	34	86	654	299	227	595	
241	153	4	144	68	0	135	1022	252	640	
91	96	84	79	38	57	745	1023	227	219	
139	16	38	438	4	91	1023	510	169	231	
30	488	243	27	0	72	1023	10	98	668	
0	0	391	19	136	269	1022	142	137	543	
511	76	76	68	197	98	995	0	517	121	
0	487	0	0	0	510	232	170	237	1023	
212	30	121	228	44	15	72	609	305	1023	
91	50	82	83	34	85	593	329	289	1023	
91	88	82	79	34	86	1023	603	227	346	
106	342	0	186	185	160	19	638	0	1023	
120	67	64	141	4	349	1023	519	190	182	
91	54	82	83	34	63	1023	359	636	234	
378	182	250	511	0	0	1021	122	0	195	
60	79	95	45	0	332	1023	713	49	263	
0	50	376	23	0	122	1023	121	217	727	
243	30	15	4	130	0	0	1022	343	872	
72	133	38	8	0	504	1022	677	122	83	
0	141	0	79	445	273	1022	12	111	576	
247	64	324	60	87	0	561	110	1023	183	
16	203	303	31	0	223	1022	0	602	259	

60	68	50	8	426	0	1010	75	120	1023	
75	102	0	396	128	8	244	187	678	1022	
6	0	141	395	511	433	0	1022	332	0	
0	75	418	0	94	0	819	339	72	1023	
0	279	142	64	94	41	1023	754	227	216	
334	20	138	174	49	93	1023	573	272	164	
0	53	57	38	511	182	976	0	715	308	
0	260	0	15	169	430	713	0	231	1022	
60	20	142	124	44	105	891	219	212	1023	
171	8	8	111	137	60	864	458	1023	0	
0	20	123	94	368	31	1023	207	197	777	
60	511	102	8	38	68	933	614	110	396	
0	20	123	139	42	48	1023	993	227	225	
75	0	30	334	511	0	1021	0	808	61	
15	90	0	90	19	91	889	502	122	1022	
60	449	12	0	60	0	1021	69	812	357	
38	20	127	117	174	307	1023	185	573	276	
30	95	127	308	94	31	747	181	1023	204	
0	384	127	94	34	511	437	147	235	871	
60	67	176	64	34	311	1022	192	464	450	 ***
120	20	401	64	34	63	1023	687	242	186	

0	0	30	0	334	15	30	905	0	1020	
15	0	15	511	396	0	274	120	1003	0	
30	57	298	60	30	16	346	205	269	1023	
30	75	75	0	15	30	1023	312	29	745	
30	61	159	60	30	130	1022	184	267	391	
0	15	113	15	0	30	1020	38	951	152	
509	0	30	68	0	30	0	0	674	1023	
30	45	30	0	75	0	1022	915	152	65	
137	0	0	334	0	30	1020	68	15	730	
60	30	353	0	60	60	1023	693	8	47	
30	87	163	60	152	16	1022	186	267	351	
0	57	189	60	511	8	584	460	267	198	
212	0	0	0	15	0	30	1022	90	965	
182	0	93	0	374	334	1023	0	0	328	
30	57	159	0	156	16	361	220	312	1023	
30	57	113	0	0	38	312	491	271	1022	
0	0	511	0	30	90	0	0	700	1003	
30	57	159	90	511	8	342	546	404	187	
30	60	464	0	0	0	1020	0	274	486	
0	83	76	60	411	183	1023	274	0	224	
30	57	159	60	30	510	342	188	267	691	
0	90	509	0	0	0	0	1020	60	655	
30	209	159	60	30	8	1022	347	267	202	
30	0	0	312	60	0	1023	909	0	0	
30	57	161	182	30	8	342	235	267	1022	
30	57	159	90	511	27	342	546	389	183	
152	57	161	60	30	38	342	1023	282	189	
0	0	90	510	456	0	929	0	15	334	
441	0	4	0	355	349	30	45	90	1020	
0	45	30	0	461	60	1023	0	670	45	
90	90	30	0	0	0	1020	152	15	937	
30	61	159	60	152	23	1022	184	267	376	
45	57	159	60	34	16	468	205	267	1023	
0	0	105	0	0	30	1023	1012	164	0	
30	57	163	60	64	8	342	184	404	1022	
152	57	159	60	30	31	1022	351	267	205	 ***
60	57	159	60	511	8	357	550	389	183	

511	75	102	0	0	84	578	742	282	545	
120	83	252	395	139	0	1023	777	130	0	
213	60	98	0	244	98	1023	338	556	289	 ***
335	124	30	15	503	100	1023	0	0	789	
0	244	282	60	479	121	0	712	1021	0	
195	379	259	71	0	0	685	1022	0	308	
305	304	308	25	38	0	0	1023	91	825	
152	45	98	0	320	331	578	1023	252	120	
0	60	0	0	366	289	177	90	1023	914	
182	488	113	488	293	60	1022	165	0	108	
511	60	0	0	510	0	1021	787	30	0	
38	15	273	304	0	75	1022	903	289	0	
0	0	252	364	0	0	0	910	1020	373	
260	60	45	305	38	45	1023	758	385	0	
45	60	0	488	130	75	658	319	1022	122	
91	60	135	441	0	135	1020	244	511	282	
0	259	511	60	0	0	1019	784	256	30	
60	319	259	510	0	0	1023	276	472	0	
60	381	60	0	429	30	1023	0	46	890	
415	15	83	60	90	4	1023	0	880	349	
0	145	15	308	388	244	0	782	15	1022	
341	323	252	0	75	259	0	647	0	1022	
418	0	244	0	64	274	1023	750	108	38	
0	0	15	90	83	0	244	1022	962	503	
0	488	0	511	90	0	0	320	488	1022	
0	45	312	304	334	61	1022	582	244	15	
259	427	90	30	327	289	0	474	1023	0	
0	381	260	159	0	75	1023	274	183	564	
373	23	411	75	8	90	1022	819	98	0	
15	47	0	244	304	206	1023	113	45	922	
304	30	90	495	0	334	0	643	1023	0	
244	61	60	511	0	0	721	271	304	747	
45	503	8	0	0	460	0	1023	531	349	
510	53	158	0	15	53	334	1003	496	297	
159	259	324	274	122	0	1023	147	611	0	
426	289	357	76	8	15	1022	139	244	343	
30	244	61	15	244	8	312	1023	982	0	
0	0	0	510	334	503	556	75	0	941	
99	60	368	0	0	381	1022	617	128	244	
0	511	0	406	0	259	412	0	1010	321	
0	99	252	503	60	15	289	1023	678	0	
259	182	75	274	0	0	1023	69	312	725	
244	15	109	83	244	121	1022	297	0	784	
319	45	244	0	34	120	1023	799	335	0	
488	330	365	23	150	0	0	1022	541	0	
0	113	151	349	0	244	1023	780	0	259	
383	244	388	152	319	349	0	1022	62	0	
152	289	98	379	34	76	335	1023	244	289	
105	23	319	274	0	274	1022	607	0	295	
167	488	68	34	0	15	1022	444	244	437	

313	0	282	280	511	0	966	319	297	244	
141	244	34	0	305	12	1023	304	799	350	
439	274	259	252	19	142	0	1023	804	0	
235	500	278	0	275	0	1023	0	459	442	
60	304	488	8	511	0	897	289	640	15	
0	511	0	491	327	380	500	0	988	15	
511	0	264	0	84	0	156	418	790	989	
160	30	312	0	244	211	1023	304	548	380	 ***
259	61	492	0	120	0	892	1023	312	53	
0	0	334	244	510	0	60	975	69	1020	
0	60	260	25	268	331	1023	933	0	312	
152	91	20	0	259	154	1023	548	556	409	
4	30	120	90	0	309	1023	374	533	729	
274	256	68	0	0	511	1018	511	0	574	
23	387	15	342	53	60	1023	250	846	213	
15	342	8	488	0	511	0	1019	829	0	
120	252	8	511	288	244	958	0	309	522	
198	15	0	8	304	334	1023	304	556	470	
252	328	259	244	60	128	920	0	1021	0	
142	15	0	0	313	90	1023	548	623	458	
81	244	304	260	308	90	1021	0	0	904	
80	252	460	372	304	0	1023	517	204	0	
30	511	503	0	8	313	1022	682	0	143	
15	0	244	305	312	68	334	911	1023	0	
511	509	342	0	60	0	998	548	244	0	
485	148	169	366	0	0	0	1023	1021	0	

130	34	244	60	289	241	1022	244	365	174	
274	0	324	98	128	98	1021	0	860	0	
0	426	483	0	511	68	244	0	90	981	
0	23	304	0	61	8	1023	896	214	274	
130	30	289	0	274	200	1022	274	394	190	
34	282	61	0	0	68	1023	244	182	909	
190	0	274	0	278	204	1021	267	365	204	
510	312	0	0	252	353	355	1021	0	0	
0	511	0	23	122	304	806	304	428	305	
0	511	244	16	105	64	244	979	396	244	
138	15	248	92	244	241	1023	274	342	186	
479	0	319	57	377	117	1023	0	158	273	
60	4	252	122	336	87	45	60	1023	814	
160	30	274	0	244	264	1019	259	379	174	
30	0	45	477	0	0	1022	361	868	0	
106	0	15	0	244	139	1022	486	730	61	
138	0	244	0	511	256	815	304	308	227	
289	511	0	259	282	0	364	129	0	969	
130	15	304	0	244	226	1022	263	372	227	 ***

120	488	180	511	0	0	0	0	240	1005	
60	511	0	61	60	244	274	319	0	1015	
150	15	30	0	61	15	1023	915	91	244	
304	30	60	15	0	244	1023	747	0	121	
75	61	30	0	312	511	917	274	304	60	
0	319	30	30	60	90	1019	0	30	966	
10	0	304	91	0	226	1022	263	417	211	 ***
0	120	0	30	45	90	0	421	816	1022	
0	120	91	90	0	8	1018	196	1021	0	
0	60	0	30	61	135	1022	0	310	926	
274	83	34	75	334	61	1022	92	320	249	
335	38	255	64	150	388	1023	0	291	0	
0	304	0	410	511	30	0	274	0	1015	
8	2	334	0	0	272	1022	263	402	241	
120	63	282	90	15	173	1022	394	107	278	
30	60	15	274	30	510	106	304	971	244	
8	2	304	0	0	166	1022	399	402	241	
69	484	349	511	0	75	1014	0	0	42	
0	0	349	121	107	0	1022	888	57	0	
500	15	61	244	60	0	996	548	60	60	
304	0	120	510	60	152	1019	379	0	0	
60	0	0	8	0	30	1022	379	30	1015	
0	0	364	488	511	45	0	1016	120	0	
0	8	105	244	60	150	1022	771	121	63	

130	84	244	125	0	214	1023	254	448	196	
68	259	91	136	415	432	1023	106	60	128	
308	349	120	201	511	228	0	1001	0	0	
8	17	248	151	15	210	1023	248	608	190	
348	0	106	0	83	338	1023	460	360	0	
447	0	0	259	4	511	304	143	892	158	
94	0	0	45	60	378	1021	135	890	95	
130	34	248	91	8	218	1023	320	418	228	 ***
0	15	503	321	118	511	153	1007	0	90	
259	57	30	61	259	12	1023	154	468	395	
216	75	90	0	0	61	1023	783	226	244	
0	90	144	53	426	166	1023	643	98	75	
70	60	511	8	45	15	926	60	0	1023	
34	180	4	373	122	128	1023	61	500	293	
142	0	263	107	0	300	1023	250	429	204	
394	75	15	90	57	15	1023	68	905	76	
38	30	91	492	0	0	1023	95	812	137	
182	205	64	53	30	165	1023	917	79	0	
47	413	319	61	4	79	1023	104	593	75	
12	0	267	91	0	214	1023	312	451	348	
58	64	45	90	366	57	1023	924	91	0	
125	60	498	8	98	60	1023	786	60	0	
130	244	319	60	87	150	107	0	598	1023	
27	90	274	60	64	511	1023	304	88	277	
380	136	8	0	0	15	1022	181	548	428	
19	368	79	0	30	180	1023	99	638	282	
76	8	45	34	396	64	1023	8	49	1015	
120	103	19	159	0	61	1023	0	735	498	
8	8	259	196	23	230	1023	248	527	196	
480	252	511	366	0	34	68	0	0	1007	
87	150	323	120	76	0	1023	75	804	60	
503	60	0	121	23	0	1022	0	839	150	
125	304	244	27	0	0	1023	158	709	128	
155	61	282	304	113	440	1023	0	113	227	
91	0	274	440	0	60	1023	105	0	725	
0	49	349	242	0	98	1023	30	623	304	
0	30	0	0	61	511	0	916	987	213	
278	96	447	146	392	163	1023	173	0	0	

511	274	98	60	182	0	172	980	0	964	
0	15	105	494	106	486	312	0	700	1023	
90	94	120	452	132	286	1023	243	0	801	
145	155	305	305	402	0	1023	552	110	244	
4	31	304	244	31	257	1023	903	181	263	
244	500	248	106	68	173	1023	335	348	196	
38	30	75	442	124	17	1022	75	395	1023	
0	263	45	259	511	0	120	989	1009	45	
53	274	130	306	135	30	1023	0	989	301	
0	159	381	91	8	398	1023	262	810	109	
313	319	216	305	323	0	0	621	121	1023	
53	139	16	23	0	0	1019	159	809	1023	
45	0	293	511	91	304	890	552	286	269	
167	12	110	244	511	60	1004	912	91	130	
64	278	42	320	511	128	875	0	1023	0	
137	19	252	121	16	173	1023	442	402	656	
0	122	0	228	511	428	1016	87	27	822	
368	182	8	511	323	244	1023	487	0	95	
338	60	79	15	468	8	1023	274	79	897	
488	19	248	91	262	203	1023	335	406	166	 ***
154	0	0	304	12	0	1015	394	339	1023	
159	510	316	90	252	511	913	182	308	0	
90	396	308	45	0	0	31	471	877	1023	
303	308	84	0	151	0	1023	137	957	278	
0	120	134	278	511	0	236	0	979	983	
60	346	75	334	61	45	1022	327	495	476	
12	0	349	328	335	282	1023	0	236	676	
136	297	0	135	0	394	1023	541	144	571	
105	259	373	426	418	128	1023	250	0	259	
304	368	126	129	0	311	1023	0	592	388	
0	304	30	427	0	169	1023	762	213	313	
61	192	0	42	168	334	779	612	30	1023	
106	486	259	23	319	341	1023	0	616	68	
0	15	160	236	454	0	0	1022	354	1000	
242	0	259	444	0	189	1023	339	137	608	
4	110	364	8	12	250	1023	349	782	339	
0	396	302	0	124	62	1023	0	1001	333	
152	511	308	91	8	105	672	382	587	425	
69	364	355	0	409	30	1023	505	486	0	
61	424	60	439	410	400	1022	76	75	274	
135	427	80	381	327	0	426	1023	442	0	

