#511	167	36	15	97	366	90	496	1023	929	
#297	125	213	12	293	130	636	1023	1001	0	
#23	15	248	298	183	183	1023	736	979	42	 ***
#385	408	114	377	446	0	0	147	1023	830	
#511	441	350	503	316	0	206	0	381	1022	
#34	6	4	491	511	84	1011	432	134	1023	

349	422	400	0	461	511	86	335	823	0	
408	202	274	18	507	176	223	267	1023	289	
381	34	313	0	423	49	204	960	0	1023	
190	15	0	106	0	328	396	423	906	1023	
23	23	248	46	148	305	395	759	1023	417	
38	15	252	321	179	183	319	1023	751	306	
278	30	186	0	134	438	317	943	1023	38	
61	244	124	507	113	30	383	902	1023	0	
27	15	244	69	309	183	1023	752	353	412	
409	0	0	63	182	213	304	1022	812	382	
23	15	244	305	209	191	441	759	177	1023	
61	0	258	415	153	208	1023	606	539	124	
23	15	248	71	161	183	502	736	1023	425	
145	15	252	297	209	183	319	736	1023	208	 ***
38	137	20	298	392	183	380	736	180	1023	
335	402	64	0	169	321	656	35	382	1023	
61	15	248	297	198	175	327	744	1023	299	
8	511	460	500	4	362	137	1021	0	384	
160	42	122	222	164	58	705	0	1023	891	
23	137	244	297	179	160	364	751	209	1023	
289	268	50	327	0	57	383	81	1023	909	
297	128	511	0	312	88	452	323	1023	253	
42	252	320	244	61	252	38	833	1023	322	
153	15	274	54	179	183	319	736	451	1023	
57	267	68	156	340	484	941	0	1023	51	
23	15	256	54	213	198	1023	736	535	334	
0	291	95	455	177	167	412	73	694	1023	
287	260	156	259	126	179	803	294	0	1023	
23	23	248	191	179	199	353	1023	397	751	
16	15	252	84	431	61	429	742	1023	334	
167	152	103	242	309	420	134	345	1023	492	
419	28	332	0	222	403	313	267	380	1023	
168	63	90	107	137	503	797	247	1023	252	
23	15	248	175	187	191	1023	741	421	363	
31	15	248	73	179	183	413	888	1023	334	
76	198	321	244	435	391	67	477	1023	155	
152	19	511	202	160	118	426	503	992	304	
228	0	497	275	49	30	427	153	1023	705	
132	16	91	301	0	511	392	808	246	890	
152	291	16	511	313	17	792	1020	0	275	
501	30	374	305	305	0	465	0	407	1000	
64	0	0	408	252	169	267	197	1023	1007	
304	271	256	342	164	277	1023	286	464	0	
455	31	0	306	64	316	390	207	1023	595	
40	506	122	0	136	427	881	1023	252	0	
312	138	305	511	134	256	138	78	995	520	
271	271	191	0	47	124	90	365	1023	1005	
23	23	248	298	309	191	1023	736	202	334	
199	337	260	297	453	134	130	501	1023	53	

335	306	194	8	331	104	620	507	1023	23	
267	17	50	0	381	95	928	198	1023	492	
473	144	157	166	0	511	951	38	0	1011	
0	57	501	68	458	511	1023	688	0	145	
130	0	260	105	194	175	342	976	1023	246	
34	171	283	192	190	495	652	60	1023	351	
301	266	95	290	309	281	488	338	60	1023	
472	282	250	0	138	511	152	998	0	648	
130	304	275	45	179	205	304	740	1023	246	
42	297	252	217	293	126	565	389	1023	247	
68	490	0	267	511	106	23	1015	0	971	
130	0	260	289	179	511	319	736	279	748	
145	23	252	297	179	191	321	736	1023	284	
412	457	233	212	297	271	1023	207	339	0	
145	511	190	464	292	328	385	206	0	930	
38	0	72	0	15	252	239	960	1023	852	
83	145	53	100	461	403	931	0	252	1023	
94	441	216	512	244	4	0	358	1023	559	
137	484	426	84	71	426	731	69	1023	0	
404	130	280	389	16	0	217	130	862	1023	
31	23	68	486	425	173	522	1023	418	282	
175	259	252	53	217	183	75	736	1023	478	 ***

0	152	302	309	323	319	366	328	1023	399	
212	394	0	237	0	457	1020	989	0	212	
38	244	267	53	247	175	433	732	1023	309	
113	408	197	0	511	305	926	342	0	719	
0	511	305	430	229	290	103	863	790	0	
30	408	15	366	196	290	182	762	251	1021	
75	366	209	511	46	374	265	0	1022	653	
53	263	253	53	277	511	319	537	564	691	
98	259	374	53	202	175	456	492	1023	389	 ***
263	167	76	165	396	0	95	1023	396	940	
38	244	252	68	431	113	302	822	1023	228	
0	90	34	468	476	15	571	1022	709	136	
75	0	189	0	189	106	675	258	1006	1023	
366	183	0	175	0	158	146	1013	1023	457	
30	334	252	190	183	53	182	732	1023	542	
102	320	399	350	402	79	450	0	1023	396	
32	244	298	235	187	53	304	796	1023	349	
98	190	366	159	503	511	0	95	1004	595	
30	244	257	83	247	53	366	869	1023	349	
125	68	432	213	290	256	327	787	1023	0	
511	274	312	53	309	175	366	503	668	350	
370	411	221	61	64	283	91	57	1023	940	
506	0	248	8	292	136	869	288	152	1022	
274	366	312	143	202	57	304	488	1022	353	
53	299	30	79	335	0	571	1009	1023	122	
0	349	0	511	212	335	465	542	943	164	
312	362	15	227	0	258	72	327	1022	926	
500	12	34	318	4	509	807	73	1020	244	
220	129	83	511	308	468	275	145	431	951	
396	46	279	64	244	502	186	783	1021	0	
250	429	84	15	511	0	92	883	366	891	
31	15	297	167	305	0	259	977	1021	449	
224	15	244	312	197	0	23	1020	1022	464	
145	274	316	49	137	308	229	518	1020	525	
499	461	8	38	42	426	1023	830	194	0	

442	490	80	511	0	47	911	0	451	0	
136	122	125	274	476	15	0	563	1023	198	
151	0	53	130	244	167	534	98	1023	532	
259	45	162	30	183	361	286	324	1023	259	
8	46	34	349	113	491	94	1021	145	631	
105	0	374	8	114	175	304	1021	410	421	
0	15	0	0	12	511	593	12	965	824	
122	0	506	64	64	23	274	1019	609	251	
304	0	0	160	125	75	1001	126	1020	121	
45	122	228	53	15	90	357	0	1022	1000	
502	4	243	68	487	45	441	0	121	1021	
151	34	491	120	263	27	0	825	1021	0	
90	0	374	8	131	220	319	315	1023	452	
98	0	434	53	179	68	349	304	425	1022	
0	167	53	4	53	105	1020	430	185	915	
15	0	151	30	0	502	823	330	1021	60	
4	342	433	278	83	186	415	171	1020	0	
83	350	135	381	110	4	248	592	1021	8	
98	0	374	38	118	175	319	393	395	1022	
198	335	502	144	15	182	320	0	1023	213	
511	455	404	75	12	31	1019	335	90	0	
30	0	30	0	180	488	197	1023	74	910	
0	121	448	0	122	0	61	943	259	978	
167	195	244	75	60	61	15	90	1020	1005	
0	45	248	27	90	511	227	280	1008	496	
98	15	389	23	150	53	428	319	1023	434	 ***
328	289	334	277	0	0	263	263	1020	158	
72	213	45	450	0	90	1023	787	0	252	
98	0	389	23	118	83	471	319	409	1022	
99	0	122	282	189	106	522	408	1023	181	
90	60	389	8	175	175	304	347	1023	361	
113	0	404	128	89	53	449	308	1023	365	
197	368	167	334	0	229	259	1021	137	220	
60	182	274	30	30	212	15	121	1021	987	
98	0	495	23	178	53	334	304	425	1022	
60	0	0	69	60	105	274	1020	415	929	
65	182	76	244	72	309	346	555	1023	60	
0	0	0	65	30	242	970	502	1021	102	
312	19	60	138	91	34	105	1007	1023	143	
42	30	304	231	282	117	449	0	1020	457	

199	72	76	0	284	417	0	328	1022	372	
90	15	252	113	125	68	409	1023	238	437	
90	379	211	0	120	75	1022	785	88	0	
165	511	80	0	30	30	0	897	1012	45	
135	30	15	511	464	15	120	354	1021	105	
15	226	502	0	15	181	372	365	1022	72	
23	150	304	0	165	83	57	205	1023	760	
120	185	304	0	30	150	853	1023	90	15	
4	90	304	165	30	60	69	846	1022	180	
0	511	15	105	91	95	547	15	1012	379	
184	75	366	30	511	189	0	975	0	440	
0	503	75	511	105	91	0	204	269	1012	
75	45	327	38	140	53	394	1023	253	422	
215	180	45	120	0	320	747	75	1023	45	
120	61	319	210	252	511	150	183	964	0	
98	15	297	83	174	68	389	182	1023	441	 ***
144	94	45	102	106	267	424	118	1023	447	
128	158	0	170	305	75	700	120	1023	91	
60	75	124	23	244	30	60	181	1022	951	
98	189	274	0	140	0	297	106	1021	645	
62	15	388	23	144	83	424	152	1023	456	
8	272	178	304	49	60	426	122	1023	328	
274	0	395	0	511	0	375	1012	98	105	
106	319	15	0	113	273	274	1022	79	569	
53	46	282	53	294	68	349	122	1023	480	
122	15	23	23	170	297	409	465	223	1023	
113	271	0	216	87	121	419	0	1023	520	
79	105	0	75	45	105	975	30	1022	334	
53	46	282	23	174	83	129	441	1023	516	
0	105	75	121	222	0	190	699	1023	335	
304	64	76	136	30	60	60	0	1018	1022	
53	391	30	45	30	91	244	1018	868	0	
180	418	244	0	511	60	174	998	185	0	
76	334	75	135	49	30	121	867	1023	60	
197	83	447	30	181	399	60	305	1023	45	
30	60	196	45	15	60	1005	211	1013	135	
159	83	282	197	357	165	0	435	1023	69	
349	136	94	166	120	53	0	54	1023	775	
113	76	267	23	204	83	373	122	1023	486	
30	105	15	380	30	15	60	962	1023	150	
106	34	30	280	121	0	0	1023	874	302	
135	0	90	30	38	64	418	30	942	1023	
62	90	23	53	98	83	471	137	1023	730	
319	151	75	105	99	90	833	0	1023	75	
60	15	297	23	140	83	439	437	253	1023	

30	105	289	0	0	60	90	1023	91	992	
64	306	90	0	30	0	0	1000	167	1023	
90	16	297	68	129	68	438	170	1023	381	
90	15	297	68	129	45	465	167	1023	381	
90	15	297	75	125	45	90	411	509	1023	
90	15	297	68	140	45	366	137	499	1023	
30	502	60	15	30	0	927	93	1023	0	
91	15	327	68	129	68	381	137	1023	441	
76	15	274	120	511	15	0	30	1015	624	
60	45	0	102	380	0	807	123	1023	140	
90	21	298	68	144	68	435	137	1023	396	 ***
120	15	317	68	129	53	437	137	1023	381	
15	289	15	139	109	282	90	114	1023	604	
0	511	60	109	424	0	564	0	1012	0	
129	45	45	15	114	312	550	128	1023	319	
90	15	297	68	511	62	338	137	789	373	
274	511	0	195	0	76	501	106	1017	0	
90	15	297	68	125	47	1023	152	490	373	
60	105	45	350	136	511	0	0	456	1017	
105	0	109	203	75	45	983	0	1023	137	
45	106	15	0	289	68	933	76	1023	125	
60	334	34	0	21	173	929	76	1023	30	
90	15	297	68	125	45	122	514	381	1023	
90	15	297	68	116	45	396	137	493	1023	
90	15	299	68	129	53	458	138	1023	407	
90	15	511	68	125	45	351	137	961	377	
106	174	511	0	0	0	152	290	1017	430	
75	61	135	284	4	456	415	91	1023	136	
90	75	0	30	45	95	334	958	1023	30	
90	21	297	68	130	68	465	137	1023	381	
90	0	327	85	511	45	759	137	353	373	
105	15	53	68	247	45	637	244	243	1023	
244	91	45	15	90	105	902	90	1023	75	
90	15	297	68	125	45	351	137	529	1023	

468	197	511	0	83	0	1013	111	96	94	
60	94	64	511	0	75	1020	0	628	121	
85	34	267	102	75	83	247	1023	303	354	
94	15	511	128	31	250	553	20	971	0	
60	23	272	0	94	45	1023	182	443	431	
95	19	23	94	511	57	434	175	800	365	
170	0	106	275	0	150	105	520	1023	224	
0	171	263	45	45	80	1023	0	95	851	
184	30	30	4	148	127	167	0	1023	860	
248	124	19	0	4	76	929	60	1023	90	
75	90	263	90	60	73	761	138	1023	0	
312	75	476	60	64	75	0	121	1022	368	
0	124	0	269	106	121	1023	90	0	840	
0	95	45	0	139	339	1023	124	670	138	
60	38	271	61	124	83	1023	167	250	496	
68	38	319	0	166	45	1023	184	258	472	
60	19	267	64	136	90	165	400	1022	350	
60	27	268	60	79	75	248	1023	277	456	
511	244	135	151	53	505	0	0	349	625	
76	23	267	57	166	72	256	157	1023	476	
4	511	297	349	0	0	93	214	185	920	
60	23	53	94	282	53	180	1023	450	355	
60	117	75	64	511	0	19	715	0	1012	
19	511	61	165	45	68	363	319	1022	0	
0	511	170	328	109	189	0	522	553	191	
131	98	211	1	406	511	108	400	707	0	
75	0	4	75	34	64	139	745	1023	414	
357	365	94	113	230	252	81	58	1023	0	
0	511	60	49	105	0	91	274	1022	461	
90	57	271	60	75	81	398	138	1023	380	 ***

45	109	68	84	456	0	1023	400	752	106	
61	24	274	317	324	120	698	124	1023	78	
83	45	83	76	45	510	830	349	1022	0	
220	279	4	30	336	459	135	380	1023	177	
98	59	30	511	75	286	434	562	401	587	
151	65	196	308	15	0	252	471	562	1023	
30	62	293	143	449	91	256	0	1023	696	
120	23	15	109	212	511	429	419	821	384	
53	424	121	94	162	0	68	308	1022	791	
98	23	23	501	105	46	475	1023	350	399	
120	61	30	60	511	124	386	381	985	385	
79	463	274	410	210	511	0	205	0	891	
139	308	30	259	216	30	745	245	1023	48	
188	0	147	489	511	98	0	293	896	421	
0	331	287	277	117	270	0	180	1023	558	
150	327	259	91	75	95	247	1023	396	380	
90	197	511	350	128	490	98	304	875	0	
242	42	267	60	364	42	184	189	630	1023	
90	271	259	110	90	186	162	222	1023	630	
105	112	402	384	0	177	628	0	1023	212	
350	129	511	0	509	0	75	994	396	79	
23	304	374	79	136	173	45	1023	188	698	
274	125	60	34	274	168	187	248	1023	650	
98	61	259	511	135	278	193	728	370	410	
90	27	297	106	411	34	195	228	1023	632	
90	286	282	104	75	94	248	406	435	1023	
485	170	146	87	60	0	616	175	1023	281	
62	35	259	304	287	110	177	156	630	1023	
165	19	259	182	83	511	499	578	367	380	
90	68	314	68	289	186	229	1023	396	380	
75	28	297	76	135	458	156	415	380	1023	
184	42	485	511	45	30	922	349	379	96	
400	75	105	0	126	379	282	532	1023	121	
338	212	215	70	47	494	0	394	1023	250	
136	322	15	382	383	0	327	216	1023	239	
289	49	155	171	263	75	757	163	1023	98	
15	168	60	215	150	120	346	547	1023	399	
93	452	380	243	289	75	308	0	1023	180	
90	71	260	117	75	133	284	366	1023	624	
98	57	91	364	426	124	1023	163	541	156	
90	65	259	304	113	64	237	508	1023	380	 ***
212	120	45	338	167	72	458	0	608	1023	

55	49	289	136	231	99	509	15	1023	487	
90	78	259	244	83	34	1023	179	508	395	
297	94	135	0	197	0	350	515	1023	282	
94	63	259	244	121	94	1023	145	379	471	
94	63	259	244	113	64	273	1023	380	380	
83	90	138	50	385	75	53	875	1023	121	
511	94	244	0	128	308	201	647	380	380	
264	53	167	105	105	110	120	946	1023	0	
108	319	381	0	50	229	349	173	1023	261	
34	511	34	123	0	429	134	0	1019	609	
94	61	244	320	83	19	140	254	1023	655	
34	42	319	34	108	152	165	1016	1023	0	
90	72	244	252	70	34	140	1023	495	473	
159	78	488	0	113	64	1023	202	371	395	
105	55	244	244	113	79	410	243	377	1023	
339	227	244	153	0	60	1023	75	588	184	
511	184	42	121	432	267	0	83	952	301	
98	42	259	305	83	34	1023	162	507	380	
90	27	15	244	83	64	739	224	1023	384	
113	0	60	79	30	365	957	183	1023	83	
93	259	75	0	49	335	365	216	1023	478	
83	78	259	350	113	83	148	1023	376	380	
49	197	511	260	106	263	1022	0	485	0	
120	118	260	274	93	34	140	481	1023	350	
94	63	244	259	113	42	500	145	1023	410	 ***
120	278	134	280	181	94	526	30	227	1023	
151	57	244	244	106	85	133	1023	500	350	
157	41	53	34	90	0	79	972	1023	444	
145	34	170	136	327	304	0	1023	105	649	
151	27	0	259	357	34	515	147	1023	380	
47	365	61	402	123	46	212	291	1023	323	
166	57	244	244	83	110	141	475	1023	350	
151	194	30	0	495	4	46	173	1023	777	
0	308	387	105	169	511	350	975	0	88	
151	57	47	244	98	34	1023	526	333	380	
0	15	212	286	98	60	413	672	1023	114	
151	63	297	244	113	64	209	1023	376	353	

30	92	372	72	128	281	79	338	145	1023	
98	256	244	137	83	12	335	0	372	1023	
0	511	196	0	91	15	999	19	473	256	
417	8	4	197	90	60	590	110	1023	61	
94	60	505	130	61	57	0	81	1023	549	
128	95	5	23	83	4	294	366	1023	539	
0	107	67	205	511	38	618	463	246	305	
175	53	53	21	30	114	842	155	1023	94	
220	61	244	23	87	20	474	0	408	1023	
220	133	259	23	115	8	365	0	1023	414	
511	395	0	87	68	0	1021	124	113	241	
148	115	61	121	135	52	1023	499	0	406	
38	263	216	187	94	68	580	91	1023	0	
120	69	0	27	83	4	292	395	1023	547	
379	0	0	235	130	197	1023	200	106	290	
105	136	31	497	511	60	0	143	1005	72	
34	248	106	310	82	53	1023	155	292	257	
90	65	261	15	83	13	329	320	1023	361	
197	15	206	122	379	38	166	60	1023	354	
94	110	0	76	213	5	383	246	1023	410	
55	190	270	75	122	340	374	111	1023	0	
90	190	0	511	53	62	557	366	317	414	
121	186	0	511	0	453	308	148	103	730	
44	27	144	0	0	182	906	102	132	1023	
241	16	70	15	89	511	0	1013	94	511	
490	0	511	94	0	67	945	197	153	103	
127	82	57	503	0	38	34	60	1023	636	
118	60	40	15	151	8	368	366	1023	411	 ***
121	80	36	79	294	57	143	575	1023	152	
299	75	30	38	38	149	177	244	487	1023	
302	106	34	55	342	0	1023	319	206	173	
59	38	413	77	34	135	76	426	1022	280	
308	23	159	0	74	105	1023	578	53	237	
278	261	158	45	133	106	521	0	1023	35	
254	204	68	15	76	22	864	34	1023	0	
30	154	77	121	67	76	534	155	1023	323	
98	61	61	15	83	111	330	370	1023	408	
90	69	278	30	76	6	1023	0	548	440	

105	44	40	31	38	27	332	371	1023	425	
27	83	53	164	105	77	497	407	1023	0	
0	511	50	0	100	69	1009	471	38	188	
117	44	70	16	38	8	284	381	1023	455	 ***
124	65	70	15	39	31	158	368	543	1023	
66	0	83	46	0	0	167	1023	915	136	
124	42	44	15	70	23	299	493	303	1023	
75	49	137	53	0	23	1023	168	49	859	
0	39	80	87	196	156	558	297	1023	0	
174	30	30	34	17	126	100	106	1023	796	
27	93	45	34	308	213	83	407	1023	203	
120	63	40	31	58	8	169	509	415	1023	
105	44	14	15	65	39	325	396	1023	410	
63	60	377	62	324	0	1023	140	64	323	
2	61	39	0	112	109	833	34	1023	223	
212	84	128	187	145	0	267	0	1023	390	
171	110	219	0	511	0	1015	0	136	274	
105	44	40	15	70	11	299	381	1023	448	
15	2	88	68	30	65	45	164	1023	936	
34	438	4	406	0	53	163	125	1023	190	
124	42	70	16	42	9	326	374	1023	410	
90	34	19	34	172	63	822	179	1023	0	
98	4	240	106	182	30	399	331	1023	23	
105	40	63	15	40	27	199	507	417	1023	
135	48	40	15	65	8	299	493	310	1023	
38	34	123	152	49	34	1023	68	30	885	
105	42	74	19	46	8	380	414	325	1023	

72	61	68	4	64	157	105	923	1023	0	
107	12	70	31	41	23	1023	434	318	418	
8	68	35	198	499	17	38	79	1023	512	
102	12	70	34	78	8	1023	431	309	410	
120	99	87	100	201	307	1023	540	0	0	
93	60	1	125	66	374	129	105	1023	501	
61	8	46	45	50	30	65	888	261	1023	
102	16	86	16	44	150	337	381	322	1023	
128	17	215	57	202	80	1023	143	334	278	
103	12	117	19	42	10	665	156	330	1023	
117	8	70	30	50	12	1023	385	327	455	
102	8	70	58	57	12	1023	415	307	425	
258	71	27	261	200	60	308	94	1023	175	
117	8	71	52	57	8	327	381	1023	433	
351	40	0	511	64	0	125	297	961	128	
110	27	85	34	38	9	421	1023	330	400	
326	511	112	0	40	200	981	194	113	0	
102	16	100	16	38	27	338	382	1023	435	
109	10	27	109	120	65	171	459	1023	384	
55	379	0	180	80	511	359	722	0	191	
117	25	85	18	38	46	333	385	407	1023	
179	292	0	109	121	38	592	0	123	1023	
102	27	147	17	42	8	325	389	397	1023	
102	38	82	48	53	9	327	381	414	1023	
34	124	15	31	60	198	840	1023	37	115	
125	163	0	75	38	147	347	91	1023	468	
119	23	70	55	38	12	323	396	1023	418	
108	20	100	15	511	45	333	381	554	410	
228	62	15	111	79	75	820	1023	60	4	
104	12	85	34	72	23	325	389	1023	410	 ***
68	4	59	185	126	86	258	254	1023	414	
102	16	74	30	511	10	558	382	339	455	
175	83	181	90	15	75	719	116	1023	0	
128	120	278	216	114	124	160	314	1023	0	
118	12	89	15	76	29	316	385	414	1023	
106	14	87	30	39	39	310	415	414	1023	
98	157	505	433	0	17	114	99	1023	31	
103	23	72	31	70	8	363	370	1023	414	
102	23	79	27	38	9	321	518	337	1023	

74	34	115	61	137	68	212	0	814	1023	
44	8	68	62	160	0	262	35	876	1023	
126	12	73	184	34	30	226	503	327	1023	
74	8	102	152	38	109	173	449	1023	410	 ***
122	30	55	2	182	49	0	60	1023	1015	
47	51	152	0	49	42	280	45	1023	849	
34	124	4	195	49	75	76	792	1023	166	
19	125	476	95	339	99	0	163	1023	199	
64	31	75	261	200	38	575	271	1023	0	
134	125	38	8	46	124	685	227	1023	128	
217	66	156	49	511	121	19	1014	385	0	
128	19	175	177	0	511	195	1013	320	0	
78	69	72	117	167	0	255	327	1023	430	
511	94	145	30	152	4	1020	124	70	388	
78	117	511	4	125	122	286	312	983	0	
490	130	85	30	38	511	158	286	253	557	
510	80	54	511	29	45	389	72	848	0	
45	55	158	91	40	0	291	390	1023	445	
45	126	120	112	31	152	169	741	1023	19	
180	511	189	212	91	42	46	1020	247	0	
74	0	113	38	42	109	494	246	1023	399	
199	111	90	55	1	138	1023	677	244	0	

15	511	338	156	374	105	321	812	199	158	
19	312	0	307	182	124	1023	0	1022	0	
68	0	115	274	98	79	1022	509	505	319	
211	0	90	162	38	136	582	395	352	1023	
302	0	19	91	124	0	30	383	1023	1017	
19	412	430	2	0	510	0	1008	0	608	
23	0	212	235	69	87	507	265	568	1023	
44	0	90	186	132	83	263	818	1023	350	 ***
277	60	92	232	30	75	1023	265	586	349	

511	64	312	308	201	155	974	83	122	244	
70	128	0	478	280	12	505	152	1023	326	
29	256	105	201	200	79	233	559	1023	289	
29	0	117	274	102	109	233	315	772	1023	
44	0	169	182	140	83	241	788	1023	304	 ***
44	0	90	190	511	158	485	315	892	289	
259	61	511	258	212	260	0	996	120	297	
32	406	192	0	86	289	0	239	1023	707	
511	419	130	60	27	126	994	471	131	105	
381	19	173	72	228	0	647	53	1022	379	
29	0	90	182	155	87	233	1023	886	289	
136	30	30	84	197	511	217	419	386	964	
17	282	183	320	252	15	15	1023	792	75	
15	135	274	321	511	30	308	343	956	81	
44	0	90	212	214	83	173	811	1023	324	
0	57	441	244	92	121	793	129	1022	75	
44	0	90	511	132	83	241	315	702	856	
32	45	0	0	122	141	399	220	1023	992	
105	164	137	508	57	464	304	152	1022	61	
460	468	132	0	136	511	45	182	1010	30	
25	8	349	243	136	79	492	315	1023	304	
339	197	403	511	246	175	0	18	212	873	
29	0	90	182	132	207	313	323	675	1023	
29	0	105	311	132	79	233	1023	697	365	
44	0	353	182	155	91	233	285	1023	608	
44	0	64	326	155	79	233	1023	701	349	
216	236	217	33	0	216	107	603	1023	323	
76	274	38	60	27	53	278	882	1023	263	
15	374	19	511	137	15	0	993	60	850	
138	511	425	30	183	197	380	15	1001	94	

106	138	68	15	243	270	0	889	1023	0	
23	0	261	227	102	96	166	210	644	1023	
151	60	15	274	65	64	1022	732	0	369	
60	141	69	244	136	503	369	83	1023	124	
61	0	198	100	509	30	0	490	1022	342	
0	137	164	0	337	511	251	243	989	120	
33	0	174	231	102	94	223	270	602	1023	
25	0	170	175	305	140	508	225	1023	181	
511	126	182	0	60	45	379	193	282	974	
182	511	15	509	91	0	389	244	764	47	
34	120	15	31	430	137	552	411	1022	0	
0	183	152	0	76	304	0	910	105	1022	
17	0	154	160	102	79	159	1023	482	576	
122	304	502	272	69	121	156	61	1023	122	
0	8	319	159	61	0	79	1023	883	220	
23	0	171	231	179	79	162	244	640	1023	
0	0	143	213	0	205	1022	0	533	636	
19	76	181	167	102	109	228	210	637	1023	
511	190	506	244	0	90	129	60	938	84	
44	0	230	175	125	81	166	1023	603	305	
185	88	312	15	229	122	136	548	1023	94	
25	0	231	326	132	79	200	590	1022	147	 ***
508	227	19	159	0	60	373	383	1023	0	
79	45	381	122	79	73	220	585	1023	145	
91	0	184	175	171	139	565	227	1023	177	
122	53	374	0	511	154	246	286	1006	0	
0	4	394	77	0	120	0	825	1022	310	
64	248	425	4	0	90	133	574	1023	191	
77	0	177	171	170	91	223	210	1023	610	
0	60	411	374	498	304	0	1023	82	0	
122	38	61	137	212	125	61	651	1022	323	

23	167	125	198	4	0	140	196	1022	784	
122	160	136	8	186	143	34	1023	847	0	
138	183	120	0	151	511	60	502	904	90	
127	8	187	30	57	319	0	727	1022	182	
91	130	60	231	124	244	108	83	1023	565	
25	0	231	205	98	79	87	331	580	1023	
23	0	269	160	98	79	82	331	595	1022	
53	507	220	126	305	0	364	62	1022	0	
113	153	34	0	152	122	582	143	1022	338	
0	155	53	140	171	69	513	400	1023	135	
183	0	197	120	75	256	730	0	1022	76	
228	64	90	68	0	61	426	18	1023	681	
120	30	15	61	509	30	640	15	1023	216	
259	76	84	0	247	94	0	1022	877	0	
510	61	8	8	509	0	277	204	1021	61	
49	8	91	64	0	303	973	49	1023	99	
28	0	19	30	460	120	197	63	1023	719	
23	0	231	175	98	79	86	366	578	1023	
95	0	295	250	98	79	169	575	1023	75	
23	0	231	190	98	79	112	361	543	1022	
15	129	60	511	8	79	61	183	591	1022	
83	0	231	160	98	79	82	339	1023	564	 ***
8	263	426	0	195	137	64	541	1023	2	
363	65	115	64	252	368	194	215	1023	0	
476	511	80	102	303	15	60	0	1022	90	
183	0	137	21	80	189	0	324	703	1022	
364	8	0	212	30	61	124	267	1022	571	
30	181	69	145	120	485	0	212	1023	394	
23	0	231	319	117	79	184	606	1023	77	
0	45	511	380	60	111	236	141	1021	154	

105	83	108	68	42	166	594	0	1022	652	
83	30	145	10	30	244	242	126	907	1023	
394	0	126	25	38	125	233	823	1023	53	
46	117	151	4	156	23	952	0	368	1023	
136	0	55	0	0	353	1022	68	1019	187	
282	8	60	68	509	75	39	776	1023	0	
45	61	130	34	210	0	308	42	988	1022	
380	0	46	0	30	98	72	203	1023	988	
91	30	141	23	511	343	116	278	790	517	
72	282	50	19	68	0	30	471	825	1023	
170	511	4	0	304	30	510	38	1014	259	
15	0	424	511	105	0	105	668	943	69	
511	0	126	31	38	147	326	278	534	849	
113	120	510	0	0	0	274	92	1022	709	
0	143	4	374	380	72	61	60	723	1023	
312	0	126	23	46	79	1023	338	633	260	
60	0	126	23	118	79	1023	331	542	538	
120	60	30	45	149	465	0	0	1023	948	
60	0	134	37	98	79	660	1023	538	211	
511	0	244	135	222	8	61	320	922	417	
244	135	511	38	0	458	0	365	1021	68	
252	396	15	57	38	76	76	0	907	1023	
60	0	128	91	46	331	296	358	508	1022	
252	0	274	511	0	98	456	0	983	266	
453	64	87	31	0	511	0	556	1021	117	
98	0	511	46	282	79	60	308	470	986	
4	200	53	64	64	0	175	1023	1013	244	
304	60	8	95	42	0	810	224	274	1023	
511	30	134	25	38	94	371	278	474	885	
68	511	126	23	38	373	142	278	816	465	 ***
507	90	373	0	0	510	286	1021	53	0	
0	180	106	4	511	511	0	804	724	0	

23	510	30	120	252	479	0	0	920	0	
76	511	501	38	195	289	0	200	0	524	
0	501	261	15	30	488	8	0	986	45	
304	510	0	267	0	0	90	1011	152	0	
45	0	0	511	304	441	0	0	943	90	
0	0	0	501	319	156	0	8	327	1023	
113	511	274	0	313	45	90	988	0	0	
60	511	19	8	53	259	516	208	598	102	 ***
60	0	21	8	38	259	220	219	487	1022	
45	0	0	90	0	334	1021	0	570	274	
90	511	45	278	75	0	869	141	203	122	
60	0	15	130	30	259	190	144	483	1023	
60	511	0	45	364	8	152	920	0	274	
90	45	0	60	244	0	0	46	827	1022	
90	499	30	0	0	244	0	411	1015	45	
364	0	137	30	15	501	0	15	1020	252	
60	0	19	8	38	263	224	208	491	1023	
38	4	30	289	0	0	1022	0	951	0	
30	497	30	90	167	244	282	949	45	0	
23	511	19	258	182	0	199	282	737	123	
75	510	15	8	38	259	190	144	457	638	
60	0	19	8	38	259	262	208	457	1023	
0	486	0	510	289	30	1019	0	0	0	
49	511	210	65	90	60	565	189	595	0	
30	30	60	45	0	61	244	34	808	1022	
0	60	122	45	0	60	1020	0	1012	15	
0	510	152	274	60	327	0	38	935	38	
509	0	0	0	0	90	60	15	640	1020	
349	510	0	304	19	0	46	0	1023	83	
494	15	30	0	441	0	1020	0	30	304	
75	396	60	60	75	130	0	1020	518	0	
152	511	460	297	166	12	0	202	530	4	
510	0	0	30	30	45	0	700	1019	0	
456	38	0	0	0	0	0	53	764	1023	
0	0	0	60	0	15	972	0	1015	272	
259	511	126	34	383	79	471	0	334	137	
60	511	19	8	38	64	224	148	502	760	

30	301	98	0	30	0	1022	563	753	122	
98	0	244	511	0	259	0	541	274	992	
197	15	0	30	511	0	1010	771	0	385	
90	511	0	263	15	319	791	349	513	68	 ***
83	60	61	0	503	259	1023	312	505	113	
282	511	30	274	30	4	974	197	587	30	
334	510	488	244	0	75	1011	0	158	99	
62	8	15	0	289	503	1023	459	426	134	
0	510	289	158	0	381	821	245	240	275	
0	0	60	0	471	344	1022	0	0	1022	
244	135	30	61	510	0	616	381	942	0	
68	0	156	121	510	334	889	319	522	0	
193	0	252	304	15	30	1022	45	979	79	
0	83	248	456	15	90	317	1022	0	688	
16	274	30	15	0	61	1022	349	589	563	
244	242	0	61	46	0	980	1023	323	0	
0	45	282	259	317	0	1022	866	128	0	
0	30	0	65	75	334	1023	409	663	320	
304	510	408	140	271	297	701	288	0	0	
30	511	0	507	252	0	943	334	342	0	
304	349	395	0	15	16	1023	0	817	0	
350	244	122	511	0	244	30	60	1019	339	
105	90	252	445	0	90	1023	129	0	785	
0	0	60	305	0	282	1022	304	791	155	
507	60	121	510	0	259	1021	0	0	441	
15	0	126	45	0	511	812	0	511	899	
304	227	65	0	274	30	1020	0	488	511	
61	511	15	496	8	289	940	411	188	0	
90	16	244	244	30	320	1022	128	682	143	
30	45	122	60	151	60	1022	918	259	252	
38	304	259	0	38	259	1023	352	453	193	
259	510	259	0	456	46	1016	61	312	0	
304	404	0	75	244	511	803	334	244	0	
259	139	8	511	0	0	1023	731	139	109	
426	0	15	135	151	0	1023	244	259	666	
0	60	252	252	15	244	953	1022	91	30	

68	12	10	53	402	320	496	1023	334	494	
259	274	426	0	470	60	0	1023	700	0	
0	275	39	503	511	387	319	717	157	304	
4	274	92	304	8	244	1023	399	224	640	
113	21	259	0	374	60	289	1023	440	633	
244	511	507	0	500	0	819	159	472	0	
244	0	244	511	259	30	0	861	1003	60	
8	15	364	511	244	0	244	1004	548	274	
328	511	0	0	60	372	15	910	574	442	
0	338	8	259	511	312	389	650	441	304	
137	61	75	30	60	282	505	1023	842	197	
8	332	75	289	248	304	357	1023	257	319	
0	264	136	503	0	381	1023	411	190	304	
0	511	15	0	61	244	0	925	1022	434	
137	282	61	274	45	68	1023	931	143	248	
0	339	30	507	27	511	1000	60	410	328	 ***
244	312	0	128	54	60	811	252	328	1023	
73	331	46	271	23	304	1023	655	182	304	
8	271	61	349	30	76	331	1022	760	304	
80	64	289	105	244	16	1023	304	807	280	
25	271	8	320	45	364	319	1023	525	312	
511	248	304	312	102	289	137	992	0	317	
259	275	61	259	90	304	1023	410	197	334	
488	364	69	0	244	30	8	1021	0	988	
488	15	439	510	0	427	60	1021	0	252	
0	511	121	8	244	274	1017	0	658	379	
0	259	369	0	0	511	807	999	8	259	

120	0	244	95	122	358	1022	424	418	0	
60	45	260	475	61	244	1023	575	0	60	
495	496	68	90	0	163	1020	0	0	471	
0	354	30	278	4	511	980	0	479	167	
173	0	479	172	252	0	1023	0	605	99	
0	110	319	304	4	399	1022	402	197	46	
259	0	0	90	46	289	1006	30	60	1023	
433	0	0	60	60	274	1023	577	132	244	
0	511	274	34	61	0	16	15	1017	875	
61	297	51	453	402	380	1023	0	68	68	
0	23	0	252	135	189	1023	260	921	0	
53	343	135	432	68	0	1022	0	750	0	
403	503	511	38	15	0	0	0	328	1005	
60	304	68	244	366	75	1023	76	0	587	
0	0	0	511	244	68	0	638	320	1022	
51	15	388	334	90	244	1023	297	323	38	
135	252	61	488	0	153	1023	59	632	0	
511	244	511	0	0	60	91	0	898	488	
0	511	12	45	60	244	1005	181	60	685	
91	0	0	94	0	30	1022	973	334	259	
0	507	0	0	313	15	0	1011	862	95	
77	61	34	72	154	434	1023	244	121	583	
45	483	0	0	0	511	935	0	311	518	
0	15	316	339	95	8	1023	0	991	16	
0	267	496	61	45	0	1023	68	75	768	
501	45	0	75	61	0	1023	105	526	467	
0	95	75	278	248	365	1022	0	272	448	 ***
244	121	225	244	75	60	1023	141	670	0	
274	160	274	15	120	35	1023	0	305	597	
0	289	511	0	248	0	692	0	219	844	
319	60	0	274	91	505	1021	533	0	0	
488	511	0	481	0	365	0	867	0	91	
0	455	274	64	0	511	259	244	996	0	
511	282	0	456	83	0	842	137	0	492	
0	68	75	488	47	365	1023	464	197	76	
0	113	99	244	0	495	1023	252	57	520	
388	189	15	33	274	64	1023	68	689	60	
135	120	4	38	23	99	1023	488	492	381	

0	120	8	30	60	244	1018	60	944	60	
30	60	121	274	274	320	1018	0	349	98	
377	364	0	508	166	15	1023	0	0	91	
16	75	120	78	45	334	1023	853	0	0	
0	388	42	350	34	0	1023	113	594	0	
60	23	487	364	45	485	1020	60	0	0	
30	0	75	0	511	151	1010	305	30	432	
150	75	0	0	99	284	1022	730	184	0	
32	68	30	338	248	305	1023	0	394	106	
60	180	30	0	15	0	1020	791	121	327	
511	108	0	210	30	0	1017	0	0	668	
511	106	244	0	0	0	983	90	580	30	
304	304	91	60	30	32	1023	700	0	0	
120	511	274	15	0	60	991	106	467	0	
143	0	276	0	0	0	1023	567	0	535	
511	364	488	0	90	0	0	121	0	970	
0	98	75	278	250	365	1022	0	350	106	
60	30	90	244	244	90	1022	30	0	734	
90	511	0	305	30	15	61	30	518	984	
60	20	125	90	309	500	1023	158	259	0	
30	0	511	91	0	0	0	1000	488	424	
0	68	90	308	263	335	1023	0	351	106	 ***
90	75	53	248	0	61	1022	980	15	0	
115	30	0	304	60	0	1023	91	0	921	

398	140	0	491	0	4	1023	368	218	76	
0	79	75	308	381	328	1022	0	438	87	
64	90	38	441	137	0	815	110	0	1023	
0	68	120	308	385	309	1022	0	143	363	
8	79	220	189	304	158	1023	304	433	0	
75	0	251	0	65	256	1023	68	905	75	
45	30	488	0	75	121	835	105	1019	0	
0	209	117	312	274	328	1022	0	373	83	
434	0	45	0	8	75	0	1022	158	976	
0	472	0	15	30	0	90	1020	1016	75	
0	90	0	273	361	175	1023	0	666	130	
45	60	0	0	90	136	908	0	1023	456	
214	357	4	0	15	383	1023	375	106	241	
180	503	218	79	102	0	1023	0	129	484	
0	68	109	379	301	320	1023	0	211	307	
23	60	68	324	414	182	1022	422	0	203	
90	120	30	319	465	94	1023	144	0	433	
23	60	156	320	385	350	1023	0	318	83	 ***
0	194	248	381	380	60	1023	90	60	282	
135	64	99	0	323	34	1023	843	0	197	
0	8	83	308	263	309	1023	509	68	147	
498	45	148	398	0	0	546	0	60	1023	
267	150	433	125	0	75	1022	113	533	0	
349	4	60	30	136	15	144	0	957	1023	
0	68	90	353	263	469	1023	0	305	147	
0	49	505	184	472	170	1022	0	0	316	
0	68	68	304	289	309	1021	46	511	102	
262	297	0	263	342	246	1023	0	225	60	
30	0	75	133	113	287	1022	0	1020	38	
30	38	129	60	0	0	1022	126	866	447	
0	151	30	90	60	511	57	715	1014	90	
4	162	122	30	106	19	1023	353	778	121	
60	0	503	496	60	344	134	0	98	1023	
258	349	120	440	244	0	1023	122	113	49	
289	151	0	135	495	511	344	793	0	0	
99	150	229	491	118	0	0	608	1023	0	

183	338	0	274	304	150	1022	578	252	140	
305	334	4	304	30	68	1023	290	0	883	
0	331	501	1	470	0	1023	372	319	224	
8	60	128	316	396	380	219	526	1023	185	
8	53	478	387	366	434	1023	469	23	0	
213	23	185	507	30	319	1023	4	655	282	
274	45	45	511	64	90	492	925	307	488	
8	426	94	316	441	324	1023	0	129	480	
0	113	496	152	76	462	1023	30	93	796	
4	259	276	347	508	328	1023	325	171	0	
157	335	0	20	0	0	876	368	1023	462	
149	4	433	274	0	349	1023	134	623	252	
364	122	53	137	308	293	1021	0	848	95	
305	171	511	511	293	210	687	0	553	0	
23	60	118	350	503	320	1023	0	279	565	
256	128	170	0	19	511	1020	0	252	885	
31	95	434	38	2	0	1023	69	605	944	
60	34	270	248	487	372	1023	92	43	612	
0	160	105	248	0	34	1023	849	220	602	
45	264	60	131	381	61	1023	38	245	993	
8	184	94	376	389	320	1023	0	283	564	 ***
0	128	442	0	267	131	1023	79	487	684	
125	242	69	426	304	0	1022	0	150	903	
34	259	364	383	137	120	1023	263	414	244	
0	45	122	60	121	42	60	1023	1023	745	
362	15	90	0	306	0	1000	378	1022	68	
444	0	0	156	182	83	365	312	676	1023	
252	60	154	316	396	320	1023	0	463	257	
30	312	274	120	244	15	1023	64	904	255	
30	471	159	332	274	98	1023	0	587	267	
60	130	0	230	0	511	1023	106	548	633	
144	0	267	60	511	398	244	642	975	0	
312	60	117	320	297	320	1023	0	531	261	
358	0	131	382	0	353	1023	686	64	244	

