#10212.7	23408	29325	0	0	 97 
#9024.24	23593	29325	0	0	 76 
#10215.9	21498	29325	0	0	 67 ***
#8332.42	27476	29325	0	0	 67 
#8350.6	25527	29325	0	0	 64 
#10201.3	23537	29325	0	0	 42 

8111.17	22212	25246	67	2392	 100 
10104.3	18237	25246	43	2061	 99 
8201.9	21538	25246	78	2953	 98 
8666.59	21561	25246	76	2663	 98 
10087.4	22588	25246	20	717	 96 
10090	21449	25246	24	536	 94 
9290.22	19764	25246	47	2260	 92 
8896.03	19574	25246	59	2560	 92 
10089.7	21106	25246	34	790	 92 
8893.32	19310	25246	81	2730	 90 
10076.7	18580	25246	45	967	 87 
9490.71	22620	25246	46	1854	 85 
10087	23295	25246	26	729	 85 
10092.3	20182	25246	14	416	 82 ***
10076.2	19183	25246	45	1267	 79 
9282.82	19177	25246	71	2680	 73 
10092.2	21241	25246	15	405	 73 
9037.09	18820	25246	82	2913	 71 
9007.67	20606	25246	49	2309	 67 
10078.9	18829	25246	44	958	 64 
9281.63	19821	25246	53	2378	 62 
9298.33	18927	25246	49	2358	 60 
10098.4	17725	25246	61	2358	 45 
10082.7	20092	25246	41	939	 45 
9020.71	22958	25246	47	2084	 42 
10090	22223	25246	26	712	 42 
9477.46	17043	25246	75	2818	 41 
9007.99	18913	25246	79	2743	 40 
10084.1	23155	25246	35	983	 36 
10087.2	22408	25246	37	1268	 35 
10095.1	18998	25246	43	2299	 34 
9280.45	18276	25246	81	3133	 34 
10093	17795	25246	46	2451	 34 
10088.3	22279	25246	27	713	 33 
10089.6	22838	25246	19	656	 32 
10101.4	18417	25246	42	1818	 26 
10105.3	17520	25246	51	2590	 25 
9495.99	17835	25246	49	2255	 25 
9270.23	19195	25246	78	2589	 22 
9016.51	18328	25246	84	2990	 21 
8224.08	20494	25246	77	2809	 21 
8879.97	22966	25246	54	2492	 21 
8906.01	21019	25246	49	2232	 15 
9492.94	18001	25246	49	2455	 15 
8094.6	19430	25246	81	2675	 13 
10102.3	16733	25246	56	2491	 13 
9284.15	18474	25246	51	2434	 3 
10087.7	21149	25246	37	697	 3 
10106.4	18388	25246	41	1455	 2 

10158.1	16402	26494	46	2283	 98 
9328.42	16697	26494	47	2222	 97 
8261.39	24092	26494	75	2718	 91 
8478.74	19928	26494	80	2362	 91 
9539.24	17396	26494	13	434	 88 
10147.1	16667	26494	47	2251	 83 
10137.2	16203	26494	74	2799	 83 
8276.66	22172	26494	80	2848	 78 
10150.1	17139	26494	14	678	 45 
10151.2	16462	26494	49	2289	 44 
8464.4	20738	26494	79	2596	 37 
9532.94	19995	26494	40	1036	 36 
10139.4	18299	26494	11	385	 27 
8962.56	18176	26494	81	2743	 26 
9074.61	19043	26494	74	2589	 24 
8722.2	20385	26494	42	1920	 22 
9055.5	18348	26494	77	2879	 16 
9075.65	18407	26494	47	2182	 16 
8971	19428	26494	53	2401	 12 
9327.58	17182	26494	74	2675	 7 
10139.1	16115	26494	82	2887	 4 
10147.8	19309	26494	9	537	 3 ***

9667.7	15424	29672	37	1789	 100 
7789.94	14748	29672	75	2227	 98 
10269.2	18668	29672	15	422	 90 
8389.07	16308	29672	74	2884	 89 
8496.46	19368	29672	70	2121	 85 
10256.9	14188	29672	70	1988	 84 
9193.8	15362	29672	50	2467	 81 
10266.6	20616	29672	33	978	 78 
10278.6	17519	29672	9	548	 77 ***
9456.5	14875	29672	71	2373	 62 
10271.8	17494	29672	13	667	 62 
9666.83	14095	29672	76	2925	 59 
8855.3	16884	29672	63	2453	 58 
8860.94	16273	29672	46	2013	 58 
10271.2	16983	29672	14	664	 58 
9208.61	18288	29672	43	2020	 56 
10270.6	17156	29672	17	699	 52 
9201.33	14907	29672	61	2658	 51 
10267.9	17259	29672	16	455	 49 
9086.49	16741	29672	45	1722	 40 
10301.6	16743	29672	32	1062	 40 
10273.8	14378	29672	54	2546	 34 
9666.41	14205	29672	74	2694	 31 
10280.7	16832	29672	17	702	 31 
9458.48	15803	29672	45	1810	 30 
9071.89	15388	29672	53	2185	 28 
9464.39	14668	29672	42	1928	 28 
10277	13729	29672	42	2230	 24 
10274.4	13199	29672	77	2961	 23 
9082.76	16822	29672	44	1901	 22 
9472.69	14647	29672	76	2689	 21 
9457.09	16777	29672	40	1611	 20 
9461.27	15391	29672	45	1798	 19 
10273.3	14525	29672	40	1583	 10 
9089.26	14701	29672	73	2586	 1 

7069.55	16815	29293	64	2315	 98 
9055.69	11664	29293	38	1886	 92 
9522.68	11408	29293	37	1495	 89 
10134.8	10753	29293	41	1988	 88 
10117.3	10877	29293	63	2208	 87 
9525.76	11113	29293	38	880	 75 
8097.4	11217	29293	45	2109	 72 
9544.03	10022	29293	69	2545	 69 
8924.25	11188	29293	41	1801	 64 
9038.24	12633	29293	36	1977	 64 
9041.67	11022	29293	61	2258	 56 
7856.72	12228	29293	43	1708	 56 
9527.23	13129	29293	14	314	 54 
9522.89	15077	29293	31	860	 51 
9516.06	10277	29293	64	2513	 50 
8717.09	11957	29293	40	1656	 49 
8944.58	11822	29293	40	1698	 48 
10138.7	10763	29293	39	1747	 47 
9517.3	14614	29293	32	829	 46 
9067	12009	29293	36	1321	 45 
8970.61	10923	29293	65	2013	 43 
8699.44	11035	29293	69	2705	 42 
7916.35	12080	29293	66	2574	 38 
10119.9	10976	29293	41	2102	 37 
9522.86	11072	29293	47	2161	 35 
10128.2	14026	29293	11	390	 35 ***
8520.07	12006	29293	37	1510	 31 
8241.17	10989	29293	70	2661	 26 
9518.03	15190	29293	31	906	 25 
9525.23	12030	29293	34	1706	 24 
10133.4	12609	29293	15	329	 21 
9530.11	14835	29293	12	459	 17 
9328.24	10880	29293	67	2290	 16 
10123	10905	29293	43	2165	 13 
9523.75	14524	29293	31	860	 11 
8913.74	10274	29293	68	2675	 10 
10126.3	11670	29293	36	1574	 9 
8312.73	11980	29293	41	1650	 4 
10127	10965	29293	35	1752	 4 
9048.46	11973	29293	39	1629	 3 

8138.41	14309	27923	44	1571	 100 
10021.7	12560	27923	29	658	 90 
8034.59	12000	27923	60	1983	 89 
8163.78	13183	27923	55	1926	 87 
10023.6	10960	27923	40	1834	 86 
9228.08	11704	27923	43	1811	 83 
9217.67	14489	27923	34	1154	 78 
9228.53	10692	27923	58	1938	 78 
10023.8	11177	27923	38	1743	 78 
9432.8	10829	27923	42	1732	 76 
7883.09	12772	27923	56	2153	 74 
8336.38	10818	27923	60	2370	 69 
10024.5	12709	27923	28	643	 68 
9230.17	11268	27923	42	1655	 66 
8835.16	11404	27923	54	2107	 66 
10022.9	15263	27923	6	163	 63 ***
10020.2	13137	27923	36	1336	 57 
9436.03	11974	27923	39	1575	 56 
10017.7	11199	27923	40	1841	 52 
8403.61	12168	27923	38	1469	 52 
10026.6	12724	27923	8	215	 48 
10032.6	12264	27923	34	1080	 36 
7813.85	13837	27923	61	2159	 34 
9212.76	10612	27923	60	2167	 34 
10022.3	14220	27923	7	200	 33 
10008.3	14917	27923	30	902	 32 
8345.54	15176	27923	42	1563	 31 
9423.01	11607	27923	41	1452	 28 
10021.3	15074	27923	8	422	 27 
8610.14	13273	27923	37	1495	 26 
8934.04	11352	27923	57	2192	 25 
8844.65	10850	27923	58	2029	 25 
8036.43	11816	27923	56	1982	 24 
10025.9	10627	27923	37	1746	 24 
10043.1	11623	27923	36	1498	 17 
10022.8	11176	27923	39	1551	 11 
8951.13	15700	27923	36	1382	 11 
8945.6	11758	27923	41	1778	 8 
10023.1	14056	27923	8	208	 7 
10018.5	10274	27923	42	1792	 6 
8123.13	13412	27923	54	1885	 6 
9414.32	11198	27923	57	2207	 6 
10014.5	13219	27923	11	535	 5 
8953.23	12038	27923	40	1569	 4 
10012.4	13475	27923	28	643	 4 

8230.39	9270	23299	60	2064	 99 
7159.95	12016	23299	63	2308	 98 
9859.26	12970	23299	7	79	 94 
9858.98	12492	23299	11	152	 89 
9851.04	12909	23299	32	890	 81 
9851.55	11408	23299	25	629	 80 
7852.85	9286	23299	43	1680	 79 
9859.6	12702	23299	7	74	 78 
8768.82	8867	23299	49	1974	 68 
8444.34	11277	23299	42	1562	 62 
9859.38	13363	23299	5	63	 60 ***
9861.21	13048	23299	6	78	 59 
9856.45	10913	23299	39	1615	 55 
6184.29	12237	23299	58	1871	 54 
9857.79	10897	23299	40	1217	 54 
9860.57	11599	23299	19	368	 54 
7268.51	10561	23299	57	2146	 52 
9859.19	11103	23299	30	669	 48 
7691.45	10329	23299	64	2460	 47 
8179.09	12010	23299	41	1460	 45 
9044.44	10913	23299	41	1413	 45 
9054.88	9160	23299	42	1660	 43 
9850.88	13048	23299	31	906	 43 
9851.29	11477	23299	28	665	 41 
9858.88	12949	23299	9	104	 37 
9866.81	11999	23299	16	192	 29 
7452.38	11064	23299	54	2032	 20 
9860.61	10865	23299	38	1417	 18 
9255.29	11219	23299	39	1581	 17 
9859.65	13084	23299	6	78	 15 
9261.66	12977	23299	33	729	 13 
9845.39	12469	23299	35	1184	 2 
9858.19	9898	23299	41	1473	 2 
9851.05	11834	23299	28	625	 1 

8243.79	12510	22329	54	2292	 98 
7950.43	11560	22329	55	2179	 96 
9837.89	12638	22329	28	1061	 96 
8655.22	11373	22329	46	1995	 89 
9024.73	13393	22329	28	735	 86 
9833.75	14219	22329	22	703	 82 
8429.72	12397	22329	40	1779	 81 
8150.12	12635	22329	54	2224	 77 
8759.53	12935	22329	36	1414	 73 
9034.36	10110	22329	41	1725	 68 
8645.89	12763	22329	39	1810	 67 
8768.17	10510	22329	34	1330	 66 
7546.83	12700	22329	55	2269	 66 
8423.31	11953	22329	53	1785	 53 
9836	13688	22329	26	771	 47 
9029.49	13175	22329	32	834	 44 
9836.35	12657	22329	14	571	 43 
9834.72	13301	22329	30	1073	 37 
7697.28	12681	22329	58	2311	 33 
9835.76	14876	22329	16	538	 32 
8230.86	13351	22329	51	1981	 28 
9832.71	13006	22329	32	1372	 26 
7941.41	11850	22329	57	2333	 24 
8646.64	11556	22329	46	1877	 18 
8173.46	14882	22329	53	2214	 15 
8652.45	12016	22329	42	1852	 12 
9228.37	11332	22329	33	1071	 10 
8661.15	12884	22329	37	1584	 9 
8433.02	11746	22329	51	2027	 8 
9841.21	12455	22329	11	136	 7 ***

9311.66	14009	26894	63	1878	 99 
10119.6	13494	26894	39	1422	 98 
8920.35	14981	26894	39	1473	 98 
10126.6	14381	26894	36	1602	 95 
10115.7	16648	26894	30	935	 91 
9311.87	13664	26894	57	2098	 88 
9032.46	14552	26894	39	1630	 87 
10117.6	15592	26894	26	1008	 87 
9317.89	14777	26894	38	1583	 86 
10114.4	16105	26894	33	1312	 83 
10121.5	14544	26894	18	845	 78 
7968.51	15694	26894	63	2148	 76 
10124.3	13739	26894	37	1363	 70 
8447.34	15369	26894	64	2159	 68 
8452.64	15265	26894	34	1727	 68 
10133.4	14097	26894	30	909	 66 
8949.13	14566	26894	58	2072	 62 
10117	15726	26894	32	951	 61 
10119.4	16985	26894	15	557	 60 
8243.82	15440	26894	38	1464	 58 
8521.4	13330	26894	64	2304	 51 
10118.8	13581	26894	63	2243	 47 
10119.6	13438	26894	43	1736	 46 
10121.3	14863	26894	31	910	 45 
10116.3	15991	26894	16	543	 41 
10118.4	14924	26894	28	954	 39 
9330.27	14049	26894	37	1507	 35 
10111.6	15216	26894	35	1015	 35 
10126.1	14405	26894	32	730	 31 
10127	14218	26894	34	1044	 29 
10113.4	16196	26894	32	1024	 26 
10133.9	13111	26894	64	2275	 21 
9314.31	14284	26894	39	1575	 16 
9062.94	14234	26894	41	1700	 16 
9314.74	14041	26894	42	1619	 14 
10128.3	13947	26894	34	1282	 12 
10117	15377	26894	33	1461	 12 
9054.81	14202	26894	42	1864	 9 
10119.1	17412	26894	15	501	 7 
10119.1	13640	26894	60	1932	 5 
10121.6	14860	26894	4	375	 5 ***
9028.74	14931	26894	57	2067	 0 

9913.86	12262	24404	42	1870	 97 
9918.41	12237	24404	28	942	 95 
8300.93	11735	24404	49	1814	 94 
9918.9	12635	24404	27	890	 90 
9919.67	12437	24404	25	530	 89 
9918.35	11590	24404	41	1670	 85 
9128.07	13070	24404	26	782	 82 
8722.21	12360	24404	44	1908	 81 
9117.75	11747	24404	44	1769	 79 
8041.42	12907	24404	61	2366	 75 
9915.94	12741	24404	16	629	 74 
8722.25	11889	24404	48	1968	 72 
9917.84	12047	24404	30	669	 68 
9115.02	12587	24404	30	1157	 66 
9911.73	12500	24404	32	936	 64 
9114.3	11421	24404	63	2469	 62 
8863.29	11639	24404	59	2411	 60 
9916.72	12209	24404	32	1027	 54 
9909.88	12668	24404	19	857	 51 
9315.18	11308	24404	46	2311	 48 
9108.67	12055	24404	47	2082	 47 
9919.77	12032	24404	26	560	 47 
7661.71	12538	24404	65	2586	 46 
9922.02	12248	24404	16	361	 46 
9918.27	13026	24404	14	534	 41 ***
9914.97	11248	24404	69	2689	 39 
9919.82	11387	24404	29	638	 39 
9100.89	12347	24404	44	1777	 36 
8832.65	11529	24404	66	2458	 35 
9311.9	12805	24404	20	978	 26 
9920.55	11336	24404	45	1862	 25 
9920.97	12437	24404	15	359	 21 
9105.61	12589	24404	39	2187	 19 
8248.94	12486	24404	64	2217	 17 
9915.89	12479	24404	34	1029	 16 
9312.08	12293	24404	37	1301	 14 
9922.15	12021	24404	25	591	 10 

9873.43	11618	24831	65	2196	 100 
8795.45	14269	24831	24	830	 97 
8476.38	13876	24831	58	1868	 95 
9880.08	12755	24831	43	1691	 95 
8803.32	12887	24831	47	1799	 84 
9872.25	14510	24831	10	595	 84 
9273.87	12478	24831	55	1872	 81 
9870.48	12747	24831	49	1619	 79 
8789.77	14481	24831	25	847	 78 
8802.05	14806	24831	11	459	 70 
8486.82	13144	24831	56	1830	 63 
8795.5	12793	24831	59	2061	 61 
8685.35	13712	24831	43	1358	 61 
9270.89	13340	24831	15	914	 60 
8675.58	13075	24831	55	1784	 56 
8800.61	12998	24831	57	2014	 50 
9874.03	12019	24831	54	1761	 49 
9875.11	13003	24831	13	793	 46 
9878.43	12551	24831	49	1745	 45 
9273.19	14415	24831	11	653	 43 
8685.11	13996	24831	48	1799	 38 
9273.96	13071	24831	27	794	 35 
8467.16	14715	24831	60	2194	 31 
8240	13421	24831	61	1846	 30 
8790.55	12006	24831	62	2136	 25 
8492.46	14822	24831	55	1811	 21 
9059.87	13157	24831	41	1683	 20 
9874.45	14138	24831	9	643	 16 ***
9876.17	12792	24831	48	1821	 14 
9873.45	12165	24831	60	2162	 13 
9069.09	12255	24831	56	1845	 12 
9880.46	12741	24831	46	1642	 11 
9068.08	12716	24831	55	1692	 11 
8812.17	12793	24831	45	1505	 10 
8686.98	13028	24831	42	1419	 9 
9874.86	12743	24831	50	1859	 7 
9870.58	14161	24831	13	766	 7 
8796.07	13300	24831	22	609	 0 

9845.75	13529	23425	12	99	 98 
8647.2	15205	23425	45	1417	 92 
8454.76	13323	23425	66	2143	 92 
9847.31	13736	23425	10	83	 89 ***
9841.38	14116	23425	27	760	 88 
7623.9	13832	23425	58	1618	 83 
9838.61	14732	23425	27	760	 78 
9032.97	13006	23425	59	1769	 76 
8045.26	14101	23425	47	1369	 75 
9836.66	12980	23425	49	1804	 72 
9841.51	13410	23425	45	1280	 70 
9839.23	14478	23425	28	884	 69 
9843.87	12900	23425	14	151	 61 
9044.32	12410	23425	62	2105	 52 
9029.67	13995	23425	44	1581	 48 
7966.52	14031	23425	50	1552	 45 
7160.97	13613	23425	60	1840	 43 
9845.41	14335	23425	13	121	 36 
9832.55	13145	23425	47	1392	 31 
9044.03	13097	23425	50	1741	 29 
9848.46	13364	23425	13	161	 27 
8645.49	13149	23425	47	1684	 26 
9857.19	12731	23425	51	1537	 12 
9839.32	13524	23425	29	888	 4 
9838.89	14514	23425	27	762	 3 
9839.14	12370	23425	59	1861	 2 
9840.32	14822	23425	26	741	 0 

8650.31	15571	23944	52	1884	 100 
9847.21	16828	23944	25	744	 97 
9842.89	15423	23944	49	1775	 96 
9846.92	15400	23944	26	745	 95 
7581	17066	23944	71	2337	 94 
9842.22	16735	23944	45	1740	 91 
9830.03	15000	23944	62	1985	 90 
9841.6	16863	23944	24	729	 86 
9857.05	14782	23944	63	1850	 84 
9840.21	17240	23944	25	955	 78 
9846.5	16068	23944	26	748	 77 
9846.16	16322	23944	26	748	 73 
9852.95	15164	23944	43	1529	 72 
9847.87	16552	23944	6	59	 72 
8439.04	17582	23944	61	1815	 64 
9848.65	15862	23944	25	741	 63 
7865.99	17013	23944	65	2116	 61 
9848.31	16556	23944	5	44	 57 
9843.13	16370	23944	45	1386	 55 
8180.57	16918	23944	69	2196	 54 
9842.23	17870	23944	20	668	 52 
8161.13	17144	23944	64	2093	 51 
9844.25	17158	23944	23	710	 50 
9841.72	17173	23944	21	668	 42 
9848.17	14993	23944	71	1990	 41 
9248.45	16302	23944	46	1531	 41 
9847.6	16238	23944	8	61	 37 
9850.97	16002	23944	16	529	 29 
9853.81	14991	23944	62	1823	 27 
9848.47	16330	23944	4	37	 27 ***
9842.93	16667	23944	45	1070	 26 
9848.73	16055	23944	23	725	 21 
8658.28	17034	23944	50	1583	 19 
8658.47	16556	23944	48	1181	 18 
9842.5	17188	23944	19	646	 12 
9841.27	17704	23944	21	676	 10 
9053.81	15741	23944	50	1806	 9 
9847.45	16747	23944	7	89	 9 
9840.06	16774	23944	28	760	 4 

8935.24	11968	25835	59	1415	 100 
9201.63	15881	25835	29	746	 95 
10021.2	15332	25835	40	1213	 87 
10025.5	15609	25835	6	177	 86 ***
8933.73	13584	25835	48	1309	 80 
9206.61	15429	25835	44	1282	 68 
10020.3	12634	25835	47	1624	 67 
8959.49	16423	25835	45	1300	 64 
8828.53	16354	25835	52	1652	 61 
10023.9	13841	25835	42	1533	 45 
8844.29	15604	25835	68	1671	 33 
8030.83	16486	25835	63	1633	 31 
9214.58	17144	25835	19	583	 31 
10043.3	12434	25835	56	1311	 27 
8852.13	15981	25835	60	1564	 27 
10030.6	14808	25835	39	1445	 27 
8847.11	16095	25835	61	1538	 25 
9221.45	15649	25835	15	628	 17 
10028.7	13291	25835	46	1607	 11 
8860.53	13559	25835	69	1702	 8 
9425.76	15409	25835	11	440	 5 
8845.4	14485	25835	63	1676	 2 

10174.1	16996	27228	45	1498	 88 
7287.25	12425	27228	56	1635	 80 
9557.83	17002	27228	24	693	 58 
9548.11	18244	27228	22	1131	 53 
8739.9	14274	27228	46	1415	 49 
7204.46	14046	27228	65	1667	 47 
9548.89	17923	27228	29	964	 22 
9554.43	17762	27228	6	368	 21 ***
10163.9	17750	27228	22	919	 9 

10194.3	14759	26361	70	2732	 99 
9567.56	16590	26361	54	2156	 95 
10172.2	17881	26361	5	328	 86 
9558.24	18553	26361	21	848	 83 
9571.26	18264	26361	3	95	 80 ***
9567.17	18826	26361	9	680	 76 
9104.67	12052	26361	72	2469	 74 
8282.95	17979	26361	55	2393	 69 
10183.8	14543	26361	71	2656	 67 
9360.87	18683	26361	54	2396	 67 
9564.65	17767	26361	14	236	 67 
10156.6	14935	26361	70	2767	 64 
10168.4	15558	26361	62	2269	 61 
10174	16003	26361	61	2507	 58 
9564.9	19492	26361	10	210	 55 
9571.55	16627	26361	53	2358	 54 
9561.18	18797	26361	18	824	 48 
8737.34	16287	26361	55	2159	 43 
10177.9	16203	26361	52	2410	 39 
9384.4	15567	26361	63	2587	 39 
10170.7	17592	26361	7	576	 37 
9102.28	15078	26361	71	2715	 36 
9557.51	18250	26361	22	919	 32 
9563.71	18327	26361	19	345	 30 
9567.72	18561	26361	5	583	 28 
9561.86	18330	26361	20	390	 19 
9368.35	17739	26361	53	2206	 17 
10171.5	16811	26361	51	1930	 9 
9076.25	13806	26361	73	2496	 8 
10197.4	14583	26361	61	2437	 1 

7821.65	12408	28254	46	1866	 100 
9495.29	15997	28254	26	940	 98 
9017.1	12076	28254	68	2138	 97 
10095.9	12964	28254	44	1934	 92 
8410.87	13315	28254	42	1785	 83 
8683.78	12345	28254	48	1963	 80 
9492.14	17692	28254	24	931	 80 
9501.84	17055	28254	18	759	 79 
9291.93	12133	28254	67	1931	 78 
9310.48	11892	28254	59	2287	 74 
8900.8	12279	28254	49	1777	 74 
7589.57	11763	28254	69	2063	 68 
9492.49	16096	28254	37	878	 67 
10110.3	12065	28254	48	2131	 65 
8684.27	12207	28254	65	2026	 63 
9492.4	17297	28254	25	911	 59 
7000.9	13206	28254	65	2037	 55 
10094	16175	28254	25	943	 55 
9315.67	12131	28254	58	2230	 53 
9499.39	17564	28254	20	420	 48 
10107.5	14066	28254	41	1570	 45 
9507	17096	28254	13	520	 35 ***
8101.82	13040	28254	45	1854	 30 
10104	13152	28254	43	1594	 15 
9507.71	16672	28254	17	703	 14 
8090.89	12214	28254	51	2144	 10 
7610.1	13279	28254	43	1682	 10 
9299.27	12326	28254	45	1679	 8 
9499.64	18199	28254	14	751	 6 
7226.72	12631	28254	69	2076	 2 
10090.5	12137	28254	45	1755	 0 

9263.72	13882	27773	54	2132	 95 
8883.49	12772	27773	64	1520	 94 
9273.12	12650	27773	61	1996	 90 
8998.28	13016	27773	58	2228	 90 
10076.7	11375	27773	55	2220	 87 
9478.07	16117	27773	19	869	 85 
9480.88	16056	27773	22	901	 84 
8086.91	13083	27773	56	2272	 83 
9265.78	14117	27773	52	2123	 83 
9478.69	12483	27773	55	2291	 83 
8399.16	12793	27773	60	2388	 81 
9266.58	13013	27773	56	2275	 81 
10075.9	12072	27773	57	2335	 80 
6993.44	11761	27773	67	1490	 80 
9287.03	12620	27773	61	2042	 75 
9264.01	12996	27773	57	2336	 74 
9463.1	13721	27773	55	2306	 63 
9477.74	15790	27773	23	881	 58 
9495.26	16347	27773	13	243	 56 
9477.44	16171	27773	22	901	 54 
10068.6	11703	27773	69	2311	 46 
9485.89	16882	27773	11	477	 37 ***
9279.55	12920	27773	56	2264	 35 
8903.71	17432	27773	54	1678	 33 
9020.84	12398	27773	62	2049	 17 
8379.32	12675	27773	66	2070	 15 
9474.66	12856	27773	52	1822	 14 
8999.8	13755	27773	55	2169	 6 
9488.96	16662	27773	12	154	 5 
9487.49	12331	27773	61	2154	 2 

8953.92	12485	24667	46	1456	 95 
10016.9	9228	24667	46	1180	 93 
9441.41	12829	24667	19	783	 90 
8940.14	10214	24667	49	1343	 89 
7805.99	9570	24667	57	1733	 82 
8832.92	11866	24667	49	1795	 81 
9204.08	10000	24667	48	1299	 77 
8610.22	9864	24667	55	1928	 76 
10028.4	12980	24667	17	547	 76 
9205.15	10089	24667	44	1224	 73 
9227.84	9695	24667	51	1685	 70 
8622.4	9725	24667	56	1720	 70 
9432.99	13812	24667	13	455	 70 
7606.65	9964	24667	50	1808	 69 
9411.54	9765	24667	47	1291	 69 
9432	13358	24667	17	841	 61 
9423.16	13362	24667	15	740	 59 
7859.08	9917	24667	54	1706	 54 
9427.78	13210	24667	21	879	 50 
9431.71	9617	24667	50	1838	 46 
8161.77	9814	24667	56	1667	 42 
8936.83	11117	24667	47	1339	 37 
9422.38	13295	24667	23	717	 36 
7535.46	8665	24667	60	2022	 27 
8143.96	9880	24667	54	1822	 24 
9434.9	13224	24667	15	492	 23 
9220.57	9478	24667	52	1602	 17 
9205.98	9915	24667	49	1299	 17 
10032.8	13029	24667	14	472	 16 
10042.6	13403	24667	13	317	 10 ***
7231.01	9584	24667	65	2018	 8 
7156.6	11538	24667	63	2113	 7 

6494.94	7179	20742	51	1547	 100 
7689.92	9702	20742	48	1722	 97 
8184.24	6658	20742	50	1325	 90 
6440.52	7520	20742	53	1877	 77 
6468.64	6996	20742	55	1428	 76 
6926.42	5882	20742	59	2044	 76 
6772.03	6740	20742	52	1751	 72 
9842.7	10868	20742	23	716	 71 ***
9212.6	9596	20742	31	921	 68 
6733.51	6801	20742	55	1766	 67 
9037.86	10255	20742	47	1707	 63 
9210.11	8512	20742	35	939	 60 
8165.88	7037	20742	51	1644	 57 
7322.84	6602	20742	52	1702	 57 
7149.96	6507	20742	53	1553	 51 
8157.43	6358	20742	55	1906	 50 
9212.64	9648	20742	29	913	 50 
5925.39	7259	20742	55	1563	 48 
8657.49	7427	20742	48	1371	 44 
9030.1	10651	20742	47	1514	 39 
9827.73	9810	20742	28	819	 39 
9212.72	9369	20742	30	917	 30 
5277.57	7280	20742	61	2115	 28 
8651.27	11111	20742	47	1677	 26 
9007.09	6171	20742	53	1599	 25 
7338.15	5710	20742	57	1597	 24 
8175.91	8693	20742	50	1297	 22 
7000.05	6501	20742	54	1724	 19 
7368.92	8794	20742	49	1415	 15 
7136.45	5971	20742	56	1972	 14 
7557.74	6444	20742	53	1440	 12 
8781.43	10800	20742	46	1665	 10 
6358.82	6425	20742	56	1903	 9 
5708.89	5965	20742	57	1770	 5 
6127.93	7113	20742	55	1854	 4 
8769.42	11282	20742	46	1828	 2 
9833.63	10384	20742	24	945	 2 

8439.76	8807	22469	40	1498	 96 
7553.2	8836	22469	58	1886	 93 
7561.57	9488	22469	41	1455	 91 
9464.49	12022	22469	16	325	 90 ***
9244.66	11127	22469	26	561	 87 
10074.9	10261	22469	28	1025	 83 
8189.5	10820	22469	32	1285	 82 
9238.08	12311	22469	27	665	 79 
8656.02	12501	22469	30	1148	 73 
5866.06	10043	22469	52	1588	 69 
8051.65	8948	22469	55	1726	 63 
8257.8	9367	22469	44	1342	 63 
9453.65	8574	22469	39	1449	 61 
8368.2	8689	22469	57	1826	 58 
9236.06	9149	22469	37	1102	 57 
7453.17	8952	22469	52	1653	 53 
7445.35	9831	22469	39	1475	 42 
8844.43	10582	22469	28	868	 40 
7802.09	12632	22469	36	1368	 38 
7452.66	11102	22469	38	1413	 35 
6987.13	10296	22469	42	1307	 32 
9250.77	8649	22469	53	1655	 31 
8168.94	10741	22469	37	1407	 26 
8037.37	10107	22469	38	1117	 23 
7107.59	9347	22469	53	1754	 21 
7548.39	8924	22469	59	1897	 20 
8172.45	9828	22469	38	1250	 19 
8867.64	9754	22469	35	1389	 13 
10053.3	11273	22469	24	534	 12 
10050.3	7837	22469	41	1483	 10 
9250.93	10397	22469	25	553	 9 
8072.28	9385	22469	46	1422	 8 
8267.94	10580	22469	37	1048	 7 
8441.63	9357	22469	37	1286	 5 
8639.25	8650	22469	44	1538	 5 
9456.63	7791	22469	51	1668	 4 

10141.8	9642	22941	46	1779	 98 
7074.91	9948	22941	55	2411	 92 
9548.42	11233	22941	32	960	 71 
10146	9345	22941	44	2045	 70 
9337.09	9359	22941	49	2275	 69 
7357.38	9926	22941	36	1834	 69 
8469	8323	22941	57	2348	 62 
9344.43	9253	22941	47	1845	 59 
8757.09	9806	22941	42	1974	 56 
9550.99	10490	22941	35	948	 56 
10145	9805	22941	45	1961	 52 
10150.7	11049	22941	33	901	 45 
8743.47	11407	22941	29	674	 44 
7655.94	9129	22941	53	2369	 37 
10149.1	9714	22941	37	1627	 27 
9550.45	12470	22941	23	651	 27 ***
9538.39	9101	22941	55	2424	 24 
10152.1	10541	22941	23	768	 24 
10144.5	11116	22941	32	908	 23 
10151.4	9709	22941	42	2000	 22 
10144.8	11117	22941	31	658	 22 
9093.85	9441	22941	47	2314	 17 
10149.8	11835	22941	27	642	 17 
8264	9517	22941	50	2337	 12 
8278.39	9460	22941	49	2333	 12 
8472.29	10656	22941	34	1598	 10 
7935.83	9867	22941	45	1755	 7 

8287.85	11272	21496	33	1930	 99 
9008.43	9294	21496	38	2048	 96 
7135.04	10467	21496	38	2021	 96 
8406.88	11439	21496	14	737	 90 
7612.55	10956	21496	37	2015	 86 
9491.63	11423	21496	17	750	 86 
8868.69	7251	21496	55	1856	 85 
8885.55	9352	21496	37	2059	 83 
8684.53	8376	21496	58	2278	 81 
9008.82	10502	21496	32	1414	 80 
7677.13	9710	21496	35	1690	 79 
7008.8	11986	21496	40	2028	 79 
7151.26	10440	21496	61	2280	 79 
9003.85	9325	21496	34	1522	 76 
7179.98	9425	21496	60	2268	 74 
10090.9	10058	21496	33	1731	 71 
8082.89	10354	21496	34	1462	 66 
7419.47	7775	21496	60	2309	 57 
9488.64	8763	21496	43	2137	 57 
8064.52	8829	21496	40	2082	 46 
7010.97	8885	21496	62	2309	 38 
10079.2	10456	21496	32	1691	 35 
6803.7	10646	21496	59	2132	 34 
8406.04	10909	21496	31	1733	 29 
8679.23	9362	21496	38	2098	 28 
8678.31	9419	21496	35	2005	 26 
8401.06	12084	21496	12	401	 26 ***
8901.98	10397	21496	33	1694	 24 
9004.61	10139	21496	33	1798	 24 
6794.96	10715	21496	60	1935	 23 
7212.63	9853	21496	39	1842	 22 
6538.35	10667	21496	62	2422	 21 
7493.88	9188	21496	56	2239	 16 
7614.9	9793	21496	52	2091	 14 
9482.66	10839	21496	23	615	 14 
8669.81	10514	21496	29	1420	 12 
10100.3	10386	21496	32	1780	 8 
10091.2	10474	21496	31	1707	 7 

9401.5	8199	21882	29	1788	 100 
8924.25	10053	21882	12	475	 98 
7259.49	10086	21882	31	1780	 92 
7729.14	9148	21882	34	1785	 90 
7397.11	12488	21882	30	1445	 90 
7733.71	10051	21882	30	1468	 87 
8582.85	8580	21882	34	1470	 85 
7401.76	10518	21882	27	1625	 84 
8922.5	10911	21882	8	421	 84 
8389.28	9950	21882	28	1780	 81 
6447.94	8510	21882	50	1978	 70 
7594.15	7449	21882	50	2042	 67 
7732.78	9541	21882	31	1656	 60 
8019.44	9123	21882	47	1881	 56 
5892.39	9747	21882	33	1771	 55 
6249.13	8197	21882	58	2135	 55 
8324.59	11334	21882	8	451	 45 
8915.91	8841	21882	28	1225	 40 
9404.55	6945	21882	53	1572	 35 
8807.3	11322	21882	25	1482	 29 
6708.37	6771	21882	62	2226	 17 
8323.7	11467	21882	7	391	 15 ***
7994.45	9396	21882	30	1709	 8 
7497.47	10091	21882	27	1409	 1 

8754.2	12596	24549	24	1653	 97 
8470.29	13604	24549	19	594	 96 
8249.49	11387	24549	55	2001	 93 
8468.43	13882	24549	18	534	 93 
8959.25	12421	24549	27	1641	 92 
8745.02	12607	24549	26	1642	 90 
8144.13	11959	24549	49	1800	 88 
8475.96	13424	24549	15	496	 84 
7648.54	11949	24549	62	2344	 80 
8139.99	11147	24549	62	2292	 77 
7867.83	12271	24549	30	1677	 77 
7654.32	11506	24549	51	1908	 74 
9343.87	13365	24549	23	1360	 73 
8274.28	12858	24549	24	1619	 66 
8468.51	13830	24549	13	443	 65 
9069	10977	24549	29	1752	 61 
9071.14	11487	24549	26	1312	 57 
9077.09	14298	24549	11	428	 56 ***
9566.37	11982	24549	25	1496	 55 
8263.49	11789	24549	29	1767	 51 
9543.13	13761	24549	13	588	 51 
7453.14	12580	24549	59	2055	 49 
8165.94	12753	24549	29	1786	 46 
9058.4	11035	24549	59	2092	 46 
8468.89	13831	24549	12	495	 45 
7398.04	13248	24549	30	1819	 40 
9548.81	12311	24549	13	225	 34 
8479.34	12750	24549	24	1168	 31 
8465.8	12185	24549	28	1681	 26 
8520.32	11440	24549	30	1693	 21 
9549.87	10081	24549	59	2061	 11 
10152	11543	24549	25	1383	 8 
8464.62	11312	24549	60	2314	 6 
9364	13095	24549	23	1184	 4 
7284.18	14193	24549	55	2190	 3 
7077.51	12711	24549	58	2031	 1 

9674.72	10437	25922	40	1797	 100 
9180.69	10576	25922	41	1634	 95 
8870.12	10550	25922	42	1810	 94 
10264.8	11170	25922	33	1020	 94 
9083.17	10894	25922	37	1416	 91 
10272.2	10851	25922	35	1618	 84 
10262.2	9162	25922	68	2499	 79 
9187.8	11234	25922	16	549	 79 
9661.49	10183	25922	42	1776	 73 
9076.58	10673	25922	40	1326	 73 
8033.64	9808	25922	58	2076	 70 
9459.9	10441	25922	36	1658	 69 
9190.76	10985	25922	36	1685	 66 
8007.49	11683	25922	61	1769	 61 
9184.36	11856	25922	12	399	 57 
8375.96	10527	25922	49	1930	 54 
9454.2	10996	25922	34	1560	 50 
10263.1	10132	25922	40	1471	 47 
8848.68	10012	25922	46	1934	 47 
10255.6	10371	25922	37	1701	 41 
9184.88	11731	25922	11	151	 38 ***
8856.45	11566	25922	37	1644	 35 
8374.33	10711	25922	38	1547	 35 
10279.9	11048	25922	33	1464	 35 
9646.95	9343	25922	65	2401	 32 
8647.47	10018	25922	49	1971	 26 
9053.38	9363	25922	59	2261	 24 
9193.78	11247	25922	14	459	 23 
10267	9437	25922	39	1786	 22 
9200.32	10838	25922	37	1493	 21 
8842.74	10067	25922	44	1833	 19 
8468.99	9780	25922	64	2397	 13 
9197.33	11727	25922	12	451	 9 
8858.25	9535	25922	43	1891	 1 

