#511	0	52	0	0	396	643	1010	123	995	
#511	4	187	416	286	373	1023	861	69	0	
#73	350	511	387	15	0	58	1003	922	411	 ***
#23	64	317	511	509	244	1018	92	0	952	

77	335	156	265	15	0	1023	412	678	426	
112	496	130	152	290	8	1023	358	818	0	
143	0	0	511	389	61	452	887	273	671	
216	221	16	343	380	500	425	263	1023	0	
331	320	282	171	126	111	289	1022	735	0	
80	198	30	270	271	323	640	553	1022	0	
69	335	30	403	15	0	1023	197	904	411	
68	246	511	320	30	19	503	1023	370	297	
107	358	38	263	34	0	233	1021	922	411	 ***
510	134	0	267	511	86	0	671	280	928	
425	0	157	0	278	264	742	172	1023	326	
77	302	90	508	95	511	312	981	511	0	
205	402	87	137	267	511	582	477	719	0	
85	335	30	511	137	0	275	422	678	914	
267	228	511	267	8	217	439	905	286	259	
313	30	256	73	91	49	650	902	1023	0	
249	152	223	130	320	511	1022	332	137	311	
316	396	53	232	130	511	16	1023	710	0	
99	274	30	391	31	0	205	1023	862	472	
72	36	207	434	126	408	1023	677	404	0	
175	0	187	23	0	83	1023	909	976	11	
364	76	24	396	130	511	659	507	720	0	

99	358	38	286	293	0	304	1021	885	167	 ***
136	278	190	0	511	145	870	1008	313	0	
0	412	197	390	293	75	1023	842	0	219	
0	39	174	323	399	19	0	1023	499	975	
99	480	160	323	27	0	304	1021	862	175	
99	213	381	281	464	132	0	1023	537	321	
114	388	8	271	79	0	196	419	1023	953	
99	366	297	323	19	0	228	226	870	1023	
121	190	491	0	507	0	23	1023	419	677	
99	388	305	323	19	0	511	1021	618	167	
99	366	38	263	109	0	404	227	922	1023	
70	409	38	191	411	72	771	466	0	1023	
99	366	38	278	19	0	480	1022	922	227	

282	176	511	231	395	305	404	1017	34	166	
99	448	38	286	400	0	282	474	1023	471	
30	80	366	380	38	342	102	1021	220	942	
411	53	105	91	91	137	641	1022	970	0	
177	404	274	163	220	73	1023	0	289	898	
281	168	427	53	328	4	422	1023	815	0	
99	186	42	380	278	91	406	1021	340	678	
31	144	106	498	141	476	162	1023	556	384	
99	488	38	287	278	0	275	332	1023	701	
69	477	0	461	105	357	1021	487	132	412	
301	511	213	369	262	0	0	1002	531	332	
242	160	430	244	16	69	1020	618	593	129	
426	405	159	388	160	31	0	1020	669	263	
75	511	0	196	4	511	252	956	0	1016	
106	61	64	274	471	75	1022	320	122	1006	
415	289	243	99	213	457	1023	545	237	0	
511	149	129	494	441	0	626	65	1023	83	
251	182	314	289	282	0	0	213	1023	967	
167	334	30	304	253	385	355	1023	0	670	
274	411	105	511	256	159	700	1014	91	0	
236	228	40	396	0	511	467	892	0	751	
72	8	300	471	91	46	0	1020	996	517	
227	0	69	511	461	105	899	900	0	349	
99	236	102	301	263	0	1022	219	945	334	
197	156	282	91	68	137	514	1023	782	271	
297	0	57	501	362	146	0	949	1023	186	
91	343	94	53	434	15	166	1022	283	1020	
99	418	38	320	293	0	342	1021	579	411	 ***
113	0	320	484	426	30	877	0	1023	248	
99	358	38	511	400	0	896	281	656	282	
130	312	76	404	388	27	130	1023	431	600	

91	342	38	312	95	0	320	1023	362	349	
137	60	38	419	445	122	354	1020	196	141	
91	342	511	312	34	0	640	332	335	335	
30	190	236	319	0	126	304	1020	257	450	
151	342	99	312	34	15	331	1023	366	259	 ***
91	342	98	388	66	0	244	330	350	1023	
159	49	183	135	23	0	342	0	1020	1021	
394	57	137	126	68	15	799	1021	195	120	
152	402	38	313	49	0	256	1023	365	334	
244	141	511	143	102	4	30	995	153	609	
91	357	38	373	34	0	304	346	1023	366	
199	0	64	0	511	0	160	27	996	975	
244	60	0	411	105	15	94	0	1022	981	
152	23	46	511	425	0	367	965	443	0	
152	73	0	60	349	0	8	994	1023	273	
0	4	372	126	403	333	252	1020	144	278	
61	129	346	239	221	75	0	1023	578	260	
509	380	76	0	15	212	0	1021	644	75	
0	141	345	90	274	504	1021	72	88	397	
64	60	45	0	258	0	547	34	902	1022	
91	327	69	373	34	0	319	1023	335	361	
0	347	411	0	61	0	751	304	38	1020	
91	357	159	312	65	0	256	1023	335	334	
149	145	160	91	64	83	561	1023	353	303	
15	487	15	279	19	427	1021	121	0	548	
0	325	38	242	271	0	804	95	136	1021	
106	220	38	511	34	0	516	852	335	320	
108	357	38	342	34	0	1023	436	335	259	
91	372	38	342	34	60	244	1021	411	319	
4	289	0	152	76	0	83	1005	302	1021	
15	60	137	263	319	0	301	1021	345	471	
91	342	38	372	49	0	362	1023	335	320	
220	0	182	297	213	87	397	1020	0	516	
15	495	0	0	182	60	304	1023	658	195	
511	84	243	45	0	53	989	8	0	999	
91	342	38	342	34	0	334	393	335	1023	

410	175	455	38	79	84	320	1021	105	83	
136	454	218	156	0	0	95	369	1023	319	
120	38	129	338	45	45	364	1022	288	381	
210	8	159	327	34	45	339	1023	366	259	 ***
30	158	274	60	79	60	845	1023	165	76	
45	274	53	0	91	165	784	336	0	1022	
0	0	121	166	90	90	45	1023	961	274	
76	34	0	410	135	105	0	1023	194	793	
455	98	136	94	8	0	282	1023	211	463	
30	501	150	0	4	120	259	1023	487	196	
60	91	439	151	0	34	45	1023	851	76	
211	75	30	511	0	166	1017	379	381	0	
196	8	69	353	90	60	274	1021	395	304	
19	478	75	75	0	90	195	1022	816	0	
196	38	99	308	120	30	259	1021	303	396	
27	488	75	463	0	96	477	1023	121	0	
240	53	99	312	64	15	327	1021	395	244	
135	83	144	312	64	45	289	1021	365	312	
4	135	75	90	150	61	289	1021	152	793	
30	65	188	246	352	399	0	1023	343	124	
0	129	15	319	30	0	75	972	208	1022	
200	45	511	136	409	502	907	60	0	0	
68	199	426	30	372	60	434	1023	158	0	
75	15	0	481	241	0	342	1023	563	30	
61	135	312	151	150	282	34	1022	488	135	
511	0	144	316	90	15	289	706	380	319	
181	23	83	312	49	60	312	1021	363	366	
166	0	45	102	75	204	999	1021	158	0	
151	83	99	308	30	30	379	1021	380	289	
495	259	502	226	90	511	91	0	596	0	
120	90	122	90	0	135	410	1022	736	45	
349	95	135	61	150	90	852	1023	0	15	
120	206	4	365	158	218	372	1023	304	0	
511	190	422	79	259	162	0	921	226	0	
60	121	98	323	135	61	68	1022	784	98	

248	0	129	308	30	50	404	1023	244	244	
471	0	60	79	90	106	477	92	1023	282	
121	99	139	87	272	34	387	1023	0	518	
30	30	75	60	61	107	60	321	1023	913	
15	76	30	45	0	511	0	653	1016	334	
45	60	8	15	274	211	15	201	1023	828	
76	30	121	60	105	0	30	976	1023	259	
175	30	136	170	217	98	343	1023	488	0	
135	364	0	76	103	0	640	1023	245	94	
454	8	144	316	511	45	653	366	183	0	
15	364	0	501	181	511	0	729	120	259	
30	244	0	511	91	90	653	1016	0	45	
210	8	133	312	19	45	442	1023	244	244	
210	8	129	310	19	45	152	365	419	1023	
511	15	60	167	75	135	15	986	457	259	
30	305	90	15	30	30	45	1021	151	963	
210	8	129	308	15	64	99	1023	457	367	
366	79	60	69	201	75	381	1023	0	426	
138	75	274	409	42	511	0	1019	106	106	
15	501	2	91	109	113	0	1023	826	0	
0	120	113	30	243	49	31	1023	293	778	
305	15	60	0	0	511	150	578	1016	45	
30	15	91	0	319	30	905	1018	105	167	
368	0	15	125	61	107	143	1023	129	709	
60	0	166	45	0	30	950	411	1018	0	
165	168	350	166	0	274	383	1023	0	151	
214	8	99	312	19	60	396	366	183	1023	
45	0	402	164	0	76	404	1023	190	376	
61	45	15	61	60	45	121	1023	975	274	
105	244	411	0	511	166	68	76	92	1007	
135	511	45	358	368	268	0	561	0	434	
210	23	129	312	23	45	427	1023	244	244	 ***

511	34	135	235	274	248	1000	0	136	0	
211	57	136	511	38	49	65	492	213	801	
195	28	140	274	12	109	61	503	228	1023	
214	27	125	278	38	45	313	1023	251	259	 ***
109	79	15	511	15	150	0	1021	654	19	
184	27	95	304	10	45	278	337	270	1023	
45	75	304	60	98	79	349	1023	414	126	
225	27	91	274	12	45	201	1023	431	244	
511	15	60	90	34	49	976	200	364	274	
139	15	167	30	282	64	94	1022	760	0	
0	30	79	308	120	94	1022	0	826	94	
321	79	68	34	511	60	1012	0	488	0	
199	23	95	278	8	90	335	1023	259	263	
184	24	97	339	6	60	1023	295	228	317	
184	27	91	279	8	120	1023	319	228	294	
199	42	106	274	10	49	259	436	175	1023	
264	0	434	155	124	64	228	1023	213	68	
278	357	30	152	34	0	30	1023	424	245	
45	4	244	121	135	95	19	1021	765	124	
180	27	136	297	4	49	340	1023	273	244	
242	0	135	459	94	114	156	1023	0	350	
380	53	511	8	90	90	425	1016	0	0	
180	23	122	286	19	79	1023	441	156	244	
120	0	34	0	79	197	323	1022	753	45	
94	0	158	30	136	274	0	1023	760	98	
61	15	0	323	15	19	19	1021	124	976	

274	401	106	278	0	105	1023	338	205	313	
396	143	73	30	364	185	339	1023	328	162	
404	27	106	278	0	358	379	1023	190	278	
75	60	91	87	151	511	367	105	658	938	
229	109	357	322	45	365	15	1023	301	277	
184	34	106	156	68	75	597	287	1023	513	
199	19	76	308	31	46	558	520	1023	263	
275	89	106	511	0	45	317	396	294	1010	
210	511	120	42	319	0	164	0	1005	672	
222	27	106	34	8	394	399	1023	556	274	
222	35	198	511	0	113	293	807	220	644	
361	60	178	0	0	53	420	1023	293	655	
30	234	126	456	15	362	226	304	267	1023	
125	45	49	15	0	76	188	761	761	1023	
46	124	120	491	511	57	350	858	60	426	
222	27	166	278	0	45	236	646	1023	400	
488	242	105	485	334	174	0	192	1023	0	
229	35	206	278	34	45	400	1023	190	603	 ***
0	15	113	388	75	385	735	1023	113	196	
61	307	8	0	293	45	135	1023	154	1017	
214	27	180	286	0	511	323	460	693	349	
302	334	60	321	240	304	0	232	1023	227	
214	303	106	34	9	167	186	578	423	1023	
214	42	106	346	0	90	308	401	1023	513	
105	34	27	394	511	15	188	1004	128	637	
60	60	137	184	72	102	385	1023	1020	0	
184	27	136	308	0	143	1023	400	426	396	

34	61	30	301	126	165	1023	0	381	772	
225	27	206	308	0	106	125	1023	332	541	
214	27	511	278	15	45	748	317	197	541	
319	90	472	487	180	87	1022	141	95	0	
0	9	19	106	117	372	0	562	1023	685	
222	35	206	278	0	63	126	606	334	1023	
357	0	55	143	441	145	244	303	1023	182	
291	511	60	57	0	511	1004	0	240	219	
91	350	309	75	198	100	180	1023	567	0	
0	131	440	0	99	45	118	1023	486	551	
60	291	406	364	83	79	0	1023	323	264	
290	35	206	293	0	60	95	281	1023	610	
167	23	428	365	0	155	230	1023	198	304	
290	27	221	293	0	55	247	1022	75	663	
229	27	206	278	0	53	95	441	1023	541	
225	27	206	60	0	60	431	259	1023	602	
229	27	206	278	0	55	1023	332	111	632	
252	27	236	278	0	63	126	271	617	1023	
229	42	206	34	0	75	400	854	30	1023	
16	121	151	105	278	38	628	1023	137	396	
42	0	359	57	121	257	647	0	387	1023	
49	362	334	32	19	458	460	1023	156	0	
407	95	0	78	64	379	166	1023	477	204	
274	35	206	278	0	47	577	271	182	1023	
135	417	72	105	0	55	404	1023	228	454	
94	163	106	0	394	267	230	1023	220	396	
202	27	221	278	0	55	103	374	1023	610	
136	121	64	169	274	485	1022	509	113	0	
267	88	221	278	138	45	247	1023	45	541	 ***
297	484	383	0	78	477	0	1023	75	76	
60	0	0	507	380	212	446	1023	16	249	
199	27	511	248	0	32	72	287	1006	511	
244	35	268	278	0	47	1023	275	182	541	
78	429	30	96	425	272	235	30	275	1023	
200	57	206	278	0	55	79	431	1023	564	
94	118	23	225	45	511	368	1023	259	227	
49	60	114	318	497	289	1023	211	332	0	
229	111	206	278	0	55	125	279	1023	587	

225	88	221	21	20	38	178	1023	449	297	
197	88	137	34	20	49	308	342	362	1023	
252	77	181	0	190	511	0	611	354	384	
209	511	485	0	265	92	0	46	297	655	
48	107	36	297	68	226	357	1023	278	120	
355	92	99	38	75	53	343	398	84	1023	
368	155	74	191	90	53	0	1023	282	324	
196	88	103	213	23	82	139	374	319	1023	
0	98	128	511	134	295	343	770	281	0	
511	174	75	5	97	30	49	380	933	306	
280	201	77	119	20	147	0	1023	328	365	
72	30	109	99	319	121	1023	213	574	0	
75	91	129	34	132	93	553	1023	430	0	
64	23	30	108	109	183	49	956	15	1023	
204	88	114	42	47	79	369	1023	293	301	 ***
181	84	115	190	0	30	1023	306	311	320	
81	83	84	197	285	32	421	1023	354	0	
195	118	225	74	35	61	124	328	377	1023	
199	104	101	225	69	68	128	354	289	1023	
81	62	45	257	164	27	361	540	1023	0	
209	61	14	15	0	90	136	1022	667	346	
181	88	133	36	115	30	307	1023	289	358	
199	88	107	511	83	61	293	311	297	610	
199	120	99	8	42	62	1023	290	297	420	
0	511	26	70	64	418	861	244	0	366	
15	157	90	38	356	113	606	1023	15	147	
207	88	103	160	17	53	320	232	1023	357	
173	267	103	136	290	0	1023	368	0	200	
197	88	259	1	30	45	1023	277	305	335	
53	77	113	419	0	85	0	134	656	1023	
0	160	94	27	0	180	147	126	1023	803	
94	60	61	152	53	128	89	1023	581	319	
225	88	221	41	15	30	285	1023	305	327	
60	38	245	137	60	394	1023	60	79	464	
23	128	510	220	296	0	1023	0	0	360	

30	298	70	90	202	281	320	1023	0	122	
174	88	108	0	66	79	571	1023	34	293	
92	432	320	15	113	108	220	1023	113	0	
55	90	102	9	75	79	794	1023	209	0	
197	15	19	76	45	38	102	1023	830	91	
75	316	202	254	15	169	53	1023	32	297	
188	73	114	4	45	94	415	339	141	1023	
511	253	105	64	207	231	527	92	0	446	
188	81	100	0	47	117	308	302	270	1023	
45	79	200	180	253	91	364	1023	201	0	
131	0	79	310	38	91	1023	411	293	60	
119	23	109	444	177	70	328	1023	0	143	
124	102	232	75	0	94	1023	106	309	371	
174	73	133	30	62	64	171	1023	290	416	 ***
71	64	19	0	511	267	424	1023	0	57	
194	144	97	334	116	186	0	1023	342	0	
177	90	304	320	511	105	598	0	326	5	
511	68	183	6	65	76	1014	449	64	0	
188	88	99	30	78	80	171	1023	260	419	
193	73	99	38	45	87	171	1022	400	308	
0	90	110	53	96	42	164	858	0	1023	
34	45	23	87	25	59	186	1022	80	875	
0	15	45	76	19	45	1020	79	1023	114	
177	107	122	0	45	64	323	312	263	1023	
186	45	178	132	61	45	321	445	1023	0	
188	69	114	31	75	64	175	1023	404	293	
48	4	235	30	38	145	530	1023	94	289	
100	323	117	34	47	92	0	1023	327	373	
113	36	64	38	130	48	58	1023	884	42	
45	12	109	266	169	511	886	332	15	91	
79	38	16	19	95	65	0	918	183	1023	
60	113	20	38	19	160	106	19	878	1023	

10	60	46	224	108	84	111	1023	34	777	
42	32	19	0	75	160	102	1023	923	101	
203	74	87	0	70	94	152	1023	359	415	
188	75	215	202	209	38	405	122	0	1023	
61	34	6	327	191	238	406	1023	191	0	
163	73	58	0	62	511	157	199	931	323	
187	118	148	0	146	64	160	299	332	1023	
218	84	137	0	68	64	411	1023	178	294	
251	133	38	351	330	141	150	1023	60	0	
173	69	99	0	134	107	1023	329	122	421	
255	73	155	0	108	64	415	334	50	1023	
197	109	122	0	152	68	429	331	46	1023	
191	69	133	12	77	60	419	1023	76	417	
147	142	0	70	83	0	800	114	98	1023	
45	81	23	88	511	0	75	1023	415	216	
187	79	133	0	77	80	160	1023	323	415	
75	31	139	34	314	79	1023	183	471	128	
46	102	72	293	72	243	65	1023	0	561	
205	69	141	30	62	68	415	1023	46	418	 ***
27	103	184	191	327	77	1023	353	192	0	

487	42	400	77	235	138	45	1023	45	46	
141	23	20	49	199	38	1023	140	0	905	
250	122	159	0	47	246	98	301	1023	292	
30	164	182	79	30	0	916	1023	65	49	
174	197	277	0	126	108	79	1023	263	291	
174	62	268	0	62	64	166	181	1023	538	
61	90	19	141	122	60	947	75	0	1023	
62	393	186	49	65	19	398	1023	130	213	
118	100	80	0	167	511	195	752	46	569	
174	128	156	0	352	364	110	183	48	1023	
42	75	81	449	159	132	1023	577	0	0	
164	174	44	4	197	30	151	751	1023	0	
249	179	142	0	169	68	124	538	46	1023	
75	120	62	306	109	100	0	743	0	1023	
191	27	80	0	77	68	632	332	1023	108	
144	12	511	0	49	98	751	464	172	337	
180	8	511	0	142	125	674	423	61	414	
270	6	141	0	169	169	49	1023	159	552	
144	8	80	155	86	179	152	1023	91	620	 ***
23	259	36	94	27	205	125	1023	0	746	
173	79	158	0	260	70	1023	196	168	411	
174	12	143	0	107	188	186	409	1023	296	
114	8	140	15	77	511	0	519	1000	154	

92	289	122	60	166	368	804	1022	66	0	
90	0	436	442	0	511	31	1023	30	426	
105	20	123	155	81	156	476	291	1023	559	
36	0	186	176	186	75	319	0	1023	988	
265	73	194	98	100	156	122	1023	425	533	 ***
135	8	102	115	153	293	122	1022	426	613	
195	241	346	510	308	0	880	271	238	0	
167	8	83	187	85	213	304	1023	234	685	
51	130	102	155	203	171	458	1023	159	537	
81	87	80	94	142	156	167	1023	259	900	
47	157	140	94	142	278	122	1023	756	230	
0	76	186	509	171	510	90	0	494	953	
0	509	511	471	152	19	61	121	1023	122	
75	205	45	105	126	150	387	1023	57	816	
47	23	102	94	511	278	307	608	121	898	
68	12	74	383	237	221	243	547	181	1023	
120	8	352	100	338	156	182	527	183	1023	
77	12	129	94	223	216	122	1023	402	691	
45	8	194	265	511	156	122	931	258	499	
83	30	171	19	328	312	75	1023	128	820	
72	130	123	94	83	247	488	1023	242	487	
124	8	72	94	97	164	934	199	274	1023	

205	96	194	38	96	160	536	487	140	1022	
320	247	98	344	311	171	0	1023	289	171	
265	65	209	38	96	156	127	1023	463	532	
106	205	49	77	162	156	143	1023	103	950	
239	73	202	38	96	201	438	1023	132	532	
156	303	19	30	89	0	882	1023	381	91	
313	156	90	296	0	0	197	1023	816	83	
94	19	217	211	240	372	135	1023	63	600	
205	73	202	38	96	216	126	427	569	1022	
205	73	202	50	96	156	182	455	1023	532	
60	73	108	248	334	342	19	1023	703	64	
235	88	194	38	96	186	122	1023	448	544	 ***
235	73	202	38	96	201	438	1023	136	532	
16	497	44	420	511	394	0	0	546	546	
8	61	201	271	106	182	60	338	727	1020	
220	88	194	98	115	400	122	427	1022	288	
205	73	198	46	111	156	130	1023	425	607	
205	0	365	126	15	187	94	1023	944	15	
243	511	304	411	301	121	1022	42	0	19	
205	73	194	98	104	156	540	419	163	1022	
116	121	260	320	387	60	216	1023	379	92	
235	85	194	38	96	156	137	537	474	1022	

4	456	0	0	198	0	836	1023	83	152	
511	0	274	508	27	0	257	870	0	305	
167	88	236	40	77	221	416	1023	261	223	
217	36	139	339	233	274	316	1022	60	116	
490	487	139	0	0	15	145	1023	130	323	
4	91	183	64	156	263	60	1023	139	769	
19	343	79	245	114	182	0	1022	293	455	
0	4	181	45	149	138	366	1023	287	559	
149	30	110	355	60	80	355	1023	242	348	
140	0	4	400	15	511	305	1020	129	228	
4	19	68	334	487	122	159	1023	167	369	
0	252	69	158	90	289	120	1022	257	495	
15	212	73	278	181	259	31	1022	574	107	
322	511	0	121	0	488	148	145	1017	0	
421	65	477	89	0	182	196	1023	209	90	
259	107	255	38	77	198	426	1023	140	229	 ***
167	88	204	94	79	221	122	452	1023	302	
0	42	202	349	145	136	0	1022	92	764	
182	80	194	99	137	231	0	1023	181	625	
143	292	107	177	456	23	241	1022	183	108	
49	68	122	160	23	368	247	1023	121	571	

169	92	133	38	77	160	167	540	260	1023	
15	23	244	91	266	149	128	1023	592	128	
169	86	133	98	115	239	430	1022	140	227	
169	92	163	46	77	160	137	550	242	1023	
419	208	61	511	141	276	0	151	847	45	
169	84	133	38	85	160	284	528	155	1023	
49	12	38	90	328	502	65	517	35	1023	
169	92	141	68	81	190	156	1023	140	599	
169	84	133	38	85	262	197	528	140	1023	
165	350	0	511	212	95	1021	130	175	0	
169	87	133	38	77	160	1023	505	240	227	
511	183	15	145	313	0	257	90	982	163	
169	124	133	38	81	269	441	1022	155	227	 ***
169	92	139	38	81	190	167	1022	534	227	
0	486	8	0	60	244	83	1023	97	658	
72	34	228	61	0	98	989	1022	0	155	
169	114	145	38	77	160	1023	532	140	261	
69	19	8	502	138	0	685	0	1022	216	
64	511	0	358	15	0	1022	122	199	368	
175	30	64	136	61	254	1022	766	0	151	
65	0	106	243	98	342	0	1022	164	619	
61	125	15	511	320	8	109	334	182	994	
169	116	163	38	81	160	137	545	1023	227	
15	205	511	23	369	254	272	1010	0	0	
199	122	133	38	77	209	182	536	140	1023	
169	92	133	38	82	168	197	498	1023	259	
211	327	8	511	162	19	79	4	315	1023	
169	84	133	38	111	160	137	567	1023	237	
127	64	501	495	0	23	0	1023	61	365	
169	92	143	38	81	312	434	1023	140	227	
169	92	133	60	81	160	1023	536	178	227	
453	147	25	62	0	8	338	1023	147	456	
169	92	163	46	81	160	1023	554	140	231	
113	440	107	0	152	19	559	1023	138	108	
156	80	279	23	0	506	244	1022	262	87	
4	180	0	103	38	8	608	1022	472	224	
197	34	0	0	410	511	0	1015	111	381	
184	84	133	38	92	160	141	483	321	1023	

124	144	511	4	0	68	197	671	1015	106	
61	487	23	38	365	137	369	1022	338	0	
511	312	42	15	440	434	0	966	120	0	
307	0	511	404	68	23	110	0	608	809	
244	135	65	34	55	38	160	537	549	1023	
0	511	455	65	24	471	0	0	1006	308	
0	45	15	482	178	30	243	1023	269	555	
34	90	0	511	64	30	0	1003	215	893	
184	114	76	282	55	373	152	1023	460	121	
124	38	69	90	411	64	122	1022	106	794	
162	152	72	8	32	511	396	547	809	151	
154	95	511	403	361	8	8	874	152	274	
511	304	8	60	12	335	139	960	0	511	
229	118	42	8	70	312	152	1022	203	684	
171	256	0	38	23	339	833	1022	150	8	
109	77	121	312	64	0	145	1023	316	673	
169	152	57	8	66	38	302	814	1023	211	
169	114	57	23	85	267	182	1022	180	741	 ***
129	130	511	8	278	475	384	925	0	0	
124	173	87	99	32	121	152	570	460	1022	
124	129	53	8	134	365	212	640	152	1023	
199	61	164	0	346	0	967	80	1023	0	
511	114	80	297	62	68	152	555	880	121	
244	19	86	0	113	60	145	1023	958	192	
124	174	511	38	10	83	411	487	881	121	
366	72	304	0	0	105	122	1023	828	20	
132	144	87	8	32	320	455	487	152	1023	
46	30	75	120	72	133	248	1022	152	942	
58	174	109	83	167	361	579	1023	0	286	
184	174	53	23	32	373	1023	639	218	121	
282	15	122	0	61	396	695	1023	166	80	
511	61	30	0	282	0	458	1023	171	304	
4	0	509	165	244	129	404	1023	39	323	
286	147	387	15	4	0	0	1023	765	213	
124	388	147	23	341	38	156	1023	479	121	
60	301	434	94	15	0	90	1022	32	792	
0	511	30	334	441	83	124	1022	0	295	

0	126	90	16	15	0	775	0	1023	289	
0	60	0	45	53	0	411	1020	0	745	
370	0	0	30	98	45	0	1023	768	0	
167	110	0	0	45	244	197	354	194	1023	
323	0	0	8	0	8	12	1023	60	900	
60	484	60	0	282	0	0	1022	426	0	
137	376	0	0	45	30	60	1022	471	193	
15	0	504	60	0	0	993	762	0	0	
137	232	0	0	49	252	362	1023	68	211	
30	304	0	502	0	60	98	1021	319	0	
30	510	30	377	0	364	0	1023	0	0	
304	0	0	30	465	0	0	456	60	1019	
60	8	385	274	60	38	60	1023	12	414	
0	0	90	0	0	0	1022	0	274	948	
30	75	0	0	182	274	42	1023	0	708	
60	0	30	0	445	30	670	1023	30	46	
0	0	511	30	30	30	983	0	675	75	
289	90	30	60	0	0	15	1023	31	796	
511	274	0	0	0	45	0	1023	0	481	
15	0	486	402	0	30	0	1020	244	137	
152	95	0	0	75	252	60	484	1023	193	
478	0	396	0	30	15	991	0	0	424	
141	110	0	137	45	252	197	1023	68	361	 ***
0	0	274	197	274	461	105	0	1023	0	
259	0	23	453	0	486	0	1023	90	0	
488	30	0	510	0	0	272	1004	30	0	
150	122	15	30	0	30	75	1020	0	892	
137	511	0	158	45	252	60	358	594	219	
259	91	4	0	45	30	60	346	1023	476	
137	110	0	15	60	378	60	1023	190	361	

45	60	30	304	91	0	299	398	670	1022	
12	0	30	30	30	105	496	1023	182	1011	
381	0	61	282	304	60	809	0	0	1022	
252	0	0	256	15	0	248	578	547	1023	
0	274	75	0	289	38	282	881	60	1020	
83	244	511	0	510	357	196	1018	0	0	
15	106	508	510	0	83	0	674	1023	0	
19	286	0	220	49	267	381	1022	320	355	
15	320	98	124	98	145	293	1023	0	803	
38	427	15	259	244	0	0	1022	0	914	
90	45	319	304	72	42	434	1023	0	590	
30	0	503	121	409	274	560	0	0	1022	
0	364	304	38	244	65	498	139	244	1023	
15	8	49	15	244	0	530	975	60	1023	
396	75	60	60	0	121	259	1023	54	871	
510	76	30	0	449	289	561	0	1004	0	
0	244	75	0	21	274	68	728	487	1022	
122	511	319	30	15	0	153	686	64	1019	
23	488	60	510	30	15	121	655	0	1017	
160	15	45	68	0	244	548	1022	84	733	
179	75	0	122	49	321	339	1023	447	364	
27	174	15	122	49	334	548	1022	128	500	 ***
373	274	182	60	0	259	0	748	0	1023	
19	263	0	0	242	68	305	479	520	1023	
90	8	0	0	45	227	978	1023	488	60	
488	510	274	0	342	349	118	0	838	0	
0	334	30	0	312	160	250	1023	275	535	

211	0	282	406	75	0	0	1023	301	914	
0	256	387	8	30	8	1023	944	526	30	
252	511	23	8	419	315	640	503	0	541	
244	511	374	0	30	259	988	693	113	0	
312	511	0	64	304	320	122	556	15	1008	
244	75	15	122	16	368	503	1023	226	620	 ***
15	304	272	113	0	0	373	1021	572	542	
61	30	511	0	60	0	252	1023	1023	252	
0	23	75	60	8	511	430	815	414	876	
282	0	0	511	305	0	278	575	453	808	
0	274	0	511	0	381	0	83	986	977	
0	294	350	120	0	137	939	349	0	1023	
0	382	511	135	0	30	60	1016	488	590	
449	107	68	0	462	114	989	1023	0	0	
8	75	83	137	0	304	548	813	221	1023	
19	38	365	372	137	0	931	0	327	1023	
441	120	244	244	0	511	274	304	1013	61	
278	395	387	260	90	260	0	1023	0	519	
12	503	165	282	0	317	274	1023	0	636	
336	511	334	0	448	0	0	259	533	791	
302	511	30	304	479	121	334	87	30	1014	
30	434	343	511	244	0	1021	250	379	0	
382	165	129	334	488	45	8	1021	640	0	
297	274	492	0	120	327	342	1023	337	0	

511	45	0	0	24	394	244	282	485	818	
8	319	72	0	244	0	305	758	75	1022	
0	18	403	0	252	42	0	1023	563	502	
34	372	148	0	324	259	0	1021	128	517	
189	259	30	364	460	509	0	0	0	992	
0	0	38	263	0	282	72	1023	274	851	
23	304	0	45	0	0	426	985	1020	0	
0	244	0	35	0	321	671	1023	69	440	
83	399	90	30	511	0	318	900	76	396	
4	30	244	83	75	30	0	1021	364	952	
244	75	60	15	20	364	304	252	448	1021	
60	320	511	304	0	244	366	0	923	75	
510	342	0	8	0	274	76	30	548	1015	
8	0	136	15	511	0	38	835	244	1016	
259	90	4	0	46	477	244	252	410	1021	
128	0	79	130	282	99	0	1023	90	972	
304	0	35	15	188	353	0	0	886	1022	
76	328	15	15	0	0	0	1022	324	1023	
244	507	462	274	8	135	151	1022	0	0	
0	0	0	511	389	469	274	1009	151	0	
121	0	90	0	374	511	364	338	30	975	
244	77	27	122	16	503	259	1023	441	91	
23	98	473	0	0	30	0	1022	792	365	
244	135	34	0	16	368	304	515	166	1021	
465	0	30	0	304	30	991	944	0	39	
244	92	15	152	16	368	331	1023	197	365	
244	94	45	0	24	424	244	297	410	1021	
38	0	297	30	0	0	133	1023	796	486	
244	15	60	30	511	364	244	504	166	665	
0	244	0	19	364	373	600	105	75	1023	
0	0	289	75	267	0	210	496	443	1023	
511	45	0	8	61	364	244	500	166	904	
259	31	34	0	8	368	380	1023	166	534	 ***

30	0	30	45	511	30	624	30	244	1000	
0	120	45	30	511	0	732	947	121	38	
90	304	0	30	38	319	0	1021	343	399	
166	289	511	0	0	0	0	500	60	1018	
304	500	189	511	0	0	0	30	1010	0	
98	0	488	511	0	0	90	965	211	181	
0	90	90	259	105	91	0	1023	0	886	
181	30	30	0	30	30	0	259	1023	961	
90	45	0	91	30	90	931	1023	0	244	
90	30	30	76	334	75	0	1019	800	90	
15	60	15	244	60	0	153	914	1023	60	
17	60	395	259	304	511	87	0	0	911	
304	510	121	0	90	0	1002	0	517	0	
60	45	90	0	0	105	244	1023	732	245	
510	0	91	244	304	120	195	1019	61	0	
319	60	0	0	511	0	909	609	136	0	
0	8	349	244	15	75	0	1023	122	708	
30	511	0	181	0	0	732	0	161	929	
0	511	15	0	372	30	0	518	75	1023	
60	289	503	0	121	0	165	1022	0	384	
0	433	15	0	30	90	732	1022	105	117	
90	38	23	0	0	274	246	851	0	1022	
60	0	244	0	91	64	252	1022	151	660	
0	511	90	244	30	15	30	0	608	1016	
0	0	30	181	244	511	970	60	30	518	
301	90	0	30	0	30	905	1022	106	60	
30	0	511	409	15	0	0	304	1001	274	
259	23	49	0	74	308	434	1023	166	208	 ***
274	23	64	0	8	308	394	1023	228	222	
105	0	0	0	506	0	60	60	791	1022	
511	274	0	0	274	305	0	90	1015	75	
30	244	0	105	30	0	121	1023	0	991	
259	69	19	0	60	334	410	1023	61	309	

141	0	38	94	60	77	248	1023	274	763	
109	30	46	76	410	0	1005	1023	19	0	
60	100	19	364	181	126	525	1023	304	16	
425	15	76	0	60	64	304	1023	578	173	
0	113	90	342	129	15	824	1022	183	0	
305	144	0	30	124	90	990	1023	0	12	
98	30	105	130	308	319	1023	69	572	64	
42	90	280	154	0	0	0	1008	1023	121	
99	60	112	0	286	45	1018	0	1023	75	
252	23	72	0	194	364	451	1023	181	158	 ***
0	120	30	109	302	125	0	1009	0	1023	
242	0	8	30	61	297	870	64	124	1022	
90	19	120	305	75	282	729	1023	75	0	
319	8	42	0	64	304	645	1023	151	162	
90	110	38	19	327	505	0	1022	0	607	
166	305	124	493	83	75	0	1023	91	358	
77	414	105	0	490	511	1022	23	76	0	
0	90	4	4	372	299	791	1022	75	61	
90	511	30	106	248	61	917	120	511	124	
244	145	102	0	60	338	173	1023	182	451	
260	20	156	0	90	308	173	1023	460	228	
38	121	319	0	140	308	30	1023	465	274	
379	511	0	34	284	328	998	124	60	0	
121	0	61	64	338	30	1023	246	0	835	
0	124	195	0	23	45	366	1023	942	0	
15	30	0	94	252	60	985	1022	64	196	
304	95	113	274	0	186	654	1023	69	0	
4	469	49	60	312	394	75	1022	117	216	
79	273	94	60	166	316	211	1023	0	496	
42	98	305	0	19	60	121	1023	261	789	
282	23	57	0	94	327	1023	467	226	219	
248	75	97	60	69	8	64	1023	105	969	

488	0	511	0	338	209	652	135	0	908	
252	23	282	15	152	364	181	1023	737	212	
30	396	30	319	320	511	1023	612	0	0	
354	511	8	304	511	156	0	1005	0	392	
45	511	0	30	498	503	273	1017	364	0	
511	323	0	60	0	0	1011	760	192	384	
274	15	487	511	227	0	492	0	901	334	
252	23	53	12	220	394	475	1023	395	394	 ***
511	253	8	0	4	0	905	790	252	518	
364	121	65	274	90	456	408	1023	182	258	
1	0	4	175	206	503	737	1023	372	220	
416	30	308	137	94	120	105	1022	1009	0	
312	24	282	4	152	364	184	1023	532	364	
0	202	511	487	0	404	237	0	537	863	
244	72	75	221	69	353	472	1023	180	532	
263	511	42	0	152	394	109	1023	401	346	
219	162	137	68	203	365	249	1023	0	815	
312	23	312	0	152	486	355	1023	405	173	
167	304	170	491	103	0	433	1023	550	0	
511	0	304	274	216	312	492	1004	60	68	
60	90	304	0	280	410	938	0	136	1023	
496	267	50	15	152	454	524	1023	151	109	
511	105	64	0	251	256	1016	929	0	109	
34	0	120	151	382	246	1023	999	0	286	
46	323	255	0	201	0	687	1023	184	522	
252	113	133	0	152	486	413	1023	395	274	

