#9035.64	27382	29325	0	0	 95 
#10204.7	22994	29325	0	0	 94 
#9406.87	26935	29325	0	0	 73 
#9130.28	26969	29325	0	0	 63 
#9026.79	29577	29325	0	0	 27 
#10216.7	22940	29325	0	0	 23 
#9406.96	24536	29325	0	0	 16 
#10217.3	21649	29325	0	0	 13 ***

10083.6	21736	25246	43	1962	 100 
10089.9	17776	25246	55	2305	 89 
8205.51	19962	25246	53	1942	 87 
10083.5	23694	25246	44	2326	 80 
7706.94	20109	25246	67	2550	 79 
10086.4	21120	25246	42	1857	 78 
10083	17161	25246	64	2508	 66 
9496.42	15867	25246	83	3037	 65 
10101.3	17393	25246	56	2492	 65 
10095.5	19407	25246	16	350	 57 
10084.6	21116	25246	48	2472	 53 
9496.96	17947	25246	60	2694	 52 
9478.8	17273	25246	62	2668	 51 
10091	17853	25246	22	762	 51 
10097.7	18626	25246	14	329	 48 ***
8405.85	19479	25246	83	3155	 46 
10080.9	20423	25246	49	2466	 42 
10087.3	21024	25246	46	2181	 42 
9292.2	17844	25246	68	2763	 37 
9007.83	18094	25246	63	2667	 32 
8405.99	18906	25246	55	2323	 31 
10099.7	17679	25246	58	2369	 26 
10088.2	19709	25246	48	2260	 25 
10082.9	18534	25246	50	2261	 24 
9028.65	22096	25246	45	970	 24 
10083	22018	25246	45	2170	 21 
10089.9	20380	25246	44	2077	 17 
9008.54	18704	25246	50	2016	 16 
10085.2	16027	25246	63	2196	 9 
10094.3	17745	25246	19	676	 8 
9297.69	17969	25246	54	2290	 3 
10083	21290	25246	46	1751	 3 

10128.8	18831	26494	43	1613	 96 
10130.7	15690	26494	55	2233	 96 
9063.03	20121	26494	51	1872	 88 
10142.8	20116	26494	8	117	 88 
10151.3	17359	26494	52	2249	 86 
9336.51	21850	26494	47	1881	 82 
8958.29	17211	26494	67	2676	 82 
9342.23	18914	26494	53	1956	 81 
10153.6	19640	26494	36	1025	 80 
10134.6	20473	26494	40	1421	 75 
10150.1	20094	26494	37	905	 74 
9058.1	18532	26494	56	2086	 58 
10127.7	19968	26494	48	2170	 52 
10143.6	20163	26494	7	116	 48 ***
10135.9	18667	26494	42	1450	 42 
9057.05	20812	26494	48	1479	 40 
10138.1	17577	26494	53	2091	 39 
9051.41	19656	26494	56	2280	 38 
8467.34	18945	26494	69	2725	 38 
8005.09	24305	26494	75	2193	 31 
8275.02	21811	26494	81	2706	 28 
9061.29	19647	26494	55	2447	 28 
10131	18072	26494	53	2256	 28 
10159.3	19741	26494	35	1010	 28 
9045.22	19869	26494	54	2202	 27 
10153.2	19900	26494	36	1254	 27 
8957.25	18306	26494	83	3018	 26 
9330.95	16927	26494	54	2347	 25 
10140.7	20228	26494	14	488	 18 
10141	17696	26494	42	1891	 16 
10133	18642	26494	52	1853	 10 
9530.47	19476	26494	50	2288	 8 
8952.31	18871	26494	67	2724	 6 

10261.4	14205	29672	56	2345	 99 
8023.06	20409	29672	67	2542	 96 
10262.8	15775	29672	49	1944	 93 
9178.81	14949	29672	58	2184	 91 
9080.47	15062	29672	75	2657	 91 
8473.01	15928	29672	68	2767	 91 
9681.08	14382	29672	66	2673	 90 
10259.7	14523	29672	62	2276	 84 
10268.4	16002	29672	20	566	 80 
9203.01	17113	29672	44	1464	 78 
10260	18232	29672	18	554	 75 
8652.95	16125	29672	56	2363	 74 
10254.2	16139	29672	47	2142	 74 
10271.5	18412	29672	15	707	 74 ***
10260.2	14680	29672	52	2158	 68 
10264.9	15462	29672	51	2042	 66 
9477.32	16421	29672	47	2112	 65 
10273	14918	29672	51	2227	 63 
10255	14187	29672	69	2602	 62 
8266.23	16159	29672	77	2905	 62 
9466.59	16833	29672	51	2154	 60 
8271.28	15381	29672	72	2852	 59 
10277	13985	29672	57	2280	 58 
9189.06	17025	29672	45	1919	 55 
9198.89	14912	29672	53	1740	 54 
9187.22	17090	29672	50	2232	 45 
9470.65	14040	29672	70	2644	 42 
10270.2	16972	29672	18	510	 41 
8371.02	16013	29672	57	2323	 40 
8293.87	19045	29672	71	2583	 38 
10259.6	16517	29672	45	1931	 32 
10269.8	15700	29672	50	2064	 31 
10259.5	14817	29672	52	2245	 31 
9181.05	18399	29672	50	1856	 30 
10263.9	16324	29672	23	929	 22 
9064.09	15622	29672	67	2748	 20 
9447.63	14579	29672	58	2387	 18 
9441.76	16376	29672	52	2277	 10 
8294.19	17814	29672	70	2575	 9 
10285.2	13886	29672	73	2318	 9 
10261.2	14515	29672	56	2311	 4 
10263.5	17333	29672	18	510	 3 
10264.3	17700	29672	17	292	 1 
9171.3	15436	29672	59	2020	 0 

8215.55	11261	29293	61	2376	 100 
9305	12143	29293	41	1608	 99 
7340.65	11399	29293	65	2578	 92 
8229.9	12569	29293	43	1745	 91 
9035.5	11140	29293	43	1827	 91 
9309.67	13369	29293	40	1798	 85 
9070.05	9986	29293	69	2416	 84 
10122.9	13078	29293	8	467	 84 
8916.03	11165	29293	48	1922	 82 
10123.1	12851	29293	38	1826	 81 
10123.9	10878	29293	38	1813	 77 
10117.1	11692	29293	40	1524	 75 
10134	12475	29293	34	934	 70 
10113.3	13667	29293	36	1510	 68 
10109.1	12900	29293	38	1458	 67 
9513.65	11984	29293	41	1572	 66 
10133	12256	29293	37	1129	 63 
10113.9	12154	29293	40	1383	 62 
10122.6	12100	29293	39	1319	 62 
8704.66	12511	29293	44	1725	 61 
9323.22	12869	29293	39	1434	 59 
9042.79	13609	29293	41	1695	 57 
7627	11606	29293	50	2262	 56 
9043.67	12315	29293	41	1679	 54 
9048.09	10346	29293	67	2599	 52 
9303	8932	29293	44	2081	 49 
9035.07	10543	29293	46	2087	 49 
8427.45	11663	29293	46	2035	 49 
10133.9	12569	29293	31	896	 49 
10108.5	11586	29293	42	2026	 46 
10134.8	12283	29293	36	1121	 44 
9518.25	12305	29293	39	1631	 43 
7970.61	10562	29293	72	2614	 35 
9038.31	11099	29293	44	1769	 32 
10127	14305	29293	7	178	 28 
10118.4	12251	29293	39	1867	 27 
8331.54	10892	29293	65	2578	 25 
8338.38	10675	29293	65	2401	 23 
10130.6	14393	29293	6	97	 16 
10120.1	11394	29293	41	1718	 15 
9036.33	13964	29293	39	1549	 15 
8694.75	11476	29293	45	2014	 12 
10121	14525	29293	5	144	 8 ***
10116.9	11459	29293	42	1776	 6 
8224.48	11460	29293	48	2132	 4 
9035.34	11275	29293	43	1721	 2 
9033.61	13592	29293	42	1705	 0 
10120	13399	29293	12	239	 0 

10005.7	11413	27923	37	1642	 98 
9220.46	14706	27923	13	376	 95 
10026.1	9791	27923	61	2117	 94 
8936.49	13112	27923	40	1874	 93 
9414.2	11714	27923	39	1743	 90 
8604.78	11053	27923	41	1702	 87 
9226.15	14227	27923	32	718	 87 
9206.62	12557	27923	40	1701	 78 
10013.2	12438	27923	36	1372	 70 
9227.37	13170	27923	31	703	 69 
8600.83	13293	27923	43	1953	 66 
9208.83	12527	27923	36	1489	 63 
8134.94	14420	27923	40	1679	 59 
8946.24	13266	27923	38	1541	 57 
9214.41	15604	27923	13	463	 57 
9222.11	12559	27923	33	824	 56 
9219.8	14824	27923	12	263	 52 
9218.34	14762	27923	34	866	 50 
8144.32	10355	27923	55	2162	 43 
8944.32	12654	27923	40	1538	 43 
10007.8	11204	27923	39	1614	 39 
9226.27	13920	27923	32	729	 34 
10015.5	10297	27923	39	1588	 33 
10020.1	13861	27923	9	226	 32 ***
10028.9	12256	27923	32	1357	 29 
10036.6	13380	27923	30	917	 26 
8928.9	10735	27923	53	2100	 23 
7335.74	11166	27923	44	1887	 22 
8616.75	10294	27923	57	2100	 22 
8936.28	14535	27923	39	1472	 21 
10035.8	13491	27923	29	898	 21 
8949.36	9983	27923	49	1841	 17 
9216.6	12627	27923	35	779	 16 
10035.4	13776	27923	30	688	 7 
8603.13	11991	27923	43	1792	 5 
9211.18	12469	27923	38	1404	 1 

7969.07	10949	23299	51	1841	 100 
7860.72	11505	23299	63	2138	 100 
7963.23	12572	23299	20	578	 90 
7967.79	11584	23299	33	827	 87 
7115.46	10803	23299	65	2452	 86 
9052.76	11297	23299	39	1503	 84 
7593.65	13750	23299	63	2382	 82 
9239.4	10023	23299	42	1825	 77 
8779.38	10792	23299	41	1556	 76 
8776.1	12583	23299	15	462	 76 
8170.98	8881	23299	47	1934	 68 
8068.87	9256	23299	65	2459	 56 
9853.35	9571	23299	42	1851	 53 
8774.92	11639	23299	26	630	 52 
9046.87	9197	23299	45	1910	 49 
8777.76	9997	23299	43	1962	 46 
9846.13	11402	23299	34	1559	 45 
8774.71	10053	23299	42	1596	 43 
7968.59	12037	23299	17	437	 42 
7866.24	12014	23299	61	1963	 40 
7965.26	12503	23299	29	639	 40 
9243.11	9590	23299	37	1660	 26 
9038.52	11807	23299	10	186	 26 ***
7854.56	12071	23299	60	2150	 22 
7976.33	11851	23299	22	708	 19 
7959.03	10451	23299	62	2168	 12 
9037.79	11409	23299	12	449	 10 
7620.14	13720	23299	64	2289	 7 
8766.41	11167	23299	42	1901	 7 
7705.08	12893	23299	48	1894	 3 

8760.2	12486	22329	28	768	 98 
9828.2	12034	22329	5	168	 97 ***
9227.2	12734	22329	6	443	 96 
9857.02	10102	22329	61	2386	 95 
9234.23	10291	22329	55	2095	 90 
9818.48	10956	22329	32	1495	 89 
7697.03	13038	22329	54	2177	 89 
9828.12	10296	22329	36	1891	 83 
7947.06	12652	22329	27	1027	 78 
7680	13495	22329	37	1681	 72 
7951.4	12660	22329	15	757	 68 
9018.52	12009	22329	32	1380	 67 
8753.04	12139	22329	35	1700	 58 
9024.18	11646	22329	32	1759	 51 
7947.84	14676	22329	23	920	 50 
8754.7	10423	22329	37	1897	 47 
8649.29	11251	22329	56	2339	 46 
6969.95	11711	22329	56	2159	 42 
8420.15	11536	22329	41	1804	 42 
7944.1	12059	22329	36	1972	 41 
9825.24	11912	22329	9	375	 36 
8042.96	11035	22329	57	2189	 35 
7944.87	13307	22329	24	974	 35 
9029.23	11998	22329	30	909	 27 
8744.91	10947	22329	37	2002	 20 
9220.57	11202	22329	35	1577	 8 

9505.38	14363	26894	38	1754	 97 
9042.76	14326	26894	41	1710	 96 
8248.61	15350	26894	57	1821	 94 
7875.99	16056	26894	64	2123	 94 
9522.32	13899	26894	26	899	 86 
10110.9	13931	26894	8	338	 82 ***
10116.5	13611	26894	36	1629	 70 
9052.46	14196	26894	53	1976	 63 
9309.05	14367	26894	40	1773	 63 
8243.26	14890	26894	62	2189	 54 
10122.2	13397	26894	65	2117	 52 
9516.21	13429	26894	62	2267	 50 
9043	13958	26894	62	2119	 43 
9036.74	15795	26894	43	1881	 39 
9512.08	13632	26894	31	1039	 35 
9040.05	15127	26894	42	1728	 33 
9312.9	13637	26894	60	2088	 29 
8233.53	14966	26894	60	2239	 29 
9039.18	15181	26894	45	1733	 27 
8438.2	15809	26894	54	1894	 25 
9039.02	15926	26894	40	1682	 22 
9509.1	15954	26894	14	504	 21 
8925.25	13617	26894	65	2061	 18 
8322.46	14123	26894	67	2364	 17 
9042.5	14416	26894	36	1633	 13 
10105.2	13458	26894	38	1743	 11 
9506.08	13787	26894	48	1912	 6 
9306.03	13996	26894	53	2061	 1 
8710.22	14265	26894	46	1565	 0 

8840.79	11857	24404	45	2103	 99 
8509.99	12233	24404	63	2390	 96 
8725.36	11161	24404	67	2680	 95 
9301.7	12444	24404	37	2067	 95 
9116.87	11644	24404	66	2666	 93 
8524.35	11825	24404	68	2685	 92 
8828.51	12626	24404	42	2129	 92 
8839.1	12390	24404	40	1975	 90 
9911.72	12575	24404	8	590	 82 ***
9906.63	10399	24404	10	525	 78 
8835.14	12700	24404	41	1586	 77 
8229.52	12850	24404	51	2066	 68 
9319.52	11447	24404	61	2662	 60 
9898.7	12206	24404	41	1782	 58 
8820.76	12021	24404	46	1861	 57 
9902.93	11818	24404	40	2197	 46 
9905.96	11816	24404	43	1893	 45 
8054.17	12908	24404	64	2343	 41 
9906.09	12267	24404	39	1864	 33 
8250.33	12069	24404	67	2598	 18 
7646.95	12657	24404	67	2308	 17 
9124.75	11825	24404	62	2106	 7 
8511.28	12002	24404	64	2279	 6 
8848.28	11803	24404	65	2432	 3 
9121.76	11545	24404	66	2385	 1 

8079.09	13505	24831	63	2005	 92 
9053.95	13254	24831	42	1714	 85 
9864.96	12042	24831	8	468	 70 
7631.25	13688	24831	64	2011	 40 
7630.83	14048	24831	64	2210	 39 
8007.33	14037	24831	59	2078	 31 
8803.65	12793	24831	60	1902	 23 
8789	11910	24831	61	2174	 21 
9054.96	13900	24831	7	451	 14 ***
9057.02	10662	24831	9	476	 12 
8456.38	13041	24831	44	1682	 10 
8792.35	13842	24831	43	1678	 8 
9053.3	14049	24831	42	1704	 7 

8059.52	14604	23425	60	1929	 98 
8760.51	13395	23425	42	1205	 97 
7966.1	14600	23425	64	2139	 95 
9035.17	14081	23425	28	1133	 92 
9051.88	13508	23425	22	830	 88 
7988.8	13943	23425	64	2163	 87 
9863.58	12375	23425	62	2131	 82 
8644.18	14503	23425	58	1907	 79 
9028.56	14222	23425	16	147	 68 
9850.01	12498	23425	68	2321	 67 
9846.6	13234	23425	42	1107	 60 
9043.85	12536	23425	52	1859	 60 
8166.29	13312	23425	62	2190	 51 
9026.97	14383	23425	14	145	 51 
9035.29	13680	23425	31	1231	 46 
9233.6	12977	23425	46	1805	 36 
9836.8	14024	23425	18	397	 35 
9036.69	13400	23425	24	743	 32 
7980.69	15084	23425	63	2072	 30 
9036.67	14211	23425	26	738	 25 
9839.25	13765	23425	12	129	 23 
9023.16	13326	23425	48	1847	 13 
9027.12	12871	23425	50	1634	 11 
8648.1	13791	23425	59	1832	 10 
8653.26	13304	23425	68	2314	 10 
9836.8	13988	23425	15	448	 10 
7961.22	14897	23425	66	1959	 8 
9836.02	14272	23425	10	134	 8 ***
8653.9	12912	23425	61	1945	 7 
8757.94	13973	23425	48	1784	 1 

9249.48	14482	23944	63	2027	 96 
8775.17	15310	23944	63	1857	 95 
8759.65	16306	23944	49	1674	 94 
9837.35	14598	23944	49	1840	 94 
8655	17218	23944	66	2027	 84 
8758	17134	23944	49	1740	 84 
9836.13	14894	23944	55	1927	 83 
9037.92	17083	23944	48	1360	 80 
9839.45	16532	23944	6	289	 78 ***
9832.65	15543	23944	50	1870	 74 
9247	16929	23944	27	895	 71 
9836.7	14700	23944	11	724	 67 
8664.86	15789	23944	69	2016	 64 
8660.74	16527	23944	65	2054	 64 
8661.77	16240	23944	70	2163	 53 
9836.54	15236	23944	53	1930	 44 
9834.96	16020	23944	49	1826	 42 
9837.71	13870	23944	48	1778	 38 
9035.21	15907	23944	56	1519	 38 
8769.86	17165	23944	48	1330	 37 
9246.72	16423	23944	48	1594	 35 
9237.77	15549	23944	59	1945	 34 
9233.53	15876	23944	50	1708	 34 
8796.38	14996	23944	64	1928	 28 
9837.92	16577	23944	10	121	 24 
8651.84	16344	23944	74	2360	 17 
8772.95	16121	23944	68	2029	 16 
9846.73	16283	23944	9	456	 11 
9834.39	16798	23944	45	1255	 10 
8181	17139	23944	69	2255	 7 
9835.1	16639	23944	46	1527	 3 

10038.9	15634	25835	27	1021	 98 
8120.75	12132	25835	47	1701	 83 
10040.6	14973	25835	20	782	 78 
10025.9	15638	25835	13	609	 67 
10028.1	12031	25835	49	1681	 63 
10015.8	15866	25835	6	331	 44 ***
10015.3	16673	25835	6	405	 36 
9431.29	11408	25835	63	1778	 35 
10036.3	15314	25835	34	960	 15 
8057.04	16095	25835	67	1722	 12 
8127.21	12076	25835	43	1583	 9 
9426.04	16210	25835	30	1132	 9 

8304.7	15027	27228	64	2157	 100 
10149.7	15848	27228	51	1757	 100 
9546.76	17498	27228	12	551	 99 
10145.5	17427	27228	10	431	 97 ***
10140.4	16596	27228	51	1600	 92 
10145.1	16991	27228	11	484	 78 
8940.59	17377	27228	16	856	 76 
9549.11	18310	27228	11	491	 69 
10152.7	16942	27228	50	1570	 62 
10138.8	16941	27228	51	1623	 55 
9330.61	13821	27228	54	1756	 55 
9539.64	18044	27228	14	844	 50 
9067.51	15218	27228	62	2023	 44 
10143.5	17007	27228	18	883	 44 
10155.5	16660	27228	23	856	 43 
9076.48	16898	27228	57	1700	 42 
8761.31	12592	27228	67	2063	 40 
9348.9	15987	27228	52	1737	 33 
8473.38	13255	27228	65	2169	 25 
9331.31	17019	27228	52	1761	 20 
10142.7	17277	27228	19	872	 5 
10153.3	16694	27228	47	1632	 2 

10161.8	16000	26361	58	2589	 99 
10169.2	14403	26361	63	2303	 93 
9088.63	18042	26361	56	2395	 93 
8976.43	16762	26361	71	2690	 87 
9363.76	15908	26361	71	2761	 87 
10176.9	18165	26361	20	848	 87 
9364.59	12866	26361	73	2761	 84 
8570.81	18991	26361	74	2747	 82 
9357.81	16915	26361	64	2344	 78 
10172.1	16423	26361	57	2502	 77 
10150.6	17117	26361	63	2567	 71 
10156.1	18737	26361	6	370	 71 ***
9557.33	17436	26361	57	2422	 68 
10160.6	16450	26361	54	2517	 66 
9082.32	18204	26361	63	2623	 65 
8982.35	18689	26361	66	2066	 64 
10167.9	16831	26361	53	2266	 64 
9077.91	17336	26361	64	2582	 64 
10163.7	17932	26361	21	863	 62 
8980.21	19344	26361	69	2701	 57 
9589.18	17434	26361	59	2143	 56 
8986.86	16805	26361	68	2326	 52 
10149.6	18903	26361	55	2373	 50 
9090.2	17829	26361	56	2563	 49 
10153.9	15762	26361	60	2252	 49 
10157.2	17244	26361	59	2586	 45 
10151.6	17602	26361	56	2417	 45 
10160.3	17183	26361	53	2377	 45 
10178.1	18143	26361	20	859	 45 
9554.8	17462	26361	61	2536	 42 
10178.8	18198	26361	18	839	 42 
10161.7	18558	26361	7	133	 41 
10179	15265	26361	59	2552	 38 
9084.65	19554	26361	60	2097	 32 
10159.4	17050	26361	54	2530	 27 
10162	13778	26361	68	2563	 27 
9080.39	17110	26361	67	2234	 24 
10156.9	18288	26361	8	445	 18 
8573.95	19059	26361	71	2629	 17 
10153.3	17342	26361	50	1938	 14 
9363.52	17679	26361	62	2064	 12 
10159	17106	26361	57	2515	 4 
10154.1	19043	26361	15	764	 1 

9483.96	18019	28254	14	209	 92 
8897.09	16987	28254	27	994	 88 
10090.3	13188	28254	46	2025	 88 
10085.3	13481	28254	48	2026	 88 
9486.54	16268	28254	28	969	 86 
10079.1	12924	28254	49	2183	 85 
10095.3	14648	28254	44	1766	 82 
9490.28	16810	28254	23	897	 71 
10097.3	11747	28254	60	2334	 70 
10076.3	14381	28254	47	1844	 69 
8297.83	12065	28254	63	2043	 68 
9010.69	14066	28254	49	1983	 66 
8886.96	17363	28254	28	655	 64 
10095.1	11836	28254	53	2214	 63 
8408.29	12226	28254	53	2188	 59 
7595.16	12469	28254	50	2013	 52 
10082.9	13827	28254	48	2075	 51 
9487.95	16846	28254	10	525	 39 ***
10093.3	16697	28254	27	937	 31 
8427.74	12136	28254	52	2066	 30 
9488.34	16749	28254	26	980	 15 
9479.59	17100	28254	16	284	 12 
7491.05	13142	28254	64	2012	 10 
8887.58	17622	28254	25	591	 10 
9482.21	12390	28254	50	2188	 8 
8207.01	11610	28254	66	2263	 7 
9486.4	17334	28254	13	483	 7 
10096.6	11753	28254	65	1988	 5 
9485.44	16793	28254	25	935	 2 

9011.38	13711	27773	55	2118	 100 
10068.5	13508	27773	51	1938	 95 
9276.08	12744	27773	59	2302	 94 
9274.84	16864	27773	52	1792	 93 
9458.78	12519	27773	57	2192	 89 
8443.45	13427	27773	57	2170	 89 
8884.3	11905	27773	70	2484	 84 
9472.04	15897	27773	24	928	 83 
10071.9	13013	27773	55	2204	 80 
8186.34	13595	27773	57	2033	 79 
10076.2	11746	27773	73	2400	 76 
9470.86	16161	27773	16	496	 76 
9467.77	17205	27773	12	413	 75 
10071.8	14888	27773	45	1226	 74 
9254.85	14175	27773	54	2235	 70 
9460.3	12069	27773	60	2022	 69 
10066.8	14024	27773	53	1953	 69 
9469.65	16081	27773	26	980	 69 
8993.7	14650	27773	56	2170	 67 
9275.36	12550	27773	62	2180	 67 
8866.2	12225	27773	70	2469	 63 
9468.06	17301	27773	10	394	 60 
8997.24	14183	27773	55	1968	 58 
10067.3	12412	27773	57	2281	 58 
8393.63	12822	27773	64	2010	 58 
8995.32	13325	27773	56	2268	 57 
9466.78	17408	27773	13	428	 56 
10070.3	13120	27773	55	2162	 55 
9272.27	12387	27773	65	1869	 53 
9472.94	16100	27773	16	496	 51 
8194.96	12517	27773	71	2452	 50 
9276.24	16693	27773	53	1860	 38 
9468	16923	27773	12	424	 33 
9467.21	17471	27773	7	113	 32 
9264.69	12088	27773	66	2062	 30 
9254.89	13081	27773	57	2227	 30 
10067.7	17016	27773	7	34	 30 ***
10074.2	16063	27773	16	496	 28 
9252.33	12676	27773	61	2333	 27 
9471.86	12999	27773	56	2167	 23 
10070.2	12180	27773	57	1206	 21 
8979.96	12996	27773	58	2250	 15 
9469.47	16475	27773	19	579	 14 
9003.14	12597	27773	68	1892	 12 
8458.43	12805	27773	61	2087	 12 
9461.45	14120	27773	52	1989	 8 
8406.44	12611	27773	69	2447	 8 
9473.27	15839	27773	17	511	 8 
7568.38	12825	27773	60	2378	 0 

10035.2	12743	24667	19	642	 100 
8037.41	9881	24667	55	1689	 91 
9234.7	10925	24667	48	1527	 91 
10028.7	13015	24667	44	1347	 83 
10021.4	13429	24667	17	546	 81 
10030.5	12806	24667	25	757	 78 
9425.12	9640	24667	47	909	 73 
8023.52	8584	24667	57	1725	 69 
10018.7	13055	24667	26	763	 68 
10027.3	13360	24667	21	871	 66 
9203.18	10616	24667	51	1784	 58 
8818.5	10979	24667	53	1341	 55 
8934.8	9912	24667	53	1617	 55 
10017.2	13653	24667	18	583	 55 
9430.36	9590	24667	53	1411	 49 
8953.67	14125	24667	45	1189	 46 
9202.97	9089	24667	54	1904	 45 
7153.58	10227	24667	56	1907	 42 
8120.02	11848	24667	54	1693	 38 
10017.3	13376	24667	21	621	 38 
8929.76	10942	24667	48	1824	 37 
7770.54	9921	24667	62	2062	 35 
8948.32	10636	24667	51	1282	 31 
10017.8	13540	24667	9	158	 28 ***
9414.47	10388	24667	50	1841	 22 
7533.26	9981	24667	60	1647	 21 
9232.45	13265	24667	45	990	 19 
8938.59	8341	24667	63	1829	 18 
9207.53	10615	24667	50	1423	 6 
8354.16	10576	24667	54	1601	 4 

9818.73	10229	20742	25	570	 95 
9828.4	9429	20742	23	719	 93 ***
6448.49	6628	20742	56	2065	 90 
8148.02	10317	20742	46	1288	 84 
9829.79	9123	20742	44	1659	 84 
6730	6289	20742	58	1558	 81 
9827.99	9526	20742	24	723	 78 
9816.97	10763	20742	28	652	 77 
6248.01	8216	20742	54	2027	 76 
8631.12	9329	20742	44	1524	 75 
9816.67	10463	20742	29	673	 73 
8775.11	5961	20742	60	1808	 69 
6962.44	6371	20742	50	1784	 69 
9824.66	9544	20742	24	723	 66 
9230.17	9182	20742	43	1598	 63 
9228.43	10203	20742	43	1511	 63 
9227.9	10473	20742	32	823	 63 
9824.98	9444	20742	25	731	 52 
6523.92	6971	20742	54	1914	 50 
6456.67	6992	20742	55	1509	 50 
9816.67	10227	20742	31	692	 50 
5639.96	7403	20742	56	2024	 49 
5070.74	7412	20742	62	2111	 49 
5914.39	6571	20742	57	1487	 49 
6258.31	7422	20742	50	1800	 46 
9826.22	8999	20742	45	1337	 45 
6732.28	7222	20742	49	1623	 45 
9016.14	10758	20742	39	1029	 38 
6786.21	6532	20742	54	2005	 33 
8224.3	6120	20742	56	1785	 33 
6732.68	6954	20742	52	1967	 30 
9819.55	9810	20742	36	715	 29 
8145.64	6667	20742	49	1356	 26 
5740.5	6400	20742	60	2029	 24 
6859.97	7097	20742	50	1847	 24 
7557.3	5633	20742	62	1897	 21 
5542.92	6603	20742	61	1809	 19 
8215.86	8243	20742	46	1471	 18 
9824.36	9569	20742	25	731	 17 
6249.83	6982	20742	56	1711	 15 
7327.6	6847	20742	47	1303	 11 
8413.83	7882	20742	46	1502	 11 
6986.9	6132	20742	53	1959	 11 
9817.1	10313	20742	30	675	 10 
6901.9	6202	20742	62	2067	 6 
5966.39	6260	20742	60	2021	 0 

9446.93	10137	22469	25	915	 94 
8433.93	9551	22469	31	1137	 91 
9462.37	10054	22469	26	1150	 89 
9459.36	8391	22469	29	1238	 85 
10047.2	11551	22469	11	274	 83 ***
9444.1	7573	22469	56	1593	 81 
10052.9	10242	22469	17	642	 81 
9450.33	11668	22469	12	204	 76 
8876.53	10288	22469	27	953	 72 
8260.86	12026	22469	25	915	 69 
10065.4	9018	22469	27	978	 60 
8375.48	10456	22469	27	923	 38 
7243.62	9573	22469	28	983	 37 
8648.23	10325	22469	14	316	 36 
8431	10521	22469	26	856	 29 
9255.54	10199	22469	26	1045	 23 
8054.32	10619	22469	27	953	 20 
10058.6	9246	22469	27	1228	 18 
8169.75	11248	22469	26	816	 18 
8651.3	10292	22469	27	1167	 15 
9266.72	9341	22469	27	1100	 13 
6370.21	7893	22469	32	1069	 11 
8164.68	11583	22469	26	1111	 10 
8860.99	9498	22469	28	1014	 8 
9238.96	9072	22469	29	1067	 8 
8640.17	10896	22469	16	332	 4 

8349.53	11019	22941	27	1930	 98 
10152.5	10030	22941	26	1483	 96 
10139.2	11889	22941	7	64	 90 ***
8351.22	10948	22941	27	1782	 87 
6236.32	9411	22941	54	2427	 85 
8946.95	10530	22941	10	169	 85 
10139.7	11783	22941	8	152	 84 
8365.03	10666	22941	23	1646	 79 
10150.7	10095	22941	25	1688	 78 
8737.07	11091	22941	22	1647	 77 
10159.9	8818	22941	59	2493	 76 
8735.34	11679	22941	22	1501	 71 
9074.33	10491	22941	25	1911	 66 
8541.14	9961	22941	29	1556	 64 
9550.79	9856	22941	39	1963	 59 
9079.21	10347	22941	25	1905	 56 
9557.13	9513	22941	41	2234	 55 
10163.6	10505	22941	22	1199	 54 
9338.34	10059	22941	27	1956	 47 
8152.63	10705	22941	28	1960	 47 
7854.65	8862	22941	48	2104	 45 
8255.14	10097	22941	36	1912	 45 
7406.35	9619	22941	43	1996	 40 
7557.13	11926	22941	24	1584	 39 
9343.5	10329	22941	24	1609	 39 
9073.67	10214	22941	28	1518	 31 
8536.43	10353	22941	27	1821	 12 
10143.1	11259	22941	9	268	 12 
8266.21	10216	22941	28	1971	 10 
7543.04	9120	22941	60	2335	 9 
7652.19	10585	22941	34	1801	 7 
10142.7	9523	22941	29	1792	 5 
8128.61	11188	22941	25	1678	 2 
10145.6	10902	22941	9	116	 2 

9482.26	12189	21496	23	1162	 97 
7592.59	10829	21496	29	1885	 88 
8212.81	11756	21496	27	1905	 86 
7579.58	9506	21496	33	2076	 83 
10080.9	11337	21496	3	105	 81 ***
8895.87	10132	21496	27	1677	 79 
8288.98	11315	21496	26	1631	 78 
9483.02	8974	21496	31	1960	 78 
10074.3	11276	21496	7	149	 68 
7312.04	9814	21496	41	2049	 67 
10078.6	10509	21496	11	494	 66 
10084.5	10115	21496	25	1717	 63 
8064.83	9782	21496	30	1483	 61 
8660.14	10417	21496	25	1659	 54 
5793.13	7880	21496	61	2416	 53 
7588.67	8503	21496	59	2419	 53 
7135.28	10776	21496	30	1958	 51 
7479.96	8757	21496	58	2074	 51 
9271.8	9829	21496	26	1858	 48 
7179.19	9748	21496	59	2142	 46 
7217.34	10115	21496	46	2047	 40 
6056.91	10142	21496	51	1795	 32 
8292.93	9132	21496	28	1397	 32 
7210.88	10450	21496	32	2010	 28 
7410.95	9286	21496	55	2086	 16 
10076.1	10944	21496	6	134	 13 
7851.85	8264	21496	39	2167	 12 
10093	10441	21496	24	1432	 6 
10082.8	11235	21496	4	102	 1 

8585.61	7321	21882	40	1839	 99 
8025.57	7452	21882	47	1968	 98 
9188.79	11575	21882	6	58	 98 
7984.4	7924	21882	32	1430	 92 
9188.35	11844	21882	6	58	 91 
6707.74	10127	21882	32	1573	 88 
8599.79	11449	21882	24	1287	 82 
7403.06	9940	21882	33	1561	 82 
7997.18	10624	21882	27	1333	 74 
7494.63	8568	21882	33	1431	 72 
9201.25	9960	21882	27	1385	 62 
9186.6	12188	21882	7	88	 55 
6321.29	9957	21882	34	1834	 55 
6103.38	7898	21882	50	1982	 51 
7388.85	10986	21882	30	1439	 51 
8923.3	9823	21882	28	1143	 50 
9994.06	11272	21882	11	251	 49 
7985.18	10696	21882	25	1045	 47 
7983.5	8801	21882	30	1443	 34 
7420.91	9772	21882	37	1677	 33 
6461.74	9816	21882	37	1798	 32 
10012.1	11124	21882	24	1290	 31 
8909.42	7796	21882	30	1470	 29 
9997.66	12288	21882	5	52	 21 ***
7116.65	7255	21882	60	2166	 11 
7498.53	8825	21882	29	1357	 9 
8112.12	7894	21882	37	1715	 9 
7698.42	7780	21882	59	1907	 3 
7496.71	10230	21882	28	1170	 1 
7406.74	10612	21882	29	1382	 0 

10144.8	14628	24549	5	87	 95 
7663.75	11104	24549	59	2018	 94 
10153.5	13523	24549	26	1176	 93 
10159.3	13212	24549	26	1625	 88 
7190.75	12466	24549	33	1744	 87 
9539.9	10587	24549	60	2078	 86 
8971.59	10906	24549	54	2214	 82 
8753.36	11872	24549	31	1814	 82 
9336.63	13771	24549	26	1417	 81 
7668.63	13680	24549	28	1068	 74 
9097.81	10893	24549	56	2095	 66 
9542.22	10598	24549	59	2232	 63 
9088.23	14172	24549	27	1724	 62 
9059.74	10656	24549	60	2032	 58 
8459.71	11373	24549	36	1644	 57 
8151.9	12548	24549	32	1583	 57 
8372.1	13556	24549	29	1511	 53 
9547.14	13113	24549	27	1634	 49 
8158.15	12316	24549	33	1737	 49 
8377	12879	24549	30	1504	 44 
8136.13	11405	24549	34	1566	 40 
9064.38	11262	24549	52	1661	 37 
10155.4	12463	24549	27	1481	 35 
8746.24	11739	24549	33	1599	 31 
7726.25	12155	24549	36	1494	 30 
8741.78	12395	24549	28	1527	 29 
7552.26	12402	24549	60	2246	 16 
10146.7	14463	24549	3	46	 11 ***
9351.01	13310	24549	27	1479	 9 

8044.47	11891	25922	59	2144	 99 
9652.49	9937	25922	59	1504	 99 
8840.77	9946	25922	55	2089	 93 
10268.5	10618	25922	32	1448	 93 
10253.9	11336	25922	10	432	 93 
9658.16	9779	25922	63	2222	 90 
9184.02	10564	25922	34	1799	 85 
9193.3	10832	25922	30	1713	 83 
10259.7	11667	25922	7	362	 81 
10261.8	12469	25922	4	8	 77 ***
9186.64	10246	25922	53	1841	 76 
10272.7	10483	25922	33	1745	 74 
8274.34	11151	25922	33	1806	 69 
9456.39	10456	25922	36	1386	 68 
9668.17	10385	25922	34	1795	 64 
8375.12	10836	25922	56	2144	 63 
10269	9789	25922	42	2017	 63 
9071.91	11005	25922	32	1601	 60 
9184.49	10970	25922	33	1783	 56 
10276.5	10996	25922	21	358	 51 
10265.2	10253	25922	36	1906	 49 
7655.19	11427	25922	60	2118	 47 
10255	10728	25922	32	1378	 46 
10257.7	9050	25922	63	2333	 45 
9664.95	10027	25922	38	1931	 42 
8870.2	10761	25922	37	1928	 38 
10251.6	12308	25922	29	531	 32 
10251.1	12705	25922	29	530	 25 
10255.5	11991	25922	6	53	 23 
8464.35	10261	25922	39	1925	 22 
8073.63	11085	25922	38	1651	 22 
9662.4	10039	25922	41	1631	 20 
9662.92	9745	25922	58	2372	 16 
8854.96	9647	25922	64	2119	 9 
10266.5	9683	25922	58	2112	 6 
10285.5	10734	25922	30	1537	 3 
8865.07	10939	25922	37	1872	 1 
7982.09	10006	25922	60	1929	 1 

