#76	28	9	2	35	48	22	67	209	251	
#43	26	28	4	54	20	94	309	169	0	
#6	8	33	49	35	42	203	98	255	18	 ***
#53	60	20	79	66	0	0	25	285	159	
#146	64	64	77	53	0	44	0	56	243	
#18	2	2	69	74	12	267	70	22	211	

70	73	58	0	98	141	20	48	179	0	
62	34	38	4	70	34	54	38	297	56	
71	14	56	0	60	12	48	145	0	281	
44	4	0	26	0	48	87	60	137	281	
6	10	33	10	42	58	64	106	250	108	
20	8	36	55	34	42	48	174	158	112	
42	8	46	0	19	72	46	164	278	12	
8	38	17	68	44	8	55	203	246	0	
8	8	32	21	54	42	261	102	92	67	
68	0	0	25	44	28	46	279	143	54	
6	8	32	50	50	44	64	106	29	298	
8	0	37	62	26	43	188	85	193	45	
6	8	33	24	47	42	72	98	247	110	
22	8	34	48	50	42	48	98	262	75	 ***
10	24	7	49	74	42	56	98	28	299	
48	55	26	0	37	46	104	12	125	234	
24	8	33	48	40	38	52	102	267	75	
2	115	98	70	2	52	20	256	0	72	
28	19	16	35	36	22	96	0	298	137	
6	24	32	48	34	36	68	102	40	297	
40	42	24	63	0	19	53	16	242	188	
44	40	72	0	52	15	63	65	301	35	
22	36	44	32	18	34	14	206	222	59	
24	8	48	17	34	42	48	98	95	273	
16	44	26	22	49	117	145	0	260	8	
6	8	35	17	52	46	228	98	133	64	
0	41	14	65	33	34	66	14	114	306	
46	45	34	36	18	32	121	47	0	308	
6	10	33	37	34	48	66	174	111	168	
6	8	36	33	68	26	100	102	188	120	
22	22	30	48	58	66	22	53	300	66	
60	10	53	0	69	80	42	38	54	281	
30	9	18	28	20	72	120	56	298	36	
6	8	33	32	36	44	220	101	120	87	
8	8	33	20	34	42	98	130	250	64	
22	39	49	32	58	57	22	69	288	51	
24	6	111	28	26	34	80	72	254	52	
34	0	77	44	10	16	56	26	302	122	
21	3	24	48	0	132	60	112	33	254	
22	47	6	134	44	5	116	265	0	48	
179	16	50	40	40	0	82	0	84	196	
25	0	0	62	44	39	44	43	250	180	
42	40	38	76	32	41	193	50	175	0	
66	8	0	45	21	66	55	55	281	90	
7	93	16	0	34	77	126	298	36	0	
58	22	40	112	20	38	22	11	291	73	
42	40	28	0	23	17	24	60	312	141	
6	12	34	49	52	44	228	98	42	122	
33	55	38	50	78	21	20	85	297	10	

64	41	42	2	64	20	114	70	286	8	
38	3	12	0	50	26	186	44	274	78	
89	40	24	42	0	164	155	12	0	185	
0	22	116	12	97	117	224	103	0	20	
20	0	36	44	46	40	62	128	244	91	
6	38	42	43	42	92	90	18	284	56	
44	41	22	46	56	58	64	76	20	284	
115	50	64	0	22	128	24	190	0	118	
20	64	40	12	42	56	44	98	244	91	
14	40	69	42	46	17	78	54	285	66	
22	96	0	36	103	32	6	222	0	194	
20	0	36	44	42	118	48	98	78	227	
22	10	34	46	42	45	49	98	246	119	
58	62	43	64	46	43	294	37	64	0	
24	118	52	86	45	46	51	52	0	237	
10	0	36	0	8	34	44	193	231	155	
34	24	8	53	66	59	229	0	36	202	
41	84	42	74	32	2	0	60	259	117	
61	85	76	14	13	60	132	19	251	0	
60	18	47	56	6	0	34	20	174	296	
8	6	16	85	62	43	74	283	94	40	
38	40	34	14	52	42	16	98	281	96	 ***

0	24	48	54	62	68	48	46	318	104	
56	84	0	48	0	72	288	160	0	64	
20	32	42	14	76	40	82	96	248	122	
42	68	44	0	104	40	262	84	0	128	
0	165	48	62	46	53	22	182	194	0	
16	58	8	48	76	54	48	106	38	320	
24	48	36	117	20	52	68	0	304	103	
22	42	35	14	84	125	48	82	105	215	
52	40	50	14	52	40	66	66	303	89	 ***
38	22	36	27	64	0	18	329	76	162	
20	32	34	22	76	56	80	136	254	62	
0	36	10	108	74	2	100	302	96	44	
36	0	80	0	62	18	106	39	194	237	
48	38	0	40	0	70	59	159	296	62	
16	72	34	38	42	24	28	96	262	160	
21	66	92	78	90	30	62	0	281	52	
17	32	51	62	44	24	44	130	252	116	
42	50	48	46	72	153	0	26	243	92	
16	32	37	22	76	24	77	120	252	116	
22	16	120	28	52	36	72	137	289	0	
171	40	66	14	60	40	77	72	154	78	
50	54	60	8	34	43	38	26	230	229	
108	0	34	2	104	24	114	52	24	310	
48	48	66	54	52	26	44	64	252	118	
10	49	8	36	56	0	106	158	305	44	
0	62	0	160	56	44	76	74	272	28	
66	64	8	56	0	60	38	52	274	154	
82	4	18	68	2	108	132	12	314	32	
56	34	42	99	42	172	40	24	58	205	
64	22	42	34	48	96	32	154	280	0	
70	86	28	2	144	0	28	214	48	152	
14	8	54	28	40	0	34	198	310	86	
56	8	32	66	52	0	6	182	282	88	
22	48	56	8	18	66	38	72	314	130	
94	78	4	6	20	80	297	146	47	0	

107	142	12	103	0	16	192	0	130	0	
70	32	34	36	68	8	0	98	302	54	
72	0	8	20	32	34	94	52	279	111	
36	24	64	16	24	74	40	72	316	36	
4	12	18	70	58	78	42	284	22	114	
50	0	50	2	36	40	44	284	84	112	
0	2	0	0	4	128	112	4	283	169	
16	0	179	30	34	6	40	229	104	64	
64	0	0	26	42	26	174	18	312	40	
8	16	60	26	2	40	72	0	284	194	
76	2	56	34	88	14	72	0	58	302	
32	18	74	64	36	8	0	168	302	0	
48	0	50	2	41	68	46	94	261	92	
52	0	82	14	46	28	62	64	90	264	
0	36	8	2	26	50	304	82	74	120	
4	0	72	16	0	98	120	76	284	32	
2	56	110	50	38	50	62	38	296	0	
38	50	48	56	54	2	34	126	292	2	
52	0	50	12	38	40	46	114	80	270	
32	58	110	36	2	48	50	0	334	32	
160	120	56	40	4	8	220	46	48	0	
6	0	4	0	90	64	52	300	22	164	
0	40	179	0	16	0	8	176	34	249	
26	28	32	34	32	8	4	48	318	172	
0	20	34	8	40	134	42	98	260	66	
52	2	54	10	43	24	110	54	261	92	 ***
52	40	72	88	0	0	42	38	320	50	
36	60	6	73	0	36	291	166	0	34	
52	0	54	10	38	28	72	72	112	264	
44	0	16	42	83	26	70	60	330	31	
48	32	54	2	44	40	44	103	255	80	
56	0	56	48	39	24	70	66	261	82	
38	86	28	80	0	62	34	290	18	66	
32	48	36	16	8	54	4	40	258	206	
52	0	90	10	48	24	54	64	90	270	
32	0	0	10	32	42	96	298	64	128	
10	38	22	32	14	79	84	106	285	32	
0	0	0	10	4	66	176	124	270	52	
66	10	20	22	14	10	52	136	304	68	
20	4	64	74	42	48	72	0	318	60	

60	22	16	0	72	116	0	48	235	84	
36	2	34	26	30	32	102	231	68	92	
20	74	88	0	48	14	267	118	24	0	
64	173	12	0	4	4	0	166	216	14	
48	4	8	74	76	4	48	48	297	46	
4	84	68	0	2	52	68	84	255	36	
8	70	64	0	42	16	16	36	222	179	
44	38	64	0	4	64	166	229	40	4	
2	18	56	72	4	32	10	118	267	74	
0	144	2	18	12	14	110	4	253	96	
94	34	65	4	139	52	0	161	0	104	
0	72	14	132	30	12	0	64	74	255	
34	6	50	6	38	24	84	239	84	88	
66	66	20	64	0	48	120	26	235	8	
28	8	66	80	34	139	58	24	216	0	
32	2	42	42	44	32	80	30	257	92	 ***
30	32	6	40	26	42	86	28	249	114	
66	64	0	28	40	30	125	44	244	12	
8	40	30	6	32	4	32	56	281	164	
16	58	36	0	36	0	52	32	273	150	
21	2	81	10	40	36	96	20	249	98	
2	66	54	44	14	28	80	16	305	44	
36	0	82	0	163	0	132	174	28	38	
20	68	2	0	52	50	40	269	22	130	
24	11	40	14	88	28	70	16	257	105	
33	2	6	10	46	56	90	105	60	245	
44	52	0	96	22	40	63	0	218	118	
22	50	0	36	10	40	130	12	285	68	
28	11	42	10	44	40	43	62	247	126	
0	18	22	32	112	0	26	140	257	46	
44	28	10	44	8	8	32	0	234	245	
16	160	10	10	6	16	32	267	136	0	
76	72	32	0	140	32	40	229	32	0	
16	46	14	68	16	8	28	144	281	32	
50	18	100	8	72	64	32	53	242	14	
4	16	56	20	4	8	142	76	263	64	
40	20	38	30	72	53	0	128	247	25	
48	32	38	46	56	14	0	16	237	166	
40	13	38	10	48	28	87	16	251	122	
12	30	2	80	8	2	20	198	233	68	
14	6	4	68	46	0	0	241	162	112	
52	0	26	4	6	34	78	8	222	223	
21	20	6	10	40	28	117	20	249	142	
52	26	36	32	26	38	192	0	237	14	
24	2	42	6	38	28	100	91	84	238	

16	16	42	0	0	32	36	219	16	196	
28	98	18	0	6	0	0	139	62	222	
28	3	42	34	32	30	97	30	217	60	
28	2	42	34	32	24	106	28	217	60	
28	2	42	39	30	24	36	60	112	200	
28	2	42	34	32	24	73	20	128	190	
8	66	10	8	4	0	170	42	265	0	
29	2	50	34	32	32	75	20	221	78	
10	2	36	40	93	2	0	12	194	184	
20	10	0	48	54	0	151	40	226	24	
28	5	43	34	34	32	92	20	217	68	 ***
36	2	47	34	32	28	97	20	217	60	
8	52	8	30	42	42	36	16	238	101	
0	130	8	32	108	0	106	0	189	0	
34	18	10	2	22	66	98	44	227	52	
28	2	42	34	98	27	70	20	196	56	
40	130	0	70	0	16	104	14	199	0	
28	2	42	34	30	25	231	22	103	56	
12	44	12	50	22	124	0	0	92	217	
18	0	36	96	10	24	149	0	220	20	
18	20	2	0	44	14	147	26	266	36	
32	50	10	0	11	60	138	12	252	8	
28	2	42	34	30	24	45	82	85	201	
28	2	42	34	19	24	81	20	133	190	
28	2	43	34	32	28	104	21	215	66	
28	2	89	34	30	24	71	20	217	58	
34	54	140	0	0	0	25	44	206	70	
26	8	42	39	2	92	65	30	211	58	
22	16	0	16	6	18	68	164	254	9	
28	5	42	34	33	32	104	20	215	60	
28	0	50	37	103	24	174	20	81	56	
30	2	10	34	46	24	113	32	66	216	
32	12	8	2	40	48	181	30	204	16	
28	2	42	34	30	24	71	20	124	198	

76	63	91	0	14	0	211	19	43	46	
32	26	11	91	0	28	265	0	84	26	
19	8	38	45	22	32	64	211	72	52	
33	2	114	52	17	55	81	5	204	0	
12	5	40	0	31	24	246	40	96	69	
21	4	6	41	120	30	94	40	149	58	
63	0	14	37	0	60	30	98	207	54	
0	30	41	6	20	29	229	0	18	190	
87	16	4	2	30	48	37	0	201	138	
33	66	6	0	1	16	164	12	239	26	
30	36	35	22	16	15	116	66	227	0	
44	20	69	28	22	36	0	40	240	64	
0	51	0	45	28	20	200	16	0	203	
0	25	8	0	51	46	244	48	102	39	
12	9	40	33	43	36	226	30	56	78	
15	9	60	0	38	24	226	34	91	66	
12	4	39	33	30	36	56	57	246	50	
12	7	39	32	24	28	62	213	64	82	
135	32	38	36	23	86	0	0	80	133	
15	5	38	25	34	37	83	25	233	68	
1	128	54	62	0	0	39	76	50	153	
12	5	14	38	58	28	56	198	101	53	
24	28	10	16	179	0	4	112	0	190	
10	83	8	50	24	17	98	52	221	0	
0	99	48	61	33	76	0	73	132	41	
34	23	68	1	75	108	27	66	161	0	
20	0	1	10	6	18	63	152	224	69	
67	72	44	26	80	34	28	15	197	0	
0	119	12	18	18	0	14	48	203	131	
24	23	40	32	22	35	81	21	231	54	 ***

18	45	16	20	72	0	249	107	152	20	
8	13	36	114	50	24	146	45	238	25	
32	6	24	10	12	88	185	84	258	0	
56	43	1	8	112	89	50	66	240	34	
28	24	6	148	22	45	101	100	118	107	
44	24	79	51	4	0	74	84	139	200	
8	9	45	76	87	16	86	0	210	162	
40	5	4	59	46	136	110	60	183	56	
20	92	46	30	53	0	12	52	258	136	
28	5	6	120	26	23	115	207	111	58	
40	25	12	32	128	45	87	52	221	57	
23	89	40	115	72	130	0	41	0	189	
37	45	8	34	57	8	145	114	243	8	
76	0	46	107	140	36	0	42	141	111	
0	61	100	51	33	55	0	90	228	81	
56	69	36	37	22	41	62	207	115	54	
36	36	152	70	52	91	51	46	165	0	
56	15	40	32	78	13	77	36	148	204	
24	39	36	58	30	41	53	47	241	130	
44	16	100	64	0	59	152	0	212	52	
64	20	109	0	182	0	16	214	59	35	
6	40	52	23	30	84	12	224	88	140	
44	50	10	5	48	28	26	110	254	124	
28	13	36	142	54	41	64	137	114	70	
24	7	48	56	54	9	66	69	243	123	
24	47	46	35	22	41	63	100	132	189	
118	29	55	32	32	0	112	34	247	40	
21	13	36	64	74	49	67	24	148	203	
64	4	36	48	26	131	130	96	110	54	
24	29	69	36	38	29	101	207	112	54	
20	8	54	40	42	133	50	58	78	216	
55	11	89	149	6	4	169	80	88	48	
54	16	24	0	37	104	118	76	236	34	
69	77	69	20	21	84	0	88	219	52	
49	55	8	81	76	0	60	54	232	84	
50	22	52	34	37	40	121	61	242	40	
4	31	26	85	56	50	54	96	213	84	
30	79	64	97	50	10	55	0	230	84	
24	19	37	62	22	62	69	65	253	86	
20	11	24	90	72	61	205	50	126	40	
24	27	36	64	30	25	93	72	274	54	 ***
32	23	12	73	22	36	125	0	151	225	

12	21	44	30	37	20	82	8	226	121	
24	28	36	32	14	9	224	32	140	62	
41	25	50	0	38	0	50	106	198	93	
26	26	36	32	32	33	224	24	100	68	
26	27	36	32	30	25	76	198	97	54	
20	22	21	23	76	40	16	148	215	20	
133	35	32	0	34	57	59	100	97	54	
42	18	24	44	38	19	36	143	237	0	
31	66	52	0	15	55	62	31	209	80	
11	152	9	36	0	97	36	0	156	104	
26	25	32	44	14	9	51	40	265	95	
17	21	52	10	19	24	40	194	224	0	
24	32	32	34	15	9	51	192	139	73	
34	30	64	0	30	25	232	30	94	62	
32	23	32	32	30	33	95	40	94	190	
45	46	32	28	0	12	238	32	113	55	
145	59	21	24	67	38	0	30	169	48	
26	12	36	40	14	9	224	27	159	54	
24	8	4	32	14	17	138	36	264	64	
36	0	14	12	16	65	132	34	270	22	
29	59	16	0	17	56	60	37	217	110	
18	28	40	56	30	31	55	192	97	54	
25	28	149	37	30	35	174	0	123	0	
34	32	37	40	17	9	51	69	266	46	
26	26	32	40	30	11	102	24	248	62	 ***
32	41	44	40	58	26	74	12	44	230	
32	24	32	32	20	28	50	191	146	46	
34	18	12	5	20	0	31	142	225	114	
27	5	34	34	50	48	0	235	42	126	
32	8	0	40	54	9	116	56	232	54	
21	64	8	80	25	16	38	61	226	62	
40	24	32	32	14	25	52	70	266	46	
48	34	4	0	76	1	14	67	244	113	
0	45	73	20	33	148	58	209	0	15	
32	24	13	32	22	9	223	106	86	54	
0	4	34	41	20	16	93	102	255	36	
32	26	46	32	30	25	63	192	101	54	

16	21	80	28	62	66	13	56	26	212	
27	76	32	24	26	3	80	0	119	193	
0	121	50	0	24	4	188	4	92	97	
98	3	1	42	22	22	98	25	241	28	
50	16	84	20	22	18	0	19	250	101	
43	38	3	10	26	1	74	48	241	96	
0	43	20	44	130	7	125	76	78	57	
28	10	14	5	4	35	204	43	200	37	
43	26	32	10	28	6	108	0	136	191	
43	47	40	10	43	3	96	0	234	64	
146	70	0	42	14	0	183	25	46	54	
35	44	14	34	60	23	193	84	0	93	
20	38	66	34	32	22	144	12	212	0	
40	29	0	14	26	1	73	66	253	78	
74	0	0	64	29	74	213	55	17	54	
44	32	12	120	89	12	0	58	188	25	
18	33	24	51	27	20	239	38	70	60	
24	27	37	8	26	4	101	48	247	58	
52	2	39	53	70	18	79	23	194	50	
25	48	0	30	46	2	93	33	241	62	
22	41	55	28	22	76	110	27	199	0	
24	44	0	124	10	30	138	48	98	64	
40	78	0	123	0	63	58	43	15	160	
8	6	53	0	0	36	147	27	42	261	
47	9	17	2	15	147	0	180	25	138	
120	0	132	21	0	11	172	36	37	51	
23	27	30	88	0	6	17	20	223	146	
38	26	19	8	50	3	85	48	240	63	 ***
40	19	19	26	52	22	52	127	191	32	
102	32	4	11	14	26	48	32	75	236	
74	20	14	19	59	0	225	56	53	60	
26	10	84	14	10	52	30	72	212	70	
50	6	42	0	29	44	238	110	14	47	
42	62	68	12	44	28	86	0	220	18	
68	55	16	4	29	12	144	11	241	0	
6	52	29	31	10	16	88	46	236	66	
28	25	8	8	26	38	77	50	249	71	
24	27	50	16	18	2	248	0	117	78	

32	23	19	13	20	13	93	51	237	66	
10	24	18	51	20	41	107	79	217	0	
0	157	26	0	30	24	185	88	6	51	
38	23	31	9	20	3	72	52	233	86	 ***
38	28	31	8	21	17	54	49	112	209	
17	0	34	23	0	0	40	218	211	24	
37	22	21	8	29	11	75	69	86	209	
36	14	38	20	0	8	260	29	13	149	
0	19	18	36	58	45	125	48	218	0	
47	4	8	12	5	18	43	36	216	178	
14	17	12	10	66	46	30	74	221	77	
36	29	19	13	30	3	55	76	97	209	
32	23	5	8	32	16	88	64	237	62	
9	32	73	25	77	0	244	46	10	51	
1	21	17	0	38	27	142	12	231	78	
52	20	64	37	53	0	42	0	227	72	
52	42	53	0	154	0	175	0	43	48	
32	23	19	8	35	6	75	56	240	73	
8	1	17	27	12	32	16	28	259	167	
18	92	2	84	0	20	34	25	241	51	
38	22	31	9	22	4	74	52	251	64	
36	6	6	5	31	23	148	69	243	0	
27	2	88	40	44	8	79	61	212	6	
32	21	31	8	22	9	71	74	94	205	
40	25	19	8	35	3	75	67	80	215	
16	18	29	32	14	9	252	28	16	153	
32	22	29	10	24	3	123	58	82	184	

28	16	20	2	31	32	28	202	209	0	
33	6	31	17	22	7	237	64	86	65	
4	32	11	32	76	7	20	36	252	98	
30	6	31	14	31	3	236	69	86	62	
46	35	40	35	38	57	205	112	0	0	
33	12	1	38	19	50	33	56	222	104	
17	2	13	8	18	6	23	134	96	251	
30	6	36	9	23	52	92	52	86	182	
33	9	78	14	28	18	233	51	62	42	
31	6	43	10	22	4	128	26	85	213	
34	4	31	10	24	5	239	54	95	72	
30	4	31	20	24	5	237	63	84	70	
50	24	12	37	43	16	58	44	256	28	
38	4	32	20	26	3	96	52	231	66	
53	16	0	139	14	0	47	63	169	67	
32	14	33	14	20	4	125	178	85	63	
53	129	36	0	21	57	193	46	33	0	
30	8	41	9	20	9	94	53	235	69	
30	5	8	23	52	19	34	98	224	75	
28	96	0	48	34	108	58	159	0	37	
32	13	35	10	20	19	90	54	113	182	
29	51	0	30	32	12	162	0	42	210	
30	10	54	9	22	3	89	54	115	182	
30	12	35	20	24	4	90	52	119	182	
10	44	4	11	28	40	139	259	8	25	
36	46	0	12	12	54	52	41	226	89	
35	6	31	21	20	5	89	60	237	64	
33	8	39	8	119	17	90	52	140	62	
53	27	4	23	38	20	169	208	24	2	
31	6	39	14	30	7	88	54	237	62	 ***
24	1	16	53	45	23	52	38	234	82	
30	8	33	12	119	4	143	53	94	72	
28	29	56	42	2	15	157	25	214	0	
34	24	42	86	45	46	24	61	206	0	
35	6	41	8	30	8	89	54	115	182	
32	7	36	16	21	11	86	62	113	184	
36	35	75	83	0	9	22	37	261	10	
31	8	32	13	31	3	109	50	227	64	
30	8	38	12	20	4	87	72	93	204	

37	10	52	8	20	26	56	0	138	307	
19	4	30	29	36	0	69	10	216	241	
67	5	33	39	18	8	56	127	77	224	
19	4	48	28	20	57	56	86	272	64	 ***
16	12	19	1	48	22	0	32	315	189	
23	11	24	0	20	18	95	20	284	159	
10	17	2	60	22	36	37	135	296	39	
6	54	91	34	120	19	0	46	210	74	
25	10	27	60	72	16	84	107	253	0	
22	34	10	4	21	50	110	68	268	67	
58	26	61	22	181	49	6	175	76	0	
56	4	68	74	0	145	45	190	72	0	
21	12	32	50	52	0	102	70	253	62	
121	42	26	16	32	2	263	53	25	74	
13	56	143	1	55	33	49	84	220	0	
77	20	35	12	20	122	41	43	116	168	
123	28	18	164	16	14	117	18	156	0	
20	29	66	20	21	0	72	108	253	65	
20	18	33	52	17	24	90	128	268	4	
96	124	37	92	32	14	24	201	34	0	
23	0	50	16	22	57	102	82	240	62	
90	39	48	19	1	21	281	104	51	0	

4	109	68	24	89	44	82	166	63	68	
9	110	0	68	48	17	220	0	245	0	
26	0	52	44	52	42	183	118	152	48	
37	0	44	33	20	48	83	105	133	214	
96	0	3	24	17	0	10	113	240	214	
6	67	136	1	0	104	0	279	0	124	
8	0	60	47	27	45	96	86	179	169	
15	0	44	36	57	43	64	148	258	52	 ***
44	32	45	40	16	40	168	86	194	52	

132	34	66	52	53	26	279	32	16	32	
21	60	0	79	89	6	118	26	244	79	
11	38	48	40	91	42	60	112	236	44	
11	0	53	52	41	58	60	80	182	185	
15	0	82	34	61	43	62	144	233	48	 ***
15	0	44	38	120	79	96	80	206	44	
36	8	135	60	52	37	0	276	64	54	
7	62	92	0	16	46	0	73	249	177	
102	58	19	32	14	18	302	92	45	40	
79	6	29	22	70	0	163	22	243	88	
11	0	44	34	63	46	60	215	205	44	
44	16	6	42	52	136	36	59	84	247	
5	46	24	48	85	2	4	305	169	34	
4	64	38	45	117	6	54	48	310	36	
15	0	44	38	73	43	28	156	270	55	
0	15	84	32	49	32	157	42	271	40	
15	0	44	129	57	43	64	80	144	146	
7	18	0	0	16	22	78	90	267	224	
50	30	35	101	16	91	113	20	258	8	
90	72	58	0	48	118	18	48	262	8	
9	4	80	42	59	42	96	80	262	48	
71	56	80	114	73	38	0	9	78	203	
11	0	44	34	57	110	54	82	141	189	
11	0	48	70	57	42	60	211	142	81	
15	0	82	34	65	45	60	76	233	112	
15	0	30	73	63	42	60	222	141	76	
37	52	59	14	0	57	47	140	268	48	
37	48	20	32	8	12	77	177	274	37	
4	52	6	109	18	4	0	290	32	207	
21	137	100	12	24	52	86	2	250	38	

28	22	36	2	36	70	0	213	281	0	
8	0	107	62	41	51	29	32	147	211	
50	32	4	48	10	34	292	144	0	74	
32	22	12	32	48	70	73	38	303	58	
8	0	32	19	120	16	0	120	301	72	
0	24	25	0	51	130	58	56	288	56	
13	0	85	63	41	50	35	64	120	217	
9	0	83	34	125	50	112	36	190	49	
127	18	48	0	32	6	100	29	48	280	
48	146	8	94	24	0	56	32	271	9	
6	64	8	10	74	48	98	68	312	0	
0	24	32	0	16	64	0	222	40	290	
5	0	78	26	41	42	29	240	75	152	
16	52	72	88	12	40	75	8	309	16	
0	3	66	54	8	0	38	297	158	64	
8	0	83	63	83	42	27	50	128	204	
0	0	70	28	0	60	283	0	112	135	
6	16	88	30	41	58	62	32	144	211	
103	52	85	32	0	40	57	32	275	12	
15	0	90	34	53	43	28	198	125	102	
74	14	52	2	69	16	22	96	297	46	
9	0	115	78	57	42	39	108	200	40	 ***
73	72	6	48	0	32	74	82	301	0	
42	20	50	16	38	14	56	123	309	20	
43	0	90	34	53	74	118	37	191	48	
16	12	51	0	95	33	82	97	302	0	
0	2	100	14	0	64	0	150	295	63	
34	34	82	2	0	38	46	108	316	28	
33	0	86	32	76	48	35	32	199	147	
0	24	72	101	116	64	0	291	20	0	
16	18	8	20	52	41	8	126	329	70	

10	26	42	26	2	0	50	104	305	114	
16	28	42	4	50	72	6	279	182	0	
22	24	46	0	56	111	28	92	262	38	
43	4	26	16	26	68	0	169	279	48	
24	18	32	56	66	32	28	32	298	93	
9	0	115	42	40	42	36	72	119	204	
8	0	135	26	40	42	33	72	119	204	
22	98	54	18	52	0	92	33	310	0	
44	26	8	0	24	16	128	72	279	82	
0	58	28	44	26	10	73	58	314	68	
24	0	38	64	40	38	160	0	303	12	
42	12	48	34	0	8	80	9	308	138	
52	16	2	8	106	12	98	2	297	86	
36	10	36	0	107	50	0	258	182	0	
157	8	4	4	137	0	58	76	227	8	
10	2	24	34	0	88	197	22	282	20	
12	0	6	8	86	54	50	9	286	168	
8	0	115	34	40	42	35	83	118	204	
22	0	141	66	40	42	53	104	187	24	
8	0	115	42	40	42	41	80	99	212	
2	44	32	113	4	26	8	24	182	244	
32	0	115	26	40	42	33	76	187	128	 ***
4	42	78	0	98	20	34	141	261	1	
129	10	61	34	71	92	57	31	194	0	
72	118	14	42	88	4	32	0	269	40	
24	0	24	7	42	68	0	46	158	310	
86	4	0	56	4	8	66	40	269	146	
4	64	10	24	64	112	0	64	270	67	
8	0	115	78	46	42	57	121	187	25	
0	12	108	74	32	34	66	20	300	33	

52	38	43	14	22	52	136	0	207	90	
40	16	26	4	4	32	80	17	211	224	
92	0	63	9	8	52	79	148	187	16	
14	32	44	1	30	8	237	0	98	190	
46	0	17	0	0	86	188	34	257	26	
52	4	32	35	82	36	12	134	267	0	
14	8	20	18	92	0	66	10	244	182	
76	0	13	0	16	38	36	34	250	191	
37	4	65	8	75	81	51	68	130	135	
18	50	14	5	36	0	8	77	191	255	
63	74	2	0	64	16	72	8	319	36	
4	0	84	111	50	0	52	98	243	12	
96	0	63	10	8	60	65	68	106	178	
42	52	73	0	0	0	44	49	284	110	
0	54	2	52	78	38	8	32	103	287	
58	0	63	8	12	42	159	100	132	80	
24	0	63	8	25	42	165	76	110	141	
64	20	4	8	22	76	0	0	234	226	
24	0	67	12	16	42	127	176	120	70	
72	0	32	56	86	4	8	52	279	65	
32	60	131	6	0	77	0	60	252	36	
36	52	4	17	8	12	26	0	246	253	
24	0	64	18	12	78	112	85	92	169	
34	0	36	105	0	52	84	0	263	80	
67	34	18	10	0	110	0	100	255	60	
32	0	146	12	40	42	21	72	84	205	
1	82	12	34	34	0	28	141	290	32	
64	24	2	47	10	0	148	42	48	269	
92	4	65	9	8	50	89	68	86	183	
28	98	63	8	8	82	41	68	154	104	 ***
97	48	54	0	0	141	42	260	12	0	
0	74	28	2	99	121	0	206	124	0	

4	158	16	44	36	100	0	0	202	0	
16	106	94	20	27	56	0	70	0	171	
0	179	74	8	4	64	2	0	211	18	
64	165	0	36	0	0	36	208	51	0	
8	0	0	204	64	82	0	0	174	28	
0	0	0	90	48	22	0	4	68	328	
46	154	36	0	44	10	40	230	0	0	
24	106	6	4	12	34	141	82	103	48	 ***
24	0	7	4	8	34	38	84	91	270	
12	0	0	48	0	44	294	0	122	40	
40	107	8	38	22	0	251	25	53	16	
24	0	4	20	4	34	28	48	89	309	
20	127	0	8	84	4	24	253	0	40	
16	6	0	32	32	0	0	22	206	246	
48	117	4	0	0	32	0	68	281	10	
76	0	18	4	4	86	0	8	330	34	
24	0	6	4	8	36	40	82	93	267	
10	2	4	38	0	0	337	0	169	0	
16	179	8	36	32	32	38	201	18	0	
8	106	4	48	24	0	90	44	187	49	
28	81	4	4	8	34	28	48	83	242	
24	0	6	4	8	34	54	82	83	265	
0	76	0	107	38	8	331	0	0	0	
14	106	50	9	20	32	99	33	197	0	
8	16	32	12	0	12	32	5	187	256	
0	20	16	6	0	16	322	0	176	4	
0	165	32	40	32	56	0	8	207	20	
96	0	0	0	0	36	12	8	84	324	
82	138	0	64	10	0	10	0	241	15	
92	2	8	0	64	0	326	0	4	64	
20	58	8	20	40	18	0	316	80	0	
32	104	90	44	64	5	0	36	183	2	
99	0	0	8	8	8	0	116	321	0	
84	10	0	0	0	0	0	16	124	326	
0	0	0	12	0	2	150	0	320	76	
40	98	18	6	98	38	106	0	136	20	
24	106	6	4	8	16	58	50	89	199	

4	47	48	0	8	0	236	98	211	16	
46	0	32	142	0	36	0	72	36	304	
56	4	0	8	102	0	252	164	0	82	
32	90	0	37	4	66	200	91	114	34	 ***
30	32	8	0	68	34	272	68	102	54	
48	129	4	40	12	1	260	88	82	4	
70	80	64	32	0	20	308	0	76	18	
25	4	4	0	44	66	270	122	68	65	
0	88	44	80	0	50	215	86	61	44	
0	0	32	0	106	75	158	0	0	297	
32	52	4	8	141	0	132	56	243	0	
36	0	25	16	88	76	281	72	74	0	
29	0	34	64	4	4	244	12	236	41	
0	38	33	84	4	40	44	246	0	179	
6	36	4	4	0	8	319	76	111	104	
32	80	0	8	18	0	212	269	49	0	
0	6	52	36	45	0	305	166	58	0	
0	12	0	9	36	70	261	114	96	70	
64	82	59	50	104	52	173	84	0	0	
8	86	0	114	36	0	288	72	64	0	
46	72	80	0	8	6	293	0	163	0	
56	32	16	159	0	32	8	32	257	76	
40	38	36	77	0	36	265	66	0	110	
0	0	32	40	0	48	275	46	160	67	
162	16	40	73	0	40	253	0	0	84	
2	0	17	16	0	215	110	0	72	236	
64	56	9	0	36	8	343	0	84	68	
8	113	8	68	2	40	290	56	83	0	
32	6	32	32	8	42	273	68	105	70	
8	12	16	32	44	32	240	214	36	34	
18	64	40	0	12	34	242	109	74	75	
40	143	36	0	84	15	276	8	66	0	
64	60	0	10	32	125	254	72	51	0	
36	73	2	72	0	0	316	108	21	40	
80	0	4	48	48	0	229	32	40	187	
0	32	36	34	8	32	258	250	14	4	

36	5	5	11	110	44	66	266	68	102	
36	40	80	0	90	32	0	227	208	0	
0	45	11	68	136	104	48	206	31	64	
2	40	41	64	4	32	258	96	63	113	
46	6	40	0	50	32	48	264	114	113	
32	137	69	0	68	0	253	58	96	0	
32	0	32	134	36	8	0	138	301	32	
4	4	96	110	32	0	32	299	96	40	
46	147	0	0	32	82	4	231	105	66	
0	77	4	36	127	66	87	164	88	64	
20	8	36	8	32	44	69	280	146	70	
2	53	36	44	34	64	56	268	88	68	
0	37	69	68	0	78	223	122	52	64	
0	76	4	0	8	32	0	235	274	84	
24	44	8	40	16	34	211	232	70	34	
0	79	8	69	10	96	239	32	108	72	 ***
32	66	0	54	17	32	140	36	46	290	
14	75	13	41	6	64	197	191	48	64	
4	43	8	76	8	36	54	260	160	64	
18	33	44	44	32	6	264	64	162	46	
7	43	4	44	12	96	48	262	129	68	
123	33	64	68	48	48	20	266	0	43	
36	45	8	36	27	64	238	131	56	72	
64	96	10	0	32	8	2	298	0	203	
64	4	120	73	0	56	32	330	0	34	
0	81	32	2	32	40	297	0	149	80	
0	36	74	0	0	151	116	296	4	36	

46	0	32	17	16	68	270	116	117	0	
32	20	35	108	8	32	277	138	0	32	
116	68	34	40	0	51	273	0	0	100	
0	83	8	41	2	120	258	0	94	76	
74	0	98	78	34	0	270	0	110	18	
0	51	52	64	2	81	278	80	52	22	
36	0	0	48	12	44	287	8	32	215	
76	0	0	32	22	40	285	128	67	32	
0	146	40	9	8	0	4	4	305	166	
8	46	15	91	114	84	268	0	34	22	
0	6	0	34	50	76	300	37	179	0	
20	50	68	136	18	0	254	0	136	0	
80	131	136	18	4	0	0	0	148	165	
16	64	26	32	48	36	267	37	0	156	
0	0	0	144	32	34	0	128	44	300	
14	2	80	72	48	32	298	50	70	16	
68	34	8	64	0	25	305	20	158	0	
154	32	114	0	0	32	24	0	262	64	
0	122	3	20	32	32	269	56	32	116	
16	0	0	41	0	8	221	280	80	36	
0	179	0	0	42	4	0	298	116	43	
41	8	6	37	63	66	273	32	49	107	
20	172	0	0	0	159	127	0	132	72	
0	2	67	75	25	2	268	0	237	6	
0	38	109	8	12	0	300	34	34	147	
116	10	0	36	20	0	275	28	82	115	
0	47	28	41	34	72	258	0	76	126	 ***
32	40	92	32	34	32	236	62	122	0	
48	26	40	4	64	11	296	0	40	153	
0	42	161	0	33	0	134	0	99	213	
66	32	0	40	16	120	291	117	0	0	
64	144	0	96	0	72	0	266	0	40	
0	124	40	33	0	161	36	32	256	0	
157	42	0	106	38	0	253	20	0	66	
0	36	18	64	13	72	298	91	52	38	
0	46	18	32	0	129	276	36	24	121	
83	82	2	11	40	29	266	20	117	32	
66	64	2	10	6	29	298	64	65	78	

0	48	2	8	20	32	329	32	160	12	
4	32	32	40	48	42	345	0	60	40	
75	80	0	120	50	4	274	0	0	40	
3	36	48	13	18	72	273	180	0	0	
0	72	7	50	17	0	297	46	154	0	
16	4	78	88	18	136	271	32	0	0	
8	0	18	0	120	44	275	40	8	130	
72	36	0	0	17	43	260	154	61	0	
5	36	16	65	34	40	319	0	86	42	
32	80	8	0	2	0	279	144	40	58	
178	19	0	88	4	0	194	0	0	160	
143	18	32	0	0	0	301	36	105	8	
44	56	16	32	8	5	320	162	0	0	
44	134	40	4	0	32	240	18	131	0	
60	0	41	0	0	0	286	133	0	123	
167	76	64	0	40	0	0	32	0	264	
0	44	26	41	35	60	343	0	52	42	
16	4	48	32	32	40	278	16	0	177	
40	132	0	53	8	2	8	16	72	312	
16	7	41	36	42	124	267	74	36	0	
8	0	124	12	0	0	0	323	64	112	
0	36	28	57	36	48	319	0	77	42	 ***
40	14	12	33	0	8	343	189	4	0	
29	8	0	48	12	0	302	24	0	220	

106	46	0	77	0	2	272	81	108	22	
0	41	24	58	50	46	281	0	174	40	
34	32	19	84	59	0	158	45	0	283	
0	36	52	58	51	42	281	0	56	138	
3	38	63	36	64	66	264	64	116	0	
36	0	60	0	21	96	271	20	176	34	
16	4	64	0	34	40	212	52	292	0	
0	62	38	59	36	48	290	0	143	38	
76	0	12	0	4	34	0	236	80	272	
0	74	0	2	4	0	40	281	293	20	
0	36	0	66	89	79	278	0	139	27	
20	32	0	0	40	48	229	0	261	84	
41	80	2	0	4	81	270	69	46	121	
96	66	31	28	54	0	257	0	42	140	
0	36	34	92	56	42	283	0	73	98	
12	32	34	44	70	48	277	94	0	103	
20	64	6	68	75	42	279	52	0	108	
8	32	63	63	52	60	283	0	115	38	 ***
0	33	132	50	76	18	281	48	32	44	
60	18	20	0	67	8	272	217	0	52	
0	3	32	57	36	42	283	171	18	72	
110	10	46	114	0	0	134	0	32	268	
40	72	104	41	0	34	275	46	102	0	
72	2	32	16	42	2	56	0	158	334	
0	36	28	77	36	68	285	0	113	71	
0	8	102	98	100	53	285	0	0	68	
0	36	23	56	40	42	325	14	135	43	
67	46	0	38	80	70	273	0	108	32	
8	0	14	45	54	100	272	0	211	10	
8	8	36	24	0	0	264	18	224	132	
0	48	4	48	32	161	26	128	227	40	
2	77	16	4	20	10	343	76	110	56	
32	0	68	111	32	120	31	0	42	278	
84	74	42	119	32	0	273	16	60	14	
44	72	0	66	116	133	105	178	0	0	
38	72	45	126	32	0	0	128	273	0	

69	74	0	40	64	68	269	112	34	38	
40	80	2	64	6	36	225	115	0	200	
0	75	106	1	150	0	238	84	68	46	
4	32	59	62	58	76	83	82	231	81	
4	23	145	98	65	84	254	91	4	0	
32	6	98	67	16	60	199	2	236	52	
48	10	10	160	33	48	65	289	41	64	
4	80	50	62	82	45	274	0	32	139	
0	51	66	24	10	148	228	8	35	198	
2	40	89	53	134	69	298	45	38	0	
25	48	0	8	0	0	274	82	183	148	
26	1	92	38	0	82	276	37	181	35	
88	16	14	24	65	54	275	0	207	25	
65	56	70	149	46	112	161	0	109	0	
12	32	56	79	66	44	294	0	84	101	
37	60	57	0	5	138	222	0	36	213	
14	50	74	10	1	0	215	12	240	152	
32	10	54	33	88	100	264	43	22	122	
0	28	50	33	0	9	242	256	64	86	
10	41	32	20	56	8	299	20	113	169	
4	49	50	94	52	44	289	0	85	101	 ***
0	59	83	0	36	21	281	41	107	140	
41	72	12	62	64	0	299	0	66	152	
18	36	120	99	20	40	219	36	148	32	
0	20	16	32	40	22	16	266	168	188	
53	4	48	0	114	0	198	54	262	35	
85	0	0	34	48	38	72	68	197	226	
36	32	82	62	58	44	278	0	104	72	
8	68	38	48	32	8	272	24	209	61	
16	104	52	118	40	52	267	0	82	37	
32	20	0	111	0	79	244	20	96	166	
46	0	38	16	136	113	32	174	213	0	
68	32	60	63	52	44	294	0	118	37	
56	0	50	53	0	83	237	223	34	32	

