#150	0	23	0	0	52	95	219	25	183	
#137	2	30	62	54	60	242	148	12	0	
#13	52	128	53	4	0	24	269	148	56	 ***
#6	33	45	142	80	32	138	18	0	253	

16	48	22	37	4	0	260	124	116	60	
20	68	20	32	52	4	196	56	239	0	
27	0	0	104	68	27	128	134	99	100	
46	55	7	52	60	68	73	36	290	0	
64	42	46	24	18	34	40	290	129	0	
14	28	4	41	42	62	100	90	306	0	
12	48	4	59	4	0	301	67	136	56	
16	33	105	58	12	6	68	285	50	54	
32	54	6	36	8	0	46	301	148	56	 ***
132	22	0	38	122	21	0	94	39	219	
78	0	30	0	44	40	118	25	292	60	
15	53	40	107	17	107	46	234	68	0	
33	59	34	20	38	126	83	178	116	0	
18	48	4	114	20	0	44	150	116	173	
38	34	124	40	2	30	78	254	47	40	
44	16	36	11	36	14	87	129	314	0	
35	24	37	20	58	132	263	55	20	43	
60	52	22	34	20	117	6	211	165	0	
28	40	4	55	8	0	74	298	116	64	
18	7	32	74	18	70	240	170	58	0	
43	0	36	7	0	28	298	137	132	6	
74	16	8	56	18	124	122	163	106	0	

28	54	6	52	44	0	78	305	120	24	 ***
21	50	42	0	160	49	116	212	61	0	
0	60	50	71	54	26	215	175	0	60	
0	11	34	70	80	6	0	246	95	169	
28	70	22	68	8	0	84	289	116	26	
16	55	50	52	82	21	0	296	78	61	
32	70	2	38	38	0	46	144	166	175	
28	56	42	68	6	0	68	83	118	242	
36	28	90	0	84	0	8	267	70	128	
28	70	44	68	6	0	72	315	84	24	
28	56	6	36	44	0	64	87	148	242	
27	59	10	35	56	38	103	101	0	282	
28	56	6	40	6	0	102	269	148	56	

50	28	107	62	88	40	56	263	18	60	
28	94	6	52	58	0	48	161	237	88	
4	16	48	76	20	84	44	300	52	128	
56	28	44	28	14	44	88	282	188	0	
39	68	48	50	58	20	287	0	48	154	
74	26	56	20	52	2	156	274	112	0	
44	36	12	80	42	24	92	286	50	106	
14	34	20	86	22	104	31	285	98	78	
28	72	6	53	42	0	44	124	205	198	
10	80	0	74	40	78	302	80	44	64	
58	171	28	80	48	0	0	240	78	69	
80	34	68	36	6	12	314	82	106	34	
80	58	58	76	28	10	0	312	112	38	
40	72	0	70	2	153	36	134	0	265	
28	8	14	48	86	34	316	68	36	134	
56	48	70	28	30	97	325	82	36	0	
126	22	30	102	88	0	86	28	268	22	
60	48	58	56	40	0	0	56	247	207	
50	70	8	44	37	58	54	329	0	122	
38	66	32	117	36	58	125	284	16	0	
40	34	15	100	0	136	166	130	0	151	
28	2	80	68	14	16	0	314	146	104	
48	0	12	207	90	42	132	159	0	82	
28	38	40	60	38	0	278	70	152	68	
52	26	50	12	20	44	102	302	120	44	
56	0	26	114	54	47	0	258	175	42	
42	50	50	20	62	8	46	288	44	162	
28	86	6	62	50	0	80	300	104	56	 ***
52	0	64	68	80	4	122	0	348	34	
28	54	6	144	58	0	216	93	96	77	
18	62	16	66	66	10	20	326	58	130	

24	74	6	60	22	0	70	288	80	78	
46	24	20	62	86	16	54	322	50	22	
24	74	124	60	14	0	177	111	72	46	
6	30	50	42	0	18	64	318	112	62	
56	74	14	60	14	4	70	297	77	36	 ***
24	74	38	70	19	0	32	110	76	259	
58	14	24	72	6	0	72	0	176	280	
94	22	20	18	26	4	132	286	36	64	
32	106	6	49	18	0	36	297	88	70	
32	22	166	74	32	2	16	226	28	104	
24	76	6	68	14	0	64	119	254	77	
27	0	34	0	140	0	34	6	216	245	
32	32	0	60	56	2	50	0	300	170	
22	4	20	128	104	0	64	246	114	0	
22	12	0	32	70	0	2	190	302	72	
0	2	94	18	78	104	34	306	24	42	
8	32	86	64	30	34	0	304	106	38	
110	72	12	0	2	52	0	284	136	34	
0	22	74	48	44	68	266	36	14	130	
34	32	18	0	58	0	108	6	190	256	
24	70	11	68	14	0	72	291	72	80	
0	114	56	0	8	0	116	64	18	326	
24	76	46	60	19	0	36	299	72	70	
24	20	28	24	22	38	76	316	84	70	
2	88	4	102	4	64	314	28	0	96	
0	118	10	68	40	0	132	20	46	268	
26	58	6	118	14	0	104	260	72	44	
29	76	6	64	14	0	257	148	72	36	
24	78	6	66	14	32	32	300	82	68	
2	42	0	28	10	0	38	184	100	298	
2	32	34	64	68	0	52	284	80	86	
24	74	6	92	18	0	66	281	72	69	
36	0	40	60	58	38	58	284	0	128	
2	82	0	0	48	20	64	308	148	30	
130	14	56	10	0	20	184	4	0	284	
24	74	6	64	14	0	70	119	72	259	

90	28	96	6	38	18	60	245	50	22	
24	106	106	34	0	0	14	70	243	56	
52	6	22	62	16	8	82	275	78	52	
80	2	28	64	14	8	48	296	77	36	 ***
16	50	42	24	18	20	142	255	74	12	
24	36	8	0	12	54	140	142	0	237	
0	0	40	28	16	30	20	297	178	44	
12	12	0	82	66	46	0	270	57	108	
90	40	28	42	2	0	38	239	86	88	
10	96	48	0	2	40	40	256	97	64	
32	20	112	36	0	6	10	274	142	21	
76	16	8	145	0	32	224	100	52	0	
80	2	10	66	44	14	38	279	80	40	
4	110	28	16	0	26	48	223	198	0	
72	10	14	58	48	8	34	287	68	54	
14	83	16	94	0	16	149	261	20	0	
104	18	14	60	18	4	48	271	84	32	
54	18	26	60	22	8	50	271	76	68	
2	54	36	40	58	8	40	263	48	104	
12	10	56	72	112	58	0	233	46	54	
0	32	4	72	6	0	14	214	60	251	
52	12	170	42	96	91	168	22	0	0	
28	70	62	6	88	22	64	239	74	0	
22	4	0	75	80	0	78	231	147	16	
8	56	48	40	56	46	12	247	74	66	
118	0	34	60	24	4	42	225	80	66	
60	6	12	60	22	12	50	279	104	48	
40	0	10	40	36	62	156	249	60	0	
56	36	14	58	12	8	74	275	80	40	
74	34	76	81	36	178	24	0	150	0	
44	36	18	28	0	72	84	257	106	8	
82	14	52	14	62	16	156	249	0	8	
54	36	2	54	48	82	82	251	44	0	
162	40	100	19	34	74	0	162	62	0	
8	32	38	54	56	8	10	261	144	42	

90	0	24	58	6	11	58	258	36	32	
72	0	14	28	36	24	69	37	253	40	
20	14	46	30	72	10	80	233	0	68	
8	12	14	32	8	21	24	57	236	161	
2	16	4	12	0	142	0	118	211	68	
10	8	2	2	48	72	4	68	224	135	
12	8	16	20	44	0	4	227	208	34	
28	10	18	50	30	42	63	268	64	0	
32	88	0	28	34	0	96	219	38	38	
112	2	26	62	87	8	149	99	28	0	
8	54	0	116	64	91	0	162	44	34	
8	32	0	124	20	16	146	217	0	10	
80	2	26	60	6	8	73	250	36	32	
80	2	24	59	6	8	22	109	56	207	
93	8	12	26	14	48	2	194	140	36	
8	40	18	2	12	8	24	269	48	144	
80	2	24	58	4	12	18	258	68	49	
56	36	8	10	32	18	80	216	0	117	
43	22	36	88	14	91	0	217	18	44	
8	78	1	16	32	44	0	250	144	0	
0	46	30	16	44	12	17	226	42	140	
40	4	18	0	0	107	52	104	240	8	
4	8	12	0	52	4	158	261	42	32	
78	0	4	28	8	27	58	228	44	98	
32	0	52	6	0	10	160	54	259	0	
58	32	60	26	0	36	82	247	0	32	
82	2	20	60	6	10	54	104	28	207	
12	0	106	51	0	10	77	199	30	88	
8	20	4	8	16	12	43	257	169	36	
42	32	54	0	89	52	24	12	17	251	
66	97	10	62	76	74	0	130	0	58	
80	4	24	60	8	8	63	258	36	32	 ***

108	7	60	62	44	34	226	0	22	0	
93	9	26	87	12	10	17	139	28	142	
80	7	32	40	5	29	15	141	32	182	
85	5	24	42	20	8	50	255	38	36	 ***
41	18	2	95	2	36	0	228	135	6	
78	5	19	56	5	8	65	105	40	182	
12	16	44	12	43	42	78	204	95	17	
100	6	18	40	6	8	35	258	60	32	
111	8	24	40	6	10	197	55	72	40	
43	4	34	16	39	22	41	242	122	0	
0	8	38	66	24	38	231	0	135	23	
81	22	18	5	167	24	182	0	64	0	
81	4	19	42	3	16	63	254	39	42	
77	5	20	67	3	12	197	92	36	54	
77	5	18	42	4	36	197	111	30	43	
77	14	22	40	5	10	53	134	26	182	
36	0	89	38	54	17	39	205	71	14	
49	83	10	45	6	0	16	211	66	77	
10	1	32	40	34	16	10	254	117	49	
76	5	26	46	2	10	66	254	46	32	
80	0	54	86	26	28	29	212	0	48	
56	15	119	3	30	48	66	226	0	0	
76	4	27	44	10	18	197	133	22	32	
50	0	5	0	34	26	61	237	140	10	
37	0	55	16	24	42	0	209	149	31	
8	2	0	52	4	4	9	249	46	189	

117	57	14	42	0	40	211	121	44	53	
101	40	22	4	88	63	48	225	78	30	
125	5	26	42	0	77	103	245	36	40	
24	18	12	21	44	89	89	38	118	246	
93	45	52	108	8	66	2	239	45	41	
69	11	14	26	36	24	103	103	240	73	
77	3	10	46	17	12	135	126	235	38	
125	26	14	87	0	8	56	106	53	224	
82	123	44	21	52	0	34	0	252	91	
89	5	26	10	4	96	84	263	78	44	
89	9	26	89	0	32	71	216	46	121	
61	20	64	0	0	24	101	235	46	148	
8	64	34	96	4	58	73	107	38	217	
21	12	11	4	0	40	88	191	110	222	
16	65	40	175	99	12	46	158	16	72	
89	5	46	42	0	8	56	176	215	62	
71	39	34	133	70	36	0	85	231	0	
93	9	30	42	12	8	60	294	30	121	 ***
0	8	36	78	18	51	155	245	48	60	
20	72	4	0	53	24	26	200	54	246	
85	5	30	46	0	140	55	129	125	84	
46	48	10	65	102	60	0	63	216	89	
85	42	14	10	5	24	31	190	79	219	
85	13	14	78	0	32	47	119	238	73	
44	9	7	92	108	8	63	211	32	125	
32	28	18	65	22	21	88	247	178	0	
81	5	30	46	0	48	216	149	64	60	

6	8	16	54	51	52	229	0	69	116	
92	7	30	54	0	16	23	236	55	88	
85	7	116	42	8	8	139	76	32	88	
54	18	78	80	72	39	219	25	16	0	
0	5	5	28	35	76	0	108	231	113	
83	9	30	42	0	15	24	132	56	210	
57	0	23	52	78	33	32	68	218	40	
42	93	26	19	0	124	196	0	37	64	
41	48	44	20	32	33	64	221	98	0	
0	39	94	0	20	10	32	223	82	101	
8	49	62	66	24	21	0	215	62	94	
101	9	30	46	0	16	24	79	198	98	
43	12	61	56	0	59	77	201	52	40	
101	7	34	50	0	11	39	231	24	104	
93	7	30	42	0	10	28	105	198	88	
92	7	30	16	0	16	64	66	214	96	
93	7	30	42	0	11	198	84	32	104	
99	7	38	42	0	15	24	76	90	210	
93	15	30	10	0	16	76	144	4	213	
4	30	32	52	42	12	102	239	30	58	
12	0	69	15	36	87	115	0	72	195	
19	106	60	9	6	62	94	212	33	0	
107	17	0	39	9	62	42	219	69	37	
105	9	30	42	0	9	88	76	32	210	
64	84	20	40	0	12	56	206	44	75	
30	53	18	0	68	37	39	217	58	81	
71	7	38	42	0	11	26	113	195	98	
28	22	15	64	40	77	245	84	26	0	
103	15	34	42	25	8	39	239	8	88	 ***
42	123	64	0	18	72	0	233	24	25	
14	0	0	87	58	28	90	228	6	90	
77	7	112	34	0	5	17	73	204	72	
97	9	39	42	0	9	207	78	32	88	
17	105	8	19	102	44	40	4	38	224	
69	15	30	42	0	11	19	119	198	98	
17	25	6	44	12	114	69	232	36	46	
11	16	32	76	99	38	214	62	53	0	
93	25	30	42	0	11	23	78	198	101	

92	15	34	7	11	8	41	242	74	56	
77	15	36	10	11	10	57	110	52	202	
51	17	60	0	41	151	0	110	83	67	
33	100	114	0	55	43	0	18	109	108	
11	22	6	47	32	68	72	226	44	52	
111	17	18	12	34	10	65	90	27	196	
117	35	25	26	20	20	0	220	44	73	
77	15	20	32	10	19	59	88	48	212	
0	24	43	119	53	51	54	190	46	0	
137	48	26	3	14	8	21	60	210	53	
72	46	16	43	7	50	0	225	44	77	
11	4	30	20	66	58	193	65	133	0	
20	14	55	10	48	39	107	218	69	0	
13	6	16	45	21	42	18	192	4	223	
79	15	22	12	25	26	59	242	42	58	 ***
69	14	22	44	0	4	212	100	49	66	
31	30	19	44	53	17	132	181	73	0	
76	31	36	29	19	12	45	74	56	202	
77	24	19	38	32	14	47	89	40	200	
31	31	10	76	24	8	81	111	208	0	
36	27	5	8	0	36	30	258	122	58	
66	15	36	12	52	4	69	214	40	72	
77	15	20	124	38	12	43	109	44	98	
77	32	18	4	20	14	212	88	42	73	
0	116	10	24	17	81	137	83	0	112	
4	23	30	16	63	44	116	227	2	55	
79	15	20	28	9	10	51	67	213	88	
37	38	27	47	88	0	201	76	0	66	
77	15	54	1	16	8	207	83	45	74	
16	25	46	71	0	20	0	23	134	245	
0	34	20	14	0	67	30	52	235	128	
43	16	8	24	18	47	23	224	121	56	
92	15	34	14	8	4	73	222	46	72	
24	6	51	30	16	108	224	21	24	76	
4	46	104	60	54	0	217	0	0	95	

12	44	37	20	50	64	57	234	0	49	
63	17	23	0	35	26	95	244	10	54	
37	72	47	8	44	21	68	222	48	0	
29	34	52	5	24	24	144	217	38	0	
40	4	10	29	16	20	32	256	142	18	
20	48	34	70	4	82	24	174	9	102	
70	13	22	2	24	30	65	105	22	214	
104	47	36	16	64	79	115	41	0	65	
66	17	19	0	25	42	57	81	42	218	
16	29	56	55	37	24	78	218	54	0	
54	0	23	77	19	12	225	91	46	20	
50	6	41	98	36	25	46	217	0	48	
54	29	46	14	0	50	233	38	41	62	
63	13	28	8	33	22	33	248	48	71	 ***
21	29	10	0	85	49	90	253	0	30	
43	30	44	52	40	34	0	245	79	0	
66	48	44	86	129	30	85	0	76	3	
153	16	47	3	34	12	200	76	26	0	
66	21	18	8	34	27	33	248	40	72	
69	13	18	12	24	30	33	248	58	62	
0	36	30	14	25	17	37	198	0	210	
18	20	8	38	9	29	32	251	14	148	
0	4	16	12	6	8	198	36	247	40	
64	27	26	0	24	22	61	96	38	209	
40	18	38	48	18	20	92	113	180	0	
70	12	22	9	36	22	35	247	60	54	
19	2	52	16	10	41	112	237	34	44	
32	76	56	8	13	17	0	204	63	98	
44	9	34	19	20	18	23	253	140	7	
20	5	22	77	62	115	188	50	4	24	
42	8	5	10	43	25	0	149	24	261	
24	40	10	6	3	32	32	10	158	252	

5	24	25	52	26	21	39	255	7	114	
12	14	5	0	36	32	34	274	142	19	
70	15	30	0	37	28	24	236	58	70	
82	24	44	56	65	14	61	16	0	206	
18	18	3	55	59	49	100	214	52	0	
64	13	19	0	33	120	31	50	176	62	
66	23	38	0	63	22	27	74	68	187	
78	14	32	0	36	22	60	236	35	55	
65	27	20	108	57	34	35	202	20	0	
62	12	30	0	62	33	176	87	32	74	
90	13	36	0	54	22	59	90	18	186	
71	24	28	0	66	24	70	82	16	187	
68	12	28	4	37	20	68	235	24	72	
36	23	0	36	32	0	166	25	32	218	
24	17	8	35	68	0	26	257	79	54	
67	16	28	0	37	26	27	198	70	99	
28	14	48	14	57	42	256	24	66	19	
19	42	18	53	30	44	17	253	0	92	
72	12	36	8	33	24	62	233	16	72	 ***
8	36	70	37	60	29	224	70	34	0	

100	14	62	37	67	45	20	270	20	19	
22	8	10	15	53	14	299	46	0	187	
79	16	65	0	25	70	43	81	221	54	
16	27	48	38	8	0	180	309	10	18	
63	52	98	0	63	44	26	196	59	53	
63	33	55	0	33	22	63	49	225	111	
8	48	6	20	16	32	159	36	0	329	
33	62	68	13	21	6	96	277	18	60	
53	53	28	0	40	147	60	149	16	108	
63	68	40	0	65	123	33	47	25	190	
18	16	35	129	38	62	257	99	0	0	
51	43	23	1	44	16	65	112	299	0	
103	42	37	0	90	24	39	97	16	206	
40	50	29	53	54	22	0	191	0	215	
39	9	28	0	41	24	92	110	257	54	
59	6	164	0	25	40	123	121	34	82	
65	4	124	0	76	30	139	126	20	70	
109	3	36	0	41	74	18	196	62	115	
35	4	28	58	37	46	24	224	44	154	 ***
10	77	19	42	9	50	60	212	0	175	
62	37	41	0	65	25	232	63	32	97	
75	6	37	0	57	88	71	82	183	55	
51	4	60	4	41	157	0	96	208	33	

45	52	20	24	60	88	179	228	21	0	
36	0	127	60	0	120	11	277	6	80	
28	10	32	58	34	34	82	56	213	170	
11	0	42	56	46	20	72	0	263	207	
64	14	40	52	40	34	16	205	112	140	 ***
32	4	40	54	72	52	16	208	88	151	
72	49	85	86	73	0	180	74	98	0	
32	4	24	63	36	60	64	188	79	167	
19	20	40	58	50	38	61	220	60	151	
23	28	28	50	42	34	28	216	73	195	
17	26	60	50	42	50	16	225	133	98	
0	16	50	103	27	110	38	0	96	277	
0	120	138	88	26	3	8	40	278	16	
28	56	14	23	18	72	107	182	24	193	
17	8	28	50	101	50	75	126	28	234	
22	5	25	102	56	43	56	93	60	255	
32	4	64	52	116	34	48	99	32	236	
21	6	31	50	55	66	16	195	96	181	
16	4	40	80	125	34	16	190	73	139	
22	16	26	6	96	68	34	215	50	184	
24	20	47	50	35	46	64	230	68	133	
32	4	24	50	40	38	173	44	68	244	

52	20	40	20	38	36	97	109	62	248	
70	39	48	75	58	75	0	230	85	42	
84	10	44	20	38	34	19	210	124	139	
22	56	22	35	28	34	21	247	45	212	
62	14	42	20	38	42	86	209	70	139	
29	88	6	6	42	0	192	283	52	24	
44	34	44	70	0	0	52	287	155	36	
42	6	31	37	81	90	23	252	32	128	
52	14	44	20	38	66	18	75	143	252	
52	14	44	24	38	34	48	85	244	139	
32	13	21	34	70	72	5	320	132	23	
60	18	40	20	38	42	16	205	138	145	 ***
60	14	42	20	38	42	86	209	72	139	
7	111	17	101	139	82	0	0	125	140	
4	8	36	37	20	48	32	82	126	329	
56	18	40	52	44	66	16	75	248	107	
52	14	42	24	42	34	18	205	116	175	
52	0	72	18	2	26	29	316	203	4	
56	138	64	60	57	40	291	12	0	4	
52	14	40	52	40	34	108	74	60	248	
22	58	43	60	99	16	58	229	92	45	
60	18	40	20	38	34	20	102	142	248	

2	86	0	0	32	0	266	246	36	20	
138	0	36	120	10	0	88	256	0	40	
32	18	61	21	33	61	67	207	112	76	
64	19	25	48	103	40	103	211	24	51	
114	102	55	0	0	4	28	297	18	70	
2	14	24	34	30	38	32	321	47	146	
4	56	38	47	30	48	0	302	42	121	
0	2	72	8	30	22	48	294	104	108	
30	8	30	79	23	17	81	219	105	96	
46	0	2	54	8	128	40	306	42	62	
2	6	36	76	68	16	60	319	22	83	
0	36	10	25	36	76	54	293	88	70	
4	52	14	50	72	36	7	317	114	22	
74	95	0	40	0	105	54	21	299	0	
65	10	78	39	0	26	80	285	57	48	
81	24	48	20	33	36	68	227	72	79	 ***
32	18	45	50	34	36	16	114	225	118	
0	10	34	82	73	44	0	275	18	152	
40	14	40	28	65	62	0	226	78	135	
23	70	53	39	88	6	92	220	48	49	
10	34	16	30	6	82	58	304	40	108	

33	19	32	20	33	28	28	160	100	226	
4	8	32	12	64	22	68	308	107	54	
33	17	32	40	45	66	69	227	72	78	
33	20	48	24	33	28	24	147	96	226	
58	82	8	86	26	86	0	48	261	24	
33	16	32	20	36	28	69	143	76	226	
20	6	6	48	97	80	10	104	12	296	
33	20	36	28	35	36	29	236	72	154	
33	16	32	20	36	61	40	143	72	226	
76	86	0	80	64	14	303	20	36	0	
33	18	32	20	33	28	194	149	94	78	
117	24	4	24	42	0	84	28	294	62	
33	37	32	20	35	70	72	226	76	78	 ***
33	20	35	20	35	36	32	226	164	78	
0	116	4	0	32	32	32	304	45	114	
36	18	38	8	0	40	149	340	0	50	
33	24	38	20	33	28	191	145	72	95	
12	4	4	102	24	0	194	0	273	66	
34	117	0	64	2	0	305	16	43	98	
36	16	34	48	8	86	287	116	0	48	
10	0	14	52	44	82	0	277	30	170	
8	42	2	117	42	4	46	72	48	298	
33	33	40	20	35	28	24	151	237	78	
2	52	122	8	74	37	84	300	0	0	
49	28	32	20	33	38	36	146	72	225	
33	20	32	20	36	32	56	139	224	87	
88	72	2	70	33	4	16	2	86	306	
33	16	32	20	43	28	24	163	237	83	
43	34	114	94	0	8	0	296	18	72	
33	20	37	20	35	77	70	237	72	78	
33	20	32	32	35	28	191	146	84	78	
81	74	7	25	0	4	68	275	25	120	
33	20	40	24	35	28	192	156	72	79	
56	106	18	0	24	6	100	316	24	29	
34	14	104	4	0	82	32	301	66	42	
2	92	0	22	20	2	138	279	66	58	
52	18	0	0	88	150	0	203	24	144	
41	16	32	20	33	28	26	137	116	230	

17	36	99	2	0	16	36	154	250	44	
16	106	8	18	72	20	72	293	49	0	
111	44	20	4	108	66	0	249	52	0	
98	0	98	56	34	8	27	0	104	229	
73	37	22	6	29	12	28	147	78	222	
0	104	123	10	8	88	0	0	255	66	
0	12	4	97	80	16	44	275	41	85	
6	36	0	107	34	16	0	241	38	176	
29	32	28	40	29	85	24	239	96	52	
41	16	10	48	54	34	16	224	48	163	
23	40	22	4	17	79	56	170	187	56	
21	18	123	107	56	4	4	241	32	48	
110	44	2	20	6	56	52	243	0	121	
37	34	16	4	23	54	24	241	71	150	
38	36	0	16	6	46	143	297	68	4	
40	16	42	66	34	0	24	256	58	118	
33	40	20	4	35	12	77	182	151	100	
33	32	20	8	27	40	28	245	69	152	 ***
20	20	104	2	42	129	57	280	0	0	
17	49	24	16	17	52	24	175	104	176	
17	34	18	4	56	63	36	183	60	183	
87	8	26	0	74	0	250	36	173	0	
75	32	24	48	21	16	24	174	188	52	
32	4	44	0	48	16	22	239	173	76	
17	64	107	8	5	18	64	138	181	52	
48	38	52	0	0	56	24	289	139	8	
19	36	24	4	17	52	68	138	60	236	
14	16	16	56	14	43	34	252	20	189	
18	30	46	18	45	80	141	170	0	106	
29	64	18	6	17	66	144	187	71	52	
51	2	16	0	28	52	144	243	78	40	
142	8	16	0	40	0	70	287	27	64	
2	0	108	64	32	50	60	257	13	68	
41	70	104	2	1	0	0	199	209	28	
17	68	56	6	69	12	26	239	109	52	
28	46	82	38	2	0	36	257	17	148	
0	109	16	72	72	14	66	263	0	42	

0	18	48	6	4	0	172	0	274	38	
0	32	0	18	14	0	56	322	0	118	
50	0	0	4	40	12	0	294	160	0	
32	30	0	0	6	32	32	89	52	287	
56	0	0	4	0	2	5	278	32	183	
20	88	32	0	38	0	0	326	56	0	
24	90	0	0	6	8	12	197	157	66	
4	0	179	12	0	0	259	106	0	0	
24	46	0	0	8	36	93	249	34	70	
4	52	0	80	0	12	42	304	66	0	
4	159	6	62	0	84	0	245	0	0	
44	0	0	4	94	0	0	96	12	310	
32	4	58	40	12	8	32	298	3	73	
0	0	36	0	0	0	328	0	36	160	
8	14	0	0	48	36	22	304	0	128	
32	0	6	0	68	16	92	332	4	10	
0	0	133	4	4	8	278	0	99	34	
48	36	8	32	0	0	4	298	8	126	
68	36	0	0	0	10	0	321	0	125	
4	0	86	90	0	8	0	322	32	18	
28	26	0	0	14	36	12	109	269	66	
179	0	56	0	4	2	211	0	0	108	
26	30	0	20	6	36	32	249	34	127	 ***
0	0	48	36	36	79	38	0	323	0	
40	0	4	73	0	100	0	307	36	0	
64	4	0	165	0	0	84	239	4	0	
48	16	2	16	0	4	28	320	0	126	
24	111	0	30	6	36	12	91	176	74	
40	24	2	0	6	8	12	85	271	112	
24	30	0	4	10	54	12	249	50	127	

16	20	8	64	12	0	45	131	112	260	
4	0	4	12	8	38	68	204	74	256	
52	0	8	38	64	32	161	0	0	313	
36	0	0	96	4	0	34	100	153	245	
0	44	36	0	44	12	38	156	32	306	
38	32	69	0	84	78	73	294	0	0	
4	16	139	73	0	38	0	190	208	0	
10	54	0	58	7	40	91	279	70	59	
4	44	44	48	38	22	49	177	0	242	
12	89	8	36	32	0	0	265	0	226	
36	20	52	44	37	12	84	204	0	179	
8	0	68	40	112	44	94	0	0	302	
0	78	64	10	32	10	101	67	32	274	
4	4	13	4	32	0	134	174	32	271	
60	10	32	24	0	40	36	235	13	218	
127	12	8	0	86	40	151	0	244	0	
0	32	20	0	6	40	36	128	88	318	
16	71	52	4	2	0	75	106	34	308	
10	64	32	108	8	4	40	92	0	310	
34	8	12	16	0	32	76	241	12	237	
34	28	0	16	7	46	58	283	134	62	
12	64	4	16	7	72	80	234	66	113	 ***
76	40	36	32	0	36	0	147	0	301	
5	42	0	0	80	16	40	102	73	310	
44	4	0	0	10	36	261	217	64	32	
64	172	36	0	74	76	19	0	227	0	
0	64	8	0	52	24	84	284	43	109	

80	0	44	112	36	0	0	234	51	156	
0	38	102	4	8	2	191	282	78	8	
34	134	12	4	87	84	92	68	0	198	
32	79	77	0	8	36	315	118	48	0	
68	129	0	34	64	44	16	98	4	256	
32	36	4	16	8	98	72	198	84	165	 ***
8	64	84	48	0	0	74	269	85	81	
8	8	98	0	32	0	34	190	307	36	
0	12	28	32	4	98	91	187	94	167	
38	0	0	139	40	0	41	105	88	262	
0	44	0	126	0	78	0	40	180	245	
0	41	56	64	0	20	177	76	0	279	
0	56	120	68	0	8	32	254	64	111	
86	26	36	0	128	49	181	207	0	0	
2	36	38	20	0	64	84	111	83	275	
10	10	72	84	20	0	159	0	70	288	
84	64	32	32	0	144	40	64	245	8	
42	80	106	36	36	40	0	226	0	147	
5	68	76	42	0	43	36	250	0	193	
79	79	72	0	102	0	0	36	72	273	
51	76	8	64	90	40	68	40	12	264	
8	84	75	114	32	0	266	34	100	0	
54	80	42	72	64	8	4	272	117	0	
50	40	65	0	44	72	72	268	102	0	

103	12	0	0	10	104	32	50	120	251	
3	68	27	0	32	0	40	172	36	304	
0	5	82	0	36	14	0	322	100	123	
9	100	45	0	72	36	0	268	38	114	
66	34	8	96	89	145	0	0	0	244	
0	0	19	100	0	44	35	266	70	148	
6	48	0	12	0	0	123	196	297	0	
0	32	0	13	0	53	193	266	27	98	
38	82	44	8	121	0	48	255	30	56	
1	8	32	36	20	16	0	264	96	209	
32	36	16	4	9	96	64	34	102	289	
32	44	157	56	0	32	48	0	277	36	
144	74	0	2	0	48	12	8	96	298	
2	0	36	4	147	0	10	186	32	265	
34	40	1	0	24	142	32	34	84	291	
68	0	29	20	42	18	0	217	40	248	
64	0	9	4	82	60	0	0	178	285	
10	64	4	4	0	0	0	222	56	322	
32	73	146	38	2	52	48	291	0	0	
0	0	0	120	54	140	40	280	48	0	
40	0	40	0	50	123	96	65	8	260	
32	37	7	16	8	158	40	267	93	24	
4	42	74	0	0	16	0	346	128	72	
32	68	9	0	8	98	48	69	52	298	
94	0	8	0	64	16	140	349	0	11	
32	41	4	24	8	98	75	281	61	58	
32	41	20	0	10	128	32	44	84	291	
10	0	48	16	0	0	43	309	137	119	
32	4	16	16	172	96	32	68	52	194	
0	32	0	5	80	74	130	44	34	283	
0	0	44	36	38	0	62	100	134	268	
133	12	0	2	20	96	32	67	52	268	
34	10	9	0	4	98	60	217	52	198	 ***

8	0	8	10	180	4	106	8	32	287	
0	64	10	8	102	0	96	313	40	10	
38	48	0	8	18	68	0	254	50	159	
50	42	150	0	0	0	0	132	32	237	
64	130	58	142	0	0	0	4	245	0	
42	0	64	122	0	0	40	255	76	44	
0	48	20	36	42	24	0	277	0	196	
72	8	8	0	8	16	0	34	255	242	
36	18	0	16	8	48	213	272	0	32	
40	16	4	10	64	34	0	305	130	40	
2	32	2	32	24	0	45	128	346	32	
3	32	80	34	44	155	39	0	0	256	
56	126	24	0	36	0	274	0	127	0	
32	6	40	0	0	44	32	205	206	78	
113	0	16	32	64	56	80	274	8	0	
54	32	0	0	169	0	248	88	52	0	
0	2	72	32	2	26	0	294	16	199	
8	120	0	60	0	0	96	0	51	308	
0	157	2	0	121	8	0	80	14	261	
32	42	106	0	40	0	54	284	0	85	
0	90	2	0	8	48	96	335	44	20	
40	10	4	0	0	48	74	147	0	320	
14	0	32	0	16	33	34	209	48	257	
0	137	40	32	8	2	8	0	128	288	
0	0	16	56	32	122	305	32	8	72	
53	40	0	8	0	8	237	245	20	32	
8	0	149	98	4	0	0	64	280	40	
34	6	11	0	18	66	89	272	52	95	 ***
36	6	13	0	4	66	80	282	61	95	
42	0	0	0	112	0	16	10	193	270	
166	40	0	0	36	40	0	40	285	36	
4	32	0	42	16	0	22	276	0	251	
34	10	5	0	12	72	73	289	8	140	

39	0	18	42	22	35	33	187	36	302	
46	16	19	10	108	0	223	286	6	0	
32	27	10	86	52	17	189	229	64	8	
76	4	39	0	16	13	64	291	133	78	
0	46	28	75	44	8	140	349	24	0	
118	36	0	8	58	38	179	274	0	3	
52	8	44	18	44	72	242	12	188	34	
22	36	82	73	0	0	0	166	295	40	
28	32	48	0	46	12	285	0	241	22	
36	6	26	0	31	96	91	290	56	82	 ***
0	64	4	54	108	42	0	158	0	284	
64	0	4	12	8	56	216	33	46	275	
48	4	28	40	34	52	204	268	36	0	
66	2	10	0	14	64	134	292	48	84	
48	21	12	4	76	129	0	268	0	156	
79	40	17	132	38	36	0	291	25	56	
15	95	50	0	98	157	255	8	36	0	
0	40	1	2	64	110	187	268	34	8	
36	106	8	28	34	8	304	48	76	66	
32	22	43	0	12	82	58	284	60	121	
41	7	23	0	28	66	54	280	96	119	
8	20	113	0	46	66	8	218	187	48	
100	165	0	9	89	46	223	66	16	0	
40	0	8	34	74	8	282	72	0	196	
0	66	72	0	8	10	48	269	241	0	
2	8	0	50	36	32	228	249	33	76	
50	18	48	36	0	50	230	270	12	0	
1	68	21	16	68	106	34	283	44	73	
35	64	46	32	78	54	70	269	0	66	
11	52	40	0	4	32	40	274	50	211	
52	6	15	0	21	69	252	112	84	103	
33	36	37	32	12	4	34	238	40	248	

64	0	166	0	74	56	121	58	0	229	
36	6	41	8	24	96	55	276	162	64	
8	56	16	68	71	146	243	160	0	0	
77	93	4	56	107	26	0	273	0	132	
16	124	0	16	116	66	56	286	88	0	
98	73	0	32	0	0	250	152	85	78	
48	8	100	155	58	0	65	0	262	72	
36	6	17	3	58	112	84	260	80	112	 ***
103	110	4	0	1	0	274	168	36	72	
80	58	9	48	42	88	95	264	48	36	
1	0	1	32	30	66	249	223	99	67	
74	8	65	20	50	64	40	261	186	0	
68	7	41	1	24	96	72	259	104	96	
0	45	101	188	0	58	103	0	156	117	
32	27	36	69	10	75	105	249	80	85	
40	70	10	0	24	112	36	206	126	144	
90	75	24	18	47	72	104	220	0	118	
68	6	57	0	24	112	69	206	140	86	
28	64	59	84	46	0	118	272	97	0	
95	0	56	40	57	62	66	324	32	36	
32	48	64	0	62	92	214	0	42	214	
68	38	12	8	24	144	126	247	48	53	
97	34	34	0	60	38	278	183	0	44	
10	0	64	56	57	72	213	250	0	46	
22	70	122	0	58	0	110	232	81	73	
36	54	50	0	24	112	97	206	80	109	

