#338	396	307	344	130	57	1023	475	660	0	
#83	496	511	149	229	0	274	944	24	1020	
#103	41	442	141	0	0	758	1007	215	1023	
#208	511	19	485	507	259	152	15	1017	557	 ***
#286	152	484	79	132	0	488	1006	80	1023	

202	60	19	511	488	389	280	0	889	549	
29	313	30	511	396	138	366	582	1022	0	
326	50	34	362	503	267	273	0	1023	549	
102	138	261	130	70	439	328	896	1023	0	
202	30	19	488	511	259	901	0	298	679	
175	483	99	0	0	282	987	1022	19	320	
204	30	49	503	503	267	229	259	1022	321	
397	253	0	76	145	511	1022	852	131	0	
207	172	122	0	23	511	1018	312	0	1022	
204	39	34	369	503	244	694	0	277	1023	
143	91	27	384	511	408	229	259	1022	313	
73	199	471	482	275	511	535	0	841	0	
504	0	324	76	334	511	1020	0	519	99	
34	34	165	446	411	15	252	1023	19	988	
475	511	0	303	0	396	520	431	155	596	
324	30	34	362	503	259	251	259	1022	343	
204	60	141	476	385	268	273	0	1023	557	
212	38	27	354	396	507	229	259	1022	343	
206	118	511	246	511	38	552	186	1019	0	
204	42	19	370	411	274	152	213	1023	679	 ***
54	511	408	275	61	141	0	1023	0	914	
8	122	413	0	511	274	84	988	61	926	
355	132	0	0	260	297	1023	36	691	593	

232	57	35	310	152	334	152	241	1023	915	
202	42	19	310	227	282	211	160	1023	975	
447	72	57	310	152	290	212	366	522	1023	
232	286	27	310	167	274	212	435	1021	487	 ***
30	488	0	511	511	418	38	24	1020	411	
15	355	511	68	30	338	389	799	946	0	
511	282	5	381	207	84	471	505	0	1005	
10	180	60	30	0	419	708	1021	1023	0	
217	50	15	306	198	334	152	241	1023	915	
289	91	0	257	134	19	1018	301	1023	319	
297	274	214	511	395	320	0	152	976	312	
12	182	8	351	425	122	545	190	1022	594	
0	221	420	15	0	490	866	199	1023	217	
0	419	389	266	166	160	0	271	757	1023	
48	152	148	114	152	123	1023	267	898	526	
456	0	153	47	76	12	500	1023	393	791	

61	61	472	0	0	511	962	343	914	197	
354	286	83	366	411	274	152	332	1020	243	
103	68	0	305	511	76	68	869	976	545	
305	68	83	91	365	416	769	123	1023	278	
241	427	465	434	98	171	0	30	1021	634	
311	35	15	156	71	30	909	156	1023	815	
511	381	282	282	53	323	0	76	615	998	
473	99	179	274	0	277	160	746	1023	290	
403	0	51	252	420	235	267	706	1023	164	
53	45	73	511	306	396	808	121	1022	186	
232	286	23	428	182	274	242	312	1021	521	 ***
350	511	27	255	122	0	989	883	384	0	
305	95	396	231	303	156	1012	0	0	1023	
312	351	347	0	0	270	1021	134	540	546	
79	507	212	296	8	75	305	0	1017	1022	
76	283	183	0	163	144	1023	126	879	644	
77	349	374	335	186	290	361	235	1021	293	
370	511	30	95	0	201	426	0	913	975	
228	286	23	306	171	394	441	252	397	1023	
232	286	23	66	456	274	424	252	1021	487	
91	396	73	183	137	322	275	762	1023	259	
58	377	510	79	68	361	1023	0	51	994	
448	30	206	298	166	0	122	576	1023	652	
232	286	27	400	167	511	30	372	488	1008	
0	42	312	60	149	0	731	963	1020	244	
267	511	90	339	111	434	1005	0	175	589	
377	395	183	278	0	278	309	1023	0	678	
232	256	297	370	167	289	304	252	1021	333	
502	113	510	244	30	135	28	69	1021	869	
464	308	121	0	0	39	822	381	363	1023	
511	91	274	76	0	0	313	963	1018	275	
355	164	405	0	511	113	514	0	972	487	
156	279	182	511	70	0	461	942	920	0	
46	42	90	450	152	160	746	129	1020	686	
212	289	182	27	194	397	278	320	1021	601	
232	286	145	306	396	274	152	464	1023	243	
232	408	271	66	167	274	212	556	1023	312	
235	282	0	503	511	61	404	312	989	224	
335	253	53	121	425	457	30	0	1023	824	

50	141	304	90	122	57	182	563	1023	400	
106	30	23	184	182	244	272	319	1021	551	 ***
75	30	23	275	182	244	225	304	551	1023	
61	76	15	120	30	137	986	75	1021	411	
30	269	64	186	69	194	137	305	1023	655	
76	391	260	410	23	124	385	240	1023	0	
194	69	305	139	472	152	220	327	1020	34	
137	361	286	12	289	65	259	15	1023	485	
158	236	297	122	0	137	189	328	1020	445	
267	75	73	396	132	91	217	324	1023	334	
152	53	239	201	151	228	0	513	1023	372	
137	228	488	117	79	0	429	152	1020	282	
511	0	182	0	68	30	777	72	999	293	
64	243	30	511	15	137	129	769	984	50	
45	30	23	184	242	274	1023	319	210	582	
91	120	0	150	15	0	259	1000	1023	274	
121	441	0	166	308	53	98	350	1021	374	
15	213	38	181	506	305	654	0	1020	0	
418	511	53	69	34	502	212	167	966	0	
45	75	23	244	182	244	195	304	1023	597	
90	0	357	207	126	139	0	191	1023	799	
45	30	38	245	197	304	536	304	210	1023	
49	34	23	443	182	0	1023	304	322	552	
313	121	90	24	318	282	582	0	1020	182	
296	75	0	187	0	34	15	999	1022	304	
149	374	165	31	60	490	156	0	1020	487	
274	152	174	374	57	212	369	34	1023	263	
0	98	72	316	121	507	137	219	1020	442	
501	90	244	30	0	122	0	0	989	956	
270	84	150	30	198	498	335	342	1021	4	
38	0	192	91	0	382	461	236	1023	509	
83	30	23	216	182	244	257	304	570	1023	
45	45	23	184	182	304	210	319	597	1023	
49	34	23	176	182	305	287	1023	332	521	
49	53	38	184	182	276	292	304	531	1023	
49	4	119	111	319	274	485	30	1023	518	

65	0	91	0	424	60	335	1023	712	60	
148	278	76	53	60	60	594	1023	478	0	
68	83	297	166	0	181	845	79	1021	30	
429	212	280	30	470	151	0	0	1023	175	
121	240	135	15	109	0	244	822	1023	61	
396	120	297	90	136	241	305	0	1023	162	
0	106	15	158	289	275	334	312	1023	258	
69	75	364	0	230	75	0	785	151	1021	
19	135	90	151	409	91	655	197	1023	0	
45	309	75	320	45	503	117	30	1023	303	
76	90	75	424	94	327	533	120	1023	8	
402	152	332	60	181	0	0	435	1023	185	
0	15	394	105	105	76	87	60	1023	905	
159	136	57	98	64	395	409	0	1022	430	
174	105	509	60	75	45	338	441	1023	0	
113	166	0	60	30	365	105	117	1022	792	
75	0	30	64	90	15	258	342	1021	875	
30	105	396	60	0	45	299	813	0	1022	
30	511	0	185	105	60	259	0	1019	601	
136	30	8	54	45	364	349	334	1023	427	
111	511	456	38	372	109	402	0	771	0	
106	45	23	69	60	289	1022	379	380	397	
225	319	113	69	143	188	0	690	0	1023	
75	30	105	0	486	136	806	53	1019	60	
214	0	381	130	0	188	440	1022	0	395	
181	75	75	60	68	290	1023	0	998	0	
173	30	15	440	15	121	777	45	1019	135	
45	105	0	45	230	150	60	1023	259	853	
457	75	300	304	0	83	0	88	1022	441	
30	271	105	30	15	319	1022	163	0	815	
15	334	150	8	45	155	0	209	1023	831	
30	0	75	135	75	511	72	745	1022	105	
150	30	136	0	105	105	1023	293	76	852	
75	121	30	75	259	105	1023	915	167	0	
181	75	75	0	135	110	274	0	898	1022	
106	60	23	69	60	319	210	349	1023	551	 ***
106	75	53	24	45	259	596	361	228	1023	
124	98	151	201	349	139	320	365	1023	0	

106	60	23	69	60	319	411	289	320	1023	
0	30	75	425	30	15	0	1023	76	1006	
0	60	0	174	0	120	110	1023	265	928	
0	32	75	151	511	462	166	0	1009	274	
0	79	2	511	0	0	623	163	289	1013	
320	60	30	511	138	393	277	31	920	0	
60	0	106	60	90	511	30	807	956	60	
106	90	8	69	511	319	379	289	666	243	
274	0	34	60	2	15	184	151	1023	937	
511	511	153	30	75	380	894	126	0	0	
274	27	30	105	68	511	442	259	842	122	
353	76	45	373	0	62	628	60	1023	60	
106	60	8	61	30	323	411	411	1023	247	
106	75	23	69	30	319	1023	289	320	426	
0	289	30	60	120	60	1023	1023	75	0	
365	120	91	0	30	45	1023	15	871	120	
120	252	38	344	144	0	0	346	1023	413	
81	244	109	0	53	189	0	75	906	1023	
0	30	30	90	120	350	15	211	1023	811	
30	30	0	75	45	105	0	419	1023	953	
0	0	75	335	60	32	255	75	1023	825	
60	106	511	105	30	15	15	0	821	1017	
30	60	49	211	15	121	90	1023	274	807	
95	60	23	106	30	319	426	321	1023	277	
45	60	83	143	0	242	114	970	1023	0	
511	107	495	121	263	75	274	0	0	834	
121	60	23	92	30	323	1023	289	289	430	
57	98	433	0	0	51	1023	661	357	0	
15	90	0	494	91	511	90	396	993	0	
117	0	271	226	106	304	381	0	1023	252	
87	357	165	167	15	45	0	213	1022	609	
106	60	8	69	30	319	467	290	1023	308	
106	60	23	69	34	334	450	289	1023	292	
106	90	23	69	30	319	409	319	1023	292	 ***
15	334	76	105	19	90	897	91	1023	30	
0	47	60	90	30	105	202	347	1023	776	
75	30	0	441	61	45	1017	0	45	966	
45	511	135	0	47	64	221	364	996	297	
91	75	8	69	30	323	409	411	1021	243	
105	274	106	15	0	511	1015	549	0	105	

61	124	0	511	30	339	387	259	589	273	
121	124	0	61	34	327	195	507	1022	182	
79	30	15	0	49	113	305	791	1023	168	
0	120	0	91	60	327	169	1023	618	165	
121	217	502	135	0	139	60	316	1023	60	
0	80	30	369	0	124	1023	68	0	879	
84	94	0	95	75	349	150	259	1022	445	
75	357	0	79	45	95	4	1023	895	0	
511	49	0	34	0	75	657	211	15	1021	
95	94	0	61	34	394	413	278	1022	182	
120	61	90	90	95	511	0	379	259	968	
76	90	27	53	30	319	424	289	1022	243	 ***
61	113	0	511	34	319	210	507	606	212	
91	90	4	53	30	372	195	259	456	1023	
151	165	312	0	91	511	334	797	212	0	
31	5	15	90	126	184	139	274	1023	686	
65	90	0	61	60	327	158	1023	517	272	
53	4	45	246	0	75	135	992	1023	0	
38	15	398	139	0	124	0	807	1022	30	
91	105	334	171	189	511	0	0	849	323	
109	34	15	226	4	60	1005	0	1022	98	
153	4	30	75	94	383	762	15	34	1023	

121	105	205	83	30	284	454	541	1023	197	 ***
185	0	34	123	483	53	364	638	1023	140	
329	511	421	106	0	49	787	124	716	0	
39	4	445	30	189	165	673	0	1023	475	
114	334	31	113	30	244	332	259	1023	563	
433	0	511	424	0	406	152	110	844	163	
511	403	90	425	241	0	363	998	12	0	
34	115	486	68	75	68	201	973	1023	0	
68	289	304	199	34	30	235	440	1023	421	
491	15	105	98	230	286	638	1022	60	98	
99	0	184	60	94	158	34	373	1023	1018	
364	169	289	139	182	106	292	0	1023	479	
75	251	312	426	0	0	1023	240	497	219	
75	76	213	289	49	500	514	45	259	1023	
61	511	98	502	4	139	447	986	49	246	
171	123	203	94	312	30	0	715	1023	372	
84	60	83	60	30	314	454	297	1023	638	
183	90	24	61	30	511	394	297	876	577	
38	117	0	511	94	0	506	323	1015	439	
289	121	511	251	30	60	582	94	949	156	
210	110	30	497	143	75	1023	353	602	0	
133	64	501	60	0	364	672	61	165	1023	
69	90	31	53	30	394	548	259	546	1023	
354	511	369	117	0	165	221	387	919	0	

121	80	145	136	0	299	404	442	1023	243	
182	75	145	90	32	282	342	282	1022	441	
312	257	286	156	511	60	76	136	90	1009	
301	102	105	441	8	511	105	319	1001	0	
282	110	32	501	45	211	251	0	1023	438	
121	80	145	314	0	511	672	404	403	243	
121	105	145	75	0	284	334	343	463	1023	
121	75	137	75	0	314	349	349	450	1023	
160	94	49	181	34	387	875	1023	0	90	
121	75	145	75	0	284	342	396	1023	432	
0	105	30	0	38	511	677	368	1014	150	
0	30	0	448	102	431	165	565	1023	129	
121	90	145	83	32	312	334	297	456	1023	
8	46	75	312	244	122	1023	135	890	38	
42	151	257	289	424	126	1023	199	0	382	
86	90	90	142	182	499	395	386	1023	0	
38	334	274	242	108	99	0	321	1023	454	
80	137	173	135	138	511	46	659	1014	0	
145	135	57	49	418	511	381	185	1012	0	
304	0	256	110	78	125	0	888	109	1023	
129	105	145	75	32	327	334	282	1023	441	 ***
0	206	511	85	16	111	1023	0	762	179	
53	79	8	0	0	75	272	1023	1016	367	
121	105	145	511	0	284	349	297	464	617	

183	249	106	75	105	97	30	403	1023	289	
221	75	27	75	32	106	359	533	1023	109	 ***
99	105	76	60	34	221	75	503	1023	364	
91	83	15	511	30	83	335	442	865	105	
157	182	142	448	511	75	1003	0	0	42	
94	182	0	0	98	131	1023	272	291	469	
8	135	8	30	91	499	45	91	1023	630	
0	94	21	198	92	198	1023	0	600	334	
129	45	20	424	27	165	320	30	377	1023	
0	181	125	143	90	102	690	75	1023	131	
511	224	57	384	76	0	1016	147	145	0	
94	0	319	16	511	30	488	1022	34	46	
137	15	83	128	0	95	132	1023	174	773	
19	511	30	231	94	504	96	1022	53	0	
30	99	250	139	0	118	304	591	1023	6	
68	0	511	248	511	0	49	132	958	83	
49	84	355	185	347	511	343	0	0	686	
15	312	32	68	113	390	257	320	30	1023	
87	342	105	45	206	46	536	170	1023	0	
99	75	23	147	36	119	327	345	1023	366	
67	102	134	106	45	65	943	75	1023	0	
227	75	36	109	0	45	1023	922	0	123	
115	83	23	107	0	99	1023	410	381	319	
91	79	15	182	30	104	105	1023	327	604	
57	46	70	0	76	105	1023	120	145	918	
190	136	60	8	114	0	200	524	305	1023	
95	105	20	212	42	83	98	343	1023	539	
91	128	49	145	0	511	75	656	586	319	
221	135	31	98	42	83	83	343	1023	501	
91	105	27	83	40	243	100	343	505	1023	
9	36	69	75	68	30	935	236	1023	79	
95	75	38	90	34	83	331	320	471	1023	

438	64	75	0	0	51	124	597	1023	64	
228	75	27	75	15	113	108	312	1023	460	
113	15	35	64	109	121	159	797	1023	0	
213	75	19	60	30	98	120	464	1022	335	
346	451	124	75	199	35	0	53	1023	130	
91	511	49	45	83	8	0	8	1020	621	
94	377	32	92	0	117	0	648	1023	53	
152	73	0	0	153	4	49	890	1023	92	
228	75	31	102	0	98	1023	342	214	323	
0	502	511	55	140	160	15	31	0	1022	
30	145	4	68	55	30	858	125	1023	98	
185	49	57	57	511	440	0	232	905	0	
4	34	31	502	15	44	1023	0	172	611	
228	90	27	90	0	102	77	472	1023	327	
232	75	27	75	0	128	92	320	464	1023	
228	75	12	75	30	251	321	342	1023	79	 ***
217	227	54	75	0	98	77	312	1023	353	

101	68	101	164	79	425	411	105	0	1023	
193	75	162	86	153	381	294	110	1023	0	
0	12	511	105	0	24	487	1023	197	118	
215	78	27	60	0	118	1023	357	221	378	
331	99	80	153	64	56	1023	537	134	0	
238	91	122	75	0	511	321	590	450	79	
198	75	14	75	0	193	1023	377	424	98	
223	79	27	132	0	511	91	342	442	630	
198	75	4	87	201	129	340	343	1023	77	 ***
19	62	0	4	12	212	997	1023	23	125	
70	72	38	164	231	408	372	0	99	1023	
213	246	17	60	45	127	77	346	1023	323	
15	31	188	511	220	411	109	196	796	0	
28	95	83	27	49	26	0	885	261	1023	
202	90	4	75	34	141	78	481	1023	349	
103	301	184	116	294	61	64	331	1023	0	
213	511	29	75	0	201	584	328	457	79	
263	127	88	60	342	8	494	72	1023	0	
302	124	65	117	200	511	140	388	630	0	
198	511	260	111	0	114	385	355	464	79	
221	60	8	30	0	114	442	342	237	1023	
154	75	4	75	30	175	383	1023	449	109	
106	95	57	136	27	511	301	1021	223	0	

75	106	30	128	83	15	70	0	1023	1008	
24	15	137	122	90	0	30	75	1023	1022	
15	75	0	110	156	511	128	375	568	600	
0	126	0	511	113	15	30	1016	15	712	
139	250	19	36	13	21	0	182	1023	855	
84	168	29	85	212	0	251	648	1023	38	
81	439	72	153	60	51	507	76	1023	76	
125	81	0	32	153	84	98	1023	271	671	
149	147	211	86	30	91	584	217	1023	0	
137	197	0	72	15	99	276	338	1023	381	
106	145	0	12	32	103	216	567	334	1023	
68	57	125	19	184	156	274	632	1023	0	
123	128	4	42	30	297	92	403	1023	396	 ***
0	0	4	17	258	511	627	64	1023	34	
19	75	0	76	15	129	376	1023	579	246	
258	30	161	509	0	45	108	264	1023	140	
0	99	177	174	185	70	1023	54	756	0	

132	237	87	360	30	0	387	443	1023	290	
77	76	66	35	45	278	601	318	470	1023	
62	94	8	134	94	368	767	1022	363	77	
62	231	79	164	30	274	295	394	437	1023	
274	152	2	304	0	150	1012	72	0	1023	
64	15	179	346	105	185	113	798	1022	162	
62	98	4	42	34	397	253	1023	785	291	
387	40	244	471	230	186	414	0	1017	0	
190	191	4	12	30	274	1023	447	422	396	
128	140	79	30	275	90	899	325	1023	0	
89	94	69	149	30	242	212	150	1022	932	
77	174	64	67	30	411	150	410	1023	583	 ***
61	60	181	122	19	187	119	1012	1023	205	
490	122	15	150	511	381	0	1015	105	200	
173	75	314	24	113	45	65	854	1023	303	
137	60	19	190	57	152	1018	1022	0	334	
118	511	141	2	37	0	1016	279	885	0	
73	126	0	0	274	398	83	155	1023	857	
156	64	191	280	265	102	0	855	1023	53	
406	156	510	143	15	473	126	1021	139	0	
105	126	19	2	122	151	1004	210	227	1023	
306	4	242	80	150	214	33	846	1023	91	
62	231	126	16	308	244	408	402	1023	169	
45	132	184	511	53	0	91	1000	369	604	
220	31	128	75	331	34	85	249	1023	813	
152	71	137	95	287	66	79	90	989	1023	
123	75	21	12	30	278	83	376	1023	968	
333	122	15	75	0	172	122	1023	1005	122	
49	130	253	106	45	250	60	93	1023	980	
77	139	64	65	30	350	231	532	1023	478	
90	488	65	505	289	203	80	120	1023	126	
79	270	19	313	121	281	594	289	1023	0	
85	14	53	166	218	137	224	204	1022	866	
70	246	40	57	36	278	303	513	423	1023	
102	287	271	381	85	278	1023	297	265	0	
249	122	32	261	30	0	960	115	1023	197	
109	80	67	183	60	137	207	105	1018	1023	
511	106	160	487	32	497	275	682	239	0	
432	17	64	261	353	285	350	59	1023	145	
182	53	239	30	126	121	231	110	875	1022	
0	141	98	511	150	64	320	252	900	553	
62	94	68	134	30	305	294	603	377	1022	
309	124	132	12	45	282	109	391	1023	562	
78	94	83	88	30	368	147	849	1023	229	
17	30	126	165	30	402	211	864	121	1023	
15	30	157	32	85	100	233	980	1023	334	
36	511	250	38	60	124	154	842	974	0	
141	60	88	216	119	154	147	151	1023	890	

508	149	75	61	511	0	901	91	308	370	
122	30	122	201	91	64	51	333	1022	938	
77	170	139	82	30	396	1023	327	549	181	
162	280	158	321	124	87	512	307	1023	0	
366	511	272	217	151	45	392	0	1020	0	
78	155	511	75	30	392	716	327	505	185	
122	76	17	244	75	231	197	932	1023	57	
93	155	64	67	30	404	293	261	584	1023	
78	155	79	67	30	452	180	367	543	1023	
81	155	64	128	30	404	573	343	1023	173	
77	140	72	142	68	468	1023	63	501	420	
86	94	64	67	511	422	150	404	528	648	
81	511	139	67	30	385	991	83	516	171	
100	155	83	67	30	411	1023	327	545	233	
137	64	156	160	186	325	79	203	1023	641	
222	87	190	366	150	151	116	669	1023	0	
92	170	79	127	30	396	180	575	1023	302	 ***
327	56	155	0	307	154	295	228	1023	429	
484	8	426	428	15	121	312	32	126	1022	
75	147	227	78	68	292	737	239	1022	89	
76	132	135	122	63	511	998	366	175	396	
183	440	511	38	0	15	308	306	1021	152	
511	364	130	145	75	80	456	137	1015	61	
145	155	64	82	30	411	1023	335	533	196	
486	19	494	98	0	309	86	1022	141	319	
124	8	380	64	456	148	34	30	1023	707	
87	155	64	67	30	396	1023	395	584	173	
89	189	64	144	61	396	120	594	1023	294	
166	122	166	289	15	282	572	98	1023	241	
0	0	30	94	145	178	1016	270	1023	218	
81	270	49	0	242	200	274	275	1022	561	
77	155	64	112	53	422	1023	351	537	180	
86	155	64	91	113	396	180	335	1023	531	

373	15	198	49	69	30	1023	183	631	181	
92	99	79	305	90	419	432	62	1023	151	
511	106	184	104	30	419	0	417	830	151	
244	500	75	109	313	125	136	122	1022	106	
109	61	75	90	0	426	62	1022	697	210	
92	91	79	104	51	328	79	149	1023	756	
42	206	511	0	366	145	225	244	1013	0	
244	12	109	304	186	91	181	505	1023	97	
305	0	60	15	438	91	1023	151	669	0	
124	296	79	123	49	426	0	177	1023	455	 ***
158	76	75	151	19	305	0	492	453	1023	
244	285	175	407	0	4	1023	34	318	262	
511	403	464	137	0	507	518	0	0	212	
96	49	12	94	416	316	122	242	1022	383	
92	110	79	104	94	366	1023	102	633	149	
30	327	136	60	415	365	191	79	1023	126	
511	108	83	180	34	366	0	178	596	696	
92	140	79	356	30	366	0	147	1023	519	
126	91	79	104	90	401	130	558	1022	151	
338	8	69	128	212	151	141	674	1023	8	
92	121	139	511	30	435	0	647	626	151	
256	138	137	68	61	0	785	284	1023	0	
174	246	258	150	0	12	586	0	1022	304	
98	73	0	0	404	384	0	154	1023	616	
92	153	79	104	45	418	557	59	1023	222	
90	30	313	475	38	138	510	135	1023	0	
122	106	79	104	42	366	1023	102	528	280	
293	45	0	0	182	141	317	752	1022	0	
197	61	510	8	319	94	1023	0	106	434	

138	64	121	309	242	0	114	648	1023	0	
23	303	30	87	445	228	49	57	1023	414	
94	175	79	119	99	304	0	203	563	1023	
94	209	83	119	34	365	0	181	551	1023	
94	175	83	119	65	304	0	1023	555	241	
30	120	187	0	313	272	624	0	1023	90	
94	160	79	119	64	300	64	547	1023	209	
42	313	68	79	30	212	414	60	1022	419	
94	183	83	119	511	312	0	196	551	610	
113	300	79	179	34	304	0	417	1022	211	
94	183	83	149	34	331	0	1023	551	211	
15	97	510	210	510	120	0	0	279	918	
94	175	109	510	34	300	0	196	635	606	
94	194	79	119	72	266	1022	53	551	209	
94	160	79	149	34	262	597	53	1022	209	
312	19	509	61	124	30	0	1023	87	494	
94	175	79	119	34	304	0	598	1022	234	
94	240	83	119	34	304	0	1023	551	211	
94	213	83	124	64	296	0	1023	551	211	
124	175	83	119	34	300	0	554	1023	247	
94	175	79	119	34	300	0	263	572	1023	
307	511	274	15	76	91	882	108	68	327	
113	278	417	105	209	121	155	238	1023	0	
15	60	200	79	75	0	411	0	1022	797	
94	243	99	119	511	327	0	200	611	455	
94	190	83	119	34	255	64	558	1023	239	
105	186	246	151	282	511	0	0	987	191	
94	300	79	179	34	300	0	166	1022	485	 ***
12	80	457	347	77	106	376	30	1022	152	
61	4	402	23	90	252	569	158	1022	78	
92	179	83	149	34	339	0	1023	551	209	

393	511	463	38	68	0	278	0	984	105	
346	511	19	119	34	212	0	840	490	269	
212	42	45	90	0	16	160	488	1022	765	
34	159	19	507	510	318	0	483	571	239	
165	60	317	511	0	0	114	0	968	705	
4	42	12	243	4	60	244	968	1022	241	
441	34	8	0	45	4	274	1023	840	171	
34	99	19	74	42	511	258	380	433	990	
370	57	53	0	30	16	845	112	1023	334	
278	68	0	120	61	99	122	334	735	1023	
244	19	53	319	0	509	187	98	1023	388	
130	511	0	366	4	45	113	297	921	453	
34	92	338	510	64	190	0	235	463	914	
68	64	30	0	395	301	0	823	136	1023	
261	77	23	104	64	182	1022	488	365	254	
129	30	60	0	256	12	0	432	901	1020	
87	144	19	150	57	209	0	226	925	1023	
0	75	511	80	403	0	186	4	730	851	
178	292	19	357	0	64	0	1023	45	862	
244	45	312	511	0	30	1019	453	30	196	
136	129	23	104	64	243	0	1023	877	241	 ***
278	99	154	74	72	511	0	968	445	239	
57	68	19	0	323	274	124	243	1023	709	
404	94	365	509	511	60	897	0	0	0	
0	76	91	487	511	426	816	0	0	433	
12	274	68	60	17	308	265	0	1022	814	
0	0	502	72	293	511	0	142	460	860	
34	313	19	134	34	242	1022	298	505	239	
334	0	167	30	16	304	64	1023	810	92	
53	396	27	134	64	220	0	490	433	1023	
34	129	79	74	34	209	958	46	1023	254	
57	84	19	127	308	182	233	46	1023	761	
0	75	0	511	244	91	30	88	779	1022	
49	69	19	74	278	232	721	46	1023	329	
128	4	406	152	267	511	113	339	920	0	
154	149	49	74	278	511	0	374	1012	239	
34	159	33	89	339	239	0	1023	685	239	
32	129	34	112	49	257	0	729	475	1023	
117	92	87	89	282	247	0	211	692	1023	
183	0	75	106	0	34	716	132	1023	571	
216	39	185	30	293	23	94	938	1022	0	
15	69	60	64	256	182	498	1023	418	255	
0	103	0	511	90	83	974	1011	0	68	
90	23	96	290	0	511	0	250	986	594	

0	0	45	30	75	0	274	1020	852	38	
30	0	122	30	0	90	685	1023	263	91	
64	31	105	274	98	396	61	1022	245	38	
83	99	15	64	34	60	0	1023	772	184	
60	259	45	0	0	30	0	1020	90	830	
0	60	0	0	0	30	38	1023	212	971	
0	30	0	150	511	0	395	244	1004	0	
0	0	0	30	30	505	15	1016	738	0	
0	53	408	323	262	0	77	1022	177	12	
15	0	0	506	274	0	0	212	1023	304	
85	99	15	68	171	60	0	213	601	1022	
68	511	0	0	349	30	64	289	1023	0	
364	8	0	15	0	0	925	0	1022	0	
15	404	15	0	372	510	0	1018	0	0	
0	42	90	15	49	0	307	1023	680	128	
259	0	8	60	0	30	0	1022	606	349	
60	38	45	0	0	511	0	30	628	1022	
85	99	15	64	34	227	0	217	571	1022	
0	0	60	0	488	0	242	507	1022	15	
83	236	15	64	94	60	0	1023	590	169	 ***
0	0	45	0	53	0	989	1023	72	152	
83	99	15	64	79	60	1023	35	693	183	
85	99	45	68	19	60	0	1022	749	187	
0	75	0	426	0	511	320	0	1002	0	
128	488	0	45	0	0	8	645	1020	0	
207	99	15	64	34	94	0	213	586	1022	
0	60	244	0	30	0	857	0	1023	120	
85	99	15	64	49	511	0	290	600	621	
60	30	15	0	0	30	205	1019	975	0	
0	244	30	30	4	0	0	1022	35	969	
488	211	0	0	30	357	152	75	1021	0	
30	0	0	90	45	145	0	1022	900	102	
0	304	511	411	0	0	0	30	987	91	

60	34	350	30	212	0	663	1022	548	0	
244	350	0	105	0	319	0	1022	61	818	
244	91	0	60	252	259	920	1018	75	0	
377	197	75	30	151	0	259	1023	533	274	
0	90	289	510	0	69	511	1018	432	0	
468	305	15	0	98	334	0	678	1021	0	
75	212	158	0	488	0	308	1023	0	655	
60	61	0	304	511	0	900	30	1023	30	
0	220	0	0	511	335	165	1003	563	122	
319	480	4	45	60	0	120	1022	777	92	
365	182	0	75	90	334	0	1021	563	289	 ***
511	4	68	0	336	0	755	940	305	0	
0	30	69	60	90	0	488	1022	993	167	
38	182	0	0	274	61	274	1022	968	100	
357	167	15	282	60	0	0	1023	653	362	
60	335	0	113	0	90	34	778	486	1023	
30	191	319	503	60	319	75	1022	400	0	
30	65	411	0	511	90	0	952	0	860	
15	0	0	496	198	319	0	1022	734	135	
34	0	122	92	274	62	1023	993	0	319	
0	509	312	4	0	429	380	1022	263	0	
65	464	0	0	510	374	0	562	0	944	
274	152	61	275	319	120	244	1022	0	452	
105	30	319	244	0	83	244	1023	749	122	
308	319	8	45	0	151	244	1023	821	0	
90	30	244	61	122	8	1023	941	366	34	
23	0	2	0	75	320	488	150	838	1023	

0	353	334	267	64	511	1021	662	0	0	
4	49	75	511	198	0	244	992	815	324	
304	511	8	75	30	305	105	1022	578	274	
61	490	15	492	211	144	776	1023	0	0	
312	212	0	106	98	319	312	1023	297	533	
511	0	106	60	364	503	190	960	274	244	
261	380	0	137	0	0	761	1023	274	376	
304	182	38	45	90	244	244	1023	572	470	
334	511	83	15	90	488	0	792	511	388	
84	510	0	0	227	0	1023	415	0	953	
12	0	252	252	62	136	458	1017	1023	0	
488	511	61	45	90	244	0	921	548	304	
319	190	60	45	150	244	282	1023	328	571	
53	122	244	15	75	342	282	1023	492	564	
320	205	0	53	90	304	0	1023	624	593	 ***
0	511	304	349	188	0	373	500	987	0	
304	182	0	203	159	496	0	1023	556	289	
304	257	8	45	98	244	304	1023	541	388	
260	0	372	260	121	304	0	1023	277	595	
248	411	20	83	30	19	83	1023	732	563	
210	488	175	259	77	12	322	1023	259	387	
183	252	30	90	304	358	289	1023	394	289	
304	152	0	511	181	252	0	783	511	518	
511	154	105	60	389	388	583	1022	0	0	
0	244	316	98	0	15	121	1023	442	953	
511	167	0	136	90	496	304	1005	244	259	
511	120	259	83	90	308	0	966	556	319	
105	274	150	0	0	508	259	1022	282	612	
60	30	0	0	0	327	304	980	1023	488	
511	75	21	121	244	244	121	878	252	745	
163	61	511	259	120	263	289	876	304	366	
60	268	198	511	244	90	279	687	548	327	
304	152	442	83	90	511	0	845	511	274	

244	91	68	0	173	121	0	1022	61	1023	
244	0	334	60	60	120	61	1023	779	122	
34	68	68	0	0	90	488	1021	121	913	
395	68	424	0	368	0	0	1023	83	442	
334	447	0	511	0	0	0	1023	488	0	
328	0	0	289	64	0	118	1023	46	935	
15	108	305	0	0	0	0	1023	978	374	
244	113	0	106	511	0	0	1021	808	0	
260	42	15	45	120	0	297	1021	425	578	
60	289	0	0	282	60	0	1022	1021	69	
0	511	76	304	0	0	113	994	274	531	
328	190	30	15	94	0	0	698	425	1023	
260	224	0	15	135	60	0	1023	485	601	 ***
507	105	30	0	0	30	0	129	1020	982	
96	0	90	60	0	297	0	1023	382	855	
260	190	60	53	126	0	0	1023	468	623	
0	333	94	0	60	252	1021	60	983	0	
155	310	8	27	0	350	568	1021	364	0	
244	511	259	303	0	379	0	0	1017	90	
320	145	38	0	60	15	0	1023	609	593	
90	0	263	0	30	511	1003	77	0	829	
244	60	30	83	0	343	1020	1023	0	0	
91	320	471	305	0	91	370	1023	132	0	
511	0	244	0	454	252	1008	0	0	334	

260	87	0	0	171	0	0	472	531	1023	
76	4	475	259	0	231	0	1022	477	0	
0	244	124	136	90	511	452	987	0	0	
15	511	0	60	196	0	970	732	60	0	
260	102	15	30	137	0	0	1022	561	417	
57	83	0	98	511	339	0	1016	440	0	
0	121	166	465	0	304	1019	0	469	0	
30	60	289	60	0	0	32	1020	1023	30	
0	511	30	440	249	30	0	995	0	289	
15	61	0	165	244	0	0	1022	60	977	
252	79	0	0	105	0	137	1023	636	312	
30	30	0	30	30	30	0	1023	364	1007	
260	511	0	0	210	0	0	766	470	327	
0	0	503	0	511	0	166	1019	45	300	
260	72	274	15	196	0	0	1022	288	417	
351	102	0	0	152	30	0	1022	470	417	 ***
90	30	120	0	30	0	0	1022	989	263	
320	57	0	0	135	91	0	1022	502	417	
439	365	0	15	0	511	0	0	304	910	

511	353	8	0	113	38	0	729	474	492	
511	45	187	0	60	19	83	1023	0	790	
0	395	81	75	34	45	612	1023	308	145	
349	215	8	90	0	0	535	1023	244	254	
75	61	334	30	68	227	34	1023	45	821	
95	0	488	34	180	75	94	1023	599	130	
511	494	45	121	136	61	83	1023	0	244	
53	60	493	19	425	509	0	1022	15	122	
425	210	168	8	17	442	76	1023	45	304	
65	30	64	0	289	234	380	1023	595	38	
30	19	60	196	167	45	372	1023	624	182	
145	128	15	15	150	433	75	1023	632	102	
125	194	30	434	120	135	263	1022	151	244	
503	79	0	15	201	50	0	1023	482	365	 ***
0	4	407	312	0	135	242	1023	215	380	
351	94	0	30	229	30	156	1023	470	335	
362	85	4	0	49	30	243	1023	595	327	
274	30	94	305	180	171	181	1023	0	460	
120	68	60	4	61	0	379	1022	1004	0	
15	147	361	304	236	412	144	1023	0	76	
30	361	8	324	0	72	64	1023	442	394	
0	60	135	0	166	248	132	0	955	1022	
252	113	4	302	0	69	60	0	1023	895	
0	76	31	94	396	31	94	1023	30	943	
0	319	81	0	120	334	204	1022	79	559	
0	0	30	120	90	91	0	1023	985	379	
319	72	60	0	113	90	4	1023	90	947	
148	319	0	0	60	278	42	1023	570	278	
404	242	45	15	45	380	0	1023	222	342	
225	57	342	0	0	358	260	1023	151	302	
94	0	75	263	254	15	30	1022	105	860	
351	107	12	0	60	180	169	1023	485	331	
511	60	0	0	42	34	150	957	294	670	
511	125	425	38	8	304	244	927	136	0	
105	140	75	383	76	91	87	1023	738	0	
73	90	0	320	203	455	45	1023	385	124	
511	507	170	383	0	0	124	76	0	947	

488	244	100	136	271	167	687	1023	0	125	
200	357	478	4	64	396	34	1023	0	685	
286	60	248	72	385	148	974	1023	0	45	
60	338	99	488	0	165	198	1023	0	870	
130	88	323	417	0	334	23	1023	903	0	
72	388	68	501	0	64	914	1023	151	60	
465	278	0	0	361	511	0	275	726	625	
15	30	125	308	60	0	165	1023	768	747	
304	105	244	64	0	121	274	1022	669	438	
480	42	0	0	413	282	0	519	482	1023	
465	120	42	244	203	38	0	1023	741	365	 ***
457	298	0	0	169	94	0	716	1023	484	
511	15	30	190	244	245	83	0	914	1009	
210	45	120	197	334	445	61	1023	562	244	
399	511	45	417	34	0	0	999	677	159	
347	259	0	0	511	287	857	980	0	0	
124	308	152	282	282	8	0	1023	739	323	
150	138	61	0	358	126	731	1023	136	518	
465	30	334	0	310	34	0	1022	726	320	
15	321	64	62	465	244	394	1023	351	302	
465	35	0	0	511	436	0	442	726	626	

