#42	245	213	411	211	0	923	282	380	1023	
#274	109	130	312	264	275	320	352	1023	671	
#271	511	0	0	319	326	998	103	179	1023	
#391	64	0	282	12	169	1023	766	82	941	
#91	137	0	435	182	506	667	624	1023	65	
#64	74	305	511	350	506	0	984	936	0	
#156	321	30	0	0	8	160	1023	1019	1013	
#252	412	278	34	68	328	1023	343	953	39	 ***
#511	354	275	188	0	64	1021	296	0	1021	
#503	259	0	370	175	360	279	446	315	1023	
#299	282	34	4	79	330	875	637	1023	167	

260	404	278	34	67	206	1023	343	417	355	
149	129	323	213	73	237	252	618	1023	370	
4	23	183	213	60	130	1007	1023	744	0	
511	0	15	0	271	334	295	299	1006	656	
5	260	290	492	507	75	167	0	568	1023	
252	396	156	30	476	206	343	365	140	1023	
389	187	122	118	305	77	264	902	1023	0	
382	404	278	62	53	271	412	282	220	1023	
0	12	445	374	65	277	1023	169	477	545	
267	308	217	438	106	9	313	462	1023	244	
389	404	278	32	57	207	427	373	197	1023	
8	0	83	0	396	412	412	1023	977	76	
260	282	286	62	267	236	404	343	1023	224	
256	412	278	40	68	206	413	343	1023	348	
275	404	278	162	53	210	404	1023	357	221	
10	30	293	328	232	31	843	335	1023	262	
252	404	278	48	175	206	404	388	209	1023	
268	168	278	32	53	251	404	1023	506	404	
388	0	0	229	219	60	655	155	1023	658	
252	404	72	32	57	221	404	343	579	1023	
286	31	34	15	42	110	522	488	1022	837	
252	412	278	32	175	206	1023	423	209	377	
260	328	278	34	511	206	412	343	460	555	
426	84	30	244	19	152	260	334	1023	815	
267	404	309	40	53	206	586	213	1023	286	
321	452	168	213	0	511	919	549	0	254	
4	386	332	0	511	353	155	1023	0	623	
267	313	333	8	366	38	336	638	1023	65	
252	404	50	32	53	328	427	591	227	1023	
278	126	295	0	195	182	1023	490	611	187	
305	267	49	153	335	290	368	519	1023	78	
252	412	278	158	68	214	404	343	235	1023	
252	419	293	169	183	206	290	189	363	1023	
267	404	310	41	53	226	1023	243	538	282	 ***

274	404	72	286	53	226	1023	812	184	117	
34	511	27	331	308	0	0	1015	350	875	
290	269	393	231	497	381	1023	155	212	0	
304	412	308	98	53	226	541	1023	204	282	
267	404	308	40	53	256	365	379	356	1023	
244	278	346	38	53	226	1023	404	222	617	
259	406	308	53	61	234	541	377	189	1023	
248	64	14	511	64	298	959	282	573	438	
29	507	8	244	282	293	183	372	1022	511	
248	488	12	239	30	320	159	1023	46	886	
401	122	244	244	125	93	312	1023	445	442	
92	0	0	53	511	38	21	776	988	972	
244	183	149	511	472	349	0	279	1012	252	
205	60	8	141	38	23	65	1023	989	899	
15	160	308	145	511	470	878	110	305	549	
259	282	293	55	114	226	343	1023	574	282	
349	412	308	53	53	226	541	1023	204	282	
290	435	79	0	198	105	1023	264	682	375	
511	404	88	40	113	256	541	1023	170	305	
259	464	308	40	53	226	565	1023	223	290	
16	75	282	269	344	175	365	289	1023	613	
259	404	308	40	53	295	1023	72	326	671	
259	404	308	55	53	286	327	193	1023	543	
46	63	42	351	138	350	283	1023	691	464	
276	404	308	100	61	511	301	159	524	807	
259	374	336	0	0	412	338	465	244	1023	
259	412	308	70	61	226	616	133	1023	343	
296	104	300	23	457	469	1023	370	409	0	
145	248	118	220	300	8	663	472	1023	254	
259	400	308	68	53	301	297	336	406	1023	
511	400	308	38	53	226	297	433	162	1023	
260	248	0	397	481	511	286	990	0	278	
410	0	10	69	411	374	190	918	46	1023	
450	390	75	15	60	132	1023	0	289	1017	
404	182	4	164	313	137	122	573	529	1023	
366	503	90	42	30	8	0	1023	412	977	
374	511	442	157	0	12	691	121	1020	123	
190	482	511	172	168	415	411	90	1012	0	
259	404	308	53	53	226	1023	144	387	594	
260	404	308	100	297	219	1023	133	425	282	 ***

259	400	60	342	460	271	304	135	1023	267	
0	381	252	278	509	45	1022	60	69	905	
259	396	182	83	297	219	1023	468	252	342	
134	164	313	65	349	132	1020	438	837	69	
259	400	120	220	298	219	1023	343	297	342	
259	396	64	189	312	219	548	330	181	1023	
229	441	164	182	511	205	335	278	932	244	
479	60	191	510	138	289	163	426	1021	244	
159	121	46	0	267	122	297	902	1020	587	
334	396	8	60	501	382	0	712	1020	108	
259	396	60	342	361	219	1023	213	381	267	
8	30	338	0	365	130	1023	456	212	959	
259	456	64	342	323	211	393	61	389	1023	
319	396	60	98	387	341	1023	305	261	331	
289	465	232	265	156	0	479	488	1023	124	
46	91	57	218	152	38	1023	679	468	749	
261	193	282	0	221	511	571	0	541	941	
174	58	60	0	182	372	1023	269	759	624	
259	400	426	159	342	219	1023	99	312	282	
27	320	197	304	424	77	591	239	1023	319	
234	190	0	449	106	284	0	243	992	1023	
191	99	342	49	499	147	1022	137	997	38	
0	366	334	511	252	148	777	0	935	198	
511	381	213	374	128	90	434	1002	68	320	
99	496	228	511	387	31	34	1021	487	227	
319	274	64	402	297	493	304	76	269	1023	
259	278	60	233	298	463	1023	221	404	282	
120	60	309	19	91	485	32	365	1023	1017	
259	274	30	372	488	211	1023	91	266	507	
343	0	0	511	106	384	297	723	932	225	
151	290	266	0	502	0	372	1023	122	795	
263	396	60	104	486	264	319	335	1023	271	
240	273	114	378	0	511	917	380	708	0	
0	457	0	181	410	90	1022	390	731	240	
259	460	60	113	297	219	366	347	377	1023	
429	260	267	252	396	125	1021	286	327	158	
319	396	304	98	297	219	1023	198	507	160	 ***
342	411	249	125	498	402	1023	228	243	0	
180	30	304	243	312	396	1021	194	248	593	
259	396	105	166	293	203	544	1021	267	267	
381	400	60	98	419	401	304	153	1023	282	
297	220	404	130	289	511	229	342	1009	90	
83	327	408	49	68	176	1023	388	999	0	
259	396	90	220	357	463	1023	76	306	331	
444	0	0	38	490	153	93	1023	328	952	
511	334	174	156	65	374	1019	0	0	888	
113	504	0	476	0	369	757	209	1023	70	
207	90	302	236	75	400	289	1023	426	473	
259	396	242	158	297	463	340	320	1023	23	
68	274	380	478	297	0	795	69	137	1023	

396	30	75	152	506	61	137	75	478	1022	
304	152	321	60	94	35	505	1023	270	168	
30	168	83	0	136	0	277	368	1021	849	
187	260	372	69	478	61	1023	173	309	0	
0	397	346	0	106	90	1020	427	334	212	
304	152	304	121	53	511	609	183	176	519	
8	511	68	45	241	134	374	486	821	244	
334	383	199	47	152	0	1022	0	331	464	
349	0	107	0	152	175	978	1021	150	0	
83	64	171	103	144	61	274	307	1020	705	
349	167	60	60	38	89	1023	350	461	335	
365	152	289	60	511	113	505	183	586	168	
323	102	126	45	158	250	1023	556	349	0	
90	448	79	194	30	0	1023	992	0	76	
166	334	0	105	244	91	0	1021	64	907	
304	152	289	121	38	81	1023	535	229	160	
0	212	186	163	0	459	0	320	569	1023	
109	0	183	61	213	114	845	387	1020	0	
90	8	511	0	0	147	837	61	1015	263	
79	209	397	276	0	290	1023	0	380	278	
349	152	304	0	38	141	565	183	177	1023	
304	152	304	60	34	28	505	198	324	1023	
304	167	304	196	34	28	490	183	1021	205	
61	501	64	145	216	294	1021	562	68	0	
502	75	84	440	182	4	16	0	1021	608	
156	34	194	338	114	137	545	1020	394	0	
91	195	0	114	183	0	220	1023	252	854	
69	90	106	0	137	274	1020	993	122	121	
68	160	38	0	428	289	122	685	1021	121	
88	46	0	136	212	356	1023	0	992	79	
60	160	76	45	45	8	169	1020	983	366	
182	87	342	0	506	511	1002	0	302	0	
60	366	19	76	243	60	968	87	1023	30	
23	137	60	0	478	20	1021	0	814	379	
304	243	60	60	34	20	1023	575	224	389	
395	227	109	19	0	0	1023	152	625	382	
334	152	274	60	34	50	1023	206	578	221	 ***
105	342	168	183	464	244	1023	0	338	65	
304	152	30	136	64	20	501	252	1023	450	
61	160	154	0	8	511	0	266	984	788	

61	405	150	0	143	409	391	84	1021	106	
213	8	282	124	90	331	1022	520	180	0	
61	106	0	75	135	60	958	172	1021	182	
90	0	30	120	75	80	576	1023	448	328	
60	152	60	105	75	50	1023	560	342	343	
274	197	75	105	30	50	576	84	356	1023	
274	137	60	60	60	140	561	84	1021	373	
0	120	49	327	75	38	1022	616	120	403	
395	0	45	120	0	90	1023	106	0	991	
304	152	90	90	49	50	1023	414	529	69	 ***
4	75	0	105	379	0	0	195	1023	989	
319	152	45	135	30	46	1023	61	556	403	
0	106	75	121	45	274	1021	147	951	30	
319	122	75	45	60	80	516	1022	98	433	
222	90	121	509	380	0	0	426	1022	0	
76	15	109	75	90	0	1023	165	1022	195	
94	165	0	0	0	60	364	1004	1022	61	
319	152	60	60	45	50	561	84	1021	418	
0	15	60	90	91	64	858	410	1022	160	
304	137	121	60	105	106	1023	61	540	313	
105	99	257	0	0	395	1023	338	425	128	
274	182	30	90	105	80	591	69	326	1023	
105	122	30	225	45	290	482	1023	128	320	
304	137	90	90	60	50	1023	69	341	606	
60	60	90	327	60	0	1021	156	793	203	
454	0	120	105	30	46	512	381	99	1023	
30	137	30	120	60	294	546	114	1022	417	
349	122	45	90	49	115	1023	0	619	358	

150	0	167	34	511	0	494	0	306	1018	
143	0	38	0	45	53	1023	135	907	336	
121	65	120	0	30	105	1022	364	853	0	
61	165	30	60	0	91	1023	259	60	931	
274	152	105	60	45	50	1023	559	221	191	
274	152	90	60	45	61	1023	196	220	559	
38	34	53	95	166	38	1023	274	929	30	
0	60	102	140	107	0	1023	935	313	0	
279	152	90	30	45	80	1023	563	349	69	 ***
361	31	124	167	0	15	1023	76	487	396	
274	156	90	30	49	50	471	208	1023	329	
259	120	8	19	212	28	0	1023	1011	0	
274	158	105	30	45	46	392	1023	546	61	
274	152	90	15	45	50	422	1023	275	334	
319	0	0	30	0	151	1023	187	806	164	
45	0	75	244	0	45	920	0	333	1018	
274	152	90	30	49	50	441	107	464	1023	
30	30	90	274	45	66	1023	688	282	152	
274	152	90	30	45	50	1023	568	242	206	
274	36	90	30	45	65	441	211	465	1023	
274	152	90	30	49	51	441	1023	501	69	
30	60	90	38	49	50	685	435	220	1023	

308	158	144	33	45	87	499	1023	215	61	
327	156	94	34	56	113	439	75	256	1023	
43	92	45	15	425	90	593	1023	132	115	
0	121	80	511	19	4	366	1010	79	383	
45	0	49	45	0	403	79	1023	819	110	
45	49	0	226	505	124	338	1023	263	0	
0	53	19	511	197	76	298	1017	364	38	
64	289	170	45	109	75	83	716	1022	0	
312	45	90	34	60	72	484	166	287	1023	
287	31	64	30	65	117	1023	90	249	617	
79	90	113	160	45	317	456	1023	221	69	
15	489	30	30	45	511	1022	60	64	307	
128	275	60	0	34	0	0	1022	64	990	
282	34	235	64	0	120	644	1023	36	135	
292	186	91	30	60	72	455	1023	158	206	 ***
319	76	132	35	0	201	304	1023	318	165	
294	152	75	45	105	76	473	1023	219	111	
279	156	105	30	58	72	1023	457	279	114	
328	167	92	60	49	76	454	105	219	1023	
283	152	105	64	46	87	1023	79	279	455	
136	19	19	134	132	4	591	1023	365	150	
0	259	0	64	90	4	84	914	1023	135	
268	35	90	91	45	66	1023	111	299	545	
511	65	53	135	0	75	985	308	0	441	
49	0	105	487	49	0	647	94	1022	120	
278	90	34	0	45	94	731	136	142	1023	
309	152	98	42	74	117	445	105	208	1023	
64	166	227	30	357	61	561	1023	38	46	
99	34	75	75	15	61	336	169	1023	686	
68	75	15	109	4	121	776	1022	293	90	
125	75	110	293	0	75	753	120	0	1022	
95	34	347	98	207	0	161	1023	441	167	
34	274	200	45	0	30	719	1023	109	139	
278	182	133	30	45	61	481	1023	249	91	
30	4	121	64	19	79	1022	790	319	125	
278	171	61	64	75	68	443	126	264	1023	
279	182	90	60	45	41	429	79	345	1023	
15	120	79	244	143	172	667	80	30	1023	
120	0	87	45	228	68	250	1023	196	556	
283	167	169	60	45	76	442	97	211	1023	
38	35	90	282	75	102	370	92	1023	466	
69	61	274	105	84	30	0	1023	135	792	
45	511	105	34	60	259	136	1009	353	61	

478	306	125	244	273	158	155	171	110	1023	
210	205	350	32	68	38	818	1023	204	95	
244	511	197	321	136	100	358	1011	165	0	
511	266	4	391	510	0	185	154	0	1022	
362	195	180	83	150	228	764	1023	58	0	
319	212	83	0	11	188	105	1023	638	464	
468	254	90	16	30	112	380	1023	402	268	 ***
328	255	105	45	182	104	485	339	177	1023	
45	0	162	114	291	227	643	1023	121	417	
15	226	383	159	105	383	425	1023	0	324	
98	68	259	372	174	53	380	1023	338	278	
46	191	120	90	160	349	105	1022	805	155	
110	57	99	188	319	418	63	1023	516	250	
283	156	113	304	60	511	440	760	210	206	
312	216	150	15	45	294	410	1023	318	260	
282	194	90	267	273	184	382	1023	158	190	
511	253	34	216	274	144	290	0	1017	304	
146	45	68	0	121	455	989	1023	102	94	
316	186	90	49	312	80	441	1023	371	175	
0	75	349	511	417	379	79	901	0	332	
49	8	90	308	247	241	141	1023	334	602	
334	221	456	60	109	94	457	1023	167	122	
396	288	398	146	125	98	334	1023	159	76	
120	228	15	49	33	149	319	1023	972	135	
79	320	488	0	257	179	183	1023	339	175	
79	499	42	152	180	0	212	1023	594	262	
0	0	243	166	65	357	439	668	82	1023	
319	95	69	90	68	502	1023	98	0	779	
38	53	60	185	150	507	529	1023	94	404	
481	152	15	23	201	148	120	1023	381	499	
57	62	511	464	0	272	1014	165	0	498	
4	152	252	169	90	121	720	1023	414	98	
312	190	105	113	38	308	517	1022	150	288	
287	194	135	30	68	132	395	369	410	1023	
227	334	212	60	0	248	109	1023	695	135	
394	212	49	179	511	60	0	923	640	75	
282	194	150	17	396	79	418	274	210	1023	
227	0	284	231	124	60	757	1023	295	42	
76	121	38	419	98	379	404	1023	182	303	
315	188	334	75	90	72	380	264	302	1023	
331	385	270	150	106	95	313	1023	370	0	
72	0	310	299	266	290	458	1023	220	105	
76	186	90	45	68	142	730	396	287	1023	
509	158	0	162	60	64	809	1023	0	258	

297	315	331	121	32	199	209	1023	366	0	
299	178	216	117	0	313	409	1023	140	198	
113	197	131	312	342	79	159	1023	537	0	
0	143	260	185	73	316	212	1023	349	332	
83	34	0	75	105	103	702	1023	334	434	
423	190	90	16	96	102	380	149	424	1023	
259	0	511	139	0	94	674	1023	125	68	
511	90	68	190	384	150	93	0	384	1023	
83	278	273	135	46	32	871	1023	0	152	
135	45	94	60	85	381	0	1023	715	355	
511	194	60	35	32	110	433	178	394	946	
75	0	93	124	304	104	809	1023	143	218	
419	72	60	138	60	104	380	1023	394	243	
38	60	90	15	181	511	540	1000	256	202	
404	72	105	16	38	127	441	1023	424	243	
295	16	93	75	60	60	997	274	1023	0	
79	108	57	46	0	364	159	167	1023	890	
334	98	278	109	224	214	0	1023	226	387	
186	30	30	101	349	380	42	1023	106	646	
95	386	15	62	72	122	1009	1023	109	0	
60	0	304	90	64	0	1023	1023	90	239	
4	235	96	180	34	259	230	1023	90	742	
0	282	0	121	182	151	1023	747	319	68	
65	245	75	0	511	60	370	38	1020	509	
46	116	15	506	27	60	833	0	267	1023	
430	205	75	16	32	102	365	266	379	1023	
220	143	94	286	385	72	349	1023	321	0	
197	49	124	98	75	164	0	919	1023	244	
419	194	80	16	100	112	411	144	394	1023	
0	90	209	105	103	434	1023	56	380	493	
483	71	511	0	194	0	984	0	590	60	
60	30	93	106	124	0	385	1023	1011	61	
0	53	76	60	278	487	1022	49	121	747	
16	4	17	182	121	320	608	1023	422	180	
64	282	108	64	426	83	206	1023	243	394	
75	4	197	70	227	30	305	1023	320	642	
220	159	121	316	62	30	155	1023	0	807	
394	23	49	158	46	120	406	1023	156	518	
404	209	60	18	32	110	388	163	486	1023	
60	49	15	15	30	289	301	1023	117	994	
471	30	93	38	60	50	643	1023	188	297	
160	209	60	260	511	142	388	136	394	633	
0	269	87	62	289	217	1023	239	252	455	
400	190	60	16	55	132	373	1023	394	250	
60	0	168	87	128	114	674	113	526	1023	
404	255	90	16	32	110	410	1023	402	151	 ***
471	511	106	279	60	15	0	1020	206	225	
128	338	0	94	349	4	0	45	912	1023	
15	30	350	156	60	105	143	1023	91	920	
511	38	304	0	93	331	287	347	982	0	
400	70	511	17	30	102	380	738	394	251	
121	34	186	510	47	136	1023	244	357	235	
31	70	60	121	83	45	179	1023	461	820	

328	251	90	0	38	114	380	174	162	1023	
15	83	95	75	25	67	145	147	1023	885	
289	93	4	158	34	20	1023	657	38	244	
144	90	30	431	45	82	1023	140	0	575	
23	36	0	99	212	84	806	141	136	1023	
0	389	511	12	102	324	0	105	1018	99	
282	118	105	0	158	114	380	1023	208	172	
301	114	120	0	184	104	410	1023	151	153	
261	121	257	30	53	252	205	1023	294	64	
66	61	338	53	0	105	62	1023	276	576	
74	118	113	0	15	102	548	244	1023	323	
49	83	120	415	49	152	181	1023	69	419	
0	95	50	95	128	149	915	1023	105	0	
282	113	102	0	30	190	380	1023	150	290	
106	106	90	137	80	184	248	62	524	1023	
286	103	120	20	60	110	388	1023	280	170	 ***
68	91	0	485	122	109	72	1023	44	546	
38	133	98	0	32	224	472	373	167	1023	
357	114	98	15	42	234	380	1023	150	147	
45	115	109	91	306	122	527	1023	222	0	
434	101	79	0	44	102	365	1023	276	136	
30	0	38	166	68	0	129	946	1023	160	
23	99	60	4	212	74	396	1023	524	145	
282	133	90	0	154	129	392	1023	152	205	
61	74	150	0	139	98	214	1023	353	448	
282	103	220	0	81	142	381	144	184	1023	
15	195	79	148	457	71	0	508	1023	64	
85	75	61	319	511	492	0	0	233	784	
76	106	313	0	106	0	151	92	693	1023	
275	109	90	190	196	163	109	1023	0	405	
120	274	60	273	113	94	0	1023	144	459	

15	34	88	30	319	103	300	1023	246	278	
165	45	76	125	30	0	862	60	1023	50	
64	38	30	117	509	106	65	484	1023	0	
68	65	91	154	38	15	1023	886	96	0	
34	15	8	231	53	0	76	95	901	1023	
112	83	152	42	4	34	15	98	873	1023	
186	15	8	78	141	64	846	0	1023	75	
0	4	19	142	57	113	1023	778	120	180	
132	24	138	227	391	0	133	368	0	1023	
156	109	0	34	0	511	441	924	197	64	
150	119	91	154	237	293	15	1023	354	0	
4	17	57	64	157	143	45	1023	122	804	
336	103	64	71	227	0	99	1023	402	111	
27	95	94	20	60	80	368	1023	272	397	
30	4	123	25	90	4	73	1023	192	872	
102	0	511	0	30	38	320	385	138	912	
511	39	34	60	92	278	64	986	353	19	
38	57	0	45	177	129	293	1023	509	165	
27	110	64	19	62	87	380	377	287	1023	
31	91	327	34	188	77	289	1023	376	0	
79	108	27	100	69	38	746	1023	171	75	
511	265	101	126	191	334	0	0	143	765	
116	49	432	68	26	0	311	1023	308	103	
152	69	103	30	90	107	57	493	312	1023	
30	34	32	30	202	46	1023	113	87	839	
237	61	10	39	60	60	60	1023	30	856	
211	34	49	23	55	0	328	1023	113	600	
76	306	83	118	94	0	271	1023	261	204	
23	419	200	62	116	137	42	79	335	1023	
8	54	0	23	171	139	143	1023	83	792	
57	30	120	45	34	25	79	1023	332	691	
0	118	34	75	0	53	790	115	228	1023	
161	19	320	75	95	32	0	527	1023	184	
42	95	90	27	92	72	369	1023	272	354	 ***
39	121	12	16	71	26	280	1023	333	515	

57	34	108	181	49	80	1023	413	532	0	
40	32	94	65	113	30	50	1023	1002	28	
49	4	15	187	124	14	75	1023	903	83	
181	101	15	64	38	300	182	1023	173	400	
33	42	511	56	72	34	463	244	1022	0	
86	202	45	0	64	117	95	1023	792	53	
5	76	94	0	79	126	806	1023	167	101	
113	32	282	68	107	30	522	1023	104	196	
109	207	46	42	109	327	0	1023	279	335	
511	147	196	0	140	256	83	816	0	328	
23	109	90	42	90	76	414	1023	256	354	
36	125	90	12	91	80	392	356	272	1023	
45	94	103	5	145	16	4	1023	99	943	
31	95	99	12	109	77	384	405	242	1023	
106	0	101	0	136	51	429	166	465	1023	
23	97	105	12	91	68	369	1023	327	362	
46	95	60	12	92	78	385	1023	302	384	 ***
24	91	90	27	90	77	381	1023	257	417	
2	85	60	210	80	9	803	1023	79	126	
53	62	75	50	365	436	107	1023	186	120	
242	347	169	83	109	45	73	1023	377	9	
38	95	94	27	124	104	377	1023	242	353	
331	253	70	110	123	94	30	1023	443	0	
128	94	312	102	68	511	936	101	225	0	
38	142	126	114	0	511	1016	118	412	0	
59	154	45	140	21	50	433	1023	99	453	
111	479	185	239	38	151	90	1023	161	0	
181	284	32	185	57	28	277	1023	79	331	
42	91	90	20	135	124	371	1023	227	354	
4	27	134	164	165	71	749	1023	65	75	
17	0	128	42	234	27	869	1023	45	92	
80	34	37	8	4	146	49	1009	87	1023	
66	71	4	105	29	38	148	257	736	1023	
42	101	98	12	124	87	402	342	246	1023	
369	165	53	140	34	50	308	1023	0	335	
396	165	0	135	69	34	294	1023	134	227	
31	108	90	42	92	124	369	326	272	1023	
136	47	57	511	396	200	91	837	202	0	
23	118	93	29	90	117	369	343	272	1023	

61	94	30	511	111	70	297	377	938	49	
21	0	129	19	34	98	861	1023	247	106	
46	152	47	12	141	74	398	475	170	1023	
475	172	53	134	49	170	0	1023	272	190	
75	159	44	139	53	151	139	1023	723	32	
153	507	179	2	499	511	273	414	0	0	
82	4	45	75	183	38	109	1023	269	710	
70	511	92	134	26	110	136	819	0	640	
15	511	12	0	60	149	618	958	167	48	
158	0	177	40	60	123	648	1023	34	275	
75	122	0	60	132	60	45	968	53	1023	
19	210	42	45	511	376	197	1020	118	0	
19	60	257	38	71	121	60	30	860	1022	
160	68	67	99	90	15	192	1023	30	794	
111	73	12	30	70	53	756	1023	295	115	
30	155	154	5	197	62	1023	64	848	0	
511	143	510	169	0	17	165	16	0	1007	
42	8	114	137	382	64	0	1023	81	687	
30	301	87	145	511	81	327	1012	12	32	
42	30	38	134	150	70	353	1023	180	518	
348	102	0	137	88	189	250	1023	301	100	
510	103	122	19	49	0	212	66	434	1023	
110	130	280	42	258	64	0	1023	564	67	
0	60	511	392	156	15	1014	37	291	62	
29	511	75	62	45	0	61	1021	718	16	
183	30	91	27	182	130	323	1023	120	429	
92	50	129	114	128	47	105	1023	191	659	
34	4	80	54	291	61	82	1023	355	554	
50	47	34	12	115	177	613	341	126	1023	
206	146	277	511	107	115	156	1020	0	0	
124	8	222	90	0	185	239	1023	68	579	
106	154	34	12	75	74	444	1023	171	445	 ***
63	30	64	74	319	112	312	391	150	1023	

86	511	231	337	467	139	212	0	0	1006	
8	184	82	19	42	215	399	0	1017	1023	
132	171	156	24	271	220	430	1023	426	136	
220	126	34	191	75	52	203	1023	115	950	
98	160	64	79	79	51	550	1023	324	561	
98	152	296	19	257	66	485	1023	167	426	
90	511	130	95	235	119	263	1023	267	256	
4	291	61	510	122	511	380	0	1020	90	
6	229	154	137	45	54	261	1022	137	944	
47	199	105	113	384	201	142	1023	0	775	
124	511	158	247	366	8	1021	508	46	0	
27	82	38	0	210	148	121	944	396	1023	
136	150	15	511	511	30	1021	0	128	487	
0	511	318	314	271	274	91	241	0	969	
68	94	38	139	15	511	190	1023	911	0	
299	152	270	12	105	44	443	1023	199	442	 ***
228	259	38	0	113	94	230	1023	132	872	
98	220	223	164	75	95	432	1023	137	522	
98	152	68	36	257	100	523	1023	229	503	
175	154	34	20	197	36	533	1023	167	650	
98	277	38	11	323	158	1023	422	443	196	
216	110	126	90	158	0	315	1023	173	778	
171	351	151	0	211	0	92	708	1023	282	
128	153	132	8	75	158	210	1023	199	903	
341	57	8	0	277	511	205	567	1023	0	
30	244	76	30	60	0	1020	1023	151	355	
0	169	19	259	181	134	80	1023	141	983	

511	304	0	19	509	15	259	187	182	988	
299	152	202	16	90	44	568	1023	124	456	
42	45	64	130	76	244	165	1022	173	1013	
139	254	110	91	0	256	893	1023	64	144	
0	81	349	243	93	38	179	1023	184	784	
293	152	179	8	102	44	439	552	1023	182	
270	152	179	0	109	52	549	1023	184	456	
141	19	93	297	23	49	290	1023	124	915	
499	0	368	212	0	246	72	1023	75	479	
269	152	300	8	75	97	349	1023	184	517	
95	312	479	30	422	244	128	1021	122	121	
269	152	194	23	87	52	1023	564	184	426	
269	152	194	16	94	36	1023	657	351	182	
96	383	17	511	411	469	1018	0	69	0	
269	152	255	8	75	42	368	1023	184	598	
0	0	83	160	511	65	190	1011	137	817	
335	511	53	0	184	53	384	0	447	1007	
15	0	206	4	221	0	1023	484	17	1004	
284	122	511	12	75	42	362	611	214	741	
269	152	240	24	75	44	353	1023	184	610	 ***

465	242	505	0	88	243	141	45	0	1023	
239	122	225	69	511	36	64	543	340	603	
330	122	164	26	106	10	75	1023	185	711	
198	15	190	0	155	85	890	1022	197	0	
241	126	172	24	57	334	102	1022	169	505	
239	183	168	55	105	32	109	1023	588	250	
299	122	168	24	55	93	98	1023	594	276	 ***
141	0	274	430	105	19	267	1022	120	374	
143	0	145	0	311	53	1019	1023	0	58	
235	0	66	323	114	469	210	1023	312	0	
60	34	182	209	442	8	537	1023	121	136	
15	187	304	320	95	0	0	1023	717	91	
239	126	236	511	136	0	583	572	102	247	
239	122	164	90	45	144	318	543	64	1023	
0	511	137	141	191	73	528	1020	0	151	
0	244	61	91	126	15	334	1023	75	783	
269	122	232	510	45	32	568	599	110	265	
0	243	0	83	65	0	365	1023	217	756	
60	121	183	133	259	15	381	1023	577	0	
243	122	164	24	107	40	297	623	110	1022	
156	244	511	130	0	92	0	1001	430	188	
254	122	289	145	45	0	1023	603	51	220	
239	122	164	116	115	36	568	1023	62	307	
4	145	166	400	125	0	122	1023	553	214	
304	0	182	8	339	129	0	1022	612	156	
383	152	510	16	108	0	48	713	207	615	

50	45	205	30	182	304	0	1022	669	152	
299	122	42	24	63	91	580	1023	109	306	
299	124	42	24	55	91	263	611	128	1022	
101	333	479	4	38	61	38	1022	160	423	
299	122	42	32	59	121	106	603	252	1023	
23	12	15	38	502	150	628	1022	57	212	
299	124	42	24	55	91	218	1023	182	601	
390	15	374	278	115	0	91	1022	287	87	
299	122	42	24	55	91	240	1022	132	632	
299	124	87	24	55	91	132	1022	579	246	 ***
128	122	308	61	53	121	64	1022	677	103	
342	124	42	24	93	91	106	1023	568	246	
333	124	42	24	64	121	106	1023	576	246	
23	145	69	98	364	8	576	1022	128	226	
185	198	0	511	0	72	423	1022	248	0	
312	124	42	24	55	91	136	1023	271	581	
329	122	42	24	55	91	1023	618	109	246	
98	182	30	60	153	511	259	19	1022	325	
314	152	42	24	63	91	595	1023	109	246	
299	124	42	24	55	91	276	1023	110	615	
231	244	0	0	33	129	107	1022	505	388	
307	122	42	24	89	121	557	1023	128	246	
299	124	42	32	85	91	102	603	259	1022	
8	361	228	0	0	4	693	1022	215	128	
0	427	92	173	0	0	1023	553	201	190	
0	92	80	110	487	0	1022	833	35	0	
299	122	42	24	85	63	109	605	288	1022	
211	511	282	8	122	183	127	995	90	130	
23	265	80	0	64	335	282	1023	523	64	
329	126	42	24	55	91	136	1023	587	246	
299	122	42	24	63	121	249	579	137	1023	

79	29	343	207	278	48	208	1022	520	106	
183	68	45	45	354	120	259	745	1021	0	
144	282	12	0	181	0	712	1022	320	167	
329	15	365	16	299	38	528	1023	94	133	 ***
0	304	157	0	155	511	0	139	678	896	
18	388	223	124	38	152	167	1022	644	64	
239	0	365	24	85	90	304	1023	153	557	
269	0	294	118	113	0	120	608	1023	295	
0	23	12	395	323	15	35	1022	876	139	
269	0	369	121	55	511	217	602	597	99	
19	274	312	136	224	8	132	1023	30	682	
269	15	95	24	63	511	755	585	398	125	
344	15	72	24	55	30	342	1022	801	135	
511	410	0	68	19	0	0	1013	545	274	
267	95	27	19	417	0	1022	689	152	152	
60	56	106	274	129	15	901	1022	197	80	
269	0	125	114	307	0	98	521	1022	384	
357	90	4	383	8	505	70	1023	400	0	
363	0	102	56	55	0	626	521	94	1023	
166	0	404	252	166	0	1023	0	752	77	
329	0	346	24	55	511	823	525	94	133	
341	0	331	510	55	0	534	846	98	125	
38	53	75	400	4	90	120	1023	252	785	
269	312	425	62	55	0	105	1022	109	481	
393	0	114	304	55	0	90	1022	98	764	
259	8	0	0	68	165	1023	0	873	444	
194	0	278	75	69	259	1023	651	194	97	
0	94	16	60	90	388	302	1022	152	716	
342	166	151	59	464	2	105	1023	384	144	
121	396	98	45	27	68	1017	1023	45	0	

182	19	109	0	282	130	1022	324	90	176	
30	274	486	452	0	0	30	1017	45	0	
0	90	15	0	0	105	739	1021	364	0	
30	0	0	0	508	0	0	774	1022	0	
182	15	79	23	282	8	1023	320	216	186	
448	64	75	68	0	244	413	1022	0	0	
246	15	79	8	297	8	1023	324	94	240	
182	15	79	8	312	8	152	1023	90	465	
60	304	0	0	0	60	1022	584	60	244	
182	15	79	8	303	8	164	1022	90	463	
511	0	90	45	0	0	0	988	0	700	
60	15	109	8	252	12	445	320	90	1023	
510	90	15	0	0	32	0	0	667	1020	
334	0	0	0	15	0	90	1019	0	876	
90	0	15	304	30	0	834	1023	38	0	
182	15	79	53	297	8	1023	339	98	240	 ***
0	0	0	30	0	30	913	1023	274	64	
0	0	0	278	0	467	60	1020	38	471	

0	38	15	509	0	319	1023	0	0	1015	
304	15	87	92	252	12	1023	343	357	434	 ***
0	0	38	45	274	342	1023	590	411	196	
45	244	126	165	30	305	1023	0	875	106	
15	357	0	312	0	166	1022	514	259	274	
120	15	139	312	496	313	1022	274	68	160	
350	304	128	0	0	244	1023	381	383	106	
503	60	0	53	30	35	1022	314	180	722	
0	259	91	259	190	0	1023	289	444	364	
304	15	68	0	30	0	0	609	1023	870	
8	30	167	30	244	75	1022	394	876	73	
83	64	304	0	0	0	1023	563	183	699	
15	190	68	0	0	289	1022	563	304	468	
121	30	75	45	511	68	1003	564	334	168	
372	350	150	411	12	327	1023	0	274	0	
45	0	394	365	0	0	1023	324	45	723	
60	267	439	106	248	0	1023	282	342	152	
308	102	137	0	343	0	1023	304	420	282	
68	15	75	60	503	16	1022	568	68	524	
60	45	79	123	252	16	1023	797	349	175	
289	0	60	76	30	75	736	60	1022	571	

90	511	282	0	441	0	986	305	12	585	
304	0	55	511	0	248	874	252	0	968	
19	15	260	334	267	122	1023	312	561	299	
94	304	511	23	0	0	927	334	0	1019	
252	197	511	370	0	310	365	903	304	0	
228	244	263	0	60	252	1022	275	500	368	
274	139	0	0	244	0	1023	410	250	872	
304	30	121	79	320	0	1023	315	365	655	
75	0	381	0	60	388	1021	1020	267	0	
218	511	259	248	0	252	351	0	824	549	
319	8	289	60	313	62	1023	260	377	501	
364	62	61	60	244	32	1023	492	402	472	
0	79	107	122	0	511	665	304	747	677	
500	120	282	137	511	8	1008	0	259	387	
32	38	0	259	0	319	1023	12	737	792	
379	511	0	419	15	503	0	1013	0	372	
0	60	77	274	511	510	0	552	244	984	
365	504	75	430	0	244	1023	266	305	0	
328	364	257	31	0	201	400	1023	608	0	
252	511	332	0	135	252	0	0	978	752	
158	366	0	358	15	259	652	259	122	1023	
304	0	317	161	244	8	1023	380	364	411	 ***
319	503	319	189	38	0	1023	244	199	378	
395	434	90	244	511	0	304	244	319	671	
0	310	368	244	259	0	1021	130	279	601	
511	68	12	60	120	278	1023	552	403	185	
304	8	53	60	304	8	1023	458	579	415	
267	313	282	120	120	259	1023	0	438	390	
449	0	488	25	75	0	1023	411	0	741	
0	197	83	47	503	381	1023	248	327	403	
120	45	46	122	274	328	1023	289	653	312	
289	432	16	320	8	289	1023	0	679	156	
494	0	89	83	511	267	0	1016	372	380	
0	511	0	4	244	257	820	0	354	1022	
316	511	259	438	19	75	962	289	343	0	
5	511	0	30	259	0	297	515	664	931	
304	0	75	78	511	0	939	563	323	419	
274	273	90	411	0	301	1023	319	4	517	
364	450	120	0	60	503	693	0	1022	0	
488	0	53	85	372	68	1023	305	399	419	
312	0	83	511	259	0	760	304	511	472	
0	244	175	334	63	61	1023	486	278	548	
68	0	39	68	75	503	1023	400	426	610	
81	12	343	0	319	4	1023	959	152	319	

92	0	272	148	274	30	1023	226	357	381	 ***
133	0	424	323	0	117	1022	84	700	0	
34	0	252	60	0	511	0	995	121	830	
60	0	106	252	19	0	1023	183	304	856	
15	0	259	0	150	128	1022	526	61	642	
64	15	271	99	244	0	1023	424	274	389	
304	0	274	244	426	511	801	0	90	153	
0	98	274	128	259	0	1023	366	548	107	
0	0	319	99	511	30	798	368	274	404	
0	511	492	0	125	30	1014	631	0	0	
120	0	152	343	83	87	1021	997	0	0	
0	488	0	60	510	334	0	364	60	987	
511	8	75	304	319	334	990	0	262	0	
136	488	4	0	135	8	1021	304	60	647	
46	0	0	0	42	195	1023	1003	136	358	
0	35	201	395	199	30	1023	0	89	831	
365	132	0	492	511	379	0	924	0	0	
0	0	272	148	304	15	1023	226	364	451	
304	75	244	75	0	0	1023	1002	0	80	
30	0	499	15	0	304	852	53	30	1020	
349	75	23	141	414	488	1023	0	290	0	
30	0	287	167	244	0	1023	180	274	598	
19	83	8	0	248	60	1020	999	244	122	
30	15	316	103	244	0	1023	394	297	381	
252	256	346	145	0	0	1023	197	227	357	
30	0	294	140	259	0	1008	387	274	411	
31	0	15	60	0	177	1022	601	433	464	
0	45	244	45	511	309	1020	569	60	0	
511	244	137	319	0	364	1017	0	122	89	

0	403	23	38	84	413	1023	180	106	274	
105	0	260	155	274	91	1023	180	182	274	
90	30	511	95	274	75	863	217	145	244	
286	30	0	0	0	45	1023	289	360	511	
61	484	364	0	0	511	998	126	0	0	
90	0	260	103	274	30	1022	199	247	319	
60	0	509	0	504	38	410	0	1023	0	
0	304	90	0	0	60	90	977	1023	0	
0	121	30	0	120	0	1022	1020	231	0	
151	35	275	103	274	60	1023	150	214	259	 ***
98	274	0	105	410	30	1023	410	164	30	
94	0	275	125	274	60	1023	182	115	396	
83	342	278	102	0	53	1023	366	177	120	
155	0	292	95	365	45	1023	180	145	244	
0	60	335	120	30	0	1023	0	946	30	
245	293	447	30	0	0	1021	0	189	319	
61	60	260	95	304	30	1023	180	257	274	
0	120	30	30	30	61	1018	0	379	876	
0	511	0	61	379	90	485	0	0	1018	
76	304	0	150	15	0	1021	98	0	880	
0	395	90	0	0	17	1022	148	872	0	
60	23	136	305	60	0	1023	0	663	274	
90	15	260	125	334	30	1023	242	175	250	
30	511	0	0	150	0	1000	0	60	793	
0	90	0	0	60	305	1023	60	732	274	

45	0	181	45	45	274	933	1022	143	30	
304	121	284	0	505	12	0	469	1023	0	
30	15	4	441	105	60	960	60	1023	20	
156	120	342	98	320	95	1023	399	165	0	
0	23	34	105	258	0	1012	264	1022	0	
61	80	316	68	49	304	1023	589	186	42	
8	105	94	212	342	91	1023	0	843	0	
103	49	347	103	263	60	1023	240	256	274	 ***
278	443	109	0	42	0	1022	0	210	614	
45	92	327	121	15	75	1023	150	475	395	
128	60	34	15	105	335	1023	61	683	274	
120	0	0	166	95	19	977	1022	0	319	
45	0	30	502	0	302	1022	0	156	661	
128	30	474	83	45	247	1023	414	274	0	
69	53	260	49	316	158	1023	0	396	394	
121	219	68	274	15	328	1023	90	460	120	
121	0	72	0	60	342	1023	502	241	357	
106	34	279	103	271	68	1023	210	344	280	
125	30	49	45	227	252	1023	34	629	304	
21	313	91	0	79	173	1023	511	173	334	
482	60	488	0	0	237	1023	353	75	0	
427	60	143	42	0	0	76	948	1022	0	
103	38	275	146	274	64	1023	288	203	304	
34	120	30	30	511	473	1017	0	0	503	
23	125	64	80	394	80	1023	0	246	683	
482	511	0	30	0	0	967	91	363	274	
19	19	486	30	94	0	1022	988	30	30	
480	30	282	4	0	105	1022	0	311	484	
334	0	327	63	68	27	1023	541	207	128	
328	151	94	338	197	0	1023	94	493	0	
491	75	128	0	286	105	0	610	1023	0	
0	167	394	0	293	118	1022	120	192	412	
380	53	353	30	304	164	1023	120	216	75	
219	30	271	91	259	225	1023	152	204	244	
151	152	316	103	274	75	1023	210	147	267	
61	15	126	199	319	102	1023	173	700	0	
91	0	23	15	60	98	1022	396	0	1013	
439	45	293	80	299	34	1022	15	152	339	
0	282	8	68	242	0	1023	565	318	212	
79	67	388	88	0	197	1023	210	377	289	
83	15	19	60	339	297	1023	212	276	394	

375	113	127	484	301	252	1023	0	0	566	
103	19	339	109	278	304	1023	214	471	381	
407	19	484	343	263	60	1023	216	152	274	
409	202	190	68	0	283	1023	667	0	399	
502	396	244	0	8	23	129	608	308	1023	
103	271	370	99	263	60	1023	274	400	378	
94	0	167	259	102	60	449	69	1023	1018	
286	30	282	338	483	427	1023	0	274	98	
83	0	136	336	0	94	1022	190	526	854	
8	507	61	0	87	201	1023	212	500	642	
163	274	437	227	472	511	136	0	1021	0	
64	45	385	0	483	339	72	0	830	1023	
103	19	339	217	386	60	1023	150	456	488	
505	0	182	60	354	274	1023	105	0	738	
8	303	388	488	152	451	1023	120	308	0	
365	4	323	75	404	434	1023	15	514	84	
234	488	75	203	0	492	1023	160	384	182	
103	19	339	235	323	75	1023	454	426	244	
75	408	491	0	60	0	1023	0	434	750	
15	61	64	4	180	38	964	614	278	1023	
347	19	339	465	263	139	1023	150	242	254	
396	244	511	122	0	413	1022	335	74	124	
107	263	339	99	263	83	1023	180	398	486	
182	379	244	89	0	90	1023	612	304	318	
430	4	403	136	0	137	203	762	1023	143	
103	34	461	99	271	60	1023	460	486	244	
0	364	0	30	15	205	1023	552	918	134	
0	72	507	0	511	304	416	94	1018	319	
117	0	316	60	152	118	274	967	1023	214	
244	346	45	474	472	113	1022	426	99	0	
8	61	42	274	334	396	1023	90	816	197	
235	308	109	269	304	0	1023	351	276	366	
107	19	339	155	278	60	256	1023	409	595	
122	19	277	343	263	334	1023	152	464	244	
109	49	339	99	271	60	1023	591	212	488	
152	368	262	304	60	105	1023	644	240	83	
107	323	339	145	263	60	1023	394	328	259	 ***
361	475	286	1	4	121	1023	370	600	0	
357	150	486	488	264	0	1022	334	50	90	
60	15	425	167	282	272	1023	43	954	0	
4	94	308	316	45	342	1023	30	114	965	
282	511	275	109	19	90	142	1021	792	0	
387	8	0	377	271	64	1023	563	367	181	
103	19	339	91	385	60	1023	214	502	505	
327	226	316	136	152	8	1023	460	593	0	

