#12	0	511	192	0	30	981	328	1020	656	
#465	2	400	39	45	99	404	1023	244	1009	
#57	259	324	320	202	366	1023	1013	0	166	
#509	171	511	378	69	71	1022	0	381	618	
#343	153	244	267	301	330	66	1023	0	1003	
#259	315	267	381	278	408	679	1023	120	0	
#313	327	60	23	366	206	244	267	901	1023	
#166	259	185	511	145	468	0	746	262	988	
#414	391	350	57	198	68	1023	0	940	289	
#271	218	366	8	343	344	267	1023	99	791	 ***

271	168	244	8	359	319	290	539	166	1023	
15	267	0	19	0	167	1011	1023	617	268	
347	263	53	0	33	412	0	418	1023	838	
461	49	289	260	15	116	840	1023	50	284	
5	45	252	337	409	313	0	1023	259	744	
8	223	130	42	289	30	34	1023	968	640	
35	200	27	286	289	439	643	1023	166	279	
182	366	136	286	131	169	350	275	469	1023	
390	252	350	389	0	137	393	1023	370	83	
427	79	46	38	0	244	549	981	0	1023	
271	218	244	31	465	319	267	53	1023	496	
122	192	8	252	495	106	283	1023	181	725	
202	260	133	156	309	137	246	706	1023	215	
269	8	247	401	39	167	404	1023	280	549	
289	120	309	411	275	316	0	1023	508	136	
278	396	137	366	171	271	654	91	1023	0	
0	76	198	264	429	34	989	1023	53	321	
244	152	49	91	187	336	1022	370	444	492	
271	218	244	23	313	215	263	168	1023	649	
271	214	252	23	359	357	267	463	158	1023	
137	4	292	358	156	419	289	1023	531	178	
283	214	366	31	351	319	267	466	67	1023	
271	218	244	8	373	220	275	221	1023	534	
277	80	298	141	77	366	899	1023	0	226	
142	503	368	45	507	456	259	84	1023	0	
295	214	244	8	343	244	390	160	1023	466	
271	214	248	8	343	449	267	1023	90	474	
416	214	244	38	511	388	282	470	0	824	
172	8	149	407	317	340	94	1023	307	570	
291	8	134	267	49	60	381	1023	392	782	
38	196	75	274	91	245	1023	1023	422	0	
275	214	244	8	343	344	267	1023	250	419	 ***
161	402	38	217	289	145	1023	628	259	225	
171	511	15	8	408	256	388	1021	182	427	
0	23	88	511	183	0	456	1018	175	933	

271	465	0	8	313	345	1023	174	497	355	
260	282	231	45	198	282	419	256	455	1023	
510	0	68	511	68	282	992	0	48	972	
0	286	219	0	80	15	200	1023	652	976	
396	99	171	0	366	286	441	570	99	1023	
271	206	0	511	321	329	267	641	253	652	
503	256	453	53	99	46	827	1023	0	191	
41	313	365	410	275	42	0	1023	374	608	
275	206	0	8	381	335	267	541	415	1023	
359	293	11	207	511	477	836	342	415	0	
30	290	42	471	0	141	526	297	631	1023	
283	206	75	38	343	342	267	1023	275	599	
511	181	375	442	0	473	0	873	287	309	
271	236	0	76	328	329	511	424	253	1023	
335	206	0	8	321	395	511	297	1023	355	
338	427	447	0	275	61	0	555	1023	325	
256	247	352	0	252	35	633	1023	61	592	
12	38	55	511	197	511	126	989	1012	0	
60	244	511	121	182	197	0	969	187	980	
0	136	79	511	0	137	282	936	998	372	
275	495	0	16	373	342	267	297	1023	363	
99	128	274	259	378	113	518	1021	500	161	
301	19	137	0	390	228	1023	331	482	540	
275	206	0	8	351	404	344	390	450	1023	
34	123	255	317	252	60	1023	591	122	674	
389	416	210	31	4	350	720	308	1023	0	
49	17	244	138	431	6	984	1023	0	559	
76	136	256	511	259	282	509	853	27	542	
275	328	0	68	321	220	549	312	1023	355	
271	191	0	312	313	327	345	416	253	1023	
131	287	107	95	0	319	688	1023	450	351	
275	465	0	16	313	342	267	1023	357	393	
275	236	0	8	358	312	267	1023	283	689	
275	206	0	8	321	350	305	667	296	1023	
240	15	417	0	357	68	374	1023	689	268	
137	83	8	250	0	321	753	1023	525	351	
301	450	23	8	313	342	275	357	1023	359	
347	384	467	0	276	271	252	1023	268	163	
151	473	505	179	38	473	0	259	1023	350	
275	236	0	23	351	344	328	544	327	1023	
140	267	128	362	23	311	175	1023	1022	0	
275	214	511	0	373	344	275	275	550	634	
290	206	0	8	343	350	305	1022	324	603	 ***
45	152	266	0	511	129	160	629	933	626	
110	0	42	60	483	251	1014	0	468	1023	

323	332	0	98	69	320	515	1014	374	476	
227	376	136	335	389	149	544	1023	0	342	
105	252	130	511	171	498	0	1023	831	0	
164	206	0	53	99	354	609	294	1023	719	
61	442	190	335	282	198	393	1020	357	243	
286	206	0	16	313	357	609	170	541	1023	
0	271	83	349	357	293	967	0	1022	179	
286	328	0	8	191	511	480	458	271	988	
102	274	73	168	479	289	244	1020	445	427	
286	510	30	8	221	342	309	1023	312	480	 ***
286	161	0	8	220	350	545	1023	331	597	
302	266	122	8	313	414	301	1023	267	505	
494	475	319	27	152	39	365	1023	627	0	
288	328	0	8	343	447	305	553	226	1023	
156	290	23	0	321	155	383	1021	864	308	
380	396	182	59	495	130	361	1023	495	0	
152	122	144	473	152	302	154	1020	633	369	
301	266	0	375	69	440	301	1023	271	475	
244	27	53	8	0	242	820	1022	945	160	
258	79	203	334	457	294	548	1020	0	328	
0	511	0	385	87	53	181	304	1001	999	
0	347	279	42	0	353	749	1023	317	411	
183	30	304	19	61	198	713	1023	990	0	
286	450	0	68	221	365	301	1023	271	536	
144	0	248	146	105	8	53	853	1021	943	
286	206	60	131	313	354	346	1023	327	475	
286	210	0	8	358	350	427	381	478	1023	
45	156	64	385	99	268	0	1021	515	968	
60	35	125	261	186	339	785	1023	147	560	
286	403	0	68	313	228	423	1023	179	598	
61	485	130	49	256	182	929	1020	90	319	
286	206	75	130	84	335	590	1023	256	536	
286	266	0	8	388	350	331	1023	271	598	
301	206	60	8	191	384	453	1023	282	613	
167	340	158	137	126	256	500	1020	259	558	
98	171	450	0	294	431	411	1023	311	332	

301	388	30	8	281	304	42	273	282	1023	
278	388	30	38	161	349	38	360	267	1023	
286	418	30	8	175	289	347	1023	68	288	 ***
95	135	198	511	0	75	244	1021	653	0	
286	388	30	23	190	167	347	1023	273	205	
151	396	64	0	42	60	320	1020	735	144	
61	0	288	90	511	0	0	304	686	992	
92	68	12	124	275	30	292	1023	608	408	
136	109	61	263	511	8	240	182	457	965	
68	178	75	137	279	263	162	1023	244	503	
286	403	45	8	160	289	42	350	1023	326	
83	130	15	244	212	343	353	1020	381	151	
30	4	271	379	156	60	260	1023	354	395	
30	430	331	38	263	121	256	1020	182	261	
273	90	72	338	411	160	256	1020	0	312	
278	411	45	68	221	289	42	258	297	1023	
42	418	45	8	160	183	290	542	221	1023	
285	0	346	106	440	511	0	0	312	932	
469	259	0	511	0	504	106	291	792	0	
0	90	23	0	396	23	704	1021	516	159	
60	137	174	166	98	0	30	972	274	1021	
69	511	473	15	412	430	60	894	68	0	
89	152	57	426	394	84	30	1020	274	406	
103	8	304	30	60	122	196	1020	141	948	
30	0	0	166	61	60	1021	986	60	548	
60	182	426	106	167	293	472	1020	100	106	
310	388	30	8	511	289	42	310	297	747	
278	388	45	53	161	349	42	250	343	1023	
278	388	30	100	130	289	42	986	95	594	
286	388	30	8	175	350	42	350	1023	280	
60	342	380	232	201	0	377	1023	317	0	
458	61	98	472	69	30	0	1023	265	456	
92	259	45	0	187	150	257	919	1023	0	
425	364	168	38	137	244	349	1021	155	31	
286	208	213	0	91	20	807	1023	141	143	

293	433	60	23	23	274	133	1023	350	158	
199	83	186	248	0	0	363	1023	501	167	
308	403	30	68	84	364	159	1022	189	143	 ***
293	418	60	23	23	511	403	219	23	797	
106	30	120	60	106	364	0	1019	120	845	
30	319	15	0	207	0	15	995	1023	166	
139	105	90	45	120	30	244	1023	91	883	
0	120	511	105	45	497	0	609	457	426	
380	98	222	163	304	231	1023	349	0	0	
64	180	166	0	259	60	1021	622	398	0	
278	433	60	38	113	257	114	1021	39	417	
402	129	60	83	90	295	31	1021	659	0	
278	403	15	23	128	197	434	1023	145	124	
135	503	60	365	45	60	0	1023	130	449	
271	98	30	394	0	0	735	1023	106	113	
293	463	75	23	23	289	404	1023	83	94	
0	0	60	30	259	91	165	135	1018	1012	
0	0	334	120	15	226	934	1023	38	80	
105	34	0	30	136	411	364	1023	487	180	
155	30	180	0	305	502	485	90	1023	0	
462	34	282	121	144	60	456	1022	189	0	
278	462	45	8	114	212	114	1022	128	387	
91	165	304	211	30	0	34	913	0	1022	
338	418	60	8	53	197	373	264	38	1021	
61	128	151	484	0	30	1021	636	259	0	
278	433	45	53	53	274	99	1023	358	154	
45	60	511	319	241	508	0	286	800	0	
34	403	136	197	113	511	99	547	358	372	
0	106	0	95	117	38	968	1021	136	289	
0	120	511	120	475	211	0	876	182	275	
38	470	151	75	394	76	327	1023	197	19	
0	0	143	365	204	509	69	457	0	1023	
154	212	423	158	511	0	366	611	0	335	
278	433	60	38	53	511	174	249	801	173	
15	45	61	38	511	90	928	30	1018	34	
383	122	0	53	381	160	162	1022	381	106	
0	68	165	0	30	304	60	1022	940	181	
308	403	75	38	83	182	174	326	159	1022	
76	90	90	15	387	136	525	1022	312	117	
316	448	45	83	53	214	144	421	23	1023	

91	45	0	0	364	30	1023	1022	0	105	
60	30	49	90	0	274	312	1023	0	842	
293	337	30	98	99	295	159	1023	222	124	
0	60	511	319	503	274	106	90	0	817	
45	198	17	120	365	0	496	1022	330	87	
135	0	38	30	0	35	91	1023	1019	309	
167	343	30	68	114	511	161	713	205	368	
289	343	30	70	84	227	159	124	331	1023	
293	512	30	68	84	197	159	1023	190	124	
293	345	30	68	84	289	159	1023	250	139	 ***
308	343	30	53	84	212	159	398	70	1023	
312	38	90	0	52	84	152	1023	929	0	
376	109	16	136	205	49	0	1023	367	399	
60	64	0	487	0	30	880	0	136	1023	
293	286	30	68	86	167	159	444	1023	124	
353	358	30	68	84	511	159	801	192	124	
109	282	30	68	84	153	467	1023	312	152	
293	343	60	68	84	289	159	1023	145	216	
61	120	278	334	166	0	160	1023	0	538	
0	15	511	15	30	244	593	151	105	1016	
94	75	389	0	392	38	152	1023	76	441	
334	106	45	121	511	15	30	1017	486	15	

278	369	30	90	80	167	151	216	169	1023	
95	0	110	384	410	71	53	1023	299	128	
274	12	49	16	0	90	140	1023	181	788	
56	377	30	511	77	45	315	342	595	225	
0	121	248	278	76	19	139	670	0	1022	
297	347	60	87	84	167	121	221	166	1023	
293	337	60	68	106	168	181	217	1023	120	
283	335	30	131	80	186	155	218	132	1023	
304	335	42	98	91	167	136	1023	257	120	 ***
274	289	60	98	84	227	121	1023	232	165	
140	304	94	0	90	64	746	1022	113	0	
328	48	144	0	318	102	75	1023	241	294	
278	299	34	96	511	182	196	165	228	584	
64	19	380	511	75	79	61	370	984	30	
274	279	30	68	91	167	149	1023	296	196	
45	15	139	45	244	0	866	1023	75	121	
416	304	60	83	76	171	157	140	143	1023	
319	139	49	140	49	0	120	1023	704	30	
323	282	45	68	80	199	155	218	180	1023	
274	293	68	60	76	197	125	307	1023	150	
91	79	304	19	120	60	510	1023	201	166	
0	60	0	46	42	151	369	807	1023	75	
278	339	30	107	91	76	138	338	153	1023	
0	75	94	259	60	105	166	1023	136	655	
0	109	171	0	242	355	117	556	1023	0	
323	335	30	68	118	182	111	1023	293	90	
60	0	94	15	30	8	0	1023	395	948	
278	365	34	119	76	201	121	221	135	1023	
289	180	30	105	125	23	121	1023	554	123	
60	511	78	509	260	23	0	325	807	0	
278	335	64	68	76	182	181	1023	221	145	
261	30	34	0	90	60	784	1023	121	170	
75	0	30	80	319	64	166	801	1023	15	

80	137	75	90	34	53	973	1023	304	274	
284	511	264	487	0	0	36	448	0	1013	
30	364	91	155	504	212	403	1023	125	136	
349	38	282	197	502	0	164	1023	211	277	
391	64	86	120	289	141	0	1023	733	196	
306	335	40	372	213	167	196	1023	166	225	
171	184	241	274	30	30	308	1023	135	647	
77	337	42	169	380	274	0	691	1023	50	
312	282	73	124	214	212	157	381	265	1023	
90	64	120	304	98	61	204	1023	349	730	
98	334	0	182	0	165	1023	320	247	674	
136	320	90	308	323	274	99	1023	182	288	
304	45	140	61	91	30	672	1023	579	98	
304	335	53	76	215	220	440	1023	204	173	
154	272	45	150	437	301	117	1023	544	0	
426	335	41	456	91	152	155	1023	174	190	
344	68	174	334	0	75	109	1023	751	165	
102	343	0	283	243	0	492	1023	368	189	
304	274	183	98	151	212	455	1022	163	181	
107	159	319	75	106	109	903	1023	242	0	
197	410	511	53	45	53	123	960	327	364	
151	38	227	304	121	85	774	0	1023	320	
79	395	23	511	308	257	208	293	969	0	
426	90	53	101	335	404	278	174	159	1023	
352	308	165	284	0	353	328	137	93	1023	
36	120	4	323	160	72	396	1023	834	75	
426	395	46	68	136	184	380	1023	182	203	 ***
61	30	30	109	84	511	60	1011	349	798	
412	304	34	68	122	212	189	386	293	1023	
156	511	456	148	399	376	156	841	0	0	
334	335	186	79	91	152	511	180	152	1023	
304	474	38	68	91	190	280	181	1023	394	
220	457	0	417	124	132	323	1023	166	181	
0	28	154	331	105	15	797	1023	135	455	
440	134	297	96	0	106	105	1023	302	540	
120	293	295	75	210	4	608	1023	122	293	
336	319	57	368	99	160	137	227	317	1023	
128	325	70	481	124	486	98	1023	308	0	
304	350	49	68	253	171	234	387	204	1023	
162	90	219	0	91	105	449	1023	113	791	
90	345	220	511	90	203	442	119	0	1023	
60	282	116	320	313	158	151	1023	380	240	
334	342	147	68	120	259	606	1023	144	0	
320	34	40	106	204	511	627	1006	195	0	
334	365	40	68	175	75	151	539	273	1023	

426	274	56	70	181	60	350	235	218	1023	
254	229	312	327	64	321	117	1023	0	246	
243	274	103	68	380	38	332	1023	251	181	
45	267	64	491	174	60	60	1023	106	603	
15	166	296	304	8	0	152	1023	216	713	
441	335	47	68	166	71	382	239	121	1023	
312	429	99	42	111	103	0	1023	532	242	
511	150	0	31	434	0	121	1019	305	322	
426	282	42	79	151	214	320	1023	206	150	
426	274	54	129	136	94	328	205	224	1023	
426	282	46	98	151	63	320	241	243	1023	
304	274	72	64	136	511	320	244	756	212	
275	60	109	45	60	45	892	45	1023	339	
77	68	0	135	334	426	459	1023	182	189	
0	276	0	75	106	441	76	1023	173	723	
0	216	342	55	12	88	669	1023	307	181	
434	274	78	68	136	75	328	235	242	1023	
105	0	76	15	496	91	327	1023	182	578	
94	60	32	136	282	263	166	590	1023	247	
63	189	365	132	319	0	232	1023	490	80	
155	99	350	441	32	166	447	0	180	1023	
456	274	47	56	136	182	320	1023	234	165	 ***
243	289	72	95	136	63	352	487	133	1023	
384	16	274	147	508	132	0	1023	0	409	
50	0	79	10	321	511	426	494	1002	0	
487	335	57	94	136	184	267	1023	160	150	
65	75	174	304	195	64	213	1023	57	723	
50	152	75	125	136	98	0	1023	366	868	

511	0	172	0	63	45	598	107	196	868	
511	509	0	0	273	51	106	0	799	311	
104	132	102	445	90	98	1023	99	467	0	
90	279	42	79	138	190	332	234	153	1023	
135	326	16	59	266	38	328	144	225	1023	
91	155	130	79	105	415	468	94	0	1023	
121	274	76	53	112	60	352	267	222	1023	
212	274	24	54	144	36	320	1023	306	167	
235	144	102	273	75	42	316	1023	350	0	
155	365	87	135	114	90	0	1023	538	53	
8	40	53	90	177	15	754	400	1023	0	
328	288	511	30	143	72	0	1018	170	0	
194	486	0	70	140	61	145	1023	274	167	
129	205	512	137	151	511	333	0	582	0	
34	88	124	8	190	166	829	1023	0	98	
90	404	42	73	136	69	351	220	152	1023	
124	274	153	87	142	42	328	1023	129	258	
52	158	295	0	106	60	166	1023	473	227	
106	0	511	171	338	242	158	15	1019	0	
90	274	190	53	151	70	328	173	208	1023	
112	204	83	138	110	4	132	1023	0	754	
465	61	61	413	261	199	30	47	1023	0	
53	90	165	380	21	244	35	1023	549	0	
0	511	220	211	0	111	617	364	237	289	
338	282	42	83	151	30	198	216	197	1023	
89	120	52	0	228	60	345	1023	346	297	
94	282	42	67	136	30	411	159	316	1023	
16	64	44	83	472	127	299	1023	64	368	
94	274	12	97	125	47	365	1023	266	257	
106	83	75	286	166	16	0	1023	726	79	
290	342	270	27	145	0	84	1023	304	75	
53	159	118	61	0	53	486	1022	271	337	
120	105	65	187	92	127	490	351	0	1023	
27	30	38	30	94	375	107	349	1023	487	
129	20	144	60	173	110	208	1023	693	0	
267	0	335	47	57	175	162	1023	336	158	
401	102	75	260	127	87	147	1023	338	0	
105	282	54	79	142	53	350	335	137	1023	
208	138	30	34	10	90	1023	45	873	109	
511	0	39	60	233	190	1010	53	464	0	
159	180	140	236	313	88	0	1023	38	383	
92	305	110	90	83	75	381	1023	96	305	
90	274	76	65	140	45	320	1023	261	266	
91	274	54	87	142	38	356	1023	290	205	 ***

410	147	511	0	345	16	0	648	220	139	
395	151	70	4	278	73	0	1023	340	102	
106	274	16	83	137	70	76	1023	270	381	
27	183	83	381	133	120	132	1023	354	0	
4	163	98	144	31	83	815	1023	75	0	
90	274	35	87	116	511	76	585	266	396	
151	131	304	511	72	235	0	10	339	683	
6	184	45	62	110	274	392	1023	283	57	
105	244	46	87	103	39	90	418	281	1023	
15	49	9	143	4	72	81	287	1023	753	
90	274	46	87	92	38	76	1023	266	444	
155	463	139	162	89	60	8	1023	337	0	
344	200	146	0	226	511	0	327	587	95	
108	252	511	87	142	38	339	558	266	135	
75	131	34	108	36	80	246	1023	365	338	
90	244	31	102	146	38	339	1023	271	152	 ***
201	274	137	68	86	128	173	1023	0	346	
511	364	0	141	90	124	751	354	101	0	
53	16	94	0	70	30	225	835	90	1023	
162	0	67	364	211	0	208	1023	273	128	
35	460	30	511	128	21	884	208	159	0	
82	19	0	49	149	8	184	922	0	1023	
98	245	78	83	73	34	347	174	281	1023	
23	57	91	286	234	25	284	1023	383	30	
40	15	0	136	38	27	1023	910	152	95	
45	105	130	55	42	19	1023	801	178	38	
90	253	46	98	64	511	95	216	403	660	
90	244	99	92	64	70	76	282	1023	396	
100	259	65	83	108	38	335	159	266	1023	
144	61	183	511	0	113	342	30	904	148	
274	50	49	180	75	56	12	1023	490	227	
124	244	31	87	125	39	84	1023	271	408	
511	49	359	224	0	46	1023	113	0	111	

40	30	113	9	486	201	73	1023	354	148	
124	259	31	102	148	122	93	324	251	1023	
136	185	32	312	85	292	216	1023	196	0	
45	84	50	49	76	69	819	182	1023	80	
106	94	0	0	30	57	58	1011	1023	98	
105	244	65	128	124	38	1023	362	253	135	
12	87	109	49	79	15	55	907	1023	141	
46	419	53	139	136	511	121	930	0	122	
90	244	48	123	122	53	354	1023	253	167	 ***
206	76	0	105	95	40	68	1023	511	353	
58	91	46	481	0	91	90	1023	194	403	
102	245	61	72	55	40	491	132	256	1023	
75	34	511	0	373	76	212	1015	46	135	
70	5	59	144	278	72	181	1023	463	182	
120	244	35	108	137	40	91	278	1023	401	
74	164	91	121	511	14	68	1023	0	411	
93	357	32	110	0	81	129	1023	243	409	
34	57	31	135	510	34	1023	457	141	55	
90	244	39	107	144	151	92	336	251	1023	
127	95	125	182	293	118	110	1023	87	317	
180	511	5	499	0	76	357	83	0	766	
105	245	46	102	114	132	129	325	256	1023	
92	44	344	75	122	156	124	1023	0	497	
141	24	68	105	79	30	94	1023	38	875	
38	74	19	75	60	54	114	1023	80	940	
78	248	39	117	114	44	174	385	255	1023	
76	139	192	98	63	79	263	1023	0	544	

34	15	61	511	53	184	280	1017	383	0	
15	27	21	254	38	191	1023	842	0	127	
62	0	48	147	511	85	49	425	292	919	
60	60	58	179	57	72	1023	364	117	548	
124	0	48	200	42	38	155	199	1023	709	
36	220	115	510	159	330	69	1023	76	0	
24	19	15	21	2	194	806	1023	328	106	
511	171	68	82	94	15	354	66	1017	160	
216	248	200	127	117	175	83	1023	208	141	
308	383	511	183	118	53	346	508	53	75	
79	61	85	77	138	35	42	1023	819	179	
98	64	211	127	62	175	631	1023	83	64	
188	183	45	89	97	8	90	1023	0	815	
16	0	39	171	0	21	1023	64	278	926	
53	57	79	105	108	237	0	1023	35	841	
60	366	48	57	78	23	1023	601	141	141	
83	166	53	42	6	120	179	1023	641	225	
139	244	108	87	183	83	506	1023	84	81	 ***
8	47	20	186	23	0	145	1023	916	170	
194	204	68	34	72	65	0	829	49	1023	
30	0	112	68	42	40	184	1023	771	268	
72	261	156	138	138	45	0	1023	674	31	
60	364	69	183	179	23	384	1023	172	81	
38	220	99	303	64	1	31	1023	125	634	
35	110	98	113	203	4	92	1023	19	841	
511	61	87	109	138	123	0	1023	301	185	
64	304	242	194	119	53	109	1023	107	323	
50	121	66	227	10	80	181	1023	705	75	
77	42	64	160	8	79	176	1023	227	682	
181	244	105	83	74	175	288	1023	194	171	
34	98	276	61	99	95	802	1023	16	34	

60	131	2	45	115	23	449	930	211	1023	
503	510	126	0	64	75	999	501	152	59	
64	232	96	186	38	386	686	1023	210	68	
153	194	143	273	125	124	167	788	1022	0	
122	64	137	78	38	156	351	1023	212	808	
500	300	166	76	274	109	1023	0	466	75	
109	182	96	113	286	136	55	1022	911	79	
335	263	140	0	72	87	664	1023	246	159	
143	259	216	98	239	511	150	901	393	79	
19	167	68	188	139	155	1019	211	1023	0	
147	8	170	81	346	45	960	1023	130	79	
260	158	165	182	30	108	914	1022	150	0	
109	427	200	64	331	197	60	1022	500	79	
199	244	106	224	225	75	113	1023	93	687	 ***
4	0	323	511	152	75	655	1020	62	187	
84	2	62	135	278	62	841	1023	169	333	
4	167	511	124	508	215	397	965	98	0	
74	136	218	110	68	510	654	1016	203	0	
42	98	214	84	100	145	973	1023	113	197	
216	0	104	308	149	90	463	401	235	1023	
511	240	185	137	34	45	603	263	971	0	
49	76	248	0	0	151	140	1023	282	1020	
0	319	64	15	188	15	1022	335	1023	8	
57	26	172	265	503	274	151	1023	518	0	
15	511	0	504	347	200	0	141	1015	256	
30	36	246	0	88	246	187	1023	995	138	
109	84	214	113	206	75	150	1022	929	87	
235	15	107	85	168	197	211	1022	106	843	
240	105	66	124	268	328	740	1023	60	35	
212	233	96	293	210	45	83	1023	794	0	
213	0	122	196	38	129	122	128	1023	1018	
75	83	296	21	121	12	180	1023	1018	160	
156	445	295	0	289	510	210	63	109	912	
214	53	79	230	91	367	685	1023	91	156	
154	0	96	91	181	220	143	1023	1002	79	
187	511	508	90	194	0	122	1015	180	182	
180	511	311	232	368	0	811	0	178	398	

377	23	32	487	121	169	287	1023	274	181	
199	244	44	300	164	90	94	669	147	1023	
199	252	76	220	262	75	94	1023	118	655	
128	71	149	175	504	226	219	1023	0	479	
199	259	55	220	198	75	87	706	152	1023	
216	213	0	128	464	198	76	1020	522	137	
369	8	511	475	61	510	34	122	869	15	
169	0	46	510	164	79	561	993	313	139	
107	91	92	259	246	0	128	1023	399	629	
199	0	54	224	179	511	147	643	163	854	
199	244	61	292	179	75	94	657	1022	151	
243	76	41	4	181	0	372	1023	400	634	
199	15	85	228	239	75	80	901	129	1023	
248	38	122	0	108	511	455	1022	216	254	
208	244	46	190	213	83	124	721	122	1023	
303	129	232	109	44	0	158	1022	185	792	
199	244	46	229	179	75	733	1023	92	154	
122	511	45	45	510	128	23	488	122	980	
293	214	296	94	226	0	185	1022	148	496	
301	83	136	409	348	273	208	1023	193	0	
0	19	130	128	151	391	60	418	1023	654	
199	0	42	228	511	75	448	936	313	222	
228	143	427	239	0	38	40	90	747	1022	
241	0	46	221	240	75	162	699	267	1023	
214	244	44	235	179	87	91	702	155	1023	
214	274	46	221	179	331	121	1023	84	481	 ***
511	84	509	0	160	4	563	1002	0	141	
230	191	510	0	8	49	246	47	670	1023	
212	244	46	280	179	90	87	691	122	1023	
204	252	42	220	172	75	94	1023	189	703	

199	23	42	265	166	4	178	721	131	1023	
49	369	87	197	487	0	259	1022	114	168	
137	128	342	259	241	194	409	1023	19	0	
150	15	32	311	149	65	110	774	123	1023	
152	30	0	216	198	511	76	651	61	857	
84	166	0	94	141	305	91	1022	849	0	
160	126	76	76	60	220	590	1022	0	422	
188	19	38	205	168	64	1023	723	222	102	
64	19	139	69	8	61	411	1023	365	593	
231	19	34	237	149	511	170	813	76	512	
328	511	0	376	75	0	1022	201	0	239	
511	387	418	60	98	65	0	1023	190	0	
240	15	38	205	157	6	777	1023	106	185	
0	143	506	0	0	347	461	1022	167	106	
180	79	34	205	164	73	159	758	77	1023	
157	332	472	105	61	0	242	1023	185	175	
153	0	23	193	167	109	780	1022	122	183	
60	105	6	369	19	199	586	1023	221	164	
244	122	75	354	39	60	199	1023	271	365	
206	8	68	140	120	366	137	575	110	1022	
157	465	143	0	53	507	244	1023	160	0	
0	511	0	308	202	76	197	1019	254	185	
140	98	373	30	228	8	581	1023	141	130	
141	61	60	0	422	186	183	1023	274	402	
342	30	0	32	75	121	384	1023	260	485	
180	15	34	510	149	57	185	766	76	780	
180	23	38	269	149	511	148	865	129	440	
186	15	34	361	164	4	1023	770	99	96	
180	15	42	330	166	4	102	774	116	1023	
0	509	381	186	8	0	1022	49	183	414	
180	15	36	205	164	12	1023	796	162	159	
274	15	34	329	210	272	91	1023	76	428	
180	109	38	205	210	4	176	708	99	1023	
137	34	372	23	30	507	252	1023	182	192	
180	19	34	205	202	14	142	786	1023	147	
0	31	243	0	141	383	0	602	329	1023	
38	409	463	350	60	244	105	1022	0	61	
370	15	511	273	60	24	198	313	0	988	
15	511	8	122	274	90	286	388	61	997	
0	145	8	511	64	141	704	140	75	964	
305	0	511	207	183	4	72	698	670	102	
249	15	49	265	224	4	740	1023	96	87	 ***

99	0	170	75	102	438	151	1023	0	601	
145	158	76	76	0	312	450	1023	121	298	
17	368	0	510	0	470	210	42	1023	19	
61	205	64	511	95	0	1009	130	0	584	
221	15	510	64	212	4	38	812	715	68	
249	15	47	147	250	8	1023	726	77	117	
277	0	338	207	209	4	87	1023	427	87	
175	38	304	0	503	30	42	1021	307	239	
60	289	152	61	34	122	122	1022	758	39	
307	0	45	198	50	244	0	1022	666	127	
251	15	51	140	205	282	87	1023	89	516	
133	107	334	188	259	15	552	1022	49	0	
249	15	47	139	250	4	1023	730	77	125	
249	15	47	139	255	4	120	726	81	1023	
249	15	51	139	239	4	95	1023	734	110	
189	25	47	199	236	4	87	730	119	1023	
334	244	15	151	191	0	569	1023	132	0	
249	4	55	139	205	4	140	734	106	1023	
251	15	47	139	251	4	730	1023	89	110	 ***
510	0	45	129	0	416	0	126	449	984	
159	152	113	212	305	510	0	198	1010	0	
413	75	156	15	64	30	552	1023	316	15	
334	15	27	212	416	4	613	1023	0	15	
227	19	47	139	280	4	1023	726	77	117	
249	15	47	173	228	4	1023	730	103	87	
69	248	144	44	0	90	1022	785	257	0	
152	72	415	0	323	45	1022	244	0	386	
363	284	511	0	0	232	794	212	0	263	
289	15	47	139	220	4	1023	730	105	87	
249	15	47	139	217	4	87	1023	768	110	
249	15	47	139	220	4	82	730	1022	151	
251	15	47	169	209	4	87	764	90	1023	

0	64	511	30	122	252	966	624	0	271	
362	426	0	8	510	139	109	0	290	996	
386	15	30	94	224	120	473	1022	351	125	
53	349	0	90	212	30	564	446	73	1023	
511	511	34	34	0	60	449	220	0	1021	
274	0	72	120	250	0	103	632	366	1023	
91	60	334	94	244	69	1023	720	205	0	
173	38	40	94	220	29	977	1023	94	152	
42	0	0	369	53	282	1023	809	57	205	
164	8	319	511	109	509	200	0	0	1020	
173	15	32	109	220	51	816	1022	246	156	 ***
113	15	32	466	220	129	219	508	115	1023	
113	15	62	109	220	278	163	1023	732	125	
511	0	105	0	353	304	151	0	393	1023	
83	0	0	0	511	212	1020	65	61	888	
263	511	125	312	505	0	189	0	0	935	
60	0	501	511	15	135	1019	8	331	260	
511	60	34	510	94	372	825	434	0	0	
357	15	32	373	265	14	553	1023	83	125	
282	216	34	347	276	0	1022	619	0	44	
98	23	0	90	402	45	657	438	65	1022	
121	15	32	154	235	4	114	1023	321	821	
0	124	0	380	34	8	1023	951	38	282	
83	15	0	312	212	4	707	1023	114	370	
23	61	90	385	68	334	1022	759	68	30	
38	0	30	354	0	90	1023	75	943	287	
46	404	15	511	0	143	905	646	0	170	
68	105	60	244	511	4	670	1023	121	34	
60	289	76	42	260	64	1022	711	316	0	

45	137	30	350	0	0	368	1021	293	90	
182	0	0	0	0	30	0	1021	105	996	
304	0	15	0	0	0	0	0	1023	992	
0	0	90	53	0	60	45	1016	1002	68	
0	0	30	75	0	506	700	0	1023	0	
334	0	0	0	0	0	0	0	1015	985	
83	15	30	60	152	45	278	1023	202	446	
175	0	0	30	0	0	1022	1017	0	90	
0	511	0	60	244	0	60	1018	441	0	
0	60	0	274	30	60	829	1021	60	0	
0	0	0	15	122	244	38	1020	75	820	
83	15	0	212	30	49	274	431	217	1023	
122	30	0	500	90	0	526	1021	0	45	
83	15	0	60	30	75	274	570	204	1023	
87	15	0	60	167	45	274	461	202	1023	
143	15	0	60	30	167	278	431	188	1022	
426	435	60	364	30	0	0	1019	0	0	
0	0	90	0	75	30	30	1023	164	922	
83	45	0	60	30	45	274	1023	202	572	
83	15	126	60	30	49	278	522	148	1023	
30	0	272	0	511	503	0	0	0	1018	
102	15	0	60	152	45	274	461	202	1023	
209	0	0	75	60	45	274	1023	445	203	
45	0	334	493	0	396	0	1021	0	45	
60	42	274	334	60	49	0	1023	19	473	
0	30	0	45	441	60	659	1023	60	16	
152	30	304	426	30	0	274	1020	23	75	
30	167	75	419	15	30	548	1020	0	30	
15	0	122	0	30	30	967	1020	90	60	
319	334	0	0	510	0	0	1019	152	0	
503	60	45	152	510	0	30	1003	31	0	
205	15	0	64	30	49	274	1023	223	451	 ***
68	4	0	60	30	45	274	636	197	1020	
83	30	0	60	152	45	274	465	202	1023	

98	0	312	60	30	60	533	556	247	1023	
274	167	136	334	60	274	0	1023	0	651	
106	366	90	15	324	274	64	0	657	1023	
0	0	15	105	30	0	526	1023	1023	197	
0	244	60	61	15	510	8	0	1018	1003	
372	510	4	150	30	45	274	427	346	761	
105	149	0	0	304	0	1022	0	548	791	
304	8	75	488	83	61	0	1021	0	879	
503	303	0	0	165	332	563	1023	30	0	
275	502	19	334	0	0	0	643	124	1022	
312	0	0	64	30	77	548	1023	432	433	
244	0	150	99	252	0	289	1023	0	862	
395	69	0	304	64	45	518	327	175	1022	
143	15	0	121	30	45	762	456	327	1020	
30	0	381	439	121	0	1022	312	0	614	
106	511	0	0	30	487	815	0	0	970	
106	128	45	0	34	38	90	1022	518	938	
0	381	60	0	0	395	75	0	1022	986	
0	289	173	274	0	267	136	1020	760	0	
312	60	244	127	30	45	571	297	211	1022	
60	339	511	0	30	132	518	497	0	832	
60	76	274	0	263	15	0	1022	276	933	
244	159	0	0	488	0	878	1022	113	15	
30	380	8	244	0	8	244	1023	414	568	
38	15	61	30	319	165	276	1022	0	993	
425	90	98	278	258	0	0	747	1023	0	
488	0	15	15	98	0	369	1023	0	911	
60	267	244	0	502	289	0	1022	0	535	
312	304	60	60	289	45	342	307	178	1022	 ***
75	76	0	0	372	53	45	1023	548	727	
305	30	60	244	30	227	83	918	0	1022	
129	0	0	304	30	75	394	791	173	1023	
244	288	23	60	0	0	0	1019	981	304	
15	252	0	197	289	0	121	778	1023	244	

339	304	60	9	259	45	564	297	312	1023	
372	60	267	0	396	355	274	289	177	1022	
244	0	271	511	0	0	502	4	668	1012	
357	365	60	372	289	75	561	50	60	1023	
0	252	304	426	128	511	787	0	0	804	
0	107	511	267	334	0	264	0	732	997	
0	8	267	68	511	274	61	1001	0	1022	
244	0	478	30	60	0	0	769	608	1023	
488	0	0	68	434	0	0	244	1023	955	
0	38	304	0	23	0	305	903	616	1023	
259	304	364	0	323	15	686	0	238	1023	
278	304	69	0	349	53	414	410	312	1023	
396	379	0	0	15	320	571	182	326	1023	
282	304	128	73	289	45	343	413	312	1023	
293	304	243	511	248	0	556	60	0	997	
278	364	62	60	297	121	551	30	426	1023	
282	511	68	0	304	106	350	314	338	939	
304	312	68	129	353	105	542	316	60	1023	 ***
274	304	60	0	503	122	318	304	304	1023	
511	489	38	0	0	143	952	61	0	1018	
0	496	342	60	8	170	977	137	0	1022	
248	98	321	259	0	183	0	419	661	1023	
274	304	68	9	289	350	292	475	128	1023	
30	175	267	327	38	488	434	45	385	1023	
274	497	121	75	271	105	372	10	464	1023	
252	321	60	244	289	8	342	369	304	1023	
511	77	244	0	424	0	0	1021	0	935	

274	312	106	103	75	60	519	334	0	1020	
0	60	274	511	60	0	976	0	0	922	
0	364	379	511	244	60	0	0	248	997	
316	84	141	274	241	244	0	237	244	1022	
0	503	488	458	0	30	301	1023	0	0	
137	0	511	164	500	256	0	0	410	825	
0	30	30	219	68	441	858	68	68	1021	
98	0	205	0	0	312	410	689	68	1021	
267	0	304	0	189	111	0	319	590	1023	
289	312	68	69	121	75	526	87	233	1023	 ***
0	497	312	130	0	0	719	122	0	1023	
398	38	8	460	0	94	1023	782	0	0	
263	188	0	30	511	0	77	732	0	1002	
508	244	75	0	511	0	977	488	0	0	
260	343	60	0	0	244	68	805	0	1023	
463	495	15	373	4	365	65	0	0	1023	
372	0	272	0	364	0	343	57	372	1023	
334	488	38	0	499	0	303	121	0	1020	
60	30	305	0	450	364	23	0	549	1022	
182	76	0	68	77	319	422	591	45	1023	
0	0	289	0	150	121	1000	120	100	1023	
24	98	0	305	218	308	68	363	396	1023	

30	30	0	0	136	321	0	0	1023	1004	
274	121	62	135	490	0	0	365	75	1022	
75	252	68	130	117	105	563	75	137	1022	
45	252	98	69	117	121	548	167	105	1022	
0	0	511	90	0	91	0	970	0	882	
304	60	372	75	210	76	366	0	59	1022	
0	61	304	30	0	90	0	1023	976	60	
364	31	76	105	490	334	0	0	121	1023	
0	12	395	0	91	0	334	0	689	1023	
114	282	128	69	121	60	503	75	169	1023	 ***
456	0	19	304	136	274	91	61	180	1023	
45	45	42	327	177	34	0	433	418	1023	
0	30	334	165	63	0	53	0	876	1023	
244	0	150	220	274	15	304	151	163	1023	
312	60	319	77	45	362	180	166	0	1023	
60	23	135	109	0	199	320	312	364	1022	
45	282	98	69	369	90	259	105	205	1022	
83	252	189	99	121	60	503	75	139	1023	
244	0	15	61	120	0	88	151	842	1023	
305	480	72	195	0	0	364	60	45	1023	
0	136	60	0	181	0	57	90	998	1022	
61	98	155	0	8	75	289	354	481	1023	
45	252	83	69	147	121	503	197	105	1022	
90	75	106	60	0	511	0	0	753	949	
30	319	143	437	83	373	0	76	60	1023	
75	252	129	69	147	105	533	75	137	1022	
150	170	320	30	0	0	547	244	60	1023	
61	60	30	0	0	244	931	90	105	1023	
15	0	91	60	60	0	0	991	304	1023	
334	0	0	69	0	135	80	775	128	1023	
30	136	497	60	151	0	518	39	90	1023	
45	267	68	99	208	60	503	167	105	1022	
84	113	0	61	94	274	244	137	514	1023	

124	0	27	338	264	289	0	197	1023	456	
65	274	4	137	511	4	120	174	413	1016	
88	15	90	31	75	334	676	295	91	1023	
94	42	0	17	84	441	30	987	1023	0	
319	4	8	4	72	196	739	0	353	1023	
15	415	464	489	30	30	0	99	154	1022	
510	150	75	132	90	61	488	132	57	1023	
30	0	211	8	102	302	597	349	96	1023	
170	147	301	485	166	98	328	0	0	1023	
150	92	0	196	154	297	700	0	106	1023	
8	502	0	64	8	151	120	813	30	1022	
15	135	494	174	60	289	528	1023	0	0	
0	297	259	233	181	61	184	481	0	1022	
68	488	148	304	202	0	136	165	184	1023	
121	282	128	65	136	90	511	211	151	1023	 ***
412	8	239	60	249	274	0	400	53	1023	
143	252	113	358	75	51	369	250	84	1023	
403	21	426	72	121	0	373	109	170	1023	
0	45	441	511	244	8	0	244	1010	215	
309	0	135	105	27	60	42	1022	0	1018	
0	42	0	394	511	15	92	107	565	992	
121	109	8	327	459	171	105	0	396	1022	
509	0	0	68	0	8	61	930	1022	120	
119	274	68	258	134	60	515	139	128	1023	
225	38	110	4	150	125	625	129	289	1023	
442	121	23	127	331	42	436	90	83	1023	
0	60	15	198	30	30	925	135	304	1021	
282	380	4	152	15	38	672	0	152	1023	
34	16	120	4	98	140	60	252	971	1023	
169	129	334	219	152	15	319	0	358	1023	
0	511	475	42	0	34	349	182	120	1005	
23	511	65	282	8	222	274	0	394	939	
392	166	87	166	126	90	244	105	319	1023	
88	0	274	68	30	60	60	321	1022	795	
334	128	109	76	84	91	165	464	244	1023	
334	64	417	454	0	90	105	91	140	1023	
60	364	98	320	434	0	322	98	1022	0	
68	19	486	68	263	60	596	105	30	1023	
68	121	0	19	12	15	15	423	1022	1023	
64	274	68	61	241	83	520	83	301	1023	
68	0	105	379	0	186	244	592	121	1023	
365	45	141	75	319	35	75	640	0	1023	
124	0	181	83	493	0	136	0	678	1023	
60	304	113	294	15	53	60	151	645	1023	
0	4	0	158	61	45	120	385	923	1022	
0	0	23	0	313	60	590	493	216	1023	
90	272	0	90	132	94	368	494	155	1023	
105	75	205	141	105	128	339	597	0	1023	
0	139	98	120	380	28	194	264	472	1023	
376	60	511	96	0	76	504	76	1019	0	

365	365	60	278	511	23	930	0	709	0	
167	511	0	334	510	110	244	579	0	786	
511	507	501	0	334	136	154	79	0	1019	
301	61	511	154	413	320	0	0	961	520	
121	57	15	94	292	257	752	0	631	1022	
374	151	128	0	450	511	578	974	75	0	
60	4	286	433	319	90	761	122	144	1022	
338	0	99	242	0	156	364	898	121	1023	
47	471	118	339	0	90	888	0	265	1023	
122	0	69	396	151	57	1015	88	320	1023	
457	312	248	114	34	60	260	449	285	1022	
394	492	255	19	434	511	115	0	1021	0	
446	126	19	0	30	211	1023	368	1018	0	
0	426	323	489	0	113	1023	707	0	160	
305	414	60	291	304	342	0	113	389	1023	
183	274	30	65	102	304	653	194	413	1023	
0	248	0	353	61	356	179	793	228	1023	
263	244	60	304	252	178	455	140	323	1022	
441	34	0	121	45	0	449	120	1008	1023	
379	511	289	15	179	8	396	68	380	1016	
198	274	75	511	65	342	0	374	379	1023	
121	278	60	65	477	304	556	209	148	1023	
327	368	366	0	60	328	199	570	0	1023	
80	320	430	312	308	0	458	184	126	1023	
274	60	434	511	315	184	0	613	0	850	
412	75	155	61	149	90	53	608	615	1023	
121	274	72	325	162	182	740	194	148	1023	
365	444	511	0	0	0	657	203	779	282	
121	274	90	310	224	64	558	194	383	1023	 ***
121	411	34	95	102	313	740	254	148	1023	
94	510	312	494	49	0	453	0	306	1023	
102	81	396	0	61	259	0	876	443	1023	
456	130	0	338	308	500	306	0	180	1023	
30	289	120	511	0	495	0	746	206	844	
449	0	118	212	282	42	394	618	103	1023	
486	263	0	488	99	511	874	244	152	124	
0	190	65	225	407	0	90	373	869	1022	
474	38	500	186	130	75	364	353	98	1023	
38	150	65	424	0	137	497	370	537	1023	
278	370	0	0	293	383	151	305	438	1023	
75	310	64	312	426	289	429	245	68	1023	
411	140	0	424	141	32	244	201	625	1023	
0	0	174	365	132	74	863	1023	0	610	

