#9035.79	25952	29325	0	0	 94 
#9422.37	21970	29325	0	0	 84 
#8589.17	27009	29325	0	0	 68 
#10235.1	21023	29325	0	0	 34 ***
#9407.02	24150	29325	0	0	 24 

9014.83	21119	25246	22	354	 100 
8897.42	20859	25246	63	2627	 96 
9016.11	18283	25246	19	326	 89 
8899.89	19346	25246	47	2487	 79 
9010.79	18980	25246	37	992	 75 
8483.38	16582	25246	83	3109	 74 
10095.4	15893	25246	13	502	 64 
8302.02	23290	25246	73	2935	 60 
8198.44	20093	25246	82	2445	 58 
9006.07	20499	25246	42	898	 57 
10093.7	15804	25246	15	685	 53 
7829.95	25583	25246	59	2487	 45 
8425.82	24666	25246	71	2723	 45 
10085	16689	25246	82	2426	 44 
8694.68	22530	25246	72	2811	 43 
10094.7	16080	25246	13	518	 39 
9016.04	16753	25246	20	469	 35 
10093.3	16253	25246	14	624	 31 
8907.43	19687	25246	46	2300	 28 
10090.9	16283	25246	12	379	 24 ***
7947.99	24700	25246	79	2736	 22 
9283.5	16308	25246	83	2914	 12 
8682.3	20423	25246	77	2514	 6 

10141.7	18091	26494	12	227	 100 
10136.1	18811	26494	10	212	 82 
10141.9	17893	26494	22	911	 75 
10147.3	17387	26494	8	396	 74 ***
9548.27	15786	26494	60	2517	 72 
8959.94	18408	26494	41	2336	 69 
9069.74	16498	26494	84	3006	 68 
8132.84	18226	26494	47	2196	 66 
10138.8	18792	26494	15	465	 58 
9542.09	17810	26494	57	2430	 43 
9076.01	18008	26494	39	1857	 21 
10135.6	15966	26494	30	1627	 14 
8745.8	18171	26494	46	1990	 12 
8456.9	17308	26494	78	2472	 9 
10140.3	15573	26494	61	2754	 8 
9540.77	16535	26494	79	2396	 6 

8657.5	14846	29672	73	2740	 98 
10283.4	16222	29672	7	556	 98 
9663.89	14670	29672	42	2313	 96 
10277.3	14468	29672	38	1923	 93 
9211.57	15196	29672	39	2398	 91 
10272	14342	29672	47	2249	 89 
9204.54	15514	29672	68	2114	 87 
9472.46	14756	29672	38	1683	 82 
9673.88	14617	29672	44	1945	 80 
10266.2	14372	29672	47	2434	 78 
10272.3	16952	29672	5	99	 73 ***
8294.12	17673	29672	73	2754	 68 
8104.44	16315	29672	78	2974	 66 
8660.31	16148	29672	70	2504	 65 
9189.39	15534	29672	71	2791	 59 
9461.88	14628	29672	60	2352	 59 
10281.6	15102	29672	35	1912	 57 
8379.54	14394	29672	76	2910	 51 
10263.6	18259	29672	36	1215	 44 
10272.8	16419	29672	6	343	 43 
10274.8	14812	29672	37	2147	 42 
9199.26	15522	29672	69	2552	 40 
9467.4	15602	29672	37	1965	 39 
10268.3	18916	29672	29	824	 38 
8860.49	15662	29672	41	2142	 35 
9205.61	14406	29672	71	2641	 33 
8392.89	16754	29672	72	2814	 31 
10276.3	16245	29672	7	373	 29 
10289.5	14797	29672	35	1888	 25 
8655.84	19286	29672	70	2770	 25 
8661.73	17057	29672	40	2091	 25 
8401.66	19841	29672	56	2540	 21 
8271.72	19743	29672	71	2661	 19 
10264.1	15956	29672	36	2128	 17 
10277.2	15559	29672	34	1675	 13 
10277.5	15156	29672	11	529	 10 
10279.8	16001	29672	10	873	 9 
9677.63	13779	29672	54	2257	 8 
9192.07	17028	29672	39	1488	 6 

10127.8	12511	29293	31	1418	 97 
10118.1	12790	29293	3	23	 96 ***
10113.6	14439	29293	25	568	 93 
10115.1	10736	29293	37	2159	 84 
10128.9	10693	29293	34	1379	 79 
8942.09	14030	29293	38	1861	 77 
10129.6	11775	29293	32	1722	 77 
10133.6	11789	29293	31	1618	 77 
9330.81	11983	29293	32	1437	 77 
10126.7	11838	29293	32	1411	 77 
9050.03	12576	29293	37	1311	 75 
9323.9	12647	29293	32	1510	 71 
8731.4	10094	29293	41	2067	 69 
10132.5	10091	29293	42	2002	 69 
10117.2	12952	29293	31	774	 69 
8713.6	12348	29293	41	2124	 67 
9534.1	10812	29293	39	2049	 67 
7846.72	12099	29293	42	2102	 62 
8954.57	12583	29293	38	2027	 61 
10117.9	13378	29293	10	96	 57 
8442.74	11850	29293	50	1809	 52 
10111.9	13636	29293	31	774	 47 
9307.38	11632	29293	33	1026	 44 
9053.91	12244	29293	35	1693	 43 
8719.7	12063	29293	39	1937	 42 
9054.98	11062	29293	34	1728	 29 
10135.6	11636	29293	32	1441	 27 
9523.63	11021	29293	34	1371	 26 
7175.02	9715	29293	54	1877	 26 
10136.9	10959	29293	31	1341	 20 
8714.61	13624	29293	40	1457	 13 
10113.4	15258	29293	18	489	 13 
10111.4	14128	29293	26	568	 12 
10117.7	13301	29293	30	1200	 10 
10112.5	14935	29293	24	588	 8 
10117.6	12737	29293	31	1078	 1 

8608.21	11129	27923	58	1965	 99 
8830.21	10536	27923	64	2401	 98 
9219.85	12161	27923	33	1771	 96 
7887.3	14574	27923	43	1820	 94 
9232.53	10294	27923	40	1872	 89 
8956.7	12196	27923	32	1679	 87 
9415.35	12880	27923	30	1398	 85 
8128.01	11410	27923	63	2273	 81 
8829.54	12242	27923	35	1811	 80 
10035.1	11738	27923	27	1196	 79 
10030.4	12016	27923	32	1683	 77 
8146.13	15343	27923	41	1832	 77 
9418	11143	27923	35	1415	 76 
8948.27	13136	27923	32	1042	 72 
8846.74	12163	27923	37	2041	 68 
9422.52	11310	27923	33	1488	 68 
9411.85	12104	27923	31	1127	 67 
8126.75	11537	27923	65	2364	 66 
8352.61	11484	27923	42	1846	 64 
10017.6	12163	27923	8	464	 62 
7775.23	16333	27923	49	1853	 57 
10017.3	14307	27923	29	1016	 57 
7874.12	11775	27923	65	2416	 55 
9217.69	11057	27923	36	1880	 52 
7540.19	14699	27923	62	2363	 35 
7753.7	11850	27923	55	1869	 35 
10023.9	10637	27923	37	2048	 29 
9415.74	9855	27923	56	1639	 28 
8155.06	12340	27923	35	1492	 10 
8949.63	10925	27923	58	2014	 9 
8947.79	11295	27923	34	1450	 9 
9418.93	11857	27923	33	1309	 5 
9211.44	11216	27923	57	1587	 4 
8822.48	10582	27923	59	2163	 3 
8126.97	11824	27923	61	1997	 3 
10017.6	13073	27923	5	190	 3 ***
10014.9	15988	27923	29	680	 2 
8832.33	14155	27923	34	1713	 0 

9847.45	13180	23299	28	1028	 91 
8163.28	10486	23299	64	2045	 90 
7834.91	11425	23299	62	2079	 86 
8174.67	9441	23299	47	1848	 85 
7623.3	10990	23299	65	2233	 85 
8663.08	9975	23299	46	1606	 82 
9259.49	9585	23299	38	1816	 82 
9859.87	11564	23299	21	785	 82 
9248.05	10347	23299	30	1225	 80 
7609.49	11518	23299	62	2067	 79 
9859.39	10286	23299	37	1428	 78 
9057.34	10847	23299	35	1636	 75 
9856.16	11801	23299	6	419	 74 
9855.56	12844	23299	25	782	 70 
8057.8	10163	23299	67	2476	 69 
9055.27	9407	23299	61	2267	 69 
7968.54	11868	23299	34	1711	 68 
7960.38	11670	23299	60	2068	 67 
9246.9	10294	23299	31	1194	 65 
8162.73	11195	23299	34	1300	 65 
8643.58	10836	23299	39	1670	 64 
8775.85	9343	23299	62	2138	 64 
9852.23	9083	23299	63	2005	 64 
9855.96	12981	23299	7	328	 56 
7852.88	11771	23299	39	1785	 51 
7720.25	10668	23299	68	2384	 51 
9855.62	12624	23299	28	818	 50 
7054.13	10942	23299	67	2461	 45 
8056.34	10679	23299	44	2041	 41 
8181.46	11062	23299	39	1637	 36 
8789.37	11324	23299	33	1390	 33 
9855.7	12627	23299	17	685	 30 
9855.77	13167	23299	7	328	 29 
9857.01	12075	23299	5	319	 24 ***
9863.87	8815	23299	35	1765	 21 
9244.92	11278	23299	33	1167	 17 
8167.72	10133	23299	61	1974	 17 
9059.5	10716	23299	42	2013	 16 
9856.31	11583	23299	6	415	 9 
7972.49	10498	23299	66	2386	 7 

9235.84	12108	22329	19	554	 100 
9239.5	11985	22329	7	410	 95 
9021.78	10909	22329	40	1652	 91 
8635.55	13173	22329	27	1028	 91 
9044.7	11313	22329	28	1350	 72 
7334.33	12069	22329	58	2128	 68 
9234.68	12268	22329	8	425	 67 
8044.2	10991	22329	51	2180	 64 
8427.67	10775	22329	55	2006	 54 
9235.87	12212	22329	6	151	 54 
8751.85	10418	22329	55	1914	 44 
9835.29	11376	22329	5	83	 43 ***
9236.81	11975	22329	18	820	 39 
9826.48	11908	22329	26	940	 31 
7850.41	9934	22329	58	2204	 29 
9826.8	10715	22329	30	1211	 22 
9232.9	12572	22329	25	930	 16 
7824.65	12135	22329	36	1548	 11 
7956.93	11382	22329	29	1532	 3 
7684.48	12997	22329	50	2030	 2 
8756.15	11277	22329	33	1840	 2 
9824.39	10088	22329	57	2265	 1 

10126.9	13670	26894	6	624	 87 ***
9521.11	14711	26894	33	1422	 85 
8154.3	16219	26894	63	1985	 81 
9046.5	14503	26894	39	1686	 81 
10122.8	13721	26894	7	724	 76 
8736.89	14503	26894	43	1862	 75 
8144	15230	26894	65	2286	 66 
8934.04	14542	26894	37	1824	 59 
10123.4	13521	26894	39	1722	 55 
10128.1	13093	26894	68	2151	 54 
9507.7	13439	26894	46	1691	 54 
9054.56	14900	26894	34	1635	 49 
8505.34	15634	26894	61	1886	 46 
10122.6	13308	26894	62	1925	 43 
10139.9	12861	26894	62	2180	 33 
9049.36	13904	26894	36	1691	 32 
10113.9	14374	26894	7	365	 31 
10113.5	14280	26894	9	444	 21 
8705.21	14456	26894	54	1859	 20 
10131.9	13502	26894	44	1647	 20 
8930.46	13694	26894	62	1724	 20 
9312.36	13892	26894	59	2246	 9 
10106.6	13674	26894	23	522	 1 
8143.83	17916	26894	55	1966	 0 

9107.82	11859	24404	15	600	 96 
9916.9	11207	24404	5	299	 94 
9926.93	10654	24404	68	2578	 93 
8728.86	12493	24404	43	1965	 93 
8836.99	12563	24404	41	2020	 89 
9109.84	11722	24404	26	946	 89 
9098.84	11877	24404	27	916	 78 
9097.87	11389	24404	28	908	 68 
8836.6	11869	24404	65	1953	 64 
9105.12	12889	24404	19	570	 60 
8505.35	13148	24404	56	2287	 53 
8711.07	12733	24404	46	1863	 52 
9909.21	11616	24404	21	843	 48 
9915.4	10773	24404	59	2349	 47 
8845	11576	24404	69	2582	 46 
8726.25	12661	24404	48	1801	 45 
8840.8	12245	24404	45	2006	 43 
8719.95	12945	24404	45	1411	 32 
8722.4	13206	24404	43	1705	 25 
8235.92	12267	24404	64	2193	 18 
9919.01	11331	24404	4	269	 6 ***
8251.87	14239	24404	62	2334	 3 
8289.68	11890	24404	59	2305	 3 
9107.51	12127	24404	25	900	 2 

9889.12	11786	24831	39	1461	 97 
9874.12	13466	24831	10	640	 96 ***
9875.48	11919	24831	12	871	 92 
9872.71	12672	24831	27	1179	 91 
7726.96	14295	24831	62	1981	 89 
8463.99	12711	24831	60	1744	 84 
9865.22	12352	24831	34	1218	 70 
8187.19	13674	24831	56	1964	 70 
9866.74	12157	24831	59	1548	 65 
9274.93	12577	24831	36	1610	 64 
7887.75	13302	24831	57	1941	 60 
9277.89	12107	24831	67	2287	 57 
9056.63	12457	24831	61	1811	 57 
8687.57	12486	24831	63	2212	 55 
9067.12	12362	24831	38	1712	 54 
8479.08	12514	24831	51	1957	 54 
7725.6	14421	24831	62	1724	 49 
9864.2	12227	24831	62	1930	 48 
8683.64	12580	24831	35	1419	 39 
9870.3	14013	24831	11	395	 37 
8675.59	13331	24831	38	1623	 22 
7992.37	12946	24831	62	1724	 22 
9061.48	12999	24831	27	1192	 22 
9866.94	12079	24831	30	872	 19 
9056.77	12373	24831	60	1628	 18 
9058.46	12198	24831	63	1949	 18 
9870.53	13915	24831	16	874	 18 
9066.63	13830	24831	26	1113	 17 
9877.55	13326	24831	11	856	 16 
9865.76	12974	24831	22	899	 7 
9869.07	11500	24831	41	1808	 6 
9863.05	13208	24831	21	476	 3 

8236.82	13483	23425	46	1788	 99 
9844.56	12847	23425	8	444	 93 
8646.76	14168	23425	41	1622	 91 
9844.64	12379	23425	10	317	 74 
8790.28	13294	23425	43	1774	 73 
8780.91	11839	23425	50	1872	 66 
7968.29	13656	23425	45	1870	 63 
8435.29	13189	23425	45	1705	 61 
9036.22	13950	23425	26	1137	 53 
8189.13	11967	23425	63	2242	 46 
9842.08	12905	23425	48	2003	 35 
7574.35	14093	23425	60	1896	 33 
8754.43	12782	23425	62	1982	 32 
9037.02	13257	23425	7	322	 32 
9027.73	14272	23425	25	980	 31 
9847.73	13205	23425	7	185	 27 ***
9041.84	13053	23425	8	444	 26 

8759.56	16362	23944	67	2014	 99 
8663.97	16823	23944	48	1286	 91 
8452.13	16562	23944	71	2300	 90 
9036.03	16928	23944	29	946	 89 
8659.7	17152	23944	67	2016	 74 
9047.17	16862	23944	22	603	 71 
9036.54	16623	23944	24	729	 67 
9035.13	17464	23944	25	855	 65 
9847.15	15655	23944	4	134	 61 ***
9241.02	13892	23944	70	2311	 57 
8758.26	16482	23944	64	1942	 46 
9850.51	15088	23944	7	397	 44 
8652.63	17374	23944	65	1864	 34 
8754.54	15822	23944	71	2082	 34 
9846.02	15357	23944	5	378	 33 
8666.7	16561	23944	49	1561	 30 
9057.62	16335	23944	22	748	 27 
8660.34	16864	23944	47	1636	 24 
8659.81	17741	23944	61	1695	 21 
9059.15	16209	23944	21	711	 16 
9024.94	15299	23944	34	1284	 8 
9845.55	16041	23944	26	766	 5 
8657.64	16097	23944	68	2120	 0 

8935.08	13329	25835	47	1590	 93 
9202.22	10909	25835	45	1622	 90 
9418.39	14894	25835	29	1093	 89 
8810.75	12585	25835	67	1893	 79 
8944.63	14767	25835	45	1542	 68 
9221.59	14104	25835	44	1220	 68 
10044.9	12968	25835	42	1497	 63 
9415.81	16718	25835	35	1224	 63 
8844.5	16191	25835	46	1363	 50 
9420.54	13598	25835	9	362	 45 
9416.42	15442	25835	30	1018	 44 
8832.47	17239	25835	52	1627	 42 
10026.2	15316	25835	4	319	 31 ***
8819.34	13357	25835	54	1367	 21 
9416.77	16030	25835	27	841	 9 
9218.26	17112	25835	42	1324	 6 
8238.69	14886	25835	58	1249	 5 

9357.36	17798	27228	50	1632	 100 
10146.2	18607	27228	27	1014	 99 
10158.3	17036	27228	25	949	 95 
10157	17727	27228	22	626	 94 
8254.73	14753	27228	66	1917	 92 
10151.3	16937	27228	51	1747	 84 
10156.1	17019	27228	32	1225	 84 
7905.29	17100	27228	59	2055	 84 
10155.6	17400	27228	23	877	 72 
8967.24	17165	27228	54	2047	 70 
10150.8	17739	27228	23	1172	 70 
10161.3	18443	27228	7	171	 69 ***
10153.9	16139	27228	49	1683	 67 
9087	16105	27228	62	1799	 66 
10169.3	15730	27228	51	1768	 64 
9070.91	14065	27228	66	2144	 61 
8166.5	16112	27228	66	1900	 59 
8731.96	17714	27228	56	2077	 59 
9083.04	16527	27228	58	1876	 59 
8989.27	16550	27228	64	1920	 58 
10142.2	14382	27228	61	1808	 53 
10166.7	16910	27228	48	1586	 49 
10162.7	17511	27228	11	730	 47 
9349.21	15346	27228	65	1892	 46 
10152.8	16893	27228	53	2007	 43 
10145.1	17010	27228	55	1356	 40 
10145	17294	27228	31	1326	 40 
9356.87	12725	27228	62	1849	 39 
10152.4	15865	27228	57	2083	 39 
10161.2	18840	27228	8	186	 38 
10179.8	15756	27228	49	1958	 37 
8962.72	18755	27228	52	1322	 36 
10149	16987	27228	54	1978	 33 
10153.5	18651	27228	21	631	 33 
8983.4	17020	27228	64	2061	 28 
9346.2	17122	27228	51	2061	 26 
10147.9	16492	27228	57	1497	 20 
8987.94	16571	27228	62	1914	 15 
10168.9	15029	27228	52	1995	 15 
10155.1	16110	27228	54	1531	 9 
9556.38	15242	27228	59	2044	 9 
10151.4	17438	27228	24	652	 9 
10161.9	17835	27228	9	231	 7 
10160.5	17565	27228	22	976	 6 
10141.6	16215	27228	58	1817	 4 
10153.5	16252	27228	50	1796	 3 
8985.17	17098	27228	56	1647	 3 
10145	17058	27228	55	1935	 1 

9371.08	13541	26361	72	2329	 98 
10155.2	13941	26361	60	2622	 98 
10180.6	18011	26361	22	907	 94 
8984.57	19436	26361	56	2053	 92 
7924.1	15937	26361	63	2396	 89 
10189.2	17841	26361	29	954	 89 
10161.8	15833	26361	58	2359	 86 
10164.5	18183	26361	29	1032	 84 
10166.1	18840	26361	19	513	 83 
10175	18678	26361	13	454	 80 
10172.1	17431	26361	33	1245	 75 
10168.9	18401	26361	22	664	 69 
10193.4	17762	26361	31	1211	 67 
10174.6	18305	26361	23	911	 66 
10158.5	17415	26361	51	2461	 62 
8980.47	18257	26361	58	1879	 62 
10175.4	18266	26361	9	376	 49 ***
9359.49	18557	26361	54	1939	 40 
10164	13277	26361	71	2464	 29 
10175.8	16549	26361	54	2458	 29 
10179.4	13053	26361	73	2665	 28 
9392.85	14272	26361	63	2302	 28 
10196.7	13824	26361	63	2313	 22 
10179.3	18051	26361	26	899	 22 
9378.79	14054	26361	70	2607	 21 
10169.8	16843	26361	57	2529	 18 
10175	18135	26361	23	878	 18 
10174.4	18587	26361	14	483	 16 
10175.6	16487	26361	57	2317	 11 
8953.51	17991	26361	60	2217	 7 
9361.24	17166	26361	59	2526	 7 
10174.6	18083	26361	28	933	 6 
10172.2	19000	26361	11	149	 0 

10103.7	11956	28254	64	1903	 81 
10103.2	17095	28254	17	524	 81 
9051.51	17038	28254	23	447	 77 
10111.6	12160	28254	53	2166	 72 
9290.73	12587	28254	46	740	 72 
10093.3	17214	28254	22	915	 65 
8101.68	12133	28254	58	1978	 58 
10102.6	12445	28254	55	2208	 57 
8299.46	11614	28254	66	1993	 57 
9030.24	17817	28254	10	530	 55 ***
9012.68	13477	28254	44	1081	 54 
9294.16	11239	28254	68	2206	 54 
7167.41	13793	28254	72	2448	 53 
10096.4	12536	28254	51	2022	 53 
10102.6	16219	28254	18	777	 51 
10108.8	12519	28254	53	2015	 49 
9039.27	17407	28254	24	927	 42 
9021.53	17722	28254	12	504	 33 
10103.9	17473	28254	14	347	 32 
10102.9	12477	28254	54	2276	 29 
9029.78	17415	28254	26	759	 28 
8090.22	13952	28254	55	2221	 21 
8221.02	13048	28254	51	2167	 21 
7600.44	14015	28254	51	1995	 20 
10106	17348	28254	14	479	 18 
8903.61	12779	28254	51	2175	 17 
10101.8	17163	28254	21	800	 9 
7495.68	12177	28254	56	2158	 6 
9030.24	11535	28254	65	2229	 5 

8075.06	11905	27773	61	2383	 99 
10080.9	14964	27773	54	2113	 98 
8995.21	17126	27773	17	588	 94 
8996.89	16786	27773	20	615	 92 
9004.08	16235	27773	20	855	 87 
8186.58	12257	27773	57	2161	 86 
10082.7	16286	27773	15	489	 84 
10080.4	15462	27773	54	1638	 80 
9001.21	16710	27773	19	607	 79 
9012.27	17085	27773	5	308	 73 
9005.32	16182	27773	21	859	 68 
7922.88	13653	27773	71	2200	 63 
9003.15	17414	27773	13	527	 63 
10084.4	15889	27773	29	1026	 51 
10082.5	16502	27773	18	605	 50 
9010.45	11707	27773	67	2387	 48 
9003.41	17332	27773	4	380	 36 
9008.66	15890	27773	21	859	 29 
9006.48	16119	27773	21	859	 24 
9006.17	16999	27773	9	402	 22 
8996.34	17349	27773	15	590	 20 
10101.1	11648	27773	71	2363	 19 
8903.66	17201	27773	54	1891	 18 
8184.64	12527	27773	55	2255	 17 
9011.07	16893	27773	18	525	 16 
10083	16772	27773	14	496	 9 
7928.02	15410	27773	70	2059	 8 
9008.95	17125	27773	3	49	 8 ***
10086.7	12487	27773	56	2048	 7 
10088.9	14243	27773	54	2118	 5 
9004.96	16218	27773	23	859	 3 

8166.65	10398	24667	53	1887	 99 
8960.72	12923	24667	23	880	 91 
9206.66	11442	24667	47	1872	 90 
8948.51	13135	24667	23	884	 90 
7331.39	11427	24667	60	1730	 88 
10013.8	10853	24667	47	1879	 87 
9215.61	9713	24667	52	1538	 86 
10013.3	13053	24667	22	669	 84 
9214.86	9726	24667	51	1907	 83 
9419.59	9586	24667	54	1298	 82 
9212.23	10437	24667	48	1675	 75 
9438.03	8594	24667	50	1812	 74 
8945.96	13137	24667	20	652	 69 
8123.57	10095	24667	63	1883	 68 
10023.2	11949	24667	38	1190	 68 
8121.09	11648	24667	57	1362	 68 
8938.71	13912	24667	17	629	 67 
8616.8	10091	24667	56	1404	 65 
8140.95	9808	24667	59	1887	 62 
9224.33	8903	24667	64	1932	 61 
8948.76	13758	24667	14	764	 60 ***
8953.36	13056	24667	24	910	 58 
9208.42	10738	24667	48	1906	 54 
6688.69	9761	24667	67	2122	 51 
7269.37	11002	24667	64	2069	 44 
8942.63	9819	24667	49	1816	 44 
7738.65	11688	24667	57	1920	 44 
10024.1	12213	24667	30	1030	 44 
9430.58	9600	24667	53	1576	 40 
8943.75	13152	24667	19	622	 38 
10024.8	13169	24667	18	924	 36 
10017.5	12874	24667	19	620	 35 
8807.85	9532	24667	58	1873	 34 
10017.2	13532	24667	16	829	 34 
8840.08	10003	24667	52	1623	 24 
8950.98	13671	24667	17	529	 24 
8947.37	13869	24667	17	837	 23 
8935.75	13282	24667	24	897	 21 
8941	13849	24667	21	896	 19 
8611.16	10334	24667	51	1847	 17 
8836.82	10306	24667	50	1877	 13 
10017.6	10670	24667	40	1101	 11 
7739.75	10161	24667	59	1933	 1 
8136	10414	24667	49	1792	 1 

7813.68	6582	20742	46	1594	 96 
8414.71	6390	20742	49	1693	 95 
9834.23	7846	20742	45	1591	 88 
8750.88	9749	20742	25	512	 87 
7126.73	6826	20742	49	1884	 84 
6995.37	6827	20742	51	1967	 83 
6616.52	6165	20742	56	1996	 78 
6824.18	7099	20742	51	1760	 76 
8426.58	8787	20742	45	1553	 72 
6732.5	6600	20742	55	1936	 71 
8738.62	9489	20742	37	1027	 68 
7228.13	6625	20742	54	1928	 59 
5334.92	5710	20742	58	1738	 57 
5666.12	6761	20742	52	1974	 55 
8418.64	10400	20742	41	1271	 53 
7332.27	9310	20742	45	1799	 53 
7119.13	6437	20742	55	1326	 46 
8738.74	9452	20742	36	1023	 46 
7004.47	6809	20742	51	1560	 45 
8754.8	10310	20742	22	512	 39 ***
7003.04	7045	20742	50	1948	 37 
9830.94	9216	20742	41	1039	 34 
8751.45	9239	20742	25	533	 25 
5539.26	7468	20742	55	1894	 20 
6421.31	7382	20742	49	1538	 20 
8741.02	9421	20742	37	1027	 20 
6526.61	6751	20742	57	1730	 19 
8744.77	10386	20742	33	983	 16 
7008.35	7057	20742	49	1410	 14 
7328.32	5962	20742	50	1974	 14 
7236.19	6271	20742	54	1921	 12 
7541.61	6878	20742	48	1418	 9 
6559.57	6314	20742	56	1887	 0 

8050.06	9882	22469	26	958	 98 
7566.66	9462	22469	32	1349	 97 
8254.15	9200	22469	35	1420	 97 
9256.96	10251	22469	14	343	 88 
7450.19	10377	22469	30	1097	 87 
6979.99	10815	22469	56	1822	 81 
7364.59	10143	22469	34	1280	 81 
8643.24	8605	22469	57	1852	 80 
8043.26	10491	22469	26	854	 77 
9255.16	11003	22469	15	351	 73 
8380.93	11116	22469	14	291	 63 ***
7255.08	8758	22469	41	1427	 60 
8636.66	9721	22469	27	812	 60 
8642.39	9696	22469	27	878	 60 
8167.25	10384	22469	16	247	 49 
8635.08	8675	22469	56	1691	 46 
8864.04	9048	22469	30	1175	 42 
7081.88	9586	22469	49	1648	 42 
7766.22	9506	22469	28	869	 42 
8365.94	9197	22469	38	1443	 37 
7463.73	10111	22469	32	949	 36 
6481.03	12272	22469	56	1730	 25 
8971.9	8919	22469	34	1243	 23 
9250.24	9400	22469	28	778	 17 
8051.94	10102	22469	24	912	 16 
10056.7	8739	22469	55	1738	 4 
8619.22	8755	22469	56	1507	 2 

7285.01	10296	22941	61	2568	 94 
9333.71	9529	22941	26	1595	 94 
10158.8	10370	22941	10	278	 94 
7879.66	12591	22941	31	1827	 91 
9551.85	11939	22941	2	304	 90 
9558.45	10422	22941	19	1380	 86 
7930.92	9965	22941	22	1648	 84 
10148.6	11203	22941	4	166	 82 
9087.52	10583	22941	15	408	 74 
6845.01	11373	22941	59	2489	 65 
8345.26	9782	22941	46	2013	 63 
9082.07	11071	22941	11	333	 58 
10155.8	11437	22941	3	334	 57 
10144	10302	22941	19	1449	 54 
8470.11	11988	22941	1	30	 53 ***
7560.4	10035	22941	58	2245	 46 
8473.49	11985	22941	1	60	 45 
10156.7	11417	22941	1	60	 41 
8471.8	10109	22941	20	1289	 37 
10148.3	10047	22941	21	1298	 28 
10160.9	9994	22941	21	1506	 24 
10148.1	10272	22941	17	1518	 23 
8471.78	10546	22941	17	418	 23 
7890.75	10664	22941	20	1331	 17 
8730.47	9037	22941	45	2231	 15 
9562.82	10944	22941	10	455	 15 
9081.63	11899	22941	10	585	 14 
8534.97	11491	22941	15	952	 12 
7921.07	8612	22941	49	2158	 7 
10150.3	9763	22941	23	1215	 5 
10162.8	9190	22941	25	1712	 1 
10153.5	9499	22941	38	2140	 0 
9086.02	10704	22941	11	355	 0 

8193.08	10161	21496	29	1821	 97 
9490.08	9147	21496	30	1716	 96 
8459.11	9246	21496	23	1656	 94 
7400.48	10284	21496	28	1753	 94 
5606.23	10081	21496	47	2170	 91 
8061.19	10013	21496	31	1866	 87 
6568.23	9665	21496	34	1847	 79 
6400.19	10084	21496	40	1571	 77 
9266.87	10893	21496	7	509	 73 
7597.4	8374	21496	32	1758	 67 
7874.92	8099	21496	43	2111	 58 
8189.93	11991	21496	22	652	 56 
8401.33	11785	21496	2	252	 51 ***
7387.68	9453	21496	59	1545	 35 
7583.3	10214	21496	31	1803	 34 
8194.51	11501	21496	8	424	 34 
7485.57	9329	21496	61	1881	 17 
8093.68	11179	21496	24	1505	 16 
7138.93	9504	21496	61	1987	 13 
8195.67	9695	21496	8	203	 11 
7589.39	9272	21496	64	2307	 7 
6996.76	10317	21496	33	2057	 4 
8095.15	10178	21496	29	2050	 2 
6535.47	9320	21496	64	2307	 0 

6688.07	11207	21882	34	655	 98 
6929.07	10580	21882	27	1168	 94 
7127.85	10074	21882	55	1930	 94 
7413.58	7028	21882	61	2226	 85 
8111.23	11823	21882	3	120	 83 
7127.14	10184	21882	48	1740	 81 
6319.05	10569	21882	59	1907	 62 
8385.79	7542	21882	52	1908	 58 
7256.04	8971	21882	36	1621	 57 
7491	7746	21882	38	1665	 54 
7779.04	10246	21882	14	225	 52 
8302.47	8065	21882	30	1635	 33 
6721.78	11410	21882	28	499	 33 
7178.19	9353	21882	44	1651	 23 
8114.5	11604	21882	3	334	 22 
7511.83	12024	21882	2	90	 15 ***
7303.4	8207	21882	26	1422	 8 
7511.7	12118	21882	5	165	 8 
6441.17	7898	21882	57	1685	 5 

8272.94	14960	24549	26	344	 94 
8272.73	13536	24549	28	1544	 91 
9554.64	11466	24549	29	1534	 90 
8539.68	12341	24549	33	1448	 89 
10146.7	10363	24549	34	1703	 88 
9552.89	11993	24549	28	1233	 86 
9102.19	12879	24549	29	1323	 84 
9094.47	11523	24549	37	1727	 80 
10177.2	12195	24549	24	1029	 79 
9338.03	12675	24549	29	1196	 77 
10148.3	12916	24549	26	1239	 72 
10152.5	12569	24549	23	1096	 59 
10154.3	12271	24549	26	1150	 50 
8473.47	13796	24549	2	45	 49 ***
8742.39	11630	24549	32	1654	 47 
9548.31	13258	24549	10	282	 47 
9338.72	13002	24549	11	263	 46 
9071.24	11801	24549	31	1628	 44 
8146.17	12514	24549	31	1579	 44 
9086.72	12890	24549	28	1557	 42 
9341.46	11283	24549	35	1449	 36 
7647.21	11310	24549	59	2085	 35 
8255.97	10209	24549	58	2156	 33 
9533.49	11585	24549	33	1834	 25 
8739.72	12519	24549	30	1583	 25 
7858.55	11735	24549	34	1123	 24 
9339.12	12071	24549	28	1678	 22 
8745.25	13127	24549	28	1285	 20 
9084.68	12081	24549	30	1261	 19 
8547.89	13483	24549	30	1537	 11 
9546.92	11196	24549	30	1796	 9 
9340.83	13499	24549	7	171	 9 
8754.77	11204	24549	51	1748	 7 
8988.67	10403	24549	52	1931	 7 
8962.16	13316	24549	26	1296	 6 
9550.85	12109	24549	27	1283	 5 
7488.13	13790	24549	61	2123	 3 

9192.67	10214	25922	40	1731	 83 
9207.01	10250	25922	35	1639	 80 
9189.49	10455	25922	39	1794	 75 
8375.57	10837	25922	40	1933	 74 
8261.48	9979	25922	41	1529	 73 
9462.45	9910	25922	39	1805	 73 
7775.6	12319	25922	32	852	 72 
9445.68	10874	25922	34	1193	 60 
9459.77	10740	25922	30	1068	 53 
7761.79	11828	25922	34	825	 51 
9191.55	12238	25922	5	41	 39 ***
7775.98	11295	25922	36	870	 38 
9185.68	9436	25922	64	2438	 22 
10269.5	10283	25922	33	1388	 20 
8385	10748	25922	35	1437	 17 
6579.14	9483	25922	54	1729	 17 
9192.1	10357	25922	37	1265	 16 
9458.59	10391	25922	34	1682	 16 
8383.82	10956	25922	7	90	 13 
10259.5	10526	25922	32	1492	 5 
7769.03	12454	25922	32	813	 0 

