#39	8	112	38	77	22	85	284	82	0	
#23	27	36	32	8	34	170	30	78	309	
#29	4	28	66	0	6	151	289	151	23	
#30	19	9	5	30	90	290	126	0	148	
#61	36	2	56	77	57	45	236	177	0	
#61	44	37	36	60	53	12	102	56	286	
#6	9	42	52	0	58	86	304	167	23	
#52	51	36	48	21	36	219	17	15	252	 ***

20	36	7	56	20	18	215	59	48	208	
34	46	31	1	23	63	141	48	65	235	
24	20	48	136	0	22	250	0	81	106	
48	21	2	47	57	24	101	65	77	245	
0	0	126	58	74	14	204	203	8	0	
40	18	20	51	30	62	201	4	41	220	
54	20	8	52	24	54	54	90	44	287	
19	0	56	36	66	1	100	299	88	22	
34	22	36	88	65	64	282	30	40	26	
54	52	36	64	17	36	161	17	14	236	
40	8	28	20	44	47	102	108	56	234	
0	86	6	42	61	36	278	18	86	74	
22	0	39	37	34	18	64	154	34	285	
54	50	36	44	21	36	74	37	31	304	
52	50	52	60	27	36	144	18	14	234	 ***
0	31	27	22	4	14	0	182	271	136	
37	21	1	14	16	53	109	101	94	241	
50	4	32	49	35	61	120	50	58	228	
55	32	26	53	28	0	101	234	135	23	
32	50	26	50	53	76	15	91	0	294	
0	37	28	22	38	44	282	0	60	176	
4	58	50	26	2	21	294	68	112	52	
38	34	36	27	16	16	117	69	88	246	
18	10	38	22	100	2	119	133	6	239	
52	50	36	68	55	113	70	0	207	36	
25	22	22	24	70	13	117	88	65	241	
62	13	23	6	52	36	182	26	88	199	
48	6	52	30	43	20	199	43	0	246	
18	42	36	32	96	35	44	34	50	300	
52	54	38	44	21	36	116	54	14	258	
68	40	50	0	30	54	288	83	16	58	
48	4	20	34	45	17	175	56	42	246	

29	4	22	6	53	67	192	21	47	270	
29	5	44	52	12	64	75	52	74	304	
12	32	82	39	56	38	113	111	0	228	
54	18	52	76	27	36	112	29	79	228	
74	50	60	34	18	49	26	32	128	240	
50	32	68	0	29	42	116	114	45	215	
45	60	32	22	74	58	283	82	55	0	
62	109	40	0	5	54	100	32	22	287	
52	18	52	66	69	52	104	13	235	50	
42	6	26	18	85	44	187	18	55	230	
52	2	52	80	60	36	104	5	259	61	
48	7	61	47	49	30	104	82	0	283	
12	12	14	38	1	48	52	84	223	227	
56	20	52	60	60	38	114	17	62	232	 ***
23	34	36	8	30	26	207	31	82	234	
32	4	53	55	40	85	100	0	100	242	
21	42	58	27	20	61	49	137	5	291	
50	20	7	61	10	54	120	102	0	287	
22	64	0	53	123	64	261	50	0	74	
73	76	74	42	114	46	0	0	140	146	
70	124	18	0	16	14	163	0	250	56	
46	24	66	41	30	35	131	60	0	278	
14	8	45	38	64	70	37	54	100	281	
52	18	88	60	31	36	112	45	235	34	
8	10	14	70	20	8	146	179	0	256	
56	18	52	30	60	36	128	234	49	48	
90	30	10	122	34	4	28	258	135	0	
36	36	68	0	16	54	39	129	50	283	
60	20	56	62	27	36	67	37	51	295	
40	8	64	24	20	6	167	122	65	195	
20	15	40	8	66	11	106	79	126	240	
56	0	18	20	13	23	82	142	86	271	
2	20	79	4	70	78	262	32	164	0	

20	94	8	10	42	32	36	76	130	324	
36	74	137	103	52	56	251	63	0	0	
66	4	34	48	16	66	62	48	165	263	
2	60	22	36	48	82	0	202	32	288	
20	22	68	66	20	126	182	244	24	0	
54	0	18	62	84	6	276	82	190	0	
0	70	64	40	88	36	310	48	74	42	
2	76	6	44	86	99	136	14	14	295	
56	52	36	52	74	55	78	4	66	299	
40	28	68	94	148	26	258	60	0	50	
34	20	36	60	66	20	100	71	87	278	
92	56	12	0	30	0	26	225	118	213	
6	16	26	42	28	38	145	48	178	245	
88	28	39	60	90	38	34	36	81	278	 ***
40	38	24	32	96	62	80	28	48	324	
28	36	76	50	26	53	70	40	63	330	
88	98	62	22	52	0	83	42	94	231	
108	68	4	38	66	64	37	30	40	317	
4	14	2	8	34	94	190	240	26	160	
34	24	34	58	90	0	88	270	174	0	
76	27	92	84	52	0	38	38	78	287	
18	62	50	64	22	0	82	270	204	0	
82	36	90	38	46	4	34	60	82	300	
58	34	48	52	40	70	83	118	0	269	
63	71	36	44	42	60	252	0	26	178	
10	64	54	32	85	32	132	101	0	262	
60	74	8	18	52	0	150	68	302	40	
88	36	36	62	58	55	54	4	68	311	
14	40	78	2	0	14	162	0	126	336	
161	80	28	16	0	52	22	210	203	0	
36	34	6	42	56	82	113	108	40	255	
70	64	16	86	38	40	46	90	36	286	
8	70	20	26	52	58	34	166	32	306	
8	60	14	56	64	46	170	111	0	243	
40	20	52	92	60	70	12	66	60	300	
0	68	0	24	54	32	290	142	32	130	
18	12	50	78	0	59	104	82	82	287	
18	40	10	0	44	38	106	98	82	336	
34	46	175	0	62	139	198	96	22	0	
48	16	88	66	10	82	116	302	24	20	
20	46	44	52	54	46	54	96	44	316	
56	28	36	60	69	38	70	36	68	311	
56	23	36	52	58	46	45	68	110	278	
26	8	8	38	66	108	146	58	0	314	

6	10	2	70	0	20	0	80	281	233	
14	52	34	36	0	58	62	52	88	306	
84	68	128	0	16	0	272	10	124	0	
34	50	42	52	0	50	0	118	58	298	
10	24	64	34	60	48	0	92	62	308	
47	34	18	80	0	62	79	52	92	238	
166	12	32	56	24	42	0	214	136	20	
68	12	38	52	50	61	99	4	74	244	
0	68	0	187	24	32	68	58	18	247	
26	26	76	38	34	54	83	66	42	257	
32	46	44	40	134	44	36	4	65	257	
56	10	48	56	58	18	98	34	2	322	
72	12	38	52	52	24	86	234	84	48	
54	4	6	64	64	21	132	4	102	251	
2	12	18	44	86	57	112	78	48	245	
54	0	46	12	36	36	100	48	44	326	
80	12	34	60	54	20	286	4	72	80	
10	10	56	58	102	26	18	68	66	288	
42	34	58	52	52	28	26	36	90	284	
54	0	54	26	39	0	72	90	42	325	
136	4	52	16	0	84	32	48	75	255	
28	54	50	40	48	9	120	90	0	263	
54	50	0	34	0	76	160	0	40	288	
60	68	16	12	24	60	14	166	0	282	
32	36	20	52	68	14	94	0	330	56	
12	38	32	0	32	48	42	16	198	284	
4	90	4	82	70	26	26	0	72	328	
0	16	46	4	34	38	82	0	160	322	
68	12	38	84	58	28	279	36	46	53	
4	16	34	10	40	16	76	42	187	277	
78	12	38	60	50	18	286	4	104	52	
0	23	74	38	68	36	114	30	62	257	
96	4	10	38	44	94	0	326	0	90	
70	16	16	56	88	20	34	124	0	278	
100	15	42	52	50	28	24	48	70	273	
8	32	64	60	26	54	142	14	28	274	
36	0	60	36	4	40	292	36	198	0	
0	118	18	34	8	50	292	128	54	0	
116	20	38	52	50	28	24	72	42	260	
60	18	44	2	76	42	78	26	66	290	
54	24	16	72	10	92	38	103	0	293	
0	2	22	108	0	56	78	62	84	290	
70	12	38	56	58	28	24	68	72	276	 ***
8	50	42	4	100	2	40	122	58	276	
14	20	68	52	0	8	40	0	191	309	
10	2	74	104	18	14	86	120	0	274	
26	22	10	47	82	104	114	40	0	257	
65	12	38	52	58	16	92	40	56	273	

12	10	14	8	56	28	114	80	62	269	
110	16	46	64	26	0	6	42	115	228	
52	32	20	20	50	8	32	261	74	104	
48	12	22	54	32	92	138	0	12	243	
4	0	66	32	68	74	6	76	80	247	
72	0	8	0	116	50	24	78	42	263	
70	16	50	86	26	0	6	253	114	32	
10	58	22	0	78	14	59	88	90	234	
16	20	48	32	26	16	56	40	128	271	
66	18	62	60	30	0	4	116	265	32	
22	36	0	0	88	16	208	28	8	247	
34	36	52	0	36	28	96	44	49	278	
28	54	56	0	48	96	0	38	88	245	
60	14	68	28	54	74	0	97	20	238	
31	16	82	90	30	0	40	76	68	220	
66	12	38	56	30	0	38	132	245	36	
88	42	43	60	26	0	28	77	48	241	
66	12	44	60	34	0	24	243	48	122	
56	120	6	36	0	4	243	16	0	172	
82	18	40	16	40	34	38	142	0	243	
10	20	4	48	12	68	14	190	48	239	
72	34	38	56	30	0	28	247	104	44	
64	32	10	12	32	30	12	128	40	293	
68	12	38	72	38	4	12	73	75	261	 ***
44	102	25	38	8	8	34	60	94	240	
62	12	62	96	34	4	40	36	275	32	
4	14	6	130	18	96	112	0	42	231	
12	100	107	0	0	60	36	77	0	261	
0	94	46	0	44	16	12	6	245	190	
19	8	52	52	112	40	36	0	87	247	
82	12	42	64	30	4	233	36	116	34	
44	42	72	118	12	24	40	0	72	229	
62	12	34	56	32	0	10	72	265	110	
66	20	50	64	30	4	22	70	287	40	
0	26	50	0	4	46	55	194	38	240	
30	16	68	36	98	0	22	117	28	238	

4	116	16	44	0	16	8	0	136	233	
52	50	14	56	87	0	36	76	202	0	
36	2	42	74	95	0	0	40	73	211	
36	2	34	72	30	0	0	94	220	85	
93	0	74	22	99	12	0	212	0	61	
68	58	26	8	4	0	42	137	32	198	
16	62	52	99	20	55	187	0	82	0	
12	0	8	40	42	4	178	32	6	251	
45	62	18	24	17	14	36	163	0	194	
36	4	74	72	28	8	0	40	73	238	
72	8	0	6	81	52	106	8	0	240	
44	70	0	14	32	20	109	276	8	0	
17	28	58	48	8	8	155	8	4	239	
36	2	34	72	30	8	0	212	41	138	
12	105	16	2	0	4	92	58	40	244	
4	22	92	36	10	46	140	0	8	215	
36	2	4	48	48	28	23	92	82	210	
50	38	18	24	64	8	0	124	12	235	
84	10	34	72	28	0	0	40	73	232	
94	18	42	74	0	31	26	69	219	0	
36	2	34	82	28	0	0	218	41	132	
10	34	0	28	12	30	122	66	21	250	
36	2	38	72	28	0	18	79	42	258	 ***
22	8	64	0	12	3	69	152	243	0	
36	89	34	80	28	0	0	42	75	189	
8	8	8	50	88	0	242	0	57	112	
36	2	34	72	30	0	24	42	73	260	
32	152	118	18	46	14	119	0	74	0	
10	8	34	9	36	50	144	0	58	224	
44	74	40	12	118	7	0	60	0	218	

56	2	36	95	24	5	0	195	46	104	
32	1	40	68	29	9	22	73	42	247	 ***
24	0	40	77	28	5	52	53	44	240	
111	8	48	45	34	26	58	2	217	14	
20	12	0	26	12	111	66	203	75	38	
8	8	3	12	41	15	90	104	34	248	
63	38	119	16	26	66	67	0	0	168	
40	22	10	27	23	40	10	4	147	240	
34	6	36	76	48	0	0	40	216	107	
12	13	102	65	2	26	151	0	0	192	
80	16	36	76	43	0	0	43	78	191	
8	4	33	28	10	0	211	84	48	137	
4	64	18	10	36	60	24	0	147	200	
4	41	58	18	53	0	140	16	16	217	
25	12	40	106	113	0	0	46	92	129	
22	78	20	8	22	18	0	14	132	249	
45	9	60	82	24	10	80	247	6	0	
100	4	0	48	135	50	0	22	204	0	
0	52	26	0	30	17	148	12	71	207	
31	66	19	6	0	22	0	128	50	241	
29	1	32	68	24	5	56	38	46	264	
72	0	8	57	13	10	234	52	117	0	
32	4	36	74	25	0	0	58	209	125	
32	4	44	68	43	0	203	51	42	76	
1	28	16	30	88	12	0	136	20	232	
12	0	14	4	1	64	34	132	70	232	

16	40	0	78	16	8	37	103	159	242	
93	34	26	16	62	102	91	0	30	245	
40	174	36	6	0	50	118	0	70	205	
156	60	48	68	112	46	0	195	14	0	
48	0	72	68	32	21	31	70	220	137	
36	16	40	73	48	8	52	69	98	259	 ***
55	64	18	49	14	26	161	8	28	276	
160	8	55	60	13	22	119	14	0	248	
48	74	8	0	59	56	189	12	32	221	
73	82	23	21	100	0	50	237	0	113	
33	52	14	24	4	76	261	96	66	73	
0	9	34	78	2	92	235	158	52	39	
42	14	62	14	44	36	0	104	273	110	
12	81	33	44	37	95	0	96	30	271	
16	0	41	104	12	25	207	91	62	141	
14	92	20	9	68	90	162	0	34	210	
32	58	36	0	32	77	271	42	11	140	
105	8	24	86	50	0	0	38	218	170	
68	46	17	93	16	68	74	74	0	243	
108	0	1	56	54	91	83	101	0	205	
66	52	23	76	14	4	0	64	154	246	
28	0	40	92	69	9	59	117	50	235	
9	24	62	32	14	36	267	203	52	0	
36	0	33	92	18	48	109	222	141	0	
64	32	52	24	105	10	125	66	0	221	
10	10	33	37	65	13	62	76	152	241	
0	16	27	38	18	60	101	28	214	197	
20	20	58	20	36	0	72	92	220	161	
0	113	26	25	25	0	42	172	92	204	

65	26	62	108	4	9	4	92	0	231	
0	32	45	18	0	142	45	194	86	39	
13	56	28	63	38	51	224	68	60	0	
0	5	32	42	46	36	45	96	68	231	
36	10	68	4	0	149	11	87	213	23	
0	129	43	73	26	0	69	178	42	41	
64	4	15	39	40	8	0	178	21	232	
76	53	11	39	54	25	56	65	0	222	
28	25	42	49	52	8	28	77	74	218	 ***
12	28	40	52	36	10	72	69	22	260	
31	20	52	81	67	44	0	42	54	210	
16	0	52	82	14	46	0	37	164	190	
75	24	0	42	68	10	215	24	46	97	
18	12	16	8	9	13	102	23	123	277	
8	10	14	61	41	22	0	30	182	233	
24	25	4	20	14	4	18	172	94	226	
16	40	16	16	12	28	140	62	37	234	
26	146	70	24	45	0	0	196	33	61	
12	20	40	24	11	16	22	52	174	230	
0	78	49	59	121	22	0	186	69	17	
41	3	60	60	52	62	219	0	104	0	
29	88	53	89	0	67	33	43	151	48	
54	46	0	0	9	10	62	240	146	34	
62	35	45	45	7	83	0	28	223	73	
32	79	41	12	0	120	32	51	194	40	

0	22	68	26	2	27	257	83	95	0	
30	16	36	0	18	6	191	24	28	231	
8	20	40	50	84	17	36	66	42	217	
76	154	40	74	51	54	0	49	82	0	
96	62	122	5	51	18	69	157	0	0	
166	30	13	0	84	30	0	176	36	45	
50	8	62	30	68	44	0	82	199	37	
33	4	8	85	52	29	208	0	76	85	
8	21	40	48	69	0	78	42	66	208	 ***
8	32	46	44	70	0	36	58	66	220	
28	56	0	0	78	26	8	33	129	222	
8	78	47	24	19	35	0	11	108	250	
28	20	32	18	27	0	30	39	142	244	

59	0	68	65	14	30	54	187	90	0	
58	27	16	39	36	9	101	32	0	249	
58	30	22	0	33	143	0	79	168	34	
15	17	40	26	42	0	242	42	65	78	
31	116	42	12	40	0	46	80	82	118	
46	75	143	28	0	77	108	0	33	57	
90	52	7	48	149	32	24	28	103	34	
0	0	42	110	57	3	227	44	40	44	
6	22	53	12	54	0	80	42	79	219	
26	48	17	20	8	16	134	210	48	40	
70	16	40	22	17	29	68	60	36	209	
17	116	38	2	112	0	28	8	18	228	
24	0	38	10	50	15	0	149	249	32	
6	17	48	23	49	0	80	42	82	220	
8	22	40	25	51	0	84	232	32	73	
32	31	0	7	16	9	14	176	40	242	
6	24	40	13	40	4	52	82	91	215	
6	30	48	16	46	0	73	42	222	84	
127	42	39	77	0	74	0	49	106	53	
17	21	46	10	42	0	78	44	228	81	
6	25	52	16	44	4	70	42	96	212	
6	30	29	26	0	19	20	137	40	260	
4	56	12	33	0	70	6	73	82	231	
18	32	10	59	24	8	246	146	24	0	
45	22	12	40	20	133	29	202	64	0	
10	19	40	12	42	26	38	82	78	220	
19	16	47	75	0	143	80	134	0	53	
4	18	40	24	42	4	95	54	76	210	 ***
54	18	25	19	34	22	212	151	32	0	
35	38	7	26	38	31	127	0	28	237	

0	30	24	91	20	85	11	18	258	31	
32	34	32	32	24	6	248	0	148	12	
16	18	40	52	23	64	52	62	0	241	
34	2	32	2	75	39	28	20	80	256	
42	32	2	88	102	12	53	14	223	0	
30	14	25	26	16	64	23	0	126	244	
31	2	34	14	72	29	12	74	26	274	
33	20	72	0	36	35	71	63	18	220	
4	25	42	40	26	4	45	90	80	212	 ***
6	18	18	2	35	44	130	26	38	251	
0	48	40	16	20	5	206	54	60	119	
8	17	44	19	20	4	45	54	112	245	
47	62	27	26	39	135	65	135	32	0	
53	58	12	15	43	42	59	187	99	0	
66	22	38	37	76	14	32	50	233	0	
6	16	18	98	87	34	34	24	26	225	
14	18	24	3	51	24	17	136	31	250	
27	13	18	72	77	34	20	23	40	244	
10	6	82	15	127	0	49	49	16	214	
40	24	78	27	32	23	51	0	54	239	
44	58	0	82	36	38	42	21	43	204	
0	28	15	14	124	20	39	37	100	191	
0	18	12	42	31	34	9	9	203	210	
13	145	75	32	27	12	0	30	200	34	
4	25	40	23	21	6	87	56	80	226	
26	18	15	112	59	13	74	183	68	0	
45	20	28	58	165	5	0	97	56	94	
57	19	41	14	28	12	52	92	41	212	
18	22	8	58	38	23	73	13	64	251	
97	0	52	18	59	33	0	217	18	74	
20	7	12	14	62	50	53	65	70	215	

32	41	72	15	18	153	119	58	75	71	
56	14	12	34	10	0	8	187	0	333	
38	43	93	23	26	5	59	76	211	80	
35	35	67	51	33	8	55	58	68	244	
16	91	80	2	5	4	94	37	4	321	
4	19	40	38	47	56	46	94	86	224	 ***
6	23	40	34	54	52	91	58	47	249	
0	94	5	16	108	22	36	36	279	58	
34	19	76	20	65	36	47	253	56	48	
170	34	103	0	28	22	126	43	128	0	
8	56	44	43	1	0	28	179	0	295	
0	21	74	19	65	12	51	26	265	121	

69	103	113	133	20	0	0	146	127	6	
14	6	94	18	3	35	155	43	83	266	
0	40	32	50	47	5	87	129	115	212	
10	18	36	71	57	37	102	92	62	232	 ***
7	8	21	21	12	58	83	204	87	216	
4	18	44	46	40	38	75	130	90	232	
0	35	0	64	43	38	55	64	190	228	
0	18	58	53	43	54	75	118	99	199	
44	52	14	11	40	64	89	74	106	223	
3	10	24	83	23	34	10	62	204	264	
16	8	36	8	48	0	103	208	21	269	
0	18	9	54	57	70	59	64	152	234	
42	32	1	4	6	44	170	0	227	191	
16	20	18	70	39	37	167	60	58	232	
16	21	40	53	55	36	47	135	226	88	
11	12	81	110	151	22	12	121	0	197	
74	0	84	19	40	0	247	6	231	16	
105	16	32	59	73	0	62	14	112	244	
2	56	0	48	16	56	336	141	0	62	
26	25	4	73	0	14	31	235	56	253	
1	20	21	42	42	38	47	242	60	204	
18	59	42	23	29	40	62	46	168	230	

72	19	16	49	66	4	111	51	99	235	
4	40	118	104	18	37	81	19	22	279	
19	72	46	54	54	69	0	155	30	223	
56	20	41	6	52	36	166	58	287	0	
32	20	61	12	44	0	39	227	265	22	
98	18	40	66	57	39	46	172	58	128	
36	50	16	0	16	145	32	241	174	12	
60	84	87	0	0	20	85	92	242	52	
88	20	44	0	6	42	47	22	217	236	
35	105	32	30	44	26	157	44	13	236	
36	8	4	40	21	35	42	72	210	254	
12	18	36	76	59	41	50	136	58	236	 ***
73	12	0	14	64	28	58	80	147	246	
66	32	14	22	6	20	26	190	100	246	
34	11	52	40	82	64	0	42	176	221	
47	60	37	88	38	42	221	135	54	0	
65	50	24	37	85	69	11	39	96	246	
6	34	26	50	128	15	40	0	212	211	
10	27	36	66	57	42	46	251	67	120	
49	64	16	22	103	60	122	229	57	0	
0	176	82	75	21	35	51	39	46	197	
62	103	13	32	78	2	272	127	33	0	
6	12	10	58	70	76	61	126	53	250	
47	74	36	58	62	30	19	152	0	244	
8	16	20	114	56	50	112	46	73	227	
25	14	41	55	49	28	168	44	56	242	
20	10	22	46	97	18	165	61	13	270	
48	13	34	53	62	38	77	95	62	240	
103	18	36	66	57	71	46	146	58	121	
30	0	36	32	8	33	49	231	79	224	
10	120	36	78	61	37	46	148	58	128	
10	50	40	66	55	44	126	40	58	233	
129	81	22	68	50	2	36	18	20	296	
29	40	16	77	99	153	59	0	54	195	
27	41	40	2	37	44	40	170	52	269	
12	16	8	70	32	34	237	256	24	33	
6	21	56	15	36	53	89	0	260	186	
10	22	40	70	55	39	46	60	144	236	
108	98	47	0	99	0	52	169	61	88	
16	12	24	50	10	76	187	34	81	232	
48	79	13	67	78	0	222	24	56	135	
58	13	31	20	22	48	112	92	66	260	
16	18	4	111	57	39	50	136	90	201	

16	24	0	88	54	48	31	157	65	205	
92	0	0	44	110	49	30	68	165	130	
30	27	67	8	12	4	196	48	16	280	
20	40	20	10	100	14	11	154	44	275	
10	16	0	52	58	41	245	72	88	106	
34	2	32	32	10	52	53	24	111	338	
32	22	86	20	18	22	9	197	32	250	
15	24	0	64	86	73	36	60	227	103	
95	72	6	60	4	6	74	16	41	314	
10	14	4	16	39	3	145	141	57	259	
8	58	0	32	46	4	203	279	58	0	
76	8	18	71	70	48	22	109	0	266	
24	0	0	69	52	120	60	196	43	124	
26	82	44	46	32	40	11	92	6	309	
0	18	86	122	6	4	24	0	134	294	
64	0	18	0	60	74	0	184	2	286	
8	40	22	50	8	76	7	60	127	290	
4	66	0	57	72	41	30	61	142	215	 ***
46	16	2	52	54	89	31	65	221	112	
138	90	0	22	36	54	32	0	11	305	
45	0	2	68	62	41	216	64	48	142	
24	1	0	50	58	41	32	185	73	224	
0	48	43	0	8	28	232	285	44	0	
16	0	0	52	92	120	65	193	52	98	
0	72	6	26	32	44	73	116	4	315	
2	32	22	120	0	108	0	288	80	36	
44	16	0	72	62	47	28	60	142	217	
20	33	8	187	32	6	50	264	32	56	
12	18	0	52	54	43	43	109	221	136	

106	64	70	18	70	4	48	4	0	295	
20	48	32	10	28	42	16	108	88	287	
88	72	46	0	34	48	50	42	13	286	
111	19	42	26	0	60	29	128	53	211	
4	38	0	18	28	4	27	237	44	279	
16	40	32	0	44	0	31	152	36	328	
0	0	96	8	112	62	316	3	48	34	
4	50	0	40	97	41	204	59	58	126	
42	50	26	8	12	54	8	58	144	277	
68	52	18	14	10	0	76	201	0	240	
24	2	20	40	26	72	38	317	123	17	
4	50	0	48	76	41	33	59	226	142	
4	50	0	77	84	41	29	120	65	209	
2	34	8	26	83	88	17	251	62	108	
38	15	31	0	32	12	52	195	12	292	
0	6	43	10	111	8	34	59	108	300	
33	6	40	84	16	2	94	111	29	264	
4	34	0	48	73	41	29	244	90	116	
20	24	84	26	50	48	50	85	0	292	
106	32	46	38	38	0	48	48	90	233	
0	8	0	42	52	8	225	245	30	69	
12	50	0	42	73	41	29	155	66	211	
58	50	12	44	57	26	194	0	30	208	
32	10	28	32	32	62	8	70	168	237	
22	0	36	65	8	48	0	206	204	90	
32	64	36	82	38	90	22	10	0	305	
4	50	0	46	71	41	131	59	66	211	
32	28	46	8	80	40	64	35	57	289	
104	2	4	42	59	0	298	24	64	82	
4	58	0	40	76	41	49	59	226	126	
64	32	22	42	36	0	0	277	156	50	
58	72	64	14	46	0	78	28	78	241	
4	58	0	40	72	41	139	55	59	211	
4	50	0	40	88	43	33	63	150	208	
36	16	34	12	68	0	68	295	12	138	
8	45	30	20	0	72	50	42	107	305	
4	50	4	56	72	41	37	59	145	211	 ***
4	50	16	44	73	41	29	68	227	127	
10	42	20	34	0	32	32	130	70	309	
82	37	0	28	76	14	24	22	100	296	
4	16	40	44	34	20	36	34	303	148	
20	25	14	56	4	38	52	146	0	324	
2	50	0	42	72	9	43	91	224	146	
18	24	68	32	52	32	79	0	302	72	
20	28	84	0	0	41	22	82	210	192	
0	24	28	14	100	2	56	119	52	284	
0	4	101	56	48	111	0	40	285	34	
4	66	0	39	73	41	29	59	226	142	
34	0	2	56	0	76	0	52	162	297	

99	38	6	80	42	41	33	31	161	123	
8	58	119	36	0	40	4	118	271	0	
40	123	20	92	34	0	40	8	238	59	
4	112	20	14	29	20	25	135	113	182	
22	50	4	60	44	41	39	170	60	164	
36	34	36	52	44	41	93	55	174	89	
0	42	42	16	40	48	6	65	287	108	
0	126	0	42	0	9	38	129	246	64	
4	47	12	52	100	41	125	31	52	190	
38	34	4	46	92	41	149	35	142	73	
2	32	8	78	56	0	32	202	38	206	
0	0	32	2	36	44	196	64	214	66	
32	20	11	73	5	110	110	0	36	257	
8	34	4	89	46	45	31	151	82	164	
0	46	63	12	40	36	68	36	270	83	
50	37	65	19	39	58	0	80	147	159	
21	52	4	10	0	32	36	96	124	279	
48	41	0	24	68	86	0	124	263	0	
16	24	18	32	0	34	140	106	0	284	
4	34	8	100	48	40	97	49	110	164	
32	10	5	74	32	1	68	0	161	271	
105	64	16	92	116	26	0	219	16	0	
12	44	41	2	70	56	52	0	279	98	
4	50	6	64	52	41	37	39	176	185	 ***
4	55	0	8	40	64	20	188	50	225	
0	10	46	68	54	0	234	0	176	66	
80	99	36	0	60	6	55	15	133	170	
16	1	8	4	60	75	116	310	0	64	
12	22	78	16	5	0	38	25	165	293	
0	125	68	8	64	24	13	90	0	262	

2	34	6	32	40	36	16	32	146	216	
18	36	6	36	40	4	20	40	271	89	 ***
0	8	0	98	40	60	0	0	26	328	
64	0	8	36	8	32	0	45	238	129	
12	2	52	36	8	4	88	10	277	71	
0	0	34	0	4	36	0	315	24	147	
2	34	22	34	38	4	32	34	271	89	
2	34	6	32	38	4	85	78	46	235	
40	16	0	70	0	70	84	0	0	280	
34	2	8	14	32	48	117	34	271	0	
2	34	6	32	40	4	20	56	125	241	
20	159	38	8	8	32	217	14	0	64	
88	32	0	4	20	8	136	0	272	0	
2	36	6	32	46	4	20	34	271	109	
10	0	42	64	18	50	8	21	294	53	
4	44	0	20	2	50	28	91	270	51	
0	38	6	32	50	106	20	33	186	89	
2	34	6	48	34	4	30	32	271	99	
0	80	36	0	0	10	32	97	0	305	
0	32	0	44	4	2	0	275	0	203	
2	34	6	40	38	4	20	34	139	243	
0	32	0	2	0	38	171	0	0	317	
8	88	0	0	94	52	318	0	0	0	
0	0	12	12	0	0	0	324	40	172	
76	8	0	0	12	22	0	0	298	144	
8	32	6	4	6	88	16	32	275	93	
0	0	6	24	44	0	0	175	275	36	
6	36	6	28	38	0	249	35	73	89	
16	50	0	0	0	0	86	4	112	292	
2	32	102	0	0	4	70	50	296	4	
0	0	106	2	20	0	40	0	90	302	
2	36	25	28	32	4	138	32	16	247	
20	0	36	8	8	36	0	4	332	116	
84	108	0	0	0	0	256	0	56	56	
14	36	2	72	82	0	0	0	290	64	
0	0	108	32	8	40	0	294	6	72	
0	44	0	14	0	171	0	83	248	0	
48	32	42	0	32	0	8	20	257	121	
2	34	6	32	36	4	30	40	271	105	
12	12	0	188	80	0	0	0	68	200	
6	6	0	0	32	44	20	0	314	138	
4	44	0	0	34	48	32	4	259	135	
0	0	16	0	0	16	24	40	148	316	
2	34	6	34	54	4	132	32	23	239	
179	52	70	0	2	32	217	0	0	8	
40	72	155	16	0	0	56	0	221	0	

0	32	5	40	32	36	16	114	297	96	
48	34	8	0	8	0	135	19	324	92	
48	70	0	72	38	68	8	32	248	84	
44	0	92	68	24	3	32	2	243	160	
16	12	6	29	72	40	71	72	256	94	 ***
0	68	8	8	8	48	261	23	1	243	
66	2	34	33	8	36	32	48	241	168	
20	34	0	60	40	32	71	40	277	94	
50	95	40	4	44	44	36	58	297	0	
44	45	0	57	32	12	100	114	264	0	
28	72	32	60	4	2	124	70	244	32	
0	32	34	110	12	20	0	129	289	42	
48	50	16	0	0	32	144	121	257	0	
28	0	66	44	73	0	50	40	301	66	
20	40	4	0	0	74	164	34	241	91	
33	48	40	34	0	100	84	8	299	22	
40	36	30	0	64	70	40	94	294	0	
44	36	8	4	4	40	108	92	314	18	
72	36	18	0	72	8	0	77	266	119	
36	50	0	152	48	0	13	52	299	18	
52	64	76	36	0	36	149	8	237	10	
44	40	0	108	2	0	0	237	237	0	
54	33	16	20	79	0	0	82	236	148	
36	8	52	6	5	38	137	76	310	0	
32	12	4	0	52	32	11	192	249	84	
48	12	0	92	40	0	22	40	300	114	

46	5	0	66	49	106	112	45	284	0	
16	32	32	54	36	142	58	46	262	35	
18	5	12	20	102	32	98	80	234	112	 ***
0	32	37	32	46	78	146	102	240	0	
68	0	0	0	0	64	72	0	283	226	
56	0	0	36	68	72	139	72	226	44	
32	2	4	18	96	32	121	72	228	108	
0	84	66	32	40	106	41	80	264	0	
35	4	48	24	68	4	191	64	235	40	
0	4	66	0	16	72	237	32	234	52	
12	98	32	2	36	64	53	260	116	40	
68	4	0	76	0	35	125	68	241	96	
44	20	64	72	4	86	36	0	269	118	
78	58	32	0	45	0	12	142	272	74	
0	20	70	33	16	40	40	220	229	45	
75	32	32	88	40	56	61	0	257	72	
0	36	78	32	86	68	46	72	258	37	
16	64	82	6	55	68	49	64	267	42	
36	7	68	6	0	64	76	50	264	142	
76	6	56	73	0	84	112	42	264	0	
2	0	0	72	32	129	120	0	235	123	
32	65	34	16	72	0	0	40	192	262	
0	42	167	4	62	68	0	0	238	132	
88	80	0	61	73	0	80	100	231	0	
38	36	32	0	52	32	74	140	267	42	
44	40	32	20	78	70	0	64	268	97	
40	32	54	0	36	0	198	84	237	32	
48	2	4	12	66	72	92	87	234	96	
16	86	34	52	40	0	0	132	269	84	
8	72	0	16	140	0	72	194	211	0	
40	0	50	85	40	0	42	0	248	208	
9	24	10	8	75	66	66	111	272	72	
0	0	18	0	36	64	159	100	282	54	
52	3	4	68	74	32	98	72	234	76	

40	0	52	12	42	35	30	108	229	134	
0	13	92	52	0	32	0	61	268	164	
106	58	38	0	32	13	96	0	262	77	
0	2	8	0	66	92	0	64	307	143	
28	21	12	9	70	32	72	88	274	76	 ***
70	36	17	48	42	41	32	72	324	0	
38	36	0	12	70	110	72	106	238	0	
28	8	0	140	37	77	22	84	270	16	
18	4	14	12	74	32	56	85	266	121	
130	160	66	0	0	15	2	49	260	0	
16	2	12	14	114	40	86	73	279	46	
30	2	20	64	8	142	96	32	266	22	
8	0	0	48	34	0	82	209	282	19	
0	6	2	8	65	0	174	32	297	98	
0	40	0	0	132	48	173	289	0	0	
64	0	32	40	0	22	302	0	23	199	
72	76	66	53	40	0	0	0	290	85	
16	0	64	0	8	183	8	122	281	0	
2	6	54	85	104	0	34	37	270	90	
0	0	0	51	64	6	210	68	0	283	
96	23	0	36	44	159	0	75	249	0	
0	20	0	0	0	32	295	160	175	0	
68	48	0	4	32	5	6	241	278	0	
48	0	40	34	73	64	128	0	295	0	
40	174	24	0	32	0	0	136	242	34	
18	7	12	16	72	32	85	80	266	94	
42	40	0	36	0	0	32	32	231	269	
14	40	86	8	40	80	15	32	268	99	
26	36	12	21	74	33	36	80	278	86	

6	0	16	0	40	14	275	32	228	32	
66	165	16	40	64	0	32	6	254	0	
14	34	12	5	66	0	75	62	283	92	
0	8	0	24	0	16	80	160	347	8	
18	24	12	5	82	0	75	56	283	88	
0	66	34	16	0	0	0	192	303	32	
0	58	54	17	46	0	117	36	268	47	
112	1	0	76	8	0	46	101	299	0	
40	2	33	56	48	0	52	82	330	0	
8	0	24	0	40	2	84	0	236	249	
32	4	62	117	24	0	71	41	284	8	
12	18	12	21	66	0	90	57	283	84	
0	14	84	68	0	52	144	0	281	0	
0	0	132	40	0	0	14	0	248	209	
16	10	0	20	72	0	199	52	274	0	
16	2	32	8	116	82	0	84	272	31	
10	18	20	9	42	2	66	48	294	134	
0	0	80	1	0	18	52	19	278	195	
0	0	24	38	0	8	8	170	323	72	
0	116	102	0	72	38	9	16	290	0	
0	72	148	0	58	112	0	0	241	12	
58	4	62	27	40	6	32	106	263	45	
4	10	8	8	72	2	0	40	349	150	
14	18	14	13	66	8	74	77	282	77	 ***
0	0	0	159	68	40	74	278	0	24	
0	16	8	42	0	36	43	0	328	170	
40	12	72	0	32	8	40	0	231	208	
0	0	16	44	70	2	0	166	8	337	
10	0	8	25	0	54	34	0	327	185	
40	96	0	4	0	74	116	31	282	0	

18	30	12	9	84	5	70	96	287	103	
0	39	100	0	58	72	0	241	19	185	
40	35	38	16	4	34	86	69	304	88	
24	19	80	12	84	80	54	18	286	57	
28	104	42	76	0	61	0	0	237	166	
24	32	0	8	34	72	12	326	24	182	
11	167	6	32	40	50	40	96	272	0	
0	66	79	2	125	0	26	102	281	33	
25	6	24	64	0	72	31	164	259	69	
124	0	9	39	50	0	0	179	245	68	
8	55	153	25	80	82	0	80	225	6	
16	8	0	12	40	42	180	306	68	42	
54	84	48	77	25	76	0	30	236	84	
52	2	16	44	4	2	313	0	78	203	
37	0	14	18	84	56	70	0	249	186	
35	32	66	36	0	22	224	37	262	0	
114	0	75	30	24	52	52	96	271	0	
0	44	32	38	20	76	36	70	278	120	
42	98	28	0	78	4	49	119	296	0	
0	160	58	62	10	40	82	46	256	0	
0	0	38	0	104	42	36	194	268	32	
38	44	32	44	48	16	0	64	159	269	
38	18	48	42	122	2	32	76	268	68	
0	108	49	16	38	0	40	44	252	167	
24	22	68	0	0	0	48	240	288	24	
104	2	0	15	0	60	84	76	268	105	
0	10	129	22	0	4	290	46	213	0	
14	24	29	47	66	4	72	72	290	96	 ***
46	88	26	2	5	0	26	158	287	76	

8	0	88	0	0	95	29	294	199	55	
18	56	0	150	36	65	8	112	68	255	
2	0	36	40	20	0	79	209	267	115	
10	42	53	40	32	26	115	154	285	11	
12	24	9	62	32	44	64	138	276	107	
21	72	0	66	116	32	242	13	8	198	
44	13	32	85	83	32	0	114	286	79	
79	26	68	54	11	36	0	121	248	125	
12	54	17	46	64	4	120	64	280	107	
12	34	41	47	96	7	117	72	247	95	 ***
24	9	133	2	2	96	0	72	209	221	
80	44	16	56	32	80	32	92	273	63	
68	84	50	36	20	0	156	88	266	0	
63	14	52	0	34	4	74	149	281	97	
66	82	0	50	32	35	44	32	279	148	
36	76	38	72	0	76	4	0	248	218	
41	40	36	38	85	4	24	219	233	48	
73	4	26	81	71	102	66	81	264	0	
35	52	16	89	36	34	147	0	262	97	
12	158	9	81	32	4	64	97	220	91	
80	32	36	4	16	27	86	38	273	176	
0	22	50	120	53	0	102	276	145	0	
26	2	4	17	92	110	66	100	273	78	
65	64	2	2	54	6	51	221	40	263	
48	0	83	42	40	8	48	76	277	146	
0	98	89	124	21	0	92	29	255	60	
44	25	9	79	97	4	68	72	113	257	
12	22	9	79	64	108	69	88	127	190	
12	24	10	46	96	20	68	121	280	91	
0	2	54	97	34	133	27	145	276	0	
146	108	0	0	106	0	22	124	257	5	
0	40	18	104	81	10	22	252	225	16	
0	44	9	82	64	94	214	26	227	8	
133	0	42	8	0	65	112	93	48	267	
90	4	98	32	41	48	48	36	66	305	
70	95	64	49	2	4	36	111	280	57	
81	70	0	0	2	34	65	217	291	8	
152	0	0	66	50	44	41	134	0	281	

