#316	27	297	261	511	76	412	968	795	67	 ***
#260	322	510	8	0	30	1023	1004	36	537	
#395	332	84	427	228	484	282	1023	0	475	
#342	80	480	0	0	511	989	194	166	968	
#194	144	0	0	376	61	678	1023	995	259	
#328	274	14	278	511	347	368	908	328	374	
#134	72	12	124	122	184	381	1023	676	1002	
#274	427	290	88	396	259	725	1023	248	0	
#0	501	506	244	509	91	24	793	39	1023	
#423	23	16	53	179	0	720	980	313	1023	

190	27	312	261	30	240	168	1023	199	937	
16	0	274	305	53	419	408	1023	14	875	
205	27	297	261	60	76	417	1023	794	227	
15	45	45	305	511	12	306	1008	396	744	
190	27	297	383	46	84	316	1023	817	204	
392	16	35	0	422	511	0	949	568	494	
132	107	366	0	511	305	183	871	0	912	
186	27	297	383	30	84	453	94	810	1023	
190	42	312	266	30	84	427	303	710	1023	
91	24	503	0	335	265	0	1023	131	1015	
205	359	0	152	171	357	211	1023	630	279	
0	149	69	121	511	417	553	1010	305	252	
8	393	15	19	46	324	789	1023	646	124	
264	0	297	57	277	366	1023	276	827	0	
69	396	435	370	38	38	56	1022	385	578	
401	176	0	14	289	46	734	1023	316	388	
128	186	23	282	305	130	815	361	134	1023	
312	27	305	261	45	106	420	94	794	1023	
190	27	309	269	46	76	526	1023	794	127	 ***
255	377	294	384	0	0	443	1023	162	449	
179	27	252	291	30	91	651	1023	557	286	
320	76	267	261	30	84	404	1023	550	372	
344	19	114	156	357	385	645	1023	0	344	
511	0	167	5	374	496	263	1022	0	549	
312	27	297	306	38	76	404	110	794	1023	

362	160	389	84	422	511	226	923	0	374	
186	35	279	25	45	84	771	378	625	1023	
483	412	324	53	38	95	1023	820	203	0	
220	27	287	25	45	136	549	1023	793	346	
186	27	35	511	130	321	526	565	794	356	
205	27	279	330	45	76	526	1023	579	361	
194	27	309	33	45	76	526	1023	564	654	
364	441	274	271	331	0	0	1023	219	528	
186	271	309	55	45	76	534	1023	809	143	 ***
186	42	309	269	45	76	534	173	794	1023	
75	214	0	77	374	85	897	1023	195	511	
473	61	400	0	75	0	338	1023	970	111	
151	4	319	269	0	335	1023	114	309	927	
244	455	34	0	168	385	797	301	1022	45	
385	126	175	347	0	68	188	814	1023	325	
15	20	293	267	421	357	1023	46	0	1009	
137	0	353	126	415	46	277	1023	645	429	
193	212	64	319	0	293	298	1023	549	500	
333	129	511	0	190	343	437	1011	497	0	
393	397	16	16	182	53	1023	371	635	365	
53	438	305	247	198	391	423	1023	373	0	
293	130	275	274	306	182	922	0	47	1022	
99	191	23	252	145	202	879	1023	637	0	
186	27	279	25	99	76	526	356	854	1023	
198	27	309	25	45	91	534	376	823	1023	
138	293	274	138	30	290	406	1023	324	535	
418	198	286	72	282	176	268	1023	728	0	
182	183	502	20	45	15	526	398	557	1023	
15	38	30	442	197	50	152	1023	828	676	
23	45	15	4	429	160	348	1023	992	412	

175	450	282	511	420	0	928	575	0	180	
167	302	256	68	289	187	483	1023	625	121	
16	61	141	511	332	60	0	913	591	896	
171	80	304	357	0	183	633	1023	412	358	
182	271	256	235	45	76	438	1023	809	186	
155	298	267	404	156	487	232	1020	365	137	
0	323	214	171	151	285	804	1023	192	358	
227	271	378	53	45	76	656	197	595	1023	
19	152	0	168	423	174	1020	716	83	766	
358	484	316	415	404	304	252	898	0	90	
511	397	507	452	467	305	313	0	0	569	
167	504	271	83	75	76	473	1023	565	284	
113	504	205	0	68	349	1022	796	182	282	
236	118	389	510	400	357	0	161	327	1023	
182	271	309	53	105	80	206	1023	931	361	
8	0	30	189	511	486	250	1019	731	297	
236	274	152	313	510	0	128	701	1021	186	
357	167	453	350	8	439	0	1023	420	304	
457	148	397	45	213	511	980	770	0	0	
167	271	256	53	45	410	472	125	702	1020	
360	319	151	40	114	129	438	1023	947	0	
0	90	83	511	0	84	232	806	1015	700	
465	396	0	334	31	182	130	1023	831	129	
168	45	511	335	297	84	1019	53	1009	0	
460	272	279	53	45	198	388	1023	565	238	
167	271	317	175	45	106	416	1023	580	421	
99	326	0	456	506	126	316	1022	597	73	
426	36	493	0	94	145	732	1023	164	408	
294	0	121	289	0	302	597	484	411	1023	
351	137	107	0	441	417	334	399	1022	313	
167	271	382	68	45	136	624	362	443	1023	
171	361	256	53	45	258	427	362	565	1023	
370	510	252	319	0	450	198	113	962	347	
167	272	256	53	293	258	656	1023	336	207	
258	27	0	396	0	137	999	1023	255	426	
31	0	216	511	342	507	68	518	1020	308	
229	509	304	457	77	327	415	0	182	1021	
137	24	15	68	75	404	638	968	171	1021	
81	403	0	135	374	60	358	1021	918	171	
167	331	257	57	75	80	1023	671	625	235	
0	509	381	366	20	273	466	1023	308	175	
182	271	264	53	45	136	731	1023	565	251	 ***
264	274	114	399	0	60	799	1021	187	403	
0	198	434	458	0	75	845	1023	31	457	
17	275	0	0	350	136	1023	207	694	819	
186	271	309	57	45	106	534	425	565	1023	
68	60	488	0	511	152	152	1023	953	114	
156	76	45	304	16	114	320	1021	1004	465	

163	27	392	349	164	0	266	1023	243	305	
128	339	109	291	76	335	274	1023	0	357	
174	0	0	197	105	388	0	1021	176	871	
76	27	264	45	34	75	738	1023	313	337	
411	15	49	236	358	80	492	1020	271	0	
388	0	90	292	0	16	0	525	1021	600	
0	23	34	167	0	15	135	1022	1012	524	
143	396	385	511	68	0	350	61	0	1018	
30	27	355	45	30	75	502	1023	313	532	
0	380	511	488	233	15	186	53	1006	60	
15	27	264	75	30	75	742	232	449	1023	
171	438	42	72	0	38	370	1023	531	247	
91	27	287	45	30	75	783	1023	313	258	
360	0	0	417	428	90	0	1023	202	412	
15	27	264	45	30	75	1023	379	313	761	
30	15	68	68	224	75	960	1023	366	103	
0	76	0	199	274	511	541	858	98	375	
15	89	271	75	30	75	799	1023	313	242	
20	65	172	75	246	327	595	1023	0	409	
155	511	68	319	60	4	76	617	923	199	
152	105	350	191	0	147	320	1020	198	449	
30	27	264	45	30	75	878	247	313	1023	
30	88	264	45	47	75	791	1023	313	256	 ***
186	486	76	221	0	38	223	1023	411	268	
190	511	399	450	20	0	374	988	0	0	
75	27	264	45	30	75	727	1023	419	247	
15	27	280	47	30	105	731	1023	358	316	

182	15	105	0	0	90	873	1023	379	103	
150	0	150	166	30	0	0	919	335	1020	
105	75	30	0	0	338	60	1023	136	1003	
30	148	256	45	120	90	494	1022	358	207	
8	30	121	128	417	0	0	1023	624	419	
196	99	379	0	0	105	158	1023	349	461	
511	90	94	0	90	0	1013	105	76	791	
30	103	286	45	75	90	569	1022	358	192	
241	350	30	38	139	0	530	1023	252	167	
45	73	301	90	60	90	539	191	358	1023	
182	30	120	45	30	0	274	1022	109	958	
60	88	256	30	90	75	502	1023	469	177	
90	88	256	45	135	120	479	1022	99	436	
30	289	113	181	0	45	920	170	0	1022	
45	88	12	75	105	105	577	389	351	1023	
38	135	289	105	165	0	1021	1017	0	0	
30	208	264	90	120	105	517	344	69	1023	
105	15	68	90	456	136	441	1022	403	34	
45	178	286	45	75	106	517	426	69	1023	
30	151	60	166	409	30	841	1023	60	0	
30	178	256	30	75	120	487	1023	84	487	 ***
72	83	90	60	75	23	603	1023	308	433	
60	118	271	90	106	150	532	351	69	1023	
53	413	99	76	15	304	135	1023	517	135	

121	357	91	83	0	45	654	1023	109	197	
53	244	94	118	329	183	220	1023	416	0	
166	91	365	0	64	76	290	1023	605	0	
15	148	256	75	45	60	464	1023	334	260	
90	350	75	30	32	0	0	121	1023	959	
163	45	30	0	30	105	120	1023	901	263	
0	511	121	0	30	60	304	999	0	655	
15	445	99	32	0	486	75	1023	415	90	
30	146	256	60	45	60	472	382	206	1023	
15	53	274	0	60	387	221	1023	435	212	
511	148	256	0	75	152	498	136	328	576	
91	189	164	90	79	334	677	1022	34	0	
0	106	305	30	21	62	120	1023	911	102	
106	0	171	38	379	60	426	1023	243	234	
0	75	15	509	30	0	996	32	1023	0	
0	141	91	121	60	23	293	928	0	1023	
82	60	0	365	68	60	0	1023	916	106	
30	152	256	30	75	60	483	1023	313	258	 ***
45	15	121	159	15	0	381	1023	732	189	
67	150	30	0	91	105	1009	1023	0	205	
274	30	2	15	15	271	30	1023	975	45	
4	30	68	159	274	5	295	1023	822	0	
136	106	180	45	45	0	15	1023	521	609	
45	60	335	362	152	90	231	1023	382	0	
91	60	90	0	90	91	963	1023	30	242	
273	30	304	0	45	30	30	0	945	1023	
105	15	30	166	0	45	1023	1007	30	259	
68	377	75	228	349	511	204	868	0	0	
83	30	76	289	47	181	183	1023	60	708	
45	118	256	30	47	60	479	1023	362	260	
30	178	256	30	45	66	464	1023	328	260	
30	163	256	30	45	60	472	410	191	1023	
112	507	502	30	91	79	336	1023	0	0	
341	213	226	57	83	83	167	1023	487	0	
45	45	106	120	1	19	972	1023	30	319	
30	163	256	30	45	90	472	380	191	1023	
0	34	334	30	34	211	639	1022	250	126	
265	98	511	120	0	0	701	921	64	0	
121	64	0	75	129	45	181	1023	723	319	
274	30	75	91	15	75	1003	1023	45	49	
394	15	19	98	0	384	137	1023	199	411	
113	35	34	274	0	61	533	1023	151	456	
197	30	511	0	30	364	548	0	15	985	
15	319	60	72	92	120	30	1023	949	0	
136	0	120	53	21	109	914	1023	0	304	
30	159	256	32	61	60	1023	586	84	389	
15	144	252	45	45	45	494	548	69	1023	
159	15	143	75	38	212	955	1023	60	0	
1	107	136	165	30	259	30	1023	914	15	

15	263	60	0	155	75	1023	857	95	30	
34	49	511	365	60	34	0	0	523	997	
186	49	35	110	274	0	1023	0	821	75	
274	137	60	502	60	180	38	1023	299	0	
49	0	94	109	338	31	0	747	1023	182	
60	349	155	0	49	68	15	1022	60	795	
53	111	0	0	151	373	598	1023	234	30	
90	121	76	214	105	23	627	1023	294	0	
511	278	75	0	64	156	124	937	428	0	
61	511	94	0	75	90	15	411	327	989	
487	38	504	45	45	30	0	79	323	1022	
34	105	226	34	171	34	293	1022	304	350	
83	511	49	0	385	278	966	198	0	103	
36	182	256	0	75	83	364	485	69	1023	
60	278	91	79	34	19	75	1023	45	869	
45	153	275	0	105	64	334	317	257	1023	
98	274	0	511	304	297	0	610	216	263	
106	105	80	42	60	60	278	1022	730	90	
15	170	256	0	105	90	372	298	1023	244	
30	0	200	139	511	373	318	683	0	319	
15	170	257	4	64	45	501	275	1023	219	
0	23	30	60	15	124	1023	399	899	0	
60	144	289	72	216	411	0	1023	191	167	
121	87	95	211	91	373	0	0	572	1023	
64	153	256	0	75	79	349	1023	73	501	
60	148	260	0	105	72	334	1023	99	472	
15	259	114	120	113	0	750	1023	15	164	
65	91	98	440	412	38	173	1023	0	233	
34	150	23	76	64	30	181	1023	734	258	
488	19	64	94	30	30	672	1022	30	124	
15	155	260	0	76	79	477	293	1023	195	
53	167	271	0	75	72	364	495	53	1023	
30	511	364	75	19	45	1010	94	425	0	
166	105	49	143	98	196	283	1023	0	510	
15	152	256	0	105	90	327	393	1023	212	
30	334	267	307	60	162	125	1023	176	89	
30	152	257	19	79	105	355	1023	343	210	 ***
75	274	19	109	45	511	323	1021	45	151	
45	75	90	4	8	0	122	308	898	1023	
61	19	19	0	94	379	763	1023	4	211	
42	76	259	158	91	17	440	1023	286	181	

40	0	131	297	288	0	304	1023	802	158	
94	141	8	275	166	110	244	895	87	1023	
15	133	252	49	511	75	353	616	311	728	
16	151	252	259	201	60	354	578	149	1023	
60	113	34	306	64	244	187	1023	0	1012	
131	136	370	149	27	34	948	1023	0	225	
197	131	0	60	53	60	323	1023	308	888	
0	64	372	291	502	0	342	173	1023	276	
15	151	252	23	170	93	323	1023	813	180	
258	143	312	274	90	276	286	381	1023	0	
30	159	267	47	87	105	368	1023	343	614	
165	282	255	15	38	0	1023	717	144	404	
347	15	47	121	480	353	288	65	304	1023	
105	211	17	158	60	293	1023	533	143	500	
24	212	252	45	261	319	383	364	160	1023	
383	8	116	34	293	319	553	1023	113	201	
335	361	45	45	65	0	1023	64	179	926	
308	151	501	98	228	486	161	87	1023	0	
90	119	511	61	379	253	135	30	1008	457	
276	45	1	409	75	304	762	1023	80	68	
24	506	433	186	265	0	150	1023	308	148	
48	357	170	213	125	120	189	152	1023	646	
36	201	0	34	407	158	265	874	45	1023	
126	90	159	202	69	79	297	1023	246	752	
75	30	75	305	511	327	327	259	152	982	
238	406	59	511	0	0	934	261	316	318	
90	334	108	60	227	141	267	60	733	1023	
276	243	40	380	77	109	0	653	242	1023	
422	68	293	105	397	42	262	1023	249	182	
156	294	226	349	0	280	260	1023	162	293	
364	73	384	440	189	135	0	1023	277	158	
226	49	32	0	54	334	357	1023	439	529	
30	460	252	76	139	83	339	1022	417	225	
15	194	252	267	140	60	461	1023	413	218	
9	97	263	49	418	16	379	1023	577	212	
30	129	267	319	201	84	353	1023	419	218	 ***
32	90	135	299	289	46	1023	673	312	144	
295	381	185	305	511	439	0	630	297	0	
186	180	117	295	197	511	1014	0	0	543	
336	181	289	60	38	120	0	1023	94	902	
171	339	79	113	49	46	993	1023	185	45	
435	471	0	75	79	71	323	166	1023	400	
126	30	86	61	45	102	1023	802	0	768	
34	46	224	418	395	49	182	539	133	1023	

91	121	252	259	209	69	338	363	168	1023	
245	511	54	0	105	510	105	1013	350	0	
17	0	364	105	39	502	0	706	137	1023	
45	121	0	321	511	69	323	283	986	234	
125	53	166	0	304	475	1022	165	583	0	
8	511	0	350	45	15	49	810	94	1011	
16	121	267	259	156	70	323	470	1023	188	
23	83	271	461	0	90	225	107	1023	610	
110	15	151	409	60	441	118	1023	396	170	
15	144	252	259	171	129	323	1023	327	250	
96	136	0	291	75	312	263	1023	160	537	
60	287	433	8	106	108	366	1023	282	220	
224	4	297	132	60	351	621	0	1023	181	
122	339	23	94	338	15	769	1023	170	0	
91	121	252	259	201	84	414	1023	168	280	 ***
440	68	171	45	0	120	623	1023	373	30	
3	95	312	45	205	0	225	1023	346	639	
15	121	252	511	224	68	323	349	229	801	
106	197	38	356	0	368	169	1023	472	164	
55	186	312	98	274	267	197	1023	284	197	
133	165	32	0	282	0	410	728	1023	120	
16	121	252	259	231	91	338	394	168	1023	
511	0	377	45	38	220	86	604	1012	0	
151	16	282	34	511	161	45	342	1005	346	
16	121	0	289	511	68	319	587	854	128	
511	257	276	354	5	113	0	379	998	0	
456	365	150	267	38	191	121	1023	180	102	
16	121	313	259	201	113	331	1023	160	356	
69	60	292	511	304	174	0	655	631	197	
447	0	49	276	212	0	42	1023	729	115	
17	194	8	503	201	70	323	1023	366	188	
79	47	259	252	113	49	174	1023	642	255	

178	53	48	316	243	511	84	829	298	0	
70	114	53	79	136	69	0	1023	327	689	
60	279	335	109	240	61	208	0	1023	245	
175	105	90	209	83	136	461	1023	278	0	
198	19	30	0	98	94	102	1023	114	882	
220	90	182	228	117	68	344	1023	288	0	
45	120	197	449	15	510	193	997	0	34	
45	101	211	8	23	0	76	1023	109	964	
12	0	227	15	105	68	1019	83	8	1023	
38	121	152	60	45	53	414	282	1023	372	
324	165	0	511	0	226	136	609	220	369	
53	61	83	511	55	64	675	994	64	0	
34	121	0	60	124	61	418	1023	374	345	 ***
61	90	106	0	430	20	200	1023	536	94	
97	23	128	0	243	134	109	1023	274	529	
75	511	0	145	83	36	0	113	574	1023	
265	0	511	0	280	14	339	745	286	120	
154	30	66	271	511	125	937	376	0	90	
91	95	0	38	83	53	474	329	374	1023	
261	318	511	21	110	0	0	110	222	1007	
49	136	0	15	75	235	418	1023	256	353	
486	490	64	192	46	19	53	1023	187	0	
138	127	75	216	128	145	323	1023	385	0	
30	129	0	15	104	68	482	320	389	1023	
511	0	84	93	124	0	436	98	1022	192	
402	74	45	97	265	113	205	1023	336	0	
79	136	91	213	0	97	76	1023	313	532	
511	207	150	0	294	0	96	99	306	897	
34	125	30	30	75	61	414	1023	458	310	
99	391	361	112	105	0	267	202	0	1023	

46	140	19	60	60	76	399	1023	389	224	 ***
511	121	0	60	60	91	403	592	382	216	
121	186	60	499	64	54	51	25	1023	353	
145	75	87	99	30	32	842	1023	88	15	
19	136	0	60	60	84	403	419	1023	232	
137	165	0	320	87	57	587	1023	0	60	
8	30	0	12	151	94	1023	42	162	914	
511	12	109	34	34	34	1022	575	0	105	
30	64	62	155	98	0	61	1023	30	913	
0	102	87	8	510	70	46	1023	134	456	
80	121	0	60	79	61	422	1023	252	338	
57	54	318	511	0	267	0	94	392	743	
152	111	105	30	49	64	789	1023	45	68	
45	121	0	90	60	35	399	376	287	1023	
72	179	38	0	55	19	907	1023	68	75	
15	151	0	60	75	73	399	385	255	1023	
511	123	61	125	274	47	1017	0	0	278	
45	121	0	118	60	61	415	326	267	1023	
80	136	0	60	60	511	399	592	382	216	
414	76	0	15	511	100	159	1023	138	0	
500	42	25	46	152	29	60	1023	84	475	
0	122	60	42	72	119	15	259	724	1023	
186	511	38	12	109	45	449	1020	62	4	
38	34	60	0	205	0	834	1023	72	170	

31	140	19	32	94	61	414	358	305	1023	
511	120	136	80	73	284	385	144	744	0	
83	156	60	86	511	103	186	297	995	0	
30	21	148	78	0	104	12	1023	158	903	
50	119	152	98	0	84	750	1023	77	124	
349	77	323	133	233	137	123	79	1023	0	
31	147	19	60	75	118	395	1023	259	350	
511	50	15	122	186	31	458	1021	0	83	
124	0	190	59	20	109	796	1023	53	103	
109	193	99	348	133	117	64	1023	391	0	
0	98	99	0	87	195	212	361	402	1023	
68	435	75	180	89	124	338	1023	4	141	
83	25	60	70	252	4	1023	735	87	138	
48	0	198	79	35	145	873	1023	57	19	
15	140	38	64	83	80	399	1023	274	361	
22	38	240	511	0	102	1016	198	320	30	
0	65	511	165	140	12	457	151	976	0	
15	142	20	45	60	114	407	1023	331	320	
128	69	30	134	511	0	529	1016	45	15	
50	162	156	64	157	511	0	0	499	878	
39	144	19	72	60	114	399	340	267	1023	
0	62	107	65	95	53	147	1023	891	34	
110	34	185	145	356	179	49	1023	396	0	
128	511	23	103	61	160	455	927	109	0	
34	140	19	53	60	76	395	327	1023	350	
31	140	19	53	76	76	414	1023	421	224	 ***
0	19	511	8	159	68	70	1020	164	458	
31	141	19	57	64	91	457	1023	385	209	
34	193	19	63	60	88	399	339	259	1023	
59	223	240	0	125	64	369	370	4	1023	
480	30	31	71	487	163	83	1023	64	45	
15	144	38	45	60	91	414	1023	423	224	
50	200	75	98	136	504	0	1023	323	68	
35	81	23	53	90	106	399	1023	320	347	

511	334	163	4	178	90	0	0	270	988	
106	95	23	53	182	151	439	381	85	1023	
32	76	45	64	511	130	15	579	1020	66	
105	125	19	74	87	275	536	1023	104	190	
216	372	173	503	107	0	1023	37	107	0	
53	274	0	203	511	0	314	1021	100	62	
90	95	19	238	154	128	494	212	85	1023	
0	21	15	151	141	47	1022	932	64	145	
0	186	142	69	208	484	0	350	76	1023	
149	205	297	0	0	511	750	129	113	384	
223	140	123	77	80	0	188	684	0	1023	
94	415	32	465	23	156	68	1023	184	78	
40	95	19	362	135	61	414	1023	17	372	
49	40	8	76	106	138	293	1023	677	128	
54	94	80	177	127	31	565	340	47	1023	
45	95	27	175	337	76	443	1023	85	232	 ***
61	120	267	17	10	184	117	1023	694	45	
129	239	46	282	130	139	380	1023	170	0	
30	232	79	116	257	132	413	231	25	1023	
91	285	66	44	284	511	152	953	152	0	
458	183	179	81	141	57	306	1023	0	110	
98	152	66	0	511	267	306	117	1021	0	

64	37	23	331	305	15	195	1023	119	877	
511	140	222	509	219	508	776	104	0	0	
75	42	23	175	448	138	496	264	305	1023	
49	4	72	175	328	64	633	1022	329	313	
200	60	48	255	132	182	860	1023	78	151	
27	75	94	0	199	510	800	1023	171	90	
0	313	46	120	45	308	759	1023	196	179	
60	34	68	360	370	75	357	1023	165	477	
60	34	25	297	511	30	477	1019	241	295	 ***
30	36	23	205	366	19	195	1023	963	129	
106	246	21	64	0	504	87	862	76	1023	
130	145	182	85	49	166	288	921	0	1023	
387	15	183	511	30	61	529	1023	49	201	
61	110	12	132	53	64	249	1023	997	288	
147	276	212	89	0	120	160	1023	130	832	
68	204	106	213	196	170	827	1023	0	182	
23	130	52	30	282	267	755	1023	295	132	
57	278	66	68	160	200	0	1023	871	266	
98	263	216	0	238	64	224	1023	294	569	
141	0	246	146	30	140	330	1023	823	110	
191	47	155	158	167	315	210	1023	0	723	
6	126	144	100	136	4	149	1021	280	1023	
12	155	323	135	161	36	825	1023	15	304	
511	169	45	414	505	205	126	999	0	15	
55	49	27	235	428	30	458	456	228	1023	
220	75	137	234	60	380	124	1023	46	690	
122	284	0	319	207	0	1022	705	74	256	
197	511	122	130	323	109	0	984	538	75	
289	46	232	136	238	130	732	1023	0	163	
45	40	236	175	503	30	398	234	305	1023	
262	0	0	0	30	216	1020	60	378	1023	
79	205	142	42	331	8	854	305	0	1023	
123	382	67	190	57	140	323	1023	684	0	
83	291	210	105	0	73	98	1023	173	933	

60	23	10	297	508	30	524	285	214	1023	
75	4	25	320	508	105	458	274	183	1022	
60	4	10	361	508	53	466	314	175	1023	
122	79	221	0	354	511	1023	404	260	0	
34	162	36	10	471	68	0	856	315	1022	
122	182	511	90	45	320	291	156	244	1013	
60	4	10	297	508	511	474	546	254	310	
60	12	11	331	452	38	294	1023	237	516	
60	4	10	372	499	34	462	1023	185	325	
60	87	25	297	508	30	229	539	177	1022	
15	356	0	31	80	126	214	1023	943	186	
60	4	56	297	508	511	462	629	177	270	
75	15	10	301	508	38	543	286	175	1023	
335	426	45	210	175	461	84	1023	215	0	
60	4	10	310	508	121	462	1023	177	299	 ***
75	128	137	15	327	15	0	1023	359	895	
30	511	38	230	0	122	15	1009	836	183	

45	12	6	354	511	135	216	1023	155	295	
60	282	110	511	263	320	0	1021	0	185	
160	511	182	68	494	76	149	243	80	789	
106	0	511	299	448	90	616	196	327	159	
149	504	511	0	244	0	784	137	423	0	
45	4	6	354	508	115	226	325	147	1022	
160	366	230	0	0	81	0	103	1023	789	
83	64	0	92	130	247	555	1022	469	90	
503	201	511	171	0	65	125	0	994	182	
396	4	4	57	94	511	365	1012	309	0	
30	0	15	355	448	90	220	1023	340	231	
0	0	65	182	61	511	384	231	298	1020	
138	19	6	356	448	109	214	1023	143	296	
457	121	124	94	0	486	319	1023	37	91	
90	136	23	0	124	0	216	1023	434	706	
4	197	309	262	30	38	0	1023	251	638	
141	0	208	8	278	61	68	1023	75	890	
4	278	134	216	212	76	688	1022	122	0	
122	242	12	15	136	182	1023	854	72	94	
105	14	25	294	448	90	359	1023	145	249	
167	61	203	197	120	0	837	1023	136	8	
260	0	38	267	151	198	691	0	124	1023	
0	72	4	152	47	309	169	1022	317	660	
150	370	69	198	511	60	94	991	175	134	
511	0	6	320	427	204	120	907	136	121	
411	0	15	120	0	69	307	1022	168	640	
0	140	244	492	506	0	0	1023	68	279	
45	12	14	339	448	152	275	1022	160	285	 ***
79	4	6	373	448	90	264	265	200	1023	
511	34	130	120	381	371	61	1022	0	122	
45	88	6	294	508	92	284	264	149	1022	
19	339	350	137	133	0	340	1023	114	297	
79	4	21	294	478	511	224	633	208	300	
79	49	0	130	483	198	0	1023	608	182	
109	4	67	325	456	90	220	313	145	1023	
212	458	122	155	128	510	1022	145	0	0	
0	206	511	0	0	341	125	166	383	1020	

509	511	0	90	0	68	261	0	1005	215	
189	124	23	274	65	297	545	1022	120	0	
49	228	34	124	310	149	98	1022	136	509	
122	197	15	0	125	166	545	1022	355	112	
75	12	6	294	448	162	279	181	1022	180	
511	167	60	252	0	0	136	974	455	104	
8	38	151	182	170	95	132	1023	860	0	
78	381	8	96	166	0	1023	903	4	0	
19	15	145	143	2	72	652	1023	380	208	
34	125	130	147	289	395	384	132	0	1023	
214	232	61	23	0	215	0	887	1023	4	
53	8	10	294	448	180	275	1023	218	150	
360	166	400	61	0	0	68	1023	68	513	
182	38	216	68	90	76	777	1022	65	125	
95	106	83	502	2	124	1023	724	0	0	
203	128	90	23	366	60	186	1023	35	545	
45	8	10	294	448	162	305	208	157	1022	
45	8	10	294	448	158	306	1023	157	210	
0	64	68	64	335	445	30	631	0	1022	
79	476	145	64	0	31	145	1022	180	517	
75	197	511	472	191	0	0	609	53	551	
248	138	304	121	0	0	79	1023	120	626	
102	152	34	87	316	289	531	1022	126	0	
75	511	285	23	252	15	425	1006	0	67	
45	8	37	294	448	150	275	1023	149	230	
91	8	10	294	478	150	275	1023	87	243	
45	12	10	260	446	128	275	213	247	1023	
75	38	10	294	448	150	245	1023	153	223	 ***
145	45	106	30	488	19	72	1023	519	212	
75	38	14	294	446	158	275	185	151	1023	
490	301	16	106	8	91	165	1023	459	0	
113	15	46	251	65	446	468	1022	233	0	
149	511	506	183	169	181	0	305	0	655	
30	53	10	324	448	150	275	196	1023	150	
271	137	136	199	129	0	0	1022	670	95	
511	15	76	120	231	0	180	524	0	1002	
509	0	98	347	19	511	0	0	287	888	
126	95	60	90	42	274	133	1023	191	625	
121	113	282	60	320	102	490	1023	80	68	
45	120	4	202	69	12	0	912	274	1021	
61	30	76	141	80	120	111	1023	926	91	
38	319	210	122	155	98	61	1022	0	634	
124	507	137	0	335	511	159	713	0	173	
145	0	332	167	291	136	327	1023	230	8	
75	20	14	294	446	180	275	185	147	1023	
45	8	10	294	448	192	275	1023	180	184	
133	248	38	60	257	137	64	1022	0	700	
102	0	137	139	24	0	202	1023	763	269	
0	509	389	76	21	464	8	1023	64	105	
30	8	18	417	448	120	245	200	1023	150	
30	196	0	357	32	91	560	1023	134	236	
148	384	0	511	427	0	121	864	94	110	
45	8	10	305	448	180	275	1023	155	210	

0	197	53	263	16	156	998	1021	0	136	
0	312	66	446	258	75	320	231	109	1023	
45	38	6	310	274	75	94	1023	521	454	
57	69	4	70	30	50	149	1023	879	509	
154	305	30	197	0	308	719	1023	104	0	
252	53	64	186	30	511	173	930	641	0	
30	38	199	354	250	75	552	1023	169	150	
12	394	139	145	91	4	164	1023	830	38	
30	46	6	307	280	334	94	1023	179	541	
132	103	130	135	8	0	125	1023	925	259	
0	511	0	16	242	121	867	45	948	90	
90	15	254	339	288	75	132	201	423	1023	
334	156	106	106	511	0	911	366	350	0	
0	366	38	15	114	317	113	1023	0	854	
121	30	30	8	252	143	84	1022	988	162	
34	182	510	8	4	380	159	1009	102	452	
152	0	511	53	0	0	1021	118	0	985	
91	38	36	294	250	150	637	223	98	1023	
61	312	263	85	0	511	483	0	1012	113	
327	38	40	294	250	135	94	193	1022	447	
275	135	0	8	246	23	98	719	1023	313	
282	38	68	286	250	120	1023	223	408	142	
45	129	36	332	250	159	338	313	215	1023	
102	98	190	68	388	0	137	1023	462	372	
30	76	6	311	295	511	162	193	395	861	
45	98	6	337	492	510	94	253	224	781	
45	53	6	294	250	379	326	246	1023	218	
0	8	94	366	100	83	220	946	1023	0	
8	511	15	152	0	286	1013	79	776	0	
23	0	8	45	0	305	17	804	1022	616	
289	68	308	511	227	68	278	190	886	15	
189	45	49	64	0	510	743	0	274	966	
38	511	323	31	0	159	158	671	949	0	
318	309	323	124	0	81	139	1023	409	114	
60	53	25	362	494	83	124	1023	466	150	 ***
319	30	64	511	61	12	375	1014	364	90	

30	53	49	205	488	23	152	281	30	1023	
0	0	30	304	0	0	977	0	0	1023	
30	68	19	194	488	23	34	296	160	1022	
0	45	0	0	334	15	920	1020	0	0	
45	53	259	190	366	38	212	1020	30	121	
317	0	30	0	60	0	0	905	0	1022	
0	98	0	0	30	60	75	1021	945	105	
15	38	105	30	426	0	456	1020	244	0	
30	53	34	190	492	145	152	186	30	1022	
152	53	19	190	492	23	166	1023	152	64	
15	0	334	30	0	304	60	569	1022	0	
30	75	15	68	488	8	167	1023	400	60	
152	0	30	83	274	0	0	660	1022	113	
60	53	141	198	488	23	156	1022	30	163	 ***
396	30	30	30	30	0	670	1023	121	4	
30	53	19	239	510	23	160	1005	30	265	
30	53	23	511	488	38	262	159	30	740	
274	45	122	90	274	467	0	1020	42	0	
417	509	0	0	381	0	0	1023	0	4	
274	244	75	0	0	45	0	1022	90	584	
30	53	19	228	366	23	407	1023	30	155	
15	274	60	0	45	510	0	1020	410	0	
30	87	19	194	488	23	188	1022	30	253	
30	53	19	194	274	27	277	1023	30	407	
30	53	15	190	488	130	30	1020	182	196	
30	0	34	434	497	274	0	1020	0	45	
30	83	19	190	488	8	278	186	30	1022	
30	53	34	194	488	23	212	1023	152	125	
0	122	15	0	459	0	293	1021	60	364	
349	0	15	0	464	0	334	1020	122	30	
30	68	19	194	274	271	164	1022	30	262	

503	274	396	304	72	75	273	1022	0	0	
259	259	113	366	511	0	563	0	848	0	
106	0	365	278	0	486	353	1022	0	309	
105	488	137	60	503	16	304	1020	90	196	
0	114	137	424	0	15	578	0	1022	629	
244	503	0	510	0	61	0	1017	479	105	
395	167	274	0	120	252	38	1022	0	651	
61	83	434	150	488	30	593	1020	30	30	
305	0	319	321	361	0	0	364	227	1022	
60	244	30	0	105	38	0	783	1022	637	
444	327	60	15	510	456	244	863	0	0	
304	61	259	0	182	0	334	757	1022	0	
38	259	91	0	30	60	1010	1022	409	0	
304	53	288	507	511	15	30	1022	98	91	 ***
274	319	90	357	247	23	0	1022	0	587	
252	244	15	65	158	366	69	1022	364	364	
76	167	30	319	8	8	304	0	1023	984	
365	105	396	0	91	289	0	1020	608	45	
252	0	38	129	364	304	369	1022	441	0	
8	510	0	313	259	75	736	1003	15	0	
0	334	30	304	0	0	30	1021	365	835	
364	312	0	45	0	0	517	1023	394	264	
274	30	60	69	511	0	819	822	334	0	
75	99	167	120	282	15	334	1020	0	807	
259	488	213	0	0	45	822	75	0	1017	
190	244	45	0	38	274	244	1023	62	799	
289	304	15	45	433	0	651	1022	160	0	
252	105	503	189	511	0	274	931	154	0	
366	75	0	0	501	439	0	1020	518	0	
274	90	30	306	496	45	61	1023	91	503	
60	45	381	64	289	259	276	1022	410	113	
274	511	252	248	61	259	320	0	0	994	
267	274	365	0	274	68	581	1022	68	0	
511	263	460	0	498	0	830	357	0	0	
312	244	38	0	106	64	0	1022	368	765	
0	320	0	120	75	130	1022	970	0	282	
274	289	335	0	510	76	0	441	0	994	
342	496	510	61	0	0	334	1023	60	93	
289	8	378	507	0	372	252	1023	90	0	
0	0	68	508	0	503	1022	529	0	289	
289	45	122	334	274	327	111	1023	394	0	

53	244	15	504	511	197	0	981	0	707	
304	267	190	511	320	105	419	1021	60	15	
387	308	209	166	25	0	293	1023	801	0	
511	274	379	182	500	244	0	817	0	305	
297	319	252	133	426	12	0	1023	427	323	
19	91	472	312	501	372	422	1023	0	0	
304	0	425	90	0	27	0	466	877	1023	
274	45	502	503	511	15	0	975	68	319	
501	15	124	411	274	507	68	1023	289	0	
323	45	190	511	275	319	427	1023	60	39	
480	488	68	4	289	244	159	1023	152	305	
0	267	297	109	0	187	965	1023	364	0	
120	60	0	46	320	377	519	1023	488	259	
121	267	0	0	244	402	242	1023	563	350	
105	0	388	504	62	121	0	1023	750	259	
0	328	394	467	502	511	250	0	760	0	
365	511	120	49	113	0	1023	1016	15	0	
61	15	304	293	152	511	304	970	342	260	
274	75	182	503	365	23	244	1023	312	211	
282	327	122	503	511	38	0	806	60	563	
248	336	275	349	0	0	259	1023	197	525	
347	0	426	319	259	75	0	1023	321	442	
282	60	182	511	259	76	244	899	424	275	
49	0	244	389	244	511	0	1008	144	623	
304	45	130	275	267	68	259	1023	334	507	
274	69	426	503	274	327	0	1023	203	113	
313	289	212	503	511	274	0	775	320	15	
511	60	357	282	144	0	518	1022	318	0	
184	38	0	263	319	282	791	1022	0	313	
0	274	511	244	60	84	366	746	259	668	
377	15	286	130	113	158	289	1022	518	304	
91	488	0	511	319	130	15	1022	628	8	
211	312	62	370	31	364	587	1023	0	252	
364	45	243	511	23	267	319	1021	76	343	 ***

282	23	0	185	0	141	282	1023	318	549	
511	60	0	0	30	159	1022	0	0	1021	
511	0	198	252	0	252	383	903	60	244	
334	0	228	267	0	252	387	1023	68	244	
511	4	183	304	15	282	83	843	334	244	
304	30	183	282	76	267	60	1022	68	511	
0	60	34	0	120	0	457	301	808	1023	
68	0	289	503	259	0	162	1020	258	244	
83	511	0	0	30	0	60	977	837	305	
175	259	301	0	109	304	0	1023	320	312	
496	0	0	259	309	511	105	105	0	1018	
334	319	511	0	0	0	0	670	953	16	
511	30	183	290	0	267	135	809	334	244	
121	0	38	0	15	83	1020	1023	0	503	
304	0	19	75	76	304	0	1021	62	942	
304	45	191	267	0	282	319	1023	68	304	
121	75	259	30	0	64	496	705	30	1023	
364	0	183	267	8	275	349	1022	83	252	 ***
267	0	342	0	135	0	964	1023	72	0	
503	505	181	0	0	75	0	1020	519	0	
60	0	0	166	4	365	933	1023	0	252	
304	0	191	282	15	297	379	1023	68	244	

121	334	511	0	304	60	0	894	0	320	
244	0	181	0	0	274	679	1022	0	144	
274	0	45	511	121	60	548	0	955	30	
304	90	60	30	15	30	61	1023	840	91	
364	0	91	8	15	275	381	1022	114	274	 ***
425	0	91	0	0	260	290	1023	145	310	
511	90	259	0	125	0	0	0	558	1001	
76	305	188	55	304	200	334	1022	60	0	
320	30	61	0	0	260	439	1023	137	274	
364	488	0	0	61	15	0	1023	465	128	
0	395	30	135	0	0	105	1023	23	833	
0	60	30	0	30	511	912	0	1001	0	
106	0	511	45	0	0	773	988	121	0	
0	0	15	68	91	75	244	1023	304	724	
0	0	61	45	90	0	1022	319	0	1007	
0	106	511	0	0	488	60	363	0	1016	
0	425	0	0	30	0	45	1022	952	70	
511	120	0	61	60	488	244	0	1000	60	
364	0	61	61	0	260	334	1023	137	304	
0	45	75	61	0	120	244	855	121	1023	
15	30	365	60	30	0	1021	1023	0	0	
0	0	0	425	90	113	576	73	1023	244	
30	15	274	15	98	30	984	1023	30	45	
490	90	274	349	0	15	30	1022	0	274	
364	91	61	30	0	260	381	1022	91	244	
0	30	0	91	30	511	947	503	349	83	
15	90	30	0	15	45	274	1019	121	935	

4	19	75	4	90	511	612	940	159	304	
319	23	99	0	23	274	135	1023	182	640	
57	499	0	30	413	511	1022	0	186	0	
0	218	72	511	0	136	60	1020	0	701	
0	0	19	72	319	268	241	1022	181	596	
105	38	60	61	60	244	90	1023	984	53	
379	0	103	15	23	312	348	1023	224	291	
0	92	489	282	372	151	936	0	0	396	
323	30	30	0	110	264	151	1021	121	668	
383	4	95	0	23	365	399	1023	144	282	 ***
180	65	289	460	0	75	535	1023	91	0	
0	15	0	98	150	45	994	1023	393	0	
0	287	400	0	128	0	702	1023	136	42	
509	16	244	226	223	0	0	1022	373	105	
319	4	105	177	259	0	0	1022	575	257	
503	0	0	0	0	312	259	114	1010	520	
0	282	170	304	0	98	128	1022	120	594	
113	140	0	90	94	45	334	1023	0	879	
259	132	327	90	151	342	113	1023	144	137	
94	0	90	0	511	0	937	91	957	38	
387	4	64	60	15	260	128	1022	182	596	
60	19	64	60	30	304	144	1023	0	1014	
0	98	94	87	334	129	0	1023	604	349	
15	395	282	90	38	15	0	1023	210	650	
439	0	213	0	45	260	313	1022	129	297	
441	30	90	0	509	432	136	1023	57	0	
309	68	0	153	511	79	930	90	304	274	
379	0	210	0	50	260	306	1023	156	334	
192	45	350	21	99	283	0	705	1023	0	
154	61	259	334	0	45	397	1023	445	0	
432	19	91	8	38	260	429	1023	144	274	
83	463	0	301	0	0	30	1023	273	545	
169	121	15	30	152	105	252	1022	0	852	
319	79	291	4	380	69	0	1023	150	403	

334	0	68	450	511	15	0	1006	338	519	
64	64	4	159	259	310	388	1022	274	697	
336	349	166	149	0	187	94	1023	633	304	
120	8	277	0	259	310	73	1023	1011	160	
211	0	417	316	8	0	175	1022	682	410	
155	312	60	23	95	0	491	1023	136	946	
244	498	45	267	62	38	510	1023	374	180	
121	8	103	126	156	410	488	1023	682	124	
383	279	95	0	267	327	169	1023	446	252	
379	87	339	0	27	304	291	1023	211	580	
361	320	484	511	0	0	0	522	366	677	
120	95	182	0	60	504	110	1022	286	862	
171	19	259	49	511	0	699	641	0	892	
409	244	382	0	431	129	155	1023	370	98	
181	34	30	304	175	90	304	1023	606	494	
471	8	0	308	369	0	513	1023	94	455	
383	19	101	0	267	342	429	1023	181	496	 ***
414	75	60	0	157	140	484	1023	888	0	
383	4	277	15	53	304	353	1021	335	496	
90	278	4	0	0	180	706	960	0	1023	
60	0	64	196	30	4	822	982	1023	60	
30	213	410	0	91	323	94	1022	815	243	
496	184	259	349	511	282	407	0	753	0	
88	278	244	256	246	469	466	1023	171	0	
98	501	65	152	0	124	396	1023	111	771	
151	366	165	0	263	95	168	1023	0	1010	
379	278	75	0	267	441	169	1023	335	274	
171	509	65	0	507	45	632	1023	0	289	
304	12	406	0	137	0	69	1023	955	335	
212	365	121	98	30	364	0	1023	370	658	
338	0	346	304	414	342	90	1023	186	198	
383	8	119	0	335	342	248	1023	129	654	
15	440	464	19	68	506	541	1022	0	166	
0	244	282	304	95	128	501	1022	503	162	
42	218	30	273	334	244	687	1023	390	0	
342	91	338	4	0	511	790	1013	0	152	
319	254	160	80	0	257	1023	799	0	349	
467	271	150	93	511	264	976	509	0	0	
84	0	316	120	0	105	366	1023	979	248	
30	492	126	274	242	222	136	1023	0	696	
90	441	19	90	156	335	113	1023	823	151	
0	30	136	8	47	426	618	953	0	1023	
364	64	343	12	0	334	60	1022	175	867	
492	487	364	136	79	155	467	1023	0	38	

