#105084	429747	330645	0	0	 88 
#104562	431937	330645	0	0	 78 
#105657	424599	330645	0	0	 67 
#104421	434965	330645	0	0	 43 ***
#105613	427108	330645	0	0	 41 
#105611	428956	330645	0	0	 41 
#105591	429739	330645	0	0	 28 

104230	426572	331743	24	617	 98 
105491	420241	331743	980	41680	 97 
104223	425565	331743	28	991	 90 
104231	428261	331743	22	594	 88 
104227	422587	331743	31	1132	 86 
104221	425927	331743	30	781	 85 
105418	421605	331743	37	1248	 81 
105444	418504	331743	981	41215	 61 
105432	420298	331743	976	41338	 57 
105492	420038	331743	979	41348	 55 
105447	420461	331743	972	41504	 50 
104223	424469	331743	31	896	 47 
104236	424822	331743	26	868	 45 
105537	419742	331743	966	40883	 44 
104225	426770	331743	23	849	 44 
104223	423345	331743	35	820	 43 
105473	420363	331743	970	41291	 40 
105441	420992	331743	971	40755	 40 
104226	423879	331743	34	877	 37 
105429	421129	331743	974	41482	 28 
104216	426012	331743	35	953	 26 ***
104230	424109	331743	30	781	 19 
105380	420692	331743	977	41259	 13 
104231	421767	331743	35	855	 10 
104228	426484	331743	26	624	 9 
104232	429443	331743	20	503	 6 
104231	427922	331743	21	450	 5 
104235	422342	331743	32	1260	 3 

105373	411864	330379	969	40925	 93 
105369	413953	330379	965	40968	 90 
104111	416666	330379	37	1191	 80 
105321	413319	330379	974	41178	 79 
104116	417239	330379	36	944	 67 
105320	414277	330379	563	24632	 65 
104106	419210	330379	33	808	 62 
105316	414160	330379	965	40885	 45 
104276	416427	330379	966	40340	 44 
104101	417909	330379	36	861	 44 
105313	417854	330379	29	853	 37 
104269	414672	330379	967	40970	 36 
104104	420748	330379	33	808	 29 
105314	414461	330379	968	40723	 25 
105289	415139	330379	555	23371	 25 
105333	413911	330379	971	40906	 19 
104098	417448	330379	42	1355	 14 ***
105305	416918	330379	35	1113	 13 
104106	418355	330379	19	394	 2 

105038	406723	322844	949	40111	 98 
103820	414479	322844	35	899	 74 ***
103828	411991	322844	32	854	 73 
105094	403806	322844	943	39699	 72 
103822	410837	322844	38	985	 68 
103826	412363	322844	22	582	 62 
105035	405445	322844	955	40409	 61 
105029	410524	322844	21	603	 57 
103826	414112	322844	30	553	 47 
103827	411525	322844	34	1045	 44 
105085	407456	322844	941	39887	 33 
105007	405653	322844	961	40184	 22 
103830	410756	322844	30	656	 20 
103822	412270	322844	31	769	 19 
105024	410704	322844	34	1093	 9 
103828	411510	322844	34	1093	 7 
103827	407934	322844	35	1075	 6 

103647	400197	321079	34	964	 100 
104912	397856	321079	946	39743	 99 
104898	397322	321079	950	39637	 69 
103057	405183	321079	35	976	 63 ***
103644	402957	321079	30	921	 58 
104846	397736	321079	959	39999	 55 
104891	395622	321079	951	39411	 51 
103648	401440	321079	33	937	 51 
103647	401466	321079	31	737	 49 
104878	397545	321079	952	39374	 46 
104888	397964	321079	951	39411	 46 
104862	397661	321079	954	39645	 40 
104839	399551	321079	42	1053	 38 
103641	403264	321079	27	1119	 37 
104853	398170	321079	955	39599	 25 
104895	397765	321079	949	39674	 24 
103646	405806	321079	24	888	 23 
104841	398289	321079	36	969	 22 
104864	398200	321079	950	39892	 20 
104822	399760	321079	957	40011	 16 
103643	403210	321079	33	931	 13 
104825	398258	321079	954	39697	 8 
103639	401345	321079	34	847	 3 

104783	391717	321290	948	39329	 97 
102972	393849	321290	30	782	 96 
102971	395532	321290	34	1213	 92 ***
104791	391308	321290	947	39516	 84 
104179	392008	321290	42	1290	 83 
103944	393774	321290	942	39370	 67 
104821	391070	321290	955	39803	 53 
103992	393748	321290	954	39886	 51 
102983	399059	321290	29	976	 24 
103579	395260	321290	29	888	 17 
104004	392840	321290	942	39183	 10 
104804	391121	321290	954	39666	 3 

104543	385777	318893	919	38483	 95 
102719	389510	318893	33	923	 88 
103317	390416	318893	22	832	 83 
104564	385061	318893	951	39571	 76 
104577	385557	318893	949	39260	 75 
104514	386013	318893	944	39329	 73 
102710	390727	318893	14	456	 73 ***
103316	390596	318893	26	750	 53 
104543	386412	318893	941	38637	 52 
103902	387281	318893	40	1104	 49 
102723	389014	318893	36	834	 44 
103466	388095	318893	951	39505	 35 
104589	385301	318893	945	39136	 30 
104528	387124	318893	943	39355	 17 
102714	390677	318893	33	1159	 3 

104605	381562	320601	944	39109	 95 
102776	385785	320601	30	656	 91 
102777	384286	320601	40	1198	 90 
103996	385644	320601	31	784	 87 
104582	382108	320601	914	38171	 84 
102778	384495	320601	32	934	 84 
104581	382266	320601	951	39369	 72 
102772	386687	320601	36	1197	 71 
102784	384481	320601	36	1114	 62 
104585	381947	320601	948	39226	 59 
104586	382011	320601	945	39197	 53 
104611	381860	320601	941	38794	 52 
102771	387430	320601	35	1127	 42 ***
104678	381771	320601	943	38802	 34 
103968	382359	320601	36	983	 32 
102776	387662	320601	30	992	 13 

104876	382633	325011	941	38855	 94 
104227	383536	325011	44	1389	 94 
103662	383837	325011	40	1600	 83 
103028	385789	325011	38	1369	 61 
104906	383173	325011	938	38209	 56 
103643	386096	325011	34	1231	 55 
104907	381844	325011	948	39128	 50 
104233	383505	325011	43	1772	 49 
104871	383035	325011	944	38821	 47 
104858	383323	325011	944	38475	 46 
104874	382709	325011	942	38747	 42 
103023	388919	325011	30	646	 40 
104907	381982	325011	947	38871	 25 
103624	386865	325011	36	1092	 24 
103022	386970	325011	32	1014	 14 ***
104905	382515	325011	944	39114	 9 
104229	385677	325011	33	988	 8 
104910	381132	325011	937	38633	 2 
104857	383070	325011	947	39112	 2 
104841	383324	325011	946	38768	 0 

104881	374462	322693	948	39106	 99 
102976	378546	322693	32	913	 73 
102971	381132	322693	47	2221	 63 ***
102978	378175	322693	33	973	 61 
104171	377879	322693	50	1729	 60 
104893	376210	322693	922	38768	 52 
104789	375925	322693	943	39218	 47 
104806	376318	322693	526	22270	 47 
104804	375492	322693	944	38748	 44 
102975	377985	322693	41	1223	 31 
102973	381307	322693	29	888	 23 
102975	380126	322693	43	1405	 22 
104823	375138	322693	947	38840	 13 
104763	375889	322693	946	38952	 7 
104168	376962	322693	53	1895	 7 
102976	379612	322693	23	1122	 6 

104767	374325	324193	44	1179	 99 
104783	372633	324193	949	39383	 98 
102938	376114	324193	37	1235	 94 ***
104049	374149	324193	951	39200	 93 
102951	376237	324193	30	1114	 89 
102950	379880	324193	29	990	 87 
104802	372282	324193	953	39785	 83 
104932	372914	324193	935	39409	 80 
102954	378672	324193	21	848	 74 
104745	373427	324193	54	1670	 66 
104828	371338	324193	949	39072	 53 
103555	374832	324193	35	1525	 53 
104806	372493	324193	947	39651	 51 
103550	377858	324193	24	632	 48 
104825	373108	324193	935	39230	 46 
104149	373714	324193	48	1724	 46 
104789	372369	324193	954	39735	 41 
102950	377400	324193	29	876	 41 
102947	378429	324193	31	939	 40 
102960	374801	324193	37	1305	 36 
104828	372233	324193	957	39612	 24 
102950	378450	324193	29	870	 18 
102947	377195	324193	33	1019	 16 
104781	372954	324193	947	39223	 14 
104813	372956	324193	943	39084	 11 
102953	378912	324193	28	869	 9 

104153	371962	324690	40	1079	 93 
102954	378464	324690	29	899	 91 
102954	372941	324690	19	787	 88 
104152	371513	324690	42	1115	 76 
104737	369007	324690	42	1263	 65 
104849	367910	324690	945	39478	 57 
102954	377917	324690	30	899	 54 
102951	376036	324690	33	1159	 36 ***
102958	372613	324690	33	1015	 35 
104281	371072	324690	944	39429	 30 
104746	371912	324690	41	1019	 26 
102951	377390	324690	31	893	 14 
104759	367584	324690	947	39684	 7 
104836	368971	324690	946	39043	 5 

103074	375305	325842	31	939	 85 
104980	371231	325842	957	39935	 82 
104259	371692	325842	41	1033	 75 
103085	376988	325842	30	966	 71 
104932	371672	325842	957	40091	 68 
103062	377153	325842	31	1160	 61 ***
103725	374466	325842	950	39143	 57 
103070	376993	325842	17	838	 57 
103069	376562	325842	32	1081	 56 
103076	374550	325842	33	1014	 49 
103067	376964	325842	36	1371	 14 
103681	376613	325842	30	966	 10 
104955	371470	325842	951	39846	 7 
104255	374222	325842	28	955	 4 
103070	375352	325842	34	1292	 2 
103064	377483	325842	28	886	 1 

103053	371695	326132	30	906	 100 ***
104955	367506	326132	950	39517	 99 
104931	367852	326132	927	38988	 90 
104941	367552	326132	951	40036	 84 
104918	367768	326132	951	39962	 83 
104252	368065	326132	37	1016	 83 
104907	367802	326132	947	39594	 77 
103068	372585	326132	29	784	 65 
104925	367600	326132	946	39625	 61 
103061	374616	326132	29	1012	 44 
103070	373538	326132	27	739	 35 
103070	376668	326132	24	449	 32 
103070	372128	326132	29	898	 31 
104264	370222	326132	35	1024	 26 
103061	370710	326132	34	1066	 19 
103065	374060	326132	29	905	 12 
103062	370691	326132	33	1169	 7 

102926	364470	324971	43	1237	 95 
104824	364212	324971	928	39200	 89 
102921	365965	324971	41	1325	 88 
104805	363531	324971	941	39258	 67 
104782	364324	324971	949	39421	 66 
104866	362885	324971	949	39854	 60 
104782	364024	324971	945	39483	 58 
104799	364209	324971	930	39284	 57 
104780	363502	324971	950	39842	 49 
104786	362942	324971	948	39661	 44 
104835	364203	324971	929	39139	 40 
104837	364072	324971	938	39414	 39 
104755	363732	324971	952	39933	 20 
102916	366969	324971	18	700	 12 ***
103525	365772	324971	37	1122	 11 
104876	363597	324971	927	39209	 9 
104793	364025	324971	944	39194	 6 
104793	362981	324971	945	39392	 5 
102923	366433	324971	34	924	 4 
102929	366631	324971	32	1000	 0 

104756	361427	324325	953	39308	 87 
102870	366257	324325	26	760	 83 
104804	362704	324325	951	39336	 79 
102862	363816	324325	27	764	 53 
104739	362278	324325	957	39999	 52 
104652	362720	324325	41	1043	 45 
102861	365488	324325	34	904	 39 
102860	366626	324325	38	1038	 17 ***
102871	369026	324325	25	712	 6 
104732	361837	324325	962	40004	 5 

102804	362539	325358	13	219	 100 
104688	357326	325358	961	39332	 98 
104710	359691	325358	938	38600	 96 
104684	358886	325358	956	39150	 88 
104681	359005	325358	939	38776	 87 
104718	358248	325358	942	38981	 86 
102801	361376	325358	35	889	 84 
104695	358769	325358	957	39288	 83 
104673	359269	325358	939	38806	 82 
104648	359257	325358	964	39415	 78 
103625	359498	325358	954	38817	 75 
104665	358987	325358	957	39163	 67 
104655	358960	325358	962	39611	 65 
104678	359038	325358	956	39378	 63 
104640	359434	325358	963	39597	 53 
102811	362205	325358	28	775	 53 
104700	358594	325358	942	38777	 45 
102793	362155	325358	29	790	 43 ***
102802	360477	325358	31	846	 41 
104664	359245	325358	940	38977	 38 
104677	359857	325358	937	38525	 38 
104705	358156	325358	956	39235	 34 
104645	359444	325358	958	39512	 32 
104658	358560	325358	959	39535	 28 
104657	358882	325358	964	39576	 22 
104673	358486	325358	962	39290	 20 
104000	361791	325358	17	519	 20 
104650	359234	325358	954	39210	 18 
104644	360126	325358	475	19697	 16 
104680	358896	325358	955	39476	 13 
104679	358311	325358	958	39601	 5 

104804	359476	329073	965	39409	 97 
102997	361795	329073	33	840	 94 
104840	359527	329073	962	39570	 89 
104837	359331	329073	966	39857	 84 
104895	358518	329073	948	38807	 82 
102984	362552	329073	27	818	 82 
102984	361446	329073	34	1184	 76 
104833	359478	329073	963	39066	 71 
102981	359977	329073	35	878	 68 
102979	362740	329073	25	758	 54 ***
103591	364023	329073	23	735	 52 
104861	359484	329073	953	39392	 47 
104851	359501	329073	939	38630	 42 
102986	361837	329073	27	781	 42 
104846	359559	329073	959	39381	 41 
104858	358205	329073	964	39624	 35 
102988	361799	329073	30	841	 35 
102987	362557	329073	24	636	 34 
104845	359856	329073	956	39259	 28 
104832	359778	329073	963	39583	 23 
104826	359368	329073	967	39820	 21 
102983	362394	329073	31	1099	 21 
102984	362560	329073	26	773	 8 
104854	358416	329073	957	39385	 2 
104880	359252	329073	946	39043	 1 

104659	350493	325573	962	39036	 94 
104722	350493	325573	937	38501	 93 
104689	350618	325573	960	39244	 92 
102838	354550	325573	21	670	 91 
102829	350851	325573	36	1122	 89 
104715	350244	325573	954	38692	 88 
104693	349836	325573	960	38783	 86 
102821	353760	325573	31	969	 86 
102819	357246	325573	28	1036	 85 
102840	354301	325573	26	873	 84 
104760	349688	325573	950	38809	 80 
104707	350822	325573	953	39139	 76 
102841	352585	325573	30	1170	 76 
104696	350759	325573	958	39125	 69 
104716	350741	325573	953	38627	 68 
104697	350538	325573	959	39166	 66 
102818	352609	325573	35	962	 63 
102828	353790	325573	28	882	 60 
104757	349956	325573	955	38715	 47 
102815	353212	325573	32	1157	 47 ***
102828	357244	325573	25	758	 46 
102835	354722	325573	25	865	 39 
102836	354339	325573	24	990	 33 
102830	355199	325573	25	983	 23 
104717	349928	325573	957	39184	 22 
104704	350471	325573	955	38796	 21 
102829	355109	325573	27	914	 17 
104727	350223	325573	956	39226	 16 
102823	356639	325573	26	873	 16 
102838	354305	325573	23	746	 9 

103446	347197	324511	28	889	 100 
103439	343170	324511	43	1306	 95 
104031	346426	324511	30	798	 92 
104701	342348	324511	929	38486	 90 
102836	348015	324511	24	478	 88 
103432	346686	324511	31	920	 87 
104022	343184	324511	36	923	 73 
102845	345575	324511	37	1465	 68 
102841	347833	324511	29	897	 61 
102831	345647	324511	33	917	 57 
104748	342943	324511	927	38405	 37 
102830	348639	324511	30	905	 35 
104765	342990	324511	924	38230	 31 
104718	342037	324511	953	39229	 24 
102827	348284	324511	32	1057	 22 ***
104735	342309	324511	948	38821	 18 
102827	347193	324511	35	889	 10 
103437	343145	324511	47	1308	 8 
102827	346761	324511	31	847	 7 
104754	341980	324511	948	38789	 6 
102842	347581	324511	29	792	 3 
102840	347999	324511	29	783	 1 

104871	343846	324533	934	38441	 100 
104837	343047	324533	946	38831	 99 
104829	343150	324533	942	38616	 92 
104070	344496	324533	946	38750	 92 
104156	344155	324533	45	1445	 92 
104859	342199	324533	943	38705	 91 
102957	347435	324533	27	1009	 89 
104877	343726	324533	936	38746	 87 
104913	341827	324533	950	38912	 86 
104802	343520	324533	949	39105	 86 
104176	343910	324533	39	1517	 83 
102956	346278	324533	30	1161	 79 
104840	342653	324533	948	38936	 76 
104150	346000	324533	21	1152	 74 
104789	343763	324533	952	38805	 64 
104860	342113	324533	951	38958	 58 
102958	345888	324533	24	750	 55 
102955	349166	324533	33	902	 52 
102965	344823	324533	33	1008	 45 
104864	341989	324533	947	38714	 44 
104821	343612	324533	945	38567	 43 
102977	344518	324533	27	940	 37 
102944	347375	324533	34	1130	 36 ***
104854	343820	324533	937	38742	 34 
104893	341965	324533	953	39226	 30 
104838	342387	324533	954	39237	 26 
104792	343867	324533	950	39186	 25 
102953	347291	324533	38	1156	 25 
104841	342387	324533	947	38437	 19 
104852	343718	324533	941	38635	 12 
104814	342972	324533	953	39240	 8 
102960	345087	324533	25	780	 8 
104878	343504	324533	941	38951	 5 

102922	343922	324558	40	1028	 86 
102925	343380	324558	33	866	 82 
102928	342719	324558	40	1184	 75 
102921	343871	324558	47	1459	 73 
102937	342760	324558	35	878	 60 
103530	343767	324558	32	825	 58 
102931	344011	324558	31	905	 53 
102914	345385	324558	45	1359	 41 ***
102915	344276	324558	26	374	 37 
102922	344251	324558	36	1093	 33 
104117	340963	324558	41	1231	 10 
102922	344155	324558	40	1381	 9 

104899	336987	325184	944	39398	 100 
104828	337046	325184	949	39817	 100 
102935	341990	325184	30	819	 98 
104849	337179	325184	945	39492	 95 
104844	337843	325184	944	39513	 91 
104853	337194	325184	943	38992	 85 
102939	342716	325184	25	769	 85 
102935	342083	325184	26	770	 80 
104807	337689	325184	947	39717	 72 
104894	337018	325184	947	39838	 71 
104878	336221	325184	949	39430	 69 
104861	337029	325184	947	39339	 66 
104840	338153	325184	942	39621	 64 
104844	337964	325184	942	39192	 58 
103556	341365	325184	26	1013	 57 
102940	342422	325184	11	434	 55 
102940	341540	325184	26	773	 53 
103545	338289	325184	34	937	 47 
104832	338131	325184	946	38892	 45 
102931	342121	325184	29	830	 43 ***
102937	338983	325184	27	807	 41 
102960	341420	325184	26	799	 30 
102945	342267	325184	21	716	 23 
104799	337384	325184	953	39692	 20 
104810	337173	325184	952	39885	 20 
104874	338273	325184	939	39641	 11 
102936	340486	325184	28	822	 11 
104821	338236	325184	946	39718	 10 
104844	337826	325184	945	39414	 9 
102941	342279	325184	25	773	 4 

104894	333317	326861	956	40039	 99 
103010	339106	326861	25	823	 99 
104950	332748	326861	947	38766	 95 
104896	333324	326861	949	39779	 93 
103003	336191	326861	27	803	 81 ***
103017	335882	326861	28	929	 79 
104943	332655	326861	953	39661	 77 
103007	335342	326861	30	860	 71 
104947	333049	326861	945	39310	 68 
103008	337974	326861	26	799	 64 
103012	336074	326861	28	929	 56 
103011	333737	326861	31	950	 41 
103626	335889	326861	27	807	 38 
104916	332961	326861	958	40090	 36 
104924	333407	326861	939	39134	 28 
103013	338398	326861	22	613	 20 
103020	333513	326861	29	826	 14 
103017	333622	326861	32	966	 11 
104902	333061	326861	948	39861	 9 
104923	332973	326861	950	39529	 7 
103018	337684	326861	26	558	 7 

103250	335563	334865	23	986	 96 ***
104405	333934	334865	956	40360	 94 
105143	333227	334865	940	39732	 91 
103255	335448	334865	29	837	 61 
103856	336659	334865	19	817	 59 
105120	332196	334865	948	39975	 58 
103262	334810	334865	40	1257	 54 
103255	334892	334865	28	779	 48 
105114	334117	334865	461	19841	 27 
105183	331965	334865	953	40000	 22 
104018	334437	334865	954	40225	 9 
105127	332142	334865	955	39972	 7 
105106	334235	334865	578	24644	 6 
103253	336692	334865	13	288	 4 

