#105637	427729	330645	0	0	 99 
#105580	429557	330645	0	0	 98 
#105645	426385	330645	0	0	 75 
#104506	430911	330645	0	0	 65 
#104395	435126	330645	0	0	 53 ***
#105611	428214	330645	0	0	 35 
#105598	428915	330645	0	0	 6 
#104436	431779	330645	0	0	 1 

105486	421771	331743	957	41038	 100 
104202	429093	331743	26	610	 95 
104200	426698	331743	28	644	 88 
104196	426773	331743	29	1001	 85 
105423	418433	331743	972	40471	 82 
104202	423470	331743	17	840	 71 
104200	426313	331743	29	890	 60 
105391	421620	331743	982	41710	 58 
104201	430736	331743	23	604	 58 
105399	421524	331743	974	41383	 54 
104197	422294	331743	39	897	 54 
104201	425959	331743	32	1010	 52 
105410	422099	331743	972	41582	 40 
104193	426640	331743	43	854	 32 ***
104196	424600	331743	38	756	 31 
105412	421948	331743	972	40562	 30 
104198	424350	331743	35	820	 29 
105429	418320	331743	973	40903	 22 
105413	420386	331743	977	41704	 18 
104205	422997	331743	32	1325	 14 
105458	421549	331743	965	41070	 12 
105474	422218	331743	959	40247	 2 

104070	420315	330379	41	898	 99 ***
104091	420311	330379	26	749	 93 
104082	416150	330379	30	1031	 72 
105370	413446	330379	955	40347	 69 
104081	416565	330379	34	708	 65 
104076	417615	330379	33	766	 60 
104078	416311	330379	36	1062	 47 
104075	419243	330379	29	779	 44 
104075	415764	330379	40	1333	 40 
104073	421311	330379	36	693	 33 
104074	417849	330379	37	937	 29 
104080	416261	330379	37	815	 27 
104071	421086	330379	37	697	 26 
105295	414787	330379	556	23573	 22 
105288	413845	330379	962	40316	 18 
104081	415059	330379	38	1059	 9 
104082	416960	330379	32	658	 0 

105062	404284	322844	961	40493	 93 
103806	408563	322844	35	934	 93 
105013	406563	322844	965	40605	 89 
103796	409563	322844	32	1266	 85 
103795	410332	322844	34	1303	 82 
105065	406792	322844	959	40483	 64 
103794	411047	322844	30	769	 51 ***
103798	409184	322844	21	315	 49 
103802	409508	322844	19	309	 48 
105040	405918	322844	963	40443	 46 
105031	406260	322844	960	40341	 39 
103808	408596	322844	32	1086	 39 
105082	406604	322844	955	40196	 32 
103804	407230	322844	37	1383	 13 
105006	408446	322844	32	1040	 12 
103797	413360	322844	27	1014	 9 
105112	403993	322844	961	40765	 6 
103805	409177	322844	32	804	 2 
103794	410736	322844	31	800	 0 

104853	396974	321079	950	39149	 97 
104863	399310	321079	949	39224	 85 
104833	399154	321079	955	39883	 82 
103614	402586	321079	33	714	 78 
103624	404707	321079	28	618	 77 
104869	396035	321079	960	39938	 71 
103626	399852	321079	34	1204	 67 
104885	396007	321079	956	40112	 63 
103621	402261	321079	29	641	 57 
104872	399228	321079	948	39425	 56 
104896	398059	321079	949	39486	 51 
104866	399327	321079	937	39568	 50 
103614	403090	321079	32	1196	 49 
104873	398340	321079	940	39642	 45 
103628	404680	321079	28	741	 39 
103616	401483	321079	32	1203	 33 
104874	399412	321079	936	39235	 31 
103613	401160	321079	43	1535	 24 ***
103633	399921	321079	30	892	 23 
103618	400835	321079	32	915	 14 
103623	400831	321079	31	712	 13 
104839	397915	321079	951	39559	 12 
103627	399575	321079	31	907	 7 
104903	396425	321079	955	39888	 1 

103536	396736	321290	34	1242	 100 
104814	390846	321290	950	39516	 98 
103540	397836	321290	23	768	 98 
104780	391735	321290	949	39841	 96 
104729	397259	321290	14	394	 89 
103535	395831	321290	36	1005	 85 
104731	392693	321290	39	1254	 75 
104799	391068	321290	932	39509	 74 
104804	390742	321290	956	39948	 69 
104823	390574	321290	955	39881	 59 
103540	395298	321290	33	1181	 58 
103539	397223	321290	32	941	 41 
102673	395387	321290	950	39673	 30 ***
103542	394834	321290	32	937	 27 
103528	397320	321290	32	1179	 26 
103549	394221	321290	36	1216	 20 
103540	397476	321290	31	1018	 18 
103533	395451	321290	39	1458	 14 
104736	391741	321290	36	1004	 8 
104798	391475	321290	951	39854	 3 

103502	388954	318893	37	998	 84 
103497	385745	318893	41	1091	 77 
102420	390155	318893	34	953	 69 
103495	387002	318893	41	1266	 60 
102420	389044	318893	7	413	 56 
104577	385601	318893	950	39318	 51 
102416	391399	318893	36	1212	 51 
102415	388005	318893	40	1376	 50 
102408	391311	318893	39	1351	 49 
102416	389684	318893	37	1198	 35 
102406	392331	318893	41	1749	 31 ***
102413	390760	318893	37	1013	 30 
102418	391361	318893	36	1212	 4 
102411	389662	318893	38	1041	 3 

104619	381058	320601	947	38940	 98 
102472	385071	320601	32	915	 97 
102477	385523	320601	28	766	 91 
102469	384829	320601	35	1193	 88 
104629	381810	320601	942	38369	 83 
104634	381644	320601	944	38375	 76 
104660	381975	320601	941	39051	 75 
102462	386801	320601	16	533	 69 
102466	386727	320601	32	1155	 64 
102472	386026	320601	29	774	 58 
103546	383196	320601	41	1049	 56 
104643	380732	320601	947	39017	 54 
103555	382926	320601	41	1037	 52 
103550	382749	320601	43	1169	 50 
103537	384089	320601	951	39312	 46 
102467	386669	320601	19	556	 44 
103562	382032	320601	39	1289	 37 
104648	381381	320601	943	38996	 36 
102459	386048	320601	33	990	 28 ***
102469	385700	320601	30	892	 24 
103542	382483	320601	950	39058	 21 
104576	381740	320601	950	39037	 20 
104597	381571	320601	945	38759	 20 
102471	386245	320601	29	881	 16 
103559	383117	320601	40	1252	 14 
103554	382691	320601	43	1068	 12 
104638	380390	320601	951	39277	 10 
104639	381675	320601	942	39061	 10 
102466	385221	320601	35	1249	 6 

103820	386060	325011	38	1199	 97 
102726	387529	325011	41	1426	 94 
104865	382781	325011	938	38563	 91 
102722	387745	325011	39	1269	 88 
104895	381197	325011	944	39119	 87 
104837	381355	325011	945	39029	 87 
102719	387350	325011	43	1700	 86 ***
104875	382090	325011	50	1778	 85 
102730	385060	325011	48	1697	 81 
103807	383772	325011	54	1805	 74 
102727	387643	325011	31	1474	 69 
102730	385550	325011	41	1657	 64 
102723	388836	325011	36	1197	 57 
103793	384910	325011	57	1469	 52 
102739	385337	325011	43	1826	 49 
102730	386122	325011	42	1407	 35 
102721	387088	325011	44	1695	 28 
103809	382838	325011	44	1645	 15 
104874	382068	325011	944	39059	 11 
102723	386193	325011	43	1536	 11 

104815	375374	322693	932	38225	 94 
102664	380772	322693	32	1258	 89 
102661	376957	322693	33	937	 81 
102676	382459	322693	25	1010	 73 
104828	374115	322693	939	38654	 68 
102659	381323	322693	32	1088	 60 ***
103748	375565	322693	55	1931	 48 
104811	374659	322693	942	39189	 42 
102659	380587	322693	50	1765	 39 
104808	374585	322693	944	39161	 31 
104803	374297	322693	947	39008	 21 
104855	375158	322693	938	38841	 4 

104808	373088	324193	949	39290	 97 
102641	375148	324193	32	922	 95 
103720	374551	324193	48	1410	 93 
102658	377952	324193	28	880	 83 
104813	372326	324193	946	39329	 82 
102633	378263	324193	25	1148	 82 
104808	374497	324193	43	1027	 63 
104819	372154	324193	952	39109	 62 
102646	377914	324193	29	877	 62 
104847	371750	324193	948	39088	 59 
102632	375185	324193	33	1194	 59 
102643	374870	324193	31	906	 58 
104769	370992	324193	953	39576	 57 
102640	380605	324193	22	712	 56 
102633	377300	324193	32	924	 53 
103715	373938	324193	54	1326	 48 
102649	374866	324193	35	1096	 43 
103721	374290	324193	46	1600	 32 
103723	373639	324193	59	1714	 26 
104764	372471	324193	950	39511	 23 
104759	371415	324193	956	39891	 15 
102646	375922	324193	30	933	 10 
102631	378541	324193	34	1090	 4 ***
104766	373154	324193	547	23474	 1 

104823	368749	324690	948	39569	 97 
104836	369390	324690	928	39717	 96 
104769	368812	324690	943	39329	 89 
104807	371137	324690	22	751	 86 
104815	370492	324690	41	993	 76 
104875	369924	324690	479	19814	 73 
102651	376101	324690	25	857	 71 
104241	370780	324690	949	39563	 70 
102645	373324	324690	29	888	 62 
102654	371294	324690	32	1068	 56 
102646	373282	324690	36	1010	 46 
102639	376497	324690	33	994	 45 ***
102648	372939	324690	33	964	 43 
102644	373634	324690	34	941	 42 
102654	371077	324690	31	907	 35 
104787	369607	324690	540	23162	 19 
104805	369222	324690	941	39183	 18 
102647	372312	324690	34	1216	 15 
102644	372485	324690	37	1012	 12 
102649	378830	324690	28	766	 7 

103827	373357	325842	46	1239	 99 
103829	373541	325842	35	753	 93 
102759	374601	325842	32	973	 88 
102771	375675	325842	31	1153	 85 
103827	373444	325842	42	1778	 84 
102756	375803	325842	39	1499	 82 
102765	375709	325842	29	894	 79 
103820	373623	325842	47	1175	 78 
103834	373501	325842	32	1183	 71 
102749	376509	325842	30	895	 68 
103842	375524	325842	31	924	 64 
103833	372432	325842	43	1763	 57 
102740	376935	325842	41	1639	 55 ***
103832	372620	325842	39	1038	 53 
103844	370848	325842	45	1354	 49 
102757	377065	325842	25	437	 46 
102753	380301	325842	29	994	 40 
103828	373157	325842	39	1184	 36 
102758	375966	325842	38	1535	 31 
102746	378192	325842	32	925	 25 
102774	375632	325842	29	894	 22 
103827	376353	325842	28	890	 11 
102755	379958	325842	27	893	 3 

103816	367160	326132	43	1674	 79 
104900	370302	326132	29	1142	 76 
102732	371362	326132	32	1092	 74 
102737	373464	326132	31	910	 71 
102738	370768	326132	31	863	 63 
102741	371433	326132	30	1385	 61 
102730	371859	326132	32	1021	 57 
103814	368400	326132	37	1008	 51 
102738	372559	326132	28	893	 47 
102745	369949	326132	36	1093	 42 
102735	375088	326132	30	903	 31 
102724	375652	326132	33	1080	 29 ***
104914	366771	326132	953	39659	 22 
102736	371230	326132	32	971	 16 
102745	374347	326132	27	814	 5 
102737	370607	326132	33	1290	 0 

104770	363962	324971	949	39432	 96 
102601	368959	324971	30	905	 92 
104793	363072	324971	946	39215	 87 
102586	369074	324971	34	1084	 80 
102587	364428	324971	33	1026	 72 
102592	370743	324971	31	857	 69 
104782	364023	324971	942	39562	 58 
102583	368775	324971	37	969	 55 ***
104745	364403	324971	952	39950	 53 
104783	364135	324971	941	39029	 38 
102586	366609	324971	39	1018	 37 
104794	363132	324971	945	39095	 34 
104784	363169	324971	570	24656	 21 
104823	362985	324971	953	39781	 17 
103680	369770	324971	29	1034	 17 
102586	366455	324971	38	1095	 11 
104777	364048	324971	944	39624	 6 

102527	367212	324325	17	459	 100 
103612	362283	324325	43	1396	 90 
102527	366568	324325	35	695	 59 
102527	366116	324325	35	857	 58 
104731	362101	324325	955	39377	 45 
102526	366732	324325	37	917	 33 ***
103610	365767	324325	29	1049	 24 
102527	365829	324325	39	981	 21 
103604	363631	324325	30	1070	 17 
102528	364803	324325	32	954	 7 

102442	364432	325358	30	840	 100 ***
104721	358721	325358	954	39386	 84 
104666	358450	325358	955	39213	 78 
102450	362397	325358	27	763	 77 
104652	358240	325358	962	39546	 72 
102446	362628	325358	33	1304	 68 
102445	362760	325358	30	1019	 62 
104700	357881	325358	964	39718	 61 
104661	357946	325358	959	39424	 56 
102454	362508	325358	12	493	 46 
104633	358930	325358	957	39084	 45 
104659	358785	325358	953	39159	 42 
102449	359362	325358	28	1011	 31 
104722	358977	325358	945	39207	 28 
102443	364095	325358	30	809	 26 
104727	357901	325358	958	39613	 15 
104693	359332	325358	947	39248	 5 
104628	359104	325358	967	39741	 0 

104885	358482	329073	966	39776	 98 
102635	363554	329073	27	778	 95 
102641	363001	329073	21	687	 94 
104809	358831	329073	968	39586	 93 
104841	360542	329073	580	23083	 91 
104853	360406	329073	949	39148	 85 
104075	361031	329073	958	39629	 79 
104858	359008	329073	957	39102	 78 
104824	359784	329073	960	39396	 77 
104810	359933	329073	959	39425	 75 
103812	359436	329073	964	39673	 74 
103805	360807	329073	963	39460	 71 
104941	358996	329073	959	39267	 61 
104831	360887	329073	957	39716	 57 
102636	363317	329073	28	782	 52 
103704	359359	329073	965	39602	 49 
102630	366072	329073	23	710	 49 
102633	364752	329073	23	935	 47 
104832	359116	329073	956	39147	 44 
104852	360268	329073	952	39169	 41 
102636	361553	329073	29	858	 35 
104920	358668	329073	960	39494	 30 
104871	358852	329073	960	39349	 30 
102638	364172	329073	20	224	 30 
104844	360884	329073	471	20203	 26 
102633	365048	329073	30	1270	 19 
104862	359749	329073	951	38987	 10 
104817	361254	329073	553	22277	 10 
102631	361848	329073	31	821	 5 
102627	363186	329073	32	825	 4 ***
103707	362649	329073	28	769	 1 
104845	358607	329073	961	39278	 0 

102471	351046	325573	34	989	 100 
102480	353273	325573	27	781	 97 
103561	353336	325573	23	968	 96 
102472	353420	325573	25	529	 95 
102468	354777	325573	31	1045	 88 
104695	350120	325573	958	39032	 78 
104690	350450	325573	960	39091	 77 
102471	353994	325573	27	860	 76 
102470	353782	325573	34	1335	 69 
104734	349721	325573	956	39183	 67 
104703	349348	325573	959	38860	 65 
104727	350484	325573	957	39023	 62 
103562	352256	325573	30	1087	 62 
104713	350496	325573	951	38412	 60 
102466	355980	325573	33	890	 52 ***
102482	354539	325573	19	575	 48 
102480	353265	325573	30	1291	 41 
103556	351023	325573	32	1086	 33 
102467	355015	325573	14	723	 18 
104742	350173	325573	949	38885	 13 
102470	354787	325573	26	773	 13 
103551	350532	325573	39	1359	 2 
102488	352649	325573	29	1047	 0 

102487	344891	324511	34	1015	 100 
102488	348164	324511	29	826	 99 
104734	343191	324511	940	38862	 98 
104711	342823	324511	946	38642	 98 
104726	343183	324511	943	39040	 88 
104772	342552	324511	947	38526	 88 
104689	343337	324511	938	38472	 84 
102481	347105	324511	30	856	 83 
104763	342421	324511	951	38920	 81 
104749	342615	324511	952	38984	 74 
102490	347687	324511	28	443	 72 
104724	342699	324511	947	38631	 70 
104752	341399	324511	953	38996	 67 
102495	345695	324511	31	952	 66 
102487	346153	324511	30	841	 65 
104645	344937	324511	31	1192	 64 
102490	347553	324511	29	826	 63 
104703	343124	324511	946	39078	 59 
104763	342730	324511	938	38620	 57 
104701	342979	324511	951	38532	 56 
102486	343396	324511	36	892	 55 
102486	344075	324511	40	1130	 52 
104710	342887	324511	944	38169	 47 
104697	343128	324511	946	38437	 44 
102487	349183	324511	29	826	 43 
102486	346679	324511	32	1085	 40 
102480	348607	324511	33	928	 37 
102479	348351	324511	35	1172	 36 ***
104730	343172	324511	942	38467	 33 
104729	342508	324511	954	39304	 32 
104799	342370	324511	950	39210	 26 
103572	347816	324511	27	1490	 23 
102481	346052	324511	33	1068	 18 
102491	346697	324511	28	993	 10 
104722	342804	324511	948	38928	 9 
104698	343091	324511	955	39065	 1 
104738	342999	324511	943	38860	 1 
104712	342710	324511	951	38936	 0 

104880	341875	324533	953	39206	 97 
102602	344880	324533	30	1299	 91 
102597	346553	324533	30	1089	 88 
102601	345256	324533	35	1452	 87 
104798	343156	324533	950	39100	 77 
104815	342313	324533	935	38830	 72 
102600	345953	324533	44	1424	 71 
103682	343987	324533	32	971	 67 
104808	343308	324533	947	38844	 62 
102600	346440	324533	45	1615	 52 
102604	345264	324533	29	907	 46 
104758	343457	324533	563	22877	 34 
104825	342084	324533	950	39036	 32 
102608	347317	324533	27	552	 29 
104877	342100	324533	948	38897	 27 
103673	344018	324533	37	1661	 24 
102595	349076	324533	34	1154	 23 ***
103686	343726	324533	33	1101	 3 
103680	344058	324533	29	1040	 0 

103646	343868	324558	33	1168	 100 
103657	340950	324558	38	1100	 90 
102575	345285	324558	31	1085	 80 
102570	344838	324558	35	1347	 76 
102581	344422	324558	34	1079	 71 
102567	345811	324558	26	773	 66 ***
104743	340636	324558	50	1708	 59 
102585	344553	324558	31	1137	 56 
103650	341095	324558	39	1408	 54 
102576	343885	324558	37	968	 53 
102568	345304	324558	30	901	 43 
102576	344696	324558	33	1068	 42 
102570	344207	324558	38	1406	 40 
104838	340379	324558	943	39071	 37 
102579	343146	324558	38	1323	 34 
102581	343464	324558	36	1353	 33 
102582	344565	324558	30	1070	 24 
102579	344684	324558	35	1203	 11 
102578	343869	324558	39	1182	 9 

102592	338973	325184	35	1118	 98 
104825	336689	325184	947	39189	 97 
104810	337314	325184	952	39918	 95 
104778	337530	325184	573	24454	 95 
103672	340505	325184	27	1003	 89 
103678	338060	325184	35	1144	 76 
102585	340181	325184	30	945	 71 
102584	343158	325184	28	1247	 70 
104813	337507	325184	950	39678	 69 
102590	339337	325184	30	856	 58 
104904	336110	325184	946	39699	 47 
102582	340976	325184	31	916	 40 ***
104883	337084	325184	932	39062	 38 
104816	337426	325184	950	39834	 31 
104853	337406	325184	946	39328	 22 
102597	338412	325184	40	992	 15 
104853	337447	325184	945	39353	 10 
102586	339398	325184	38	1029	 0 

104960	332596	326861	948	39568	 94 
102655	337031	326861	28	1058	 66 
102651	333125	326861	29	819	 63 ***
102660	336463	326861	25	377	 22 
102659	338916	326861	25	242	 16 
104939	332887	326861	955	39845	 14 
104935	333038	326861	949	39344	 7 

105199	332428	334865	957	40387	 95 
102925	334564	334865	32	840	 93 
105193	332455	334865	953	39952	 86 
102901	335435	334865	23	639	 81 
103992	333361	334865	43	1199	 75 
105215	332598	334865	952	39488	 57 
105183	332801	334865	957	40329	 49 
102900	337990	334865	40	1347	 37 ***
103987	334322	334865	20	1077	 35 
105128	333315	334865	924	39780	 17 
105132	332960	334865	955	40122	 12 
102917	335186	334865	48	1212	 11 
105161	332917	334865	949	40214	 10 
102924	335267	334865	40	1202	 8 
105161	332934	334865	951	39936	 4 

