#105562	430512	330645	0	0	 100 
#104441	435946	330645	0	0	 84 ***
#105603	428271	330645	0	0	 81 
#105640	427820	330645	0	0	 61 
#105594	429216	330645	0	0	 57 
#105655	426345	330645	0	0	 53 
#105623	427935	330645	0	0	 27 
#104547	431726	330645	0	0	 17 

105441	421393	331743	35	1100	 98 
104243	426254	331743	35	1013	 93 
105431	420426	331743	974	41270	 91 
105421	421493	331743	979	41488	 90 
104251	424776	331743	20	972	 85 
105426	421456	331743	979	41611	 69 
105456	420421	331743	967	41278	 68 
105456	419944	331743	973	40810	 68 
104243	426310	331743	33	886	 66 
104247	421735	331743	42	1482	 54 
105430	418278	331743	976	41433	 52 
105443	421392	331743	973	40752	 50 
105418	421639	331743	973	41457	 45 
105469	419402	331743	973	40635	 45 
104253	425754	331743	19	882	 43 
104249	422427	331743	34	1070	 41 
104248	426072	331743	35	1100	 31 
104243	423772	331743	36	950	 26 
104238	426397	331743	47	1656	 19 ***
104252	421718	331743	35	1072	 17 
104244	421819	331743	37	1136	 11 

105312	416901	330379	958	41052	 99 
104134	417325	330379	38	1225	 98 
104124	419502	330379	30	863	 92 
105340	414577	330379	942	40406	 91 
105316	421660	330379	18	605	 91 
104129	418098	330379	32	789	 88 
105341	414063	330379	970	40558	 74 
105267	417308	330379	965	40554	 73 
105323	417585	330379	33	1037	 73 
105286	415577	330379	973	41082	 72 
105294	415848	330379	960	40421	 56 
104113	420779	330379	26	767	 46 
104123	420791	330379	24	729	 45 
105352	412963	330379	951	40829	 44 
105333	414956	330379	969	40811	 35 
104112	418439	330379	33	1019	 33 ***
104115	418373	330379	33	1033	 30 
104127	424091	330379	13	450	 28 
104116	418313	330379	41	1122	 27 
105271	416529	330379	962	40289	 23 
105305	414667	330379	970	41129	 19 
105304	415240	330379	967	40650	 17 
105340	416856	330379	948	40860	 15 
105355	411641	330379	971	40947	 11 
105285	416224	330379	969	41017	 8 
104115	420518	330379	32	1018	 5 
105321	417556	330379	35	1078	 4 
105340	415077	330379	964	40484	 3 
105295	415684	330379	963	40550	 2 

103829	415859	322844	964	40669	 99 ***
105018	405055	322844	967	40792	 98 
105054	404996	322844	961	40527	 98 
104991	408046	322844	962	39969	 96 
105006	407461	322844	960	40321	 93 
105051	407533	322844	957	40175	 89 
105042	406529	322844	966	40533	 83 
105050	406194	322844	963	40599	 80 
105042	409026	322844	940	40206	 67 
103855	409055	322844	34	1071	 66 
105051	408829	322844	936	40156	 59 
105069	408607	322844	933	39640	 54 
105083	408516	322844	935	39513	 50 
103838	410032	322844	35	1075	 50 
105048	408862	322844	940	39766	 49 
105046	407458	322844	964	40712	 40 
105017	408109	322844	956	39908	 26 
103837	412063	322844	36	1195	 26 
103837	410043	322844	7	541	 19 
104998	408179	322844	960	40163	 16 
105073	406859	322844	960	40354	 16 
103842	410007	322844	12	947	 14 
105053	406606	322844	961	40571	 12 
105051	407339	322844	938	39773	 7 

103636	402007	321079	40	1031	 93 
104828	398807	321079	45	1279	 85 
103643	404712	321079	34	803	 84 
103661	402224	321079	28	742	 81 
103823	397858	321079	953	39891	 79 
103638	400289	321079	41	997	 75 
103647	401863	321079	38	1081	 74 
103629	402074	321079	39	952	 72 
104814	398737	321079	556	23829	 63 
103657	402472	321079	32	835	 62 
103655	404020	321079	33	931	 58 
104834	401467	321079	40	1115	 56 
103635	401769	321079	42	1005	 51 
104872	398094	321079	952	39558	 46 
103628	402389	321079	40	993	 45 ***
104905	395802	321079	955	39813	 42 
104830	399997	321079	43	1160	 35 
104873	396767	321079	952	39138	 34 
103635	399607	321079	50	1334	 34 
103631	402007	321079	46	1598	 33 
104830	397678	321079	954	39805	 29 
103641	404753	321079	38	864	 27 
104883	397682	321079	947	39317	 16 
104832	397076	321079	953	39311	 15 
104895	395938	321079	954	39770	 14 
103637	401051	321079	41	794	 12 
104834	398211	321079	47	1662	 7 

104757	393052	321290	40	1111	 96 
104762	394404	321290	39	1009	 93 
103548	395897	321290	34	1122	 86 ***
103556	395784	321290	33	1167	 80 
103571	397010	321290	32	1137	 79 
104807	390864	321290	947	39189	 68 
104791	392526	321290	928	38840	 63 
103567	395365	321290	35	1190	 60 
103560	394640	321290	40	1246	 50 
104728	391786	321290	953	39698	 42 
104790	391264	321290	932	39421	 37 
104790	388924	321290	948	39618	 34 
104739	394213	321290	947	39506	 27 
103733	394253	321290	945	39646	 24 
103557	397097	321290	32	1015	 21 
103559	397290	321290	30	1092	 11 
104757	393276	321290	930	39006	 5 
104761	391988	321290	932	39255	 4 

103488	385891	318893	946	39168	 98 
104577	386148	318893	938	38523	 95 
104554	387197	318893	937	39394	 94 
104498	384547	318893	943	39166	 90 
103310	391088	318893	18	530	 88 
103296	390595	318893	33	1196	 86 ***
103317	388724	318893	32	1159	 84 
103302	389459	318893	28	866	 83 
104548	386701	318893	941	38985	 76 
104509	389189	318893	23	292	 69 
104490	388044	318893	943	39284	 68 
103304	391886	318893	25	596	 64 
104542	386743	318893	938	38922	 62 
104491	387484	318893	35	968	 51 
103300	389569	318893	29	1138	 41 
104578	385795	318893	939	39343	 37 
103300	392264	318893	31	1162	 32 
103684	388564	318893	529	22129	 24 
104485	388149	318893	944	38937	 13 
104535	387221	318893	931	38153	 8 

103369	385616	320601	28	1141	 100 
103365	385994	320601	29	1128	 80 
103358	386430	320601	15	419	 70 
103351	382143	320601	34	1403	 68 ***
104541	380465	320601	950	39063	 54 
104599	382047	320601	947	39279	 52 
104615	380903	320601	944	38695	 51 
104616	380557	320601	945	38774	 46 
103363	386757	320601	6	188	 44 
103362	384143	320601	31	1164	 32 
104604	381525	320601	946	38856	 18 
104611	382092	320601	945	38693	 9 
103373	384138	320601	30	911	 4 
104640	380995	320601	929	38648	 1 

103632	386299	325011	32	930	 100 
103628	385711	325011	37	1302	 94 
103612	388346	325011	36	1208	 90 
104862	383460	325011	942	39005	 87 
103808	381721	325011	947	38536	 77 
104837	383831	325011	536	22697	 75 
103616	387713	325011	35	1174	 70 
103617	387584	325011	32	915	 59 
103620	387068	325011	34	1517	 58 
104837	382442	325011	944	38707	 56 
103638	384550	325011	33	986	 55 
103624	387139	325011	31	900	 42 
104918	383726	325011	940	39020	 41 
104926	382835	325011	940	38857	 39 
104875	382820	325011	943	38825	 38 
103616	387095	325011	39	1360	 38 
103625	385847	325011	35	1115	 31 
104936	382818	325011	941	38727	 30 
104909	382624	325011	943	38545	 24 
104806	383896	325011	39	1128	 22 
104895	383374	325011	942	38879	 16 
104814	381242	325011	946	38481	 9 
104868	383410	325011	943	39115	 5 
104821	383971	325011	36	972	 3 
103609	390209	325011	26	1297	 2 ***

103578	379016	322693	31	1197	 96 
104769	377833	322693	42	1383	 87 
104758	377631	322693	43	1038	 85 
104862	374374	322693	947	39020	 81 
104794	375363	322693	949	38897	 72 
103569	380205	322693	37	1065	 69 
104774	376314	322693	54	1472	 62 
104818	374878	322693	937	38665	 57 
103555	377884	322693	38	1155	 52 ***
103578	379778	322693	33	1074	 46 
104765	375830	322693	949	39315	 43 
104765	376654	322693	50	1258	 33 
104769	375561	322693	563	22781	 17 
103572	383978	322693	35	927	 9 
103575	377582	322693	48	1570	 1 

103567	374471	324193	37	1241	 97 
103546	375302	324193	34	1204	 95 
103554	376594	324193	32	1121	 87 
104766	371211	324193	954	39816	 84 
104774	372395	324193	949	39078	 82 
104783	371624	324193	947	39170	 77 
103555	376410	324193	30	892	 76 
104844	373101	324193	925	39012	 65 
104821	371327	324193	953	39299	 63 
103546	376647	324193	15	738	 62 ***
103552	374814	324193	40	1124	 59 
103563	374390	324193	40	986	 51 
104740	373390	324193	37	966	 39 
103557	373126	324193	43	1286	 26 
104784	372678	324193	946	39319	 23 
103558	375159	324193	36	1154	 7 

103560	370876	324690	35	947	 97 
103562	369705	324690	35	962	 94 
104858	368504	324690	948	39464	 92 
104832	368575	324690	943	39661	 78 
103558	374786	324690	35	932	 65 
104846	368310	324690	950	39657	 57 
103571	377790	324690	19	355	 52 
103558	375230	324690	33	1219	 47 
103557	375381	324690	23	551	 33 ***
104804	368625	324690	944	39484	 18 
103563	372520	324690	34	975	 14 
104901	368166	324690	944	39584	 12 
103571	369673	324690	38	1082	 12 
104762	368927	324690	44	1279	 5 
103558	372709	324690	34	917	 4 
103566	373611	324690	29	867	 3 

103683	374774	325842	28	865	 90 
103698	374074	325842	31	1361	 72 
103675	374796	325842	21	317	 67 
103684	373790	325842	37	963	 33 
104982	371263	325842	951	39659	 28 
103673	375212	325842	33	960	 24 ***
103688	372267	325842	36	1251	 18 
104873	371357	325842	47	1321	 10 

103681	372172	326132	30	1068	 90 
104881	370402	326132	30	909	 89 
103679	371865	326132	31	1168	 88 
103684	371764	326132	29	920	 76 
103686	369416	326132	33	1001	 74 
104884	369166	326132	33	984	 72 
102820	377936	326132	953	40161	 69 ***
103679	372511	326132	33	1239	 61 
103682	372075	326132	27	882	 48 
103685	371280	326132	30	1049	 40 
103672	370721	326132	37	1480	 37 
103679	374228	326132	31	1053	 35 
103682	372237	326132	19	625	 29 
103683	369455	326132	34	1072	 24 
104875	366928	326132	39	1278	 18 
103679	370465	326132	33	1342	 17 
104876	369120	326132	37	1019	 14 
104866	366842	326132	40	1043	 2 

102679	368338	324971	40	993	 95 
103758	364899	324971	40	1225	 94 
104838	364618	324971	938	39366	 89 
104824	364556	324971	940	39591	 89 
102671	367662	324971	44	1346	 88 
104779	363772	324971	948	39802	 87 
102672	366988	324971	43	1545	 86 
104741	363586	324971	952	39907	 79 
104237	364393	324971	949	39908	 78 
103758	364668	324971	44	1486	 78 
102683	368117	324971	40	1071	 77 
104835	363686	324971	942	39705	 75 
102680	366646	324971	44	1513	 72 
104816	363354	324971	943	39214	 70 
104772	364531	324971	946	39315	 69 
104787	364278	324971	947	39628	 68 
104787	363609	324971	948	39400	 68 
104793	363791	324971	943	39423	 68 
103763	364621	324971	46	1775	 68 
104863	364457	324971	941	39224	 66 
104785	364543	324971	943	39372	 59 
104825	364033	324971	942	39696	 58 
103763	365576	324971	38	1602	 53 
102674	367378	324971	42	1227	 48 
104770	364551	324971	948	39808	 46 
103753	366453	324971	42	1243	 46 
102669	364919	324971	51	2065	 44 
104798	362873	324971	947	39568	 42 
104783	363612	324971	948	39697	 39 
104838	362851	324971	944	39439	 38 
102664	369262	324971	46	2046	 33 ***
104775	364312	324971	946	39578	 32 
104791	364527	324971	942	39716	 29 
104790	364425	324971	945	39364	 26 
104802	364158	324971	942	39603	 23 
104797	363429	324971	945	39309	 18 
104808	362727	324971	948	39028	 18 
102686	365990	324971	46	1533	 17 
102671	369139	324971	39	1119	 14 
104761	364236	324971	949	39554	 8 

102607	366090	324325	33	1098	 100 
102600	366765	324325	32	844	 74 
104783	362131	324325	948	39552	 72 
102604	366823	324325	31	771	 72 
102607	364624	324325	39	1000	 66 
103687	363698	324325	39	935	 63 
103684	365400	324325	37	1305	 62 
102597	367390	324325	36	946	 61 ***
104713	363511	324325	959	39769	 54 
103690	365992	324325	32	1080	 54 
102611	370812	324325	25	1086	 52 
104714	362120	324325	953	39513	 45 
104764	361939	324325	964	40059	 42 
102599	366581	324325	35	1167	 35 
104703	363170	324325	964	40092	 32 
102606	367935	324325	30	1005	 28 
104743	362745	324325	951	39586	 23 
102605	365213	324325	38	1043	 21 
102602	371380	324325	30	1172	 16 
102604	366169	324325	43	1470	 13 
102603	366977	324325	31	1164	 9 
104779	363123	324325	948	39556	 2 
102602	367996	324325	26	531	 0 

102537	363116	325358	32	1037	 99 
104677	359416	325358	951	39393	 98 
102540	363087	325358	35	1014	 97 
102541	362790	325358	35	874	 95 
104704	359496	325358	947	39142	 93 
102550	361911	325358	38	1147	 84 
103612	362927	325358	33	1145	 82 
104673	359432	325358	955	39229	 80 
104654	359550	325358	953	39329	 80 
103622	365169	325358	27	1097	 76 
102536	363623	325358	32	954	 71 
102532	363689	325358	40	1182	 68 ***
104642	358453	325358	959	39184	 67 
102538	363597	325358	28	875	 62 
103630	358521	325358	957	39051	 61 
104720	358075	325358	955	39268	 59 
103634	359694	325358	956	39259	 55 
104731	359120	325358	949	39308	 46 
104653	359064	325358	956	39423	 37 
104707	357767	325358	962	39495	 32 
104715	359024	325358	954	38762	 32 
104667	358906	325358	956	39381	 31 
104718	359302	325358	953	39136	 29 
104685	358257	325358	961	39602	 28 
103621	361277	325358	38	1281	 28 
104683	359691	325358	948	39013	 24 
102533	359881	325358	39	1056	 21 
102536	364329	325358	31	965	 17 
104677	359357	325358	949	39203	 15 
104705	358217	325358	957	39407	 13 
104685	358031	325358	963	39369	 13 
102542	362454	325358	34	863	 7 

103790	361250	329073	967	39755	 95 
104881	361050	329073	573	22587	 94 
103833	361481	329073	962	39317	 90 
104834	359625	329073	964	39385	 88 
102725	362309	329073	38	1040	 88 
104883	361663	329073	477	20183	 87 
104850	358913	329073	959	39356	 80 
104071	360574	329073	956	39417	 77 
104838	360014	329073	941	39342	 77 
102721	361834	329073	48	1499	 76 
104845	359821	329073	962	39457	 74 
104835	361054	329073	940	39204	 72 
103791	362125	329073	42	1384	 72 
102722	362879	329073	39	1149	 71 
104833	360249	329073	962	39323	 69 
104870	358783	329073	969	39891	 67 
102719	363501	329073	34	612	 60 
104883	362217	329073	40	1674	 55 
104834	359037	329073	965	39606	 53 
104834	360120	329073	959	39298	 50 
104891	359453	329073	941	39352	 46 
102716	363567	329073	37	1070	 45 
104830	359945	329073	969	39876	 42 
103793	363261	329073	36	1096	 42 
104889	359367	329073	943	39173	 39 
104895	358256	329073	960	39423	 38 
104864	359620	329073	958	39612	 34 
104873	359467	329073	941	39360	 30 
104834	359965	329073	954	39209	 30 
104871	358826	329073	961	39681	 30 
104857	359772	329073	954	39271	 28 
104853	359809	329073	956	39497	 25 
104870	358888	329073	959	38755	 25 
104929	359256	329073	957	39475	 25 
102711	362645	329073	40	1027	 25 
103856	361237	329073	963	39784	 22 
104865	361349	329073	939	39370	 21 
104804	360256	329073	945	39375	 20 
102715	364138	329073	38	862	 18 
102723	366977	329073	32	960	 13 
104911	360748	329073	935	38960	 8 
104885	359376	329073	942	38901	 7 
103797	363127	329073	36	1088	 6 
104880	359628	329073	937	38669	 2 
102710	364391	329073	36	856	 0 ***

102555	353782	325573	31	810	 97 
104682	351549	325573	938	38630	 95 
102557	356323	325573	28	818	 92 
102548	353878	325573	30	1104	 85 
103629	353014	325573	36	1276	 78 
104727	350004	325573	956	38786	 77 
104110	351826	325573	955	38829	 74 
103618	352008	325573	48	1493	 73 
102539	355910	325573	36	1731	 71 
102560	355907	325573	26	869	 62 
102555	357110	325573	27	991	 60 
104676	351882	325573	954	38855	 55 
104680	351055	325573	952	38914	 52 
104700	350480	325573	950	38961	 51 
102547	355679	325573	42	1155	 47 
104720	350997	325573	943	38258	 46 
104707	351535	325573	941	38630	 46 
103627	353575	325573	31	1417	 46 
104662	351028	325573	960	39027	 45 
104688	350069	325573	957	39214	 41 
102544	356035	325573	34	967	 40 
104755	349410	325573	958	39084	 32 
104676	350663	325573	964	39340	 29 
102537	356008	325573	37	1249	 27 ***
104708	355643	325573	28	1014	 24 
104693	350106	325573	953	38570	 23 
104169	351720	325573	955	38305	 19 
104679	351552	325573	955	39068	 17 
104688	351775	325573	935	38492	 17 
102553	352489	325573	37	1306	 17 
104670	351890	325573	954	38838	 15 
102547	356541	325573	33	1193	 13 
104683	350164	325573	951	38619	 9 
104718	351061	325573	938	38509	 8 
102556	353373	325573	36	914	 7 
102556	357261	325573	24	745	 4 
104664	350696	325573	956	38896	 0 

104721	342525	324511	948	39012	 99 
104720	341958	324511	951	38946	 99 
102554	348599	324511	25	865	 96 
104712	343271	324511	941	38930	 83 
104750	342874	324511	943	38419	 80 
102550	349366	324511	24	736	 80 
103633	344130	324511	39	1161	 79 
104733	343383	324511	924	38454	 74 
103629	346054	324511	35	1128	 73 
104714	342728	324511	950	39165	 69 
104758	342873	324511	937	38496	 67 
104698	342327	324511	952	38778	 64 
102544	346295	324511	32	1108	 60 
104711	344013	324511	939	38652	 59 
102540	350416	324511	39	1226	 57 ***
104668	343981	324511	953	38922	 47 
102544	344462	324511	38	1398	 44 
104737	342334	324511	946	38890	 43 
103525	344387	324511	955	39308	 39 
104677	343584	324511	949	39008	 39 
102543	349873	324511	32	735	 33 
102544	348758	324511	25	529	 29 
102544	346780	324511	30	1055	 26 
104686	343421	324511	949	39022	 23 
102552	347239	324511	26	773	 18 
104691	342763	324511	944	38762	 16 
104719	342540	324511	948	39143	 15 
104679	343989	324511	947	38336	 15 
104750	342981	324511	929	38188	 14 
102541	349410	324511	35	976	 8 
103629	346585	324511	30	849	 6 
102543	349211	324511	38	1308	 0 

104878	345139	324533	932	38116	 97 
104913	344901	324533	935	38427	 90 
104869	344483	324533	936	38340	 89 
102685	345814	324533	35	1316	 86 
104892	343280	324533	940	38274	 84 
104853	344260	324533	938	38840	 80 
102657	346914	324533	40	1111	 80 
104786	343108	324533	950	38795	 75 
104922	343933	324533	939	38342	 74 
103770	343704	324533	955	39256	 72 
102665	347193	324533	39	1199	 72 
102662	349276	324533	38	1277	 69 
104886	343380	324533	943	38515	 67 
104852	344192	324533	939	38559	 66 
104923	344080	324533	933	38049	 66 
104853	344014	324533	939	38632	 64 
104824	342594	324533	951	38917	 64 
104839	341040	324533	951	38957	 59 
104844	342900	324533	945	38383	 58 
104853	341851	324533	950	39073	 57 
104920	341432	324533	947	38540	 55 
104872	342680	324533	945	38759	 55 
102666	345718	324533	44	1364	 52 
104895	342922	324533	940	38639	 50 
102651	347359	324533	40	1239	 47 ***
102668	346050	324533	28	796	 46 
104855	342249	324533	946	38638	 36 
102668	345561	324533	40	1542	 36 
104828	342563	324533	955	38926	 35 
103638	344316	324533	952	39185	 33 
104804	344562	324533	939	38737	 28 
104803	343415	324533	940	38977	 28 
104783	344827	324533	951	38649	 27 
104843	343226	324533	946	39017	 24 
103747	345269	324533	36	1177	 18 
102667	348111	324533	27	742	 17 
104856	344611	324533	936	38516	 16 
104788	344562	324533	949	38673	 11 
104064	344850	324533	944	38532	 8 

104816	341756	324558	935	38838	 94 
102619	344475	324558	36	928	 93 
102626	349698	324558	24	844	 90 
104775	341509	324558	942	39027	 89 
104814	341138	324558	945	39454	 83 
102611	344815	324558	31	598	 79 ***
103705	344338	324558	38	1038	 76 
102617	345806	324558	25	843	 70 
102630	344801	324558	35	935	 69 
104784	342341	324558	43	1280	 61 
104814	341559	324558	940	39059	 54 
104793	342245	324558	941	39273	 22 
102625	343479	324558	45	1750	 15 
104890	341185	324558	941	39241	 13 
104798	341443	324558	950	39482	 11 
103703	344643	324558	26	1080	 8 
103702	342497	324558	44	1385	 4 
103703	342388	324558	40	1311	 0 

104868	337261	325184	948	39834	 99 
104809	337346	325184	950	39517	 97 
104856	337008	325184	955	39879	 94 
104814	337685	325184	943	39380	 92 
104916	337210	325184	945	39409	 92 
102637	341143	325184	34	927	 89 
102647	340158	325184	34	959	 83 
104844	337557	325184	941	39611	 81 
104880	338428	325184	937	39403	 79 
104841	337529	325184	944	39199	 68 
104867	337375	325184	944	39354	 65 
103724	339624	325184	35	1229	 62 
102634	344659	325184	30	794	 61 ***
104878	336998	325184	948	38869	 60 
103772	338774	325184	948	39627	 59 
102642	341480	325184	25	762	 55 
104780	338052	325184	950	39696	 54 
102642	340466	325184	37	1238	 48 
104791	338417	325184	943	39307	 41 
104815	337508	325184	945	39566	 38 
104857	338449	325184	927	38875	 36 
104810	337671	325184	948	39398	 33 
102636	341254	325184	31	988	 31 
104883	338319	325184	939	39153	 30 
103712	341082	325184	19	487	 25 
104844	337043	325184	952	39545	 24 
102647	340734	325184	35	941	 20 
102643	341072	325184	36	1108	 15 
104841	337076	325184	949	39835	 13 
104824	339267	325184	927	39071	 9 
104844	338807	325184	940	39541	 9 
103723	340736	325184	29	1502	 9 
102634	342284	325184	22	251	 8 
104842	337429	325184	947	39617	 7 
103698	339854	325184	947	39346	 0 
104807	338826	325184	928	39078	 0 

104865	333513	326861	949	39735	 95 
104874	333902	326861	945	39656	 92 
102715	334717	326861	33	994	 89 
102704	337967	326861	37	961	 87 ***
104944	332345	326861	952	39259	 86 
104953	332493	326861	946	39411	 84 
104899	333346	326861	941	39244	 82 
102713	338420	326861	28	822	 81 
103799	336967	326861	24	752	 77 
102711	336530	326861	29	860	 75 
102714	336243	326861	37	1022	 73 
102713	339166	326861	27	955	 70 
102710	337738	326861	31	1200	 55 
104970	333267	326861	940	38840	 51 
102709	339595	326861	32	1044	 45 
104928	333309	326861	944	39575	 36 
102710	339191	326861	26	777	 33 
104113	333706	326861	953	39767	 32 
104916	332924	326861	945	39788	 29 
104947	333544	326861	937	39158	 29 
102709	339649	326861	35	1033	 29 
102707	336660	326861	37	1124	 28 
104874	333508	326861	954	39402	 24 
102717	337202	326861	20	339	 24 
102716	336487	326861	30	838	 20 
104903	332544	326861	948	39597	 18 
104890	332814	326861	952	39431	 14 
104155	334534	326861	949	39389	 11 
102710	338768	326861	34	1257	 8 

105163	333618	334865	940	40141	 99 
105164	333753	334865	935	39397	 99 
105197	332737	334865	949	40157	 95 
105156	333678	334865	949	39503	 94 
105157	334022	334865	947	39913	 93 
105185	332703	334865	959	40320	 92 
105140	334177	334865	948	39752	 90 
102953	339061	334865	35	1361	 87 
105204	333824	334865	932	39508	 86 
103989	333231	334865	950	39814	 80 
104035	336864	334865	36	1457	 77 
105195	333130	334865	948	39597	 76 
102954	337187	334865	21	415	 75 
105103	334289	334865	948	39712	 71 
104028	338110	334865	17	696	 71 
105149	332792	334865	955	40168	 70 
105174	332795	334865	954	40131	 69 
105159	334302	334865	935	39459	 66 
105173	332905	334865	954	40021	 64 
105173	332943	334865	953	40061	 62 
102953	341314	334865	30	1310	 59 
102963	336172	334865	47	1326	 55 
104051	336617	334865	34	1120	 54 
105192	332274	334865	958	40214	 48 
102954	340551	334865	34	1566	 48 
105213	332645	334865	957	39864	 46 
105105	335335	334865	930	39288	 41 
102949	337502	334865	36	1243	 40 
105158	334656	334865	932	39820	 38 
102949	339022	334865	36	1086	 32 ***
105193	332908	334865	950	39955	 30 
105146	334663	334865	931	39199	 29 
105129	336171	334865	37	1406	 29 
105095	335514	334865	942	39576	 25 
102958	337080	334865	35	1056	 17 
104036	336237	334865	35	1581	 7 
105238	333828	334865	925	38966	 6 
105161	334520	334865	925	39388	 1 

