#105010	430342	330645	0	0	 98 
#104424	434397	330645	0	0	 86 ***
#105615	427093	330645	0	0	 85 
#104461	433120	330645	0	0	 75 
#105641	426064	330645	0	0	 74 
#104456	433934	330645	0	0	 67 
#104623	431516	330645	0	0	 53 
#105625	426629	330645	0	0	 32 
#105595	429456	330645	0	0	 27 
#105599	427680	330645	0	0	 1 

104213	427353	331743	31	1121	 94 
105467	420925	331743	974	41029	 93 
104221	425887	331743	28	1113	 86 
104221	425259	331743	30	916	 83 
104219	422269	331743	33	1096	 82 
104216	428774	331743	29	875	 81 
105424	421046	331743	979	41700	 78 
105427	419593	331743	977	40827	 75 
104225	422888	331743	30	674	 74 
104209	424914	331743	33	1000	 70 ***
105490	420222	331743	974	41233	 68 
104229	427541	331743	19	630	 68 
105433	420972	331743	973	41554	 58 
104223	424384	331743	26	627	 58 
105449	420406	331743	976	41594	 52 
105391	421337	331743	973	41202	 51 
104241	426365	331743	25	848	 51 
104222	426089	331743	27	893	 46 
104217	426507	331743	29	1049	 41 
105433	421752	331743	971	40969	 35 
104214	425817	331743	31	675	 33 
105444	421928	331743	970	40962	 30 
104219	424144	331743	31	1083	 25 
104223	427654	331743	25	662	 24 
104220	428476	331743	23	724	 22 
104221	426725	331743	27	858	 20 
104233	427555	331743	13	572	 19 
104218	430785	331743	28	927	 15 
104231	427603	331743	15	698	 14 
105466	419769	331743	976	41630	 13 
104220	426106	331743	29	873	 12 
105458	421964	331743	486	21089	 10 
105465	420962	331743	970	41286	 4 
104215	423450	331743	32	915	 1 

105348	416060	330379	942	39669	 97 
104103	416466	330379	31	1025	 94 
105293	415531	330379	968	40997	 83 
105374	412771	330379	963	40946	 79 
105296	414973	330379	965	41085	 69 
104100	417976	330379	15	501	 64 
104308	415600	330379	971	41150	 58 
105316	414821	330379	968	40592	 58 
105336	413543	330379	967	40800	 45 
104097	420484	330379	39	1323	 42 
105370	413770	330379	493	20740	 28 
104102	416221	330379	33	1151	 27 
105308	414973	330379	955	40371	 24 
105287	415752	330379	966	40623	 23 
104101	416628	330379	33	1070	 17 
105291	414316	330379	972	41149	 13 
104090	420198	330379	967	40478	 12 ***
104095	420858	330379	32	1029	 10 

105067	407254	322844	957	40193	 97 
103988	408751	322844	962	40370	 96 
105033	408609	322844	958	40451	 95 
103810	409373	322844	11	357	 90 
103804	412990	322844	32	1164	 73 
105059	405685	322844	959	40445	 67 
105067	405016	322844	960	40587	 66 
105042	409318	322844	956	39497	 61 
103804	412298	322844	31	1040	 60 
105084	408777	322844	941	39475	 59 
105047	407871	322844	944	39715	 58 
105069	404091	322844	960	40461	 48 
103806	410947	322844	30	1010	 47 
103808	409957	322844	34	975	 44 
105081	408786	322844	938	39733	 43 
105078	403993	322844	961	40415	 39 
105048	406705	322844	962	40350	 38 
103803	411174	322844	35	1240	 38 
103793	413470	322844	39	1764	 33 ***
105050	407557	322844	957	40494	 32 
103802	413474	322844	32	1258	 31 
105015	406113	322844	965	39809	 29 
103804	411826	322844	33	1063	 25 
105090	407577	322844	942	39681	 18 
103805	411462	322844	28	1019	 12 
105012	407184	322844	959	40043	 6 
105052	407097	322844	960	40546	 3 

102759	403464	321079	954	39599	 96 ***
103624	400681	321079	34	1028	 90 
104905	397573	321079	948	39382	 87 
104788	399989	321079	957	39892	 69 
103615	400920	321079	33	923	 54 
103609	405020	321079	28	887	 44 
103835	400533	321079	959	39818	 37 
104802	399143	321079	37	1000	 36 
103609	401477	321079	22	887	 30 
104838	397540	321079	957	39886	 21 
104829	397724	321079	554	22619	 7 
104845	397098	321079	949	39355	 6 
103608	402212	321079	31	900	 5 

104815	391240	321290	949	39630	 100 
102684	398921	321290	33	1177	 96 
102693	399573	321290	32	841	 95 
102695	399965	321290	23	936	 90 
102704	398353	321290	19	741	 88 
102683	399008	321290	38	1323	 85 
104766	393684	321290	950	39554	 82 
102690	396574	321290	40	1171	 81 
104731	393122	321290	955	39887	 70 
102687	398569	321290	36	1281	 67 
104790	392012	321290	943	39405	 66 
103762	395046	321290	39	1012	 64 
103768	394013	321290	42	1649	 59 
103780	393906	321290	40	1400	 41 
104786	393204	321290	942	39160	 34 
104775	393728	321290	949	39524	 30 
104779	393604	321290	952	39675	 30 
102689	397235	321290	35	926	 30 
104829	392412	321290	930	39544	 29 
103769	395271	321290	38	768	 23 
104802	391733	321290	946	39263	 22 
104754	391099	321290	953	39669	 20 
102699	397720	321290	33	934	 19 
103671	395713	321290	955	39850	 17 
104767	393629	321290	950	39415	 16 
104808	390085	321290	950	39461	 15 
104796	391077	321290	951	39552	 15 
102696	398117	321290	34	1232	 15 
104836	391592	321290	947	39675	 13 
102683	400139	321290	37	1329	 12 
104780	393193	321290	944	39116	 7 
102694	398864	321290	34	942	 6 
102682	401022	321290	36	1362	 4 ***
104830	390660	321290	949	39631	 3 
104785	391672	321290	951	39433	 3 

103497	388443	318893	39	1225	 98 
104525	385908	318893	947	38808	 94 
102409	391083	318893	33	1041	 90 
103491	390442	318893	38	1221	 87 
103491	388144	318893	46	1876	 83 
102420	390996	318893	38	1564	 82 
104560	386661	318893	942	38958	 81 
104550	386684	318893	942	39233	 74 
104561	386216	318893	945	39426	 71 
104579	384157	318893	944	39024	 63 
103404	388604	318893	949	39140	 62 
102421	391052	318893	33	909	 62 
102404	394159	318893	32	1386	 61 ***
102408	391428	318893	28	759	 55 
102423	390932	318893	37	924	 53 
103505	388156	318893	45	1240	 41 
103510	387374	318893	948	39495	 33 
104544	387295	318893	944	39013	 26 
104556	386442	318893	946	39424	 24 
103370	389912	318893	943	39218	 22 
104489	387497	318893	946	38934	 21 
103490	389359	318893	43	1175	 19 
103746	388123	318893	945	39416	 18 
103491	389272	318893	39	1015	 18 
103484	389822	318893	947	39221	 8 
104516	387309	318893	933	38396	 4 

103556	384998	320601	33	842	 97 
104628	381321	320601	944	38341	 84 
103551	383184	320601	38	630	 82 
103804	382728	320601	942	38160	 81 
102461	386796	320601	31	900	 77 ***
102466	388474	320601	14	629	 71 
104612	382104	320601	946	39257	 70 
104642	381303	320601	941	38334	 63 
104646	380438	320601	947	38885	 58 
104619	381058	320601	947	38973	 55 
104603	380310	320601	948	39375	 55 
103551	384436	320601	39	686	 50 
102479	387609	320601	27	839	 45 
104657	380487	320601	945	39008	 44 
102475	389291	320601	12	578	 43 
104540	382679	320601	948	38871	 40 
104580	382590	320601	944	38878	 39 
104587	382005	320601	947	38943	 39 
102469	385664	320601	30	774	 37 
104623	381897	320601	931	38903	 35 
103543	386484	320601	21	819	 32 
104574	382342	320601	946	39082	 20 
102464	386082	320601	32	1022	 18 
104563	382341	320601	949	39100	 13 
104603	383149	320601	940	38664	 13 
104581	382249	320601	942	38940	 12 
103547	384471	320601	42	1270	 7 
104646	380809	320601	946	39104	 1 

102741	387475	325011	30	1363	 100 
104897	385979	325011	42	1507	 94 
103664	386431	325011	942	39170	 86 
104865	383808	325011	930	38716	 85 
102716	388432	325011	34	1090	 83 
104828	382337	325011	937	38518	 80 
104816	383837	325011	942	38856	 75 
102716	386846	325011	32	950	 70 
104850	384290	325011	931	38267	 63 
104898	383478	325011	929	38480	 55 
102714	388592	325011	47	1723	 55 ***
104878	382541	325011	931	38682	 51 
104860	381179	325011	941	38551	 42 
102736	386830	325011	35	983	 42 
104818	383369	325011	945	38903	 40 
104851	383105	325011	934	39040	 29 
103816	384417	325011	46	1442	 22 
103816	386304	325011	45	1659	 19 
103816	385047	325011	54	1705	 7 
104908	380640	325011	946	38974	 6 
102733	387591	325011	27	969	 3 
104903	381057	325011	943	39018	 0 

102650	381565	322693	33	1148	 100 
104899	374114	322693	948	39041	 85 
104822	375134	322693	953	39115	 79 
102657	380792	322693	35	1182	 74 
102672	383973	322693	31	1018	 68 
104850	373803	322693	949	38965	 58 
102655	380039	322693	36	1482	 58 
103728	377192	322693	27	1032	 52 
104835	375178	322693	945	38921	 45 
103736	375825	322693	49	1499	 43 
104859	374897	322693	947	39086	 42 
102650	379672	322693	48	1810	 41 
102660	379369	322693	40	1110	 35 
102661	378269	322693	52	2492	 28 
104811	381817	322693	25	886	 27 
104803	375547	322693	943	38962	 20 
102647	384700	322693	41	1915	 19 ***
102657	379521	322693	53	1444	 9 

104756	373917	324193	958	39679	 99 
104788	373011	324193	951	39512	 93 
104870	371881	324193	955	39785	 88 
104761	373919	324193	949	39366	 87 
102649	380566	324193	25	1032	 84 
104801	372168	324193	46	1142	 82 
104772	373250	324193	947	39274	 80 
102631	376035	324193	31	900	 80 
103715	375331	324193	45	1278	 74 
103800	374187	324193	953	39789	 72 
104776	372527	324193	954	39807	 71 
102653	380206	324193	26	837	 70 
102630	376117	324193	32	1018	 50 
102638	379887	324193	30	928	 49 
103716	375113	324193	37	1220	 43 
104832	371923	324193	947	39479	 30 
102637	381254	324193	30	1006	 30 
103705	375506	324193	41	1071	 29 
102631	381427	324193	30	892	 22 
104793	373279	324193	946	39304	 19 
104762	373627	324193	943	38952	 17 
102640	379111	324193	29	1077	 15 
104758	373441	324193	956	39646	 12 
104761	374198	324193	949	39389	 9 
102042	378520	324193	35	1303	 2 ***

102040	374912	324690	32	943	 94 
102058	378769	324690	29	694	 93 
103126	368728	324690	42	1023	 85 
102054	378771	324690	28	861	 77 
104842	368090	324690	945	39335	 65 
102051	372633	324690	32	954	 65 
102046	373517	324690	30	896	 58 
103133	371912	324690	39	1022	 40 
103138	368481	324690	45	1128	 38 
102067	377602	324690	21	947	 37 
104794	367713	324690	947	39862	 35 
102042	372551	324690	36	996	 35 
102045	374813	324690	32	901	 30 
102039	373990	324690	33	905	 26 
104800	368112	324690	942	39588	 25 
102656	373386	324690	29	527	 14 
102052	372668	324690	31	952	 13 
102038	377220	324690	34	969	 12 ***

102162	379554	325842	16	1020	 95 
102771	377485	325842	26	609	 80 
103241	373912	325842	37	1008	 79 
103245	372883	325842	41	1454	 67 
102162	375387	325842	36	1159	 63 
102154	377655	325842	29	894	 61 
104322	371584	325842	40	1031	 60 
102162	378435	325842	26	624	 58 
102164	376445	325842	30	712	 51 
102166	375595	325842	31	932	 38 
102154	379759	325842	30	984	 36 ***
103238	374224	325842	44	1542	 34 
102154	376957	325842	30	898	 17 
103253	375064	325842	32	749	 10 
104940	370832	325842	950	39308	 7 
102756	375830	325842	30	898	 6 

102149	372135	326132	34	1159	 96 
102126	371130	326132	35	1125	 93 ***
104975	367220	326132	949	39832	 82 
102142	373070	326132	29	898	 81 
104126	368138	326132	954	40027	 76 
102757	375231	326132	19	939	 75 
102131	373519	326132	33	1057	 73 
102149	374193	326132	27	636	 57 
103226	370262	326132	43	1176	 52 
104936	367776	326132	947	39865	 49 
103826	372410	326132	29	905	 46 
103227	369636	326132	42	1309	 44 
102155	371668	326132	30	873	 40 
104928	367469	326132	948	39830	 26 
104996	367890	326132	942	39660	 24 
103228	369746	326132	36	1244	 24 
104921	366518	326132	953	40065	 22 
102142	372600	326132	31	1164	 16 
103234	370396	326132	34	970	 14 
103234	369500	326132	40	1317	 11 
104309	367983	326132	46	1433	 2 
104975	366485	326132	952	40071	 1 

104788	363743	324971	947	39371	 94 
104787	363809	324971	947	39250	 85 
104789	362896	324971	944	39815	 83 
104761	363955	324971	44	1623	 83 
104153	367715	324971	24	843	 73 
104789	363941	324971	941	39140	 72 
104833	363889	324971	939	39084	 70 
104741	363678	324971	949	39874	 63 
102002	367362	324971	36	881	 62 
104805	363851	324971	943	39300	 61 
104814	363648	324971	943	39662	 45 
104810	363850	324971	943	39463	 38 
104881	363794	324971	941	39124	 28 
101993	364491	324971	38	902	 10 ***

104781	361945	324325	955	39429	 98 
103016	363541	324325	18	191	 84 
101938	365442	324325	33	848	 79 
104734	362448	324325	932	39060	 65 
101951	364944	324325	23	379	 55 
101935	366185	324325	33	736	 34 
104699	362179	324325	957	39562	 33 
104770	362088	324325	956	39550	 26 
101934	366389	324325	31	997	 25 ***
101940	365491	324325	31	827	 7 

101872	362955	325358	31	1046	 94 
101877	363676	325358	25	561	 84 
104737	358873	325358	947	38847	 73 
104043	359467	325358	964	39419	 70 
104642	359484	325358	959	39365	 67 
104657	359062	325358	943	39241	 64 
101879	363559	325358	24	650	 64 
104689	358827	325358	956	38663	 58 
101864	360657	325358	35	1081	 55 ***
102945	359512	325358	23	724	 53 
104670	358838	325358	948	39139	 52 
104686	359234	325358	565	22486	 51 
101880	359524	325358	36	890	 44 
102482	362204	325358	26	546	 43 
104652	358367	325358	961	39446	 42 
104673	358221	325358	957	39349	 36 
102943	364223	325358	19	806	 31 
103587	359501	325358	967	39740	 30 
104705	358561	325358	955	38746	 30 
104694	358215	325358	960	39289	 28 
104734	357905	325358	967	39688	 24 
101875	360787	325358	34	868	 19 
101872	361925	325358	33	988	 16 
104722	357911	325358	960	39600	 11 
104717	358710	325358	951	39244	 6 
101874	363015	325358	28	767	 1 

104859	359908	329073	960	39225	 99 
104811	360695	329073	961	39801	 97 
102059	361735	329073	37	989	 96 
104852	361330	329073	955	39619	 95 
104245	360502	329073	962	39770	 92 
102046	362100	329073	30	836	 88 ***
103144	361733	329073	35	1098	 85 
104884	359350	329073	955	38929	 83 
104845	360562	329073	956	39297	 78 
102050	361464	329073	40	1045	 77 
104905	358931	329073	959	39541	 71 
103135	365072	329073	23	508	 70 
102056	362038	329073	35	910	 69 
104850	361445	329073	953	39195	 68 
104859	359441	329073	941	38738	 62 
104841	360115	329073	957	39349	 62 
102062	361741	329073	36	1270	 62 
104866	359470	329073	937	39030	 61 
104854	360892	329073	955	38870	 56 
104845	360093	329073	960	39345	 51 
102058	364446	329073	25	776	 48 
103144	362615	329073	29	1446	 47 
104895	359117	329073	957	39306	 41 
104832	360681	329073	960	39277	 39 
104860	358302	329073	967	39867	 38 
104821	359165	329073	961	39337	 37 
104861	358791	329073	962	39784	 31 
104906	358815	329073	961	39556	 24 
102047	362098	329073	33	1068	 24 
104911	358454	329073	958	39164	 22 
104863	358705	329073	964	39875	 22 
104841	361415	329073	956	39029	 10 
104869	359293	329073	959	39611	 9 
104871	359137	329073	960	39691	 1 
104783	360287	329073	967	39790	 0 

102996	350928	325573	41	1485	 95 
101884	353751	325573	31	1230	 94 ***
104773	349821	325573	954	38761	 87 
101886	353275	325573	7	90	 82 
102966	352446	325573	32	1390	 81 
101901	351069	325573	40	1396	 77 
102978	351184	325573	34	980	 73 
104684	350061	325573	954	39115	 72 
104783	349196	325573	957	38937	 65 
102972	351537	325573	38	1221	 64 
101890	352415	325573	33	910	 55 
103915	350286	325573	958	38797	 46 
101897	351499	325573	39	1308	 46 
104696	350346	325573	953	38743	 41 
104695	350677	325573	464	19745	 26 
101884	353990	325573	23	370	 23 
104068	353249	325573	31	1327	 22 
104696	349738	325573	958	39264	 18 
104752	350419	325573	951	38660	 11 
104632	350426	325573	935	37922	 5 

104678	342779	324511	946	38862	 77 
101891	345486	324511	27	796	 69 ***
103574	345202	324511	34	1176	 56 
102975	346008	324511	12	501	 45 
104706	341934	324511	930	38562	 37 
101908	344149	324511	39	1038	 27 
104786	341904	324511	946	39089	 24 
101902	346083	324511	11	722	 8 
104691	342596	324511	953	39243	 5 
104649	342943	324511	559	22859	 3 

104876	342215	324533	953	39032	 93 
102022	347622	324533	32	1007	 92 ***
102025	344220	324533	22	793	 86 
104875	342300	324533	947	38695	 76 
102645	343651	324533	35	1298	 74 
104852	342800	324533	944	39129	 68 
104855	342592	324533	942	38259	 57 
104846	342551	324533	952	39056	 56 
104886	341959	324533	948	38433	 51 
102022	347781	324533	29	1055	 49 
104878	342491	324533	926	38438	 47 
103104	343206	324533	39	1570	 46 
104911	342181	324533	947	38832	 41 
104807	342745	324533	947	38529	 30 
104829	342983	324533	946	39124	 22 
102626	344808	324533	20	822	 21 
104885	342061	324533	949	39060	 16 
104839	342759	324533	946	38997	 11 

104788	342314	324558	942	38905	 95 
103653	343619	324558	941	39223	 94 
104770	343402	324558	950	39440	 90 
104812	342623	324558	934	38982	 89 
103060	343620	324558	32	1341	 85 
104783	343229	324558	937	38942	 80 
102010	343756	324558	40	1220	 77 
104759	343592	324558	941	38824	 73 
101986	349017	324558	33	903	 72 ***
101995	348534	324558	31	874	 69 
104782	342909	324558	947	39224	 67 
102003	344092	324558	38	1215	 57 
104819	341156	324558	940	39347	 54 
101990	345706	324558	39	1264	 46 
104770	343353	324558	942	38892	 39 
101996	345455	324558	28	1011	 35 
104798	343547	324558	936	38525	 29 
104855	342912	324558	925	39201	 23 
102592	343979	324558	31	983	 20 
104811	342918	324558	462	19593	 17 
104802	343371	324558	935	38694	 6 
104792	341324	324558	937	39049	 4 
101997	344955	324558	31	1378	 2 
104809	343168	324558	935	38785	 0 

104174	340223	325184	31	1078	 98 
102626	340736	325184	29	849	 97 
102610	340764	325184	30	806	 90 
102015	339456	325184	35	889	 86 
104795	337635	325184	945	39453	 69 
102022	342488	325184	26	988	 67 
102005	344113	325184	33	1519	 52 ***
104832	337255	325184	949	39760	 47 
104836	336827	325184	951	39317	 45 
102017	342923	325184	30	1014	 42 
104790	338270	325184	951	39844	 36 
104834	337175	325184	952	39772	 36 
104869	336479	325184	954	39846	 25 
102011	339546	325184	32	1069	 19 
102018	341107	325184	27	892	 17 
104836	337131	325184	945	39543	 16 
102618	338583	325184	38	1249	 16 
102023	340994	325184	29	1022	 14 
103694	339011	325184	32	1158	 8 
104849	337054	325184	947	39519	 6 
104816	337393	325184	455	19069	 1 
102015	340484	325184	31	894	 0 

102088	336189	326861	29	1062	 96 
103860	334682	326861	959	40039	 92 
104905	334705	326861	938	39210	 78 
102075	337163	326861	29	1027	 77 
104996	332738	326861	947	39462	 76 
104978	334809	326861	937	38801	 74 
103156	334859	326861	30	1080	 69 
102089	335853	326861	27	800	 65 
104949	332668	326861	950	39615	 62 
104888	333331	326861	954	39648	 61 
104355	334826	326861	949	39280	 51 
102085	337438	326861	24	761	 50 
102077	338923	326861	28	779	 48 
104891	333013	326861	956	39658	 47 
104128	333792	326861	952	39843	 39 
102092	338525	326861	22	463	 38 
104933	332471	326861	951	39927	 34 
104914	333789	326861	941	39380	 34 
102070	340022	326861	29	787	 34 ***
104894	333484	326861	950	39122	 31 
104883	333552	326861	953	39334	 29 
104890	334513	326861	945	39641	 23 
104889	332494	326861	958	39983	 18 
102080	336194	326861	25	784	 17 
104901	332879	326861	945	39124	 16 
104932	334371	326861	940	39143	 14 
104888	334760	326861	943	39151	 13 
104887	334815	326861	951	39745	 12 
102080	340573	326861	23	746	 10 
104919	332665	326861	954	39816	 8 
102078	337040	326861	26	962	 5 
104931	333307	326861	942	39323	 3 
102085	337834	326861	23	739	 3 
102080	339673	326861	25	762	 1 

105128	333568	334865	951	40256	 100 
105164	332351	334865	952	39974	 99 
104081	334845	334865	955	40181	 95 
102323	337204	334865	37	1341	 94 
102319	337705	334865	30	1337	 93 
105110	333543	334865	954	40222	 90 
105168	332761	334865	951	39670	 86 
103420	336001	334865	30	1053	 86 
105217	332362	334865	949	39808	 85 
102326	336357	334865	33	1092	 74 
105079	334561	334865	956	39931	 69 
105186	332700	334865	937	39734	 69 
105138	333439	334865	960	40377	 68 
105141	333038	334865	953	40193	 61 
102326	337370	334865	30	824	 60 
105131	333882	334865	949	40094	 53 
104115	335797	334865	954	40141	 52 
102328	337593	334865	21	637	 51 
102941	336963	334865	30	824	 48 
105141	333111	334865	957	40126	 47 
104371	335719	334865	953	39758	 42 
105122	333907	334865	952	40009	 41 
105102	335400	334865	940	39650	 40 
102327	337644	334865	28	790	 39 
102331	337534	334865	26	608	 38 
105141	334422	334865	948	39503	 37 
105142	334100	334865	944	39833	 37 
105205	334457	334865	936	39420	 35 
102322	338555	334865	25	994	 33 
105114	335367	334865	469	19924	 30 
105167	335026	334865	941	39733	 28 
102318	338504	334865	35	1235	 23 ***
105184	333817	334865	945	40088	 18 
105145	332543	334865	958	40199	 16 
102332	337450	334865	29	809	 15 
102318	336510	334865	38	1226	 13 
105152	332975	334865	947	39354	 12 
103414	336138	334865	31	1113	 12 
105158	332784	334865	953	40243	 10 
105121	334910	334865	953	40149	 9 
105128	335037	334865	949	39766	 8 
105181	334890	334865	943	40088	 1 

