#105596	430018	330645	0	0	 80 
#105609	428906	330645	0	0	 77 
#105590	430731	330645	0	0	 73 
#105616	428852	330645	0	0	 67 
#104602	431769	330645	0	0	 58 
#104524	433094	330645	0	0	 51 
#105636	428375	330645	0	0	 48 
#105591	430346	330645	0	0	 16 
#105652	426244	330645	0	0	 14 
#104472	433461	330645	0	0	 4 
#104453	438771	330645	0	0	 1 ***

105441	422899	331743	36	1079	 99 
104255	430745	331743	27	500	 98 
104247	427365	331743	32	1089	 89 
105411	419387	331743	976	40872	 88 
104250	431508	331743	22	942	 86 
105400	420372	331743	971	40891	 82 
104255	431456	331743	25	466	 77 
104253	425461	331743	32	778	 69 
104244	424724	331743	33	1037	 68 ***
105444	426714	331743	31	1040	 67 
104255	428260	331743	30	667	 61 
105461	419177	331743	977	41273	 58 
105452	421924	331743	966	40876	 53 
104252	426370	331743	32	800	 47 
104252	428557	331743	30	641	 46 
105399	422580	331743	976	41199	 39 
105463	421774	331743	966	40843	 34 
105467	419012	331743	974	41224	 13 
104255	423055	331743	38	1205	 13 
104256	423207	331743	32	793	 11 
105450	422262	331743	969	41132	 10 
105417	422960	331743	969	41135	 9 
105458	421841	331743	968	40847	 8 
105398	422548	331743	979	41359	 8 
105456	419381	331743	980	41636	 5 
104253	423911	331743	33	823	 0 

105325	414922	330379	967	40706	 100 
104132	423345	330379	34	660	 98 ***
105299	415351	330379	966	40857	 95 
104713	416836	330379	965	40877	 95 
104134	421375	330379	34	1223	 94 
105349	421807	330379	27	721	 80 
104144	420500	330379	29	1128	 77 
104143	421893	330379	29	927	 74 
104142	417368	330379	38	1099	 73 
105289	415668	330379	970	40728	 69 
105309	416024	330379	945	39996	 68 
105337	418329	330379	31	1053	 68 
105325	414094	330379	967	41003	 59 
104145	420170	330379	29	1019	 58 
105386	414580	330379	961	40684	 57 
104136	419834	330379	39	778	 56 
104137	419082	330379	33	1115	 51 
105270	417365	330379	963	40203	 48 
105318	416256	330379	557	23297	 47 
105330	415699	330379	962	40381	 40 
105293	415495	330379	968	40565	 31 
104143	422014	330379	31	1027	 30 
104137	419531	330379	34	1060	 28 
105332	415826	330379	942	40362	 22 
104149	418993	330379	35	1215	 9 
104139	423272	330379	20	407	 8 
105324	414315	330379	970	41052	 7 

105046	405742	322844	960	40623	 93 
105065	406287	322844	958	40354	 91 
105071	407319	322844	957	40666	 91 
105098	408249	322844	950	39794	 88 
103856	415723	322844	30	1077	 85 
103852	416195	322844	30	666	 84 
105063	407159	322844	958	40356	 83 
105031	405581	322844	967	40762	 71 
105037	409416	322844	37	1198	 66 
105067	405095	322844	963	40478	 58 
105053	410714	322844	24	911	 57 
103844	411770	322844	32	1036	 54 
103842	412836	322844	32	1026	 49 ***
105053	405471	322844	961	40466	 48 
105027	407916	322844	959	40626	 42 
105014	406957	322844	963	40366	 37 
105037	406262	322844	959	40620	 30 
105035	409956	322844	954	40034	 30 
105061	409027	322844	952	39684	 28 
105009	409501	322844	956	40235	 25 
103849	415051	322844	31	911	 23 
105025	409366	322844	956	40140	 21 
105039	409463	322844	35	1072	 19 
103844	410974	322844	33	1281	 17 
105079	404941	322844	964	40753	 7 
103871	408021	322844	957	40486	 6 
105046	407939	322844	955	40456	 5 
103852	416109	322844	30	642	 2 
105009	410941	322844	955	40534	 1 
105084	408952	322844	948	39654	 0 

104909	396908	321079	953	39580	 96 
104854	397386	321079	949	39224	 89 
104920	397329	321079	931	38996	 87 
104859	400179	321079	41	1114	 86 
104843	399479	321079	940	39715	 77 
104889	396752	321079	956	40081	 77 
104875	399366	321079	937	39670	 75 
104830	398526	321079	950	39429	 71 
104827	398764	321079	952	39338	 71 
104808	399233	321079	955	39747	 66 
103674	401643	321079	30	892	 62 
103673	402412	321079	31	922	 58 
104812	398706	321079	953	39722	 56 
104915	399754	321079	933	39372	 54 
103668	402729	321079	30	892	 52 
103663	403262	321079	12	789	 50 
104280	401177	321079	953	39957	 47 
104800	400929	321079	955	39569	 38 
104859	399779	321079	40	1347	 35 
104911	397102	321079	949	39136	 32 
103653	402761	321079	37	1250	 30 ***
104864	399457	321079	948	39348	 18 
104831	398980	321079	949	39136	 16 
104856	397265	321079	949	39757	 10 
104898	398753	321079	936	39361	 8 
103664	401234	321079	35	999	 6 
104851	398320	321079	953	39771	 5 

104829	391491	321290	949	39661	 98 
104764	392556	321290	948	39549	 95 
104792	391633	321290	937	38763	 92 
104776	396082	321290	46	1453	 90 
104767	394339	321290	929	38815	 89 
103719	396137	321290	951	39837	 88 
104817	395294	321290	925	38677	 85 
103580	397353	321290	38	1422	 83 
104852	390293	321290	943	39416	 79 
104755	392957	321290	948	39522	 78 
104776	395679	321290	39	978	 78 
104785	391938	321290	953	39666	 77 
104734	395961	321290	929	39238	 76 
104841	393541	321290	924	38658	 74 
104786	395100	321290	926	39087	 73 
103582	397762	321290	32	1018	 72 
103584	396199	321290	37	1216	 71 
103583	396505	321290	46	1774	 63 
103582	398325	321290	31	1118	 62 
103577	397363	321290	36	1081	 61 
104792	391186	321290	951	39593	 60 
103587	396161	321290	34	938	 58 
103585	397742	321290	25	666	 56 
104814	391057	321290	950	38648	 55 
104760	392569	321290	954	39861	 54 
104783	392184	321290	948	39247	 52 
104772	395885	321290	529	21758	 50 
104751	393442	321290	943	39598	 47 
103725	394175	321290	952	39597	 43 
103576	397499	321290	33	1037	 37 
103941	393785	321290	953	39762	 35 
104739	394015	321290	944	39718	 33 
103572	398482	321290	34	1199	 31 ***
104797	393127	321290	930	39066	 21 
104786	391676	321290	949	39482	 19 
103777	394852	321290	949	39496	 17 
103582	396918	321290	36	1190	 17 
103583	396227	321290	34	1392	 10 
103573	398993	321290	28	634	 7 

103316	392021	318893	30	933	 97 
103306	389637	318893	33	990	 86 ***
103327	390809	318893	18	960	 84 
104509	388290	318893	43	1037	 81 
103322	390565	318893	31	922	 73 
103952	389545	318893	944	38698	 71 
104496	389218	318893	946	39219	 67 
104515	387198	318893	945	38923	 66 
104536	387324	318893	944	39023	 61 
103323	394992	318893	28	873	 57 
104531	387676	318893	943	39210	 53 
104483	388460	318893	947	39304	 52 
104478	389320	318893	943	39084	 50 
103310	393119	318893	31	874	 43 
104501	386274	318893	950	39261	 42 
104540	385882	318893	931	38690	 41 
103314	392200	318893	32	930	 38 
104504	387752	318893	932	38166	 36 
104526	387116	318893	945	39056	 23 
104526	386323	318893	947	39481	 21 
104517	387873	318893	39	1038	 20 
104501	388692	318893	41	1021	 16 
104540	387492	318893	936	38594	 2 

104631	385247	320601	477	19653	 100 
104592	383150	320601	912	37690	 93 
103390	387225	320601	32	923	 93 
103374	385370	320601	36	976	 90 
103361	388663	320601	36	1213	 88 ***
104585	380748	320601	946	38790	 86 
104562	384267	320601	920	38652	 84 
103376	388942	320601	27	958	 80 
104015	382313	320601	939	37847	 72 
103363	386117	320601	34	939	 61 
104596	383699	320601	551	23272	 55 
104588	380580	320601	919	38137	 53 
103388	388160	320601	32	1326	 50 
103375	389625	320601	31	919	 48 
103394	385670	320601	34	953	 37 
103367	388396	320601	32	967	 29 
104561	384795	320601	923	38313	 25 
104558	385777	320601	20	342	 24 
104562	381794	320601	920	38536	 16 

103632	386062	325011	36	1391	 97 
103624	389077	325011	26	909	 95 
103616	389713	325011	22	763	 85 
103615	387677	325011	35	1072	 83 
103618	385977	325011	44	1160	 76 
103607	388365	325011	35	1064	 72 ***
104894	383186	325011	941	39021	 70 
104821	386391	325011	34	625	 65 
103620	386453	325011	36	1426	 60 
103612	386285	325011	49	1357	 53 
104236	381864	325011	944	38429	 52 
104812	383365	325011	36	833	 45 
104852	381255	325011	942	38528	 41 
104887	383208	325011	936	38759	 33 
104870	383342	325011	481	19735	 31 
104904	382501	325011	931	38707	 28 
103620	386982	325011	34	913	 24 
103632	388374	325011	28	589	 21 
104812	383805	325011	48	1904	 7 
103620	388194	325011	34	1026	 3 
104801	384177	325011	47	1577	 1 

103570	378086	322693	39	1404	 87 
103556	382923	322693	29	1072	 85 ***
103574	380009	322693	36	1087	 72 
103567	379977	322693	39	1406	 67 
104770	377032	322693	940	38897	 55 
103558	380047	322693	33	906	 55 
104752	377371	322693	35	1311	 50 
104801	374186	322693	940	38670	 49 
104760	378413	322693	33	746	 48 
104882	376726	322693	934	38692	 46 
104863	376889	322693	938	38381	 40 
103563	379480	322693	40	1474	 28 
103578	377694	322693	43	1258	 26 
104864	376596	322693	939	38564	 15 
104030	375507	322693	942	38402	 8 
103563	377055	322693	46	1815	 8 
103557	380334	322693	20	679	 7 
103580	379253	322693	34	1158	 3 

104790	371592	324193	947	39115	 88 
103547	377084	324193	31	1129	 86 
103543	377281	324193	31	893	 84 
103536	376612	324193	32	1144	 83 
104750	373709	324193	950	39330	 80 
104057	375981	324193	952	39746	 78 
103555	378884	324193	28	855	 69 
103535	376341	324193	35	1136	 63 
103543	377954	324193	30	992	 60 
104767	372548	324193	929	39103	 53 
103542	380296	324193	28	752	 38 
103556	377054	324193	30	649	 27 
103532	378172	324193	33	1038	 26 ***
104792	372539	324193	539	23363	 25 
104730	375391	324193	47	1129	 17 
104833	371859	324193	944	39571	 12 
103556	376130	324193	35	1275	 12 
104737	374512	324193	43	1207	 9 
104744	374260	324193	953	39733	 5 
104755	372109	324193	949	39465	 5 

104749	370788	324690	43	1267	 94 
103545	374989	324690	14	195	 86 
104874	368634	324690	946	39198	 85 
104211	370790	324690	947	39627	 78 
104825	368675	324690	945	39788	 76 
104742	371747	324690	35	976	 74 
103557	373132	324690	30	992	 73 
104882	368657	324690	941	39122	 70 
104802	369362	324690	942	39334	 66 
104817	368333	324690	948	39810	 62 
104840	368861	324690	926	39015	 55 
103542	372520	324690	33	924	 54 ***
104791	369417	324690	951	39828	 51 
103992	371953	324690	950	39695	 44 
104810	369309	324690	951	39784	 37 
103546	373187	324690	6	30	 36 
104738	369434	324690	45	1246	 34 
104849	368839	324690	940	39504	 25 
103784	372186	324690	951	39564	 24 
103553	373022	324690	31	1236	 12 

104847	374707	325842	39	1256	 100 
104855	372409	325842	42	1390	 98 
103652	375366	325842	5	373	 93 ***
103924	374308	325842	958	39604	 84 
104965	371414	325842	957	39972	 74 
104887	372225	325842	949	39348	 67 
104941	372052	325842	946	39328	 66 
104394	374394	325842	953	39961	 57 
104372	373995	325842	954	40049	 48 
104945	371900	325842	960	40047	 43 
104920	371921	325842	954	40059	 33 
104850	372698	325842	40	1076	 18 
104859	372435	325842	41	1061	 9 
104853	372563	325842	39	1016	 0 

104929	367768	326132	948	39837	 84 
104343	369371	326132	953	39814	 82 
104892	369581	326132	950	39922	 81 
103651	373730	326132	30	806	 77 
104912	368863	326132	943	39600	 76 
103652	373265	326132	29	663	 75 
104916	370059	326132	937	39380	 70 
103661	372679	326132	29	791	 68 
104959	366989	326132	944	39123	 60 
103646	374346	326132	31	917	 57 ***
103658	372849	326132	30	913	 49 
103650	372303	326132	34	1064	 48 
104336	370589	326132	949	39903	 41 
104918	369505	326132	922	39102	 40 
104122	370853	326132	950	39736	 40 
103896	369933	326132	951	40126	 34 
104982	367532	326132	928	38839	 33 
103647	373080	326132	37	1427	 31 
104903	370110	326132	946	39858	 28 
104905	368634	326132	951	40121	 25 
103650	372251	326132	41	1383	 23 
104928	367385	326132	953	40244	 22 
104918	367611	326132	949	39871	 20 
104847	370184	326132	34	1003	 19 
103655	371128	326132	31	943	 18 
103651	372601	326132	31	1035	 16 
104910	369704	326132	947	39734	 13 
104934	368328	326132	945	39691	 10 
104933	366472	326132	953	40122	 5 
104999	368964	326132	925	39399	 2 

104722	365171	324971	36	1211	 99 
104777	364999	324971	942	39228	 92 
104780	364401	324971	941	39233	 91 
104791	364070	324971	948	39668	 90 
104797	363576	324971	941	39533	 90 
104782	364277	324971	947	39382	 90 
103515	368808	324971	28	362	 88 ***
104808	363250	324971	950	39693	 85 
103522	367511	324971	33	510	 77 
104828	363883	324971	936	39164	 74 
103526	365084	324971	41	1135	 70 
104806	364560	324971	935	38927	 61 
104777	364530	324971	948	39883	 55 
103519	365903	324971	34	515	 55 
104786	364245	324971	947	39695	 54 
104799	364894	324971	940	39456	 53 
104757	363966	324971	949	39803	 50 
104746	364631	324971	947	39812	 46 
104757	364430	324971	952	39867	 44 
104774	364954	324971	943	39415	 37 
104818	364233	324971	935	38967	 37 
104794	363641	324971	943	39550	 29 
104841	363044	324971	932	39448	 28 
104814	363502	324971	938	38727	 27 
104815	364476	324971	927	38777	 18 
104821	363225	324971	945	39498	 15 
104801	364959	324971	932	38878	 15 
104862	362997	324971	950	39603	 15 
104793	363665	324971	947	39508	 14 
104790	364316	324971	942	39340	 9 
103525	367932	324971	32	797	 0 

104778	363187	324325	953	39506	 98 
104654	363375	324325	37	927	 94 
104762	362931	324325	955	39837	 84 
104736	362879	324325	960	39863	 81 
104791	363227	324325	952	39394	 77 
104716	363038	324325	957	39833	 74 
103978	364327	324325	956	39752	 72 
104760	363301	324325	955	39843	 67 
104747	362112	324325	960	39746	 67 
103453	367258	324325	19	326	 66 ***
104720	362902	324325	957	39686	 55 
104776	361975	324325	961	39530	 42 
104747	362521	324325	957	39967	 28 
104694	363093	324325	958	39464	 27 
104736	363369	324325	940	39214	 26 
104743	363161	324325	956	39617	 26 
104761	362836	324325	956	39567	 23 
103453	364922	324325	12	165	 22 
104771	362999	324325	954	39161	 17 
104766	362131	324325	957	39736	 15 
104779	363362	324325	951	39845	 6 

104681	359652	325358	952	39175	 100 
104674	358976	325358	956	39417	 96 
104628	359741	325358	957	39659	 95 
104685	358723	325358	954	39139	 91 
103390	363366	325358	37	1155	 88 
104679	359707	325358	935	38876	 83 
104624	359650	325358	960	39183	 81 
104684	358150	325358	958	39055	 81 
104698	359193	325358	942	39075	 76 
104680	358740	325358	956	39599	 68 
104644	359015	325358	961	39631	 61 
103389	364429	325358	19	617	 60 ***
104681	359250	325358	953	39394	 59 
103393	361164	325358	32	828	 58 
104687	358060	325358	960	39452	 57 
103390	363431	325358	34	825	 56 
104701	359275	325358	937	38510	 54 
103888	359857	325358	967	39793	 53 
104665	359086	325358	956	39535	 52 
104685	358014	325358	964	39301	 47 
104699	358274	325358	956	39355	 33 
104631	359429	325358	960	39669	 29 
103400	364246	325358	31	783	 28 
104710	358169	325358	954	38883	 27 
103395	360175	325358	36	1103	 26 
104655	358713	325358	957	39622	 25 
104681	358660	325358	966	39748	 25 
104664	359910	325358	954	39268	 12 
104691	357473	325358	958	38992	 12 
104690	358379	325358	943	38837	 11 
103407	359924	325358	37	997	 10 
104677	359488	325358	955	39447	 9 
104595	363572	325358	26	695	 5 
104725	357964	325358	954	39344	 3 

104904	358779	329073	949	39082	 99 
104858	359100	329073	965	39823	 97 
104867	358966	329073	967	39784	 92 
104835	361030	329073	936	38962	 92 
103585	362808	329073	27	777	 91 
104846	360640	329073	956	39188	 90 
104870	360916	329073	935	38644	 86 
104804	361472	329073	961	39766	 85 
104879	358818	329073	959	39280	 82 
104800	359791	329073	966	39746	 81 
103577	363326	329073	35	878	 77 
104841	359893	329073	957	39438	 76 
104873	360299	329073	941	38570	 74 
104830	360125	329073	960	38818	 73 
103594	361906	329073	40	1088	 64 
103585	362193	329073	41	1467	 61 
104888	360026	329073	954	39287	 59 
103583	362992	329073	34	572	 59 
104864	361001	329073	935	38797	 55 
104812	360687	329073	946	38978	 53 
103582	362332	329073	41	1393	 52 
104878	359152	329073	963	39874	 49 
104795	360009	329073	964	39416	 48 
103580	363651	329073	25	715	 46 
103576	364069	329073	40	1174	 45 
104924	360249	329073	941	38750	 44 
103604	362287	329073	36	1103	 39 
103571	365216	329073	36	627	 38 ***
104821	360220	329073	960	39391	 34 
104861	359156	329073	962	39419	 31 
104888	359637	329073	953	39465	 30 
104838	360662	329073	956	39311	 28 
104834	359498	329073	958	39162	 27 
104825	359818	329073	961	39524	 24 
104903	359381	329073	956	39639	 24 
104843	359412	329073	965	39886	 22 
104871	360279	329073	944	38922	 21 
103714	360335	329073	963	39831	 20 
104857	360804	329073	941	39015	 19 
104833	359739	329073	967	39857	 16 
103578	363252	329073	32	835	 15 
103590	366666	329073	20	330	 12 
104890	358701	329073	967	39843	 11 
104894	358518	329073	957	39168	 10 
104795	361898	329073	959	39278	 9 
104848	359699	329073	956	39603	 5 

104673	351471	325573	954	38963	 100 
103611	351112	325573	955	39224	 95 
103410	353043	325573	33	1086	 90 ***
104681	350844	325573	952	38878	 82 
103426	357934	325573	29	905	 73 
104729	350859	325573	937	37942	 72 
104707	350597	325573	951	38956	 71 
104681	351121	325573	953	38658	 70 
104710	350063	325573	956	38917	 67 
103428	354883	325573	18	622	 65 
104690	350212	325573	952	39018	 64 
104671	351092	325573	957	38963	 53 
103422	352935	325573	34	889	 49 
103545	350672	325573	958	38790	 45 
103428	352310	325573	40	1388	 43 
103434	354728	325573	28	1265	 39 
104721	351596	325573	943	38757	 36 
104737	350523	325573	941	38949	 36 
104650	351764	325573	570	22581	 36 
104621	354323	325573	31	1085	 34 
104724	350883	325573	940	38841	 21 
103422	355792	325573	31	812	 19 
104624	351939	325573	45	1440	 18 
104698	350174	325573	960	38702	 16 
103428	356047	325573	21	671	 13 
103424	352518	325573	34	822	 9 

103433	347698	324511	30	793	 100 
103436	346688	324511	41	1357	 99 
104739	342308	324511	949	38682	 97 
103435	346957	324511	35	862	 97 
103926	344127	324511	948	39255	 92 
104720	343474	324511	920	38344	 84 
103428	349229	324511	41	2001	 76 ***
103432	347666	324511	39	1202	 75 
104701	343252	324511	948	38519	 74 
104693	343452	324511	946	38993	 67 
104716	342654	324511	946	38911	 53 
103441	347632	324511	34	1330	 49 
104757	343048	324511	945	38504	 46 
103437	349327	324511	27	923	 44 
104774	342247	324511	950	38349	 41 
103443	344393	324511	42	1208	 41 
103447	346837	324511	33	850	 40 
103443	349322	324511	24	820	 38 
104710	343060	324511	941	39015	 37 
104681	342841	324511	949	38917	 32 
104686	342337	324511	956	39338	 30 
104661	343892	324511	949	38782	 29 
104721	343993	324511	912	37628	 16 
104693	343337	324511	945	38512	 13 
103552	344155	324511	943	38586	 10 
104726	342328	324511	948	39040	 2 
103429	349071	324511	43	1624	 2 

103556	349587	324533	26	773	 98 
104822	343343	324533	949	38932	 93 
103543	349176	324533	30	841	 90 
104842	342906	324533	946	38272	 84 
104859	342945	324533	942	38168	 77 
104751	344209	324533	43	1984	 77 
103797	344146	324533	954	39076	 72 
104081	344894	324533	946	38630	 68 
103803	344582	324533	950	39123	 65 
104832	343331	324533	941	38206	 63 
104876	342416	324533	945	38764	 63 
104824	343977	324533	947	38693	 61 
104829	342451	324533	948	39058	 60 
104830	344036	324533	946	38942	 53 
103549	347141	324533	28	1032	 49 
104828	342358	324533	949	38812	 46 
104756	346779	324533	24	968	 45 
103553	345256	324533	38	1265	 44 
104848	342831	324533	947	38500	 43 
104849	342418	324533	944	38970	 43 
104831	343662	324533	946	38874	 42 
104869	343567	324533	936	38631	 39 
104879	343537	324533	934	38837	 37 
104851	341916	324533	952	38879	 34 
103551	346009	324533	30	1399	 33 
104813	343982	324533	947	39100	 29 
103558	348370	324533	27	1002	 27 
104885	342226	324533	947	38918	 25 
104868	342354	324533	947	38580	 24 
103536	345561	324533	47	1377	 24 ***
103545	346584	324533	40	1201	 22 
104862	341611	324533	949	38715	 21 
104865	341501	324533	948	38177	 19 
104820	343162	324533	951	39099	 18 
103549	345468	324533	40	1717	 16 
104819	343512	324533	954	38963	 15 
103545	346131	324533	31	1177	 15 
103570	347288	324533	27	834	 11 
104237	343904	324533	950	38625	 9 
104861	341795	324533	949	38961	 5 
104861	342867	324533	943	38248	 4 
104849	343860	324533	937	38769	 4 
104815	343923	324533	948	38661	 2 

104833	341876	324558	940	38866	 90 
104783	344447	324558	938	39390	 87 
104794	342323	324558	943	39340	 86 
104913	341338	324558	940	39130	 84 
104822	342433	324558	915	38313	 84 
104823	342009	324558	937	39136	 82 
104776	344244	324558	939	39161	 81 
104793	343178	324558	941	39106	 79 
103520	344568	324558	23	813	 75 
104807	342530	324558	937	38946	 74 
104795	342271	324558	944	39030	 71 
104790	343827	324558	929	38502	 71 
104782	343596	324558	940	38832	 70 
104837	341686	324558	943	39281	 70 
103507	345614	324558	32	1001	 69 ***
104768	342949	324558	943	39073	 66 
104796	342677	324558	941	39041	 60 
104804	342851	324558	918	38500	 60 
103509	344964	324558	10	709	 52 
104851	341602	324558	944	39015	 40 
104804	343969	324558	918	38593	 32 
104803	341884	324558	946	39351	 23 
104771	343316	324558	941	38618	 17 
103762	344127	324558	942	39311	 17 
104808	342578	324558	929	39039	 17 
104797	343629	324558	924	38301	 17 
104800	342073	324558	941	38959	 16 
104786	344176	324558	937	38751	 14 
104807	341625	324558	949	39465	 13 
104903	341731	324558	935	39094	 10 
104830	341712	324558	943	39211	 7 
104788	343449	324558	940	39158	 3 
103742	344297	324558	940	39280	 2 
104811	340707	324558	946	39215	 1 

104814	338001	325184	953	39691	 99 
103540	341449	325184	34	848	 99 
104849	337722	325184	943	39698	 96 
104848	338252	325184	929	38967	 93 
104787	338993	325184	946	39218	 92 
104740	339777	325184	34	1111	 92 
103543	341565	325184	33	827	 90 
103531	341473	325184	37	1576	 86 ***
103539	340506	325184	41	1675	 85 
104804	338861	325184	941	39038	 80 
104209	340454	325184	942	39496	 80 
104844	337018	325184	948	39287	 79 
104816	337794	325184	941	39635	 77 
104813	339146	325184	928	38784	 76 
104815	339131	325184	927	39151	 71 
104878	337217	325184	925	38674	 67 
104868	338064	325184	935	39425	 66 
104913	336647	325184	944	39149	 55 
103777	338679	325184	951	39941	 55 
103546	340671	325184	13	234	 50 
103533	341751	325184	36	936	 47 
103543	340717	325184	15	430	 39 
104792	338142	325184	950	39444	 37 
104799	338074	325184	950	39451	 34 
104807	338421	325184	940	39256	 32 
104815	337162	325184	946	39377	 27 
104842	339431	325184	926	38855	 27 
104829	338322	325184	937	38744	 21 
104789	338386	325184	950	39700	 15 
103542	340865	325184	38	961	 12 
103538	342118	325184	34	1058	 5 
104810	338337	325184	947	39721	 4 
104873	337098	325184	947	39830	 3 
104786	338677	325184	951	39629	 1 
103541	341567	325184	31	802	 1 

104867	334019	326861	956	40010	 95 
103602	337195	326861	34	1194	 85 
104918	333618	326861	935	39573	 71 
103601	337333	326861	33	965	 71 ***
104883	334258	326861	943	39478	 68 
104882	334122	326861	950	39737	 59 
104890	332830	326861	944	38963	 57 
104880	333001	326861	956	39833	 48 
103603	334912	326861	27	644	 48 
104834	334686	326861	951	39385	 40 
103602	338411	326861	30	838	 39 
104883	333367	326861	951	39664	 32 
104167	334734	326861	954	39710	 17 
104901	333798	326861	465	19981	 14 
104926	332631	326861	948	39870	 13 
103608	339348	326861	26	846	 11 
104881	334307	326861	928	38888	 5 
104855	334139	326861	947	39913	 0 

105134	334208	334865	948	40046	 99 
105206	333105	334865	946	39797	 95 
103850	336889	334865	29	797	 94 
105170	334438	334865	935	39637	 92 
105117	335355	334865	950	39803	 90 
105141	333907	334865	949	39923	 88 
105124	334797	334865	946	40089	 86 
105168	335018	334865	930	39532	 85 
105137	333155	334865	951	39589	 83 
105165	334748	334865	947	39675	 83 
105034	337402	334865	27	1021	 76 
104095	336443	334865	951	40047	 75 
105111	334974	334865	955	40272	 73 
105132	334620	334865	951	39921	 72 
104321	336097	334865	956	40001	 70 
105162	332801	334865	953	40202	 63 
105041	335371	334865	40	1114	 62 
103853	337457	334865	27	807	 54 
105115	335146	334865	953	39719	 51 
105058	336250	334865	36	1387	 50 
105129	334747	334865	949	39183	 46 
105169	333800	334865	949	39976	 44 
105116	334254	334865	953	39853	 44 
105039	337197	334865	27	1043	 41 
105150	335124	334865	933	39482	 40 
105127	334206	334865	953	40234	 36 
105129	333930	334865	954	40200	 35 
105121	335093	334865	946	40169	 34 
103841	338988	334865	25	795	 33 
103842	337613	334865	24	754	 28 
104350	335519	334865	938	39987	 21 
105218	334896	334865	930	39304	 20 
103841	337785	334865	9	576	 19 
105049	337266	334865	26	777	 18 
105174	334004	334865	933	39683	 17 
105174	334378	334865	946	39357	 17 
105108	335222	334865	959	40432	 16 
105221	334729	334865	931	39324	 15 
105192	333538	334865	941	39708	 12 
105157	332651	334865	956	40055	 12 
103845	337495	334865	25	527	 12 
105169	334970	334865	941	39729	 10 
103593	336983	334865	952	40255	 10 ***
105137	333934	334865	948	40154	 9 
103846	336908	334865	30	857	 7 
103840	339573	334865	26	1002	 5 
105123	334475	334865	952	40251	 3 
104054	334733	334865	960	40419	 2 
105189	333681	334865	949	39866	 2 

