#104584	429622	330645	0	0	 93 
#104452	433224	330645	0	0	 89 
#105577	428352	330645	0	0	 77 
#105598	427122	330645	0	0	 51 
#104436	438062	330645	0	0	 31 ***
#105642	427115	330645	0	0	 25 
#105576	429183	330645	0	0	 9 

104241	422826	331743	34	1041	 93 
104231	425391	331743	33	1037	 90 
104229	426947	331743	33	1031	 89 
104228	425314	331743	34	945	 84 
104235	424058	331743	32	915	 77 
105422	422108	331743	972	41292	 74 
104232	426383	331743	31	907	 74 
104238	422713	331743	35	1053	 72 
105429	417916	331743	977	40688	 71 
104229	427652	331743	33	1037	 68 
104233	425055	331743	33	1037	 67 
104231	428719	331743	31	1014	 66 
104234	424459	331743	30	977	 65 
104231	423926	331743	35	1047	 60 
105423	421584	331743	977	41403	 57 
104232	425881	331743	32	909	 55 
105487	419467	331743	973	41520	 54 
105420	419780	331743	981	41402	 48 
105412	422180	331743	976	40956	 46 
104900	422170	331743	982	41524	 41 
104234	423071	331743	36	1188	 39 
105439	419840	331743	973	41258	 35 
104236	426601	331743	26	1066	 27 
105389	422420	331743	972	41468	 22 
105401	422260	331743	974	41482	 18 
104227	428071	331743	33	976	 15 
105424	421008	331743	36	1093	 13 
105396	421880	331743	979	41347	 12 
104227	426916	331743	36	1235	 7 
104224	428272	331743	34	976	 5 ***

104110	416648	330379	33	964	 99 
104126	417778	330379	29	950	 95 
104121	418007	330379	29	659	 80 
104111	417199	330379	32	937	 76 
105322	415812	330379	960	40300	 70 
104109	419955	330379	26	571	 69 
105327	415532	330379	961	40646	 64 
104112	416754	330379	31	1025	 60 
104118	421109	330379	25	702	 58 
105358	413718	330379	971	41170	 52 
105272	414816	330379	969	40644	 45 
104113	419520	330379	28	637	 38 
104112	416197	330379	33	927	 36 
104112	418567	330379	30	1003	 33 
104107	418081	330379	31	724	 29 
105309	414792	330379	966	40971	 19 
104119	417509	330379	30	892	 19 
105351	414941	330379	965	40447	 18 
105305	413925	330379	967	41040	 13 
104103	421334	330379	30	903	 13 
105336	415383	330379	958	40384	 10 
105284	415054	330379	962	40185	 8 
104103	418129	330379	31	778	 7 ***

103831	409970	322844	32	790	 100 
104984	409456	322844	958	40538	 87 
105064	405508	322844	962	40370	 81 
105011	408439	322844	965	40828	 76 
105023	405264	322844	968	40750	 75 
105029	405624	322844	957	40117	 74 
105012	409357	322844	955	40426	 72 
105013	408704	322844	961	40265	 59 
105018	409073	322844	955	39708	 49 
103828	410367	322844	29	665	 47 ***
105023	407925	322844	33	1037	 40 
105002	408563	322844	964	40620	 33 
103829	409801	322844	35	1174	 22 
103835	409612	322844	10	523	 3 

103644	400558	321079	19	299	 97 ***
104844	398845	321079	936	39241	 90 
104910	396854	321079	960	39836	 89 
104874	398311	321079	949	39611	 61 
104837	399914	321079	32	553	 60 
104841	397403	321079	956	39709	 55 
103663	399221	321079	34	939	 54 
104920	397691	321079	954	39515	 42 
104881	397418	321079	955	39749	 41 
103659	400125	321079	36	983	 31 
104822	398076	321079	951	39249	 29 
104868	396988	321079	958	39750	 18 
104862	397330	321079	956	39979	 14 
104806	397782	321079	958	39924	 1 
104873	398501	321079	935	39422	 0 

103581	395634	321290	42	1294	 98 
104778	392818	321290	947	39874	 97 
104869	391875	321290	940	39422	 96 
103584	394439	321290	35	1040	 95 
103575	396119	321290	22	677	 88 
103573	401266	321290	36	1000	 77 ***
103589	394373	321290	38	1424	 75 
103583	396046	321290	38	1200	 52 
104760	393565	321290	948	39292	 32 
103577	397148	321290	18	395	 31 
103591	394288	321290	36	927	 27 
104806	391355	321290	951	39778	 24 
104779	391988	321290	45	1295	 24 
104770	393104	321290	930	38400	 22 
104034	393798	321290	943	39424	 22 
103955	390792	321290	952	39367	 19 
103588	394900	321290	34	946	 19 
104767	392448	321290	951	39368	 14 
103728	394173	321290	953	39302	 7 
104778	393146	321290	41	1047	 7 

104546	385923	318893	945	39139	 100 
103332	392793	318893	24	730	 99 
104577	386787	318893	937	38761	 98 
104596	386953	318893	558	23210	 98 
103323	390267	318893	30	885	 95 
104525	386922	318893	941	39022	 88 
104554	385673	318893	943	39140	 88 
103758	387842	318893	945	39350	 87 
104570	387868	318893	937	39059	 86 
103325	388964	318893	29	766	 84 
103310	391351	318893	27	591	 82 ***
104535	386163	318893	938	38892	 80 
103323	389755	318893	32	1029	 80 
104512	388401	318893	43	1058	 70 
104476	387138	318893	950	39067	 68 
103321	389458	318893	38	1176	 66 
103321	390228	318893	32	1068	 64 
104506	387082	318893	942	39208	 61 
104521	387891	318893	545	23150	 57 
103313	390340	318893	30	885	 51 
103315	389770	318893	35	1308	 49 
104552	384878	318893	944	39142	 42 
104508	388407	318893	42	1036	 40 
104491	388172	318893	942	39066	 39 
104499	388387	318893	940	38837	 39 
103315	394490	318893	23	711	 26 
103314	389891	318893	34	962	 15 
104514	388018	318893	32	956	 13 
104544	385567	318893	946	39105	 4 
104491	386044	318893	947	39085	 0 

104588	381239	320601	942	39070	 87 
104657	382170	320601	940	39064	 84 
103370	383012	320601	14	313	 83 
104564	382283	320601	38	1124	 80 
103368	389370	320601	32	843	 77 
104559	382383	320601	35	968	 71 
103365	385198	320601	34	932	 67 ***
104605	381058	320601	951	39385	 61 
104646	380144	320601	943	38563	 52 
103370	387971	320601	33	1026	 48 
104630	381104	320601	947	39039	 37 
104550	382749	320601	932	38789	 34 

104804	382069	325011	944	38556	 97 
104868	382096	325011	943	38822	 89 
103666	384519	325011	560	23360	 82 
103638	385497	325011	33	889	 76 
103636	386762	325011	24	1238	 75 
104790	383615	325011	941	38755	 71 
104828	383573	325011	42	1325	 67 
103633	387410	325011	35	995	 62 
104854	382896	325011	925	38535	 59 
104839	384839	325011	41	1001	 30 
103628	385142	325011	47	2176	 26 ***
103637	386188	325011	43	1297	 23 
104955	382832	325011	940	39025	 20 
103629	387619	325011	37	1232	 2 
103635	387668	325011	33	673	 0 

103571	377097	322693	47	1161	 97 
103559	378910	322693	51	1763	 94 ***
103568	381749	322693	36	1064	 89 
103569	379560	322693	29	837	 74 
104825	374518	322693	950	39178	 65 
103566	377576	322693	37	1205	 63 
103564	382721	322693	36	997	 61 
103752	376952	322693	950	39348	 60 
104769	374695	322693	50	1897	 49 
103576	379252	322693	35	1049	 47 
103568	382772	322693	35	1182	 41 
103565	377762	322693	43	1016	 37 
103585	378126	322693	34	1234	 23 
103568	379874	322693	35	942	 17 
104860	373379	322693	950	39208	 15 
104769	377260	322693	34	938	 14 
103562	378581	322693	47	1900	 12 
103573	381360	322693	21	449	 2 

103556	379013	324193	27	917	 95 
103563	378852	324193	23	523	 92 
103553	379985	324193	27	747	 22 
103541	373930	324193	29	991	 14 
104729	371459	324193	48	1459	 13 
104730	371079	324193	41	1019	 10 
103534	374966	324193	34	1097	 9 ***
103543	373414	324193	29	884	 3 

104784	368160	324690	922	38699	 99 
103544	376419	324690	30	1128	 91 
103545	371326	324690	29	648	 86 
103541	371740	324690	32	930	 64 
103547	369119	324690	31	889	 63 
104844	368128	324690	952	39739	 59 
103550	372189	324690	6	316	 51 
103538	371866	324690	33	1170	 43 ***
103546	371153	324690	32	929	 42 
103544	375701	324690	31	929	 31 
103544	370789	324690	38	1183	 29 
103544	371577	324690	33	952	 26 
103549	376581	324690	24	481	 5 

103658	376753	325842	36	1214	 91 
103664	372508	325842	34	1087	 88 
104845	370059	325842	41	1290	 83 
103660	373486	325842	29	894	 47 
103659	377084	325842	32	1157	 42 
103660	373551	325842	27	764	 39 
103649	375606	325842	37	1003	 31 ***
103670	372275	325842	31	899	 26 
103672	372054	325842	30	898	 18 

103665	369731	326132	29	920	 100 
104913	367298	326132	950	39874	 97 
103644	370998	326132	31	1157	 84 
103648	369084	326132	31	892	 74 
103648	367897	326132	34	1305	 69 
103648	370545	326132	28	890	 59 
103647	371288	326132	30	909	 55 
103639	370320	326132	35	970	 50 ***
104849	367344	326132	38	1046	 30 
103655	371539	326132	27	893	 23 
103648	370148	326132	31	924	 5 

103512	364513	324971	36	1235	 87 
103509	366810	324971	45	1549	 73 ***
103514	363105	324971	41	1197	 60 
103511	369481	324971	36	1091	 56 
103512	365917	324971	41	1151	 40 
103509	366850	324971	41	1166	 22 
104823	363089	324971	947	39668	 19 
104794	363083	324971	951	39959	 18 
103527	364486	324971	36	1153	 10 

103453	364748	324325	28	794	 77 
103452	363488	324325	34	927	 76 
103463	365429	324325	26	760	 73 
104737	362250	324325	960	39824	 72 
103452	366019	324325	22	528	 70 ***
103454	363770	324325	32	815	 66 
104733	362712	324325	958	39809	 45 
103469	362835	324325	39	1071	 44 
103453	364885	324325	31	847	 34 
104731	362205	324325	961	39548	 27 
103456	362798	324325	42	1050	 26 
104764	362068	324325	954	39620	 23 
104742	362610	324325	950	38884	 19 
103456	363807	324325	27	790	 19 
104783	362767	324325	947	39432	 14 
103454	364244	324325	30	814	 12 
103465	363214	324325	31	934	 6 

103388	360602	325358	26	734	 95 
103390	357457	325358	29	824	 89 
103386	362190	325358	33	840	 83 
103381	358619	325358	36	911	 74 ***
103390	363515	325358	21	699	 69 
103390	359996	325358	27	754	 63 
104660	357290	325358	962	39351	 62 
103397	359655	325358	27	642	 40 
103393	357387	325358	43	1326	 16 
103389	360590	325358	35	867	 0 

104892	357984	329073	961	39411	 88 
104831	358710	329073	564	22500	 80 
103566	359876	329073	29	846	 63 ***
104816	358796	329073	562	23587	 58 
103578	359020	329073	36	952	 36 
104876	358126	329073	964	39420	 32 
103578	359660	329073	33	890	 31 
103574	359192	329073	42	1525	 25 
103577	361180	329073	27	854	 16 
103583	358895	329073	35	906	 2 

103420	350683	325573	30	856	 96 
103424	351924	325573	25	615	 89 
103412	354156	325573	34	1335	 86 
103421	352001	325573	29	871	 82 
103417	350753	325573	32	1124	 74 
103429	349511	325573	33	1116	 70 
104657	349470	325573	960	38986	 27 
104622	350208	325573	31	1299	 19 
103411	354177	325573	10	76	 9 ***
103420	353118	325573	28	811	 6 
103424	351650	325573	29	1108	 0 

103416	341358	324511	15	152	 65 
103081	348249	324511	951	39120	 57 ***
103428	340738	324511	37	1190	 17 

104914	342436	324533	940	38088	 96 
104877	343010	324533	938	38741	 95 
103211	346331	324533	37	956	 95 
103197	344567	324533	49	1742	 88 
103792	343860	324533	52	1497	 83 
103195	343735	324533	53	1889	 71 
103204	345786	324533	38	1269	 67 
103808	343445	324533	37	918	 64 
103192	344887	324533	42	1411	 55 ***
104836	341732	324533	951	39043	 50 
104829	342970	324533	945	38859	 48 
104843	343245	324533	943	38477	 47 
104829	343255	324533	947	38827	 46 
103211	345733	324533	39	935	 32 
103204	345126	324533	41	1433	 27 
103200	345761	324533	39	1048	 22 
103800	345714	324533	38	1101	 17 
104845	342124	324533	950	39136	 13 
104791	342740	324533	948	39146	 12 
104846	341701	324533	941	38702	 10 
104896	341663	324533	949	38970	 5 
104898	341006	324533	955	39281	 4 
104833	342127	324533	952	38973	 3 
103199	349023	324533	40	952	 1 

104827	341626	324558	944	39392	 87 
103170	344104	324558	39	978	 83 
104822	341858	324558	938	39053	 76 
104780	341909	324558	943	39039	 76 
104863	341882	324558	926	39030	 68 
104829	341749	324558	941	39274	 68 
103166	345135	324558	21	830	 64 
104815	342224	324558	930	38981	 58 
103161	343186	324558	44	1676	 57 ***
103172	342403	324558	43	1469	 49 
103176	343896	324558	28	802	 41 
104816	341863	324558	945	38854	 33 
104772	342253	324558	949	39514	 29 
104817	341873	324558	943	39217	 28 
104823	341333	324558	947	39451	 25 
104863	343343	324558	27	867	 22 
103170	343020	324558	49	1507	 19 
104819	341630	324558	948	39353	 18 
104831	341310	324558	946	39280	 17 
104803	342386	324558	938	39208	 13 
104835	341038	324558	948	39445	 12 
103174	343913	324558	42	1403	 12 
104830	341420	324558	946	39486	 11 
103176	342959	324558	35	650	 6 
104849	340960	324558	940	38986	 0 

104886	336809	325184	945	39249	 93 
104855	336832	325184	579	23934	 93 
104828	337112	325184	953	39872	 86 
103196	337883	325184	38	1148	 86 
103194	342530	325184	30	877	 80 
104820	337247	325184	949	39690	 73 
103181	338702	325184	37	1197	 69 
104809	337172	325184	953	39962	 59 
103799	340262	325184	30	862	 58 
103191	343501	325184	30	895	 52 
104828	336649	325184	946	39453	 48 
104891	335937	325184	950	39453	 44 
103180	338807	325184	32	953	 39 
104279	341930	325184	29	1260	 37 
104811	337521	325184	946	39760	 34 
103193	338563	325184	40	1296	 34 
104821	337296	325184	935	39372	 26 
103187	341291	325184	31	1177	 18 
103204	337837	325184	44	1515	 11 
104809	337312	325184	948	39481	 8 
103180	341399	325184	38	1190	 7 ***

103259	333488	326861	44	1333	 84 
103247	336198	326861	28	936	 78 
103252	333620	326861	35	1098	 64 
103267	332793	326861	33	883	 59 
103248	334803	326861	18	513	 58 
103249	334537	326861	34	1109	 57 
103251	334727	326861	31	1100	 53 
103249	334018	326861	41	1286	 42 
103245	334947	326861	29	830	 41 ***
103860	332658	326861	39	1142	 26 
103257	334674	326861	12	599	 25 
104943	332652	326861	946	39327	 17 
103262	333027	326861	35	910	 10 
104908	332419	326861	950	39405	 9 
103251	334313	326861	36	964	 8 

105208	332450	334865	957	40248	 100 
105204	332679	334865	954	40299	 95 
103494	335252	334865	36	889	 94 
103505	334095	334865	33	851	 75 
104367	332859	334865	956	40058	 73 
105194	332447	334865	958	39985	 72 
103497	337417	334865	28	446	 67 
104096	335435	334865	15	163	 62 
105163	332712	334865	952	39915	 58 
103489	337213	334865	40	1097	 53 ***
103489	335417	334865	42	1084	 51 
105148	332563	334865	955	40187	 50 
103496	334214	334865	34	995	 46 
104092	335460	334865	16	238	 42 
104096	333091	334865	44	1528	 24 
103492	336269	334865	29	786	 23 
103490	335419	334865	37	1009	 2 
103501	334198	334865	30	860	 0 

