#105583	426448	330645	0	0	 96 
#104596	430935	330645	0	0	 86 
#104615	430397	330645	0	0	 66 
#104466	432139	330645	0	0	 58 
#104442	438304	330645	0	0	 39 ***
#104461	433889	330645	0	0	 1 

104242	430047	331743	27	960	 98 
104245	424999	331743	32	901	 96 
105410	422022	331743	973	41103	 95 
105409	422873	331743	975	41557	 95 
104239	427233	331743	32	1111	 93 
105402	423551	331743	552	22416	 90 
104244	426671	331743	27	971	 82 
104240	429574	331743	28	954	 81 
104253	430209	331743	17	1094	 76 
104244	423578	331743	33	1069	 75 
105436	417691	331743	974	41160	 71 
105432	421386	331743	972	41044	 67 
104243	428533	331743	21	1160	 66 
105417	419847	331743	977	41247	 65 
104236	425870	331743	33	1073	 61 
105459	420602	331743	970	40919	 59 
105464	417456	331743	974	41341	 59 
104249	428440	331743	25	1059	 57 
105419	418681	331743	975	41392	 51 
105435	420974	331743	972	40928	 40 
104235	425080	331743	37	1434	 40 ***
105440	423130	331743	34	1176	 38 
105446	421682	331743	970	41170	 37 
105466	421688	331743	969	41488	 35 
105434	422738	331743	560	23743	 35 
105398	421375	331743	978	41288	 31 
105443	419864	331743	973	41520	 30 
105450	421343	331743	971	40821	 30 
105438	422349	331743	968	40941	 24 
105427	422981	331743	972	40954	 9 
104241	425162	331743	33	1030	 7 
104905	422364	331743	976	41558	 0 
104242	425025	331743	28	709	 0 

105318	416563	330379	965	41003	 100 
105355	419207	330379	941	39451	 97 
105276	418456	330379	957	39984	 95 
105282	417339	330379	965	40772	 94 
105311	416443	330379	966	40525	 91 
105356	415297	330379	965	40916	 89 
104255	417890	330379	968	40885	 87 
105318	424260	330379	25	352	 84 
105332	416439	330379	963	40242	 83 
105331	416369	330379	965	40757	 83 
105267	418764	330379	965	40624	 80 
105314	414407	330379	966	40732	 79 
105265	419011	330379	948	39846	 76 
105295	413682	330379	968	40925	 71 
105267	416094	330379	967	40606	 66 
105277	414155	330379	967	40943	 65 
105397	415590	330379	961	40092	 63 
105347	415760	330379	961	40544	 62 
105282	418164	330379	966	40668	 61 
104132	424451	330379	27	1019	 60 
105251	416570	330379	971	40959	 54 
105284	418130	330379	964	40271	 54 
105308	416943	330379	945	40059	 53 
104125	420056	330379	34	581	 52 
105317	413863	330379	966	40541	 51 
105276	418751	330379	964	40185	 51 
104327	418510	330379	966	40773	 50 
105384	413329	330379	969	40890	 50 
105318	419351	330379	35	1049	 48 
105288	416622	330379	948	40334	 46 
104119	420648	330379	37	1522	 43 
104138	420901	330379	32	943	 39 
104104	419177	330379	966	40392	 35 ***
104494	417755	330379	973	41185	 33 
104124	425624	330379	29	1156	 33 
105322	416571	330379	964	40661	 32 
104117	420336	330379	42	1469	 25 
104113	421207	330379	30	663	 21 
105328	416921	330379	944	39926	 20 
104118	420904	330379	35	1050	 16 
105287	418256	330379	952	40166	 15 
105329	416398	330379	965	40435	 10 
105326	417026	330379	944	39575	 8 
105311	416432	330379	966	40752	 4 
104118	419508	330379	39	1286	 4 
105360	416549	330379	959	40388	 3 

103833	408878	322844	42	1275	 97 
103829	411724	322844	38	1057	 95 
103836	412233	322844	34	1067	 85 
103839	411877	322844	34	1066	 74 
103836	408520	322844	44	1215	 62 
104984	407711	322844	962	40173	 58 
103826	411780	322844	45	1707	 54 ***
105066	405260	322844	961	40617	 48 
105024	407761	322844	39	1108	 44 
105030	407557	322844	964	40493	 40 
105083	405164	322844	966	40430	 40 
103830	410402	322844	45	1501	 23 
103829	411562	322844	42	1420	 19 
103834	413171	322844	37	1223	 16 
105011	407587	322844	960	40119	 14 
103833	410390	322844	40	1169	 13 
105037	407211	322844	960	40124	 11 
103836	409525	322844	41	1127	 10 
105057	406796	322844	558	23233	 8 
105042	406531	322844	965	40422	 7 
103840	409420	322844	38	1106	 4 

103645	401030	321079	31	900	 100 
104848	397544	321079	949	39664	 93 
103638	403038	321079	26	1000	 92 ***
104898	396930	321079	946	39255	 90 
103647	399612	321079	35	1525	 90 
103645	402641	321079	21	902	 88 
104292	399429	321079	951	39266	 83 
103650	400504	321079	31	671	 83 
103642	402936	321079	26	1004	 82 
104869	397074	321079	954	39845	 76 
104838	397255	321079	957	39953	 76 
104829	397932	321079	958	40094	 72 
104909	396442	321079	960	40078	 67 
104896	398697	321079	935	39270	 67 
104834	399118	321079	954	39488	 55 
103650	401074	321079	30	656	 46 
104843	398176	321079	947	39378	 21 
104894	397081	321079	950	39522	 20 
104864	397160	321079	945	39109	 13 
104835	398750	321079	35	968	 12 
103639	401243	321079	31	686	 10 
103647	401290	321079	29	892	 7 

104824	391698	321290	946	39711	 98 
104742	392056	321290	947	39154	 79 
103566	395393	321290	35	1475	 76 
104767	391955	321290	947	39411	 75 
104781	391559	321290	951	39466	 74 
104817	392592	321290	927	39465	 72 
103565	396632	321290	33	1151	 71 
103578	395435	321290	32	1129	 61 
103573	396794	321290	29	995	 54 
104841	390911	321290	952	39770	 53 
104737	393080	321290	945	39147	 53 
104791	391530	321290	949	39651	 45 
103563	395419	321290	35	953	 45 
103557	397755	321290	32	1033	 43 ***
104754	394786	321290	39	1015	 36 
103567	395449	321290	31	1014	 30 
103564	397230	321290	32	1140	 27 
104758	392918	321290	41	1027	 26 
103561	397612	321290	21	1117	 23 
103774	395052	321290	954	39540	 22 
104775	391997	321290	933	39323	 20 
104753	395337	321290	46	1155	 14 
104195	394914	321290	951	39617	 10 
103567	397138	321290	14	699	 8 
104835	391434	321290	956	39962	 5 
103573	396145	321290	30	892	 2 

104502	387141	318893	941	39268	 92 
104542	386268	318893	944	39027	 92 
103307	392043	318893	19	920	 89 
104511	390161	318893	33	956	 78 
104501	388062	318893	37	1025	 75 
103309	390908	318893	35	1426	 74 
103308	390996	318893	36	969	 70 
103331	390984	318893	32	1055	 67 
103304	392337	318893	32	937	 59 
103311	390636	318893	35	961	 53 
103304	393720	318893	37	1143	 52 ***
104532	387033	318893	941	39129	 40 
103324	391309	318893	33	1055	 39 
104510	386672	318893	943	38992	 37 
104506	387986	318893	36	976	 33 
103311	390337	318893	35	961	 20 
103317	389014	318893	34	842	 16 
104538	386354	318893	922	38680	 15 
103310	390287	318893	37	999	 15 
104572	384604	318893	945	39272	 2 
104530	385318	318893	948	39390	 1 

104034	383827	320601	933	38863	 86 
104573	382471	320601	42	1241	 78 
103359	385241	320601	30	892	 71 
104570	381993	320601	938	39097	 68 
104547	385225	320601	474	19295	 67 
104547	383659	320601	944	38919	 58 
104587	381187	320601	947	39261	 52 
104556	382509	320601	36	1029	 49 
103364	389031	320601	29	693	 36 
104606	382380	320601	935	38416	 33 
104630	380964	320601	934	38901	 29 
103369	386609	320601	25	824	 28 
104609	380584	320601	945	39094	 27 
102755	387799	320601	39	1430	 16 ***
104588	379761	320601	950	39062	 15 
104617	382172	320601	937	39099	 15 

103030	387358	325011	31	1239	 87 
103027	387066	325011	42	1575	 84 
104205	384885	325011	49	1208	 78 
104834	382736	325011	942	38888	 77 
104886	382264	325011	941	38454	 77 
103025	387493	325011	40	1584	 71 
103015	388030	325011	34	903	 67 
104866	383536	325011	929	38865	 64 
103618	389073	325011	25	538	 64 
103863	383545	325011	943	39120	 57 
103017	387063	325011	45	1961	 55 
104876	382290	325011	943	38864	 54 
104801	386499	325011	35	703	 54 
104907	383367	325011	925	38666	 52 
103014	389301	325011	36	1169	 51 ***
104874	382750	325011	940	38739	 47 
103022	389277	325011	33	930	 45 
103624	386110	325011	45	1793	 42 
104883	382062	325011	948	39199	 41 
103016	386141	325011	55	1403	 36 
104844	384849	325011	940	38828	 34 
104873	382126	325011	949	39245	 23 
104891	382161	325011	939	39023	 20 
104873	383475	325011	924	38325	 19 
104816	385023	325011	39	1096	 13 
103630	386818	325011	42	1435	 12 
104852	383884	325011	940	38866	 11 
104211	384912	325011	46	1463	 11 
104861	383413	325011	940	38762	 10 
103028	387624	325011	38	1020	 10 
104210	387891	325011	20	592	 8 

104791	376118	322693	940	38924	 99 
104874	375870	322693	938	38525	 96 
102951	379232	322693	35	1064	 92 
104831	375006	322693	944	38799	 89 
104775	376645	322693	945	38682	 89 
104839	373747	322693	941	39090	 78 
102969	376858	322693	35	1197	 71 
104788	375654	322693	945	38894	 68 
102962	377868	322693	34	1036	 46 
104812	375926	322693	932	38582	 41 
104829	375458	322693	945	38873	 39 
102949	378744	322693	45	1579	 30 ***
104758	376713	322693	42	1362	 27 
102961	384312	322693	34	1091	 24 
104834	375919	322693	943	38727	 21 
104831	375134	322693	949	39219	 20 
104167	378071	322693	28	744	 14 
103561	385125	322693	33	912	 9 
104784	376541	322693	944	38845	 7 
103570	384364	322693	33	988	 2 

102940	374656	324193	31	915	 97 
104764	373180	324193	949	39161	 90 
104795	372844	324193	948	39642	 80 
102928	377303	324193	26	862	 78 
104808	372204	324193	947	39096	 67 
104000	374065	324193	953	39844	 59 
102930	377762	324193	25	846	 58 
104128	373316	324193	43	1156	 57 
104132	374179	324193	40	1011	 54 
102928	377494	324193	27	987	 51 ***
104805	372032	324193	952	39454	 47 
104805	373193	324193	942	39315	 46 
104811	372199	324193	948	39519	 38 
104008	374652	324193	945	38916	 38 
102935	375208	324193	35	1219	 38 
102933	375912	324193	24	324	 10 
104769	372642	324193	951	39612	 1 

104135	371129	324690	47	1317	 99 
104133	371321	324690	44	1262	 97 
102946	371895	324690	34	1038	 92 
102948	371889	324690	37	1084	 80 
104825	368215	324690	944	39469	 67 
102953	371629	324690	30	671	 63 
102950	371481	324690	37	988	 58 
102947	373653	324690	6	420	 48 
104138	368322	324690	43	1264	 45 
102944	372669	324690	43	1699	 19 
102940	373799	324690	8	658	 2 ***

103058	376599	325842	34	1269	 96 
104996	370903	325842	950	39894	 94 
103062	374886	325842	31	749	 84 
103068	373577	325842	33	1279	 76 
103056	377191	325842	31	1028	 75 
103058	376343	325842	35	1395	 61 
103662	376799	325842	10	559	 51 
103059	375053	325842	32	935	 49 
104844	371227	325842	39	1016	 28 
103061	376745	325842	28	893	 26 
103053	378428	325842	36	1424	 19 ***
103056	377777	325842	32	1046	 3 
103059	379182	325842	24	780	 1 

104945	368767	326132	947	39720	 94 
103048	373488	326132	34	1121	 84 ***
103068	375049	326132	25	558	 81 
103051	371666	326132	33	1044	 76 
103672	372293	326132	29	702	 75 
104982	368782	326132	944	39512	 70 
104910	368772	326132	951	39899	 68 
103053	373345	326132	30	963	 61 
103051	370984	326132	34	1055	 58 
104935	369010	326132	940	39289	 57 
104917	367340	326132	949	39826	 56 
103903	370113	326132	950	40079	 52 
103057	371987	326132	31	908	 48 
103058	371603	326132	32	938	 46 
104952	367672	326132	946	39865	 45 
104934	366932	326132	954	40293	 39 
103053	372523	326132	31	893	 37 
104247	369099	326132	38	1013	 26 
104916	368913	326132	942	39668	 25 
104914	368344	326132	952	39825	 22 
103063	374770	326132	28	538	 19 
103669	374316	326132	29	885	 17 
103058	370895	326132	33	1034	 3 
103049	372182	326132	38	1141	 0 

102916	367966	324971	37	991	 100 
104757	366083	324971	950	39658	 99 
102912	368173	324971	36	972	 93 
104777	363408	324971	942	39682	 87 
104772	363335	324971	948	39838	 84 
104759	364596	324971	946	39594	 81 
102917	372901	324971	32	1068	 81 
104110	368779	324971	22	1201	 77 
104787	364006	324971	533	22796	 75 
104862	364000	324971	938	39040	 74 
104788	363545	324971	940	39617	 73 
103765	366182	324971	946	39512	 71 
104757	366037	324971	951	39921	 65 
102920	370697	324971	29	813	 63 
104764	365798	324971	944	39658	 59 
104797	363026	324971	947	39741	 54 
104000	366053	324971	953	39966	 50 
102918	366186	324971	31	638	 49 
102934	368107	324971	30	977	 42 
104831	362943	324971	950	39755	 34 
104776	364224	324971	945	39736	 34 
104777	364106	324971	944	39319	 24 
102912	370198	324971	39	1547	 22 ***
104759	364933	324971	952	39655	 20 
104764	365838	324971	945	39846	 18 
104765	364273	324971	548	23509	 3 
102916	367190	324971	34	1056	 1 

104658	366733	324325	21	603	 98 
104789	362703	324325	944	38834	 92 
104714	363316	324325	945	38937	 88 
103959	364377	324325	956	39517	 88 
104734	362962	324325	952	39088	 87 
102852	365573	324325	32	1069	 84 
104814	361221	324325	958	39922	 75 
102857	368687	324325	16	198	 71 
104688	365292	324325	949	39280	 67 
104694	365187	324325	955	39681	 57 
102850	365758	324325	34	1081	 55 
102861	368158	324325	25	752	 47 
104704	363650	324325	958	39959	 46 
102856	365881	324325	29	836	 44 
102857	366305	324325	27	779	 43 
102856	365840	324325	31	836	 42 
104755	362135	324325	957	39377	 39 
104053	365528	324325	32	1073	 37 
104702	361941	324325	960	39793	 36 
104779	362066	324325	953	39372	 35 
104050	365787	324325	29	1016	 34 
103702	363530	324325	961	40012	 31 
102853	366290	324325	28	805	 29 
104728	362886	324325	956	39579	 22 
102856	365412	324325	37	1264	 18 
103565	365281	324325	961	39983	 16 
102848	366877	324325	27	768	 16 ***
104053	368034	324325	26	1000	 15 
103989	364293	324325	956	39678	 11 
104747	362776	324325	958	39816	 2 
104724	363256	324325	954	39831	 0 

102775	365463	325358	23	589	 98 
104729	358455	325358	956	39416	 97 
104745	358518	325358	938	39227	 94 
102771	365280	325358	24	962	 93 
104655	358429	325358	957	38892	 91 
103971	362672	325358	31	1031	 91 
103985	362657	325358	33	1168	 87 
104689	359198	325358	937	38953	 85 
104642	361672	325358	547	22241	 80 
104652	360927	325358	941	38988	 76 
104641	362117	325358	938	38696	 76 
103915	360086	325358	955	39231	 68 
104669	358155	325358	960	39652	 59 
104635	361581	325358	953	38628	 57 
103525	360811	325358	955	39223	 57 
104648	359141	325358	942	38951	 55 
104677	358567	325358	955	39357	 54 
102773	364051	325358	30	787	 48 
102783	363830	325358	27	524	 46 
104643	360029	325358	958	38655	 44 
102785	363985	325358	24	418	 44 
104718	358100	325358	960	39035	 42 
104701	358191	325358	958	39249	 38 
103520	362578	325358	958	39397	 36 
104636	358220	325358	961	39182	 34 
103977	362580	325358	38	901	 33 
104662	360279	325358	474	20044	 28 
103652	359523	325358	960	39158	 27 
104647	361180	325358	953	39460	 26 
102767	365126	325358	34	1209	 25 ***
102772	363963	325358	34	982	 24 
104662	358856	325358	942	38961	 11 
104642	359047	325358	959	38940	 10 
102774	362831	325358	28	771	 2 
102770	364121	325358	30	787	 0 

102958	364243	329073	24	747	 92 
104855	358484	329073	952	38550	 86 
104151	363598	329073	24	1210	 86 
102963	362498	329073	27	777	 84 
102954	363309	329073	33	1231	 76 
104079	358748	329073	968	39925	 71 
102961	362625	329073	28	811	 59 
102951	366789	329073	24	629	 57 
102963	361791	329073	27	788	 55 
102952	366294	329073	28	804	 54 
102955	362699	329073	25	1049	 41 
104148	363956	329073	24	1216	 40 
102955	364212	329073	29	797	 36 
102952	363776	329073	30	901	 16 
104143	359123	329073	38	920	 13 
102960	362365	329073	29	1022	 11 
102949	363877	329073	30	828	 10 ***
104840	357881	329073	963	39716	 6 
102954	363604	329073	31	857	 6 
104847	358931	329073	566	23222	 2 
102961	362181	329073	32	1120	 0 

102786	354788	325573	27	538	 98 ***
102802	354640	325573	29	1262	 97 
104714	350060	325573	955	38380	 81 
102806	356996	325573	18	378	 76 
102797	353457	325573	32	1200	 74 
104679	349435	325573	958	39169	 71 
104673	350496	325573	941	38436	 70 
104693	350308	325573	955	38730	 67 
102805	353656	325573	28	896	 66 
103930	351864	325573	961	39201	 55 
103628	352541	325573	962	39342	 52 
103952	352712	325573	957	39304	 51 
103898	352188	325573	958	39072	 49 
104629	351240	325573	470	19797	 47 
104687	350369	325573	957	38848	 46 
104649	351147	325573	957	39098	 43 
104735	350192	325573	952	39041	 40 
102799	357033	325573	22	416	 36 
104753	348884	325573	963	39354	 35 
104745	350239	325573	944	38398	 33 
104712	350240	325573	939	38026	 33 
102805	353588	325573	31	902	 31 
103981	352653	325573	45	1232	 18 
104742	350903	325573	935	37840	 17 
103624	353314	325573	956	38989	 8 
104653	350906	325573	959	38853	 7 
104697	351234	325573	940	38319	 6 
103989	352466	325573	22	558	 0 

103989	345708	324511	38	2047	 96 
104701	343202	324511	945	38943	 93 
104010	347876	324511	24	1176	 93 
102813	346084	324511	36	1437	 82 
104758	342484	324511	946	38709	 78 
103695	345742	324511	945	39038	 78 
103655	344237	324511	946	38530	 76 
104728	342955	324511	945	38387	 76 
104675	344334	324511	945	38955	 70 
102820	346080	324511	31	1086	 70 
104732	342567	324511	925	38392	 67 
104699	344009	324511	928	38754	 59 
104682	343548	324511	943	38455	 55 
102808	346101	324511	30	820	 54 
104695	343841	324511	932	38631	 47 
104754	342335	324511	951	39265	 39 
104745	343307	324511	922	38005	 39 
104726	342194	324511	952	39237	 37 
102798	348357	324511	28	782	 37 ***
104767	342091	324511	946	38686	 26 
104673	344380	324511	464	19812	 24 
104660	344538	324511	557	22475	 24 
102806	346830	324511	28	804	 20 
104746	342452	324511	948	38712	 19 
103646	345283	324511	951	39209	 16 
102810	346232	324511	28	783	 10 
102801	347832	324511	36	1384	 9 
104689	342501	324511	949	38578	 8 
104714	343247	324511	928	38663	 6 
103892	342962	324511	946	38326	 3 
104653	345173	324511	459	19536	 1 
104706	342978	324511	944	38659	 0 

104837	341800	324533	943	38737	 100 
104805	343490	324533	949	39037	 98 
102937	346057	324533	34	894	 93 
104907	341234	324533	951	38729	 91 
104150	347934	324533	27	834	 83 
104818	342887	324533	943	38633	 73 
104825	342706	324533	944	38467	 71 
103550	348762	324533	27	1010	 67 
104813	343641	324533	947	38745	 64 
103546	345887	324533	31	1170	 63 
104848	343478	324533	931	38221	 61 
102946	347295	324533	29	1042	 59 
102933	346812	324533	31	1071	 57 ***
102956	349677	324533	26	766	 53 
103547	346851	324533	29	1075	 51 
102948	345670	324533	34	1821	 50 
104818	343638	324533	943	38236	 39 
102937	349337	324533	30	1197	 30 
104906	342517	324533	938	38715	 29 
104729	344563	324533	33	1243	 26 
103541	346080	324533	30	1380	 25 
104812	342783	324533	952	39196	 22 
104868	342535	324533	936	38807	 20 
102937	348274	324533	30	968	 17 
102942	345961	324533	33	1237	 7 
102937	343844	324533	36	1303	 2 

104805	340933	324558	945	39104	 86 
102901	342398	324558	45	1580	 84 
104780	341913	324558	943	38992	 79 
104106	344794	324558	30	1115	 68 
102903	345071	324558	36	1391	 66 
104798	341219	324558	942	39112	 63 
104840	341835	324558	938	39244	 57 
102898	345103	324558	25	381	 56 ***
104827	341594	324558	939	38988	 55 
104874	341914	324558	937	39032	 53 
104798	341713	324558	939	39320	 40 
104832	342359	324558	937	38871	 31 
102905	345861	324558	19	985	 17 
104712	344289	324558	29	1052	 7 
104830	342332	324558	938	39110	 5 

104796	338469	325184	951	39666	 96 
104816	337913	325184	950	39412	 96 
104853	338295	325184	930	38782	 95 
104817	339209	325184	943	38893	 93 
102605	342330	325184	947	39522	 84 ***
104815	338485	325184	948	39722	 83 
104840	336767	325184	946	39835	 83 
104114	340723	325184	24	785	 83 
104846	338843	325184	923	38423	 81 
104820	338286	325184	945	39501	 78 
104804	340072	325184	462	19355	 77 
104850	337761	325184	944	39716	 76 
104834	337423	325184	948	39188	 71 
104840	339278	325184	932	38570	 70 
103781	339748	325184	945	39496	 69 
104859	337554	325184	928	38644	 69 
104812	337818	325184	953	39837	 69 
104807	337316	325184	954	39720	 65 
103737	339205	325184	953	39446	 64 
102916	341527	325184	29	854	 64 
104873	337405	325184	940	39001	 61 
104824	337689	325184	949	39567	 58 
102911	341645	325184	26	777	 57 
104817	338468	325184	947	39401	 55 
104787	338795	325184	950	39639	 55 
104834	339395	325184	926	37627	 52 
104857	338037	325184	943	39647	 52 
104844	338743	325184	936	39060	 52 
104806	338123	325184	950	39595	 46 
104807	337926	325184	949	39825	 42 
104711	340332	325184	32	1338	 39 
104108	340447	325184	31	1174	 37 
102922	340599	325184	28	907	 36 
104253	339532	325184	938	39293	 30 
104829	339003	325184	941	38683	 28 
104846	338794	325184	933	39128	 20 
104896	338830	325184	926	38630	 16 
104806	338524	325184	944	39507	 15 
104830	337944	325184	944	39408	 13 
104827	337055	325184	950	39899	 11 
104870	336946	325184	944	39492	 8 
102932	344842	325184	25	762	 8 

104865	334284	326861	954	39637	 99 
102664	336521	326861	36	1192	 99 
104908	334394	326861	937	39119	 97 
104881	334237	326861	953	39183	 92 
103754	334816	326861	36	1122	 90 
104976	333392	326861	946	39854	 85 
102669	336940	326861	28	651	 85 
104855	333371	326861	957	40042	 83 
104910	333398	326861	944	39531	 81 
104943	334320	326861	932	39180	 78 
103865	334869	326861	34	1084	 76 
103759	334805	326861	37	1182	 75 
104930	333215	326861	949	39591	 73 
104960	332620	326861	949	39795	 71 
104896	334564	326861	948	39756	 71 
104877	334761	326861	949	39736	 69 
104894	333151	326861	954	39689	 61 
104899	333665	326861	949	39707	 60 
104928	334188	326861	939	39425	 58 
104883	333918	326861	950	39557	 55 
104897	334018	326861	947	39307	 52 
104976	333452	326861	943	39597	 52 
104898	334679	326861	945	39576	 49 
103831	334443	326861	952	39754	 43 
104924	334368	326861	928	38872	 43 
104924	333379	326861	947	39841	 42 
102674	335167	326861	43	1356	 39 
104941	332632	326861	950	38895	 38 
104936	332920	326861	947	39099	 37 
104882	333300	326861	952	39366	 35 
104881	334318	326861	952	39968	 33 
104881	334432	326861	950	39808	 32 
104907	333101	326861	950	39343	 30 
102667	337107	326861	35	1203	 27 
102663	338482	326861	34	1234	 18 
104944	332342	326861	955	39774	 16 
104904	334403	326861	934	39146	 2 
102653	336697	326861	38	1663	 2 ***
102687	335922	326861	34	1087	 0 

105157	334243	334865	929	39234	 98 
105136	334245	334865	950	39943	 97 
105164	334011	334865	946	39884	 95 
103979	335960	334865	36	1121	 91 
105141	334294	334865	941	39361	 87 
105188	332378	334865	954	39993	 82 
105159	334117	334865	923	39366	 81 
102898	336940	334865	52	1483	 80 
104113	338705	334865	26	945	 78 
105142	333214	334865	954	40020	 73 
102900	339722	334865	27	888	 72 
105162	333884	334865	948	39989	 68 
102903	337690	334865	28	867	 65 
102901	338765	334865	31	710	 54 
105194	337414	334865	29	1066	 53 
105146	333129	334865	958	40489	 51 
102917	336860	334865	32	923	 51 
105160	333173	334865	950	39890	 48 
102898	336664	334865	35	1005	 47 
105239	332497	334865	949	39683	 46 
103972	335252	334865	954	40239	 43 
105179	333570	334865	947	39916	 43 
102907	337038	334865	30	1054	 42 
102903	337597	334865	29	944	 39 
105137	333394	334865	950	39977	 37 
103988	334697	334865	50	1556	 33 
102903	337406	334865	30	912	 31 
105125	333676	334865	954	39756	 30 
102914	340071	334865	25	682	 29 
105133	333548	334865	956	40332	 28 
105179	331744	334865	956	39944	 26 
105226	333869	334865	931	39477	 22 
104091	336397	334865	35	943	 22 
104090	334303	334865	36	1071	 20 
105206	332728	334865	944	39514	 19 
105171	334023	334865	928	39279	 19 
105155	332459	334865	952	40070	 16 
105142	333189	334865	955	40377	 11 
102900	339904	334865	29	882	 10 
102890	338612	334865	38	1065	 9 ***
105222	334013	334865	943	39890	 5 
105146	332905	334865	951	39768	 3 
102892	337619	334865	36	1103	 3 
102897	338312	334865	32	854	 2 

