#446	491	49	0	428	304	261	401	1022	328	 ***
#91	218	19	480	83	313	906	1023	597	0	
#511	4	4	102	0	400	926	282	490	1011	
#90	19	160	142	470	271	186	381	989	1022	
#315	78	166	298	313	511	143	886	1020	0	
#17	476	122	27	167	271	998	1023	156	473	
#34	308	93	4	448	428	1023	405	0	987	
#0	130	95	30	409	366	197	1023	640	840	
#138	177	304	0	278	38	99	1023	691	982	
#198	4	38	404	126	511	289	1003	1011	146	
#15	110	400	34	274	427	404	1023	126	917	
#73	65	400	465	137	36	259	905	367	1023	
#150	244	333	219	405	204	1023	438	714	0	
#394	194	370	156	160	327	250	1023	856	0	

15	207	506	31	359	39	230	278	699	1023	 ***
362	396	49	60	484	304	124	264	1023	321	
324	411	49	0	366	434	154	339	287	1023	
190	183	55	308	195	508	244	348	1023	333	
4	0	61	312	457	0	1023	938	409	183	
33	38	408	244	343	511	622	891	293	4	
1	381	368	55	19	205	179	896	260	1023	
340	0	8	220	309	0	419	927	1023	141	
187	39	126	252	228	509	53	917	1023	53	
122	306	404	39	209	0	1023	655	507	122	
225	176	247	27	147	0	665	535	1023	342	
2	84	130	23	282	282	1023	580	936	45	
511	147	91	366	15	511	187	278	1006	275	
340	423	79	0	480	304	124	279	1023	335	
114	381	183	511	309	2	823	564	126	374	
80	396	49	0	358	438	376	1023	300	367	
244	411	377	416	431	0	406	0	79	1023	
350	259	354	211	27	38	728	256	1023	141	
454	411	55	0	434	304	124	264	318	1023	
324	297	49	0	415	304	124	523	1023	328	
106	61	305	170	345	172	179	249	1023	777	
130	304	0	407	176	0	99	646	602	1023	
145	60	46	507	137	53	488	833	1023	95	
62	160	15	13	140	503	713	210	548	1023	
324	411	79	4	420	426	132	264	1022	305	

15	511	132	0	305	283	0	986	439	780	 ***
15	449	260	0	343	35	1023	293	702	331	
483	137	244	0	32	453	904	1023	152	23	
455	464	0	282	117	267	595	248	0	1023	
15	197	260	0	351	31	305	507	762	1023	
15	207	328	23	373	35	1023	278	938	231	
49	80	75	445	436	0	328	343	672	1023	
15	227	260	0	351	31	322	1023	983	239	
0	236	304	320	20	0	1023	601	902	45	
267	207	313	30	351	41	49	472	698	1023	
38	399	412	0	23	0	897	80	579	1023	
15	123	418	0	411	283	322	372	484	1023	
175	454	349	45	175	430	1023	404	0	396	
15	275	260	289	343	287	470	35	454	1023	
407	304	305	15	0	511	996	859	54	0	
15	207	260	15	373	287	1023	286	694	291	

289	396	157	60	305	39	0	1023	525	727	 ***
511	334	35	0	306	58	0	917	572	788	
73	274	20	182	321	511	0	673	739	728	
38	2	395	434	166	102	816	411	134	1023	
57	182	72	317	317	503	213	525	312	1023	
387	19	38	427	485	45	930	60	109	1021	
15	349	68	5	335	161	0	857	1023	708	
511	274	20	0	380	39	0	765	561	971	
511	274	12	0	305	37	366	897	480	639	
484	496	38	191	38	224	243	643	141	1023	
433	0	502	430	0	313	1022	0	365	456	
289	278	8	0	425	35	1023	454	437	572	
79	304	8	244	305	35	1023	301	497	725	
75	274	23	0	305	161	1023	332	437	891	
175	202	68	267	297	441	374	224	452	1021	
17	274	130	0	365	39	0	980	693	1023	
15	274	131	0	305	50	591	695	437	1023	
468	511	357	83	450	442	905	305	0	0	
8	396	38	46	128	0	132	1021	799	953	
278	511	8	122	365	69	0	666	546	956	
282	370	130	129	0	327	0	1023	287	973	
84	259	138	319	323	321	440	450	167	1020	
15	511	308	75	427	39	0	909	525	712	
201	23	270	167	0	407	426	831	176	1020	
16	0	468	342	474	209	998	0	0	1014	
133	511	489	90	511	38	0	965	0	784	
259	289	13	0	365	191	0	673	1023	708	
75	511	8	0	305	283	366	972	437	564	

12	115	94	0	151	456	79	0	1002	1023	 ***
274	335	28	75	267	42	0	1023	316	572	
135	257	83	473	434	113	0	1023	414	0	
45	0	94	0	120	374	305	0	1022	972	
349	0	106	8	94	0	1005	289	60	1021	
289	236	511	0	0	60	319	119	388	1010	
274	274	12	120	373	32	0	1023	320	504	
313	0	38	30	204	297	983	46	0	1021	
274	274	27	60	267	150	0	539	318	1023	
0	252	511	470	276	46	160	0	206	1011	
0	73	0	511	121	502	304	335	75	1011	
441	511	13	0	267	8	0	780	317	595	
53	511	259	122	0	0	745	971	172	99	
0	15	265	293	0	511	657	171	1020	0	
274	274	12	182	345	28	0	305	1023	489	
291	274	12	90	267	16	0	349	1023	610	
154	15	15	0	0	511	670	364	182	1021	
34	79	0	308	114	166	0	875	334	1022	
274	464	12	60	267	34	0	1020	312	489	
282	137	64	0	128	136	282	880	1023	0	
105	129	304	4	109	278	1021	0	982	0	
304	388	12	75	252	4	0	1021	312	564	
190	511	182	0	65	368	0	532	332	752	
289	274	39	121	267	65	0	538	316	1023	
274	418	12	120	267	8	0	492	318	1023	
68	511	204	462	128	404	0	0	591	564	
289	366	12	60	267	72	0	527	316	1023	
0	506	327	212	501	0	76	274	1021	15	
0	267	343	61	0	171	4	579	484	1023	
511	128	0	403	0	341	228	304	1017	0	
274	274	12	90	328	27	0	348	1022	557	
166	0	0	23	68	80	812	0	762	1021	
274	266	12	60	267	16	16	1023	350	648	

12	145	64	0	182	364	433	0	547	1023	 ***
12	130	79	0	166	349	135	396	481	1022	
346	231	38	120	113	15	0	540	344	1023	
91	98	285	49	343	0	411	432	38	1023	
34	30	30	90	105	76	350	45	988	1022	
30	365	0	511	90	61	179	985	549	0	
61	30	379	91	75	75	1023	42	829	165	
30	30	135	30	511	151	609	15	244	1015	
60	0	30	387	150	216	190	0	1022	715	
75	91	491	60	135	440	0	91	365	1022	
90	90	244	60	45	151	838	109	120	1023	
511	365	319	144	0	210	0	23	198	1000	
215	121	128	290	75	410	0	68	441	1022	
90	511	15	486	60	274	0	1017	0	317	
15	60	0	45	60	308	921	203	1022	136	
45	15	76	105	76	60	379	42	950	1022	
102	45	75	387	69	511	0	569	1012	0	
42	176	308	75	333	90	332	0	391	1023	
226	38	0	60	169	158	0	1021	75	1023	
72	160	34	0	151	439	1022	0	437	455	
150	124	15	364	120	0	717	257	1023	0	
60	30	135	94	91	90	45	334	868	1023	
57	190	34	0	151	334	439	152	391	1022	
45	0	45	0	135	335	120	966	105	1019	
379	351	247	511	319	27	273	0	663	0	
0	90	364	120	45	511	0	622	1018	0	

15	106	91	423	511	334	0	1019	181	0	 ***
45	197	373	349	262	511	0	0	306	637	
106	30	45	60	80	334	90	776	136	1023	
45	0	304	106	120	45	60	0	977	1023	
90	136	61	334	511	0	107	0	426	1015	
0	15	135	105	158	151	716	42	335	1023	
350	34	75	166	30	0	910	1023	92	0	
120	135	64	507	0	123	137	45	526	1023	
12	145	60	0	187	364	396	0	493	1023	
91	105	45	0	90	511	60	441	319	1018	
304	30	60	121	106	34	960	15	30	1020	
109	0	68	105	48	274	944	0	109	1023	
0	45	396	91	0	75	1018	120	30	905	
45	91	45	45	45	364	45	766	211	1023	
487	117	511	259	60	60	170	0	0	1016	
511	145	64	0	120	425	274	0	482	659	
30	128	0	136	90	90	879	30	274	1023	
45	0	45	151	120	334	701	261	0	1023	
90	150	90	244	76	75	937	0	1018	0	
135	0	319	226	511	246	0	0	274	969	
282	30	15	365	23	38	655	91	158	1023	
90	130	448	213	304	511	0	0	166	818	
8	135	59	152	203	0	0	388	712	1023	
12	145	79	0	183	394	396	0	448	1023	
184	90	340	8	106	76	701	0	152	1023	
60	511	105	289	0	0	45	0	1016	654	
13	145	64	0	185	394	404	0	452	1023	

53	106	80	440	75	379	0	417	1023	0	 ***
113	45	60	49	511	0	120	1013	327	335	
19	121	511	105	242	90	0	1013	395	77	
30	15	106	0	30	45	27	789	1023	508	
0	95	185	34	16	154	746	275	1023	45	
0	30	324	4	511	109	0	0	1014	581	
143	30	105	503	94	4	125	1023	546	0	
0	511	49	197	75	364	278	945	150	4	
79	511	64	15	45	410	334	976	45	94	
30	185	61	440	511	353	0	606	387	0	
19	125	91	511	143	368	0	951	365	0	

34	106	75	511	68	272	312	484	937	244	 ***
53	106	84	356	61	379	244	562	1023	175	
87	289	76	456	137	387	396	1023	192	0	
113	114	214	448	120	450	0	420	1023	141	
297	243	78	511	68	357	0	256	953	280	
113	456	106	418	60	511	0	609	770	0	
298	106	206	388	454	511	0	363	717	0	
47	106	83	410	60	424	0	1023	259	631	
469	144	190	478	90	511	269	53	839	0	
0	45	75	304	49	30	286	1023	981	250	
53	106	71	410	212	439	160	1023	249	320	
34	166	335	439	511	486	0	587	485	0	

319	231	511	321	151	57	174	1009	60	60	 ***
53	77	17	511	109	349	0	289	1013	475	
30	106	90	411	83	257	260	1019	241	396	
106	241	259	64	15	335	372	289	189	1023	
103	100	64	113	166	60	854	1023	259	151	
27	502	494	256	0	0	337	1023	111	143	
34	106	75	511	98	257	252	366	302	892	
34	93	64	15	195	60	1022	732	374	304	
39	374	120	79	210	17	0	1023	639	392	
62	293	122	0	105	62	121	216	1023	889	
0	136	387	0	511	260	81	967	95	456	
183	34	75	60	404	105	655	95	259	1023	
350	109	2	80	456	140	0	1023	733	0	
434	188	38	0	0	336	151	135	588	1023	
32	133	128	12	0	23	943	1022	532	68	
30	106	75	380	68	266	252	1019	453	244	
289	150	120	30	8	0	312	1023	118	843	
9	60	438	0	95	0	135	829	1023	304	
0	144	60	350	68	511	252	377	241	890	
91	106	60	511	83	257	252	359	900	274	
259	143	0	170	90	72	242	331	563	1023	

175	60	30	85	511	59	501	1022	27	90	 ***
471	98	113	511	236	0	373	606	152	0	
319	120	42	106	189	40	369	231	121	1023	
511	122	0	0	402	24	186	184	113	1018	
158	126	65	0	364	511	0	994	91	251	
304	109	103	106	511	67	234	655	121	350	
143	0	170	121	224	92	99	1023	297	391	
293	0	167	328	511	120	365	0	678	98	
60	365	38	82	174	53	365	306	94	1023	
0	0	166	91	511	486	64	1022	110	110	
152	59	70	511	53	50	0	289	501	875	
304	182	64	106	100	59	236	365	121	1023	
312	143	35	76	214	82	372	243	60	1023	
42	68	196	218	136	121	360	1023	396	0	
334	139	30	82	311	92	122	1023	367	60	
170	121	359	58	30	194	49	1023	556	0	
53	27	498	53	34	128	273	0	1023	471	
91	304	4	75	475	0	64	1023	407	117	
75	109	49	114	49	96	267	217	1023	561	
181	140	206	75	282	30	307	316	1023	0	
310	107	69	110	220	57	121	209	334	1023	
201	53	79	0	151	99	0	574	380	1023	
130	130	143	274	76	45	1023	164	575	0	
62	297	77	83	105	261	76	1023	576	0	
30	487	68	150	113	113	1023	138	130	308	
114	76	0	267	46	0	206	674	1023	154	
511	113	42	106	151	59	128	258	865	327	
306	117	60	76	205	97	247	1023	60	369	
500	295	45	45	167	161	0	1023	214	110	
319	109	32	76	209	511	106	494	84	620	
259	64	85	80	119	61	457	200	1023	212	
261	271	35	203	125	38	559	1023	45	0	
68	69	181	160	178	205	368	1023	308	0	
304	109	82	91	200	59	106	461	125	1023	
113	60	53	23	13	30	905	196	144	1023	
220	511	0	98	273	481	95	287	0	595	
99	150	134	73	52	206	427	396	1023	0	

139	96	511	4	0	302	200	0	1013	171	 ***
511	151	0	87	177	319	416	198	577	0	
146	0	0	66	511	91	414	329	789	90	
211	0	0	81	192	72	395	420	42	1023	
105	0	424	511	45	187	186	0	347	631	
149	15	0	80	201	75	395	1023	149	349	
116	0	123	389	150	200	1023	0	375	60	
124	305	0	90	0	78	672	1023	69	75	
45	248	191	282	79	78	1023	304	186	0	
144	511	0	86	169	65	406	572	393	90	
79	12	93	91	45	278	333	1023	99	383	
45	0	511	50	25	432	1021	141	0	211	
144	4	30	86	192	57	402	1023	149	349	
95	511	55	0	144	182	395	44	0	1010	
344	511	0	95	83	213	0	979	109	102	

35	86	85	45	136	308	64	695	1023	0	 ***
96	209	30	20	45	54	1023	35	837	128	
19	217	193	72	511	286	60	62	1019	38	
141	96	158	8	30	310	220	0	1023	491	
137	105	511	29	30	317	200	2	731	415	
46	4	61	139	66	138	0	924	1023	76	
141	54	128	4	15	306	265	1023	370	171	
148	96	98	31	0	305	1023	263	341	172	
258	511	40	42	72	329	102	160	151	812	
182	75	511	133	0	301	1019	60	144	52	
75	168	511	254	30	244	48	1018	53	76	
141	96	511	4	0	319	217	0	506	683	
137	100	231	21	0	336	208	0	1023	421	
34	205	511	347	15	179	31	321	121	713	
45	30	92	85	86	216	38	16	1023	846	
56	105	110	78	49	36	1023	125	735	160	
60	16	133	72	23	60	0	909	1023	181	
274	124	511	10	0	303	587	0	253	415	
101	192	88	26	270	109	293	1023	375	0	
140	405	61	171	511	185	0	413	591	0	
105	117	38	166	109	227	55	637	1023	0	
233	96	511	86	117	0	121	1014	299	0	
175	76	61	182	140	350	1023	9	25	436	
72	94	175	15	79	83	84	1023	8	844	
137	96	511	12	1	307	219	278	743	173	
440	30	109	65	153	12	128	57	1023	460	

35	86	116	30	125	293	506	1023	324	0	 ***
158	86	146	30	258	308	124	327	78	1023	
160	84	511	70	167	8	0	308	216	1014	
57	4	19	8	30	75	948	1022	125	250	
78	61	69	52	57	141	129	1023	0	928	
137	152	75	75	8	61	31	940	1023	36	
511	0	0	160	60	186	552	30	16	1023	
0	83	4	22	207	72	98	689	1023	340	
145	50	82	59	95	259	205	1023	620	0	
8	0	223	47	34	176	77	1023	83	867	
159	46	154	105	126	72	75	673	1023	105	
176	55	68	120	91	53	68	248	1023	636	
277	213	100	154	182	293	1023	220	76	0	
19	66	64	509	92	307	0	1023	215	243	
123	170	222	17	91	416	128	1023	348	0	
0	8	511	32	0	504	137	996	183	167	
19	302	51	25	258	124	0	601	1023	135	
298	345	278	35	181	57	173	148	1023	0	
110	86	274	45	136	312	260	292	1023	0	
171	17	53	0	126	19	1023	965	14	150	
4	19	256	45	39	121	826	70	1023	135	
31	49	511	120	32	0	1013	508	130	144	
39	284	75	234	260	327	128	168	1023	0	
238	85	83	75	243	353	129	1023	309	0	
61	116	122	57	106	293	1023	421	339	0	
120	88	113	15	121	430	1023	110	246	272	
20	115	205	19	155	449	186	185	1023	181	

4	49	83	52	15	213	306	284	1022	961	 ***
4	105	0	75	282	159	117	1023	1013	211	
505	0	511	0	319	122	79	185	1002	266	
511	507	248	60	0	0	124	0	518	1021	
97	121	93	34	117	289	1023	595	620	0	
34	231	282	101	117	297	230	1023	247	427	
105	38	145	0	53	509	30	1023	177	909	
30	182	122	150	176	30	183	1023	1017	76	
154	30	153	221	511	0	1021	142	0	757	
95	61	207	45	239	289	279	1023	751	0	
49	369	113	59	66	214	472	1023	323	301	
167	0	38	137	185	152	115	1023	919	253	
27	79	61	216	120	321	150	1023	651	341	
49	95	97	156	126	293	1023	522	628	0	
243	383	136	0	120	4	19	1023	60	1001	
19	74	283	79	60	15	817	1023	469	150	
213	102	70	30	113	51	1013	1023	196	178	
51	113	207	34	117	419	1023	472	553	0	
34	142	267	121	117	167	621	1023	249	248	
267	0	55	267	176	140	905	156	1023	0	
118	49	21	175	171	373	856	1023	128	75	
94	215	62	160	0	79	461	1022	771	125	
91	205	85	38	240	299	508	500	1023	0	
23	244	126	0	346	152	1014	0	61	1023	

306	308	122	23	278	511	190	139	149	948	 ***
122	331	83	19	120	177	0	245	1023	854	
234	175	370	60	57	205	495	355	1023	0	
8	49	89	52	60	281	276	528	1022	609	
83	108	167	210	460	50	717	156	1023	0	
4	49	365	52	75	266	246	299	1022	596	
4	49	96	90	23	335	245	1022	515	595	
12	68	279	44	15	213	246	528	1023	546	
511	34	65	0	32	201	510	45	1013	563	
80	152	249	321	120	165	807	57	0	1023	
190	75	272	306	429	201	2	1023	476	0	
473	370	327	91	244	511	248	570	140	0	
206	494	511	15	196	0	124	395	999	34	
240	476	197	89	327	38	57	0	1023	527	
448	180	511	0	276	121	389	147	902	0	
27	34	172	30	0	399	669	137	1023	483	
137	145	511	45	0	141	444	388	980	183	
197	34	283	159	153	141	0	1022	711	274	
76	75	278	8	289	90	858	140	1023	137	
8	49	99	112	15	274	543	284	567	1023	
8	49	81	71	57	274	558	284	569	1023	
243	511	0	156	122	388	30	400	120	1004	
511	34	91	194	30	353	156	86	623	896	
75	49	220	72	239	0	46	740	1023	510	
377	46	30	131	222	80	655	1023	410	0	
276	81	61	506	122	183	1023	343	379	0	
4	61	97	60	15	304	550	284	1023	576	
0	69	0	61	257	511	971	19	988	98	
4	49	83	52	15	288	246	1023	610	604	
354	152	60	132	132	240	777	0	1023	104	
346	83	105	335	511	32	0	370	999	193	
4	49	112	52	19	274	558	284	1023	599	

0	122	0	130	136	30	204	738	1023	369	 ***
234	91	183	176	511	212	382	0	0	963	
60	19	183	122	181	511	227	126	320	1003	
441	510	61	4	15	511	20	80	152	958	
367	15	126	38	290	64	471	180	179	1022	
327	511	0	191	83	507	171	109	0	853	
79	136	137	252	185	0	98	0	843	1022	
310	15	122	27	342	511	498	196	160	571	
154	15	183	442	224	510	0	132	84	1008	
8	413	243	511	0	137	122	143	154	1021	
477	8	15	65	129	201	0	1023	0	834	
187	35	137	156	102	511	166	385	136	937	
186	197	510	73	64	267	0	961	494	0	
4	0	235	224	8	15	0	1022	244	1000	
232	386	4	165	282	0	1023	571	0	89	
308	30	122	38	278	511	247	150	180	888	
34	137	188	209	252	511	0	228	211	982	
65	305	19	93	79	15	443	396	315	1022	
286	0	130	31	460	30	750	0	43	1022	
49	243	426	202	0	61	602	1022	147	0	
79	75	73	169	4	511	130	304	411	996	
4	34	155	244	385	511	79	114	244	982	
271	0	408	125	191	511	124	64	61	997	
368	15	122	83	282	510	488	150	149	585	
122	60	365	0	511	426	60	137	131	940	
8	259	69	366	12	8	0	79	1023	928	
371	15	122	23	417	511	152	423	149	569	
4	0	193	122	267	0	630	1022	449	65	
326	15	122	121	345	4	182	135	479	1023	
327	15	183	31	308	64	152	471	179	1022	
366	0	186	19	198	0	1023	709	39	212	
511	57	335	27	4	369	305	1005	75	64	
139	0	191	60	180	0	762	318	80	1022	
367	17	122	23	278	511	171	233	205	825	
34	122	260	8	256	480	212	49	308	1023	
309	140	198	72	0	323	0	1022	579	109	

8	0	0	128	136	0	204	522	1022	639	 ***
30	0	0	130	136	0	294	432	1023	614	
30	0	0	130	168	0	512	432	1022	365	
0	0	60	130	136	0	448	497	1023	365	
0	0	0	130	91	0	204	1022	813	399	
91	30	8	130	136	0	268	357	1022	617	
0	0	0	510	140	0	355	365	642	647	
0	0	0	138	339	30	448	312	1023	369	
0	0	0	130	510	0	204	417	477	921	
0	65	0	130	241	0	204	631	1023	365	
0	0	0	130	136	0	204	621	545	1023	

8	60	0	122	247	170	579	297	1023	334	 ***
15	91	301	152	511	0	626	30	900	214	
8	8	0	212	121	0	1023	388	479	601	
8	0	0	182	125	0	882	205	415	1023	
122	30	0	396	155	8	567	205	1023	334	
38	0	0	122	511	99	885	466	385	334	
252	278	511	122	129	0	467	205	542	334	
60	75	30	75	8	263	1023	128	808	370	
38	511	0	154	384	0	237	541	397	578	
60	0	61	0	396	327	935	1023	38	0	
511	8	68	38	334	122	610	121	885	143	
8	60	511	122	211	0	816	265	513	334	
8	0	57	366	151	0	219	1023	682	334	
432	0	502	16	8	511	486	69	816	0	
8	0	91	137	373	0	528	235	445	1023	
88	0	0	128	121	274	463	205	539	1022	
8	95	0	212	166	0	342	541	454	1022	
60	75	511	304	50	426	28	60	1021	305	
15	511	8	304	0	60	1022	532	110	278	
244	42	396	320	0	511	956	195	116	60	
30	252	511	167	274	60	0	385	1021	140	
8	308	0	170	129	511	579	235	506	394	

8	30	0	122	330	0	380	164	278	1022	 ***
60	0	259	0	0	0	1022	76	0	917	
30	0	15	0	60	152	75	949	1023	30	
8	30	0	122	249	0	1023	349	279	274	
8	45	0	130	510	0	357	168	391	725	
0	510	0	0	0	511	288	965	60	0	
8	156	0	152	234	0	335	152	1023	274	
29	30	0	122	234	0	331	168	398	1022	
274	0	30	0	128	30	38	19	1020	795	
0	0	30	511	244	0	499	30	1020	0	
38	30	0	122	356	0	331	160	1023	274	
0	30	122	0	0	509	1020	0	30	623	
331	511	45	30	30	366	0	0	1021	0	
8	30	0	122	234	0	331	1022	191	396	
244	0	30	8	0	510	364	38	1020	120	
0	259	0	227	30	68	0	640	1020	90	
0	205	0	34	105	0	8	671	1022	289	
8	30	0	154	204	0	1022	168	474	274	
15	0	90	30	160	0	0	1017	1022	0	
0	0	505	0	0	120	0	1020	655	34	
0	511	0	75	353	60	313	1022	0	0	
15	30	0	0	0	506	182	578	1023	0	
30	487	0	0	0	30	0	705	1022	60	

23	129	90	0	304	60	496	30	1023	764	 ***
0	433	165	23	511	4	761	0	1022	0	
30	0	0	8	30	61	75	800	1020	895	
109	218	0	252	76	244	0	182	816	1022	
79	4	167	0	0	30	716	314	586	1023	
0	334	15	0	510	252	1010	0	98	700	
259	80	15	30	510	252	320	0	613	840	
346	0	15	60	278	259	252	105	581	1023	
61	30	319	68	491	19	312	537	60	1022	
30	320	197	267	0	244	30	505	1022	304	
289	0	510	274	304	0	991	0	551	0	
60	0	0	60	0	30	8	731	1007	1023	
15	61	106	0	239	244	376	306	1023	549	
0	511	4	0	304	364	966	0	0	770	
274	0	0	15	8	166	1022	488	882	64	
30	113	0	510	307	259	312	30	594	764	
120	301	0	0	475	0	327	90	583	1023	
244	289	0	68	239	91	395	277	293	1023	
411	90	8	488	0	83	259	174	383	1023	
30	274	61	90	0	503	1021	940	0	0	
0	151	27	441	319	42	259	60	597	1023	
335	68	366	30	60	0	534	488	1023	15	
244	411	15	0	15	278	204	122	608	1022	
182	305	0	0	64	304	947	94	0	1023	
23	75	488	0	235	61	372	523	120	1022	
312	136	453	511	0	38	548	0	921	0	
320	0	510	370	30	38	0	94	941	616	
235	61	0	503	15	0	831	0	1022	252	

102	150	90	0	488	25	548	284	1023	502	 ***
328	145	327	68	274	346	0	248	1023	453	
87	69	105	8	304	99	520	274	1023	723	
12	442	15	503	304	511	413	0	1012	0	
60	339	0	0	53	90	515	274	1023	858	
387	68	189	0	304	34	488	285	1023	434	
15	60	511	122	31	507	244	740	79	903	
31	90	158	12	304	30	564	396	1023	604	
263	244	83	456	511	86	676	0	0	893	
489	304	279	364	0	15	738	0	1023	0	
366	357	75	0	283	90	0	333	1023	685	
68	488	23	122	0	259	305	428	1023	496	
443	60	106	511	75	8	385	602	1022	0	
331	137	158	305	256	259	416	8	1023	319	
57	406	84	60	304	0	350	0	1023	928	
214	488	297	321	338	0	0	0	1023	531	
23	120	136	8	511	90	488	274	1015	547	
60	511	0	8	458	372	15	804	984	0	
129	75	68	349	421	260	0	278	1023	609	
511	373	45	45	319	122	95	661	1011	30	
226	122	64	291	259	12	492	282	1023	441	
511	251	20	68	248	304	379	289	893	249	
23	64	150	60	511	38	503	278	1000	585	
23	304	120	8	308	30	556	335	1023	505	
402	297	252	263	0	252	0	1023	723	0	
312	121	327	15	286	366	259	490	1021	15	
0	0	511	488	0	8	573	308	1012	312	
305	0	511	504	0	488	334	888	0	182	

366	365	402	201	267	120	60	0	1022	0	 ***
98	132	38	61	0	274	502	91	1023	584	
4	143	68	193	267	503	380	68	1023	154	
244	244	244	0	30	30	104	0	1023	884	
273	0	90	0	0	304	0	148	965	1023	
8	105	327	46	60	305	441	488	1023	0	
369	21	204	0	0	412	98	342	1023	334	
500	0	75	189	0	38	1023	106	872	0	
0	0	342	493	496	27	274	0	1023	148	
68	244	319	152	365	0	218	414	1023	0	
0	0	379	331	511	324	267	286	705	0	
15	8	319	282	72	106	333	645	1023	0	
15	0	0	183	511	68	0	1017	0	1009	
511	0	60	259	486	0	364	0	121	1002	
248	73	105	0	443	64	0	692	1023	155	
89	244	102	0	289	320	389	347	1023	0	
0	68	308	0	121	372	801	0	1023	110	
183	98	252	219	0	0	57	394	1023	577	
244	38	158	0	324	434	436	60	1023	86	
0	511	0	319	0	297	248	1003	425	0	
30	15	95	0	0	244	60	320	1023	1016	
319	4	156	98	334	0	0	1023	869	0	
252	0	121	0	77	496	122	132	1022	581	
42	60	0	0	313	274	77	379	1023	635	
244	0	61	364	0	30	1006	60	1023	15	
113	15	0	68	252	75	116	121	1023	1020	
90	357	270	0	120	27	577	0	1023	339	
503	475	511	136	0	0	319	859	0	0	
0	304	244	75	68	259	91	617	1023	122	
252	460	158	244	327	0	197	142	1023	0	
93	150	30	0	488	39	364	83	1023	533	
439	8	260	0	374	252	38	75	1023	334	
94	173	30	19	488	84	334	83	1023	475	
15	16	0	106	244	83	0	894	1023	422	
94	158	90	0	503	84	304	61	1021	488	
511	289	182	339	15	8	364	12	1010	73	
0	478	506	45	244	61	244	981	0	244	
68	90	0	0	319	298	151	568	1023	286	
511	304	342	323	30	0	0	373	920	0	
68	60	304	0	511	301	76	502	981	0	
320	0	60	15	511	90	783	1016	8	0	
248	404	81	8	68	252	346	373	1023	0	

180	342	0	32	0	252	91	98	1022	527	 ***
30	121	30	75	38	0	150	91	1018	991	
511	61	0	0	274	30	60	979	0	629	
402	90	394	0	346	131	61	0	1022	98	
244	98	511	182	360	90	90	0	969	0	
61	30	30	0	274	30	982	0	1023	114	
30	488	0	84	0	30	768	91	1023	30	
4	166	289	68	53	366	0	0	1023	575	
105	45	227	68	439	69	274	297	1020	0	
45	324	364	0	81	113	350	0	1023	244	
496	0	0	0	289	271	75	0	1022	391	
305	8	472	0	499	30	120	0	1020	90	
475	319	136	511	0	0	167	0	936	0	
244	143	185	197	267	511	107	0	890	0	
274	128	368	228	267	60	120	76	1023	0	
379	0	0	0	120	289	23	61	1023	649	
319	15	0	0	0	126	0	76	1023	985	
105	274	30	0	511	60	0	30	985	549	
511	355	503	0	0	0	68	0	1019	88	
34	60	389	0	282	469	75	0	1023	212	
181	501	15	75	64	106	580	0	1022	0	
511	75	151	335	0	0	0	0	1018	454	
0	128	196	313	0	244	136	504	1023	0	
45	90	0	30	121	0	244	0	991	1023	
499	474	0	60	0	244	0	993	274	0	
244	90	368	189	327	155	114	34	1023	0	
0	259	38	120	60	61	0	983	1023	0	
0	136	511	244	30	402	0	60	1010	151	
105	212	321	278	132	76	0	397	1023	0	
365	289	368	511	267	0	90	0	654	0	
511	120	368	280	267	0	31	0	877	90	
334	372	80	135	0	15	91	144	1022	351	
244	60	30	259	60	93	380	274	1023	121	

130	0	475	137	90	0	0	744	1022	120	 ***
45	60	68	64	129	4	690	256	1023	379	
0	61	64	466	226	0	302	576	1023	0	
304	317	4	83	106	0	140	742	1022	0	
392	132	463	295	0	4	45	244	1023	120	
0	366	30	64	125	211	185	289	1022	426	
130	503	0	45	30	105	60	77	745	1023	
0	12	15	415	497	120	90	179	1022	368	
321	75	0	98	4	394	206	597	1023	0	
221	0	312	511	94	511	136	933	0	0	
0	159	34	12	0	364	498	481	1022	148	
95	374	471	4	364	128	120	139	1023	0	
365	65	77	503	289	320	0	76	1023	0	
0	233	142	45	0	92	106	254	1023	823	
183	154	511	117	244	136	252	0	787	334	
191	79	485	0	180	350	76	334	1023	0	
0	90	4	150	456	0	988	8	0	1022	
4	256	45	75	123	34	0	1023	962	196	
255	90	0	49	4	267	217	357	1023	456	
64	511	289	0	16	87	331	249	919	252	
184	364	0	34	0	252	250	129	1023	482	
211	380	364	215	60	0	267	198	1023	0	
109	227	90	34	387	69	34	745	1023	0	
395	4	184	105	196	38	629	0	1023	144	
60	75	0	128	151	304	15	948	1022	15	
274	334	511	155	45	0	244	0	150	1005	
395	399	4	96	34	364	129	0	1023	274	
0	60	83	469	152	304	627	1023	0	0	
207	380	131	30	0	260	91	212	1023	384	
0	75	0	181	90	61	0	996	1022	293	

0	186	61	428	313	0	107	259	864	1023	 ***
500	389	511	5	319	309	0	186	1022	0	
400	0	304	245	511	0	0	699	342	740	
511	0	434	133	304	0	0	1018	657	184	
191	466	498	0	384	0	1023	0	121	558	
374	0	342	125	60	75	0	747	495	1023	
323	0	511	64	0	409	984	745	0	205	
186	0	364	384	60	244	0	700	1023	280	
488	380	105	488	4	511	16	135	91	1023	
486	4	126	0	166	45	805	578	1023	8	
511	60	61	403	75	60	976	91	0	1004	
511	181	16	346	244	479	109	847	508	0	
213	30	137	248	511	304	1010	304	484	0	
349	0	66	60	60	120	1023	610	30	923	
434	0	372	275	68	4	0	699	1023	366	
60	0	185	133	167	394	956	0	323	1023	
0	380	0	366	239	0	684	66	1023	483	

