#88	240	80	0	2496	160	3928	272	672	404	 ***
#192	0	992	32	0	164	3424	80	3264	192	
#80	160	836	160	240	160	0	384	2684	3636	
#112	32	112	120	0	0	192	1640	5172	960	
#564	192	304	164	0	0	1000	2048	0	4068	
#32	0	80	2272	144	88	432	400	1040	3852	

84	192	80	80	544	192	4680	272	1024	404	 ***
464	80	560	800	2048	0	36	3484	80	0	
32	672	84	352	0	100	400	4404	0	1508	
84	480	80	80	464	240	4648	976	32	468	
196	240	80	320	432	160	4616	1040	32	436	
32	0	352	640	272	112	0	1308	320	4516	
468	512	32	80	0	432	4892	544	0	592	
0	32	560	240	112	192	5088	432	704	192	
144	320	192	32	32	160	4432	800	1360	80	
544	304	192	80	480	436	4708	452	356	0	
164	160	0	0	464	160	4984	1072	144	404	
0	400	324	192	512	112	4392	512	708	400	
400	192	192	592	160	32	3880	0	0	2104	
64	0	144	80	80	240	4148	0	112	2684	
80	192	80	32	400	480	4704	1152	32	400	
400	480	116	240	96	320	4920	388	432	160	
592	1504	64	240	640	112	4368	0	0	32	
272	384	1216	160	240	0	668	752	0	3860	
0	400	432	756	224	480	1488	0	32	3740	
320	112	560	160	1184	192	3528	792	0	704	
164	160	80	0	432	160	4952	1104	96	404	
84	160	112	0	432	240	2664	1008	384	2468	
352	432	1456	0	432	0	4176	272	32	400	
0	304	320	0	112	640	2812	2964	400	0	
272	512	192	0	352	80	160	3808	2144	32	
160	0	112	272	400	272	976	672	0	4688	
404	160	80	0	544	160	2808	912	64	2420	
160	0	0	992	272	64	916	308	4568	272	
1264	196	240	640	432	0	196	4232	352	0	
224	240	192	464	84	488	3636	320	1904	0	
160	160	144	112	80	1344	352	0	4960	240	

176	0	112	352	464	640	4576	80	704	960	 ***
80	112	0	112	544	272	4320	912	992	720	
672	432	32	0	352	756	0	484	4920	416	
80	832	0	80	512	544	4240	384	992	400	
592	352	64	352	160	80	944	752	352	4416	
196	32	80	528	0	1232	4700	320	512	464	
272	832	148	240	432	0	4760	432	564	384	
80	192	320	80	512	224	5552	272	352	480	
80	224	0	80	544	192	1544	912	432	4056	
832	64	0	144	1264	160	1500	3588	352	160	
80	192	160	224	1184	192	4604	272	432	724	
644	480	112	352	112	992	64	384	304	4620	
64	192	192	160	400	992	512	528	0	5024	
2880	112	320	112	576	0	3392	80	0	592	
720	192	64	80	512	192	4316	272	352	1364	
112	192	0	80	1184	224	1060	612	352	4248	
192	400	768	1232	0	240	4728	184	0	320	
80	224	116	240	672	320	4728	1092	352	240	
144	1092	80	176	480	272	3928	980	912	0	
80	224	320	80	512	832	4240	272	352	1152	
0	480	256	432	192	304	3656	824	0	1920	
320	480	1328	80	0	2272	0	0	224	3360	
432	192	192	704	80	400	192	4652	192	1028	
596	992	144	256	0	320	4588	256	480	432	
0	240	160	112	384	624	1552	4336	304	352	
80	512	0	80	512	192	4240	912	384	1152	
320	224	32	432	384	64	320	640	4896	752	
80	352	160	32	160	1104	4304	624	1184	64	

512	320	0	2672	868	496	272	0	2464	1776	 ***
176	800	112	320	1104	640	4964	0	464	800	
0	320	0	1072	592	576	4116	832	400	1472	
176	0	112	320	464	640	4884	80	1744	960	
752	1184	0	1008	160	224	3456	0	2164	432	
432	432	160	672	80	672	4484	432	832	1184	
176	640	112	672	464	640	4932	0	944	800	
176	0	752	480	464	800	5124	80	704	800	
176	160	112	960	1264	640	4932	0	336	800	
1472	1392	0	336	480	80	4388	0	480	752	
176	640	112	320	464	832	5092	80	864	800	
528	1392	80	32	720	0	5124	400	112	992	
0	320	960	1888	192	544	864	352	4260	0	
176	0	752	320	624	800	5124	80	704	800	
32	592	1200	128	352	192	4772	800	1072	240	
864	240	0	352	320	1024	5540	624	176	240	
832	352	832	512	976	480	4932	80	352	32	
176	160	112	960	624	640	4964	0	944	800	
0	1040	704	144	80	752	2336	0	4324	0	
416	544	32	640	832	0	3540	1552	1824	0	
320	192	672	672	144	80	5172	784	672	672	
240	160	752	432	144	1424	4148	544	1536	0	
240	288	160	240	0	320	4740	704	272	2416	
1152	32	2416	0	512	224	192	640	0	4212	
304	320	992	864	0	800	4868	176	320	736	
80	240	752	272	2336	0	4260	464	144	832	
176	0	112	320	496	640	4852	0	1344	1440	
800	720	192	224	720	80	4372	1312	960	0	
352	64	272	1120	352	912	4212	960	32	1104	

512	0	112	2784	560	1312	1216	320	2832	0	 ***
352	832	0	672	0	1040	816	1216	4720	0	
512	320	0	624	1440	464	1552	0	3440	1296	
80	0	640	320	960	640	640	352	464	5552	
0	1888	352	1440	912	768	0	800	3488	0	
1136	560	32	1392	0	272	64	32	5440	720	
512	320	640	1584	800	496	224	2784	1024	1264	
544	320	0	704	800	976	1216	0	1248	3840	
160	160	160	2736	1360	0	1040	160	704	3168	
2688	720	320	32	512	32	320	3552	832	640	
720	1024	0	320	320	640	0	5472	1040	112	
992	2080	32	1296	1024	0	80	0	3120	1024	
1728	320	0	544	832	1136	2560	0	1216	1312	
672	320	0	1184	880	496	64	352	4576	1104	
1152	480	0	704	992	608	144	112	752	4704	
1152	0	304	3136	960	64	80	192	3408	352	
752	0	0	1392	0	480	0	736	4704	1584	
704	320	0	544	880	496	1376	0	3888	1440	
512	576	160	1552	800	576	384	0	4096	992	
592	320	672	704	1040	496	3696	0	896	1232	
720	0	160	1760	112	1232	336	0	4272	1056	
512	320	0	544	800	496	64	3664	2016	1232	
704	320	0	1552	880	496	2768	0	1696	1232	
1728	320	0	544	800	1136	944	1888	1056	1232	
912	112	0	544	960	496	1552	0	1056	4016	
832	112	352	2128	320	0	1120	432	80	4272	
592	320	0	544	800	656	3696	80	1728	1232	
512	320	0	576	960	496	704	3664	1024	1392	
192	160	640	64	1312	352	560	1440	4288	640	
512	1120	0	544	1856	496	96	2608	1184	1232	
0	640	800	0	640	1280	320	2496	3472	0	
672	480	640	0	672	400	0	1536	4528	720	
1728	0	0	704	880	896	1136	0	1424	2880	
512	352	0	624	880	1136	896	0	1712	3536	
592	320	0	1552	960	496	1376	0	1664	2688	
640	880	320	320	0	1600	0	720	4528	640	
640	496	0	2304	512	320	320	1344	2832	880	
0	992	32	880	0	720	1120	880	4544	480	
800	0	224	32	720	320	240	1504	5616	192	
512	400	752	704	800	496	1056	0	3696	1232	
1152	320	32	1552	800	736	896	0	1504	2656	

352	240	960	992	0	384	560	1312	4624	0	 ***
0	0	176	1936	1584	1024	880	1440	864	1520	
512	80	224	144	1200	992	1184	1040	4048	0	
832	192	592	1712	1520	1360	400	176	2640	0	
800	0	240	720	0	432	2672	640	1072	2848	
752	160	752	352	32	720	912	960	4624	160	
512	160	800	2032	1520	640	192	240	3136	192	
592	0	192	2880	1440	672	1872	320	1456	0	
240	32	736	1360	1056	1360	0	992	3648	0	
832	112	2592	2704	0	0	752	128	1632	672	
752	320	112	304	640	672	4096	352	2016	160	
880	2080	672	0	112	960	112	592	3744	272	
592	112	112	1248	1200	832	1216	480	2912	720	
1104	480	944	1040	0	304	720	640	3680	512	
592	0	224	304	1120	832	1216	2928	2208	0	
1312	160	352	416	560	672	1456	464	3952	80	
1552	192	112	1248	640	832	2448	944	1456	0	
160	720	160	320	192	720	880	752	4128	1392	
512	160	272	64	560	1104	1216	320	1776	3440	
752	0	832	384	752	832	3504	752	1616	0	
1824	0	192	224	1696	832	1248	320	3088	0	

352	240	960	240	0	304	2848	1312	1184	0	 ***
352	240	960	240	0	304	2304	1664	1376	0	
384	160	640	240	160	240	1984	992	2640	0	
1216	1472	2000	384	512	0	1408	448	0	0	
352	240	960	240	0	304	1344	1152	2848	0	
352	592	992	400	0	272	560	1152	3120	0	
352	240	960	240	0	272	560	1184	3472	160	
0	1088	352	480	1856	224	0	912	2528	0	
352	240	960	272	0	272	1248	1312	2784	0	
352	400	960	240	0	272	1152	1152	2912	0	
1120	800	192	480	0	544	0	0	752	3552	
352	240	1120	272	0	304	1248	1152	2752	0	
352	160	640	240	0	272	240	1664	2048	1824	
352	192	320	240	0	240	1984	1312	2800	0	
352	272	960	400	0	656	560	1152	3088	0	
352	240	960	272	0	272	1376	1184	2784	0	
912	2368	0	352	160	400	240	560	0	2448	
352	160	640	240	0	240	304	1152	2016	2336	
32	192	624	0	0	1760	352	240	1904	2336	
352	272	960	240	0	272	2208	1312	1824	0	
0	0	0	1760	832	272	0	672	2656	1248	
352	160	640	240	0	240	240	1648	3920	0	

1232	164	432	400	0	992	1124	3204	32	0	 ***
512	320	704	240	0	168	272	1472	3728	164	
592	0	32	512	80	0	596	1684	112	3972	
644	36	240	1120	192	320	272	1104	0	3652	
352	240	640	404	4	304	2756	1312	1568	0	
384	320	880	272	0	1504	1784	1316	1120	0	
272	116	560	560	336	0	2624	468	2644	0	
1428	4	352	240	484	1280	0	1376	2416	0	
832	1104	160	724	384	400	2416	112	160	1288	
84	80	160	112	1152	1728	1360	276	160	2468	
736	544	164	720	880	80	3812	644	0	0	
0	400	912	0	432	0	1844	1072	2168	752	
224	804	352	832	0	0	672	1200	404	3092	
0	32	1552	960	0	2256	272	1956	400	152	

512	1200	960	0	196	1120	560	3504	916	708	 ***
436	640	160	2404	720	160	272	2180	400	2304	
788	0	1120	1312	404	672	1412	0	560	3408	
484	0	1440	384	1440	0	484	3424	884	1136	
1312	160	400	1360	0	1712	640	1852	32	2208	
1232	240	400	1120	240	836	964	2308	2336	0	
1552	564	480	720	0	992	2596	1684	1088	0	
1552	324	400	480	0	1664	1156	3684	416	0	
0	960	192	0	704	1360	2608	168	516	3168	
912	864	1040	1440	0	832	960	3372	256	0	
836	400	1440	368	0	656	400	2500	3076	0	
240	480	276	2480	1760	160	1252	272	2400	356	
1776	640	0	320	864	836	2772	356	432	1680	
80	400	400	960	756	36	160	720	1744	4420	
1232	244	1200	560	0	1632	644	3396	272	496	
1312	196	1264	400	2624	832	644	1972	432	0	
992	596	400	400	160	816	2244	3684	384	0	
676	0	736	352	404	0	3200	2548	640	1120	
912	480	400	400	160	752	1764	1960	2208	640	
2192	2308	400	400	0	992	1364	1588	432	0	
1312	244	400	400	0	832	1284	3700	1344	160	
1392	2308	400	640	0	832	724	2308	432	640	

320	672	192	160	160	880	2324	0	1108	1924	 ***
324	240	672	804	832	880	192	2432	0	1364	
0	2164	192	968	480	432	0	432	2272	800	
272	0	1120	0	544	432	2980	432	1124	836	
192	32	468	432	80	0	1508	1600	1188	2240	
0	640	272	1168	0	480	768	164	564	3684	
272	400	2100	656	388	2368	484	0	0	1072	
400	1312	1072	2036	272	80	468	864	1236	0	
432	1200	320	0	340	512	592	3360	276	708	
400	832	512	836	552	480	0	3120	432	576	
164	272	592	832	624	548	1716	2240	752	0	
480	224	436	328	0	640	1632	3056	832	112	
512	1200	160	0	356	480	480	1408	276	2868	
384	1200	400	0	356	480	560	3376	308	676	
992	992	792	592	644	752	480	1952	544	0	
384	1280	320	0	372	480	880	3040	276	708	
596	320	644	832	644	0	0	800	896	3008	
352	880	800	0	196	400	560	1792	276	2484	
544	1360	160	0	196	720	2512	1104	116	1028	
672	1200	160	0	196	640	720	1136	196	2820	
404	464	1120	0	992	2244	1120	740	656	0	
560	560	112	832	404	160	912	2904	1024	272	
564	752	80	544	196	960	0	3168	724	752	
512	1200	320	0	196	512	560	1680	276	2484	
320	1504	816	160	560	160	1476	2260	0	484	
400	304	592	560	1588	836	240	3024	0	196	
0	1280	480	560	160	0	704	3292	432	832	
0	624	0	192	640	160	2608	2356	436	724	

116	960	240	2008	832	0	2512	0	912	624	 ***
0	324	784	80	512	736	1432	832	0	3504	
888	1936	320	1044	768	672	944	0	0	1632	
512	512	192	160	160	1200	2788	80	1176	1424	
276	592	832	1200	864	472	2912	736	320	0	
352	512	224	240	752	880	516	0	1428	3300	
560	0	1048	1184	2048	192	160	2548	464	0	
400	320	596	2176	724	0	208	832	2276	672	
352	672	160	1744	160	880	1364	0	1072	1800	
352	84	404	944	0	192	3844	832	1440	112	
320	512	480	192	224	1040	2164	0	1380	1892	
160	164	912	640	560	304	3456	1892	116	0	
244	240	112	0	672	1104	3700	1268	864	0	
784	160	464	964	624	896	2400	1188	724	0	
32	932	1872	400	800	752	512	596	2308	0	
624	512	224	160	160	912	516	0	1268	3828	
480	832	160	160	160	992	836	0	1108	3476	
480	644	640	740	432	880	980	2896	272	240	
320	640	368	160	272	912	2164	320	1072	1976	
320	512	480	224	160	1280	516	0	1264	3448	
240	1440	1104	352	648	1920	0	2260	240	0	
592	308	912	564	432	192	3300	1312	592	0	
640	592	368	192	800	1232	516	0	468	3396	
0	112	720	0	1588	916	1028	0	400	3440	
320	592	512	352	160	880	2756	32	1108	1492	
880	976	624	0	788	864	192	2008	0	1872	

1104	400	304	164	720	512	2992	960	0	792	 ***
164	672	2468	144	912	640	640	0	4	2304	
496	0	320	164	672	164	1072	112	3988	960	
304	960	160	400	320	320	352	3900	0	1232	
84	960	80	724	752	240	3172	80	944	912	
0	0	320	788	116	320	272	3024	596	2512	
384	560	432	84	272	0	1712	728	3136	640	
84	992	160	2644	912	0	1572	0	992	592	
272	0	1156	2576	800	720	32	244	512	1636	
724	432	320	2496	320	560	0	1832	880	384	
0	724	0	496	752	240	800	1072	2984	880	
84	960	240	840	752	240	3248	0	912	672	
352	560	400	884	960	560	1248	0	2792	192	
192	320	2704	1520	672	672	644	0	436	788	
164	960	80	952	912	0	3216	80	992	592	
164	960	240	916	752	0	3172	0	992	752	
704	720	768	1808	672	564	240	1748	724	0	
644	192	80	0	560	404	2020	896	320	2832	
84	960	160	724	864	0	3412	240	912	592	
352	672	320	752	0	4	4020	276	1072	480	
84	960	160	836	992	0	1428	0	992	2496	
164	1120	80	2632	864	0	1344	240	912	592	
352	160	32	244	240	1040	3508	1376	272	724	
560	320	2432	484	248	160	784	1776	0	1184	
352	192	672	2500	484	320	432	80	964	1952	
432	0	164	320	884	1200	832	0	864	3252	
1008	640	836	1504	240	192	672	480	2376	0	
160	4	720	240	564	432	2884	1232	1712	0	
164	400	964	160	80	0	3072	2384	240	484	
592	1120	672	436	480	2820	724	272	0	832	
240	480	432	2336	720	560	436	436	272	2036	
276	1184	240	160	0	804	3968	244	640	432	
800	400	160	1616	560	80	592	400	2936	404	

0	384	388	568	640	400	2576	1632	1216	0	 ***
400	232	276	480	912	176	2944	1072	1312	0	
112	400	720	432	272	592	3880	0	116	1280	
880	432	276	36	800	512	3328	640	0	900	
992	920	80	224	432	672	2196	0	1488	800	
592	1044	0	560	2336	336	480	1076	0	1380	
944	400	304	276	752	512	1556	512	0	2548	
992	400	336	1348	752	544	1344	800	0	1288	
832	496	304	4	800	672	2608	832	0	1256	
880	0	736	160	1396	80	2904	320	896	432	
480	720	0	464	384	112	0	2536	596	2512	
832	400	336	4	720	512	3344	480	112	1064	
832	560	336	1296	640	624	672	880	0	1964	
1312	400	336	0	720	544	1540	832	0	2120	
752	560	304	452	880	592	992	640	0	2632	
1104	400	336	4	832	672	1312	640	0	2504	
240	240	64	320	912	596	0	1616	3816	0	
832	400	304	4	880	512	3300	352	80	1140	
1120	912	564	2068	244	160	1248	1136	352	0	
1264	352	512	400	352	0	164	752	164	3844	
2304	0	320	388	0	640	912	560	584	2096	
224	432	80	324	244	592	0	4004	1664	240	
676	384	1184	400	2644	0	1280	752	484	0	
832	672	2096	4	752	512	1636	512	0	788	

320	1396	880	272	352	240	4892	544	320	320	 ***
1312	1312	192	0	1232	568	3376	0	948	596	
0	324	384	80	192	240	3784	880	1572	2080	
1360	496	356	404	560	2400	644	1552	656	1108	
160	256	1076	404	480	1680	644	1552	944	2340	
1024	640	1952	960	720	112	160	1752	0	2216	
1640	432	1600	512	0	192	2664	1344	0	1152	
0	0	720	352	0	112	1792	5280	0	1280	
640	240	436	352	320	160	2580	432	3092	1284	
800	112	192	720	192	800	2500	224	796	3200	
160	272	992	240	160	64	3916	2432	948	352	
160	384	876	404	480	400	2112	2672	2048	0	
84	0	720	196	800	1040	4176	512	1812	196	
0	64	356	404	400	560	3908	1392	2048	404	
0	64	1508	1364	1888	436	320	1072	2016	868	
112	272	720	1412	752	0	4360	244	1312	352	
240	64	356	484	1040	404	2272	1632	3044	0	
320	432	672	112	84	0	1152	5100	864	800	
800	384	708	404	560	2320	836	2836	688	0	
160	384	500	1048	560	1392	804	2464	2224	0	
480	4	192	944	1280	64	480	3468	2624	0	
0	0	720	0	84	640	5420	1520	720	432	
400	80	160	1312	112	404	2704	3132	512	720	
320	544	356	404	640	1044	2464	1584	1424	756	
0	1024	596	404	480	404	1072	2352	624	2580	
560	1136	400	0	1344	320	3652	1392	88	644	
160	464	0	2580	640	240	484	1216	3752	0	
0	464	512	404	1120	2400	1340	1552	1744	0	
512	272	64	320	992	0	676	3264	2476	960	
112	880	272	752	160	640	3424	2224	992	80	
240	224	432	880	480	352	3864	436	1444	1184	
752	0	592	960	192	560	3868	788	864	960	
784	116	320	272	960	752	3780	436	2116	0	
2240	640	0	0	832	976	1816	2596	404	32	
1600	224	356	488	1152	400	2624	1876	816	0	
160	592	516	32	640	720	2896	984	80	2916	
640	544	356	2100	836	400	548	1632	2480	0	
160	0	1440	2144	0	112	640	388	3932	720	
160	224	436	1044	400	2360	480	1872	2560	0	

0	816	1040	480	1120	400	3416	900	516	1232	 ***
756	1040	1044	160	2276	848	0	784	0	3012	
480	640	196	1040	1824	112	2936	784	320	1588	
640	720	964	80	112	1040	3368	1904	148	944	
400	1396	912	240	624	240	3320	432	2036	320	
320	1396	916	324	832	240	2756	192	1280	1664	
320	1556	880	720	672	320	1804	592	1280	1776	
400	1396	880	240	356	960	2360	2688	320	320	
0	0	0	320	672	0	4728	2800	644	756	
0	160	708	400	1360	816	3528	1040	0	1908	
320	1396	880	1024	432	992	2840	352	1364	320	
32	400	0	0	720	1984	3980	1232	112	1460	
1600	160	192	160	160	80	2660	720	724	3464	
320	1476	880	356	992	1616	1816	352	1280	832	
320	1472	880	352	352	240	2408	1636	468	1792	

664	2192	80	192	320	1504	3064	1792	272	0	 ***
1024	480	2176	160	804	436	2744	0	512	1744	
1792	392	144	640	720	192	2260	3348	592	0	
84	432	160	160	1424	32	4956	320	2000	512	
400	0	352	720	228	1360	3448	2484	496	592	
0	1248	1040	996	1680	400	932	1508	1684	592	
0	816	1920	640	1152	400	3656	788	164	544	
644	0	2068	112	0	704	832	960	4728	32	
1876	1312	228	244	864	912	1824	0	2708	112	
192	240	1360	0	1120	832	4712	836	708	80	
724	4	112	720	1072	864	3432	1840	992	320	
992	160	160	640	160	720	3544	3368	160	176	
0	816	1072	480	1840	480	3384	900	484	624	
480	752	832	324	352	148	2080	0	992	4120	
0	816	1200	480	1120	400	1056	788	2988	1232	
400	1184	640	0	1588	164	3860	1364	800	80	
0	816	1040	512	1120	480	3368	708	1364	672	
0	1456	432	640	1120	400	3188	900	164	1780	
960	640	1280	148	2000	0	160	480	4380	32	
80	848	1040	480	1920	400	1832	1348	1316	816	
160	32	80	320	0	160	1472	2384	824	4648	
0	640	720	80	0	724	3364	2728	1584	240	
276	864	640	1120	320	1588	3432	0	976	864	
0	2116	32	912	160	0	1204	800	32	4824	
112	1072	160	800	112	1044	3144	240	2676	720	
1632	32	356	80	0	80	160	1584	5324	832	
112	720	640	116	1744	1232	4396	240	240	640	
804	272	192	0	676	32	5160	560	1632	752	
0	816	1040	480	1952	400	980	1348	1284	1780	
564	2944	320	432	836	400	820	0	3572	192	
1520	1024	80	0	1272	80	1104	4920	0	80	
1120	160	480	1552	352	1136	196	1712	3372	0	
1600	672	520	512	1156	596	3344	656	1024	0	

0	272	272	516	0	0	4344	3520	320	752	 ***
80	240	32	512	1200	0	4620	752	1200	1360	
628	1072	240	304	400	1312	2808	1680	272	1280	
80	880	32	240	400	32	4984	1360	432	1556	
80	640	400	480	112	1360	1024	5020	880	0	
628	1232	80	1744	400	1312	1584	2744	272	0	
2740	1232	80	384	240	1024	1060	2320	916	0	
1300	1232	80	224	1280	1024	2664	1920	272	0	
1444	160	80	720	192	0	4452	640	704	1604	
548	1072	80	308	240	704	3348	1872	112	1712	
3072	1312	0	80	800	788	160	3624	160	0	
32	112	0	0	192	80	960	5192	404	3024	
400	32	320	640	1476	240	5368	1248	0	272	
880	80	800	144	672	80	580	5208	1552	0	
324	160	304	1984	240	224	3496	1040	2032	192	
512	640	752	80	112	1684	640	0	468	5108	
80	0	80	800	64	1072	1604	5336	320	640	
160	672	272	0	0	1440	752	4908	960	832	
0	0	640	1312	1300	0	800	0	960	4984	
276	1040	96	1280	352	352	2776	2352	960	512	
0	240	1472	32	0	1232	4828	880	0	1312	
112	0	0	672	880	1280	5080	1908	64	0	
896	112	112	1632	400	880	2984	640	1952	388	
628	912	240	192	400	2900	1652	1520	1552	0	
628	1312	80	144	80	832	1392	1280	752	3496	
1588	1072	80	192	240	992	2856	1744	432	800	
628	2352	144	112	160	832	3304	1680	112	672	
1520	0	0	0	0	720	4716	2752	224	64	
32	112	0	880	720	320	5228	1072	1552	80	
0	800	1152	32	160	160	0	2416	5208	68	
660	1472	80	304	1040	992	2856	1680	912	0	
160	400	996	1440	1312	1072	2840	464	992	320	
112	304	32	400	0	880	4556	832	1600	1280	
0	1232	32	1840	640	68	0	4680	464	1040	
660	1232	112	944	320	1312	3112	2032	272	0	
160	800	1600	160	64	0	4700	0	1472	1040	
752	272	32	720	80	640	1636	5112	0	752	
1680	1280	32	32	32	80	5356	560	944	0	
272	704	320	0	800	160	3524	3576	0	640	
628	1504	240	1712	952	1024	1984	1680	272	0	
1268	1072	2036	192	240	1632	1204	2000	352	0	
628	1072	80	868	160	1152	3012	1200	912	912	
192	0	800	1472	80	32	5080	1392	948	0	
32	800	832	0	992	912	2856	480	3092	0	
0	0	0	752	640	1072	4840	2112	308	272	
512	672	164	1152	352	640	4600	240	320	1344	
628	1072	1508	224	400	992	512	2160	272	2228	
272	1280	192	1312	320	0	4552	272	1284	512	

1748	1312	0	704	160	944	4648	0	640	0	 ***
320	80	912	2144	0	1608	0	224	4868	0	
0	320	432	192	0	0	3392	2640	320	2860	
0	272	272	160	0	324	3988	2640	480	2020	
80	672	272	192	640	164	4196	2400	320	1220	
0	272	352	160	0	0	3280	3708	320	2064	
0	752	276	272	0	0	2912	3876	320	1748	
160	272	240	160	0	0	3184	2640	400	3100	
160	352	240	160	0	0	3504	3596	320	1824	
1280	0	0	1840	640	432	4940	864	160	0	
0	320	352	752	672	640	5148	1712	400	160	
0	352	272	192	0	164	3956	3040	320	1860	
0	0	1076	0	400	0	6344	112	1664	560	
0	960	1440	784	352	160	4828	0	32	1600	
0	0	0	1460	1760	1120	1232	0	4152	432	
916	272	272	160	0	0	3268	2800	320	2148	
0	272	304	1076	0	160	4196	2640	320	1188	

324	960	352	1308	880	944	3312	640	0	0	 ***
0	640	1564	1152	240	400	4180	0	240	304	
1152	640	80	720	0	32	2216	320	160	3400	
1436	0	4	272	800	0	240	784	160	5024	
32	240	480	1280	0	1024	0	4428	160	1076	
920	1624	80	640	160	976	3680	0	0	640	
144	880	1280	752	80	724	4300	320	160	80	
1844	80	160	1280	944	1016	3396	0	0	0	
80	160	160	1072	0	32	4380	1872	80	884	
884	1040	0	560	404	992	3408	0	1432	0	
112	0	1404	640	960	0	4500	112	880	112	
516	1600	76	832	240	944	3200	0	0	1312	
1028	2080	0	640	232	944	2768	0	0	1028	
1484	0	80	880	0	640	1056	0	960	3620	
1048	1552	244	1200	80	1668	1760	0	1168	0	
752	32	720	432	1312	960	2704	1808	0	0	
1044	1604	0	480	820	912	2352	1508	0	0	
80	240	0	160	560	1152	4204	0	2164	160	
832	0	240	672	752	1324	3908	640	352	0	
916	1632	80	564	160	944	3120	0	0	1304	
0	80	1120	0	1404	0	704	912	2948	1552	
356	1040	192	640	196	944	3920	1432	0	0	
964	1508	964	560	160	944	1744	0	1876	0	
112	2164	160	160	1424	320	3580	80	320	400	

244	1504	192	672	800	192	4212	0	0	0	 ***
192	0	0	880	0	0	3444	272	3028	0	
0	1120	80	400	0	160	5268	640	148	0	
0	192	320	320	0	320	4824	0	0	1840	
320	736	80	596	0	0	4804	400	640	240	
404	960	192	432	880	272	1584	3092	0	0	
1152	160	0	3332	0	0	0	0	0	3172	
404	960	192	432	960	192	4676	0	0	0	
324	960	192	1220	880	192	4048	0	0	0	
324	960	192	2020	880	192	3248	0	0	0	
0	32	0	160	80	996	5508	1040	0	0	
0	1232	0	32	0	80	640	80	5400	352	
80	160	1520	0	0	1152	0	0	0	4904	
640	80	0	672	144	480	5320	480	0	0	
0	160	640	992	160	0	5064	0	800	0	
160	3220	160	0	160	752	2084	0	0	1280	
160	880	4	0	992	1076	3872	0	832	0	
80	0	800	0	0	80	80	960	5428	388	

80	352	1120	640	640	0	5320	32	84	512	 ***
240	840	240	512	912	640	4244	0	0	1152	
240	640	324	512	1236	80	4244	160	0	1344	
80	160	32	640	880	432	5320	752	324	160	
0	36	1712	960	32	0	5000	160	720	160	
480	640	240	512	880	0	4920	240	0	868	
472	1520	3456	480	800	80	0	1972	0	0	
1840	320	80	672	720	320	4796	0	32	0	
0	0	752	640	2164	1720	0	0	0	3504	
1312	160	0	2792	80	0	196	0	160	4080	
0	80	160	720	240	1280	5032	356	912	0	
0	80	80	480	0	0	4956	1152	880	1152	
544	1072	160	240	1360	0	5320	84	0	0	
240	1520	80	2872	0	592	0	4	3472	0	
112	0	160	320	400	800	5272	964	752	0	
320	0	160	0	112	0	0	2848	0	5340	
80	596	992	0	0	512	4356	320	1044	880	
0	272	0	640	720	160	5448	432	0	1108	
0	512	320	640	800	160	5352	32	244	720	
672	720	80	0	80	400	3096	3732	0	0	
0	0	240	320	0	1360	4956	400	32	1472	
0	0	400	512	1444	0	4824	320	560	720	
0	888	160	1520	0	160	5536	352	84	80	
352	0	800	720	0	1400	320	5188	0	0	
240	720	880	800	320	80	3288	0	2452	0	
0	640	160	832	1072	0	4956	800	240	80	
480	0	192	592	1040	0	5048	0	1428	0	
32	800	320	192	80	0	5324	960	240	832	
352	0	320	672	800	0	4872	0	1280	484	
80	640	160	0	2328	352	0	4340	0	880	
320	800	80	112	800	0	5080	84	272	1232	
720	32	0	160	960	0	4872	992	1044	0	
1280	0	160	192	0	0	4956	1552	0	640	
240	160	160	1152	720	160	4796	752	640	0	

0	32	960	880	800	356	4632	0	752	320	 ***
752	644	1600	320	628	912	3604	272	0	0	
240	0	36	640	160	2116	3680	784	0	1076	
0	112	1152	640	800	672	4012	880	112	352	
160	0	320	0	0	472	5396	1952	192	240	
1392	240	0	724	80	192	4120	1072	272	640	
912	640	880	80	64	480	5108	0	568	0	
160	1460	160	160	4	1360	0	80	0	5348	
84	160	644	1744	0	1632	3076	640	0	752	
640	400	160	640	116	800	4040	1776	0	160	
0	4	544	0	320	640	3048	2816	640	720	
752	112	640	0	640	1828	0	4116	644	0	
32	224	640	800	272	0	4092	640	960	1072	
0	0	1396	800	640	32	4584	0	240	1040	
0	192	0	1392	160	964	0	240	3044	2740	
80	800	320	4	720	672	4616	320	0	1200	
1360	1040	0	0	240	560	2308	0	3028	196	
0	676	2352	1076	912	160	3472	0	84	0	
80	32	992	640	1312	112	4012	0	960	592	
112	0	640	0	1876	1284	3668	320	32	800	
624	1392	1312	432	0	0	0	0	2664	2308	
1824	0	0	800	628	800	0	320	0	4360	
160	1552	720	1024	0	160	4084	1024	4	4	
0	160	0	1156	0	192	5304	80	640	1200	
112	0	436	0	192	168	5392	1472	0	960	
0	80	960	1104	800	1312	0	112	0	4364	
1520	240	112	752	0	320	4732	384	0	672	
880	672	36	32	800	0	4632	1600	80	0	
0	800	0	240	576	800	4172	1424	0	720	
160	756	640	80	32	1312	1808	640	0	3304	
0	1040	400	0	640	832	2644	800	64	2312	
752	0	0	148	1552	160	4004	1712	0	404	
1440	0	112	0	0	160	1700	0	4484	836	
0	1040	640	32	32	32	2372	0	3144	1440	
0	0	80	272	0	1024	4056	2660	640	0	
516	800	80	0	0	640	2516	640	160	3380	
832	400	800	640	0	160	4120	116	1504	160	
800	912	192	836	1152	752	3924	164	0	0	
800	160	160	272	32	160	4004	916	788	1440	
516	240	0	32	160	1520	3472	1960	800	32	
80	960	112	0	724	704	4004	720	1428	0	

1280	2340	0	0	0	160	3980	1360	0	240	 ***
1120	160	1636	160	644	960	4008	0	0	672	
1284	160	1476	0	0	640	0	512	1360	3928	
160	160	0	32	0	0	836	672	2756	4744	
32	0	1360	160	320	32	6112	0	944	400	
160	480	640	0	1444	1716	160	720	4040	0	
640	804	0	32	1312	960	2452	0	3160	0	
0	0	32	1012	1680	720	4732	0	992	192	
160	160	192	0	1440	1424	4232	1476	0	276	
640	0	160	0	0	0	0	1348	4664	2548	
0	68	1280	272	800	1316	3464	320	1040	800	
0	32	720	752	484	0	4332	800	2240	0	
0	164	640	272	1152	32	4216	0	2324	560	
1360	884	0	480	160	0	3716	0	640	2120	
0	84	640	400	1764	352	5096	0	752	272	
384	160	0	1280	0	116	2932	80	0	4408	
0	0	32	320	80	640	5048	36	800	2404	
0	0	880	432	320	964	4312	388	0	2064	
160	32	832	2304	320	676	4396	640	0	0	
0	480	160	1440	0	0	2312	4468	500	0	
384	0	0	640	0	164	3764	64	3188	1156	
832	0	160	64	0	0	0	320	3236	4748	
640	32	1636	0	160	672	0	1712	4508	0	
32	804	720	800	160	0	4540	992	0	1312	
960	0	708	0	1280	240	2212	0	912	3048	
0	0	640	480	1396	416	5272	0	752	404	
160	804	0	0	400	2692	192	0	0	5112	
0	0	880	160	800	672	4152	0	2104	592	

800	160	0	0	0	400	5824	880	640	864	 ***
32	432	160	0	1200	0	5888	0	1056	800	
868	1280	960	320	160	0	5724	0	256	0	
2052	992	160	80	0	800	5164	0	160	160	
0	80	1892	1600	0	272	3724	1200	800	0	
240	0	1396	2304	0	0	1140	0	0	4488	
720	3060	0	0	0	160	3868	1520	0	240	
0	0	2056	0	240	1764	0	32	0	5476	
640	320	3060	0	960	80	32	0	4476	0	
192	160	2664	0	160	32	960	5160	0	240	
800	160	0	0	192	32	0	272	2936	5176	
32	3064	320	160	320	160	3992	1360	0	160	
0	800	240	1444	32	320	5132	1440	0	160	
0	80	240	160	640	672	6060	0	800	916	
1024	3332	112	0	160	0	960	3820	0	160	
832	2616	160	0	1584	640	2024	0	1712	0	
0	960	112	1444	160	160	5292	1280	0	160	
80	1784	160	0	0	0	3892	820	2240	592	
32	800	80	0	0	640	5296	2640	0	80	
512	800	1432	160	0	0	3440	0	0	3224	
1668	240	160	672	1200	480	4364	0	784	0	
640	800	160	0	0	160	5776	1632	0	400	
2536	832	1108	0	160	640	0	4292	0	0	
0	800	0	0	0	352	5424	0	1872	1120	
0	800	480	80	0	320	3720	4008	0	160	
0	2424	832	160	0	880	3240	0	992	1040	

1104	832	1236	240	80	1760	4352	800	192	0	 ***
1152	160	1120	0	0	320	4020	0	1072	2752	
1280	240	0	352	192	0	4428	80	1476	2548	
640	560	0	0	84	400	5776	1104	1472	560	
720	320	0	0	0	564	4104	2040	1664	1184	
804	352	160	752	2296	752	4520	160	80	720	
480	672	400	640	0	0	3904	0	3824	676	
240	1120	640	160	960	32	640	196	4680	1928	
640	832	0	352	0	400	5940	1232	720	480	
640	352	0	32	0	724	4976	1040	1632	1200	
112	2032	240	244	0	2000	4112	0	672	1184	
676	240	0	0	0	1120	3992	2152	1456	960	
720	272	480	4	32	400	5824	1040	1344	480	
640	0	160	384	240	1280	1280	0	5460	1152	
960	196	80	0	0	512	4124	2852	1312	560	
1364	484	2144	944	160	352	3916	0	1232	0	
960	164	0	80	0	480	5776	1152	1392	592	
160	992	0	720	832	880	4032	0	2160	820	
640	240	0	192	240	400	4896	1920	1556	512	
640	312	160	0	0	480	4152	992	2660	1200	
480	320	912	672	240	160	4116	1312	912	1472	
784	880	0	0	0	436	4076	2436	1280	704	
880	912	0	1792	2480	0	0	308	4224	0	

2180	1652	160	484	360	720	4528	0	0	0	 ***
352	672	1236	788	720	1712	1824	2348	432	0	
0	996	1552	1104	320	832	4636	164	0	480	
1360	0	0	960	836	0	3772	996	1104	1056	
0	800	980	80	2320	644	3436	0	1632	192	
2528	800	160	0	0	164	868	5564	0	0	
384	1312	1232	320	80	720	4004	1360	672	0	
0	1120	0	916	196	80	3980	1440	1712	640	
0	0	164	0	1076	32	548	1632	4448	2184	
0	720	100	676	2224	2084	0	3336	944	0	
384	1312	2016	644	80	1632	3696	0	0	320	
1120	672	0	752	672	320	4064	400	0	2084	
640	32	3464	0	960	960	816	608	2604	0	
4	320	672	720	1200	1796	3948	32	1392	0	
352	672	1236	160	724	720	4072	1924	224	0	
320	720	1200	800	192	160	1860	388	160	4284	
324	672	1232	160	720	80	3292	480	3124	0	
0	1424	0	0	1216	672	4528	320	1924	0	
960	884	192	0	992	192	2820	0	2600	1444	
160	1028	36	1312	1120	1120	3916	880	512	0	
2800	0	1232	0	752	0	3792	192	564	752	
1360	224	84	640	752	0	0	3500	2736	788	
352	992	1152	164	112	720	4256	1440	896	0	
3392	36	0	960	512	0	672	2884	1628	0	

