#32	2	10	42	56	54	20	68	145	318	 ***
#51	32	8	38	32	62	36	208	28	252	
#54	62	0	10	16	29	38	279	201	58	
#8	116	6	0	10	26	124	132	20	305	
#11	23	13	60	39	138	130	136	197	0	
#41	58	2	58	93	4	34	2	202	253	
#12	64	31	67	18	38	210	33	34	240	
#23	69	40	18	92	37	151	265	52	0	
#90	42	16	18	48	94	0	290	101	48	

72	52	18	12	43	23	116	44	0	307	 ***
40	34	0	172	40	40	20	205	0	136	
18	64	44	20	193	0	18	0	176	154	
70	35	15	14	0	125	111	279	38	0	
14	2	9	50	58	54	38	70	92	300	
10	69	35	36	30	59	104	38	306	0	
8	50	64	60	22	42	16	0	244	181	
0	55	0	44	58	8	72	158	288	4	
14	2	9	42	72	58	30	92	68	300	
2	0	11	58	64	58	14	44	126	310	
16	2	9	42	58	70	32	70	92	296	
50	20	12	80	34	0	144	293	35	19	
17	64	32	9	0	24	91	0	184	266	
10	2	13	44	56	42	34	70	116	300	
46	58	9	44	34	6	104	0	286	100	
58	36	52	0	10	0	32	16	219	264	
30	2	11	48	56	56	28	68	92	296	

40	52	18	8	61	50	86	135	0	261	 ***
40	52	50	56	42	19	86	247	0	119	
32	50	18	38	58	46	86	138	0	245	
88	52	18	40	44	23	84	246	0	116	
48	52	6	25	72	0	164	62	0	282	
46	66	62	87	36	30	286	51	23	24	
23	52	4	44	38	37	118	86	23	286	
52	24	54	20	60	18	32	70	309	72	
0	54	100	16	36	38	301	58	38	70	
50	66	10	66	8	2	104	14	74	317	
56	52	20	6	46	19	117	142	0	253	
40	52	18	28	77	19	54	64	96	263	
6	58	20	78	79	91	67	48	264	0	

20	74	66	50	76	0	94	74	0	318	 ***
30	179	72	4	16	20	56	112	66	217	
22	38	100	24	16	92	60	64	32	324	
60	80	110	18	16	103	92	54	0	239	
28	68	18	12	60	68	54	72	121	271	
66	56	12	4	80	62	92	88	312	0	
24	52	18	7	70	82	118	114	0	287	
10	70	94	6	64	18	144	20	38	308	
74	0	54	16	99	56	64	8	138	263	
6	32	68	0	48	104	44	36	138	296	
24	62	50	16	2	56	116	58	88	300	
30	14	12	14	94	90	76	58	82	302	
16	52	76	40	0	0	198	64	326	0	
72	52	18	38	68	90	56	109	0	269	
24	58	26	6	92	68	70	42	103	283	
26	78	38	104	38	87	0	69	264	68	
115	44	8	54	44	0	96	82	68	261	
36	20	0	48	6	58	142	0	126	336	
24	29	26	6	92	50	86	40	287	132	
34	4	20	0	50	84	84	313	69	114	
56	52	18	6	92	50	54	48	287	109	
24	52	18	40	102	50	94	287	0	105	
24	52	18	38	60	50	78	60	98	294	
4	10	24	58	54	104	33	116	58	311	
16	24	60	34	98	74	96	52	0	318	
56	147	36	30	26	72	10	136	36	223	
54	16	40	0	46	14	18	349	131	104	
26	46	99	26	44	88	277	48	8	110	
24	52	18	22	60	58	118	273	0	147	
50	34	40	82	20	4	66	34	146	296	
38	38	36	34	72	6	19	146	86	297	
70	14	16	70	28	42	112	28	74	318	
4	34	42	54	86	6	146	34	79	287	
24	90	44	50	10	92	110	35	0	317	
26	101	40	72	0	48	8	164	275	38	
0	56	74	30	52	32	69	68	88	303	
52	42	42	84	94	42	80	298	0	38	
44	26	24	58	82	0	36	332	82	88	
12	34	18	20	94	66	164	42	40	282	

18	8	52	12	12	114	102	78	40	266	 ***
4	4	0	70	16	0	176	0	336	96	
18	52	50	20	52	16	32	70	104	288	
24	34	66	36	68	2	26	72	77	297	
20	36	34	38	76	0	72	114	0	312	
52	38	34	52	72	0	42	110	0	302	
52	34	32	44	68	0	227	131	0	114	
18	38	32	40	68	0	94	287	0	125	
36	0	44	0	50	4	62	48	204	254	
4	4	36	20	72	32	194	266	10	64	
20	34	34	36	76	0	60	302	0	140	
40	18	24	78	22	2	86	2	136	294	
26	108	90	15	78	54	0	277	0	54	
128	102	32	62	44	112	0	0	52	170	
34	0	76	0	104	48	54	2	50	334	
12	104	10	58	50	46	12	144	0	266	
40	40	32	24	0	107	227	232	0	0	

10	148	24	0	2	0	108	76	50	235	 ***
0	8	44	20	14	74	100	80	40	273	
30	40	16	128	4	18	32	76	56	253	
8	0	56	12	28	68	82	104	56	239	
48	40	144	30	66	12	0	187	0	126	
28	30	72	58	113	52	91	209	0	0	
0	32	44	14	20	73	228	80	46	116	
32	46	14	60	46	16	158	46	0	235	
4	24	8	160	8	2	142	32	58	215	
14	42	68	26	8	0	174	251	54	16	
0	0	76	24	16	66	84	265	57	65	
38	12	80	16	24	4	158	34	0	287	
161	74	36	72	64	0	166	8	72	0	
0	8	52	48	12	84	48	112	50	239	
32	52	102	105	12	98	0	0	60	192	
8	0	48	16	12	84	80	116	48	241	
4	60	0	30	20	32	68	281	118	40	
40	38	38	0	141	50	36	0	118	192	
20	18	24	146	0	46	202	117	0	80	
16	52	52	68	84	0	0	46	104	231	
40	40	24	74	0	8	142	18	44	263	

4	40	15	11	6	84	194	0	219	0	 ***
4	16	32	2	64	10	106	138	0	201	
18	24	35	12	40	0	40	202	4	198	
0	49	62	101	105	48	0	162	0	46	
107	63	64	12	0	50	0	40	38	199	
36	0	8	80	81	25	44	0	60	239	
8	48	26	6	17	40	6	197	12	213	
44	0	0	36	4	25	209	0	221	34	
2	84	26	0	2	3	52	99	102	203	
0	41	8	105	52	14	86	247	20	0	
28	0	46	34	75	0	60	40	62	228	
0	0	42	52	0	42	253	118	20	46	
46	20	24	42	46	18	20	101	0	256	
10	84	22	0	2	0	67	250	80	58	
8	84	23	0	10	0	68	74	111	195	
2	84	21	0	2	0	68	227	42	127	
11	36	28	20	10	58	10	0	130	270	
0	86	56	0	10	0	36	256	42	87	
0	18	36	4	4	80	8	4	160	259	
36	26	0	58	4	10	38	46	131	224	
60	52	36	8	20	0	16	140	4	237	
8	38	12	42	130	0	80	217	0	46	
48	20	4	84	6	12	128	0	4	267	
2	76	42	0	2	0	52	93	103	203	
2	113	33	0	2	0	68	104	42	209	
14	0	72	48	2	14	0	289	89	45	
130	8	14	24	0	8	124	221	8	36	
16	10	4	93	46	18	52	32	72	230	
76	5	50	82	9	24	88	10	0	229	
6	92	20	2	2	0	71	74	202	104	
0	4	81	84	8	74	16	48	250	8	
2	113	26	0	2	0	68	70	82	210	
76	0	26	4	19	14	140	16	18	260	
2	84	32	0	2	76	69	70	42	196	
62	18	8	0	32	12	48	44	114	235	

0	58	134	16	8	6	21	92	228	0	 ***
4	40	27	14	19	67	90	0	246	56	
0	92	12	108	0	58	206	23	48	16	
46	28	47	118	14	0	176	77	57	0	
10	40	11	12	8	80	197	11	118	76	
15	56	17	19	9	64	199	63	121	0	
6	40	10	11	10	55	74	207	150	0	
20	48	11	93	12	107	94	0	178	0	
0	44	74	6	37	24	107	0	262	9	
26	64	54	0	0	122	0	163	126	8	
150	103	20	26	32	0	0	185	0	47	
1	9	9	30	3	12	4	150	257	88	
0	42	7	20	20	124	57	185	0	108	
4	40	13	12	10	72	218	18	123	53	
61	64	17	23	8	65	160	0	165	0	
112	8	6	6	4	0	243	145	0	39	
6	42	28	0	36	12	215	28	180	16	
14	75	15	6	4	56	145	4	244	0	
21	130	23	66	90	8	185	0	40	0	
8	40	12	11	26	65	59	205	137	0	
2	2	8	118	60	32	57	14	220	50	
16	14	61	23	83	63	0	0	90	213	
8	41	14	14	6	58	80	18	245	79	
42	26	43	14	0	21	0	16	217	184	
1	8	14	24	26	60	208	181	41	0	
4	43	16	15	12	68	66	90	249	0	
29	40	0	84	42	14	256	70	28	0	
12	24	62	17	30	67	163	0	0	188	
4	40	14	19	11	64	209	20	165	17	

26	9	0	34	18	48	144	60	82	278	 ***
0	56	22	16	13	128	11	128	184	141	
36	66	132	68	27	47	47	107	169	0	
38	66	42	0	143	44	0	214	56	96	
32	58	63	16	40	6	57	94	129	204	
48	74	22	20	8	6	44	104	168	205	
0	58	31	168	13	22	71	159	177	0	
75	40	67	0	53	84	202	0	47	131	
16	66	24	80	16	26	62	107	302	0	
45	52	28	54	4	80	56	0	235	145	
50	78	138	20	22	6	44	123	122	96	
21	88	4	56	0	80	206	0	150	94	
145	68	0	41	52	16	104	200	73	0	
42	58	122	16	31	6	61	106	213	44	
47	74	132	52	8	86	39	106	155	0	
28	58	22	54	20	6	76	107	272	56	
10	78	48	53	20	52	24	239	0	175	

2	19	23	42	82	81	232	78	42	0	 ***
74	24	4	22	64	28	12	8	134	231	
89	4	0	58	29	124	26	40	35	196	
27	80	32	0	27	46	26	74	56	233	
51	33	15	44	28	0	28	147	49	206	
24	17	30	96	22	30	8	163	211	0	
8	76	8	40	2	17	132	8	54	256	
21	52	30	0	48	90	98	20	5	237	
13	18	40	22	49	0	136	84	15	224	
57	13	51	48	89	94	0	19	24	206	
26	8	0	34	19	24	92	72	80	246	
83	54	58	102	64	44	34	0	162	0	
51	42	119	18	12	70	32	34	0	223	
99	59	51	10	25	0	37	48	52	220	
10	10	24	35	129	62	64	0	56	211	
32	66	52	8	39	0	130	10	254	10	
12	10	17	36	0	120	44	6	122	234	
29	76	2	9	60	20	0	114	38	253	
35	37	29	28	29	72	0	22	100	249	
30	26	90	12	27	19	174	23	200	0	
28	9	0	32	38	9	127	36	80	242	
14	60	20	45	143	72	0	26	15	206	
9	58	13	44	54	52	44	80	21	226	
40	46	37	15	52	14	10	152	235	0	
26	9	0	40	6	18	144	26	80	252	
13	42	36	82	30	53	0	106	0	239	
15	17	133	63	103	40	6	32	192	0	
32	54	38	0	85	12	6	14	137	223	
24	58	74	137	47	54	0	167	40	0	
34	8	0	34	18	17	98	66	80	246	

2	20	23	32	42	83	224	58	40	56	 ***
2	2	39	69	28	22	227	72	66	53	
4	57	8	44	6	12	125	9	242	73	
45	40	36	11	0	4	62	236	76	70	
2	13	31	18	42	99	222	80	24	49	
4	17	21	25	44	97	224	64	24	60	
28	18	35	34	23	18	113	52	0	259	
16	24	41	4	20	60	81	26	80	228	
110	21	0	28	7	19	215	71	69	40	
30	32	14	11	28	21	238	62	81	63	
72	3	25	33	38	29	260	60	18	42	
32	0	20	2	28	34	236	173	19	36	
0	33	135	0	24	40	35	85	48	180	
0	9	26	43	50	18	58	153	21	202	
18	82	119	0	25	47	200	40	31	18	
20	11	29	14	67	97	232	54	56	0	
56	45	0	56	14	20	218	131	20	20	
143	36	53	100	29	40	0	0	138	41	
44	0	60	36	133	56	159	28	64	0	
34	0	14	25	67	16	248	55	64	57	
16	20	40	18	42	82	243	30	40	49	
23	23	21	14	42	97	230	46	58	26	
24	40	33	0	12	25	261	74	94	17	
4	14	20	14	90	83	256	47	52	0	
0	53	153	10	77	21	146	76	44	0	
8	15	25	14	68	81	232	62	41	34	
10	28	1	0	39	20	39	263	114	66	
4	26	10	8	19	62	56	204	40	151	
24	35	0	130	7	66	0	186	106	26	
10	52	2	34	8	49	240	163	4	18	
42	22	32	36	22	60	220	22	74	50	
72	22	42	7	31	64	113	0	185	44	
58	133	24	42	0	23	82	180	38	0	
52	35	22	18	20	80	114	226	13	0	

80	152	24	12	4	22	34	20	187	32	 ***
1	34	9	13	42	20	267	89	50	42	
27	36	110	44	25	16	48	237	0	24	
8	8	22	36	20	139	197	45	16	76	
60	170	32	51	31	11	3	113	0	96	
121	0	71	66	56	0	0	52	75	126	
0	8	22	40	32	77	96	62	16	214	
40	54	28	20	22	19	224	0	100	60	
11	26	23	48	28	77	234	18	24	78	
69	22	27	36	36	19	218	64	76	0	
33	8	32	40	14	59	49	155	0	177	
28	5	10	0	16	162	81	24	208	33	
2	32	20	48	25	78	226	26	32	78	
24	11	15	0	23	11	244	21	44	174	
8	19	20	33	28	77	241	45	16	80	
0	128	30	32	25	85	93	30	36	108	
6	128	22	36	28	97	124	28	58	40	
1	40	0	26	99	29	236	44	38	54	
20	34	44	0	9	22	205	0	14	219	
45	46	19	29	21	22	128	214	43	0	
56	46	6	27	0	18	233	17	20	144	
2	12	20	40	28	77	102	206	16	64	
8	7	12	76	54	70	193	0	63	84	
34	54	6	24	117	68	209	55	0	0	
68	32	9	25	30	28	215	108	52	0	
56	26	0	23	39	64	211	0	98	50	
34	18	33	12	4	78	247	0	49	92	
39	38	30	118	0	82	0	34	185	41	
0	12	22	39	20	85	235	77	17	60	

64	27	26	14	7	46	40	22	238	84	 ***
66	137	24	12	43	54	34	58	108	32	
24	171	80	26	4	30	0	90	40	103	
6	13	31	9	21	17	220	22	214	15	
56	133	24	13	1	39	39	22	166	75	
59	30	145	65	56	0	144	16	53	0	
17	29	33	0	40	84	219	49	0	97	
56	61	27	12	3	34	38	20	103	214	
76	25	25	14	3	62	40	62	29	232	
2	28	25	20	103	1	10	26	204	149	
6	22	2	2	13	57	14	217	200	35	
56	44	28	12	17	22	39	24	114	212	
18	7	18	0	72	12	96	32	267	46	
78	35	15	145	0	32	0	51	189	23	
25	146	21	74	32	29	26	156	0	59	
56	125	26	13	4	60	37	23	154	70	
31	137	53	47	33	23	26	0	94	124	
66	161	12	56	46	12	34	36	145	0	
56	43	24	12	14	38	36	23	238	84	
7	44	24	7	94	16	83	50	223	20	
21	18	28	25	17	29	213	23	175	19	
20	22	36	0	9	17	16	19	170	259	
124	22	17	33	0	0	65	106	155	46	
22	156	44	28	12	12	60	0	208	26	
18	135	20	20	40	26	56	42	181	30	
22	47	3	20	33	6	31	149	257	0	
56	43	34	23	5	22	38	28	107	212	
56	67	24	13	11	22	77	28	236	34	
23	135	14	0	29	38	74	54	159	42	
17	18	17	6	143	17	39	23	200	88	
24	133	43	49	0	26	49	86	153	5	
19	8	17	18	86	13	13	11	215	168	
56	137	34	14	3	22	38	26	161	77	
9	133	35	40	23	16	86	0	190	36	
47	131	15	24	43	22	56	190	40	0	
66	31	30	13	3	40	34	32	107	212	
64	44	32	12	5	24	89	28	238	32	
13	17	26	15	42	40	44	19	229	123	
8	31	15	48	157	44	7	44	190	24	
56	63	34	18	5	22	34	24	101	211	

45	17	6	15	26	27	166	0	270	82	 ***
24	97	36	72	113	32	186	0	43	51	
11	58	0	52	10	121	154	0	41	207	
70	16	23	57	55	37	112	22	262	0	
16	50	24	4	3	52	121	50	254	80	
52	22	24	66	3	30	37	48	120	252	
93	38	20	8	45	60	49	22	253	66	
136	16	11	0	32	0	159	246	4	50	
33	6	22	20	25	36	208	72	212	20	
0	41	37	47	12	41	240	35	0	201	
53	155	26	4	0	73	37	66	101	139	
57	16	28	11	35	15	70	104	96	222	
142	52	123	12	52	49	17	0	207	0	
54	21	53	26	66	41	0	26	253	114	
52	19	25	36	19	66	57	78	82	220	
62	23	24	12	3	26	57	54	193	200	
6	56	22	4	54	3	317	171	16	5	
12	37	82	42	17	20	14	16	260	154	
42	0	40	16	26	18	99	44	256	113	
81	55	25	20	12	22	37	50	253	99	
43	27	2	49	24	0	109	87	274	39	
58	63	14	51	60	64	59	0	225	60	
28	32	20	36	40	10	144	5	298	41	
16	22	24	37	33	14	82	136	254	36	
64	39	24	5	55	48	38	56	244	81	
41	20	23	12	25	42	133	115	243	0	
14	46	65	20	0	63	35	82	255	74	
6	64	10	12	43	0	160	301	25	33	
84	30	24	8	0	168	77	53	83	127	
48	83	41	8	11	46	73	25	283	36	
34	12	12	10	80	40	253	10	193	10	
62	71	46	6	45	13	24	0	248	139	
2	110	12	12	26	1	20	91	299	81	
96	30	57	4	0	49	210	37	136	35	
2	48	96	58	38	62	98	18	234	0	

65	108	2	14	25	30	130	0	169	174	 ***
4	16	36	54	44	55	24	47	233	204	
82	13	3	67	57	30	249	0	126	90	
92	2	103	36	32	5	0	98	110	239	
56	0	64	48	5	0	175	245	52	72	
0	94	23	78	38	20	224	69	0	171	
97	20	2	38	44	26	122	0	137	231	
44	30	2	6	30	28	198	0	160	219	
109	89	12	14	26	62	158	0	121	126	
49	15	2	18	24	26	162	48	192	181	
18	0	112	110	53	8	116	12	274	14	
26	38	22	116	75	52	82	49	257	0	
2	32	5	20	10	0	114	237	219	78	
36	24	34	51	47	0	180	52	257	36	
67	20	2	65	23	28	263	0	147	102	
0	16	137	62	36	115	89	0	8	254	
47	29	6	40	33	26	164	84	218	70	
64	24	8	18	17	4	126	225	0	231	
59	41	18	112	29	32	220	0	132	74	
0	9	22	24	32	32	245	102	219	32	
9	25	55	72	33	47	49	228	199	0	

73	70	36	112	9	0	26	24	252	120	 ***
20	84	121	30	16	6	0	299	106	40	
40	122	8	29	83	12	36	84	92	216	
68	51	2	122	29	30	139	0	151	130	
63	55	2	14	27	114	158	0	191	98	
79	132	16	40	36	2	59	32	50	276	
107	14	16	68	0	25	52	17	247	176	
36	123	69	75	50	10	18	84	209	48	
26	26	24	0	95	21	120	8	263	139	
30	123	26	39	133	16	218	70	67	0	
69	86	2	14	23	28	127	0	271	102	
50	4	130	78	50	12	258	87	0	53	
70	170	50	30	65	0	64	77	49	147	
72	47	2	122	28	34	130	0	177	110	
18	116	10	25	29	62	40	77	247	98	
23	127	0	94	39	62	222	49	56	50	
66	49	19	14	23	35	237	0	149	130	
1	105	93	24	37	48	60	10	112	232	
2	86	32	24	14	30	311	173	45	5	
63	48	13	63	23	30	136	0	143	203	
60	24	95	16	41	7	78	0	244	157	
78	55	7	14	23	36	233	0	146	130	
110	118	2	14	59	30	90	82	155	62	
63	47	10	6	57	30	64	170	231	44	
6	8	108	51	0	84	38	54	321	52	
8	37	118	48	80	109	223	53	46	0	
15	70	20	9	19	101	91	44	245	108	
65	57	2	14	30	114	138	0	152	150	
34	16	0	77	2	5	34	49	176	329	
65	53	4	56	24	28	130	0	151	211	
66	75	0	10	75	137	24	0	97	238	
116	49	42	14	23	30	126	0	162	160	
24	112	35	44	45	0	61	148	228	25	
68	65	2	14	61	30	237	0	151	94	
63	111	2	66	23	34	142	0	175	106	
4	136	64	94	79	0	4	34	261	46	
96	114	2	56	27	30	122	0	181	94	
36	58	0	16	77	29	57	127	240	82	
52	110	57	14	60	55	18	103	253	0	
63	49	34	22	25	114	239	0	92	84	
70	59	38	14	23	34	122	0	151	211	
47	85	104	66	110	16	34	13	209	38	
102	124	0	54	63	52	26	116	147	38	

69	64	13	76	16	0	22	68	288	72	 ***
6	64	34	0	72	14	104	20	324	50	
73	78	16	90	57	0	25	25	89	235	
73	104	12	113	18	0	33	31	62	242	
34	6	20	68	30	0	0	48	316	166	
5	78	42	20	16	38	24	0	268	197	
32	75	62	4	8	121	32	310	24	20	
69	34	166	20	69	77	197	0	0	56	
34	48	82	6	10	2	31	0	297	178	
14	64	18	84	72	60	0	48	302	26	
18	32	0	50	23	50	32	32	321	130	
60	52	38	150	75	26	253	0	34	0	
32	22	92	4	12	0	80	34	323	89	
55	36	4	32	37	0	51	52	250	171	
34	42	0	2	20	0	56	56	320	158	
16	4	64	0	20	90	39	159	254	42	
0	16	56	8	68	44	27	0	293	176	
76	72	12	113	19	0	25	40	208	123	
73	108	20	82	10	0	24	20	91	260	
60	0	28	76	36	0	14	80	272	122	
15	26	18	40	30	0	330	76	0	153	
149	18	41	0	0	69	106	44	0	261	
68	0	24	42	36	119	52	296	0	51	
73	70	20	80	43	0	24	21	105	252	
24	42	34	96	42	0	78	0	321	51	
2	34	112	2	0	79	104	30	282	43	
73	71	44	80	13	0	57	48	232	70	
40	6	64	0	109	34	8	193	234	0	
78	34	0	6	16	40	40	164	303	7	
75	62	12	86	24	6	28	24	255	116	
40	95	127	0	36	50	0	270	42	28	
36	0	0	38	18	66	67	62	278	123	
0	0	88	28	8	4	94	278	41	147	
22	134	66	20	94	133	0	0	181	38	
2	10	42	34	32	92	0	18	293	165	
30	0	50	0	20	68	82	21	112	305	
77	86	14	89	43	0	35	22	241	81	
64	86	0	34	118	4	326	0	16	40	
4	50	106	54	0	32	56	64	322	0	
89	4	8	34	12	40	184	32	285	0	
81	74	12	80	9	2	77	54	231	68	

64	64	12	56	16	0	39	38	153	237	 ***
20	8	24	0	20	65	90	126	0	326	
30	38	24	56	44	64	80	0	287	56	
72	64	21	59	24	0	40	24	139	236	
70	71	13	148	32	0	30	24	144	147	
48	73	102	14	0	18	0	30	336	58	
10	8	56	0	24	0	105	20	154	302	
18	2	0	16	40	75	26	302	162	38	
64	72	22	36	0	64	0	110	305	6	
137	56	17	0	54	32	53	226	104	0	
70	4	68	53	0	82	44	290	0	68	
83	64	21	56	76	0	22	24	257	76	
0	8	0	40	36	36	304	134	64	57	
18	74	0	0	14	92	58	24	279	120	
74	64	13	72	19	0	22	24	155	236	
56	2	12	68	26	16	76	88	302	33	
26	112	44	0	72	50	267	74	0	34	
44	8	68	64	82	60	36	301	16	0	
68	48	21	24	32	32	26	24	166	238	
0	14	0	50	16	84	20	231	258	6	
39	100	16	56	16	0	77	24	247	104	
32	48	28	0	38	88	0	258	104	83	
10	63	76	68	4	2	125	40	291	0	
107	74	7	18	113	0	94	34	232	0	
70	64	33	56	24	0	26	24	144	238	
73	116	35	36	117	64	0	210	0	28	
75	64	13	148	16	0	32	104	151	76	
0	0	109	72	162	34	104	180	0	18	
0	22	0	0	114	94	192	2	35	220	
68	64	13	60	16	0	30	189	167	72	
6	56	54	0	52	0	16	52	263	180	
22	119	42	0	44	0	66	72	270	44	
102	0	18	0	34	19	58	40	296	112	
66	64	12	56	16	4	30	24	249	158	

54	90	65	43	0	52	0	64	82	204	 ***
101	36	74	0	0	32	66	36	247	62	
70	60	18	32	8	0	53	71	113	229	
32	30	14	71	98	0	80	20	89	220	
36	30	12	32	8	0	159	146	146	85	
12	44	42	0	5	2	6	136	281	126	
28	18	32	12	0	38	28	32	299	167	
36	32	11	64	10	0	72	142	131	156	
4	72	9	0	32	6	66	64	230	171	
16	93	93	106	0	43	0	4	259	40	
68	38	8	36	9	0	159	39	200	97	
32	30	8	98	14	82	62	42	129	157	
48	0	140	106	55	0	12	243	0	50	
64	64	72	0	100	0	64	20	258	12	
29	0	4	0	0	48	47	52	231	243	
32	30	24	32	8	4	71	24	200	229	
10	14	6	86	22	32	108	53	40	283	
32	36	117	4	83	25	210	39	108	0	
0	0	33	16	76	4	115	70	158	182	
20	73	9	72	34	46	0	36	250	114	
70	30	12	99	8	0	62	32	216	125	
14	114	34	14	0	0	18	56	261	143	
0	21	50	4	113	0	64	71	161	170	
32	34	12	36	9	4	184	34	161	148	
0	90	4	48	6	101	78	4	40	283	
48	40	12	6	52	8	8	187	5	288	
4	8	16	21	6	17	44	29	263	246	
4	20	32	16	64	44	13	16	189	256	
40	102	99	0	4	2	16	12	259	120	

102	36	2	4	0	12	24	0	284	96	 ***
24	146	50	40	16	0	284	0	0	0	
22	86	12	9	2	48	271	16	22	72	
0	0	0	100	107	0	0	0	305	0	
22	89	12	41	4	48	0	13	70	261	
52	36	8	32	14	0	0	113	305	0	
24	10	0	4	0	0	56	40	316	110	
22	90	18	17	2	52	0	32	271	56	
72	0	52	0	0	0	106	300	0	30	
4	0	8	32	0	0	76	308	0	132	
4	0	2	0	109	0	0	165	8	272	
22	96	14	9	0	60	0	30	28	301	
48	0	10	0	0	4	0	0	195	303	
0	104	4	58	0	16	56	0	320	2	
22	90	14	9	2	52	0	30	273	68	
0	32	48	0	4	0	4	0	166	306	
18	86	90	9	0	48	0	20	233	56	
0	36	103	8	2	72	0	303	36	0	
20	0	2	2	0	12	40	112	40	332	
0	8	86	4	8	0	2	125	327	0	
56	0	0	0	16	172	58	16	242	0	
8	48	12	0	75	56	0	0	295	66	
0	70	28	8	4	0	0	122	8	320	
0	125	6	0	0	51	0	32	52	294	
4	8	8	82	0	0	0	0	320	138	
96	20	16	0	52	58	8	0	310	0	
38	86	22	9	0	52	0	12	50	291	
22	86	30	43	8	52	0	28	0	291	
30	90	14	13	0	52	0	30	30	301	
0	2	16	40	20	0	232	0	246	4	
44	0	0	121	14	18	92	0	271	0	
24	46	0	24	18	71	68	0	309	0	
0	0	0	2	40	4	0	143	321	50	
22	86	18	17	0	52	0	15	276	74	
24	2	78	0	11	0	16	118	262	49	
30	90	90	9	0	52	0	32	199	58	
8	0	0	0	0	48	0	292	154	58	
0	14	0	24	60	66	0	37	150	209	
0	0	64	68	0	16	0	102	302	8	
40	0	6	8	68	77	40	0	321	0	
116	64	24	8	0	0	18	52	278	0	
80	74	62	14	0	0	0	326	0	4	
22	90	90	17	2	48	0	28	197	66	

8	36	68	0	61	84	0	32	307	72	 ***
8	64	6	40	50	68	0	187	245	0	
0	0	0	0	0	174	64	118	77	235	
8	32	179	5	2	28	0	64	72	278	
64	14	36	41	70	101	54	0	288	0	
83	0	64	20	0	32	86	76	307	0	
12	72	90	56	16	0	52	68	302	0	
66	16	48	0	76	0	194	56	212	0	
40	4	0	135	40	0	0	40	172	237	
48	40	0	12	44	0	248	125	151	0	
32	68	8	12	72	60	34	75	307	0	
32	4	10	16	100	42	178	40	242	4	
64	33	36	66	14	40	0	172	242	1	
72	72	2	38	36	57	24	0	267	100	
96	38	10	40	0	45	88	0	245	106	
68	40	0	24	40	0	150	34	232	80	
64	36	24	34	4	64	62	12	253	115	
20	0	36	37	0	72	215	0	40	248	
4	48	82	0	10	48	0	0	224	252	
172	85	0	44	16	48	0	127	176	0	
0	179	32	36	32	44	151	0	0	194	
49	68	2	12	40	0	0	32	329	136	
0	0	4	48	82	34	20	40	280	160	
64	36	37	12	4	86	66	0	267	96	
64	28	9	8	32	32	154	24	281	36	
68	32	0	73	0	116	24	61	236	58	
52	40	48	56	8	8	0	64	312	80	
166	34	64	76	0	0	32	14	33	249	
12	32	48	40	74	0	147	8	303	4	
34	68	56	52	32	8	0	16	241	161	
48	76	0	36	72	64	60	28	284	0	
40	140	0	104	40	18	0	0	230	96	
10	52	64	62	68	0	4	136	272	0	
0	32	48	76	6	0	4	242	0	260	
56	34	52	0	0	36	72	178	240	0	
40	0	12	8	0	76	242	187	35	68	
97	38	2	80	8	12	28	64	267	72	
80	24	64	51	0	0	56	228	165	0	
50	36	8	40	40	0	95	40	346	13	
12	106	0	93	32	40	0	40	281	64	
70	64	4	16	64	88	24	0	273	65	
40	82	6	0	76	0	198	0	244	22	
70	36	36	34	156	0	56	39	241	0	
0	0	48	12	0	4	251	107	214	32	
2	54	4	0	0	40	167	0	267	134	
68	40	69	36	48	12	32	0	267	96	

75	98	76	12	0	42	100	275	35	0	 ***
2	0	25	104	36	12	283	37	64	150	
36	36	46	0	0	0	64	193	262	76	
18	36	56	4	70	76	0	141	240	72	
19	64	65	62	40	0	0	255	208	0	
44	36	56	8	34	46	0	124	293	72	
56	68	60	3	2	40	86	34	296	68	
0	44	32	20	32	64	108	72	269	72	
64	34	8	28	125	36	264	76	10	68	
64	32	136	96	31	10	45	80	219	0	
32	12	0	138	64	55	48	56	212	96	
71	36	0	9	42	76	60	160	259	0	
112	126	0	72	0	32	40	78	236	17	
11	32	10	10	0	46	36	154	242	172	
5	64	12	104	16	40	249	41	182	0	
20	38	56	0	70	76	0	104	277	72	
0	44	4	0	0	4	285	177	41	158	
122	0	64	6	0	0	76	275	40	130	
5	41	4	82	0	83	0	270	90	138	
9	38	60	16	2	44	84	64	292	104	
14	36	58	36	34	49	0	88	296	102	
0	76	68	12	37	32	173	0	80	235	
44	32	0	44	72	44	71	68	264	74	
16	70	32	80	32	51	0	64	327	41	
0	0	3	64	100	80	118	41	271	36	
40	0	143	0	0	64	0	205	44	217	
6	36	64	48	10	100	50	0	128	271	
2	14	4	40	71	68	51	32	319	112	
34	36	32	68	43	56	70	102	272	0	
7	32	32	32	35	82	99	66	264	64	
48	36	144	0	8	36	270	0	53	118	
110	0	22	0	0	0	156	64	301	60	

34	3	8	79	32	8	38	278	32	170	 ***
32	0	64	0	122	64	38	49	261	52	
32	0	26	42	64	32	274	212	0	0	
40	24	15	32	50	32	36	341	80	32	
42	93	0	12	32	0	0	270	233	0	
40	8	94	32	0	68	348	0	20	72	
42	106	44	8	8	47	67	294	66	0	
40	106	46	8	2	42	80	290	68	0	
32	40	48	54	0	0	164	268	76	0	
0	157	48	65	112	40	68	192	0	0	
56	96	44	18	0	42	68	291	0	67	
32	42	64	0	12	110	65	293	64	0	
32	0	120	42	0	0	48	272	12	156	
38	96	0	32	6	35	294	0	181	0	
16	124	0	0	49	0	130	281	72	10	
38	0	0	80	32	45	0	293	0	194	
71	44	44	64	80	1	0	294	0	84	
8	134	0	51	48	0	0	207	8	226	
48	98	61	4	0	70	110	291	0	0	
8	0	50	32	40	33	179	276	32	32	
146	0	32	98	8	0	4	98	260	36	
101	0	0	68	64	0	139	8	0	302	

4	0	0	82	0	40	0	0	245	272	 ***
0	12	0	84	8	48	32	281	6	172	
4	0	135	8	0	135	0	217	0	144	
56	0	0	4	8	0	32	260	16	267	
0	42	108	48	108	40	32	265	0	0	
40	0	34	0	8	0	18	269	36	238	
18	64	4	4	0	10	131	327	0	85	
0	8	97	0	42	0	174	282	0	40	
8	10	32	16	8	8	0	232	40	289	
32	10	8	83	0	24	34	273	70	109	
0	10	56	0	8	8	0	233	264	64	
57	2	8	79	0	8	42	262	44	141	
20	0	0	0	169	24	0	209	221	0	
40	0	0	8	0	149	155	42	0	249	
92	0	0	58	64	8	0	146	0	275	
34	36	2	28	0	0	337	206	0	0	
42	2	16	83	0	8	36	282	57	117	
40	2	56	119	0	114	66	246	0	0	
0	24	8	0	0	16	323	80	192	0	
8	0	0	0	151	114	0	256	72	42	
40	64	2	42	104	0	0	268	48	75	
0	8	0	8	32	0	40	221	36	298	
146	24	0	0	8	0	96	52	285	32	
16	40	0	40	0	0	204	237	66	40	
34	2	8	81	8	16	38	294	70	92	
46	28	8	87	0	8	38	282	36	110	
0	42	102	1	16	10	0	296	112	64	
32	135	34	64	0	89	0	0	32	257	
46	40	22	37	24	34	40	280	0	120	
8	0	0	92	40	80	6	281	136	0	
2	96	118	20	0	0	10	249	0	148	
34	4	16	79	0	8	46	270	60	126	

4	8	16	91	12	74	0	76	160	273	 ***
0	0	32	6	56	88	36	48	176	272	
106	81	8	31	12	0	2	32	208	234	
58	18	0	31	40	32	0	216	38	281	
102	80	4	0	0	0	272	36	220	0	
37	0	0	41	0	80	40	0	247	269	
0	102	0	0	8	139	4	12	188	261	
16	10	18	0	48	24	0	32	342	224	
20	0	0	74	6	57	0	113	171	273	
84	56	8	101	45	39	0	273	108	0	
128	14	48	38	57	143	0	178	108	0	
0	153	0	140	1	75	8	238	54	45	
38	2	80	14	48	0	130	36	80	286	
36	46	34	28	0	47	32	247	228	16	
0	54	36	0	32	20	65	84	163	260	
112	6	82	88	96	18	40	272	0	0	
0	24	2	40	26	44	16	72	215	275	
11	35	0	0	0	112	145	72	68	271	
128	52	8	10	10	0	33	0	178	295	
92	12	76	17	20	0	0	132	349	16	
4	56	0	76	5	68	0	0	229	276	
4	7	2	112	20	40	94	0	160	275	
0	56	115	0	0	61	270	120	17	75	

0	104	62	68	58	0	0	209	213	54	 ***
16	105	56	56	0	48	80	195	0	212	
38	8	0	75	4	106	0	131	140	266	
0	40	0	60	36	90	0	270	204	68	
59	1	34	98	66	0	150	0	66	294	
2	16	0	96	15	34	311	38	46	210	
20	40	1	66	36	90	0	92	156	267	
170	66	2	10	0	52	168	64	236	0	
52	8	0	59	13	74	0	274	188	100	
50	82	116	84	33	32	18	121	12	220	
68	40	8	43	4	74	0	274	188	69	
4	56	0	67	5	74	0	110	186	266	
8	52	16	56	16	75	229	72	0	244	
27	35	30	4	40	76	62	220	48	226	
2	48	132	4	8	65	134	42	8	325	
20	8	0	59	36	74	32	266	156	117	
6	40	32	59	4	74	0	98	189	266	
48	76	88	0	26	1	8	215	40	266	
72	0	2	100	0	0	41	254	58	241	
34	56	32	32	74	50	156	55	34	245	
0	48	43	75	8	74	4	78	152	286	
48	0	86	0	132	64	56	297	53	32	
110	0	90	107	0	50	0	271	10	130	
56	0	0	40	33	2	62	222	277	76	
0	48	0	41	66	45	174	40	98	256	
12	96	0	36	56	34	267	55	0	212	
0	32	32	69	55	96	79	97	64	244	

