#8824.58	34294	29325	0	0	 92 ***
#9029.1	28722	29325	0	0	 92 
#9139.58	25999	29325	0	0	 65 
#9393.53	25368	29325	0	0	 58 
#9412.68	24135	29325	0	0	 51 
#9135.11	27051	29325	0	0	 38 
#9413.99	21899	29325	0	0	 4 

8918.05	16801	25246	76	2970	 89 ***
10081.4	17099	25246	70	2735	 89 
10086.6	21019	25246	29	694	 88 
8676	19841	25246	33	739	 86 
10083.4	18005	25246	68	2854	 83 
10085.7	17829	25246	69	2707	 75 
8430.11	18344	25246	75	3017	 72 
8674.01	19931	25246	33	1042	 67 
8395.71	18436	25246	69	2820	 57 
10087.4	18252	25246	65	2553	 52 
9480.24	17174	25246	73	2762	 47 
10094.5	16349	25246	74	2881	 37 
7932.64	21192	25246	72	2961	 34 
8193.56	19715	25246	69	2855	 34 
8689.78	18654	25246	41	886	 32 
8679.99	22675	25246	20	521	 30 
9283.63	21367	25246	29	614	 20 
9007.94	18166	25246	71	2569	 18 
9010.73	18332	25246	70	2615	 12 
10089.4	16558	25246	71	2960	 0 
8217.5	17363	25246	77	2848	 0 

9337.58	18101	26494	71	2488	 99 ***
9349.02	17023	26494	45	1850	 99 
10137.6	18041	26494	36	965	 97 
10144	17322	26494	24	635	 93 
10143.9	19457	26494	23	1219	 87 
8951.14	18763	26494	27	934	 86 
8955.11	19944	26494	22	564	 82 
10143.5	17080	26494	37	1099	 81 
8953.32	18433	26494	39	924	 79 
8155.19	22971	26494	74	2825	 73 
9095.26	18115	26494	58	2635	 71 
10137.6	17721	26494	32	933	 70 
10146.1	16652	26494	48	2268	 60 
10136.3	18122	26494	33	934	 58 
9351.83	15987	26494	65	2530	 57 
8272.15	19829	26494	73	2643	 56 
9345.33	17346	26494	67	2583	 34 
9541.26	16393	26494	49	2153	 31 
8724.46	22204	26494	60	2561	 23 
10147.7	16379	26494	46	2432	 21 
8958.57	18274	26494	52	1715	 21 
10164.7	16206	26494	51	2373	 17 
8955.57	20113	26494	18	512	 16 
8265.64	21584	26494	61	2496	 14 
8952.41	18591	26494	26	991	 8 
10150	19326	26494	20	791	 6 
10161.3	21907	26494	17	627	 5 

9483.77	16724	29672	19	544	 100 ***
8383.26	15724	29672	52	2075	 98 
8133.13	18317	29672	76	2551	 89 
10284	17295	29672	9	336	 88 
9079.56	16276	29672	51	2265	 87 
10279.4	16704	29672	18	500	 85 
10268.1	14872	29672	51	1945	 82 
9489.66	14588	29672	59	2675	 79 
9094.76	14316	29672	69	2730	 74 
10277.3	16922	29672	11	392	 74 
9477.44	15139	29672	33	793	 72 
9457.19	16386	29672	31	713	 69 
9671.29	14850	29672	53	2527	 67 
8851.5	17284	29672	40	2329	 66 
10284.3	14356	29672	49	2493	 64 
10275.5	17006	29672	11	362	 63 
9470.81	16848	29672	15	450	 62 
8646.77	15348	29672	73	2901	 61 
10286.8	13516	29672	53	2573	 59 
9472.11	15666	29672	51	2258	 57 
10279.9	14551	29672	51	2162	 56 
9202.94	16323	29672	49	2274	 54 
10282.4	16901	29672	12	377	 54 
9468.16	19557	29672	15	477	 46 
9469.64	16977	29672	20	639	 44 
9473.34	14985	29672	34	1037	 39 
10277.6	14736	29672	49	1800	 38 
10268.8	15691	29672	32	766	 35 
9687.77	13633	29672	54	2453	 30 
9458.91	16135	29672	50	2086	 28 
9458.45	15512	29672	66	2453	 22 
8865.28	14946	29672	76	2711	 22 
9466.39	18724	29672	22	773	 2 

7188.02	13065	29293	67	2446	 100 ***
7618.87	10570	29293	65	2559	 99 
8471.64	11549	29293	56	2461	 99 
8945.08	15196	29293	41	2057	 98 
8447.34	12244	29293	55	2276	 98 
8903.67	10565	29293	67	2457	 97 
9311.9	12846	29293	34	864	 94 
9328.5	14519	29293	11	159	 85 
8435.51	12709	29293	49	2305	 83 
7998.54	12748	29293	53	2230	 79 
10130	10649	29293	50	1959	 79 
8939.19	12240	29293	52	2325	 78 
8338.36	12250	29293	55	2347	 75 
10123.1	10933	29293	29	787	 73 
9074.55	14104	29293	43	1673	 63 
8935.45	12271	29293	51	1982	 60 
9327.92	14578	29293	12	93	 57 
8941.81	11146	29293	45	2094	 54 
9309.93	12886	29293	20	767	 54 
9329.21	14135	29293	5	41	 51 
9329.91	11785	29293	21	345	 48 
9055.55	13146	29293	44	2174	 43 
9312.89	10982	29293	29	787	 42 
8118.41	10630	29293	57	2450	 39 
10119	9746	29293	55	2281	 38 
9310.67	12727	29293	35	850	 35 
8118.5	13354	29293	49	2250	 33 
9329.37	11920	29293	21	345	 23 
8933.48	13554	29293	46	2285	 21 
9316.24	12849	29293	28	757	 18 
7855.22	17945	29293	63	2524	 16 
8934	11541	29293	54	2276	 14 
8711.53	10764	29293	56	2175	 14 
8940.06	11785	29293	51	2066	 11 
7868.2	13343	29293	57	2446	 10 
9310.97	12560	29293	37	869	 9 
9046.28	10619	29293	64	2559	 8 
9316.87	13821	29293	16	538	 8 
9074.09	9987	29293	51	2237	 5 
8920.23	10794	29293	55	2210	 5 
8344.47	12905	29293	49	2167	 2 
9317.37	12659	29293	14	462	 2 
7973.12	13591	29293	56	2419	 1 

8128.94	12126	27923	51	1739	 95 ***
10013	10399	27923	64	2348	 81 
8946.14	10846	27923	35	1099	 78 
7859.56	12769	27923	22	536	 71 
8136.64	10579	27923	37	1174	 68 
7774.86	12303	27923	39	1263	 65 
10039.7	13205	27923	15	663	 50 
7867.35	13141	27923	18	489	 43 
8948.28	11465	27923	34	977	 24 
8952.84	10933	27923	19	837	 5 
8134.13	12244	27923	21	882	 1 

7863.3	10851	23299	66	2464	 97 ***
7967.45	10375	23299	29	840	 97 
7958.88	11196	23299	11	534	 94 
7958.45	11660	23299	12	671	 82 
9045.34	9523	23299	32	986	 80 
7961.13	10854	23299	5	640	 76 
9040.66	9990	23299	12	628	 69 
9045.63	9171	23299	36	1615	 67 
7975.58	10852	23299	20	827	 65 
7964.43	10353	23299	32	1118	 49 
7611.69	11151	23299	65	2217	 48 
9850.29	9018	23299	64	2401	 46 
8785.17	9526	23299	64	2441	 45 
7967.51	9989	23299	30	855	 45 
7707.5	11310	23299	64	2231	 44 
7602.07	14661	23299	65	2187	 35 
6190.36	13639	23299	66	2232	 33 
9046.5	9873	23299	31	1108	 32 
7958.6	10901	23299	12	654	 19 
7959.31	9620	23299	42	1941	 18 
7718.07	13880	23299	59	1967	 11 
8791.63	9349	23299	66	2446	 9 
7959.35	11101	23299	3	274	 9 
7723.79	13459	23299	61	2297	 6 
9860.7	9011	23299	36	1874	 2 

9029.62	11527	22329	46	1977	 97 ***
7159.88	13869	22329	60	2219	 96 
8651	12412	22329	15	528	 84 
7841.75	12385	22329	28	915	 80 
9030.08	11636	22329	31	1128	 76 
9041.47	10980	22329	46	1678	 57 
9831.84	9973	22329	40	1564	 52 
7850.78	11578	22329	56	2207	 46 
9046.54	10708	22329	38	1544	 42 
7840.92	12367	22329	29	930	 39 
7838.34	13219	22329	54	2122	 37 
8775.16	11216	22329	49	1869	 37 
8637.41	11755	22329	47	1771	 36 
8762.16	11629	22329	55	2200	 36 
7843.35	14963	22329	16	379	 30 
9816.98	10634	22329	55	1809	 29 
9018.69	10784	22329	59	2367	 23 
9035.02	10977	22329	53	1880	 23 
9020.07	11599	22329	42	1800	 22 
7846	11898	22329	30	1124	 20 
9847.66	11569	22329	29	1109	 16 
9028.18	12171	22329	29	993	 8 
9038.39	12541	22329	12	497	 6 
9040.84	11415	22329	41	1776	 4 
8620.19	11880	22329	55	2295	 0 

9533.73	13503	26894	64	2286	 96 ***
8716.57	14394	26894	64	2086	 95 
9303.44	14296	26894	43	1796	 93 
9508.65	13573	26894	62	2064	 90 
10125.5	14117	26894	25	455	 84 
8722.16	14734	26894	42	1416	 79 
8460.76	13734	26894	66	2346	 74 
10124	15454	26894	15	1058	 71 
10145.3	13271	26894	56	1843	 65 
8927.63	14406	26894	45	1934	 65 
9314.69	14020	26894	30	944	 65 
9337.52	13704	26894	59	2121	 63 
8327.06	15870	26894	63	2046	 63 
8427.29	15869	26894	63	2282	 61 
9304.9	14165	26894	31	910	 58 
8714.7	14804	26894	46	1859	 54 
9305.41	15612	26894	28	761	 48 
9312.2	14575	26894	20	402	 47 
10118.2	13407	26894	27	927	 43 
9315.19	15590	26894	15	718	 39 
10131.8	15191	26894	19	769	 33 
9068.49	14330	26894	56	1766	 32 
9303.48	13971	26894	63	1966	 32 
10117.5	13336	26894	65	2290	 30 
8457.77	15337	26894	57	1991	 26 
10114.1	13249	26894	69	2395	 25 
9314.62	16049	26894	12	626	 23 
10125.4	13018	26894	64	2183	 18 
9321.7	13946	26894	44	1781	 12 
10126.4	13915	26894	22	303	 7 
9300.92	14393	26894	30	1018	 6 
10122.1	13299	26894	29	532	 2 
9043.5	15634	26894	41	1501	 0 

8853.62	12160	24404	45	2083	 99 ***
9306.51	13684	24404	26	845	 91 
8031.52	12452	24404	61	2322	 90 
9916.76	11610	24404	43	1980	 88 
8730.35	12654	24404	45	2188	 87 
9110.78	12141	24404	44	1968	 86 
7929.73	12968	24404	66	2605	 86 
8733.1	12843	24404	40	2201	 77 
9309.54	12424	24404	16	652	 72 
9904.85	11348	24404	64	2259	 60 
8030.01	12707	24404	52	2093	 60 
8720.46	12156	24404	47	2005	 59 
9315.21	12285	24404	16	830	 59 
7945.3	13851	24404	62	2434	 54 
9306.13	11271	24404	68	2670	 50 
8306.45	11679	24404	64	2447	 45 
8505.13	11447	24404	68	2644	 40 
9309.29	12873	24404	28	1034	 40 
9332.32	13600	24404	13	583	 36 
8849.01	11958	24404	62	2332	 34 
9919.68	12748	24404	15	879	 26 
8862.7	13786	24404	22	772	 21 
8845.61	12388	24404	46	1904	 15 
9306.86	12955	24404	25	830	 14 
9911.82	11667	24404	53	1900	 9 
7651.33	12512	24404	68	2681	 8 
9106.94	11527	24404	66	2440	 7 
8304.82	12004	24404	48	2120	 3 
9104.5	11808	24404	49	1934	 3 

9871.08	12134	24831	43	1502	 97 ***
8788.18	13348	24831	58	1814	 97 
8800.92	12007	24831	64	2240	 89 
8681.16	13584	24831	39	1376	 83 
9880.39	13040	24831	23	1128	 83 
7980.2	14040	24831	63	2181	 79 
9869.42	12733	24831	37	1390	 77 
8805.94	14486	24831	9	490	 76 
8461.66	12836	24831	61	2193	 75 
9868.77	12479	24831	40	1384	 73 
8803.29	13006	24831	35	1433	 72 
7727.61	13235	24831	65	2197	 72 
9886.28	12965	24831	3	492	 71 
8797.16	14237	24831	24	963	 69 
9070.43	12543	24831	51	1561	 68 
7603.74	14616	24831	63	2184	 68 
8688.94	13537	24831	54	1723	 67 
9878.53	11875	24831	40	1562	 64 
8805.8	13512	24831	23	943	 64 
9063.28	12821	24831	38	1405	 62 
9880.85	12537	24831	38	1504	 60 
9053.41	11952	24831	61	2004	 58 
9264.46	12820	24831	34	1306	 56 
8256	13201	24831	64	2212	 55 
8798.43	13327	24831	42	1489	 54 
8798.64	13173	24831	26	912	 52 
8796.83	13932	24831	26	900	 50 
8806.58	13154	24831	6	583	 48 
9884.35	12595	24831	37	1305	 41 
8678.94	13783	24831	43	1756	 30 
8790.39	12282	24831	66	2227	 29 
7715.96	14445	24831	60	1922	 29 
7888.54	14421	24831	62	2000	 28 
9886.14	12531	24831	38	1448	 21 
9876.46	11479	24831	61	2211	 20 
9883.73	13575	24831	4	504	 8 
9883.53	13090	24831	9	955	 4 

7971.12	15020	23425	60	1871	 98 ***
9041.42	13423	23425	41	1250	 89 
7578.15	15028	23425	50	1402	 85 
7969.33	14874	23425	61	2219	 84 
9841.54	14586	23425	16	834	 80 
9832.84	14808	23425	22	920	 75 
8168.34	14443	23425	43	1312	 69 
9830.72	12553	23425	65	2254	 69 
9030.97	14290	23425	26	1077	 67 
9842.73	12797	23425	14	900	 61 
9846.74	14319	23425	7	540	 55 
9837.18	12702	23425	61	2078	 54 
9841.36	12957	23425	43	1452	 46 
9839.48	15118	23425	18	736	 46 
9856.59	12484	23425	57	1936	 44 
9847.86	13680	23425	13	755	 34 
7344.01	12565	23425	63	2216	 32 
9844.41	14794	23425	12	588	 30 
8047.68	12754	23425	44	1442	 24 
9842.91	12267	23425	65	2193	 21 
9833.61	14149	23425	22	980	 21 
9846.88	12718	23425	41	1334	 10 
9841.96	14910	23425	14	603	 7 
9842.57	13083	23425	37	1334	 1 

9241.4	15447	23944	64	2013	 100 ***
9837.42	15833	23944	60	2061	 99 
9839.74	15539	23944	60	1921	 90 
9871.25	15635	23944	52	1558	 87 
8765.84	16059	23944	25	735	 84 
8784.96	15849	23944	12	111	 75 
9853.19	15432	23944	54	1451	 68 
8777.87	17228	23944	10	213	 64 
8647.18	15627	23944	67	2276	 62 
9844.14	14835	23944	55	1820	 56 
9835.44	15360	23944	68	2234	 47 
7965.1	16686	23944	24	850	 46 
9837.58	15159	23944	72	2223	 42 
9843.91	14816	23944	70	2296	 42 
8447.6	16469	23944	66	2182	 41 
9852.59	15783	23944	54	1625	 30 
8774.27	17093	23944	14	252	 29 
8768.89	15291	23944	69	2292	 26 
9834.13	15844	23944	59	2020	 18 
8774.14	17350	23944	12	251	 16 
7969.95	17402	23944	16	734	 10 
9853.53	17315	23944	9	441	 5 

9212.36	11906	25835	66	1642	 97 ***
10017.6	13013	25835	51	1740	 93 
8960.39	12884	25835	68	1851	 89 
9223.5	17144	25835	49	1238	 80 
8334.75	13727	25835	53	1807	 80 
10012.5	13594	25835	53	1796	 75 
9225.68	16774	25835	52	1735	 71 
9214.36	17491	25835	52	1314	 68 
9439.22	11848	25835	65	1783	 64 
8967.89	12981	25835	66	1816	 61 
10017.2	14391	25835	14	488	 55 
7879.69	16202	25835	63	1750	 53 
10017.5	13389	25835	53	1760	 41 
10010.4	13666	25835	58	1803	 39 
9418.87	14700	25835	25	721	 38 
9411.77	15191	25835	13	620	 37 
9416.56	13816	25835	50	1635	 31 
9414.12	15177	25835	22	1121	 25 
10015	12897	25835	60	1430	 22 
10018.2	12335	25835	52	1517	 13 
9408.53	15550	25835	24	1215	 12 
9421.74	15082	25835	22	702	 5 

9557.28	13059	27228	29	683	 96 ***
9334.64	16162	27228	28	739	 95 
9342.63	15016	27228	33	1452	 91 
10149.3	15710	27228	11	795	 81 
9341.01	16752	27228	26	849	 79 
8151.57	13167	27228	40	979	 76 
10168.6	11667	27228	52	1875	 75 
9344.24	15726	27228	22	844	 37 
9344.03	16235	27228	11	766	 34 
9343.74	17538	27228	24	909	 21 
9343.61	17548	27228	19	802	 4 

10173.5	13858	26361	49	1948	 99 ***
10170.5	13998	26361	51	2146	 88 
8979.51	17458	26361	68	2301	 88 
9560.04	15422	26361	15	493	 88 
10163.7	12182	26361	74	2760	 86 
8187.3	19366	26361	63	2331	 61 
9555.33	14394	26361	22	937	 60 
8570.76	16071	26361	70	2385	 56 
8746.41	14043	26361	74	2809	 49 
9555.02	15530	26361	24	949	 45 
9558.98	14292	26361	16	575	 29 
9592.84	13849	26361	73	2558	 28 
8750.71	11697	26361	75	2820	 24 
9097.28	18164	26361	46	1662	 20 
9555.12	15359	26361	22	934	 14 
8196.05	17522	26361	64	2414	 6 
9004.32	15782	26361	54	2021	 2 
8980	16335	26361	48	2100	 1 

10105.2	14263	28254	16	745	 96 ***
8475.14	12378	28254	23	700	 91 
7606.35	14064	28254	65	1733	 88 
10090	11455	28254	47	1455	 86 
10100.6	14579	28254	21	893	 78 
10104.3	14357	28254	12	740	 73 
10095.2	12311	28254	29	1610	 67 
10108.2	13784	28254	18	810	 67 
10128.8	11701	28254	45	2014	 66 
10094.4	15472	28254	21	816	 66 
8414.58	12968	28254	38	1741	 57 
8413.74	12102	28254	64	2197	 53 
8097	12436	28254	73	2448	 52 
8105.84	13364	28254	68	1896	 51 
7896.82	12756	28254	71	2444	 49 
10108.2	14766	28254	10	711	 43 
8096.8	13767	28254	42	1483	 37 
9027.05	11681	28254	71	2342	 34 
7590.04	13017	28254	71	1975	 25 
8200.57	13513	28254	63	1941	 25 
10097	15190	28254	14	716	 24 
9492.29	12242	28254	41	1964	 22 
7849.25	14037	28254	33	1580	 18 
9287.09	12011	28254	50	1949	 16 
10100.5	14838	28254	19	477	 15 
7970.73	12630	28254	72	2403	 12 
8233.46	12891	28254	46	1726	 11 
10098.7	12058	28254	39	2018	 11 
8914.17	11992	28254	72	2455	 10 
10096.6	14820	28254	22	891	 7 
8302.89	12730	28254	70	2403	 3 

8192.88	11983	27773	75	2507	 93 ***
8219.91	14411	27773	39	1388	 93 
9003.47	12260	27773	43	1735	 90 
8090.24	13493	27773	42	1544	 89 
10077	12527	27773	39	1548	 85 
10098.8	11852	27773	46	2115	 83 
10074.6	14979	27773	21	847	 81 
9473.74	13563	27773	36	1657	 78 
10092.3	11462	27773	56	2234	 77 
8489.48	13220	27773	47	1908	 76 
9476.03	12274	27773	41	1944	 69 
9007.88	13023	27773	37	1448	 69 
8177.21	12624	27773	72	2299	 69 
9002.35	12841	27773	44	1662	 69 
8888.82	13145	27773	40	1841	 68 
10079.5	14773	27773	10	338	 67 
7941.73	13908	27773	50	2174	 64 
8208.09	12712	27773	71	2365	 61 
10076	14887	27773	17	751	 59 
9274.27	12964	27773	41	1944	 57 
8667.08	12993	27773	41	1699	 56 
7853.98	13767	27773	68	2168	 55 
10080.1	14227	27773	7	58	 48 
8401.41	13208	27773	49	1691	 45 
10088.4	12815	27773	38	1949	 44 
10077.7	12334	27773	39	1905	 41 
9283.96	11642	27773	69	2368	 40 
10090.4	12913	27773	37	1658	 33 
10083.9	11693	27773	65	2021	 32 
10074.8	14798	27773	19	813	 25 
9279.62	12158	27773	46	2003	 21 
10075.2	15178	27773	17	809	 21 
7874.53	13322	27773	61	2406	 19 
10078.2	12132	27773	64	2227	 14 
9271.58	15356	27773	19	588	 8 
10083.8	14210	27773	25	1044	 6 
8655.79	12276	27773	64	1780	 4 
8281.73	13248	27773	44	1965	 3 

7745.57	10340	24667	66	2144	 100 ***
8604.65	10321	24667	18	858	 72 
8841.86	9080	24667	63	1988	 69 
8148.58	11070	24667	23	1070	 67 
7815.88	10170	24667	61	2047	 65 
7069.53	10496	24667	39	1476	 65 
7815.47	8678	24667	68	2152	 55 
7863.56	9536	24667	33	1478	 55 
8157.06	11022	24667	24	968	 53 
8146.63	11391	24667	19	871	 51 
8153.54	11033	24667	24	926	 41 
8135.5	10085	24667	26	960	 31 
8952.02	10079	24667	28	1191	 28 
8333.74	10706	24667	19	908	 25 
8157.47	11295	24667	21	942	 22 
8135.08	10614	24667	26	959	 20 
9223.45	10266	24667	25	956	 18 

8153.71	8667	20742	13	152	 95 ***
9022.33	7238	20742	37	1587	 87 
7329.27	7169	20742	39	1286	 87 
9841.47	6973	20742	38	1226	 87 
9024.1	6654	20742	40	1530	 86 
7337.72	7719	20742	37	1436	 80 
7550.02	8292	20742	14	226	 80 
8419.87	6347	20742	43	1621	 77 
4741	6316	20742	62	2076	 76 
6730.88	6785	20742	41	1560	 73 
8031.6	7032	20742	38	1180	 70 
7945.86	7476	20742	38	1226	 66 
6352.64	8272	20742	21	525	 65 
7400.03	6729	20742	40	1515	 64 
5003.89	5792	20742	46	1704	 56 
5335.55	7256	20742	40	1523	 55 
6319.83	6696	20742	43	1636	 55 
3924.55	7549	20742	44	1644	 33 
7222.42	6395	20742	41	1591	 33 
8754.25	8133	20742	16	344	 9 
6359.04	7844	20742	20	256	 4 

8982.33	10194	22469	19	652	 90 ***
8984.94	10281	22469	18	648	 89 
7222.26	9986	22469	54	1757	 87 
10057.9	9933	22469	26	1239	 87 
8650.2	9648	22469	32	1289	 78 
10063.1	10150	22469	20	440	 76 
8165.78	8013	22469	59	1661	 72 
8172.02	9769	22469	32	1361	 71 
8652.31	8245	22469	50	1696	 71 
8984.93	10717	22469	14	604	 69 
7758.9	9306	22469	35	1395	 68 
8441.98	9673	22469	32	1228	 66 
8426.46	8440	22469	34	1380	 66 
7567.52	9936	22469	29	1137	 64 
7562.19	10812	22469	25	1246	 63 
7175.5	10293	22469	45	1511	 59 
8655.8	8058	22469	48	1585	 57 
7448.67	11410	22469	32	1351	 55 
7455.29	10212	22469	33	1358	 50 
8849.42	10149	22469	23	999	 50 
7085.15	10092	22469	57	1771	 48 
8856.09	9226	22469	30	980	 46 
8272.01	9235	22469	47	1525	 46 
7565.07	9253	22469	58	1893	 44 
8852.95	9834	22469	31	1338	 41 
8163.9	9409	22469	33	1365	 37 
6382.29	10024	22469	59	1783	 32 
7835.66	9668	22469	33	1381	 32 
7851.34	9129	22469	59	1875	 28 
7373.84	9686	22469	47	1512	 28 
7444.81	9445	22469	54	1746	 16 
6989.92	10258	22469	50	1737	 15 
8982.34	10685	22469	18	334	 14 
9244.33	8253	22469	36	1550	 9 
10065.9	10140	22469	24	789	 7 
6769.01	11342	22469	58	1867	 6 
8038.18	9236	22469	49	1666	 6 

7464.03	9793	22941	35	2015	 100 ***
7457.25	10501	22941	60	2453	 94 
7659.74	11889	22941	28	2068	 92 
8463.35	9415	22941	34	2026	 92 
7371.47	11937	22941	59	2530	 82 
8961.49	10207	22941	30	1698	 82 
10154.4	10674	22941	2	252	 82 
9064.66	10190	22941	23	1507	 78 
8158.15	10657	22941	26	1831	 71 
7946.18	10502	22941	27	1643	 66 
8473.25	8519	22941	62	2583	 63 
7876.01	10816	22941	27	1868	 62 
8961.69	9867	22941	26	1764	 61 
10163.5	9401	22941	34	2000	 61 
8256.84	10480	22941	34	929	 61 
9343.6	9804	22941	6	318	 50 
10168.6	9699	22941	27	1583	 48 
8283.49	10269	22941	26	758	 44 
9535.98	8486	22941	58	2515	 40 
9079.18	9752	22941	8	424	 32 
9348.21	8927	22941	57	2042	 29 
8266.21	9745	22941	39	705	 26 
8261.23	10891	22941	5	246	 24 
7464	11215	22941	45	1193	 22 
10146.3	9435	22941	29	1844	 18 
8967.19	10289	22941	23	1485	 17 
7676.43	8949	22941	59	2485	 16 
8948.59	10269	22941	25	1506	 16 
8738.46	10699	22941	24	1237	 4 
9074.48	10643	22941	21	1468	 4 
6855.23	10861	22941	60	2309	 1 
8155.17	11131	22941	26	1826	 1 
8970.04	10716	22941	22	1453	 0 

7271.31	8524	21496	38	1455	 99 ***
7204.49	10044	21496	40	1876	 88 
7407.6	10561	21496	27	459	 86 
6508.91	9259	21496	57	2415	 77 
8199.43	9428	21496	19	339	 69 
8201.52	8997	21496	19	339	 61 
7408.15	9266	21496	25	404	 57 
8199.48	9055	21496	19	339	 49 
7018.52	7983	21496	50	1647	 47 
7938.56	8765	21496	36	2081	 47 
7020.05	11631	21496	46	1299	 46 
8195.12	9488	21496	19	339	 41 
6975.9	9039	21496	65	2551	 34 
8192.14	9404	21496	22	357	 31 
8503.12	8231	21496	46	2046	 11 
7402.87	10938	21496	26	462	 2 
7220.53	8973	21496	30	1820	 0 

7141.32	10745	21882	29	905	 94 ***
8133.86	8909	21882	45	1743	 80 
7986.61	8244	21882	52	2028	 74 
6716.52	10283	21882	36	1459	 73 
8577.26	8477	21882	33	1654	 67 
8002.01	9693	21882	19	252	 46 
7783.07	10009	21882	16	338	 38 
7785.77	10554	21882	12	288	 35 
8217.15	9456	21882	28	852	 32 
7266.82	8312	21882	50	1658	 32 
7735.66	6931	21882	61	2256	 31 
7321.31	9001	21882	49	1974	 22 
8610.44	8439	21882	49	2104	 16 
8798.14	9285	21882	32	1325	 9 
7058.21	10182	21882	46	1719	 9 
5705.36	9121	21882	52	1906	 9 
9402.96	7869	21882	51	2127	 9 
8099.03	8220	21882	58	1861	 6 
7134.86	9590	21882	32	950	 4 
8595.76	10397	21882	12	345	 4 
6955.93	8657	21882	50	1870	 0 

10167.4	11863	24549	27	1200	 99 ***
9531.35	11396	24549	29	1479	 93 
8548.88	12532	24549	27	1427	 89 
10150.1	10947	24549	36	1587	 87 
7558.34	12272	24549	56	2283	 64 
8151.96	11016	24549	38	1429	 55 
7889.54	12565	24549	30	1090	 47 
7288.74	12577	24549	6	87	 40 
10155.2	12083	24549	27	1028	 38 
8142.17	12140	24549	53	2183	 32 
8967.89	11621	24549	28	1460	 30 
7898.35	10665	24549	59	2085	 23 
9083.57	12238	24549	27	976	 22 
8741.99	11539	24549	35	1620	 21 
8966.48	12248	24549	7	61	 21 
9353.95	11513	24549	32	1109	 19 
10150.3	10941	24549	58	2040	 18 
8144.71	12207	24549	30	1299	 18 
10163.6	12036	24549	27	1218	 8 
7892.01	12148	24549	34	1638	 8 

9467.08	11410	25922	28	1410	 99 ***
9657.92	10573	25922	26	1434	 98 
9468.51	9980	25922	44	1813	 95 
9438.53	9868	25922	67	2498	 95 
7859.04	12000	25922	63	2183	 95 
8114.4	10901	25922	64	2420	 92 
8573.87	11422	25922	34	1563	 91 
9197.7	11834	25922	27	1173	 90 
10280.6	9809	25922	41	1801	 84 
9475.81	9674	25922	67	2255	 84 
8585.22	10457	25922	42	1511	 83 
10270.2	11160	25922	14	190	 83 
8576.52	10280	25922	55	1952	 81 
9659.77	9563	25922	45	1571	 81 
9048.37	9943	25922	65	2250	 81 
10280.2	9990	25922	29	1520	 81 
8464.29	10061	25922	64	2209	 76 
10274.5	10599	25922	6	274	 75 
9482.05	10106	25922	33	1347	 74 
10281.6	11319	25922	3	263	 73 
8259.56	11181	25922	55	2016	 72 
8602.82	9995	25922	60	2143	 70 
9453.42	9804	25922	65	2476	 67 
8669.38	11491	25922	29	1350	 67 
8103.45	11038	25922	64	2330	 66 
8476.03	11237	25922	54	1798	 66 
8264.2	11871	25922	44	2051	 64 
9089.59	10885	25922	29	1253	 60 
9197.58	11526	25922	28	1168	 55 
10261.3	10483	25922	28	1469	 50 
8024.22	12037	25922	57	1409	 50 
8377.25	10640	25922	64	2126	 49 
10283.1	11056	25922	3	27	 47 
10282.8	10788	25922	4	15	 45 
8377.82	10658	25922	63	2176	 42 
8377.59	11098	25922	62	2123	 37 
9057.11	10138	25922	32	1412	 37 
10266.7	9389	25922	63	2220	 37 
8582.52	10646	25922	30	1563	 29 
9658.74	9729	25922	59	2114	 29 
9073.72	11311	25922	29	1250	 23 
8574.24	10546	25922	63	2343	 23 
10277.2	11022	25922	5	30	 16 
9657.42	10742	25922	29	1472	 15 
10268	11306	25922	25	1122	 14 
10266.3	11423	25922	25	1130	 11 
9489.7	11483	25922	21	333	 11 
8389.35	10566	25922	65	2374	 1 
8284.95	10017	25922	66	2487	 1 

