#544	160	240	320	0	164	320	2960	3248	384	 ***
#0	880	1412	320	160	1668	160	384	3356	0	
#0	592	80	36	0	544	596	320	3972	2200	
#160	4	144	160	160	0	3480	3592	480	160	
#2180	480	0	320	320	36	4148	372	240	244	

0	32	0	512	160	32	1220	592	512	4492	 ***
160	80	272	192	272	160	272	328	3300	2516	
432	192	240	272	0	196	320	832	1304	3764	
464	192	352	160	0	484	320	496	1144	3940	
160	0	112	656	192	0	4872	756	80	724	
464	192	640	160	0	164	400	1232	3084	1216	
432	160	272	80	0	164	752	336	2552	2804	
192	640	560	104	304	68	0	2992	2612	80	
112	80	592	196	164	320	192	3908	1988	0	
160	0	0	32	80	240	2948	832	144	3116	
160	160	112	272	32	624	592	3124	2156	320	
672	3056	0	304	192	80	0	2616	312	320	
480	0	272	272	356	176	480	160	4892	464	
432	160	512	160	32	164	400	3876	1336	480	
464	160	272	560	0	164	432	3844	1272	384	
224	240	592	32	0	80	1716	4152	0	516	
320	0	80	304	80	160	560	1408	0	4640	
160	80	400	256	320	32	0	2192	3792	320	
32	400	240	672	0	160	112	1488	4336	112	
224	352	32	352	0	240	2232	320	0	3800	
160	320	240	224	80	512	80	64	5056	816	
1392	0	32	112	352	80	720	480	4384	0	
32	164	240	160	544	80	1104	676	0	4552	
512	80	0	240	160	192	996	192	432	4748	
464	480	272	160	32	244	320	3828	1368	384	
512	480	240	192	0	164	352	4660	536	416	
240	196	224	192	512	916	4468	724	80	0	
432	160	320	160	0	244	272	752	1272	3940	
432	192	240	160	0	164	320	368	2808	2868	
160	240	80	64	240	112	800	1136	4480	240	
144	160	0	144	560	160	484	3124	2296	480	
432	272	240	160	32	164	352	2932	1656	1312	
432	192	352	160	0	196	320	4036	1384	480	

96	240	592	192	1652	0	912	4040	340	0	 ***
0	112	0	752	720	32	448	1232	512	4256	
1792	880	160	100	512	0	1872	388	2360	0	
0	64	80	432	80	64	1312	1232	512	4288	
1296	1680	80	0	0	352	80	776	512	3288	

160	224	0	1632	624	272	720	5412	32	304	 ***
0	640	576	1184	720	320	0	4964	224	752	
736	240	592	192	1344	0	1744	4036	496	0	
0	144	544	0	432	720	5172	592	352	1424	
320	672	960	144	1184	720	272	0	1456	3652	
560	64	80	1024	1392	720	0	4164	864	512	
96	1040	1232	192	704	0	4612	1136	368	0	
992	352	240	1024	64	0	1120	4532	704	352	
368	592	752	32	1280	112	160	4868	480	736	
160	1040	1104	112	1024	320	192	112	4260	1056	
832	480	0	320	224	880	96	1136	4932	480	
736	272	592	192	624	160	1632	4036	1136	0	
352	672	224	160	800	960	784	4420	512	496	
32	1216	672	80	320	272	1312	720	784	3972	
736	240	432	192	816	640	2720	3300	304	0	
96	240	592	832	2176	0	3732	912	800	0	
224	432	192	224	432	720	32	5492	432	1200	
192	160	640	112	224	32	352	1792	4980	896	
1120	1264	224	96	640	80	240	4052	640	1024	
672	832	400	384	112	320	5444	432	480	304	
96	240	592	192	1904	0	5300	752	304	0	
352	1264	0	320	784	432	992	1136	4100	0	
112	384	192	720	3156	0	0	2256	2560	0	
640	432	144	160	1344	112	864	0	160	5524	
320	1344	832	640	80	0	1392	4164	608	0	
752	1104	160	464	272	1648	256	0	3764	960	
96	240	624	192	704	160	1680	4036	976	672	
448	112	144	0	1072	240	1344	5380	640	0	
192	992	1184	224	240	112	0	5572	432	432	
96	240	592	192	1424	640	720	4324	336	816	
176	32	464	720	672	832	640	4484	1040	320	
1408	400	592	192	704	0	4612	1136	336	0	

0	224	0	1792	384	112	1472	5280	32	352	 ***
960	32	800	0	0	0	3456	2880	720	800	
752	0	144	32	720	880	592	4736	0	1792	
80	0	704	0	192	1360	304	1184	976	4848	
0	224	640	1712	464	112	720	5280	32	464	
32	64	640	0	240	0	1120	4992	1040	1520	
640	320	432	192	352	752	32	5664	1232	32	
0	304	0	1504	704	112	720	5280	672	352	
0	880	800	320	352	2480	800	2912	352	752	
480	336	0	752	1824	240	0	4992	992	32	
144	192	320	1344	960	2864	1968	1520	336	0	
512	1680	1088	0	320	1936	3440	0	672	0	
0	224	240	1632	464	112	720	5232	752	272	
352	352	0	1680	1072	0	64	336	192	5600	
1312	80	240	1184	0	0	832	4800	736	464	
2624	944	640	0	32	80	0	4336	272	720	
800	240	720	960	2800	736	720	0	2672	0	
704	1200	272	240	80	32	4384	0	1840	896	
304	0	80	32	832	400	5120	0	2432	448	
320	160	80	320	2352	640	432	0	640	4704	
0	384	160	864	32	320	1232	0	5136	1520	
368	960	944	1120	432	0	0	4592	672	560	
0	224	0	1712	416	352	1360	5280	32	272	
0	704	672	160	960	432	672	5536	192	320	
0	992	112	0	1776	400	4448	672	1088	160	
352	32	2912	1072	0	0	1040	1504	2736	0	
1424	960	144	960	304	1280	0	0	4256	320	
640	0	112	0	544	1312	1728	400	4912	0	
0	112	1584	1184	1040	160	4816	752	0	0	
832	32	1152	336	0	640	784	4368	1104	400	
160	304	32	912	0	336	1632	400	800	5072	
112	528	640	1232	272	0	4240	2432	192	0	

944	32	352	1856	0	960	912	2896	1072	400	 ***
0	1152	0	1280	272	240	976	3728	0	1776	
960	896	112	1856	1200	352	1104	0	2944	0	
512	2736	592	0	0	720	432	672	2800	960	
0	224	160	1792	704	32	1552	3440	0	1520	
160	0	640	720	160	880	1184	4864	80	736	
736	1040	352	0	160	1040	4176	1520	240	160	
1152	64	160	1792	384	192	1840	3440	80	320	
1120	896	768	320	0	1392	992	3696	240	0	
1600	400	112	704	0	1104	3360	672	1472	0	
0	944	0	1776	1376	544	2816	928	0	1040	
0	1232	512	1104	0	1744	3040	912	880	0	
80	224	0	1632	704	224	1440	1968	0	3152	
800	112	0	112	400	2528	672	2352	2448	0	
320	80	624	960	400	640	2656	304	3440	0	

64	800	720	320	0	480	480	3584	752	240	 ***
176	192	192	560	0	960	912	1312	400	2736	
144	32	192	992	0	960	912	1472	432	2304	
320	464	2448	80	160	352	1280	2256	0	80	
144	32	192	2272	0	960	1488	1280	560	512	
672	112	0	160	160	672	3552	320	1760	32	
912	192	0	0	0	224	1072	3088	880	1072	
304	0	192	560	0	960	912	1344	400	2768	
0	272	0	592	160	320	0	2784	80	3232	
480	0	592	1600	160	0	3344	464	0	800	
144	32	192	560	0	1120	1072	1392	848	2080	
112	32	192	992	0	960	1072	2592	400	1088	
144	32	192	992	0	960	944	1312	400	2464	
560	0	192	1584	192	240	0	3312	480	880	
144	64	192	560	0	960	1456	1584	400	2080	
272	640	112	352	320	384	1312	3664	384	0	
160	160	0	480	640	1152	1584	0	416	2848	
864	160	32	880	32	320	240	3792	240	880	
112	0	224	560	0	960	3136	1488	400	560	
80	32	480	720	400	160	992	3952	0	624	
144	32	192	992	0	960	944	3376	400	400	
160	752	0	1072	80	240	2176	1072	160	1728	
544	160	1312	240	32	240	640	1376	240	2656	
720	0	1600	1456	656	80	640	2288	0	0	

64	800	644	320	84	160	560	3840	784	324	 ***
224	880	1536	320	272	1412	228	2304	404	0	
164	1124	352	80	416	560	1316	2368	1200	0	
112	160	880	720	0	0	356	1204	400	3748	
1744	724	112	164	276	272	480	3648	0	160	
64	800	752	324	0	272	484	1552	948	2384	
64	800	192	480	0	244	596	1876	1072	2256	
560	404	720	912	404	1648	2512	32	388	0	
148	800	676	400	0	320	784	2992	784	676	
352	624	804	0	0	480	1488	2964	868	0	
96	640	720	320	0	480	640	3532	912	240	
0	0	0	272	356	672	2704	1024	2552	0	
304	800	724	228	0	240	320	3572	912	480	
0	1056	400	756	404	1040	0	2180	352	1392	
1232	168	784	0	400	1072	400	0	516	3008	
320	724	0	240	224	240	480	0	1472	3880	
640	544	752	488	400	112	0	2964	1360	320	
544	192	272	1968	1232	548	192	2632	0	0	
352	436	624	996	1476	0	1392	2080	0	224	
228	640	704	400	0	320	404	1872	756	2256	
800	196	308	324	912	704	672	2512	1152	0	
400	272	836	832	244	164	0	3504	1024	304	
320	320	1616	672	756	112	0	2664	640	480	

1396	272	192	880	240	4	4176	0	272	2244	 ***
400	84	592	624	324	240	2032	3588	1792	0	
1152	0	868	2080	436	544	2624	1552	420	0	
32	80	912	960	272	1280	1104	196	560	4280	
0	784	192	1664	1712	1504	1280	0	2136	404	
224	1120	804	400	84	0	560	1668	1264	3552	
1380	640	4	432	352	352	3088	1316	2112	0	
64	640	724	400	404	0	1760	4292	752	640	
244	112	800	1472	1072	560	2504	2752	0	160	
1044	0	2176	244	0	592	624	1376	2096	1524	
564	3216	560	0	0	164	388	1520	1024	2240	
192	160	804	1280	0	560	1424	820	3524	912	
788	960	404	560	272	752	164	4960	816	0	
2448	80	800	0	544	0	2672	1068	624	1440	
1456	356	2436	672	0	640	2260	0	1440	416	
144	1120	0	800	0	64	2688	2064	1880	916	
224	640	1284	400	164	0	480	4692	1232	560	
304	240	240	1312	2544	560	592	2040	1844	0	
864	1936	676	0	0	2000	2240	160	1156	644	
704	1440	644	400	164	160	800	3652	752	960	
624	640	2532	160	1232	164	1924	0	480	1920	
352	640	880	160	916	356	1392	3508	1120	352	

596	112	192	400	480	4	2160	0	464	3332	 ***
596	144	192	160	480	164	2288	0	432	3284	
0	1040	0	596	160	112	3296	936	960	640	
756	192	352	400	352	0	2208	0	272	3208	
272	832	0	276	224	0	568	2384	0	3184	
228	320	640	592	1072	884	2640	256	644	464	
596	112	224	400	400	4	2128	0	592	3284	
272	2336	292	1392	688	724	564	1472	0	0	
596	80	192	272	320	4	4240	0	352	1684	
592	496	592	628	0	0	2788	644	560	1440	
596	272	352	352	320	4	2128	0	432	3284	
596	432	304	400	240	4	4128	0	272	1364	
596	432	192	272	320	84	4048	0	432	1364	
596	432	192	400	352	84	4048	0	432	1204	
400	2944	192	0	480	240	1668	1220	0	596	
1040	164	560	0	400	2032	2020	272	1252	0	
352	880	64	564	324	240	480	2976	592	1268	
752	80	196	0	352	960	2244	1412	320	1424	

596	112	192	720	480	36	4208	0	592	1268	 ***
240	0	320	596	960	2032	1988	1604	464	0	
0	756	432	0	400	880	3188	2096	212	240	
1040	560	240	80	68	320	420	560	1072	3844	
916	544	324	752	560	480	3216	500	912	0	
1616	0	240	432	0	672	1264	192	1304	2484	
596	112	576	400	560	0	2176	0	432	3352	
244	192	992	1296	1764	192	0	512	3012	0	
1108	0	368	464	656	720	800	1908	0	2180	
596	144	192	432	512	324	2080	0	432	3492	
432	756	2692	0	564	896	0	1008	592	1264	
628	144	160	720	480	36	2128	0	464	3444	
640	1124	1152	192	308	192	3408	436	752	0	
356	0	496	0	4	1280	592	784	3456	1236	
1200	1044	432	436	480	0	496	720	608	2788	
0	480	0	832	1312	1056	2116	0	1940	468	
916	512	192	560	480	36	1728	0	432	3348	

512	720	116	400	4	400	1104	0	4212	480	 ***
784	1120	352	676	244	160	3700	0	352	560	
196	192	0	720	512	36	1920	0	2272	2100	
2100	320	0	752	720	112	1832	0	720	1392	
352	560	320	308	1232	560	720	192	720	2984	
2100	192	0	720	480	192	2040	0	480	1744	
196	2144	0	720	480	112	2036	0	512	1748	
196	240	0	800	480	192	2024	0	480	3536	
240	240	32	400	192	548	3664	80	2392	160	
1440	352	0	592	432	464	160	488	0	4020	
832	240	240	592	1840	160	3044	404	84	512	
0	68	480	2272	880	804	2372	752	320	0	
696	272	0	960	480	32	3248	0	544	1716	
0	80	32	2724	804	400	628	752	1648	880	
1076	720	724	1744	436	576	0	0	2512	160	
356	80	1552	912	400	32	2016	0	512	2088	
320	32	160	352	160	160	1440	240	1208	3876	
804	240	352	592	0	0	2980	832	912	1236	
196	240	80	720	480	68	1952	0	2352	1860	
432	1200	1888	0	276	644	0	1072	1296	1140	
480	724	0	160	0	576	596	1712	3216	484	
196	112	0	1040	480	112	3288	0	1184	1536	
276	224	160	800	480	272	3588	0	752	1396	
308	112	80	720	400	116	2032	0	432	3748	
880	560	224	276	320	320	1232	3940	0	196	
640	404	432	244	880	704	3540	912	0	192	
520	192	112	880	708	400	3936	720	320	160	
0	4	2388	832	480	480	320	896	2228	320	
884	1424	0	720	672	64	1876	0	592	1716	
1044	112	80	800	400	116	3296	0	704	1396	

64	484	592	196	0	800	0	1088	596	3984	 ***
352	640	196	912	4	464	2000	0	2580	656	
384	720	304	432	1348	400	704	0	2248	1264	
164	160	640	436	0	464	0	1600	576	3764	
436	0	784	0	672	544	592	868	320	3588	
352	880	192	400	0	400	464	0	4492	624	
384	560	2148	512	0	400	432	0	2248	1120	
4	192	196	592	544	560	1392	320	4004	0	
352	800	112	512	0	464	512	0	4412	640	
400	192	196	596	432	320	592	512	3700	864	
0	1504	2144	800	512	516	1472	240	616	0	
240	1280	96	160	0	80	464	240	3900	1344	
384	640	112	432	740	736	544	0	3736	480	
544	720	512	400	4	432	2080	0	2312	800	
388	912	196	928	84	400	512	0	3584	800	
512	640	144	400	4	432	544	0	2824	2304	
352	640	112	432	112	832	512	0	4332	480	
672	1072	116	480	4	400	592	0	2004	2464	

0	484	720	80	144	0	912	272	1632	5292	 ***
512	720	160	704	192	36	720	3340	160	2992	
864	404	564	196	624	800	0	1264	1520	3300	
864	404	560	436	672	880	0	784	2628	2308	
160	164	64	64	1520	1792	484	1296	480	3512	
304	400	560	196	320	1520	0	1696	564	3976	
64	2436	560	996	752	1604	0	992	628	1504	
416	1040	564	192	160	640	160	1504	400	4460	
1040	628	0	272	192	0	80	4460	2864	0	
400	276	880	672	880	0	112	0	1184	5132	
80	512	352	228	160	84	1316	1472	160	5172	
356	272	432	912	1076	1264	276	0	884	4064	
64	964	560	196	0	640	2340	1028	3152	592	
112	168	1552	432	1712	1152	0	320	420	3668	
1216	80	320	256	80	1204	672	640	1128	3940	
112	464	564	1520	948	320	0	560	2436	2612	
432	0	0	260	116	1120	1236	1680	320	4372	
1024	516	560	276	0	3380	0	820	512	2448	
240	64	160	352	80	400	1312	4544	1600	784	

32	1200	272	224	1392	720	480	640	1588	3372	 ***
80	804	480	80	144	788	916	752	832	5044	
272	4	480	1280	384	64	960	944	1956	3576	
784	960	464	352	1060	808	2704	0	80	2708	
32	800	704	480	644	192	672	800	2580	3016	
80	488	720	944	624	0	992	1552	1392	3128	
80	484	720	484	496	0	1552	1392	1392	3320	
544	1344	804	548	996	164	512	1632	0	3376	
992	304	1920	192	0	240	644	3320	2308	0	
864	1268	320	960	84	224	192	2504	0	3504	
1456	564	720	80	896	0	1152	276	1312	3464	
352	160	0	640	240	640	2420	0	720	4748	
0	484	720	80	304	36	2608	1232	2112	2344	
0	948	1552	800	144	0	1072	1432	2112	1860	
2000	160	352	960	320	1304	192	0	1472	3160	
1144	160	1152	752	1056	1360	144	720	3432	0	
84	752	800	1392	1220	800	0	960	1224	2688	
0	484	720	1044	144	320	1872	512	1392	3432	
0	0	2036	0	240	0	2368	1392	3244	640	
640	352	0	80	1696	0	388	4696	2064	4	
160	36	1152	112	272	160	720	112	3652	3544	
112	800	484	0	644	32	1040	2852	272	3684	
1288	80	672	32	320	512	1440	1072	1152	3352	
816	320	160	80	244	640	3660	1424	0	2576	
2148	944	1412	800	404	80	0	320	272	3540	

624	544	320	320	752	80	724	1232	2144	3340	 ***
192	320	1360	0	0	1824	644	352	352	5036	
32	1200	272	416	720	720	644	640	3652	1784	
160	0	32	240	160	0	2868	800	148	5672	
272	1200	80	816	720	800	1524	640	1508	2520	
800	1620	512	880	0	512	2052	0	3464	240	
432	784	4	160	624	272	324	1600	2032	3848	
2884	0	32	64	80	112	1280	724	0	4904	
352	4	756	720	32	480	1280	592	752	5112	
64	1360	960	224	720	560	960	640	1348	3244	
752	224	384	1424	1620	0	2088	1108	2480	0	
228	192	992	864	0	240	240	160	3332	3832	
64	1200	880	224	672	720	480	640	2148	3052	
112	1152	240	224	1632	800	480	672	1428	3340	
352	0	896	960	192	240	3604	3112	724	0	
224	1200	304	224	752	720	480	640	2148	3388	
240	788	192	640	80	240	320	1380	800	5400	
276	320	320	1024	400	720	0	112	3876	3032	
192	1200	80	224	1520	560	480	640	1940	3244	
116	80	832	720	240	464	1456	196	192	5784	

240	224	272	1360	912	244	1440	1152	1056	3096	 ***
880	32	1072	832	192	0	2016	0	84	4888	
352	1344	560	80	1392	80	720	1232	1504	2732	
272	224	320	240	1072	720	880	1312	1860	3096	
32	960	0	0	784	1280	160	2852	864	3064	
320	0	192	272	752	0	304	1440	2496	4220	
864	80	2432	240	324	0	0	0	240	5816	
560	0	832	960	32	228	1952	832	0	4600	
880	0	0	436	1040	0	2592	1056	32	3960	
160	916	0	160	864	352	160	0	2384	5000	
752	80	0	960	324	112	1072	64	1232	5400	
320	256	320	400	752	80	1040	992	2824	3012	
672	544	1232	640	320	0	160	468	272	5688	
80	480	320	192	640	720	800	0	1600	5164	
160	784	1040	240	1584	240	640	704	752	3852	
1280	480	80	0	160	1152	640	64	752	5388	

560	224	432	320	832	240	1520	1152	2732	2144	 ***
512	160	1312	240	1392	592	1504	0	4444	0	
1552	1712	160	640	0	160	5260	32	160	480	
640	2160	80	480	0	112	640	0	992	5052	
512	272	752	112	640	320	752	160	2592	4044	
0	160	0	80	544	32	1440	1040	2912	3948	
160	480	320	640	992	80	0	1440	1120	4924	
0	1024	1072	800	80	160	800	720	1808	3692	
32	960	464	80	272	1440	752	1632	1280	3244	
240	224	272	240	912	320	1440	1552	1780	3176	
0	160	352	1552	752	160	1360	5308	0	512	
832	640	240	992	160	544	0	1040	1216	4492	
672	320	160	0	960	1588	864	1796	0	3796	
160	864	640	240	0	720	1360	672	960	4540	
832	160	400	320	112	800	1360	992	272	4908	
80	752	0	1396	240	352	240	4536	960	1600	
1440	400	320	1908	0	0	0	3960	1728	400	
1392	352	480	800	400	80	160	0	1760	4732	
160	32	1152	0	1072	2712	1232	0	0	3796	
160	240	752	1312	0	320	1152	4780	800	640	
0	272	2912	160	320	576	352	864	0	4700	
240	384	272	240	1072	240	1440	1312	1824	3132	
160	160	0	1536	640	32	2032	1232	0	4364	
1232	0	960	976	400	160	992	4636	800	0	
800	0	0	1792	192	0	512	192	2784	3884	
1312	720	80	960	32	80	5196	144	32	1600	
672	64	320	80	192	0	1440	4380	2688	320	
800	400	0	80	64	640	0	672	1856	5644	
0	1952	592	192	160	1360	160	5196	512	32	
192	1920	800	272	384	0	0	160	1072	5356	
752	0	480	0	720	672	1280	1280	1184	3788	
80	480	0	560	32	800	160	800	1872	5372	
240	224	624	240	912	484	1440	1152	1936	2904	
1120	240	640	436	192	0	80	2192	3072	2184	
1280	384	400	640	0	432	560	64	1120	5276	
80	672	1476	320	192	0	4504	1280	352	1280	
320	240	80	80	672	592	192	2080	1632	4268	
320	960	720	960	704	272	160	240	912	4908	
0	480	992	752	400	0	1872	272	1360	4028	
400	0	224	912	800	80	480	1520	880	4860	
0	480	800	800	320	0	0	912	2208	4636	
240	560	80	0	1152	672	1364	80	784	5224	
960	80	800	720	0	432	80	976	2308	3800	
240	224	272	240	912	240	1600	1472	1896	3060	
752	640	160	672	640	64	0	1440	1200	4588	

32	144	1564	1284	1120	80	3056	0	0	1440	 ***
480	640	32	160	36	720	2592	240	3708	112	
640	80	0	544	4	80	2000	352	3544	1476	
720	224	272	320	0	784	880	832	1504	3184	
400	1440	320	0	1564	352	3748	0	784	112	
224	116	1440	0	80	112	884	3504	2360	0	
560	176	304	320	0	160	1520	752	2700	2228	
516	240	112	640	432	0	4460	0	1600	720	
400	1772	868	112	0	1392	160	0	3856	160	
640	144	308	320	32	720	1040	2184	1316	2016	
0	112	560	960	640	832	80	912	4512	112	
560	144	912	272	196	80	880	992	2572	2112	
1152	80	80	0	832	400	756	4220	1200	0	
560	144	224	240	124	1040	1040	864	1268	3216	
400	240	1792	512	800	4	4076	0	0	896	
480	992	164	32	960	80	912	0	5020	80	
0	160	192	1600	160	160	0	1588	3836	1024	
560	224	304	240	0	80	1632	1072	2812	1796	
240	1236	0	144	0	384	1648	3676	1392	0	
560	144	272	880	80	80	1000	1664	1336	2704	
80	720	1436	1280	320	800	0	80	3812	192	
80	992	112	116	80	0	224	3504	3052	560	
560	720	0	560	672	112	596	1392	4108	0	
400	80	1632	1104	0	272	0	644	3224	1364	
160	320	324	80	160	400	752	1056	2988	2480	
32	560	640	80	0	912	0	640	1268	4588	
720	0	2520	880	112	0	3664	80	520	224	
2240	160	480	1536	1432	432	0	0	888	1552	
912	320	160	0	304	720	992	0	3528	1784	

320	756	160	0	0	160	5188	512	80	640	 ***
32	144	480	1124	1040	80	3924	0	0	992	
32	144	480	964	1200	80	3220	0	0	1696	
160	0	720	0	800	432	4840	0	0	864	
0	0	0	0	1348	0	80	0	1360	5028	
0	0	0	80	384	1600	4712	320	720	0	
0	1696	0	2836	0	80	80	3124	0	0	
80	32	32	960	0	1232	5400	80	0	0	
0	0	0	0	2352	1700	3572	192	0	0	
1828	0	0	80	0	80	4756	400	0	672	
32	144	480	884	1200	160	3924	0	0	992	
32	144	480	884	1040	80	3956	160	80	960	
32	144	640	884	1040	80	3924	0	0	1072	
320	1392	160	628	400	240	4676	0	0	0	
112	144	480	884	1120	80	3956	0	0	1040	
0	240	32	0	160	640	5416	0	0	1328	
628	0	400	80	80	0	5316	0	1312	0	
160	80	160	720	80	0	3332	0	0	3284	
80	720	320	320	0	0	5176	880	0	320	
880	80	32	0	0	0	4712	1552	0	560	
0	160	80	1076	160	0	0	0	1280	5060	
112	144	480	1272	1200	80	864	0	0	3664	
0	880	80	32	0	320	4632	1872	0	0	
0	0	0	80	0	800	1936	5000	0	0	
320	160	320	32	400	640	4788	240	192	724	

512	32	240	320	800	80	5244	752	160	640	 ***
0	0	0	80	0	1440	3048	0	3696	516	
0	480	720	1120	0	432	5384	240	404	0	
272	160	0	960	240	0	2968	0	1280	2900	
0	1440	32	80	0	320	5352	1044	240	272	
320	320	0	160	0	0	5224	800	1156	800	
640	1040	640	80	480	0	5080	228	80	512	
640	32	320	160	516	800	5320	192	80	720	
84	960	0	480	0	640	3288	3328	0	0	
240	1368	0	0	2192	80	4708	192	0	0	
720	192	1120	0	1440	160	4504	0	564	80	
160	0	80	0	0	160	3208	3700	720	752	
160	0	0	0	912	160	5084	912	720	832	
240	80	160	0	80	0	5836	1280	0	1104	
0	192	0	1040	320	0	5240	516	1472	0	
800	272	320	32	0	160	5320	244	192	1440	
112	324	160	0	80	960	5000	1120	384	640	
0	0	0	80	1280	240	0	3324	0	3856	
320	992	400	32	160	164	4760	512	80	1360	
400	432	960	0	0	320	4840	352	84	1392	
0	0	1528	80	0	324	4736	672	0	1440	
320	992	160	0	0	164	4872	640	272	1360	
1600	592	160	32	80	164	4840	512	80	720	
0	84	0	1600	2232	640	3984	160	0	80	
560	1352	192	0	0	80	0	1988	4608	0	

0	1312	276	0	272	0	1044	4468	1360	0	 ***
320	192	0	400	720	752	3708	1360	640	640	
160	1396	0	400	752	80	4504	800	0	640	
800	36	0	80	992	0	4072	960	1760	32	
2180	80	272	272	164	640	84	0	2080	2960	
960	672	32	240	112	1280	3304	2132	0	0	
160	0	2388	32	1600	160	160	3992	80	160	
84	912	112	2400	0	800	4040	160	160	64	
160	304	192	720	720	1472	4004	800	4	356	
1120	0	752	112	0	0	4088	0	192	2468	
0	640	0	0	160	80	36	0	4436	3380	
144	0	800	192	0	0	1584	4572	0	1440	
916	640	0	0	0	0	3556	1440	480	1700	
192	800	272	752	0	644	4120	192	800	960	
1120	2100	80	80	4	640	2512	80	2116	0	
0	960	1392	240	80	0	4072	1316	560	112	
1604	1392	80	0	32	0	4004	752	160	708	
960	640	80	160	800	80	3708	1392	32	880	
32	0	704	0	832	564	3552	160	2888	0	
0	0	640	352	1360	80	3868	880	32	1520	
160	0	640	0	80	0	4484	160	672	2536	
0	352	1908	160	1680	80	3272	640	0	640	
160	160	1472	80	0	0	4248	0	1856	756	
0	0	356	880	720	240	5224	1280	32	0	
160	916	0	240	912	1152	3992	720	0	640	
160	32	2100	400	1632	720	1156	2372	160	0	
0	864	912	720	640	0	4604	320	80	592	
160	2116	672	720	400	0	1360	3272	0	32	
1360	720	116	0	704	80	3960	112	640	1040	

0	0	640	560	0	960	0	4468	2732	0	 ***
32	1424	916	320	432	160	400	5036	640	0	
0	1344	464	0	36	0	240	5996	1280	0	
0	1908	32	160	880	0	0	3896	884	1600	
32	1312	276	160	432	0	400	5036	1712	0	
192	720	896	32	0	0	2664	0	4856	0	

0	0	0	560	400	1152	0	6204	1092	160	 ***
0	820	0	1392	640	0	420	4776	0	1520	
0	192	672	2148	160	0	320	272	5644	160	
0	0	0	160	0	2216	704	0	5012	1476	
0	160	672	80	0	480	0	5824	1280	1072	
160	0	0	672	0	1280	0	2512	4624	320	
640	0	0	160	160	752	3364	4300	160	32	
112	0	800	512	160	0	0	5392	1792	800	
320	240	0	160	1504	32	0	2740	0	4572	
640	3028	0	0	32	480	0	0	832	4556	
0	704	992	80	0	880	0	4588	1444	880	
80	0	160	592	0	960	0	4424	1092	2260	
2324	1636	960	0	720	592	3336	0	0	0	
352	832	0	0	480	960	2884	4060	0	0	
0	0	0	2468	0	1124	0	3444	2212	320	
0	32	0	880	0	960	560	6204	932	0	
160	0	480	672	1632	1316	0	4348	320	640	
0	0	160	192	0	1632	0	1072	5872	640	
160	80	0	560	160	960	0	6332	1156	160	
160	80	1316	560	0	1280	0	5400	772	0	
160	3348	0	0	1232	672	3276	880	0	0	
640	160	0	112	320	1508	640	4636	0	1552	

272	0	400	560	0	1744	240	4036	32	3312	 ***
320	80	0	752	400	1904	0	6276	704	160	
0	644	1152	160	80	0	912	6256	1360	32	
400	1504	240	0	0	0	640	4468	1840	1504	
2968	84	0	1280	432	1840	320	3284	0	388	
0	1104	84	164	320	864	3232	3516	1312	0	
0	0	32	640	880	1824	4128	0	1300	1792	
0	1920	400	1216	912	560	0	4324	0	1264	
36	720	0	640	800	1152	0	5608	1060	580	
240	0	672	832	1284	1040	0	4560	1584	384	
116	0	1632	320	0	1824	400	4224	800	1280	
836	32	80	320	1904	1552	0	4240	1632	0	
0	112	1344	0	400	548	960	4848	1344	1040	
80	708	0	640	516	2112	0	5400	980	160	
960	0	672	400	720	0	960	4036	784	2064	
720	160	116	800	720	512	544	4892	980	1152	
0	0	1380	640	400	1872	0	4460	960	884	
0	0	32	672	480	1504	1384	4696	996	832	
0	0	32	564	400	1264	2312	5048	816	160	

672	0	0	400	480	992	800	4276	1152	1312	 ***
640	4	992	992	0	80	0	2460	752	4164	
1392	1312	0	644	752	164	0	3804	1472	544	
640	160	0	1504	832	640	2824	0	3404	80	
432	0	320	160	0	996	1200	4000	32	2944	
800	724	512	1376	1876	1392	352	3052	0	0	
640	272	640	0	832	480	804	4064	0	2352	
992	192	432	644	0	1040	2448	0	788	3548	
432	64	320	160	0	992	1108	4380	32	2596	
832	800	640	352	800	240	0	4528	1664	228	
720	0	992	960	436	0	820	2660	0	3496	
80	0	352	328	0	1840	2640	4252	0	592	
160	1076	944	352	0	228	0	3412	2352	1560	
1376	0	832	884	0	992	912	3104	32	1952	
640	0	0	2228	112	1456	320	4256	0	1072	
1040	80	32	992	160	0	1280	4064	724	1712	
224	32	244	352	0	800	3028	4284	640	480	
624	32	0	1680	320	800	2000	756	0	3872	
320	4	640	720	196	432	4536	352	2772	112	
1280	992	352	0	992	0	0	36	2432	4000	
640	960	356	1076	320	0	2724	3208	800	0	
64	2400	0	32	80	1940	436	3868	624	640	
84	32	1536	0	1312	592	1432	4616	480	0	
272	0	320	160	0	1952	2128	2304	36	2912	
752	832	720	480	672	1376	640	3968	0	644	
272	0	512	240	0	1744	240	1884	192	5000	
272	0	480	880	0	1072	912	4128	32	2308	
272	0	320	244	0	1104	240	4128	672	3104	

