#96	320	164	80	992	400	84	980	5224	0	 ***
#116	0	80	80	1376	320	112	3392	0	2864	
#2304	0	800	304	36	0	160	800	4	3932	
#240	160	32	272	80	192	240	0	2708	4416	
#1876	464	1088	88	672	240	116	3796	0	0	
#512	68	80	0	320	112	164	1812	0	5272	

96	240	84	112	960	720	240	692	4408	0	 ***
160	400	84	80	800	400	352	592	4684	0	
128	320	84	112	480	400	160	900	4968	0	
96	320	84	80	672	400	80	692	4968	160	
96	320	84	80	832	432	32	788	4888	0	
64	224	80	400	272	240	0	592	5680	0	
96	672	148	160	320	400	80	708	4968	0	

80	112	32	112	32	832	160	544	844	5316	 ***
276	176	352	352	400	160	0	272	4808	1268	
256	84	224	240	400	32	1040	192	4684	912	
644	1552	596	0	1940	624	160	2228	320	0	
480	672	144	160	720	352	4336	464	736	0	
336	64	244	480	240	192	64	1280	4728	436	
80	160	272	464	880	160	64	4976	256	752	
64	992	84	112	192	720	916	576	4408	0	
736	240	116	192	960	720	80	576	4408	36	
704	144	240	80	0	1264	112	836	4572	112	
112	436	240	304	864	576	1780	160	3592	0	
272	512	480	1904	400	32	176	3696	592	0	
480	0	944	400	388	308	0	3032	1792	720	
0	160	144	240	272	352	992	356	3396	2152	
96	240	84	112	160	1440	2536	608	2788	0	
384	672	0	192	720	32	384	480	4336	864	
416	0	144	80	32	640	480	1336	192	4744	
640	352	432	80	32	320	900	736	240	4332	
128	240	84	112	240	592	832	2776	3060	0	
672	752	112	640	112	752	196	64	4572	192	
672	0	160	32	704	112	3656	0	272	2456	
96	400	84	112	800	560	80	1604	4328	0	
304	400	0	624	320	160	1552	816	240	3648	
84	160	80	192	1360	32	784	388	4728	256	
384	160	432	400	0	144	4896	64	320	1264	
176	240	84	432	160	720	752	1216	4284	0	

720	144	512	0	64	592	1888	240	480	4740	 ***
80	112	32	112	672	1152	3556	544	1056	2064	
160	1104	464	0	512	32	912	1184	672	4340	
80	32	832	752	32	704	160	384	4884	1520	
1264	224	0	112	352	1072	192	192	672	5300	
64	768	400	400	0	0	704	2900	912	3232	
64	224	992	1024	512	960	0	5060	352	192	
432	992	352	368	800	432	0	160	5620	224	
672	0	224	1040	800	32	752	5252	576	32	
384	144	752	672	80	880	240	1120	96	5012	
0	400	272	0	320	576	912	3360	112	3428	
64	192	240	912	832	272	304	0	1760	4804	
144	800	224	752	864	1200	160	160	1696	3380	
240	32	192	752	32	592	160	576	2368	4436	
0	144	992	672	112	192	592	1232	512	4932	
272	1280	64	112	320	352	992	4772	224	992	
448	1280	800	544	384	1072	240	112	0	4500	
592	1312	384	3300	32	0	0	2144	32	1584	
1956	432	784	1200	64	0	2784	1936	224	0	
80	672	32	112	32	592	320	544	1280	5716	
800	1312	304	192	544	0	224	1152	432	4420	
336	416	464	0	224	240	960	1200	0	5540	
544	304	112	800	1344	0	112	992	2480	2692	
0	992	32	3316	224	112	0	2416	1184	1104	
720	1152	480	224	272	1024	1152	0	784	3572	
0	704	320	32	976	80	864	224	560	5620	
160	32	32	752	32	592	800	512	960	5508	
320	464	1360	432	512	112	112	5604	464	0	
512	1908	832	0	1504	112	2096	2032	0	384	
80	352	1040	640	672	32	192	800	64	5508	
272	1280	160	432	160	544	880	64	1952	3636	
80	192	32	112	672	832	272	544	896	5748	
640	32	80	752	752	864	1264	4692	304	0	
512	240	1120	192	640	0	240	976	752	4708	
80	112	64	272	672	832	800	576	464	5508	
0	112	320	352	64	112	1632	752	1152	4884	
80	480	32	1424	1216	32	1152	832	0	4132	
512	224	80	0	1040	32	944	672	4964	912	
224	1232	80	992	0	240	1264	144	384	4820	
752	592	720	640	112	224	864	1136	0	4340	
192	80	1568	512	1056	672	400	320	160	4420	
432	64	0	0	752	112	1360	320	1440	4900	
912	560	384	0	608	640	544	144	592	4996	
320	832	0	240	960	608	640	4276	1424	80	
144	0	352	352	992	752	272	560	432	5524	
112	0	112	704	272	432	832	224	992	5700	
160	880	304	160	352	304	512	544	1760	4404	
1744	272	752	0	960	0	96	3828	1216	512	
240	80	432	112	752	1536	736	512	0	4980	
272	352	80	112	592	544	2272	704	320	4132	
304	32	176	912	192	192	2064	0	80	5428	
0	32	32	112	32	592	160	1184	4996	2240	
80	32	32	1936	32	1232	320	384	3732	1600	

64	1152	160	512	640	672	0	1024	144	5280	 ***
1280	1008	64	704	160	672	992	0	512	4256	
160	64	752	2112	0	192	464	0	640	5264	
960	32	560	672	224	1120	80	32	1168	4800	
0	3136	192	0	160	320	0	1216	720	3904	
976	272	160	80	704	832	624	960	672	4368	
720	176	432	0	64	352	1776	0	1200	4928	
160	320	752	0	304	1632	32	1456	0	4992	
224	592	160	1120	80	384	1088	0	1232	4768	
192	0	672	720	352	464	752	1632	144	4720	
720	64	1024	0	224	432	1776	0	400	5008	
720	96	192	0	144	432	1744	480	560	5280	
880	144	432	0	64	512	1808	160	400	5248	
32	0	192	976	1856	800	320	1280	288	3904	
80	752	32	1152	400	960	160	1472	352	4288	
576	320	192	32	1344	1712	320	224	80	4848	
1120	464	0	672	576	0	1264	192	80	5280	
192	32	832	720	32	0	400	544	1312	5584	
880	704	464	0	64	432	1744	0	400	4960	
80	432	704	1024	112	192	704	1040	0	5360	
80	160	352	704	672	160	1792	1056	240	4432	
1152	160	0	64	0	880	1024	432	464	5472	
640	320	800	784	512	0	1152	320	752	4368	
320	672	1296	0	384	1824	592	864	0	3696	

320	160	0	1120	160	256	0	1312	2912	3184	 ***
64	1392	160	992	800	832	0	1552	256	3376	
784	1472	400	512	672	992	160	752	144	3536	
480	864	752	1280	800	0	3200	0	160	1888	
720	0	704	704	1232	1824	3968	240	0	32	
224	1392	880	352	0	672	0	4064	1024	816	
64	1120	160	480	720	832	32	832	1072	4112	
944	0	592	0	0	512	3008	1328	496	2544	
144	1200	160	352	800	912	992	1024	304	3536	
32	32	320	0	800	880	752	560	5008	1040	
720	1600	0	160	752	240	2096	3200	656	0	
384	1152	160	992	640	944	560	944	112	3536	
912	160	272	960	2736	160	192	480	3552	0	
752	64	624	0	880	112	0	1360	1552	4080	
64	1152	160	512	800	1472	0	944	656	3664	
640	1312	752	272	1072	336	0	2608	2432	0	
160	720	1072	192	1440	320	592	0	1840	3088	
32	1200	1200	320	640	432	0	1152	240	4208	
64	1280	320	512	1600	352	240	832	112	4112	
160	0	800	512	816	0	992	1040	1824	3280	

320	160	0	352	112	224	0	832	4272	1168	 ***
400	832	0	0	272	0	160	1392	1008	3376	
32	480	640	192	400	80	0	2336	2640	640	
320	160	0	320	80	192	0	864	2464	3040	
320	992	672	320	0	224	0	944	2592	1376	
320	160	0	320	80	224	240	1504	2272	2320	
464	0	192	160	880	0	2944	0	512	2288	
0	32	160	992	320	272	1568	592	560	2944	
720	0	800	160	1328	0	0	384	480	3568	
320	160	0	320	80	224	2256	1024	2208	848	
320	160	32	320	80	192	0	832	2560	2944	
80	160	640	640	560	320	800	32	752	3456	
512	352	80	160	1040	0	272	400	992	3632	
320	160	0	480	80	224	0	3088	2304	784	
224	864	160	464	672	1792	384	0	0	2880	
992	352	80	0	256	160	2064	0	416	3120	
320	592	0	320	80	256	0	832	4400	640	
2208	1296	112	0	864	0	1120	0	1184	656	
1600	160	0	144	0	560	320	3136	0	1520	
560	320	2208	0	912	0	2080	1120	0	240	
0	0	1504	64	960	0	0	3472	800	640	
480	352	32	272	320	672	80	240	2096	2896	
80	320	32	240	0	1712	432	112	1632	2880	
0	480	80	272	800	320	0	1328	1472	2688	

80	720	192	0	352	0	276	4	5012	944	 ***
400	160	0	752	2164	148	0	864	2340	752	
356	276	0	352	1488	272	0	1152	2336	1348	
488	160	0	384	0	112	2240	1236	1936	1024	
480	160	0	352	0	112	304	996	2420	2756	
224	352	676	0	560	320	0	1552	352	3544	
0	352	80	2464	80	480	2540	0	1232	352	
160	244	116	352	196	432	400	0	2976	2704	
480	240	432	384	0	112	0	864	4116	952	
320	192	160	352	4	112	676	832	4036	896	
160	884	240	0	1648	0	2952	1024	672	0	
1040	1072	160	480	32	624	0	756	720	2696	
96	244	1480	2128	720	960	0	320	1632	0	
720	756	464	880	448	1764	1456	0	1092	0	
100	624	672	800	248	832	1392	0	0	2912	
1344	192	1124	356	0	112	0	1024	2708	720	
272	352	320	544	964	1764	1124	0	0	2240	
880	352	160	112	0	1040	1160	432	240	3204	
36	160	1568	1200	480	0	672	3108	36	320	
320	196	0	1152	320	116	0	688	2096	2692	
0	432	228	112	888	160	1760	640	3168	192	
1584	148	160	160	992	0	3616	0	404	516	
320	272	2224	760	0	112	0	832	2196	864	

240	272	160	1152	400	1364	836	388	640	4224	 ***
240	400	1392	64	160	80	3412	880	80	2968	
164	480	276	0	272	708	3280	1712	432	2352	
80	832	816	240	164	640	244	880	2260	3520	
400	720	192	880	400	0	2608	0	2764	1712	
2352	400	352	0	1312	0	432	4	3112	1712	
160	672	196	400	480	1744	720	3252	640	1412	
320	1440	352	0	352	0	352	2468	3592	800	
160	480	832	0	512	480	592	644	4904	1072	
240	480	240	560	1156	244	992	1504	3748	512	
400	480	192	0	672	0	868	84	5188	1792	
720	560	192	640	432	0	512	564	4904	1152	
400	240	112	968	512	2080	192	2880	400	1892	
1104	1636	0	352	992	2160	1072	0	392	1968	
80	560	272	0	352	1184	676	676	4324	1552	
512	0	2804	800	1152	756	404	0	1360	1888	
80	400	2144	0	1472	0	1472	164	2984	960	

752	240	404	868	400	320	1104	2932	720	0	 ***
320	160	832	160	112	560	512	1348	832	2904	
1408	560	0	1544	564	912	640	1120	0	992	
512	112	160	672	1040	884	676	388	0	3296	
544	1024	32	560	680	0	320	272	3280	1028	
80	196	240	1184	276	592	1136	0	1648	2388	
432	4	2144	628	0	1392	832	1232	0	1076	
272	112	160	672	400	1364	644	388	0	3728	
388	752	0	192	240	324	1364	3088	1392	0	
112	192	880	320	880	724	644	3088	900	0	
880	1744	660	240	564	356	0	592	0	2704	
432	36	84	960	352	2368	324	1200	0	1984	
320	0	304	1552	0	200	1040	640	752	2932	
432	0	484	0	832	592	420	880	800	3300	
192	960	520	1312	0	0	1344	3008	4	400	
160	0	1024	724	0	1568	2048	1540	512	164	
352	112	160	672	400	1524	676	548	0	3296	

1360	432	1380	832	324	160	0	2864	32	820	 ***
832	672	736	720	564	1140	720	2304	516	0	
1456	240	404	836	240	352	1136	2900	640	0	
592	592	2136	320	0	272	2788	672	832	0	
784	880	404	868	192	320	1104	2772	880	0	
468	0	384	1040	672	256	880	3240	384	880	
160	0	0	752	240	568	1584	3712	592	596	
944	240	404	836	560	320	2656	1620	624	0	
400	0	2036	784	240	432	0	1608	672	2032	
752	592	404	1108	560	320	1056	2724	624	64	
640	192	564	596	752	352	80	2784	1124	1120	
704	564	160	640	1392	832	596	2468	384	464	
848	272	404	836	592	320	1456	2340	1136	0	
0	36	512	644	0	2240	1748	912	0	2112	
0	116	304	240	2944	1204	832	1968	596	0	
276	640	640	400	112	352	1984	3608	0	192	
1392	240	404	836	240	192	2656	1172	560	512	
320	868	1072	512	0	432	724	2852	944	480	
912	160	404	868	240	352	2816	1332	640	480	
400	272	996	0	272	160	3488	0	1140	1476	
480	0	884	0	112	2144	800	2644	224	916	
404	32	752	832	400	672	992	3732	160	228	
272	400	324	480	80	800	848	3300	1028	672	
320	4	1520	432	1136	80	544	2536	1440	192	
992	0	548	320	116	32	1536	3540	800	320	
724	640	564	112	272	640	0	2596	2496	160	
720	996	1476	352	880	196	1936	160	1488	0	
400	0	560	240	384	324	320	3528	496	1952	
640	544	0	0	560	832	788	3280	1172	388	
752	240	516	1524	560	320	2752	980	560	0	
1152	272	404	836	560	352	1104	2772	720	32	
244	672	400	276	960	384	2788	1536	624	320	
944	32	240	512	544	160	1312	3144	276	1040	
192	196	880	1312	0	400	3220	1504	36	464	
436	0	2080	0	512	800	2032	788	724	832	
752	544	724	836	384	640	2624	1140	560	0	
0	0	384	1972	944	272	724	2084	944	880	
592	1700	480	724	320	144	3540	672	32	0	
944	272	436	836	160	320	2720	1316	1200	0	
832	464	788	704	352	0	1380	2144	1540	0	
592	304	32	404	160	1120	240	2624	280	2448	
484	0	432	644	0	1024	512	3668	1280	160	
432	160	880	196	0	240	564	3732	992	1008	

1040	160	1348	800	240	192	0	3140	80	948	 ***
960	320	1188	800	400	240	0	2900	432	708	
960	400	1220	960	404	160	0	3024	112	708	
512	880	560	1040	720	544	2684	0	1008	0	
960	640	1188	800	352	240	160	2900	0	708	
2800	240	1316	912	240	240	0	1492	0	708	
992	160	1348	960	244	160	80	3184	32	788	
960	192	1348	880	560	160	0	3060	160	628	
624	704	80	0	320	320	1632	3788	0	480	
960	240	1508	800	240	160	0	3060	272	708	
480	1504	436	164	484	1040	704	2816	0	320	
992	320	1268	800	400	1808	0	1652	0	708	
160	480	0	80	2404	640	388	0	1152	2644	
800	400	1188	992	240	160	0	1764	0	2404	
1200	400	1188	912	240	240	0	2900	0	868	
800	160	1188	832	400	160	0	3024	752	632	
1120	480	1348	880	272	160	0	2868	112	708	

324	324	0	1440	432	228	2464	1568	224	800	 ***
752	1520	1024	1220	468	0	0	788	32	2000	
720	160	1348	1040	240	192	0	1652	176	2276	
720	320	1312	880	272	224	0	2940	112	1024	
720	320	1232	832	272	192	0	2968	480	788	
436	240	1040	384	432	544	116	3812	480	320	
1200	1824	400	400	0	944	1540	164	0	1332	
240	2772	784	964	336	116	544	1568	480	0	
864	160	320	160	112	1888	2724	592	0	984	
720	192	1472	960	304	192	0	2940	240	784	
272	240	416	0	672	512	160	2384	2636	512	
560	160	592	416	384	560	752	3892	80	408	
160	2624	0	560	0	912	944	1272	436	896	
596	512	0	2144	0	672	2484	836	240	320	
512	80	1264	148	592	112	1200	2776	0	1120	
84	480	324	192	512	912	1104	3328	868	0	
480	144	168	512	320	448	1184	2912	1636	0	
800	160	1344	800	400	352	0	3020	112	816	
160	512	432	1424	272	592	0	168	3844	400	

224	0	160	80	676	960	4684	2080	672	0	 ***
916	1156	404	0	2580	1072	2464	0	80	864	
164	964	0	1284	304	596	1984	2448	192	1600	
164	1044	672	1984	592	200	1936	2192	32	720	
80	1984	32	720	0	804	4172	0	1344	400	
192	808	2640	160	224	400	3812	708	592	0	
1520	160	160	160	720	64	5036	80	1636	0	
1632	640	800	432	0	0	112	272	4684	964	
480	488	1280	1360	112	196	4132	304	32	1152	
160	484	0	1280	544	388	4052	272	672	1684	

720	0	192	240	640	720	112	5048	960	1288	 ***
0	112	1280	240	432	720	3300	3284	84	468	
224	80	240	80	836	964	2792	1840	1264	1600	
0	816	1024	1236	832	800	1392	3500	320	0	
224	0	160	80	708	240	3508	2240	644	2116	
320	276	0	1312	1040	0	3432	832	1796	912	
304	4	160	468	676	1040	3636	2160	1472	0	
0	80	0	80	1220	640	4568	2052	640	640	
464	0	160	464	676	1440	3240	2080	1396	0	
0	240	160	880	1572	832	1280	112	0	4844	
1760	0	0	80	4	80	3688	880	672	2756	
80	160	0	832	720	1792	672	2496	0	3168	
224	352	160	80	676	1204	2804	3620	800	0	
544	640	324	320	676	960	2792	2080	704	880	
384	0	160	436	1400	960	3156	2000	1424	0	

640	0	1508	1344	1844	560	0	3992	0	192	 ***
240	0	272	992	640	720	752	4536	992	936	
80	0	352	320	640	720	752	4536	992	1688	
80	0	912	272	640	720	2100	4632	640	84	
960	308	112	720	4	512	512	3300	0	3652	
880	1552	0	1152	1268	1200	0	3436	160	432	
192	244	2580	704	352	960	2064	1752	1232	0	
800	112	112	112	724	0	2660	4408	720	432	
112	32	272	240	640	720	752	4616	1120	1576	
160	0	432	240	672	720	752	4552	1040	1512	
116	244	320	1264	1712	1312	1280	464	3368	0	
80	0	192	960	640	752	864	4056	1120	1416	
640	80	752	1720	912	32	720	160	4952	112	
1552	480	0	2040	0	992	1108	672	512	2724	
640	404	880	272	0	1296	400	0	5468	720	
240	0	832	240	640	720	2464	3160	960	824	
752	752	32	0	1680	784	672	3544	468	1396	
80	160	1988	192	720	720	784	4712	640	84	
1248	1076	0	640	784	1872	996	2740	0	724	
80	112	272	240	720	720	832	4648	992	1464	
80	80	384	240	640	800	752	4728	960	1416	
352	84	1508	112	112	1680	320	640	160	5112	

80	0	0	432	800	160	672	4952	1232	1668	 ***
32	80	432	320	2104	32	240	6560	36	160	
112	752	112	1840	0	960	160	4712	948	400	
1280	640	420	112	880	800	0	2976	0	2888	
640	0	900	1232	880	400	80	2848	160	2856	
640	160	228	112	1360	400	724	5236	0	1136	
192	0	336	3704	0	0	80	2064	3616	4	
112	484	0	160	1712	112	2336	5080	0	0	
640	960	1304	192	1152	400	1588	3008	0	752	
80	32	400	1392	32	640	0	2660	4440	320	
640	260	1072	2708	240	1280	0	3796	0	0	
720	160	228	272	1520	400	2196	3488	0	1012	
160	80	4	880	784	1760	160	4904	1024	240	
0	0	864	32	720	1280	4860	1520	720	0	
160	832	884	944	112	0	1120	4952	0	992	
884	160	640	240	0	800	4952	800	1520	0	
1280	0	0	160	0	160	3136	3980	1280	0	
3264	32	640	960	160	240	160	4540	0	0	
752	320	388	272	880	400	388	2976	0	3620	
640	160	228	672	960	1712	0	3572	0	2052	
640	0	532	272	2240	560	0	3776	0	1976	
640	560	0	800	560	1748	0	4824	864	0	
992	880	0	672	832	0	80	4904	672	964	
912	0	864	272	0	1040	160	5160	1428	160	
640	160	800	0	32	912	560	5880	820	192	
720	0	552	272	1520	560	228	5120	0	1024	
160	80	272	1668	32	832	80	3768	3104	0	
320	1712	0	160	800	0	240	5388	512	864	
80	512	80	0	80	2000	1440	5064	0	740	
2512	0	308	112	912	400	800	3396	0	1556	
0	1552	832	32	544	160	676	5368	832	0	
0	672	352	1792	720	352	84	3992	1360	672	
1280	0	228	592	880	560	2232	3040	0	1184	
1024	80	1280	0	160	432	320	4460	2080	160	
0	0	160	144	704	912	1584	1284	240	4968	
640	80	228	112	880	560	32	5204	480	1780	

80	0	0	432	800	272	2232	3956	912	1472	 ***
112	1420	0	80	1184	512	880	800	0	5168	
80	432	272	0	224	160	0	5084	2592	1312	
160	0	160	432	800	160	1392	4508	1232	1312	
352	880	640	640	912	0	624	4716	1392	0	
640	352	0	752	320	272	1232	4124	2464	0	
1632	800	2384	0	112	480	0	4588	160	0	
80	0	916	1312	880	0	640	4612	912	804	
1752	436	1472	352	0	192	0	5872	80	0	
1760	0	0	1460	240	640	80	1040	720	4216	
0	400	0	800	1908	0	1280	912	272	4584	
32	1120	672	32	640	2272	160	4716	0	512	
80	0	1000	352	800	0	640	4692	912	1680	
0	992	0	0	880	160	4524	384	2896	320	
0	1476	400	1680	192	0	1280	352	4184	592	
0	0	1884	320	864	0	4384	752	432	1520	
480	1524	272	0	32	1040	640	4616	720	832	
1104	160	880	0	0	1988	672	0	5080	272	
240	0	0	432	800	560	672	4584	912	1956	
1904	240	160	0	640	640	0	1328	4364	880	
160	0	0	672	800	160	1632	4508	912	1312	
32	640	1744	80	1272	0	4868	320	1040	160	
80	0	1440	832	272	0	352	432	5560	1188	
80	0	0	1472	800	432	672	3600	912	2188	
80	0	0	432	996	240	1472	3712	912	2312	
960	832	240	1404	480	1744	1984	2512	0	0	
800	160	0	496	80	752	1152	960	720	5036	
80	0	0	512	800	356	1632	3456	880	2440	
480	0	0	432	916	320	1396	3392	912	2308	

720	964	160	352	640	240	420	3568	440	1216	 ***
0	720	80	800	112	400	2664	2612	84	1248	
720	0	0	304	640	240	356	5004	224	1232	
916	800	592	0	320	0	1232	4780	0	80	
832	0	0	1524	32	64	1800	3636	160	672	
1360	160	0	996	672	272	472	3296	112	1380	
112	80	116	352	640	240	2072	3328	192	1588	
240	720	0	240	400	848	1320	4680	0	272	
400	0	1120	240	720	84	1488	3884	112	672	
160	0	160	356	720	404	2104	3200	144	1472	
80	0	80	304	640	240	420	3328	1160	2468	
720	80	240	272	720	240	116	4868	112	1352	
0	248	0	160	84	112	2592	3940	192	1392	
1360	400	0	192	672	276	1320	3780	80	640	
720	272	112	224	32	80	3320	3956	4	0	
160	0	1312	272	640	320	180	3296	304	2236	
320	0	0	384	764	240	2228	3296	192	1296	
240	0	0	992	800	240	116	4396	112	1824	

400	0	1360	0	0	0	704	4200	1152	0	 ***
720	0	160	432	640	80	260	5092	272	160	
720	0	160	272	640	80	420	1040	272	4212	
720	0	160	272	720	80	228	4724	192	720	
720	832	484	80	144	0	912	3732	320	592	
320	0	0	112	240	640	992	4952	560	0	
640	192	84	512	320	1040	0	4356	672	0	
400	80	432	80	112	720	1140	3780	0	1072	
352	0	0	960	240	640	0	5348	276	0	
80	640	0	0	80	32	0	1616	5368	0	
640	1184	0	80	0	0	272	5480	0	160	
0	640	0	672	0	32	160	5348	884	80	
1680	2740	0	0	0	160	272	0	2964	0	
720	0	160	432	640	80	260	5092	272	160	
640	320	160	480	704	0	816	4136	320	240	
800	4	240	720	0	400	32	3796	272	1552	
0	432	32	800	0	0	0	400	6152	0	
560	0	160	196	0	160	752	4404	800	784	
160	0	80	0	0	160	2852	3524	720	320	
720	0	160	272	800	80	292	4020	240	1232	
0	0	192	880	800	0	3508	2436	0	0	
720	0	160	512	640	80	228	5092	272	112	
160	640	112	0	32	160	0	0	1312	5400	
80	160	0	80	0	0	752	5992	80	672	
720	0	240	272	640	80	228	4724	192	720	
640	160	1072	0	32	160	0	5400	0	352	
720	0	160	32	640	80	308	5076	320	480	
0	0	880	0	1152	80	0	5352	352	0	

672	1392	320	240	0	0	400	5112	644	0	 ***
192	1928	0	676	0	32	0	5072	160	720	
112	836	160	0	240	80	1600	5032	720	0	
80	320	160	0	0	800	160	5544	1716	0	
4	240	160	3064	0	240	0	3440	1632	0	
432	0	640	80	1232	800	2308	3288	0	0	
560	32	720	160	0	0	384	5080	564	1280	
80	240	0	240	112	112	0	4012	2464	1520	
880	160	80	1184	0	80	164	5432	720	80	
672	320	80	112	640	0	0	2616	160	4180	
80	960	0	800	32	80	3732	2936	0	160	
400	0	640	32	0	0	1504	5004	400	800	
80	720	0	160	0	0	0	2032	5516	272	
752	644	880	240	0	160	0	5160	944	0	
676	0	720	640	0	0	544	4056	480	1664	
592	0	2000	640	736	4	864	3064	880	0	
0	0	800	1360	352	0	1348	3016	1904	0	
352	720	1124	0	80	80	192	5480	0	752	
800	160	400	0	800	0	916	4984	720	0	
720	0	32	240	0	720	276	3640	3072	80	
992	0	160	80	164	1440	592	5272	80	0	
32	160	160	160	0	1680	164	3288	0	3136	
240	0	240	880	640	0	880	5064	672	164	
160	0	320	836	0	160	1120	5560	384	240	
160	192	192	880	80	240	0	3288	2948	800	
160	0	720	160	2792	0	3252	1536	160	0	
80	192	1280	0	0	240	3416	3412	160	0	
160	4	0	0	800	160	1632	5192	480	352	
0	960	0	0	160	160	1060	5400	0	1040	
0	644	160	240	160	0	112	5304	1440	720	
0	804	80	640	480	0	0	3416	800	2560	
800	0	0	0	1120	0	320	5048	1332	160	

0	752	160	80	160	404	240	5428	784	724	 ***
160	240	80	80	0	356	752	4900	2164	0	
0	0	320	836	752	192	0	0	2772	3860	
0	468	0	80	320	160	0	4424	1600	1680	
1940	880	640	0	992	0	276	2324	0	1680	
1104	2112	400	304	720	0	0	3928	164	0	
640	880	880	2580	0	0	484	0	3236	32	
800	80	80	0	404	1636	0	4260	0	1472	
720	2704	400	320	160	0	352	3804	80	192	
160	832	1120	80	0	0	3796	640	0	2104	
2436	240	160	80	752	752	160	3512	640	0	
0	912	272	352	84	2276	244	3792	800	0	
1856	32	80	1360	2532	0	0	0	240	2632	
160	1440	400	80	4	640	1924	80	4004	0	
640	80	32	192	240	320	240	4796	640	1552	
640	0	640	704	400	116	240	3044	0	2948	
2436	752	320	240	0	80	32	4232	0	640	
272	2356	80	0	32	880	2416	0	2696	0	
1280	1392	160	320	272	0	0	4588	0	720	
0	720	0	0	672	0	2388	352	4600	0	
2628	640	0	0	160	0	0	5032	240	32	

32	0	0	1104	400	112	0	4204	2864	644	 ***
0	0	672	672	0	2260	160	4156	640	800	
80	192	800	2680	0	0	0	0	1712	3896	
560	0	0	0	32	320	4632	0	916	2900	
304	0	640	800	640	0	480	3176	0	3320	
0	0	0	2692	0	320	6284	0	64	0	
0	752	160	80	160	1552	640	5212	84	720	
800	640	112	480	80	1716	640	4252	0	640	
0	80	192	1152	804	1668	1360	4104	0	0	
112	0	320	1280	640	160	2680	4168	0	0	
752	800	0	720	276	192	640	4596	1384	0	
800	0	0	0	0	320	1476	4844	768	1152	
0	1392	192	240	32	0	160	5916	628	800	
960	240	160	0	1472	1764	80	4012	0	672	
80	948	720	1956	0	160	672	2436	2388	0	
2196	0	2004	0	0	0	160	3800	960	240	
880	968	0	672	0	144	1792	4232	672	0	
1312	192	720	192	0	800	0	4312	1312	520	
0	1792	80	992	0	784	3340	0	0	2372	
36	704	0	1956	112	720	1440	3912	0	480	
0	0	560	0	1312	1268	0	1472	160	4588	
0	80	2836	68	160	0	1312	400	0	4504	
752	800	880	0	912	1668	0	0	196	4152	
0	1232	320	116	160	32	160	6076	224	1040	
1200	640	1988	0	0	80	0	4684	0	768	
0	84	160	160	1520	1316	320	4008	272	1520	
0	640	432	32	320	0	0	800	2564	4572	
0	1312	112	0	0	1632	640	4684	0	980	
320	2708	0	0	0	192	0	116	752	5272	
0	640	0	240	80	192	0	2540	912	4756	
704	160	0	164	160	160	0	6028	592	1392	
0	752	160	80	1364	80	36	5176	32	1680	

640	0	720	0	804	0	32	3836	1984	1552	 ***
480	676	0	800	672	0	192	4380	2048	320	
2272	1760	0	2472	0	240	80	0	2744	0	
0	0	960	80	0	3172	0	800	4364	192	
0	960	320	640	0	32	5436	500	800	880	
112	0	404	464	400	112	0	3768	2144	2164	
0	320	0	0	160	32	1760	5456	0	1840	
224	352	800	0	320	0	2912	4496	464	0	
276	0	0	656	560	144	0	4420	2432	1080	
720	320	640	352	192	1360	420	0	0	5564	
80	0	32	352	400	992	800	832	6080	0	
0	0	320	356	400	272	804	4420	2352	644	
0	992	0	160	2296	912	4248	0	960	0	
832	32	960	160	160	0	400	3964	272	2788	
640	0	400	0	0	1764	2896	3612	32	224	
160	0	560	0	160	1360	2532	4764	32	0	
1552	1120	144	0	0	160	196	2984	3252	160	
240	480	1344	160	80	160	992	6080	32	0	
0	160	320	80	640	1444	640	4380	800	1104	
32	0	0	784	720	112	628	4216	2432	644	
32	32	272	320	160	1120	912	5920	640	160	
0	0	80	240	512	320	3024	4284	308	800	
272	0	0	2980	720	0	832	0	160	4604	
32	160	0	544	400	432	0	4008	2272	1720	
0	192	0	480	800	80	880	4376	1924	836	
160	320	720	80	192	640	1312	4440	1704	0	
32	0	0	720	160	1280	2684	4132	160	400	
0	0	832	1892	240	80	160	4924	640	800	
1792	0	2348	0	1152	0	4276	0	0	0	
80	1440	2484	0	0	0	5052	192	320	0	
832	640	480	32	0	0	992	2504	3736	352	
0	32	640	160	0	964	420	3896	3456	0	

32	320	1444	0	640	0	112	5696	800	1552	 ***
160	800	32	720	400	0	672	0	1760	6052	
720	196	720	0	640	0	0	4224	2144	1952	
160	512	800	64	160	1920	0	2636	3704	640	
2432	0	400	672	2092	272	0	912	0	3816	
0	0	720	80	640	0	244	5776	1024	2112	
32	352	320	160	880	2548	1312	4640	0	352	
2692	832	1796	0	1028	240	960	0	3048	0	
864	192	720	320	644	80	0	3788	2192	1796	
1552	2952	640	480	64	0	0	3912	32	964	
912	320	720	0	644	80	324	3788	1552	2256	
672	160	1364	0	708	240	0	3868	1872	1712	
1920	320	160	80	240	352	0	4304	1156	2064	
640	8	804	0	676	704	480	3908	1584	1792	
592	240	1028	2000	1440	432	0	752	4112	0	
640	0	416	628	1684	2304	0	3960	160	804	
160	160	1316	1440	192	0	0	1696	4400	1232	
1072	1988	720	0	32	0	1952	4108	724	0	
480	1124	944	912	0	320	2224	3952	0	640	
888	672	0	224	480	384	0	4092	2224	1632	
800	80	240	704	80	0	3588	4064	0	1040	
1600	800	0	1872	0	144	4388	1200	592	0	
1632	0	672	320	512	960	0	4080	1748	672	
1700	644	224	0	1712	800	0	4520	0	996	
64	640	720	1360	0	272	832	0	2336	4372	

64	0	720	0	640	320	832	3148	4	4356	 ***
2400	0	192	196	800	1844	0	4108	32	512	
0	1200	1032	756	468	0	0	1920	2000	2708	
352	32	1360	0	1280	0	2532	3420	0	1108	
672	384	2484	192	2080	164	2116	0	1992	0	
672	320	1364	0	320	0	32	5664	0	1712	
32	0	1392	0	800	0	2532	3776	0	1552	
352	0	1364	640	320	0	32	5820	0	1556	
2688	80	0	64	192	0	1552	3268	0	2240	
1232	0	1472	0	36	0	2864	436	0	4044	
32	0	1360	0	676	0	32	3548	0	4436	
836	1280	512	2256	1312	432	1952	0	1504	0	
0	0	1184	84	1152	0	720	4400	1904	640	
0	0	1696	0	0	1796	160	4268	1280	884	
32	0	1364	0	640	4	32	5020	720	2272	
480	992	704	800	0	672	644	4096	1696	0	
32	0	1364	0	640	164	2196	3896	0	1792	
32	0	720	0	640	32	32	3392	480	4756	
1280	0	352	1792	564	164	1904	3868	0	160	
112	976	864	0	0	32	4296	1604	160	2040	
32	0	912	0	640	0	32	3612	2664	2192	
160	672	640	1040	0	0	904	3948	1280	1440	
1120	64	752	2180	480	512	0	3300	1676	0	
1280	656	0	36	0	0	480	800	1300	5532	
672	0	1364	0	640	0	1184	3912	352	1960	

