#10201.9	22873	29325	0	0	 80 ***
#8821.38	31137	29325	0	0	 61 
#9407.75	24007	29325	0	0	 47 
#9141.05	24620	29325	0	0	 45 
#10217	22834	29325	0	0	 43 
#9029.62	26434	29325	0	0	 32 

10092.1	16848	25246	45	2267	 99 ***
9290.16	19648	25246	24	572	 99 
9274.22	19786	25246	21	587	 90 
9268.58	21433	25246	21	251	 86 
8228.91	21389	25246	80	2911	 84 
9008.32	19148	25246	59	1935	 82 
9015.39	18115	25246	45	2395	 82 
9274.08	18646	25246	26	870	 81 
10082.7	21114	25246	8	346	 80 
10091.6	15895	25246	77	2702	 76 
9293.26	17827	25246	70	2519	 70 
8480.67	20299	25246	23	570	 69 
10085.3	17558	25246	65	2334	 67 
10084.4	17821	25246	41	2172	 66 
9003.89	19227	25246	59	2661	 62 
8494.96	19063	25246	82	2769	 60 
8463.85	21052	25246	29	513	 60 
9278.77	18346	25246	38	803	 56 
8464.93	22580	25246	24	472	 52 
7948.04	24168	25246	57	2722	 45 
9274.08	20390	25246	18	508	 42 
10080.7	17836	25246	45	2061	 34 
9282.79	16915	25246	74	2637	 25 
10086.9	18585	25246	26	642	 14 
9268.68	20596	25246	17	264	 4 
8482.25	19797	25246	24	621	 0 

10141.3	16780	26494	83	2705	 98 ***
9077.24	17616	26494	69	2253	 94 
10154.2	17395	26494	30	727	 79 
8724.26	18586	26494	80	2912	 78 
10143	18193	26494	20	845	 72 
10153.1	16509	26494	79	2687	 61 
10169	16272	26494	80	2850	 58 
10144.5	20110	26494	19	580	 55 
8250.13	21202	26494	59	2609	 53 
9072.04	19747	26494	45	2244	 52 
10144.5	16765	26494	79	2910	 49 
10130.5	17219	26494	45	1974	 47 
9321.61	17947	26494	45	2032	 42 
9072.37	22979	26494	22	374	 41 
10144.8	18822	26494	18	593	 36 
10127.2	17662	26494	51	2505	 35 
10136.6	17455	26494	41	1832	 29 
10153	16758	26494	31	735	 29 
10146.8	17885	26494	18	593	 27 
10131.2	17186	26494	63	2676	 24 
9538.2	17667	26494	68	2718	 22 
10134.9	19093	26494	39	1910	 18 
10129.9	17258	26494	48	2383	 17 
10152.2	15917	26494	83	2843	 17 
8465.84	19687	26494	77	2507	 14 
10129.8	17840	26494	50	2521	 14 
10142.1	19009	26494	20	601	 13 
10146	16723	26494	80	2709	 12 
10156.2	16327	26494	82	2964	 11 
9333.43	17257	26494	81	2920	 9 
8738.14	18534	26494	50	2374	 7 
10136.6	18484	26494	22	713	 7 
10145.5	17425	26494	19	857	 5 
9552.16	17431	26494	75	2417	 4 
8720.74	20542	26494	50	2277	 4 
10141.1	17003	26494	74	2427	 4 

7784.13	16549	29672	75	2853	 98 ***
10265.9	17257	29672	14	571	 96 
9206.2	16623	29672	40	2070	 89 
10268.1	14478	29672	50	1729	 85 
9183.79	15828	29672	49	1828	 82 
10267.5	14923	29672	52	2026	 76 
9476.15	14294	29672	53	2387	 70 
9456	14686	29672	53	2181	 70 
10270.7	17201	29672	12	434	 58 
10293	13796	29672	60	2338	 56 
10265.6	17320	29672	10	418	 56 
8658.96	18131	29672	69	2381	 47 
8858.22	15665	29672	64	2626	 46 
8603.2	17393	29672	71	2654	 46 
9076.68	15704	29672	57	2416	 45 
9469.61	14140	29672	77	2719	 43 
9065.42	14415	29672	72	2617	 41 
10273.1	16681	29672	15	483	 36 
10281.3	15483	29672	44	2222	 32 
10273.6	16885	29672	12	325	 31 
10277.4	16195	29672	22	567	 29 
10285.3	16466	29672	13	569	 28 
9473.75	14953	29672	46	2027	 26 
8658.9	18256	29672	52	2084	 24 
8400.34	16975	29672	74	2529	 23 
10270.7	16342	29672	17	757	 23 
10288.4	14307	29672	52	2214	 21 
9077.24	15262	29672	55	2366	 19 
10262.1	15508	29672	30	1001	 16 
9675.78	16009	29672	44	1466	 14 
8842.22	17168	29672	66	2750	 13 
10264.8	18276	29672	15	472	 10 
10284.3	14198	29672	55	2435	 6 
10275.4	14129	29672	77	2815	 4 
10276.6	13155	29672	71	2590	 3 
8577.92	16223	29672	75	2754	 3 
8853.06	15963	29672	55	1956	 1 
10286	13844	29672	62	2422	 1 

9532.56	10174	29293	46	2035	 96 ***
7627.35	14342	29293	29	710	 94 
8924.37	10651	29293	42	2091	 87 
10135.2	10225	29293	45	2083	 87 
8343	11540	29293	69	2600	 78 
8704.48	11027	29293	41	1702	 78 
9535.28	13371	29293	11	483	 75 
7629.81	12949	29293	27	704	 71 
8444.24	11610	29293	12	428	 55 
8931.16	10733	29293	41	2099	 50 
7632.73	12210	29293	19	492	 43 
7877.79	11793	29293	69	2675	 41 
8125.54	11041	29293	71	2584	 38 
7629.02	13149	29293	26	728	 38 
9041.09	10275	29293	37	1455	 37 
7633.73	12170	29293	14	477	 27 
8719.56	10868	29293	29	997	 26 
8238.17	11698	29293	12	428	 21 
7459.18	13077	29293	72	2728	 11 
8435.67	10857	29293	72	2721	 7 
9342.81	9514	29293	68	2264	 6 
8712.73	11348	29293	35	1703	 0 

9224.61	12992	27923	30	1610	 99 ***
9424.11	14740	27923	29	989	 99 
8622.73	12545	27923	39	1769	 95 
7212.28	10454	27923	41	1925	 92 
8955.14	12872	27923	34	1267	 91 
9424.57	11523	27923	35	1412	 90 
10021.4	11044	27923	38	1570	 86 
9424.82	12566	27923	29	919	 84 
10037	11280	27923	37	1272	 81 
8828.82	12588	27923	37	1777	 80 
10035.5	12782	27923	21	749	 77 
10016.7	9246	27923	39	1822	 73 
9427.6	13557	27923	21	703	 69 
8947.52	13849	27923	33	1525	 67 
9428.65	12979	27923	28	917	 67 
8950.15	10086	27923	65	2302	 66 
9206.09	11920	27923	37	1769	 63 
8426.91	13558	27923	36	1138	 63 
9226.73	12261	27923	36	1639	 55 
10027.6	13613	27923	17	1014	 55 
10022.3	11977	27923	34	1716	 53 
8950.08	13218	27923	35	1742	 49 
9443.98	13837	27923	14	609	 49 
9427.49	14748	27923	16	598	 44 
10028.5	13441	27923	9	439	 41 
8234.2	13518	27923	39	1616	 29 
9417.35	12867	27923	30	941	 22 
9215.11	12801	27923	32	1297	 21 
8949.88	12527	27923	39	1924	 20 
9422.14	12582	27923	31	1276	 16 
9208	12379	27923	34	1731	 16 
8822.93	12849	27923	38	1803	 16 
6922.83	12609	27923	54	2097	 4 
10041.7	12238	27923	33	1491	 2 

7369.04	10136	23299	44	1551	 95 ***
9045.82	9623	23299	39	1476	 93 
8776.32	9615	23299	44	1643	 84 
7367.66	9310	23299	64	2346	 82 
7569.73	9238	23299	53	2248	 80 
9861.31	9835	23299	38	1151	 73 
8659.7	10666	23299	38	1510	 72 
9044.81	10714	23299	29	1012	 68 
9846.78	8825	23299	64	2396	 62 
7096.75	10873	23299	68	2476	 61 
6775.03	11337	23299	37	1210	 60 
8673.89	12047	23299	36	1576	 51 
9854.2	9112	23299	40	1730	 49 
8441.03	10051	23299	44	1765	 48 
9051.14	11267	23299	5	419	 45 
9854.05	10673	23299	30	1027	 38 
9060.31	8764	23299	66	2400	 36 
9050.64	10807	23299	6	412	 35 
8243.99	10298	23299	42	1520	 24 
9042.91	11231	23299	27	992	 19 
9855.35	10478	23299	6	350	 10 
7858.15	11199	23299	39	1697	 9 
9043.15	11443	23299	26	985	 2 
9049.99	11546	23299	24	840	 1 

7938.1	11289	22329	59	2219	 98 ***
9836.17	9842	22329	37	1805	 70 
9831.33	10039	22329	30	1358	 68 
9834.89	11072	22329	29	1561	 63 
7940.66	10265	22329	46	1815	 57 
6964.06	13194	22329	50	2128	 47 
9854.8	11687	22329	23	1157	 27 
8641.18	11040	22329	41	1709	 24 
7944.64	11760	22329	5	323	 23 
8759.91	11262	22329	31	1373	 5 
7360.57	11435	22329	29	1007	 4 
9842.55	11731	22329	17	941	 0 

9308.87	12831	26894	26	865	 94 ***
8231.08	15541	26894	25	608	 90 
9032.98	14067	26894	6	279	 80 
9027.08	13447	26894	42	1624	 76 
9303.74	13768	26894	38	1323	 75 
8238.27	14248	26894	29	585	 52 
9034.48	14038	26894	30	1571	 51 
9029.21	16215	26894	15	290	 35 
8119.42	16116	26894	62	1772	 21 
9032.13	14856	26894	28	1225	 15 
8232.23	15102	26894	28	578	 0 

9908.26	12048	24404	19	854	 97 ***
8854.87	12247	24404	49	2131	 91 
8310.18	12444	24404	23	938	 88 
9100.27	11873	24404	21	898	 85 
8842.1	11934	24404	67	2413	 84 
9098.1	12381	24404	21	641	 75 
8847.2	11794	24404	65	2533	 69 
8031.87	12272	24404	59	2255	 69 
9928.36	12131	24404	18	852	 69 
9915.18	10984	24404	65	2307	 60 
8833.01	12305	24404	58	1897	 57 
9919.49	11306	24404	52	1787	 51 
9915.3	11765	24404	47	1963	 50 
9102.93	12757	24404	11	299	 48 
7667.24	12324	24404	69	2643	 39 
8848.67	11692	24404	51	2368	 36 
8043.59	12637	24404	58	2562	 35 
9908.78	11848	24404	19	847	 33 
9901.63	11619	24404	51	2076	 29 
9104.83	11323	24404	56	2578	 28 
9922.21	11603	24404	46	1600	 27 
8021.55	12706	24404	51	2019	 22 
9915.71	11678	24404	50	2093	 18 
8838.04	12002	24404	53	2120	 15 
9106.03	12328	24404	8	99	 15 
9105.45	12348	24404	8	118	 13 
9905.01	11431	24404	52	2394	 9 
9105.99	12059	24404	19	959	 8 
9100.09	12188	24404	20	1097	 7 
8832.43	12118	24404	61	2098	 4 
8294.98	12227	24404	64	2166	 1 

8787.63	13708	24831	45	1794	 98 ***
8682.52	13961	24831	62	1953	 90 
9055.69	11959	24831	7	620	 89 
9051.72	12299	24831	13	558	 85 
8458.79	13164	24831	63	1970	 84 
8815.8	12484	24831	59	2021	 84 
7624.22	14800	24831	63	1922	 82 
8790.03	12267	24831	60	2150	 68 
8698.27	13540	24831	60	1707	 50 
8790.35	12564	24831	36	1696	 50 
7988.19	14560	24831	59	2140	 50 
8785.4	13967	24831	43	1773	 47 
8706.05	13109	24831	62	1728	 46 
9053.52	13334	24831	12	812	 44 
8680.5	14294	24831	59	1926	 26 
8681.12	12675	24831	64	1738	 25 
9051.41	13353	24831	15	749	 13 
8682.72	13389	24831	61	1860	 10 
8685.23	13992	24831	59	2060	 6 
8012.37	14368	24831	63	2203	 2 

9845.6	12404	23425	27	802	 97 ***
7569.51	13628	23425	62	2205	 82 
8755.66	13564	23425	11	166	 81 
8756.87	13121	23425	7	122	 71 
9045.08	12635	23425	65	2276	 68 
7950.99	13621	23425	48	1626	 65 
8435.21	13131	23425	59	2084	 64 
8774.99	12983	23425	46	1516	 63 
8432.61	12740	23425	62	2052	 60 
7839.31	13526	23425	63	1979	 23 
9828.31	12043	23425	49	1672	 20 
9029.2	12872	23425	40	1160	 10 

9039.86	16552	23944	44	1704	 99 ***
9243.54	16367	23944	45	1757	 99 
9249.54	15873	23944	49	1888	 98 
9847.19	14623	23944	2	19	 94 
9839.54	14552	23944	24	730	 92 
9836.61	16404	23944	44	1787	 84 
9842.36	15282	23944	23	738	 78 
7718.39	16735	23944	70	2311	 75 
9245.63	15705	23944	66	2174	 62 
9836.04	15806	23944	48	1841	 47 
8658.07	16491	23944	71	2322	 39 
7853.75	17034	23944	52	1660	 38 
9244.59	16329	23944	46	1849	 37 
9049.92	16926	23944	42	1747	 29 
8770.99	16837	23944	47	1847	 28 
9234.22	15277	23944	71	2082	 28 
8650.7	16917	23944	46	1670	 22 
9031.4	15494	23944	69	2251	 17 
8656.9	16915	23944	56	1669	 17 
9840.12	15455	23944	20	706	 7 
8661	15779	23944	52	1439	 6 
8776.68	16570	23944	46	1617	 1 
9835.32	15606	23944	63	2057	 0 

8830.45	16713	25835	56	1007	 100 ***
9228.3	12746	25835	46	1161	 100 
10033.9	14997	25835	39	894	 98 
10020.2	14845	25835	45	1298	 98 
9207.46	16534	25835	29	1002	 98 
10034.3	14604	25835	44	1211	 92 
10024.3	15426	25835	9	605	 92 
9222.86	16062	25835	5	352	 90 
9221.14	16578	25835	4	564	 89 
10036.2	14120	25835	45	1160	 85 
8320.63	11731	25835	61	1783	 77 
8834.91	16999	25835	49	1275	 76 
9213.4	17030	25835	27	793	 68 
10012.4	15752	25835	32	1395	 61 
9203.48	17049	25835	30	1106	 57 
10022.3	12160	25835	60	1693	 53 
9223.59	14487	25835	47	1085	 52 
8848.54	16148	25835	50	1430	 51 
8947.98	15630	25835	53	1506	 51 
10023.9	14753	25835	43	722	 47 
9212.42	17667	25835	22	743	 47 
8960.1	16005	25835	46	1258	 46 
10045	11042	25835	64	1607	 37 
9199.55	15430	25835	35	1450	 21 
9213.46	16502	25835	20	720	 17 
10029.1	14914	25835	41	1050	 16 
8948.2	16856	25835	48	1017	 14 

8958.99	18087	27228	26	1178	 95 ***
10164.9	13945	27228	55	1158	 91 
8958.72	19352	27228	22	608	 90 
10162.6	13838	27228	64	1648	 86 
9562.33	14029	27228	59	1985	 81 
9568.18	16064	27228	29	1104	 72 
10155.2	17608	27228	23	1125	 66 
8738.82	15512	27228	66	1675	 62 
9081.32	16170	27228	60	1984	 62 
9549.41	16161	27228	61	2067	 53 
10152.4	16930	27228	24	721	 51 
8963.95	17176	27228	50	1637	 46 
8971.73	16718	27228	59	1767	 45 
9361.37	16130	27228	64	1605	 41 
8752.56	17536	27228	57	1777	 32 
9544.82	16809	27228	58	1983	 32 
10158.1	14017	27228	57	1971	 22 
9550.99	15710	27228	54	1487	 17 
8295.59	18030	27228	61	1713	 17 
8976.27	16366	27228	62	2052	 12 
10141.1	13440	27228	67	1537	 7 
8962.97	17770	27228	16	716	 1 

10175.7	17635	26361	52	1771	 100 ***
8971.38	19025	26361	7	611	 99 
8550.84	12663	26361	71	2668	 96 
8981.62	18696	26361	22	810	 92 
10175.5	17408	26361	54	2083	 89 
8772.19	17664	26361	65	2408	 89 
8971.78	18843	26361	19	799	 89 
10157.8	17053	26361	61	2402	 86 
8970.04	18941	26361	23	626	 72 
8986.89	15453	26361	67	2703	 71 
8973.33	18751	26361	20	819	 68 
10163.5	18034	26361	54	1988	 67 
10170.6	18581	26361	21	835	 67 
8976.01	18901	26361	15	558	 65 
8970.07	19222	26361	7	427	 63 
8974.95	19110	26361	5	551	 62 
10174.4	18445	26361	53	1998	 61 
10159.8	17226	26361	57	2072	 55 
10154.9	15337	26361	69	2681	 55 
9097.33	15341	26361	70	2526	 51 
10170.9	17918	26361	54	2054	 49 
10169.9	17174	26361	55	2177	 47 
9353.16	15757	26361	63	2368	 47 
8969.93	19169	26361	9	641	 43 
10186.4	18347	26361	51	1920	 41 
8977.36	18464	26361	23	897	 41 
10163.2	15548	26361	56	2227	 34 
9096.85	17341	26361	55	2078	 33 
8976.08	18960	26361	8	626	 25 
8966.38	19386	26361	21	745	 21 
10182.1	16720	26361	54	2140	 21 
8969.42	19259	26361	4	276	 18 
10160.4	16754	26361	61	2320	 10 
10165.7	18786	26361	7	825	 5 
10168.9	13989	26361	66	2657	 4 

10118.6	12372	28254	49	1558	 99 ***
9284.06	15231	28254	49	1605	 92 
7703.81	13390	28254	58	2006	 90 
10096.5	18230	28254	21	794	 85 
7508.93	12942	28254	64	2291	 74 
10101.4	17762	28254	5	354	 71 
8684.65	11207	28254	53	1679	 70 
10091.6	18226	28254	25	885	 66 
10095.4	14072	28254	47	1386	 60 
7228.29	15302	28254	68	2338	 60 
10109.8	14738	28254	38	930	 57 
10091.8	17787	28254	23	869	 55 
10095.5	13095	28254	49	1593	 52 
7883.83	13325	28254	58	1864	 50 
10104.2	16731	28254	21	598	 50 
10097.3	13798	28254	47	1600	 47 
7688.77	14348	28254	51	1778	 47 
10089.9	15484	28254	45	987	 47 
9303.04	18107	28254	47	1784	 44 
10091.1	15280	28254	45	1321	 38 
10089.9	12986	28254	51	1616	 37 
9287.24	13594	28254	49	1338	 37 
8207.41	13212	28254	63	2246	 36 
10115.2	16131	28254	36	844	 36 
10105.9	15327	28254	43	1175	 30 
8212.6	12866	28254	55	1970	 27 
10097.2	17406	28254	11	494	 27 
10100.4	17176	28254	22	900	 16 
8489.75	13273	28254	51	1780	 12 
8208.04	12349	28254	58	2170	 11 
10099.6	17961	28254	6	384	 11 
10091.2	12386	28254	52	1528	 7 
6418.29	13676	28254	70	2414	 7 
10091.8	15623	28254	43	946	 6 
10097.5	12274	28254	50	1529	 5 
10097.1	17863	28254	18	817	 1 
7408.46	13609	28254	62	2145	 0 

7607.62	12812	27773	76	2553	 98 ***
10076.5	11818	27773	43	1492	 97 
10088.5	12651	27773	27	966	 97 
8063.39	14473	27773	43	1514	 95 
10091.5	13907	27773	16	563	 81 
10078	14658	27773	33	1273	 79 
8413.34	13058	27773	57	1931	 78 
10098.4	13742	27773	16	563	 77 
9480.77	14864	27773	36	1414	 75 
7955.98	13785	27773	63	2302	 71 
10075	11965	27773	62	1993	 71 
8198.54	12675	27773	64	2324	 71 
10091.2	13854	27773	26	680	 71 
10094	13023	27773	19	605	 66 
9001.36	14992	27773	31	1287	 61 
10094	13574	27773	25	690	 57 
8680.22	12395	27773	42	1672	 56 
10096.8	12465	27773	28	981	 51 
10086.2	12864	27773	29	1011	 47 
10095.2	13873	27773	17	593	 43 
8885.3	12667	27773	38	1243	 32 
8898.15	12153	27773	59	2244	 32 
10095.7	12695	27773	26	951	 24 
9475.39	11940	27773	71	2256	 23 
8663.78	13027	27773	60	2029	 19 
8076.76	13142	27773	45	1659	 19 
8677.14	13444	27773	40	1337	 13 
7812.47	13910	27773	62	2364	 13 
8986.07	11950	27773	73	2143	 8 
8043.35	11975	27773	72	2328	 7 
8204.51	13508	27773	39	1449	 4 
10085.9	12935	27773	31	1030	 1 

10049	9150	24667	38	1472	 99 ***
8946.52	10785	24667	19	825	 98 
9222.39	9413	24667	42	1566	 96 
8843.15	7888	24667	65	1848	 92 
8028.33	10343	24667	44	1480	 92 
8146.47	10407	24667	39	1342	 88 
8233.73	9802	24667	38	1726	 86 
7855.39	9661	24667	57	1901	 85 
7545.6	10818	24667	28	1136	 79 
9225.71	9164	24667	39	1297	 77 
8145.02	8563	24667	61	2066	 77 
7803.52	11252	24667	24	939	 76 
10021.2	9141	24667	47	1565	 75 
8620.53	10671	24667	27	1014	 74 
7547.64	10828	24667	25	977	 58 
7333.94	11108	24667	25	729	 43 
7548.13	11275	24667	14	480	 42 
9214.46	9687	24667	37	1632	 30 
8158.33	10769	24667	27	1001	 26 
7333.87	10940	24667	27	992	 25 
8604.96	9773	24667	36	1395	 22 
8420.92	11116	24667	23	1092	 21 
8959.07	10265	24667	28	1016	 16 
7341.15	9970	24667	57	1552	 4 

7229.34	6330	20742	30	1736	 100 ***
7014.63	7143	20742	31	1677	 91 
9241.39	8018	20742	16	628	 91 
5547.21	6401	20742	62	1794	 90 
6273.72	6199	20742	62	1794	 90 
7945.13	5925	20742	59	1934	 90 
5926.52	6539	20742	39	1757	 90 
6348.48	5412	20742	65	2129	 88 
7845.54	6161	20742	39	1567	 84 
9239.78	9688	20742	18	486	 70 
4523.89	6983	20742	39	1862	 69 
7602.39	6032	20742	41	1709	 58 
7336.7	6257	20742	57	1675	 58 
7333.73	6589	20742	29	1485	 55 
9241.77	9107	20742	11	432	 55 
9238.14	10396	20742	18	414	 54 
7348.24	6321	20742	35	1728	 52 
9247.78	7913	20742	14	709	 51 
7811.58	6471	20742	29	1654	 50 
9843.59	8204	20742	10	445	 40 
8431.42	5973	20742	34	1790	 39 
6733.96	6146	20742	62	1794	 39 
6755.85	7146	20742	31	1601	 39 
9240.81	8053	20742	12	453	 37 
8654.01	9498	20742	26	1189	 32 
9243.09	7994	20742	15	475	 29 
6054.46	6369	20742	33	1797	 24 
7934.1	6136	20742	32	1738	 20 
8212.01	6675	20742	28	1647	 18 
7129.84	7076	20742	32	1767	 16 

6980.29	10022	22469	21	983	 87 ***
8251.33	8417	22469	50	1736	 85 
9465	8733	22469	25	1188	 85 
10072.2	9285	22469	16	477	 82 
7763.73	8808	22469	21	868	 80 
8056.77	10077	22469	16	706	 80 
8052.22	10613	22469	18	808	 76 
7255.69	9456	22469	22	1097	 75 
7268.11	9393	22469	44	1148	 73 
10054.7	9603	22469	19	816	 64 
9436.53	8253	22469	26	974	 61 
7202.96	8843	22469	59	1875	 52 
9468.06	11055	22469	9	232	 44 
7561.86	9280	22469	21	1071	 29 
9262.7	11105	22469	13	327	 27 
8647.41	11480	22469	15	428	 23 
9464.22	11142	22469	9	210	 21 
9242.9	9412	22469	20	953	 20 
8171.9	9898	22469	19	949	 15 
8158.84	8643	22469	60	1905	 15 
8182.05	9727	22469	17	793	 12 
7458.38	9798	22469	21	728	 11 
6568.75	11115	22469	55	1659	 8 
7784.06	10492	22469	20	1052	 7 
8648.64	9604	22469	20	853	 5 
6856.04	9533	22469	56	1777	 5 
7255.44	9737	22469	34	1385	 2 

8530.25	9442	22941	36	1554	 97 ***
8749.02	10271	22941	20	1284	 90 
7929.44	9702	22941	27	1701	 68 
10163.1	9950	22941	21	1286	 60 
8261.4	9528	22941	56	2405	 54 
8275.88	11061	22941	7	364	 54 
7288.15	9878	22941	55	1808	 45 
8732.12	9009	22941	58	2428	 45 
7078.51	10525	22941	31	547	 45 
8165.99	10377	22941	12	484	 44 
9545.22	9725	22941	23	1529	 43 
8733.39	9890	22941	22	1482	 41 
9345.16	9561	22941	25	1599	 37 
9363.89	9999	22941	20	627	 36 
7890.97	10575	22941	13	544	 22 
7681.84	9541	22941	58	2260	 15 
7074.91	11285	22941	50	2402	 14 
8968.36	10260	22941	20	1734	 13 
9081.1	10124	22941	13	259	 12 
9343	8714	22941	57	2466	 9 
10172.2	9362	22941	56	2485	 1 
10167.2	10706	22941	11	430	 0 

6418.87	7592	21496	55	2233	 95 ***
10092.8	11345	21496	18	506	 94 
6868.21	9206	21496	44	1742	 89 
8470.01	11245	21496	20	792	 87 
8463.74	10855	21496	23	580	 85 
8467.47	9484	21496	21	352	 74 
6874.8	8758	21496	41	1292	 71 
8084.77	9638	21496	28	1803	 66 
8466.24	10232	21496	27	722	 50 
8082.27	11497	21496	36	1865	 35 
8064.05	11891	21496	37	1773	 34 
8084.6	8616	21496	42	1828	 20 
10084.7	11167	21496	20	566	 19 
10081.2	9244	21496	37	1780	 18 
6406.71	8816	21496	46	2215	 11 
9278.95	11703	21496	16	266	 9 
10095.4	10761	21496	18	732	 8 

6920.76	9749	21882	37	935	 99 ***
7392.92	7505	21882	37	976	 85 
6929.09	8659	21882	43	1623	 80 
7418.03	10287	21882	23	670	 80 
6258.77	8543	21882	60	1952	 76 
8341.88	9524	21882	23	663	 71 
6922.39	9737	21882	50	1795	 62 
6929.5	9009	21882	30	856	 33 
7728.24	8678	21882	29	843	 32 
6942.79	8454	21882	33	803	 30 
6733.89	9749	21882	44	1873	 20 
8018.38	7301	21882	32	859	 18 

7457.52	13874	24549	59	2085	 87 ***
8546.15	11034	24549	63	2168	 76 
7084.99	12754	24549	62	2367	 73 
10155.1	11066	24549	58	2328	 64 
8942.88	10357	24549	60	2045	 60 
7880.34	11855	24549	27	439	 53 
7885.23	11231	24549	28	448	 52 
10159.3	10777	24549	58	2036	 47 
7885.09	12703	24549	17	136	 47 
7409.19	13061	24549	60	2329	 37 
7559.5	11807	24549	61	2048	 37 
10145.3	11192	24549	42	1992	 14 
9075.22	9618	24549	62	1924	 12 
8266.52	11207	24549	30	555	 9 
7866.22	11077	24549	49	1677	 1 

9667.19	10137	25922	50	1755	 99 ***
7386.46	10693	25922	61	2277	 86 
9040.53	10621	25922	53	2091	 83 
8380.65	11533	25922	32	840	 77 
7569.05	12066	25922	32	854	 75 
8393.62	12349	25922	19	646	 73 
7783.03	9833	25922	55	2036	 67 
9042.17	10213	25922	48	1656	 65 
8377.14	11982	25922	29	459	 65 
8365.12	12088	25922	22	521	 58 
8377.81	11397	25922	34	868	 51 
9460.52	10252	25922	39	1716	 50 
8874.97	9954	25922	54	2134	 50 
8392.25	11772	25922	25	654	 40 
9190.67	11924	25922	16	689	 34 
8390.56	10479	25922	54	1685	 33 
9451.86	11598	25922	29	574	 33 
9673.34	9788	25922	52	2041	 32 
9448.02	10705	25922	46	1575	 28 
9184.61	9653	25922	56	1929	 27 
8384.4	11790	25922	31	708	 22 
8378.99	11891	25922	27	587	 12 
7565.51	11103	25922	35	852	 11 
9451.24	10668	25922	42	1674	 8 
10255.2	9812	25922	50	1547	 7 
9095.05	9393	25922	62	2305	 4 
9089.12	10952	25922	47	2152	 2 
9180.28	10932	25922	43	1603	 1 
9192.69	10155	25922	51	1846	 1 

