#84	160	304	0	320	80	2548	320	160	4364	 ***
#244	2848	0	0	432	640	2308	240	660	968	
#400	36	112	0	432	560	2688	248	32	3832	
#596	112	80	1396	32	240	0	4760	320	804	
#84	320	80	432	80	384	5536	192	1232	0	
#240	240	868	196	224	160	656	888	4868	0	

480	112	160	144	400	352	0	240	1568	4096	 ***
1552	160	304	272	320	0	320	432	160	4032	
240	272	272	0	320	0	644	352	1728	3724	
80	160	416	0	704	0	484	320	564	4824	
80	0	2004	0	192	240	884	0	3800	352	
64	192	0	112	160	400	0	792	2708	3124	
640	64	432	32	80	80	512	0	1188	4524	
160	480	304	0	352	0	324	320	2176	3436	
80	160	304	80	320	192	1892	320	512	3692	
640	224	276	0	224	80	0	3868	160	2080	
224	0	640	0	64	112	4880	1472	160	0	
1552	192	384	0	352	0	320	320	400	4032	
272	272	0	80	32	0	400	224	2876	3396	
320	160	480	336	160	32	0	912	160	4992	
160	336	32	80	32	0	1832	724	0	4356	
160	432	1472	0	0	80	80	4624	32	672	
80	160	336	0	1760	0	640	400	704	3472	
80	160	592	32	352	0	404	320	3252	2360	
80	320	304	0	672	0	1808	320	916	3132	
624	256	592	816	896	400	0	0	880	3088	
80	160	304	80	320	0	1464	384	240	4520	
80	192	144	240	516	32	832	304	324	4888	
224	80	240	480	0	352	4672	192	1312	0	
112	160	304	0	352	80	324	720	2224	3276	
112	160	384	0	320	0	436	672	704	4764	
80	1568	368	0	432	0	320	320	1024	3440	

96	0	80	480	32	704	112	3140	3068	352	 ***
0	464	512	192	752	1040	0	144	4624	336	
1120	112	240	144	320	672	160	2900	224	2172	
352	0	468	0	192	1312	3896	656	192	996	
512	192	480	752	352	352	160	688	192	4384	
592	80	864	0	916	512	4604	160	144	192	
1264	80	560	224	64	672	80	704	4016	400	
512	112	160	144	1504	352	320	304	992	3664	
272	784	192	272	80	0	0	500	1624	4340	
912	112	800	400	436	1520	240	0	224	3420	
304	116	320	144	720	384	4572	1040	112	352	
320	272	80	144	912	512	0	224	900	4700	
32	32	304	0	480	512	0	340	1344	5020	
1120	112	192	464	1504	384	0	724	464	3100	
480	752	160	464	320	352	160	244	688	4444	
192	0	112	960	0	64	272	176	1240	5048	
624	400	192	32	272	384	800	112	544	4704	
1120	112	160	416	400	544	160	2900	32	2220	
480	112	480	144	464	352	160	880	608	4384	
112	32	404	384	400	304	3460	464	0	2504	
0	512	432	432	1040	256	2020	32	3268	72	
288	0	352	320	36	0	144	756	2224	3944	
80	240	112	64	1632	1104	160	1456	272	2944	
1024	160	320	32	144	1232	32	4288	720	112	
752	144	0	0	64	624	3716	0	1932	832	
144	352	272	640	272	80	1616	192	640	3856	
800	112	160	144	960	432	704	276	96	4380	
624	112	112	352	384	80	244	4728	512	916	
32	480	272	116	256	1076	320	4648	80	784	
672	32	112	192	2080	0	3440	1184	192	160	
1204	0	464	176	1504	0	304	544	80	3788	
160	144	160	144	320	544	352	1344	512	4384	
480	112	192	144	352	992	1344	240	32	4176	
0	528	352	32	400	1104	32	1504	3952	160	
32	0	192	560	0	256	36	2320	564	4104	
592	240	88	320	640	160	384	3204	1792	644	

400	0	1088	480	0	1696	4308	464	0	944	 ***
96	160	80	480	704	704	272	4116	1776	992	
464	112	320	480	704	784	0	3716	2768	32	
720	0	112	320	32	1232	192	512	4564	1696	
144	32	80	640	672	720	0	5028	1104	960	
512	272	0	512	544	912	1888	3652	992	96	
880	64	400	240	1504	0	768	4340	832	352	
480	320	320	0	672	352	752	576	4964	944	
64	0	80	672	704	1504	976	3060	1968	352	
32	80	1264	1440	0	2500	240	608	2912	304	
256	0	240	480	32	736	976	3060	1968	1632	
416	480	384	0	0	1024	3620	400	1968	1088	
160	1232	0	2420	0	80	672	160	3264	1392	
0	272	3348	0	272	384	576	1456	0	3072	
192	272	112	640	704	704	640	5092	1024	0	
704	192	544	720	0	944	4740	640	160	736	
0	384	0	1200	992	864	4820	384	384	352	
96	640	80	480	32	896	112	5060	1632	352	
1424	96	112	160	240	992	800	4500	864	192	
96	32	720	1120	32	864	112	4116	1776	512	
256	32	80	1280	32	1344	112	4820	1072	352	
96	0	1552	480	32	864	112	4116	1776	352	
672	304	672	1472	0	112	912	4452	672	112	
496	240	464	1792	0	0	544	3060	624	2160	
2064	160	624	0	960	272	2804	0	1328	1168	
256	0	80	640	32	704	752	5060	1472	384	
32	640	960	160	464	64	64	4964	1680	352	
400	192	384	224	1552	1744	320	672	3892	0	
128	0	80	480	192	1504	352	320	4788	1536	
1520	192	0	592	80	176	432	3492	1792	1104	
0	432	432	80	640	0	1120	1040	2048	3588	
96	32	80	480	32	704	1856	3284	1664	1152	
560	1072	64	192	816	512	80	192	4932	960	
192	112	1072	976	32	672	1072	1200	160	3892	
672	272	272	944	352	512	4020	1232	720	384	
736	0	432	224	160	400	0	1408	1312	4708	
112	0	512	400	0	1456	496	4564	1136	704	
720	320	1568	784	640	672	0	3748	272	656	

944	0	64	640	672	160	4768	1984	32	384	 ***
400	0	64	1616	0	2144	2176	752	0	2496	
0	320	272	272	1120	0	5760	1536	368	0	
864	32	160	2864	160	960	2912	1376	240	80	
0	864	832	160	0	352	1216	5280	944	0	
80	0	640	192	0	400	3840	400	640	3456	
400	0	960	400	32	2144	3424	864	480	944	
1200	0	64	320	0	1504	2176	1008	0	3376	
640	0	64	320	640	1504	4400	1024	0	1056	
32	160	992	960	560	32	5280	1456	176	0	
400	0	304	320	0	1504	4640	1024	0	1456	
880	3296	640	192	80	0	0	4368	192	0	
0	1936	0	0	224	960	352	1216	3968	992	
560	0	144	1184	0	1504	2400	1056	0	2800	
752	320	320	192	1632	352	3616	1520	0	944	
592	0	64	480	0	1584	4480	1344	0	1104	
432	0	704	320	0	1664	1648	224	3712	944	
432	80	704	320	0	1664	4400	1024	0	1024	
2672	432	672	336	0	0	0	240	3632	1664	
0	560	320	320	640	1360	528	1232	0	4688	
640	2896	992	0	240	32	672	624	384	3168	
112	784	0	192	0	2016	3536	992	1376	640	

832	352	800	512	480	0	2576	3472	240	160	 ***
1024	0	144	672	672	560	1136	3648	64	1504	
1040	0	672	64	1216	0	3264	1072	1616	480	
560	704	320	0	480	0	3936	1712	1712	0	
704	1440	192	752	1696	240	2992	0	720	688	
112	0	1360	304	320	1184	3600	624	720	1200	
192	32	752	480	960	1440	3136	912	272	1248	
1056	0	64	640	672	320	1584	3712	272	1104	
992	432	352	1104	944	272	3728	160	1360	80	
544	192	512	512	512	624	4752	1664	112	0	
944	480	544	720	784	1776	2736	832	32	576	
240	112	80	192	1600	480	3440	336	2704	240	
944	0	64	800	1744	432	3392	992	592	464	
352	432	864	784	880	352	3632	544	0	1584	
944	0	304	640	1632	320	1264	3760	176	384	
704	1056	240	1424	240	32	0	304	1632	3792	
304	64	320	720	512	0	4000	1552	512	1440	
1312	992	544	0	896	0	3344	384	1152	800	
1360	1072	320	480	144	0	3184	2128	544	192	
944	112	144	1040	640	320	3536	2192	32	464	
464	272	1056	400	160	1200	3056	912	192	1712	
432	352	336	1104	320	720	4432	0	384	1344	
1568	0	1024	640	704	240	3440	1072	112	624	
1264	0	64	752	912	240	3248	672	864	1408	
1024	80	64	672	1552	160	3472	1584	32	784	
672	1504	0	1040	976	80	3264	304	1584	0	
1104	0	144	800	1072	160	1536	1072	192	3344	
192	352	80	0	1120	640	3504	3072	80	384	
400	2160	240	224	224	112	2640	0	1024	2400	
0	32	192	720	832	1584	4128	656	400	880	
400	560	32	1232	0	432	3312	1136	32	2288	
320	192	384	1120	144	752	3200	784	2528	0	
160	0	0	784	0	704	0	2720	4304	752	
1200	832	992	480	80	192	3136	944	720	848	

560	0	320	80	0	240	2672	0	2448	1120	 ***
240	880	160	480	0	400	3536	640	112	992	
160	160	832	160	32	640	4144	432	0	880	
1120	192	0	0	352	240	0	912	3504	1120	
0	0	432	1712	400	320	512	3104	0	960	
480	112	160	320	672	64	3472	608	1312	240	
592	160	320	1632	80	160	2176	864	1456	0	
672	352	240	512	480	0	320	2480	192	2192	
160	240	80	592	1120	192	320	832	320	3584	
0	272	512	1472	1200	240	0	0	3104	640	
272	672	192	0	992	272	3168	1872	0	0	
400	720	704	416	544	400	3088	304	864	0	
160	960	80	560	32	160	3056	160	624	1648	
0	160	224	0	160	1680	3632	400	304	880	
672	352	80	704	480	0	2416	2448	160	128	
672	352	240	544	480	32	320	2448	160	2192	
240	992	672	0	112	160	160	240	3824	1040	
672	352	80	544	480	0	2256	2608	160	288	
512	800	752	0	192	0	2512	320	1584	768	
672	352	80	704	480	0	192	2608	160	2192	
64	352	80	512	480	160	2256	3248	160	128	
480	240	832	304	880	0	3024	464	1216	0	
672	352	80	672	480	0	384	2448	160	2192	
672	352	112	512	640	0	352	3936	160	704	

916	480	240	160	0	64	1380	640	0	3700	 ***
160	352	864	160	80	1360	3360	4	836	404	
240	0	404	352	0	244	432	112	2500	3296	
160	160	164	400	896	1600	2880	272	888	160	
324	160	560	192	0	96	992	0	4216	1040	
432	960	0	1188	512	1608	192	0	2688	0	
400	276	1616	80	32	80	772	0	2884	1440	
0	352	240	432	320	1296	3384	804	752	0	
272	4	320	4	0	400	3344	0	2084	1152	
400	84	320	400	8	320	272	0	4544	1232	
320	0	1616	0	0	164	752	0	3492	1236	
160	644	272	320	32	1280	2192	192	1972	516	

756	480	560	240	0	32	1280	960	2624	2744	 ***
1396	800	240	2112	0	112	1316	1392	0	2308	
836	480	240	160	80	112	2324	800	0	4644	
544	160	436	1840	516	196	2400	240	0	3344	
320	832	560	0	676	960	880	388	484	4576	
912	1280	880	320	0	2176	832	1280	0	1996	
120	960	592	0	432	1280	720	2432	0	3140	
980	480	240	640	800	64	1316	1152	0	4004	
1216	272	596	160	0	496	2580	1600	2756	0	
432	400	192	1364	32	676	2624	880	0	3076	
836	560	320	960	0	1312	804	2944	0	1940	

36	640	560	240	32	272	1280	800	160	3720	 ***
432	1520	320	1028	160	432	0	356	3184	308	
32	2192	560	464	0	0	1280	912	320	1980	
228	480	800	240	0	32	1120	800	320	3720	
480	64	720	832	324	320	3572	1348	0	80	
116	480	560	240	0	448	1120	800	352	3624	
672	196	720	352	2400	576	0	1664	592	568	
244	788	1200	944	0	672	1540	0	304	2048	
32	2096	560	240	352	32	1280	800	0	2348	
384	400	244	160	80	36	1040	4132	704	560	
560	432	304	164	1312	164	3728	324	0	752	
80	224	912	84	0	720	1472	352	3416	480	
244	644	592	0	560	272	304	1236	3328	560	
388	512	560	240	0	32	1440	800	2048	1720	
1616	560	280	1552	864	800	1364	0	704	0	
480	1696	240	272	304	320	724	0	1876	1828	
1072	1152	640	336	544	0	800	0	1116	2080	
272	480	560	240	320	192	1232	720	0	3724	
80	304	80	516	196	356	800	192	3616	1600	
320	400	1360	0	192	724	864	1008	0	2872	
624	640	640	320	304	880	484	0	2624	1224	
192	784	432	324	0	240	1188	0	3472	1108	
32	624	724	160	32	480	304	1040	3136	1208	
520	480	560	1696	32	272	0	4	1120	3056	
148	480	560	240	0	432	1120	960	2048	1752	
116	480	560	400	0	304	1152	800	2096	1832	
164	320	192	276	192	832	320	512	1680	3252	
996	640	560	240	0	32	672	800	0	3800	
196	640	560	240	0	192	1120	800	272	3720	
88	704	80	640	160	272	3492	0	640	1664	
728	320	80	0	992	0	3476	752	1360	32	

640	384	32	1440	1764	464	352	980	0	2148	 ***
32	116	1840	672	32	992	948	160	3412	0	
32	672	880	160	0	112	1312	640	560	3836	
32	560	368	672	0	432	1312	800	320	3708	
560	432	0	0	84	240	1428	4032	624	804	
2448	240	992	0	808	672	0	352	1152	1540	
400	2292	784	352	596	1076	160	2544	0	0	
592	196	160	740	832	1280	0	0	3220	1184	
4	2128	944	800	720	116	928	944	1620	0	
1072	240	192	480	484	800	0	1472	68	3396	
352	752	404	1152	116	0	0	3216	404	1808	
400	272	160	1592	672	832	0	1264	752	2260	
1120	2964	656	32	816	644	1412	240	320	0	
36	704	400	416	0	752	1280	640	512	3464	
484	304	564	400	800	912	1732	2720	288	0	
512	720	112	1524	320	480	2676	660	1200	0	
68	672	400	160	0	80	1696	1120	160	3848	
592	320	800	400	196	464	3952	884	596	0	
436	400	676	112	480	544	2256	2496	804	0	
1536	32	2020	480	0	644	0	1456	1460	576	

160	352	192	1200	1760	432	320	2932	80	520	 ***
112	468	480	964	1312	324	0	1152	3136	0	
160	324	32	720	1792	432	480	1780	0	2228	
240	352	32	1120	1764	432	320	1380	0	2308	
1072	0	160	32	484	0	3376	596	1956	272	
404	196	912	672	480	0	864	320	0	4100	
0	480	352	0	32	432	3780	600	1632	640	
676	1396	1200	64	880	0	0	512	160	3060	
676	164	0	0	640	480	32	1104	3860	992	
80	352	624	0	480	484	4016	1440	472	0	
244	32	320	720	404	80	160	752	1424	3812	
192	320	996	0	512	160	0	3540	164	2064	

752	196	432	672	80	0	1188	3056	720	708	 ***
196	0	400	752	400	416	720	3444	676	800	
0	32	596	240	784	432	436	3940	800	544	
160	352	192	880	1632	592	400	2916	112	568	
160	324	192	880	1872	432	512	1136	112	2184	
400	116	160	400	192	224	480	2856	1424	1552	
192	512	304	960	1600	304	320	1348	80	2184	
2276	592	1172	592	272	416	0	0	960	1524	
0	640	224	480	400	400	1072	224	3884	480	
144	80	272	564	160	832	192	3892	196	1472	
480	432	240	868	2336	756	2304	244	144	0	
240	1396	752	320	0	704	308	2752	1332	0	
0	160	224	276	480	1444	464	3008	1684	64	
160	192	752	1072	0	192	84	3536	948	868	
644	488	1120	144	464	320	144	2416	0	2064	
384	704	0	992	160	80	384	520	752	3828	
160	512	360	224	832	512	1984	2340	880	0	
240	676	0	0	800	592	336	1316	1044	2800	
708	320	720	928	160	656	1288	1488	1536	0	
160	352	224	880	1760	624	400	1108	112	2184	
244	304	1408	192	400	1152	408	3264	432	0	
80	884	512	272	468	1360	0	2644	832	752	
192	160	592	480	644	912	480	276	352	3716	

276	720	240	580	2336	160	996	3904	324	0	 ***
640	1108	704	640	0	480	240	4476	928	320	
1924	160	32	400	320	272	2256	2792	432	948	
384	432	0	960	0	352	832	5360	160	1056	
912	356	272	512	800	0	756	2084	1156	2688	
800	352	1120	752	80	320	248	2656	2408	800	
1552	196	192	512	80	160	676	3144	640	2384	
912	388	996	672	400	0	868	2592	1360	1348	
752	276	912	1184	80	0	1000	3584	640	1108	
1504	244	640	432	80	196	320	4280	800	1040	
0	0	240	784	32	4	1152	0	1936	5388	
720	224	484	1364	2288	1108	560	2384	404	0	
196	192	432	512	720	0	2644	2216	1312	1312	
112	992	192	832	720	160	756	640	672	4460	
192	192	384	1616	84	0	1396	2344	480	2848	
196	400	80	1312	192	32	5372	960	640	352	
432	800	800	320	0	400	1964	3716	944	160	
736	1440	640	1032	464	112	804	3508	800	0	
352	960	432	116	2208	480	0	2544	764	1680	
224	0	480	1360	80	752	2308	3948	0	384	
112	944	192	672	400	0	1000	3496	1344	1376	
672	960	1520	832	276	720	0	2372	1232	952	
720	32	1776	560	640	640	4812	80	196	80	
144	192	192	1872	80	0	996	1360	1284	3416	
144	196	276	512	928	0	2596	3296	804	784	
272	324	416	272	2032	752	800	3540	408	720	
0	720	320	1056	944	944	2196	2392	0	964	

164	752	240	544	1716	160	2488	1936	1920	0	 ***
800	80	0	2052	1440	640	384	4008	196	320	
196	720	84	1184	1872	320	1460	2736	1348	0	
800	788	32	160	640	80	1552	240	4984	644	
80	0	1520	644	32	0	580	3812	3060	192	
4	1584	0	512	1392	320	800	4476	752	80	
116	720	916	704	1392	240	916	2240	160	2516	
0	1360	0	320	160	0	2896	356	1588	3240	
1840	1040	32	160	596	244	0	2928	112	2968	
160	0	84	912	432	1152	1972	1124	3492	592	
116	752	240	624	1392	160	832	1696	2904	1204	
320	404	272	1440	1520	512	1568	3644	240	0	
752	160	1504	560	164	112	672	3104	2892	0	
112	640	1572	0	704	80	3556	2144	436	676	
400	992	0	880	1104	0	3124	1272	1152	996	
0	196	960	0	148	800	2080	2564	676	2496	
880	0	0	160	1472	160	2616	2920	1040	672	
640	0	324	160	2000	0	400	2496	2376	1524	
784	1616	1588	600	0	960	0	1712	1748	912	
512	912	592	308	964	1152	640	1600	3240	0	
192	160	320	0	720	1908	840	800	192	4788	
196	1200	240	624	592	160	880	4748	1280	0	

864	1364	32	1284	864	240	2548	672	1892	320	 ***
164	832	320	1184	2036	192	2504	1136	1712	0	
192	32	1120	112	0	0	160	160	6464	1840	
164	1460	240	544	2388	272	1600	1216	2196	0	
592	192	240	864	1476	640	2696	1428	1152	800	
480	2816	0	0	912	800	2524	964	112	1472	
244	752	272	576	1716	1556	1188	1776	2000	0	
160	384	80	304	1236	64	3740	720	160	3232	
164	832	304	660	1716	160	960	3968	1316	0	
944	160	1472	1844	240	756	4472	32	160	0	
164	992	272	1540	1716	704	1476	1056	2160	0	
160	400	916	836	272	672	1652	592	1712	2868	
404	752	320	1296	1716	160	1060	976	3316	80	
276	832	880	544	1716	160	1224	1056	3392	0	
196	752	240	704	1716	192	2504	1856	1920	0	
804	832	240	608	1716	160	2584	1136	2000	0	
544	244	720	224	2080	752	3704	1300	320	192	
80	240	784	0	644	192	3724	80	2112	2224	
192	160	0	1280	160	240	32	2980	836	4200	
752	112	640	164	1104	1680	0	5240	0	388	
160	144	436	960	800	352	3496	512	2400	820	
832	784	324	752	164	1232	3464	2112	304	112	
960	480	0	0	0	84	4904	944	992	1716	
164	784	240	544	1748	800	2424	1216	2160	0	
272	1616	720	400	944	144	3224	1124	1280	356	
884	784	272	544	1716	1556	832	1648	1844	0	
400	244	720	176	672	400	4456	1492	720	800	
1236	752	880	304	880	356	3320	0	1872	480	
804	784	400	544	1796	160	2424	1248	1920	0	
196	112	320	1184	2116	800	900	3412	1040	0	
640	112	1492	1872	944	164	3304	0	1552	0	
196	752	240	624	1796	160	2504	1936	1872	0	
432	240	320	192	272	1680	1552	704	2544	2144	
244	752	240	544	1796	160	2616	1696	1920	112	
640	4	704	320	1796	80	4552	64	960	960	

2196	272	240	32	240	80	4296	832	1696	112	 ***
112	144	480	0	800	2192	3064	628	2096	480	
0	0	912	240	752	192	1140	1744	5016	0	
224	1520	468	1204	1472	240	948	752	896	2272	
0	1280	832	960	0	320	5288	944	372	0	
384	1360	32	1204	864	992	2148	1392	980	640	
0	800	160	0	80	416	4808	4	2768	960	
224	1360	192	1284	832	240	868	512	2048	2436	
80	240	960	320	64	864	3816	804	2048	800	
1204	0	784	192	1748	256	1536	4276	0	0	
80	1040	672	2040	2096	160	80	352	3396	80	
224	1360	32	2036	752	884	272	624	1376	2436	
240	36	720	240	144	480	5384	0	1472	1280	
80	1764	0	0	320	0	160	1072	4388	2212	
224	1360	304	1204	1472	1200	400	592	2920	320	
912	720	32	0	160	0	4040	832	2980	320	
32	0	0	320	720	1424	2660	2676	2164	0	
112	1600	192	964	1184	0	720	432	864	3928	
324	1920	272	0	1472	800	2772	912	592	932	
0	112	352	404	192	1040	2596	976	3652	672	
640	80	112	4	800	880	3016	1104	640	2720	
0	32	480	0	320	640	3128	996	4208	192	
352	160	992	0	2000	112	0	2736	2264	1380	
80	1232	1188	2552	832	80	80	352	3360	240	
112	1200	672	2872	1152	80	80	2020	1728	80	
112	480	80	672	0	480	5420	0	1920	832	
192	1040	32	1924	1024	724	2548	624	928	960	
224	1360	32	1204	512	960	1476	1860	1888	480	
272	1504	672	0	1124	0	1792	1108	3252	272	
272	32	1040	32	0	1312	5848	500	0	960	
224	1392	32	2004	864	240	2148	832	1300	960	
80	464	240	160	836	832	5384	640	720	640	
320	1440	0	0	352	2128	1076	4680	0	0	
352	1040	672	804	1792	80	80	352	896	3928	
32	160	320	960	884	80	5128	80	1552	800	
256	2000	32	1204	864	1360	480	592	820	2388	
80	1920	516	0	544	0	1632	0	4792	512	

1264	1108	0	640	1608	0	32	4704	0	800	 ***
0	160	432	640	320	400	5436	1536	272	960	
2192	592	240	32	240	80	1904	832	1392	2652	
112	32	320	640	0	944	4172	880	3056	0	
2192	272	240	32	240	80	2184	944	1904	2068	
352	160	32	1600	352	912	3692	80	2656	320	
2920	0	320	752	304	640	4148	0	272	800	
2512	272	320	32	240	80	2184	2068	1584	864	
400	0	752	32	1952	992	4328	320	1060	320	
1400	1984	800	192	1472	832	0	0	3156	320	
272	0	320	32	1460	512	720	960	5240	640	
80	1152	800	400	1104	0	0	576	5292	752	
2192	272	240	32	240	80	1904	832	2260	2104	
2192	272	560	32	240	80	2424	832	1392	2132	
800	352	80	720	912	192	4092	0	1616	1392	
2192	544	240	32	240	80	1744	832	2232	2020	
1360	0	1344	512	0	0	4620	800	400	1120	
2352	272	240	112	240	80	1744	2860	1392	864	
2192	272	240	192	240	80	1424	864	1792	2860	
2192	272	240	32	320	80	2424	2148	1584	864	
32	1200	272	912	800	960	4236	160	1584	0	
720	80	960	192	480	1920	240	864	4700	0	
2192	272	240	112	240	80	2064	2860	1392	704	
160	1040	0	320	880	192	2256	4684	320	304	
672	160	0	0	1876	80	1440	448	4520	960	
960	80	640	1776	0	640	4924	752	384	0	
0	1120	80	80	0	544	4172	1680	2208	272	
960	320	480	1424	352	672	1792	0	4156	0	
720	32	352	80	1360	1104	960	0	720	4828	
0	0	192	0	352	1040	2992	112	480	4988	
2320	320	80	352	320	0	4764	0	1728	272	
2192	272	240	32	480	80	1584	864	1552	2860	

432	724	1236	112	80	192	800	3304	1120	720	 ***
992	1072	32	320	164	640	32	3320	0	2148	
80	240	1328	720	0	320	784	4016	240	992	
400	1040	32	0	320	752	80	640	5456	0	
752	32	160	2508	0	916	0	3280	1072	0	
272	80	1484	0	1076	800	720	4176	0	112	
800	0	1028	800	916	272	240	4184	480	0	
400	352	240	164	1396	912	0	0	912	4344	
912	1720	0	0	164	592	1220	3072	0	1040	
160	1680	80	116	0	80	3320	3220	32	32	
1876	112	1156	0	488	640	80	160	0	4208	
1072	804	0	0	148	0	192	2720	1552	2232	
400	32	36	1040	1360	0	320	3288	240	2004	
912	1072	0	0	276	800	1216	2160	0	2284	
1640	916	0	0	164	672	1696	2592	0	1040	
912	800	720	0	164	0	2300	2912	0	912	
1304	800	0	0	148	240	1232	4196	0	800	
240	160	0	1048	1984	0	80	3972	676	560	
1024	800	1264	644	244	0	1624	2240	0	880	
1552	800	112	0	356	0	1296	2400	0	2204	
0	0	160	320	1428	0	548	3832	1312	1120	
912	1556	400	0	840	0	1184	2836	0	992	
912	880	32	1312	196	640	1548	2400	0	800	
2636	640	564	0	0	320	0	288	160	4112	

1024	320	0	640	192	0	160	5320	160	0	 ***
320	80	480	0	80	0	1152	5000	704	0	
432	724	0	1300	80	272	800	3648	320	240	
0	32	0	3604	480	0	640	0	3060	0	
0	80	1236	0	560	80	5348	0	0	512	
80	320	1428	640	0	240	0	80	640	4388	
0	0	800	320	0	0	0	3780	2404	512	
0	0	80	3572	352	0	3172	640	0	0	
0	400	2436	0	720	640	352	3108	160	0	
432	724	0	112	80	160	832	4004	1472	0	
0	160	640	0	0	0	1716	5300	0	0	
0	160	80	0	352	0	0	4052	2500	672	
160	0	1380	320	320	0	0	720	640	4276	
112	0	0	0	192	160	400	5112	0	1840	
592	724	0	112	160	192	800	4436	480	320	
432	724	0	980	80	192	832	3216	480	880	
32	0	1360	640	0	240	80	5304	0	160	
512	916	0	32	80	1312	720	3684	480	80	
0	192	0	0	80	640	640	4712	720	832	
432	724	0	272	80	192	720	4836	480	80	
880	0	80	80	32	0	512	5512	80	640	
0	0	240	160	0	800	0	1056	5320	240	
0	160	1184	1040	80	0	80	5272	0	0	
432	720	0	112	80	400	720	4792	480	80	
80	1360	1504	320	276	192	160	3572	352	0	
432	884	0	1300	80	192	720	3648	480	80	
0	1104	320	80	0	0	0	5000	0	1312	
0	160	80	80	80	0	736	5560	0	1120	
80	240	320	32	0	0	80	5272	1472	320	
800	64	720	0	0	320	0	4868	240	804	

160	672	800	512	240	0	1076	5320	0	0	 ***
720	0	32	0	160	400	3256	3412	800	0	
0	720	0	160	80	320	3220	3256	384	640	
992	672	912	164	0	560	80	5320	80	0	
0	0	400	640	112	640	0	5068	1120	800	
864	32	640	0	0	192	320	5288	1444	0	
960	320	80	720	0	192	1396	5000	112	0	
80	672	1604	0	304	0	752	5288	80	0	
0	880	2776	0	80	0	224	4020	800	0	
720	544	112	4	160	0	800	5240	320	880	
0	80	0	0	880	240	4	3208	400	3968	
0	240	3336	640	80	164	4320	0	0	0	
916	640	0	640	192	80	800	4760	320	432	
112	912	0	0	720	240	160	4972	0	1664	
1592	480	4	640	192	0	0	4960	912	0	
352	1440	0	640	352	0	164	3848	272	1712	
480	400	0	720	992	640	160	4840	320	228	
160	0	80	0	112	640	384	5368	1120	916	
160	400	720	80	0	1232	756	5192	0	240	
832	0	80	160	0	80	3256	0	0	4372	
240	800	1312	80	32	0	0	5004	512	800	
1360	640	0	944	160	0	320	5116	240	0	
4	0	0	240	720	1432	4272	2112	0	0	
192	480	80	720	480	912	640	5276	0	0	
800	0	272	0	640	808	320	5108	192	640	
1672	0	0	0	80	836	1040	2704	2448	0	
0	2240	160	0	244	0	1968	3432	736	0	

672	992	80	0	0	0	0	2484	4344	160	 ***
0	960	1040	80	400	0	640	3864	1632	116	
32	720	0	0	0	0	2452	2612	2756	160	
912	800	32	160	84	320	80	4740	1604	0	
0	720	112	436	0	32	5080	832	0	1520	
880	640	800	1152	32	0	880	3992	0	356	
0	916	672	640	1792	724	3988	0	0	0	
160	752	0	0	640	640	4440	0	1940	160	
240	884	672	1632	160	0	3204	1940	0	0	
564	640	992	512	160	0	1440	4264	160	0	
0	864	4	1520	160	964	240	4704	80	196	
0	192	32	164	0	640	2116	3988	1520	80	
640	0	404	80	960	0	676	4532	80	1360	
1184	640	640	480	884	0	640	4072	80	112	
320	964	720	192	800	1104	800	3832	0	0	
0	1472	1940	832	0	0	3048	640	0	800	
160	80	832	1760	0	240	4232	1428	0	0	
964	240	880	864	0	1280	272	4040	192	0	
320	640	640	192	0	404	916	4820	0	800	
1924	0	720	32	0	160	3284	160	160	2292	
800	0	1632	0	320	0	4044	1024	832	80	
240	640	884	192	640	240	800	4344	672	80	

0	0	2196	0	160	1472	960	0	4572	0	 ***
1312	992	116	0	160	480	0	4308	1752	240	
0	0	160	992	0	1284	1668	4616	640	0	
672	992	724	432	0	0	0	4024	1764	752	
752	832	80	32	0	0	0	4236	2468	960	
708	864	240	0	0	0	80	4228	2440	800	
0	0	0	0	480	800	2804	4556	720	0	
1632	32	160	0	912	84	0	2772	3768	0	
704	992	80	0	0	0	640	1220	5372	352	
240	992	164	0	1040	0	336	4956	1632	0	
0	0	32	1440	272	0	560	4076	2976	4	
1440	640	36	0	80	592	1544	4388	640	0	
752	992	80	0	4	192	0	4308	1960	1072	
352	672	112	800	0	4	560	6156	672	32	
0	1296	0	1072	80	0	1864	5048	0	0	
672	992	112	0	564	0	192	4356	2228	244	
1632	1072	80	160	0	196	0	4184	1876	160	

32	160	960	0	1636	832	2580	0	3368	0	 ***
0	0	320	0	160	1472	1156	4100	2360	0	
0	0	3016	160	0	160	4392	0	1360	480	
0	320	2900	0	160	992	1120	1784	2292	0	
3016	832	1200	0	0	160	4360	0	0	0	
0	160	3224	32	160	992	992	0	2100	1908	
1736	0	0	672	0	800	4020	0	2180	160	
32	0	1556	0	160	3092	2240	0	2488	0	
80	0	640	192	160	3016	1152	0	4328	0	
2936	160	640	0	160	800	1040	0	3832	0	
2196	0	1712	192	0	0	160	0	4344	964	
2148	240	640	0	320	352	960	832	4076	0	

864	1304	192	0	0	1520	0	1676	1552	3488	 ***
1072	0	1236	0	992	0	1392	4128	1312	464	
144	704	1844	0	1120	912	1392	4480	0	0	
80	272	832	3064	720	1312	3112	320	640	244	
0	160	0	752	1280	752	2296	4956	160	240	
32	240	960	672	800	960	4192	0	2740	0	
32	1232	880	84	1072	832	4208	0	2256	0	
672	80	240	32	1312	240	196	4124	3620	80	
32	1108	800	324	1636	1428	2688	0	2580	0	
2256	0	1840	240	168	2212	0	0	992	2888	
1856	0	992	160	832	0	640	3680	2436	0	
112	244	480	640	192	160	5032	0	3172	564	
160	0	640	3252	112	640	1280	4272	0	240	
672	160	800	0	964	160	4220	0	2628	992	
512	0	0	2372	832	960	0	1680	3360	880	

0	1636	192	2144	4	640	1360	0	480	3628	 ***
672	32	0	960	1088	1840	2988	2504	0	0	
248	0	0	352	800	960	32	912	3292	3488	
752	724	192	36	0	1040	0	5116	800	1424	
1056	436	196	0	0	1520	0	2312	3060	1504	
788	1348	832	0	4	1280	0	1272	3056	1504	
32	3232	0	64	0	160	484	4112	0	2000	
0	0	352	160	880	1792	196	1920	800	3984	
784	84	192	1480	0	880	0	2160	1992	2512	
784	84	192	0	676	880	0	1528	1472	4468	
784	484	196	640	0	992	0	3468	2096	1424	
1280	1936	192	640	320	0	480	0	840	4396	
4	2772	0	0	400	192	4636	160	1840	80	
784	1584	864	0	0	880	0	1128	2828	2016	
784	564	944	0	0	880	0	1132	1712	4068	
64	800	2040	1952	0	32	560	800	0	3836	
1104	84	192	0	0	1472	2796	1284	672	2480	
0	2448	0	164	32	640	5216	720	832	32	
80	640	0	1236	356	0	2880	944	192	3756	
160	0	1200	704	1904	84	0	640	960	4432	
784	1044	192	0	0	1040	0	1204	3212	2608	
816	80	1552	4	0	1040	0	1124	1472	3996	
784	84	192	0	0	1396	0	1848	4356	1424	
160	944	320	352	0	832	64	2244	676	4492	
400	36	800	544	32	880	800	32	3228	3332	
196	960	2456	800	640	4	112	3780	1136	0	
240	2244	1444	916	480	320	640	2888	912	0	
672	64	512	160	880	1680	0	2752	788	2576	
1424	624	192	1284	640	800	672	0	0	4448	

