#356	160	112	160	0	2304	3596	240	1412	0	 ***
#2336	520	416	0	0	160	3268	0	1236	404	
#244	320	80	80	304	2304	80	4256	112	560	
#160	80	160	160	160	320	160	112	3896	3132	
#0	400	0	196	560	192	164	3752	224	2852	

432	240	80	160	0	160	2296	272	708	3204	 ***
160	80	400	32	320	224	352	240	4720	1024	
352	272	80	272	80	544	3608	1460	884	0	
432	0	112	228	272	352	4684	880	320	272	
384	320	80	480	32	192	2312	3204	548	0	
672	0	80	160	1488	80	112	0	4096	864	
672	192	192	160	0	160	2200	240	2292	1444	
352	160	80	384	0	1568	3436	992	580	0	
1528	432	352	112	1424	240	0	3352	0	112	
384	160	80	480	80	160	2264	1380	2292	272	
560	0	224	400	400	312	2100	272	3284	0	
1632	160	80	160	80	160	2456	1524	1300	0	
1632	144	80	160	0	160	2392	1636	1348	0	
1168	432	112	0	628	1520	1940	1672	80	0	
320	1616	400	80	160	160	4432	32	240	112	
564	272	272	80	320	32	1072	192	80	4668	
80	160	112	112	112	0	3092	272	3260	352	
384	160	80	160	0	244	2580	240	468	3236	
384	240	80	160	320	160	2280	240	2292	1396	
352	112	400	432	32	1520	2312	1764	628	0	
464	192	80	160	0	160	1944	320	4232	0	
352	192	80	384	112	160	2264	1892	2116	0	
0	240	752	512	144	960	0	272	160	4512	
160	160	320	144	240	160	4768	352	1248	0	
752	112	240	0	64	0	640	112	5600	32	

544	512	80	80	0	160	1752	512	1348	3076	 ***
784	240	80	112	0	160	392	1904	704	3688	
64	240	640	1040	144	192	1788	320	432	3204	
592	64	640	1072	84	480	0	340	1028	3764	
0	0	1280	192	516	32	4312	240	388	1104	
400	32	272	400	32	1024	224	2444	0	3236	
432	240	144	400	80	160	1912	3252	708	736	
196	320	400	0	0	432	624	4168	804	1120	
68	240	1380	1024	224	464	0	3716	948	0	
0	304	480	832	912	0	656	160	1772	2948	
784	0	352	112	0	240	64	4064	384	2064	
160	80	416	832	672	592	1072	472	0	3768	
32	0	464	320	0	1680	2548	2420	0	600	
544	272	80	80	0	160	2712	432	708	3076	
704	116	484	784	320	336	304	0	80	4936	
432	240	112	400	0	160	1832	432	1380	3076	
64	1200	352	2820	976	0	80	240	2332	0	
304	388	464	80	148	880	116	464	0	5220	

32	480	880	320	112	896	1616	992	0	4052	 ***
544	432	80	112	1280	160	112	512	1344	4804	
384	640	1024	0	1360	224	4884	0	272	592	
160	1136	1344	1664	0	304	0	0	224	4548	
0	320	560	160	784	752	512	5188	0	1104	
544	512	240	720	0	320	656	576	1376	4436	
496	160	320	640	0	1984	560	320	80	4820	
0	0	32	1264	864	352	432	416	400	5620	
1344	672	80	80	0	160	192	352	1344	5156	
192	512	1152	32	80	32	400	800	5428	752	
2800	1136	1456	384	320	800	480	0	2004	0	
544	512	80	80	0	800	352	352	1536	5124	
64	32	432	400	352	0	464	1664	512	5460	
704	432	80	240	0	800	2016	192	1856	3060	
1184	512	80	80	0	800	1616	608	1344	3156	
544	512	720	80	32	480	544	992	1344	4132	
320	336	352	944	352	192	1856	560	0	4468	
672	352	80	432	1008	112	0	1152	1200	4372	
960	1360	240	144	160	0	576	240	624	5076	
832	0	32	752	432	672	672	272	752	4964	
784	240	32	880	1424	672	112	320	64	4852	
512	272	800	800	192	2868	3152	112	80	592	
240	784	160	112	640	1536	2064	240	0	3604	
560	112	480	896	832	720	112	0	384	5284	
864	0	240	0	480	160	1440	1552	736	3908	
704	1152	2628	80	0	160	512	1488	1344	1312	
0	64	320	432	752	1680	960	208	4900	64	
2516	960	112	0	64	544	0	4000	544	640	
320	1120	320	832	384	0	1504	704	432	3764	
640	0	256	864	80	640	800	464	272	5364	
544	512	80	80	0	320	2992	352	1344	3156	
544	512	720	240	0	160	1264	608	2176	3156	
864	0	192	960	96	112	912	544	1600	4100	
544	672	80	80	640	160	352	352	1344	5156	
784	272	160	496	720	784	1040	352	400	4372	
704	64	1072	240	800	160	240	352	800	4948	

0	512	800	80	112	864	1392	1712	240	3936	 ***
80	0	512	912	144	672	5456	1200	672	0	
912	960	0	320	80	160	4256	2320	640	0	
1456	592	80	0	3632	1312	0	0	1152	1424	
192	480	800	720	192	864	752	1712	0	3936	
80	320	2976	80	112	896	1360	992	0	2832	
80	640	752	512	0	240	992	0	4784	1648	
1648	1936	672	352	1072	1344	0	0	192	2432	
352	320	640	0	592	32	640	160	1856	5056	
0	80	0	224	2944	1104	3856	1280	0	160	
800	160	80	832	1184	80	160	832	992	4528	
320	992	512	32	0	864	752	80	1344	4752	
0	1424	880	80	544	864	720	3968	0	1168	
144	672	1280	0	1056	1392	4384	0	688	32	
960	1360	80	32	3104	0	2592	1280	0	240	
1024	752	1120	752	272	0	0	4400	1328	0	
1920	640	272	0	64	1472	0	496	576	4208	
1584	640	0	1552	0	0	192	432	1344	3904	
384	160	0	32	512	32	1600	736	464	5728	
400	240	64	1904	1392	384	160	0	352	4752	
0	592	800	112	752	864	1856	1296	0	3376	
0	480	800	160	272	832	2000	2096	0	3008	
80	704	1808	0	240	464	0	144	1136	5072	
0	352	800	80	192	1024	1360	3792	0	2048	
32	1120	32	2480	0	1088	32	0	944	3920	
704	1504	144	272	1072	0	544	1744	0	3664	
240	752	304	800	1424	0	160	544	1056	4368	
352	32	640	0	2896	640	832	576	2720	960	
0	480	800	160	112	2192	1440	1296	0	3168	
384	160	0	640	2896	864	1072	272	784	2576	
784	1152	80	832	160	0	640	160	512	5328	
544	0	672	352	960	704	896	240	0	5280	

272	832	784	0	400	1024	544	1472	960	3136	 ***
1584	832	64	160	0	1232	2656	160	2736	0	
512	1712	1920	192	160	32	0	144	432	4320	
1312	0	432	80	1280	512	5152	0	0	656	
832	320	80	1232	160	400	560	384	400	5056	
64	752	0	0	800	592	3040	80	992	3104	
96	1472	1600	464	720	192	0	560	320	4000	
0	2672	160	400	32	432	0	2688	1456	1584	
752	32	0	192	640	352	0	2112	960	4384	
0	272	800	80	272	864	1472	944	1120	3600	
320	192	880	80	1184	976	1360	432	400	3600	
720	464	800	160	32	864	1392	512	880	3600	
192	384	880	1184	736	112	0	1520	816	3600	
1152	160	192	1360	0	1312	3888	0	1360	0	
224	832	640	160	800	192	1248	1152	0	4176	
400	1232	432	32	848	464	880	1712	0	3424	
160	112	80	352	1952	1152	3072	640	272	1632	
0	1072	192	0	320	512	3472	0	832	3024	
160	304	960	80	32	1264	2032	672	400	3520	

32	160	80	240	1072	0	1040	1968	400	2448	 ***
160	160	880	1600	1280	192	320	352	272	2224	
480	112	160	32	672	240	128	272	2080	3264	
800	1440	0	112	160	0	752	320	720	3136	
0	240	992	0	160	880	272	2608	0	2288	
112	0	240	400	192	0	848	192	864	4592	
0	240	192	672	0	0	3712	832	1632	160	
240	832	752	0	400	864	544	800	160	2848	
560	832	0	704	272	480	3520	272	0	800	
0	656	192	272	0	1136	512	192	1120	3360	
400	2304	1200	160	864	0	432	2080	0	0	
224	0	0	944	0	512	1600	192	2256	1712	
0	752	464	0	576	0	992	2768	960	928	
272	144	272	960	0	272	0	1408	1792	2320	
640	0	32	1072	1472	592	784	160	0	2688	
80	352	64	832	800	240	480	0	704	3888	

320	480	320	964	276	272	544	3652	752	0	 ***
436	1396	672	32	564	544	0	592	720	2624	
480	992	196	0	400	160	1104	708	80	3460	
352	244	244	320	1456	0	1044	1328	400	2192	
356	640	320	276	320	432	2260	0	704	2272	
788	544	480	304	672	36	32	1076	0	3648	
160	384	244	644	0	320	2080	160	992	2596	
32	480	0	672	1076	0	1076	3492	560	192	
36	484	112	240	1072	32	1364	1440	480	2320	
112	192	0	244	1072	0	1760	3496	400	304	
64	192	164	400	1072	0	1360	1444	592	2292	
160	160	432	320	80	640	640	1904	80	3164	
320	228	720	240	240	1076	512	32	4052	160	
0	0	644	640	640	0	320	0	2916	2420	
32	400	4	276	1072	160	1360	1444	512	2320	
960	0	224	272	164	400	1684	3844	32	0	
32	1092	0	356	1968	0	1200	1984	356	592	
432	84	480	352	480	144	960	0	3604	1044	
80	480	0	832	112	484	3412	804	320	1056	
0	164	4	432	1156	0	1072	3584	592	576	

1600	1800	2816	0	912	308	1584	240	416	0	 ***
320	320	320	644	436	1184	400	4164	864	1024	
112	1764	1232	0	80	4	3264	2628	0	592	
320	512	480	1604	1204	2144	592	1556	1264	0	
720	1316	192	1440	192	884	0	0	1732	3200	
320	320	480	724	884	272	1232	3572	1872	0	
960	400	400	804	244	272	672	2100	1152	2672	
400	320	320	1364	964	272	512	3812	1392	320	
800	400	320	1284	436	704	672	1604	3456	0	
2304	240	320	1280	640	272	1200	2076	1344	0	
320	320	1280	644	276	896	912	1764	3264	0	
320	480	960	644	676	352	512	4100	1472	160	
320	320	1312	164	1924	352	1152	2996	1136	0	
320	1728	320	1360	320	1392	320	2604	832	480	
400	320	1040	964	564	272	480	2068	3568	0	
436	164	0	976	964	560	1280	4672	624	0	
2432	320	960	1044	244	352	1520	2100	704	0	
640	400	400	2308	548	272	592	3524	992	0	
480	320	400	724	244	272	1312	3860	1072	992	
480	400	1152	644	244	2224	1952	1588	992	0	
320	480	640	720	884	352	592	2232	2624	832	
320	960	320	804	356	592	1072	2052	992	2208	

400	720	800	676	2336	296	0	1536	976	0	 ***
720	280	1392	0	912	388	3328	400	320	0	
560	756	704	32	192	1476	272	564	3024	160	
1520	1080	1616	0	912	308	1648	240	416	0	
400	280	1312	0	912	276	3616	272	672	0	
720	440	1232	0	912	468	1104	320	416	2128	
32	144	80	2368	800	640	1844	1112	400	320	
1076	80	32	512	644	400	868	2640	80	1408	
192	192	960	0	308	560	464	2408	1776	880	
0	432	2208	480	80	320	148	880	2232	960	
244	672	400	320	384	640	432	1040	3032	576	
240	432	160	592	800	1300	916	388	0	2912	
32	192	352	564	160	596	3152	1812	160	720	
640	280	1232	0	912	276	3616	400	384	0	
960	240	352	308	912	720	2736	320	808	384	
400	280	1232	0	1072	276	3664	272	544	0	
240	468	1152	0	1236	276	1936	240	2192	0	

0	112	640	592	272	720	192	1696	3576	404	 ***
1360	320	272	272	112	0	592	672	784	3820	
144	0	356	544	400	1040	356	3684	1200	480	
432	672	1120	436	544	472	160	3904	464	0	
160	192	0	676	560	1152	944	644	304	3572	
400	640	1280	1028	544	152	32	2864	1264	0	
864	512	704	592	0	324	548	1936	2480	244	
464	480	32	356	400	80	1636	880	672	3204	
720	640	800	756	704	1896	0	1552	816	320	
720	640	800	996	2272	296	0	1312	1136	32	
400	672	1280	868	480	360	320	2688	1136	0	
720	672	832	596	2336	248	320	1312	1088	80	
544	640	800	512	2160	476	32	2576	464	0	
560	592	36	80	2432	880	192	1940	1460	32	
720	672	800	388	672	184	0	3904	784	80	
192	480	896	400	1256	400	0	1124	0	3456	
192	240	596	640	0	244	2452	960	64	2816	
752	0	832	4	0	672	1056	3508	756	624	
800	640	800	708	2160	216	320	1632	928	0	
512	800	832	388	832	152	0	3904	784	0	
432	0	560	1600	240	256	112	192	1320	3492	
144	1600	704	484	192	80	0	2832	1588	580	
84	32	0	804	1984	480	2020	1152	1408	240	
480	832	80	272	884	352	400	2740	640	1524	
720	640	832	676	2160	216	0	1472	1488	0	
400	640	864	516	880	120	0	3680	1104	0	

0	432	272	592	320	560	432	1520	3340	480	 ***
0	240	560	592	320	480	192	1680	1292	2592	
484	320	228	240	560	320	160	112	3136	2388	
1316	512	2112	0	1352	592	592	512	0	960	
80	320	224	560	564	240	240	484	3204	2032	
480	160	640	400	80	640	512	1204	3832	0	
708	1552	80	1376	224	2052	0	84	0	1872	
324	320	0	672	0	352	752	436	3984	1108	
432	0	32	836	832	1120	2544	0	1880	272	
0	2064	672	592	160	560	192	1520	1784	404	
192	516	1268	804	2288	160	0	0	1920	800	
464	164	2272	480	0	1040	32	0	2308	1188	
560	0	384	148	0	1588	1120	1136	2196	816	
480	544	160	192	720	80	320	1392	3980	80	
240	1344	880	32	192	1568	1080	84	1984	544	
0	432	400	0	560	404	560	1472	3624	496	
84	112	640	272	160	516	3812	1600	192	560	
0	112	592	432	160	720	272	1552	3384	724	
160	304	560	592	160	320	352	1680	3340	480	
80	80	320	804	720	480	2228	2292	320	624	
32	84	320	160	504	560	912	3936	800	640	

356	320	1024	276	80	832	724	512	3680	0	 ***
0	432	304	624	320	640	432	1280	3292	480	
352	192	1072	600	672	800	1588	160	2368	0	
800	400	320	176	80	512	1936	0	1768	1812	
144	240	672	544	112	160	3308	0	2464	160	
592	576	960	544	592	352	880	1080	2228	0	
432	560	276	432	432	0	116	240	4084	1232	
676	192	640	228	0	500	1712	3696	0	160	
1104	240	640	1312	676	356	784	2420	272	0	
1236	800	256	832	672	884	580	880	1664	0	
432	880	1312	0	384	664	2592	0	820	720	
80	432	112	624	160	640	432	1392	3580	352	
0	432	112	592	192	800	512	1040	1244	2880	
112	960	512	272	160	272	160	0	3724	1632	
752	592	708	516	0	832	672	800	2932	0	
468	960	1024	160	432	0	1144	160	3072	384	
0	400	192	592	192	400	464	1392	3388	784	
0	1652	2148	0	272	400	116	240	944	2032	
0	464	144	592	192	560	432	1312	1596	2512	

512	592	240	276	84	724	3332	752	3024	0	 ***
1156	240	756	240	80	1312	1044	548	2848	1312	
192	916	1032	0	1200	196	880	1456	3584	80	
480	112	112	352	356	880	1712	320	3540	1672	
0	1040	244	720	480	144	4024	1892	912	80	
516	880	512	240	80	1232	4180	1076	624	196	
624	80	160	912	992	0	240	832	5052	644	
80	0	0	1120	432	196	736	752	4748	1472	
996	1796	912	480	80	672	564	544	1184	2308	
80	80	32	832	884	160	720	1424	4252	1072	
356	800	512	560	160	756	1524	2452	2416	0	
596	196	240	1712	948	0	272	992	3508	1072	
1824	112	512	916	0	0	4348	800	160	864	
560	80	0	640	1952	160	4	640	3836	1664	
320	720	756	32	0	1716	888	1472	3120	512	
1316	1456	752	240	720	596	2936	416	1024	80	
1476	224	464	400	672	960	520	1232	3588	0	
356	160	544	912	880	592	1700	596	3792	4	
2404	800	548	960	160	592	836	932	1664	640	
1156	160	1152	880	80	592	644	912	1460	2500	
676	240	704	276	2464	2036	964	512	1664	0	
600	176	352	4	1520	1600	624	1428	3232	0	
0	148	240	640	192	32	2700	752	2992	1840	
560	80	0	1780	400	1664	1880	836	0	2336	
1620	160	512	432	80	1152	1444	228	992	2916	
432	160	1392	880	160	752	1760	672	3328	0	
400	672	960	0	400	676	1208	2560	2436	224	
352	964	480	880	80	592	404	512	1288	3984	

80	0	512	160	800	32	800	432	4648	2456	 ***
400	192	164	1696	400	1476	1472	2840	1280	0	
144	880	400	0	836	432	304	3280	3480	164	
624	512	240	676	244	804	4436	1952	432	0	
112	800	964	0	720	224	0	1728	3848	1524	
1332	560	1360	0	0	800	2084	80	36	3668	
1300	512	964	276	244	720	2496	1712	1696	0	
512	1152	240	628	244	724	2384	1552	2484	0	
640	68	1812	0	0	0	1716	400	4404	880	
708	1184	1440	724	0	484	144	1652	3584	0	
832	164	640	480	0	400	1040	3932	2208	224	
592	548	240	244	80	880	3656	3248	432	0	
672	324	112	960	160	0	160	2244	3940	1348	
832	80	320	724	320	432	640	720	3448	2404	
512	512	240	356	80	884	3668	1392	2276	0	
592	512	320	276	404	1360	2336	1552	1416	1152	
1152	592	240	276	84	1280	3476	756	2064	0	
512	512	272	280	720	800	3296	752	2776	0	
272	800	32	1696	640	84	240	0	5128	1028	
788	84	1184	1344	1520	160	1864	720	1904	352	
1444	432	352	1280	400	240	800	2524	2448	0	
640	0	240	80	880	0	3216	192	952	3720	

80	0	592	160	832	32	880	1472	4616	1416	 ***
832	992	1604	640	816	400	0	1344	3336	116	
400	0	160	80	960	1040	3156	64	64	4156	
864	2244	80	0	0	0	480	676	3064	2672	
112	0	512	240	880	32	800	1232	3204	3068	
960	912	672	1440	880	552	3960	640	64	0	
912	320	0	864	1668	672	324	0	864	4456	
80	0	1232	160	832	144	800	3076	2420	1336	
84	800	544	1040	800	1280	880	4620	0	32	
864	0	512	160	800	64	800	1316	2580	2984	
464	160	1060	276	2196	800	0	480	4644	0	
80	672	164	0	672	32	2544	480	3272	2164	
724	2068	160	640	32	640	464	880	2740	1732	
0	32	0	192	672	836	640	2164	1280	4264	

240	320	624	0	912	228	880	2788	3312	692	 ***
80	640	1232	0	832	112	880	2776	2864	580	
1040	80	432	0	80	512	1024	880	5240	708	
192	352	640	160	0	640	2112	720	3848	1332	
720	160	672	560	512	640	0	2132	4600	0	
880	0	756	0	1712	32	880	752	2176	2808	
832	0	240	0	880	0	912	1984	4312	836	
240	0	592	352	992	112	880	1152	4328	1348	
32	320	1520	0	32	192	800	912	4344	1844	
720	0	912	0	992	32	912	1152	2496	2780	
640	4	160	672	832	672	1392	0	3432	2192	
80	0	592	0	1312	1312	960	2840	2160	740	
160	160	160	0	320	672	1092	3104	2936	1392	
1312	0	0	192	720	240	3200	3336	0	996	
32	480	164	0	1312	1344	192	5320	240	912	
640	192	160	800	36	832	800	304	4296	1936	
80	148	592	160	832	32	1040	1552	3024	2536	
752	80	80	1796	1360	32	160	800	4936	0	
0	112	672	320	0	752	1268	480	4376	2016	
80	640	0	240	320	1156	5128	800	672	960	
512	1720	80	1776	80	0	80	5028	80	640	
0	0	2080	1840	224	240	80	464	4408	660	
80	0	592	0	832	32	1280	1312	3096	2772	
80	880	592	32	832	32	880	1472	2416	2780	
1104	400	0	0	192	0	1360	992	4908	1040	
480	880	0	240	320	1344	160	832	4028	1712	
880	1268	1952	0	0	752	2416	852	1876	0	

0	0	32	1636	0	0	2352	4504	1280	352	 ***
752	0	1396	1824	352	0	32	0	4768	1032	
0	80	0	0	880	596	912	1840	5384	464	
560	0	624	0	912	192	880	2744	3312	932	
800	192	672	240	1072	0	880	0	4748	1552	
80	752	1600	240	0	0	0	4716	672	2096	
640	560	720	512	80	0	1120	5148	400	976	
0	0	400	432	0	352	800	4828	2592	752	
240	480	800	640	1464	640	320	272	240	5060	
640	672	320	320	64	112	800	4892	1616	720	
752	192	0	1072	1872	160	5036	512	0	560	
240	0	624	0	832	660	880	2712	3232	976	
240	0	624	400	912	160	880	1696	4268	976	
240	0	624	0	912	192	2388	1480	3632	688	
1508	0	80	1040	80	320	1312	960	32	4824	
400	0	112	2196	900	1632	464	0	4452	0	
1072	2432	32	272	0	1916	0	3920	512	0	
720	720	640	960	1008	192	0	1712	4204	0	
240	0	704	0	1072	192	880	836	3632	2600	
240	0	624	0	912	192	960	996	3632	2600	
0	800	0	512	1472	320	0	4028	2544	480	
880	352	112	0	752	640	864	2956	3200	400	
112	0	240	224	0	640	0	3000	2000	3940	
1040	1876	256	0	0	0	4424	640	80	1840	
112	1120	640	1876	352	272	480	4664	640	0	
240	0	624	0	912	1020	1200	1152	3232	1776	
400	992	160	0	0	640	1120	4860	1712	272	
80	1952	0	240	1024	0	640	3340	0	2880	
1440	160	272	0	1632	80	1440	1056	0	4076	
1280	720	640	1600	384	560	352	4556	64	0	
240	0	624	0	916	272	880	1232	3264	2728	

0	1040	1556	160	32	0	0	4924	928	80	 ***
196	0	0	160	0	160	3656	2020	1856	672	
0	1992	400	1156	160	0	0	160	4704	148	
1236	1280	112	832	240	160	0	0	4476	384	
0	0	80	1480	0	192	1760	2608	2280	320	
432	0	160	1192	0	640	1792	3472	400	632	
600	0	0	1044	0	640	2064	3472	352	548	
0	0	0	1204	672	0	1712	2160	2300	672	
0	0	160	964	0	32	1712	2748	1200	1904	
640	0	884	352	640	272	3628	1392	912	0	
432	0	640	484	320	352	1504	3996	992	0	
0	0	4	1044	80	0	1792	4584	592	624	
32	0	0	1764	0	32	2116	2872	1552	352	
1436	0	196	560	160	0	3808	1360	800	400	
84	160	32	1600	0	0	1680	3788	944	432	
80	0	0	996	0	964	1984	2704	1360	632	
0	0	0	1476	80	32	1744	2440	1956	992	
112	0	0	964	640	352	1712	3668	920	352	
320	112	1360	432	160	240	880	4336	880	0	
756	832	112	964	160	0	1680	3544	320	352	
720	96	320	0	0	960	1200	4636	708	80	
240	272	672	64	0	320	2084	3948	1120	0	

240	160	1472	0	0	0	5480	384	0	80	 ***
320	0	0	0	640	0	0	5364	0	1492	
80	832	192	160	80	640	160	192	5480	0	
2420	0	480	0	0	0	4000	196	0	720	
0	720	320	0	80	160	80	4788	0	1668	
800	320	0	32	0	400	32	752	5480	0	
0	400	916	320	32	0	0	4996	1072	80	
112	1120	0	0	640	0	3652	2212	0	80	
0	0	272	0	0	400	0	4660	1652	832	
160	0	0	0	240	800	0	5364	1108	144	
0	0	0	400	160	960	0	2596	0	3700	
0	0	320	80	0	0	800	5304	0	1312	
0	400	916	160	112	0	0	4996	512	720	

160	32	160	2664	720	80	0	4084	80	800	 ***
0	80	800	0	3352	160	3312	196	0	880	
720	804	400	144	0	0	5192	0	1120	400	
160	1440	240	0	804	0	3480	320	0	2336	
240	800	1152	0	0	0	5080	276	912	320	
0	240	640	272	240	0	3480	3188	720	0	
640	800	80	160	160	0	3848	0	160	2932	
240	320	720	0	1440	192	4796	272	80	720	
160	0	160	2024	80	1040	4036	0	1280	0	
0	272	800	160	576	0	5608	244	1120	0	
880	992	80	0	0	80	5236	0	1512	0	
240	320	640	0	192	160	5496	1648	0	84	
0	912	720	160	80	272	5276	80	400	880	
432	640	0	656	800	80	5048	0	800	324	
80	80	400	960	0	0	2856	4404	0	0	
956	160	880	0	0	720	4848	384	720	112	
0	80	80	0	1280	0	3688	800	720	2132	
0	0	832	80	32	724	5080	1120	0	912	
240	240	160	0	0	720	5112	192	1876	240	
240	800	160	240	276	32	3288	3024	80	640	
84	80	160	2600	0	0	4016	880	0	960	
240	0	1440	504	320	80	5444	0	0	752	
160	160	0	800	880	0	164	0	3680	2936	
1200	800	960	0	0	0	4008	384	0	1428	
0	0	160	1680	272	0	3228	80	0	3360	
80	752	960	0	240	912	4632	0	0	1204	
320	0	272	80	80	160	5000	836	2032	0	
320	192	2272	160	160	0	5004	432	160	80	
676	0	640	480	0	80	5304	240	640	720	
0	84	1072	640	400	0	5192	0	592	800	
240	0	800	468	240	80	5288	352	640	672	
80	320	32	0	192	880	80	4	3256	3936	
720	0	640	0	480	0	3636	3064	240	0	

352	192	32	2072	720	720	1088	2836	80	640	 ***
1440	32	240	2072	672	0	1012	2304	240	720	
800	160	400	3540	80	0	0	116	1476	2160	
160	720	1280	1908	0	80	1504	2600	320	160	
320	1736	720	0	0	0	1616	3060	0	1280	
2160	800	32	160	0	644	560	4056	0	320	
160	32	0	2072	720	656	800	2660	832	800	
432	468	240	2612	0	2000	0	0	1460	1520	
832	32	0	0	80	640	1280	4840	116	912	
720	0	32	80	244	80	3492	2564	1520	0	
0	0	160	32	0	1520	4004	1752	240	1024	
944	32	1044	2148	1632	0	0	2256	4	672	
640	84	2388	1248	400	804	0	160	0	3008	
2240	0	112	0	960	0	1584	0	356	3480	
276	1044	0	0	0	272	1520	3824	1796	0	
160	32	0	244	1472	0	4	2112	4068	640	
640	0	2148	84	0	0	2548	1632	160	1520	
912	112	192	2116	640	0	1136	2360	400	864	
868	192	0	1552	80	320	880	4680	160	0	
352	64	640	324	640	0	1552	3640	800	720	
0	160	240	2052	356	1428	640	0	3856	0	
640	160	884	0	2148	32	0	2836	1872	160	
0	672	0	720	1464	912	800	3524	0	640	
1280	0	160	32	0	80	2336	4684	160	0	
480	960	720	1504	80	192	0	2776	0	2020	
2388	1360	0	276	0	0	160	3076	32	1440	
160	1636	80	0	32	672	160	80	640	5272	
400	1344	0	2452	160	160	164	3332	720	0	
240	704	192	84	672	160	640	1316	4084	640	
800	84	0	1780	352	800	1360	84	3472	0	
96	1652	880	320	80	0	1444	0	3428	832	
0	640	2100	0	240	832	720	4084	0	116	
80	192	80	1472	800	0	1744	3720	0	644	

32	196	32	400	1360	800	4236	1472	0	832	 ***
276	0	672	3220	672	240	1156	1920	1204	0	
640	1476	0	2468	320	0	144	0	4152	160	
0	672	832	164	160	720	0	2344	0	4468	
0	160	192	2324	2800	832	0	2412	640	0	
0	0	640	2708	36	80	1600	3496	800	0	
0	0	160	3540	0	1040	2436	836	996	352	
512	912	4	320	0	272	0	5064	2276	0	
640	0	640	644	80	592	4572	800	1392	0	
480	0	752	0	2212	644	720	4168	32	352	
0	80	1028	2808	384	0	912	2916	1232	0	
1124	0	1280	0	112	64	2836	0	0	3944	
192	272	64	404	1364	1072	4040	1120	0	832	
160	0	0	0	112	1152	4796	276	0	2864	
112	640	0	640	960	0	4120	520	640	1728	
1552	320	0	0	0	0	4112	1664	832	880	
112	80	0	0	160	1632	4548	1868	0	960	
672	468	160	0	160	720	6156	672	352	0	
352	192	192	2824	1360	720	392	960	0	2368	
0	160	1508	112	1360	0	4392	0	708	1120	
192	160	32	3220	720	720	1960	1360	356	640	
0	2244	32	32	0	0	804	960	4408	880	
0	960	880	1912	384	0	0	3864	80	1280	
784	1280	1796	724	160	0	0	3944	672	0	
352	160	0	1244	320	672	3392	1700	1520	0	
0	240	784	0	0	1508	4280	1824	0	724	
0	912	0	4	240	240	432	6236	160	1136	
0	0	1680	800	32	800	0	0	4384	1664	
1280	0	800	2328	0	800	3048	192	192	720	
672	80	0	2196	32	0	3240	160	276	2704	
112	160	32	3192	720	720	196	1280	2116	832	

992	272	160	320	0	160	6192	320	0	1152	 ***
32	3320	160	160	0	0	5416	320	160	0	
160	0	0	112	160	272	4124	1472	3268	0	
304	1200	0	1124	1828	240	3960	880	0	32	
32	468	32	432	1044	880	4420	1344	0	916	
0	800	800	480	0	0	2308	4144	1036	0	
0	0	0	80	0	1440	2852	5004	0	192	
960	64	404	1280	160	432	4332	1776	160	0	
0	0	192	1924	352	1152	4248	0	420	1280	
640	32	1152	160	0	320	5980	308	0	976	
96	0	1316	160	800	0	4460	2272	464	0	
0	1440	80	0	0	1316	0	4188	464	2080	
32	160	512	0	480	0	4444	1312	1988	640	
2788	160	80	0	480	0	5228	192	0	640	
672	804	0	864	0	160	3932	1856	320	960	
32	276	192	400	1044	880	4420	1184	192	948	
32	276	32	320	880	720	4488	1712	0	1108	
240	640	1264	1312	672	240	3964	320	112	804	
804	240	160	640	352	80	3960	2532	0	800	
80	32	0	112	480	640	6204	948	272	800	
432	0	224	1152	960	724	3932	1920	0	224	
0	0	640	1316	240	560	4412	0	1072	1328	
0	32	0	0	800	0	2824	4600	192	1120	
0	1668	32	640	0	0	5548	560	640	480	
0	1440	0	0	32	80	352	0	5592	2072	

960	192	160	320	644	112	5984	1040	0	1184	 ***
0	160	992	0	32	800	2512	1348	4752	0	
192	992	1120	2080	1520	0	4420	272	0	0	
1152	272	160	480	0	640	3484	1984	0	2424	
192	912	160	160	272	640	1320	2144	0	4796	
2632	320	1200	0	836	832	3624	112	160	880	
0	400	0	0	808	992	2440	804	960	4192	
960	304	400	328	0	720	5308	1536	0	1040	
960	272	228	352	0	1040	5312	1552	0	880	

64	0	1280	0	0	1284	2256	3820	0	1380	 ***
2112	0	992	192	80	32	4000	672	2004	0	
1152	192	160	320	1280	36	6080	400	0	464	
80	0	1120	0	640	2116	4152	228	724	1024	
1120	160	160	320	960	68	4376	400	0	2520	
160	672	992	160	0	144	4580	2896	480	0	
32	640	112	0	656	0	3564	1440	1920	1720	
0	1232	1280	2396	592	1208	0	2192	0	1184	
960	644	1104	1392	80	696	2564	2644	0	0	
0	228	400	1920	640	0	5004	560	4	1328	
1924	0	224	1472	2516	0	3076	436	436	0	
0	480	32	36	1920	0	1412	1632	4572	0	
960	192	320	320	640	704	6084	720	0	144	
192	1392	0	320	624	0	4140	80	2496	840	
0	2896	1540	916	0	0	2828	0	720	1184	
992	160	480	320	640	32	5956	80	0	1424	
1812	800	832	1076	192	1152	0	2144	2076	0	
0	0	800	96	1444	800	2544	3760	0	640	
164	320	644	640	0	800	1908	2928	2680	0	

