#5	10	50	2	16	4	212	96	72	280	 ***
#13	149	0	0	71	48	209	94	86	77	
#68	5	70	0	23	48	219	48	22	244	
#36	22	36	105	70	44	0	290	48	96	
#5	16	52	24	4	70	324	28	160	64	
#14	12	97	45	62	26	50	162	279	0	

26	38	56	8	36	68	1	44	180	230	 ***
118	9	50	14	16	0	80	102	72	226	
12	16	48	2	16	0	97	98	189	209	
4	9	56	2	38	0	105	97	81	295	
52	48	125	0	58	14	81	0	258	51	
36	12	50	38	24	52	0	50	191	234	
80	21	56	35	38	36	29	0	113	279	
24	26	18	2	18	0	113	96	201	189	
4	10	50	6	16	12	195	97	90	207	
48	45	15	2	46	22	32	243	43	191	
45	48	32	0	4	22	303	172	41	20	
116	11	54	0	20	0	80	97	84	225	
14	15	65	4	2	16	54	46	227	244	
18	58	26	66	8	18	32	127	28	306	
40	18	34	38	6	32	179	59	0	281	
42	56	113	0	0	38	68	268	34	68	
4	8	52	0	111	0	96	116	87	213	
4	9	64	4	19	0	101	112	240	134	
4	16	48	0	34	0	193	96	117	179	
67	50	62	93	98	56	0	0	92	169	
36	10	51	6	32	0	112	100	61	279	
53	10	10	60	28	34	43	52	99	298	
14	36	12	72	0	37	291	27	148	50	
6	10	66	2	18	4	81	116	203	181	
6	10	54	18	16	0	87	115	87	294	
4	116	58	0	38	0	80	96	100	195	

22	34	6	24	18	69	8	234	230	66	 ***
64	41	30	74	54	88	0	44	282	34	
58	38	60	8	64	84	8	220	44	127	
18	0	25	0	10	101	264	146	13	134	
28	42	72	38	34	68	41	68	42	278	
34	6	78	32	98	42	283	24	72	42	
100	52	76	44	4	50	6	84	239	56	
28	38	56	40	113	68	17	48	82	221	
64	43	28	31	36	0	0	63	164	282	
79	22	56	40	72	114	44	0	92	192	
32	41	16	42	36	20	285	117	38	84	
18	46	4	43	46	63	32	44	128	287	
4	66	18	0	24	74	16	117	86	306	
58	38	58	24	113	70	0	73	106	171	
26	70	56	56	32	68	9	45	69	280	
42	17	6	50	2	4	32	90	165	303	
64	22	26	4	46	52	42	38	127	290	
58	38	56	22	36	78	8	220	66	129	
58	38	72	8	40	68	9	76	64	278	
6	20	23	21	52	16	252	121	2	198	
0	26	22	40	52	46	195	5	236	89	
33	2	51	18	5	32	28	119	196	227	
6	28	6	20	119	58	8	157	78	231	
84	8	50	2	40	64	34	273	52	104	
54	40	0	48	4	48	248	0	194	75	
26	18	14	82	48	4	163	10	83	263	
42	38	56	8	64	72	69	47	38	277	
53	38	9	67	20	36	47	286	58	97	
66	72	14	55	14	60	69	285	4	72	
50	4	22	42	130	0	239	76	58	90	
109	0	42	11	111	0	82	108	41	207	
10	40	56	8	32	78	19	100	90	278	
58	38	58	8	34	100	100	12	34	269	
0	78	34	50	22	56	2	172	271	26	
66	0	10	30	0	32	70	198	31	274	
30	15	26	16	53	8	68	240	172	83	

20	0	113	58	0	104	261	56	0	160	 ***
22	42	7	24	36	68	48	271	140	114	
44	70	48	56	54	56	0	266	144	34	
52	16	38	16	34	94	10	26	304	182	
41	20	4	32	36	52	0	305	152	130	
28	14	16	58	76	62	117	260	70	71	
92	22	52	12	78	0	152	286	58	20	
24	48	16	0	36	50	38	110	304	146	
37	34	7	34	36	108	84	232	134	66	
66	4	118	88	48	149	12	38	217	32	
30	34	15	24	2	70	84	232	151	130	
26	56	68	0	0	56	261	53	164	88	
40	62	0	151	0	20	68	24	230	177	
0	46	179	48	14	22	46	177	0	240	
26	62	6	80	38	36	144	312	68	0	
84	42	28	52	0	96	294	48	8	120	
0	20	0	92	98	76	296	36	132	22	
22	66	7	24	52	78	40	299	118	66	
72	40	38	24	46	66	72	291	49	74	
22	36	38	56	2	92	40	271	157	58	
62	52	6	64	2	100	40	294	86	66	
22	66	80	24	18	76	40	271	125	50	
66	18	66	90	0	70	94	287	41	40	
74	14	72	91	0	0	63	244	84	130	
127	56	65	0	48	14	218	0	70	174	
47	34	7	32	2	68	104	299	110	69	
50	80	48	56	40	4	22	306	148	18	
20	44	20	44	94	128	128	34	260	0	
25	34	6	24	42	108	36	32	286	179	
92	26	0	30	4	42	70	256	194	58	
0	24	22	38	34	0	122	148	123	261	
22	37	7	24	2	68	112	244	150	106	
76	56	36	10	58	42	100	28	300	66	
42	38	105	50	2	50	150	60	8	267	
34	14	46	99	50	58	273	78	100	20	
38	0	54	44	8	40	0	172	115	301	
22	0	26	36	0	108	26	298	154	102	
36	48	115	58	34	34	48	255	14	130	

48	0	68	32	34	8	299	139	36	38	 ***
20	0	38	118	0	128	130	72	0	196	
16	18	14	46	56	16	324	80	132	0	
76	2	24	166	56	48	224	70	16	20	
0	94	74	24	16	18	64	316	96	0	
6	0	80	26	0	20	260	20	32	258	
20	0	103	54	2	126	217	76	56	48	
60	0	41	50	0	94	131	84	0	242	
32	0	38	50	32	94	286	84	0	86	
2	8	82	48	44	2	316	174	26	0	
20	0	53	50	0	94	291	84	0	110	
44	179	32	28	36	16	0	277	90	0	
0	132	0	0	30	96	50	78	266	50	
28	0	45	111	0	94	142	86	0	196	
38	16	16	10	116	18	248	110	0	130	
30	0	40	58	0	98	288	100	0	88	
22	0	70	50	0	102	107	44	259	48	
22	4	70	50	0	102	286	84	0	84	
159	73	66	34	0	0	0	50	236	84	
0	78	16	16	48	68	124	62	0	290	
80	166	66	0	44	2	36	32	36	240	
6	40	0	10	0	134	260	82	138	32	

74	18	40	26	24	0	219	214	12	26	 ***
52	0	40	34	34	28	62	241	52	110	
84	0	34	4	62	0	244	54	147	24	
28	36	48	0	24	0	265	86	166	0	
37	88	11	38	86	12	223	0	100	58	
6	0	68	16	48	61	246	112	36	60	
10	2	38	24	80	73	238	46	78	64	
55	0	36	32	34	16	99	245	46	90	
50	22	66	56	80	14	253	8	68	36	
28	10	42	58	26	32	285	166	6	0	
48	24	60	36	42	126	159	60	34	64	
12	6	4	10	80	24	251	18	204	44	
48	0	36	40	127	22	192	68	62	58	
18	22	76	56	46	18	257	32	0	128	
48	0	48	32	82	16	84	247	42	54	
36	86	51	104	12	2	0	32	84	246	
16	4	16	36	58	0	251	78	106	88	
82	50	76	0	78	0	249	20	58	40	
68	54	16	24	40	0	240	172	28	11	
48	6	40	53	32	16	249	135	18	56	
24	14	54	20	40	60	235	46	10	150	
56	34	19	56	48	36	282	0	52	70	
115	0	84	32	36	12	198	72	38	66	
64	0	36	38	46	12	239	68	76	74	
52	4	36	34	78	8	251	98	50	42	
34	76	0	52	82	4	245	16	144	0	
56	0	40	40	54	8	99	72	42	242	
10	18	36	0	88	32	243	202	4	20	
20	108	12	12	12	6	226	0	132	125	
0	2	42	84	42	80	273	66	20	44	
20	60	2	62	0	22	243	58	2	184	
16	10	20	56	8	38	235	74	196	0	
8	0	0	74	0	37	0	194	270	70	
92	42	50	24	4	10	235	112	36	48	

60	0	16	36	0	12	215	0	178	56	 ***
12	44	10	24	0	20	247	128	6	82	
8	40	42	8	2	32	277	22	0	142	
56	10	0	0	50	12	0	142	247	56	
0	0	22	122	52	16	26	223	0	112	
56	6	8	16	66	4	242	96	67	12	
31	8	16	82	5	8	199	146	78	0	
69	18	13	26	24	0	48	132	43	200	
8	12	36	81	56	10	17	90	16	247	
0	14	26	113	99	44	0	0	213	64	
15	66	10	0	50	14	242	176	0	0	
36	68	36	22	60	21	233	20	77	0	
8	48	4	28	2	8	232	40	112	91	
0	8	44	0	8	84	251	20	16	142	
66	18	4	36	24	0	211	132	24	58	
67	18	12	28	24	2	48	128	40	206	
12	50	85	0	6	8	40	60	260	52	
66	18	4	28	24	0	211	134	24	64	
27	40	38	0	10	0	207	128	83	40	
66	18	4	36	24	0	49	134	40	202	
36	18	4	26	24	8	211	166	8	72	
24	44	42	17	46	0	234	56	110	0	
68	18	4	34	24	0	68	146	8	203	
66	18	8	26	32	0	66	260	8	89	

48	24	13	8	0	4	151	64	0	251	 ***
8	18	44	40	4	68	236	1	43	101	
44	32	21	18	1	13	22	38	138	236	
8	9	9	20	46	80	219	46	118	8	
17	10	28	42	0	6	51	0	277	132	
22	48	0	95	42	82	58	0	216	0	
52	17	114	4	18	5	94	32	155	72	
32	18	12	22	16	102	234	89	38	0	
46	1	17	33	0	20	230	0	126	90	
52	37	16	20	2	16	30	0	279	111	
48	0	116	32	0	9	70	0	192	96	
8	33	46	16	2	64	203	11	152	28	

39	24	60	12	0	2	96	80	217	169	 ***
72	40	12	126	0	6	147	122	0	174	
59	56	12	8	4	6	181	88	0	285	
28	8	23	92	59	12	175	60	0	242	
50	42	28	0	35	48	143	21	58	274	
46	64	45	16	0	134	106	144	0	144	
9	65	30	32	22	96	36	171	0	238	
52	24	12	34	40	4	163	111	0	259	
78	15	31	8	0	43	169	145	210	0	
22	52	12	85	2	83	165	44	0	234	
43	60	18	48	0	66	108	217	0	139	

3	32	60	12	2	15	128	72	26	251	 ***
38	108	17	53	8	70	0	51	239	17	
2	129	60	24	0	0	101	110	32	143	
13	24	72	12	0	2	120	72	35	251	
24	4	69	42	33	16	242	135	0	36	
7	24	60	12	0	25	88	72	68	245	
66	12	36	67	139	30	0	143	62	46	
13	73	60	64	0	66	111	0	19	195	
2	125	60	12	18	2	96	72	48	166	
20	20	29	40	4	3	52	254	118	61	
28	22	16	9	66	9	251	97	0	103	
36	12	46	5	1	36	154	18	237	56	
13	33	30	48	28	14	16	95	230	94	
21	26	28	12	0	4	136	72	195	107	
115	60	49	112	44	42	127	0	52	0	
24	120	44	30	48	16	37	0	97	185	
103	58	48	50	60	0	56	0	61	165	
14	24	60	12	16	11	94	68	48	254	
4	16	4	27	27	19	72	10	245	177	
33	22	68	0	10	37	44	132	32	223	
34	32	32	64	16	92	25	32	209	65	
10	42	22	37	0	13	95	0	242	140	
34	32	37	9	2	25	16	68	232	146	
29	72	30	86	6	62	0	33	56	227	
9	24	60	12	0	22	88	80	195	111	
7	24	60	20	0	16	92	72	194	116	
9	48	11	15	10	42	17	58	148	243	
51	32	60	12	0	19	68	72	32	255	
11	32	60	12	0	43	72	72	48	251	
6	36	36	33	40	14	255	0	32	149	
38	16	4	0	51	0	240	86	132	34	

32	20	19	104	90	24	18	71	0	202	 ***
2	9	92	34	36	50	98	31	228	0	
2	50	46	10	0	6	66	64	92	244	
2	32	36	50	0	22	98	72	16	252	
30	22	0	0	5	14	154	265	32	58	
148	44	51	19	43	35	0	18	58	164	
22	142	72	18	32	57	57	180	0	0	
33	11	8	39	45	96	0	16	240	92	
18	130	51	72	36	7	133	48	85	0	
90	14	10	24	25	40	0	122	21	234	
51	54	23	58	7	0	0	237	21	129	
36	14	12	82	35	75	0	82	38	206	
56	156	34	34	47	35	142	44	32	0	
19	36	20	38	0	40	64	66	60	237	
25	32	31	21	72	50	122	211	16	0	
28	36	22	117	18	56	206	37	60	0	
5	35	36	8	0	4	106	92	40	254	
34	16	56	20	12	73	259	79	31	0	
55	36	35	9	24	32	130	216	43	0	
80	36	123	42	0	33	0	142	94	30	

8	18	27	92	88	22	16	230	4	62	 ***
6	27	24	67	99	21	0	95	228	0	
8	18	19	70	90	22	24	110	0	206	
14	18	19	88	89	22	16	93	0	208	
103	4	8	2	26	0	227	31	151	15	
53	12	46	50	24	0	97	19	0	266	
0	24	38	0	4	22	249	32	164	34	
35	89	62	5	45	2	0	58	41	230	
39	9	0	0	32	26	19	138	254	50	
6	18	48	0	24	28	261	153	29	0	
13	2	16	36	21	6	8	40	172	253	
10	16	53	0	26	8	18	203	42	191	

39	15	22	34	21	0	127	233	38	39	 ***
11	0	22	56	22	22	119	235	40	41	
0	2	65	18	91	22	24	261	40	45	
8	18	27	78	82	30	22	231	6	66	
9	17	27	76	96	24	29	82	6	202	
21	7	11	22	12	12	24	224	74	161	
11	26	35	80	80	20	16	94	4	202	
144	30	84	33	16	39	0	0	145	77	
0	34	15	26	21	22	136	13	261	40	
9	5	15	29	8	64	10	256	11	161	
25	22	44	47	144	41	203	15	27	0	
17	92	38	16	0	36	52	230	87	0	
0	10	12	15	24	105	29	230	137	6	
24	75	39	56	0	13	7	239	68	47	
38	28	56	10	40	16	8	216	0	156	
20	36	0	50	8	6	20	49	121	258	
9	30	21	13	77	28	132	214	44	0	
14	39	32	0	40	35	20	83	85	220	
37	18	41	48	11	72	66	179	96	0	
9	18	29	78	88	34	20	84	6	202	
13	16	92	14	55	61	24	236	57	0	
6	45	58	14	44	69	0	232	60	40	
14	8	31	40	34	50	58	64	18	251	

17	37	14	31	153	11	123	251	17	0	 ***
32	75	36	32	0	29	13	286	118	33	
116	8	5	20	16	17	151	232	22	67	
38	24	4	64	2	18	42	318	8	136	
46	21	15	26	57	0	73	128	59	229	
43	19	57	56	4	18	15	228	174	40	
80	13	10	26	4	8	69	241	48	155	
48	23	51	50	21	0	81	224	85	71	
39	33	47	62	5	0	86	259	32	91	
78	30	32	24	6	11	35	277	106	55	
0	2	12	72	3	2	58	0	180	325	
41	12	28	73	134	105	31	209	21	0	
14	12	39	26	37	0	223	118	116	69	
9	52	10	42	37	9	57	52	98	288	
11	12	36	82	6	0	103	126	44	234	
11	20	4	103	10	4	319	113	50	20	
25	40	42	18	0	36	176	260	48	9	
86	72	32	55	25	11	76	254	43	0	
18	48	24	10	153	24	0	210	63	104	
13	2	26	71	4	70	184	263	1	20	
7	50	10	36	21	0	118	253	69	90	
34	48	77	59	18	37	0	214	101	66	
36	2	124	80	51	32	290	6	27	6	
8	12	12	134	4	0	71	106	65	242	
8	13	31	42	66	0	165	239	44	46	
16	37	22	34	103	39	89	254	23	37	
2	54	20	55	49	52	162	211	0	49	

11	40	15	28	119	11	215	114	164	0	 ***
72	22	1	143	88	32	84	248	11	16	
13	36	9	78	114	19	175	156	117	0	
56	57	3	10	50	4	174	12	302	49	
6	0	93	65	2	16	41	257	226	11	
19	118	0	26	86	22	41	251	118	36	
9	36	67	38	86	15	66	199	8	193	
0	84	16	32	24	0	210	22	88	241	
94	53	20	24	35	15	0	214	40	222	
10	0	8	46	24	91	203	60	245	30	
9	38	14	33	88	13	107	102	220	93	
17	53	18	74	92	59	114	245	45	0	
54	8	93	44	9	6	39	248	216	0	
6	48	119	0	86	4	244	113	28	69	
36	70	0	45	107	0	230	100	78	51	
0	13	48	19	30	41	139	182	35	210	
44	18	16	8	77	24	220	224	52	34	
32	0	17	9	100	32	20	214	208	85	
43	126	81	66	0	80	0	170	89	62	
26	64	84	17	52	61	32	148	233	0	
26	8	18	16	37	137	110	56	26	283	
13	60	17	64	84	11	77	279	112	0	

44	69	2	66	61	44	220	52	131	33	 ***
11	42	20	60	135	11	215	106	122	0	
42	2	109	8	0	0	24	24	341	172	
11	112	13	28	153	17	131	110	147	0	
62	26	29	61	77	32	228	105	60	42	
24	166	0	0	78	56	200	50	24	124	
15	38	15	30	119	119	112	138	136	0	
10	55	4	18	95	4	263	37	41	195	
11	42	17	35	119	9	133	253	103	0	
50	42	74	129	12	73	267	35	40	0	
11	51	15	116	119	36	128	102	144	0	
8	22	67	43	46	35	189	47	86	179	
23	38	21	66	119	8	105	66	240	36	
17	42	48	28	119	9	116	102	241	0	
13	38	15	68	119	11	215	110	133	0	
43	42	15	32	120	9	219	106	136	0	
47	13	38	15	142	70	254	101	16	26	
5	12	40	34	33	58	263	6	143	128	
42	8	32	64	8	14	2	220	59	273	
56	22	32	57	89	121	19	302	0	24	
27	10	56	48	40	50	250	42	156	43	
42	44	17	54	11	65	246	140	17	86	
64	26	16	0	1	5	299	81	60	170	
11	40	15	28	122	41	211	110	144	0	
14	82	84	54	48	24	239	78	80	19	
47	40	15	28	119	119	93	132	129	0	
20	13	36	10	34	38	283	148	52	88	
65	39	46	16	60	21	239	0	147	89	
43	40	24	28	123	9	211	112	132	0	
13	6	19	60	144	41	96	223	120	0	
32	7	114	94	67	10	236	34	96	32	
13	38	15	32	124	9	215	146	130	0	
24	12	32	10	14	89	180	38	177	146	
15	38	15	28	125	9	220	102	100	70	
48	3	36	16	128	52	275	20	64	80	

143	30	28	4	14	4	273	42	144	6	 ***
7	8	24	0	72	114	225	40	174	24	
0	0	95	60	56	26	63	94	294	0	
12	77	25	62	91	44	72	56	48	201	
0	99	91	66	0	48	309	52	23	0	
20	68	2	64	61	82	200	88	53	50	
0	42	24	0	22	38	303	33	178	48	
12	68	10	67	59	44	68	46	106	208	
4	12	48	16	54	44	249	73	140	48	
61	0	56	60	111	14	121	265	0	0	
4	53	66	105	126	40	24	34	216	20	
12	69	2	104	57	77	37	50	72	208	
14	23	36	28	40	24	321	16	122	64	
20	126	0	0	50	0	24	70	283	115	
12	68	16	62	91	94	42	48	223	32	
46	36	2	16	24	2	268	58	188	48	
2	0	0	16	38	104	220	151	157	0	
6	80	11	49	76	33	56	38	85	254	
17	133	15	0	107	59	210	64	34	49	
16	7	18	21	10	70	216	61	217	52	
34	6	38	2	56	44	221	58	48	181	
33	18	24	0	18	34	227	56	252	26	
18	8	70	0	100	8	0	180	201	103	
4	62	98	130	58	36	24	35	213	28	
6	60	34	150	75	38	22	183	100	20	
38	72	4	66	0	24	326	0	100	58	
12	52	2	98	70	69	220	50	50	65	
14	68	2	62	43	80	96	181	100	42	
30	76	36	0	91	0	189	62	190	14	
46	2	52	20	0	115	308	32	0	113	
12	70	2	102	61	47	200	60	69	65	
4	25	12	8	91	46	320	32	84	66	
48	72	0	0	34	126	105	303	0	0	
19	52	34	41	107	36	24	34	87	254	
2	24	48	48	63	4	311	20	128	40	
14	100	2	63	61	101	47	48	45	207	
4	112	29	0	44	0	173	0	297	29	

97	91	0	32	119	0	3	281	0	56	 ***
33	10	22	32	32	70	320	82	14	64	
142	46	12	6	14	4	114	42	93	206	
6	2	18	66	0	50	273	76	188	0	
142	30	12	4	14	4	199	48	119	107	
18	8	36	80	18	48	244	20	173	34	
169	0	16	38	16	50	268	0	16	106	
158	30	16	4	14	4	199	107	103	44	
20	0	54	4	130	53	260	32	92	34	
106	122	58	44	106	42	0	0	169	32	
14	16	16	2	109	58	36	68	312	48	
4	58	73	22	72	0	0	94	314	42	
142	30	12	4	14	4	112	42	207	112	
142	30	28	4	15	4	212	42	93	109	
44	18	36	70	46	10	263	0	120	72	
142	44	12	4	14	4	108	42	206	103	
68	0	100	26	0	16	283	74	22	90	
152	30	12	8	14	4	107	215	93	44	
142	30	16	12	14	4	90	44	113	214	
142	30	12	4	18	4	211	111	103	44	
20	62	14	46	40	48	275	11	163	0	
38	52	80	28	24	114	12	47	284	0	
142	30	12	8	14	7	122	215	93	36	
8	52	0	16	46	10	182	301	16	48	
52	8	0	0	131	4	74	40	272	98	
64	6	32	124	0	34	293	72	54	0	
0	88	36	4	0	30	273	88	146	14	
66	48	24	73	36	37	138	0	257	0	
36	4	34	36	68	88	52	0	68	293	
0	0	10	0	20	86	200	22	40	301	
120	16	36	20	32	0	286	0	139	30	
144	30	12	4	24	4	101	44	102	214	

54	69	98	38	4	10	40	217	56	68	 ***
50	72	2	16	41	32	66	181	0	194	
20	12	105	36	0	16	42	263	44	116	
36	52	70	32	16	38	36	80	294	0	
38	70	10	129	0	47	80	224	56	0	
30	4	113	0	55	42	68	253	0	89	
40	0	53	40	98	14	17	256	136	0	
36	20	12	41	107	48	0	0	126	264	
46	125	0	0	42	30	64	182	0	165	
8	116	4	7	0	5	236	210	50	18	
95	6	91	0	78	64	52	8	0	260	
54	59	0	0	41	0	76	148	78	198	
20	50	3	52	68	32	16	239	12	162	
47	104	0	0	47	40	63	120	32	201	
118	65	0	0	41	34	87	144	0	165	
46	58	36	0	42	0	156	222	0	94	
104	58	0	0	41	12	95	256	0	88	
12	10	16	87	136	0	36	246	83	28	
52	58	97	67	45	0	118	157	0	60	
78	58	38	0	52	0	67	164	0	197	
2	0	8	48	108	0	77	255	66	90	
46	113	20	0	81	0	61	219	16	98	
46	62	34	99	44	32	147	134	0	56	
138	32	77	0	0	16	0	115	8	268	

84	16	0	32	10	0	58	320	40	0	 ***
48	4	24	0	4	0	58	304	118	0	
22	85	0	104	4	14	40	263	16	12	
0	66	0	194	24	0	48	0	228	0	
0	68	63	0	76	4	323	0	0	26	
36	16	110	80	0	12	0	4	32	270	
0	0	40	16	0	0	0	271	191	42	
0	0	4	192	70	32	230	32	0	0	
32	20	143	0	36	32	18	239	40	0	
38	69	0	40	4	8	42	264	79	16	
0	8	64	0	0	0	169	319	0	0	
0	8	4	0	18	0	32	277	187	34	
8	0	108	16	16	0	0	116	32	264	
6	32	0	0	26	10	84	310	0	92	
48	69	0	38	24	10	40	290	24	17	
38	69	0	88	4	10	47	218	24	62	
18	0	100	32	0	12	4	322	0	72	
43	98	0	34	4	100	52	201	24	4	
0	26	0	0	36	32	32	292	36	106	
38	71	16	46	4	10	52	295	24	4	
76	0	52	4	2	0	60	330	4	32	
0	0	12	40	0	40	0	118	322	28	
32	8	92	100	4	0	4	320	0	0	
38	68	0	38	4	36	52	296	24	4	
4	68	111	66	15	10	26	224	36	0	
38	77	0	104	4	10	52	247	24	4	
16	88	16	4	0	0	0	306	0	130	
16	8	4	36	4	0	102	332	0	58	
36	12	16	18	0	0	4	320	138	16	
40	4	36	0	0	32	0	299	44	105	

8	66	72	58	44	0	103	317	0	0	 ***
36	0	2	16	8	21	239	242	104	0	
64	68	0	8	4	32	198	242	20	32	
84	34	46	9	64	28	36	313	36	18	
0	0	36	32	6	32	0	306	120	136	
78	18	32	32	0	42	48	311	107	0	
80	16	4	36	0	42	103	301	86	0	
36	34	113	0	66	0	72	311	36	0	
64	44	150	0	68	0	12	258	72	0	
36	29	6	1	40	32	72	310	96	46	
16	4	0	64	44	12	3	240	52	233	
0	44	176	32	36	57	257	66	0	0	
79	64	0	64	10	4	88	289	48	22	
38	62	0	0	36	44	8	298	0	182	
118	56	1	64	10	0	33	276	78	32	
50	72	0	32	18	0	59	253	46	138	
56	52	0	36	50	64	24	293	80	13	
8	32	36	0	6	32	100	316	58	80	
8	52	36	36	0	94	122	308	0	12	
58	2	36	40	0	36	242	0	32	222	
12	72	98	4	2	0	0	302	138	40	
100	32	0	82	40	0	32	306	76	0	
1	0	0	44	68	111	274	170	0	0	
10	56	36	36	56	62	96	316	0	0	
72	0	14	0	32	74	48	306	90	32	
123	0	0	0	36	43	132	136	198	0	
64	112	8	0	45	0	106	245	88	0	

34	50	4	64	0	0	64	215	242	40	 ***
0	48	101	68	20	0	64	259	82	71	
34	38	0	0	64	0	205	225	139	8	
95	72	2	40	6	16	36	285	113	48	
64	36	6	74	0	2	301	154	0	76	
44	64	72	90	34	0	92	264	0	53	
0	98	66	32	118	69	266	64	0	0	
8	38	0	0	32	64	285	48	166	72	
12	96	66	114	40	0	237	148	0	0	
80	64	82	58	40	0	88	261	40	0	
0	45	1	76	40	99	76	281	36	59	
0	10	34	9	0	64	189	263	108	36	
64	16	71	4	48	0	67	274	37	132	
92	64	64	56	96	0	48	251	4	38	
16	99	68	42	72	89	88	239	0	0	
0	106	122	94	0	32	239	32	0	88	
40	36	75	120	0	44	274	124	0	0	
81	12	76	76	32	80	46	268	42	0	
16	64	64	42	32	71	95	289	0	40	
97	32	36	35	0	8	202	24	72	207	
72	16	115	32	16	64	267	53	74	4	
12	64	96	42	64	12	88	265	66	4	

0	64	135	0	40	114	48	0	281	0	 ***
67	50	7	64	8	24	32	279	107	44	
0	0	8	98	0	100	149	295	32	0	
34	50	37	54	0	0	32	268	137	70	
39	42	4	66	0	0	32	277	142	80	
37	45	12	64	0	0	68	275	141	40	
0	64	0	0	24	40	208	294	52	0	
114	2	8	0	62	5	32	231	228	0	
36	50	4	64	0	0	64	95	319	50	
12	82	9	32	84	0	18	315	130	0	
0	0	2	73	14	0	92	270	214	17	
88	32	3	0	4	63	144	284	64	0	
38	50	4	64	1	11	32	279	117	86	
18	34	6	72	48	1	28	343	66	66	
0	99	32	103	4	0	128	316	0	0	
34	50	6	64	30	0	74	282	129	13	
82	54	4	40	32	11	32	276	111	40	

2	40	48	0	118	42	166	0	227	0	 ***
0	32	16	0	40	74	59	266	156	0	
0	0	166	8	0	8	273	0	164	24	
0	48	155	0	40	50	56	125	169	0	
166	74	60	0	0	8	271	0	0	64	
0	40	176	2	40	50	50	0	139	146	
124	0	0	34	0	40	262	0	143	40	
20	32	86	0	40	161	144	0	160	0	
4	32	32	10	40	166	91	0	268	0	
161	40	32	0	40	40	84	0	246	0	
147	0	118	10	0	0	40	0	279	49	
132	44	32	0	48	18	48	74	247	0	

44	109	42	0	0	76	0	103	78	262	 ***
86	2	80	0	50	0	70	271	131	24	
40	68	93	0	88	64	70	291	0	0	
4	30	42	184	38	99	224	16	32	45	
0	8	0	70	64	40	211	301	8	12	
2	60	50	34	72	48	277	0	171	0	
4	94	44	5	87	59	275	0	146	0	
66	4	44	2	82	12	11	272	217	4	
2	89	40	19	119	98	168	0	179	0	
114	0	126	12	42	141	0	0	50	229	
128	0	52	8	42	0	32	249	203	0	
6	13	24	32	10	10	288	48	254	29	
8	32	32	178	54	32	96	270	0	12	
34	40	40	0	81	8	278	0	183	50	
26	0	0	147	90	48	0	116	243	44	

0	126	42	127	33	32	86	17	56	249	 ***
67	2	0	48	90	124	242	195	0	0	
14	0	0	18	40	80	114	46	204	252	
38	70	42	51	0	53	0	304	104	106	
54	56	43	0	0	108	0	208	155	144	
41	112	74	0	65	64	0	148	154	110	
34	162	0	52	0	8	57	273	0	182	
0	0	18	25	76	124	12	176	72	265	
88	37	42	76	0	44	0	156	103	222	
40	38	42	0	51	44	0	127	138	288	
40	58	43	32	0	99	0	251	106	139	
66	135	11	32	48	0	57	96	44	279	
49	167	0	0	20	58	273	72	92	37	
40	117	77	0	32	44	0	107	215	136	
40	84	80	32	32	44	0	107	86	263	
36	88	136	130	0	2	28	88	0	260	
56	38	42	32	0	74	143	129	34	220	
0	151	16	41	2	32	302	68	58	98	
4	85	32	64	51	0	179	48	58	247	
8	48	108	68	130	7	0	64	48	287	
72	86	58	32	0	52	0	77	167	224	
42	37	115	17	0	84	0	73	139	261	
40	37	42	0	0	103	0	160	280	106	
40	101	17	34	0	42	36	179	35	284	
20	51	40	44	2	44	74	2	232	259	
60	48	153	40	32	33	38	242	122	0	
12	142	73	47	26	16	144	230	78	0	
34	52	26	40	76	116	0	159	43	222	
109	64	42	65	48	72	50	32	0	286	

