#141	213	453	491	194	0	40	980	195	1023	 ***
#42	492	21	244	8	297	289	389	925	1023	
#126	511	112	12	400	271	998	423	27	850	
#445	373	153	343	511	354	0	18	1022	511	
#121	250	412	0	262	444	1023	256	962	0	
#8	0	252	96	267	55	977	1023	738	314	

46	504	240	0	312	157	831	140	134	1023	 ***
75	320	445	282	293	149	268	532	0	1023	
369	259	54	511	381	310	492	880	131	0	
141	91	453	488	198	0	239	1022	225	530	
496	167	267	511	0	75	0	961	396	514	
141	388	457	252	191	0	282	340	313	1023	
278	53	351	0	54	282	813	1023	339	194	
271	91	457	488	190	0	135	1022	207	526	
145	91	476	488	236	0	276	1023	248	404	
141	91	461	511	190	0	276	407	295	1015	
141	121	476	496	186	0	223	1023	191	530	
93	19	167	282	511	279	614	1013	141	268	
94	301	156	134	294	19	335	1022	267	765	
76	51	263	427	192	264	145	1023	167	779	
141	91	465	488	198	0	1023	172	230	579	

439	282	8	50	289	469	136	755	1023	0	 ***
319	397	39	89	301	379	1023	371	533	0	
42	54	286	511	344	278	0	370	941	625	
342	75	267	4	289	287	982	182	0	1023	
0	396	287	511	0	393	69	413	392	990	
68	367	332	491	249	156	1023	198	567	0	
152	267	313	282	54	271	0	548	541	1023	
50	357	417	457	0	57	210	880	1023	0	
38	504	240	0	372	186	339	373	378	1021	
274	69	212	350	171	30	971	351	1023	0	
210	60	38	145	278	27	1023	0	966	704	
15	512	195	23	402	141	522	121	500	1020	
456	0	423	273	0	501	118	397	1023	260	

309	327	0	16	471	388	136	609	1021	244	 ***
113	69	365	34	0	434	954	1023	0	529	
194	196	511	128	0	8	0	1006	674	804	
317	268	8	61	411	465	136	588	1023	244	
309	297	0	16	415	465	455	543	1021	0	
435	267	38	46	289	480	200	743	1023	0	
69	160	267	293	75	239	823	239	335	1021	
309	357	126	16	349	480	380	483	1021	0	
83	511	282	502	0	136	0	830	1010	167	
466	30	160	188	488	212	1017	175	488	297	
198	12	320	23	304	303	590	1022	120	629	
300	128	511	98	0	267	1016	1022	130	49	
8	441	0	152	30	90	811	472	1023	494	
320	349	510	0	30	511	0	1021	684	96	
408	30	449	415	0	42	1021	978	0	178	
8	60	511	156	128	190	556	159	1013	740	
60	482	183	61	69	0	0	1023	625	1018	

98	91	197	0	0	353	1021	15	183	974	 ***
122	182	154	274	129	38	918	94	1021	0	
180	0	4	0	270	4	1021	366	1012	75	
379	0	0	106	12	164	841	148	1023	259	
392	289	167	64	23	435	398	141	1023	0	
312	327	0	23	487	83	196	239	1021	244	
472	68	0	76	205	0	0	737	972	402	
297	327	0	8	430	83	197	325	1021	244	
68	144	368	64	228	64	0	1020	0	976	
304	0	0	8	246	46	162	1020	980	166	
181	169	389	0	484	30	0	1023	621	35	
8	0	181	507	274	0	60	643	1023	236	
64	0	114	30	135	259	319	990	1021	0	
198	15	30	190	15	256	0	961	244	1023	
323	309	187	139	0	182	0	662	1023	107	
211	0	15	126	30	267	387	873	1023	0	
0	511	217	411	0	60	199	410	1019	105	
462	8	0	0	16	511	19	621	1018	277	
0	387	334	0	155	0	1020	54	816	166	
0	75	60	45	456	335	0	1023	0	938	
0	68	94	502	0	510	205	156	1023	374	
250	179	229	68	0	434	1023	0	486	263	
34	132	396	300	64	137	213	304	1020	332	
83	289	507	511	267	0	0	62	973	240	
334	388	0	8	456	83	136	246	1022	259	
274	282	0	68	487	143	136	246	1022	274	
139	134	152	30	129	511	289	549	999	0	
24	0	141	0	287	88	578	471	1023	320	
0	319	90	130	15	0	1023	258	1021	76	
167	395	118	15	252	139	487	64	1021	274	
282	388	60	8	456	83	136	239	1021	259	

120	76	75	30	30	293	1021	75	594	456	 ***
90	154	90	120	0	293	425	137	438	1023	
259	106	120	90	75	75	1021	891	133	0	
105	91	90	45	0	293	472	545	106	1023	
511	244	45	91	15	121	1022	0	144	577	
188	181	105	0	0	323	1023	388	61	501	
90	136	75	0	30	368	532	1022	91	426	
15	502	30	53	150	334	644	1023	19	0	
120	136	75	0	30	308	1023	456	151	471	
165	76	90	0	45	323	1022	411	122	516	
105	304	0	0	68	106	1023	94	949	121	
509	30	319	469	151	120	860	0	0	312	
15	0	350	135	90	169	121	868	0	1022	
380	30	105	471	0	225	1023	0	442	94	
45	45	91	64	166	90	1022	860	312	75	
343	208	83	147	509	92	0	365	1023	0	
60	0	511	271	135	15	1017	0	274	487	
15	23	90	0	340	437	0	114	1023	728	
38	75	98	135	282	0	1023	19	120	980	
410	84	105	15	0	15	1023	898	160	60	
0	365	195	75	60	83	891	79	0	1022	
105	199	90	0	60	353	437	381	122	1023	
150	274	0	120	0	494	1021	343	171	197	
105	45	274	511	488	94	998	0	105	150	

60	511	45	0	30	274	726	182	486	366	 ***
358	154	0	159	83	511	541	0	874	0	
60	91	75	30	30	293	1023	182	500	396	
60	76	45	30	30	289	488	1023	243	396	
180	511	0	0	83	40	701	1009	156	0	
135	45	60	289	61	75	1023	122	870	0	
15	75	30	511	30	30	1015	929	0	45	
64	0	0	213	127	409	706	0	1023	138	
45	76	30	30	30	274	548	198	1023	426	
45	15	319	90	120	91	45	0	933	1022	
30	105	0	120	511	60	964	800	0	90	
30	76	75	30	30	274	1023	182	594	366	
30	76	15	45	60	274	1023	91	639	427	
75	0	293	30	105	45	1023	0	923	186	
15	30	426	274	511	243	1001	0	90	90	
0	37	139	0	91	211	1023	0	335	844	
106	45	75	45	0	319	1022	106	75	887	
244	45	30	106	0	37	0	1023	312	883	
30	106	15	45	30	274	1023	182	609	366	
60	76	77	45	30	293	1023	182	528	366	
225	349	0	30	15	511	106	987	457	0	
91	90	15	17	501	0	0	928	1023	15	
30	0	98	0	120	90	274	1023	79	966	
77	0	60	0	75	83	963	305	1023	94	
60	106	511	30	30	293	767	182	335	366	
500	511	45	0	30	15	1001	334	244	0	
30	76	45	30	30	289	1023	578	213	366	

0	0	75	155	105	8	180	105	1023	922	 ***
64	166	152	0	35	289	415	308	121	1023	
30	91	259	90	105	106	1022	760	0	110	
64	91	33	0	30	327	394	430	181	1023	
0	34	0	30	45	128	1023	106	828	379	
166	20	79	122	30	278	1023	304	151	400	
75	106	45	34	39	274	1023	212	399	366	
64	92	21	34	60	278	439	1023	166	396	
90	511	45	364	94	0	0	159	289	1021	
0	60	68	120	511	0	312	259	1017	226	
378	27	124	212	259	79	0	1023	471	0	
90	91	511	0	60	304	424	602	121	370	
60	91	45	4	45	312	1023	197	185	611	
80	49	124	94	0	49	893	261	1023	0	
49	109	91	410	135	49	1023	60	647	0	
64	111	15	0	34	319	409	90	1023	508	
178	90	15	308	0	0	1023	620	249	90	
64	91	60	0	30	304	430	416	155	1023	
38	120	244	456	90	511	0	0	98	1016	
60	150	170	0	64	125	0	1022	922	60	
289	511	129	211	83	0	937	150	263	0	
151	0	121	56	240	15	655	0	1023	312	
64	0	0	304	94	30	847	151	1023	60	
38	125	75	0	34	289	412	182	395	1023	

71	257	511	45	380	27	0	193	1013	546	 ***
297	266	180	511	30	244	34	1022	459	0	
308	91	511	10	195	376	319	289	0	944	
504	165	211	50	0	499	334	1023	0	257	
68	259	30	227	388	339	105	0	1023	604	
136	83	197	57	308	75	0	1022	778	387	
0	0	75	159	90	0	1023	547	591	558	
0	0	182	181	120	383	190	1023	503	461	
45	79	90	324	195	166	1023	0	108	1013	
0	49	68	429	120	374	181	469	330	1023	
122	0	49	178	257	252	1023	195	536	431	
0	0	68	159	195	16	195	789	1023	598	
120	92	120	166	0	426	53	934	109	1023	
0	304	68	273	165	73	180	1023	510	447	
216	192	145	113	383	235	0	179	1023	557	
120	49	153	79	328	75	358	0	1023	858	
328	122	117	75	0	98	76	895	1023	309	
46	0	60	316	227	49	1023	418	428	476	
0	16	197	166	166	79	432	533	1023	431	
60	68	327	183	61	42	805	110	364	1023	
0	61	166	121	45	409	160	338	1023	720	
0	140	511	180	377	0	720	403	399	313	
122	0	90	163	223	16	180	1023	795	431	
144	34	246	124	90	105	336	1023	868	73	
45	321	75	109	166	194	366	120	1023	624	

99	205	289	106	380	8	0	223	1022	561	 ***
98	156	96	0	511	495	548	45	0	944	
190	197	274	45	464	99	0	454	147	1023	
0	511	144	190	0	94	541	172	948	293	
106	197	274	75	426	8	0	242	1019	546	
174	76	349	105	16	61	438	49	1023	602	
19	85	135	15	168	46	992	274	136	1023	
94	197	274	68	380	23	0	189	1023	645	
0	128	511	0	64	120	1012	68	373	617	
410	4	23	293	364	65	602	4	105	1023	
342	164	189	0	380	65	105	519	1023	106	
304	62	0	174	105	45	875	1023	110	195	
138	60	247	289	70	260	351	236	1023	219	
0	157	105	145	155	511	0	258	540	1022	
78	197	274	53	388	8	0	662	210	1023	
0	511	83	350	278	79	486	0	920	186	
8	24	60	121	0	252	106	1023	927	372	
63	34	121	135	289	511	449	0	995	296	
34	94	98	105	221	304	92	892	30	1023	
99	212	282	45	425	8	0	193	1022	607	
68	210	64	227	126	30	388	757	1023	0	
19	75	301	387	47	99	1023	852	0	90	
0	342	60	164	274	316	522	94	1023	98	
70	304	511	53	388	12	0	209	800	546	
71	227	274	45	380	8	0	250	1023	615	
63	197	274	61	380	38	0	241	1023	616	
306	0	169	135	79	0	446	460	1023	275	
90	98	129	511	343	314	105	0	1014	289	

15	17	75	129	312	8	0	375	1022	607	 ***
189	60	61	15	87	68	55	0	1023	1002	
160	15	12	15	503	75	166	512	1023	79	
120	119	160	99	99	53	278	290	1023	319	
53	17	79	106	365	8	0	341	1022	569	
62	313	0	53	75	151	216	1023	667	0	
45	92	38	72	373	77	175	665	1023	0	
511	0	174	312	154	75	83	235	1016	0	
72	30	45	91	403	16	0	345	1023	535	
493	8	8	195	320	60	109	344	0	1023	
79	190	0	83	76	14	966	129	1023	0	
95	45	141	45	46	45	404	1023	103	613	
280	154	15	15	12	252	214	1023	129	466	
99	19	75	251	401	17	0	345	330	1023	
80	30	60	106	380	8	274	229	1022	371	

179	42	72	0	37	110	1023	874	99	0	 ***
34	32	217	114	317	0	0	371	328	1023	
511	17	75	80	297	0	0	352	542	562	
15	21	75	106	297	15	252	284	1023	348	
34	15	79	114	511	0	0	375	838	470	
184	42	102	511	476	0	79	31	1011	0	
30	21	75	99	297	0	385	280	1023	226	
34	25	75	76	297	511	0	314	542	562	
23	21	90	106	297	4	0	417	1023	455	
170	507	46	80	511	62	780	0	280	0	
327	511	262	248	203	27	0	0	763	95	
19	17	75	133	312	15	0	402	1023	440	
23	32	75	91	297	0	0	1023	318	577	

168	395	94	25	511	76	129	68	1011	0	 ***
511	142	91	72	334	121	73	1022	35	76	
46	64	85	57	235	31	1023	70	38	828	
8	49	38	68	20	16	1023	102	971	182	
511	42	72	0	203	110	375	591	573	0	
147	68	57	45	32	116	394	454	1023	141	
304	511	87	65	94	182	1023	117	61	33	
79	63	60	61	68	46	1023	861	94	122	
156	75	60	42	38	88	98	75	822	1023	
511	177	57	0	32	125	386	713	95	381	
87	239	31	45	102	501	1023	0	403	46	
17	72	0	72	511	53	355	1019	72	306	
307	38	53	46	53	81	0	79	797	1023	
87	5	42	53	110	45	1023	176	739	197	
131	53	65	17	55	118	454	561	1023	0	
35	324	113	109	407	283	1023	72	0	111	
38	448	130	9	178	497	19	53	1023	82	
95	83	102	59	351	60	483	221	1023	0	
15	171	30	51	32	0	129	1013	13	1023	
128	30	100	65	88	94	323	94	532	1023	
150	38	59	27	511	129	552	516	84	411	
213	60	103	0	63	111	1023	576	328	0	
155	38	61	0	511	141	697	561	313	0	
36	45	78	42	51	64	1023	138	864	136	
149	91	66	32	40	110	401	565	1023	0	
202	38	88	4	45	131	1023	454	362	130	
38	113	15	15	38	38	1023	45	213	939	
106	89	102	87	180	123	1023	455	0	312	
93	110	139	331	0	57	154	15	1023	555	
106	65	15	314	60	42	1023	15	109	728	

98	145	8	19	0	76	30	167	972	1023	 ***
122	38	27	63	102	349	504	310	1023	0	
47	427	201	53	117	64	542	64	1023	0	
174	364	83	25	121	129	144	475	1023	0	
234	197	74	511	216	0	969	0	57	280	
0	49	186	23	190	60	1023	34	922	51	
0	27	107	216	0	79	313	144	629	1023	
462	495	154	27	30	8	256	0	83	1023	
36	0	85	34	511	395	90	1007	42	338	
34	97	151	43	0	49	151	1023	744	246	
33	162	60	79	168	0	104	164	1023	745	
122	38	72	75	107	0	91	104	906	1023	
0	8	0	506	511	508	19	364	23	599	
184	105	53	0	107	223	122	1023	717	4	
8	138	49	107	511	217	77	349	1010	72	
53	122	0	30	205	136	925	27	1023	17	
61	319	79	25	254	511	114	342	751	82	
49	154	0	152	110	0	70	1023	77	903	
85	133	102	179	90	94	0	126	1023	706	
2	156	0	128	116	10	879	90	1023	134	
0	15	316	511	231	47	111	0	1014	293	
308	107	45	0	159	511	0	128	286	994	
60	511	57	355	181	100	82	0	1019	173	
46	57	85	0	463	196	10	106	1023	552	
96	91	49	254	19	57	84	845	1023	20	
8	91	154	167	511	25	1020	60	0	502	

17	277	152	0	126	105	1019	156	114	1023	 ***
117	207	40	19	0	80	440	1023	515	548	
157	93	83	98	154	133	259	989	0	1023	
231	179	60	510	62	64	841	902	140	0	
134	321	182	38	201	163	774	153	1023	0	
510	23	494	75	273	259	254	87	0	1014	
152	70	65	120	199	266	0	177	917	1023	
0	30	126	429	320	4	1012	45	1023	0	
94	145	69	23	130	91	167	506	742	1022	
242	511	0	60	122	217	597	1006	156	78	
69	30	277	276	0	76	126	99	1013	1023	
99	233	8	19	0	257	732	167	451	1023	
104	147	8	141	0	190	241	792	1023	343	
490	94	30	60	122	76	15	997	1021	84	
511	61	4	0	259	132	246	106	673	997	
141	511	53	94	45	231	768	132	1014	0	
384	36	91	211	75	203	91	1023	875	0	
64	158	511	68	305	292	0	261	307	1023	
511	107	507	338	40	0	0	1020	213	253	
183	79	75	165	152	259	1023	0	1023	30	

17	338	152	0	126	129	881	194	114	1023	 ***
244	141	87	260	143	29	587	151	309	1023	
257	114	45	385	137	72	668	136	137	1023	
32	297	152	60	126	105	1023	180	114	885	
152	124	23	57	442	60	769	244	81	1022	
4	169	0	437	217	192	1023	562	0	370	
17	277	152	0	126	120	669	1023	114	476	
8	426	0	99	350	30	128	790	120	1023	
65	140	401	32	87	137	153	0	936	1023	
511	153	15	317	462	244	124	0	126	1022	
17	292	274	8	126	120	881	119	114	1023	
17	293	160	252	131	120	633	201	144	1023	
17	277	152	0	126	511	847	123	555	366	
8	290	274	339	0	158	586	76	220	1023	
17	285	152	143	126	117	1023	141	539	431	
130	122	418	60	511	248	81	1023	381	0	
17	292	152	0	149	117	650	445	129	1023	
75	152	122	426	510	27	962	564	136	0	

0	278	0	60	87	91	1022	61	396	757	 ***
121	8	511	175	121	0	1003	248	199	366	
64	186	366	162	244	30	1023	64	182	431	
64	15	185	122	434	38	1023	8	122	741	
121	13	0	61	220	314	1023	90	469	441	
323	0	125	0	190	0	886	83	122	1023	
78	262	152	0	134	98	424	1023	164	417	
19	262	213	0	140	98	448	164	385	1023	
122	349	511	8	0	252	522	0	0	988	
256	366	76	331	129	206	1023	166	0	199	
60	38	236	65	212	166	1023	61	141	750	
214	0	321	267	0	182	1022	149	0	597	
17	262	160	23	122	98	1022	84	426	538	
15	262	212	511	130	98	601	434	121	368	
198	30	132	175	83	503	1023	64	72	472	
21	262	154	0	201	98	393	150	450	1023	
17	266	156	60	126	166	377	1023	145	416	
76	122	98	99	136	61	926	0	211	1023	
217	124	0	401	180	0	1023	0	0	807	
21	264	242	0	153	98	383	150	1022	419	
308	137	4	511	60	293	930	189	320	0	
17	266	160	0	126	113	392	147	1023	508	
79	73	17	27	389	183	1023	125	126	710	
61	4	60	15	202	105	1022	221	137	925	
511	15	0	262	187	124	1019	0	311	323	
130	106	130	61	141	0	1023	202	331	628	

90	210	0	34	511	0	0	1020	258	536	 ***
0	278	0	60	87	65	517	1023	274	355	
42	90	15	118	38	0	1009	325	1022	0	
0	168	12	222	230	0	1023	433	365	206	
0	278	0	60	95	61	1023	279	527	336	
136	511	0	78	196	252	1022	0	426	38	
0	278	0	60	79	61	633	1023	266	259	
0	278	0	60	87	99	498	333	282	1022	
0	278	0	69	121	61	496	1023	274	337	
8	278	0	60	87	61	1022	584	296	263	
0	286	0	60	117	61	1023	553	296	263	
218	435	64	123	511	0	190	1020	98	0	
511	312	159	61	293	202	0	60	94	967	
0	503	456	30	75	232	0	226	1023	114	
149	83	253	61	0	84	642	0	364	1023	
121	243	42	0	53	0	1022	350	137	691	
0	122	60	511	141	79	1022	129	61	534	
0	278	0	60	87	95	521	321	274	1023	
0	15	186	0	156	511	501	317	0	973	
0	390	125	0	289	252	162	83	335	1023	
60	143	75	179	0	105	1022	252	0	823	
15	294	8	0	511	69	1016	177	0	569	
0	278	0	60	87	95	1022	504	274	339	
0	151	327	57	101	145	152	0	703	1023	
30	278	0	60	87	61	1023	553	274	293	

305	68	511	34	150	0	426	396	12	938	 ***
124	158	102	0	0	12	0	507	914	1023	
12	181	416	0	12	511	120	963	0	625	
75	510	0	34	509	129	0	575	197	811	
15	144	511	38	38	68	312	873	640	201	
4	0	134	0	84	316	1023	884	93	302	
0	87	30	510	304	38	0	779	1022	70	
105	210	305	64	511	0	0	575	227	843	
438	4	98	118	511	30	342	975	0	324	
0	0	396	30	90	8	30	1023	274	989	
8	117	38	90	506	53	702	1022	0	304	
0	0	30	30	118	72	8	1023	730	829	
511	210	0	34	343	0	312	575	227	628	
459	42	49	19	0	278	0	1023	166	804	
0	90	120	0	149	0	1022	68	605	786	
0	30	365	382	511	244	153	956	30	169	
75	510	0	333	498	0	0	659	577	188	
0	154	510	46	511	19	8	1017	312	263	
0	182	286	27	511	473	380	0	0	981	
75	210	90	64	298	0	0	637	443	1023	
87	210	0	34	399	0	406	485	197	1022	
511	343	45	45	0	0	996	180	60	660	
175	317	23	0	95	143	1005	1023	0	59	
23	335	90	183	511	30	125	1020	430	93	
124	484	0	34	30	0	0	669	1023	476	
60	511	8	15	256	30	445	953	147	415	
502	83	30	307	511	30	0	267	94	1016	
0	258	120	79	0	260	366	83	1023	651	
31	95	27	0	511	438	609	1016	60	53	

305	68	511	188	90	0	426	212	8	526	 ***
274	483	0	0	15	152	98	289	0	1023	
305	91	511	159	90	0	426	212	8	532	
0	30	0	511	0	0	771	1022	0	0	
488	30	75	510	0	152	0	0	76	1003	
60	60	259	0	0	450	0	486	0	1019	
397	30	75	15	334	244	122	0	94	1023	
494	304	0	0	30	30	0	426	30	1020	
305	68	4	154	120	0	1022	212	8	441	
309	194	510	34	60	0	592	182	0	453	
505	23	244	396	30	30	68	0	15	1023	
511	60	396	30	0	90	0	0	244	1003	
497	122	0	60	0	90	244	244	75	1002	
305	511	0	60	90	0	720	212	8	428	
8	0	0	0	197	60	60	914	75	1020	
449	30	30	0	0	30	182	30	563	1020	
511	0	0	23	0	0	0	0	1022	778	
510	150	334	0	319	0	0	0	8	1013	
60	0	0	0	0	0	259	182	814	1019	
362	30	510	0	0	15	304	90	0	1023	
305	197	511	34	60	106	426	182	0	513	
0	0	30	8	0	83	0	289	901	1023	
500	510	0	34	75	0	426	212	0	577	
446	0	152	0	0	30	105	578	0	1023	
305	68	4	34	242	0	426	220	12	1023	
464	0	0	349	94	510	0	0	0	917	

252	106	60	75	8	259	673	171	293	1022	 ***
0	364	0	75	441	274	0	592	151	1022	
30	373	0	75	282	34	15	306	782	1022	
166	137	259	275	364	259	0	0	437	1022	
83	30	60	350	0	364	304	708	0	1020	
105	30	456	61	0	76	662	492	1022	15	
244	274	511	79	60	0	121	631	91	908	
327	75	45	411	189	0	334	518	0	1020	
45	0	0	243	0	511	0	75	1023	1022	
427	0	319	0	0	15	0	319	818	1021	
244	23	488	510	0	274	121	0	426	833	
252	30	0	23	105	498	609	274	105	1023	
511	244	244	15	0	60	213	304	327	1001	
252	274	53	259	196	0	78	0	785	1022	
90	136	511	8	259	0	899	0	0	1016	
0	61	312	511	0	334	0	993	53	655	
259	511	0	488	219	0	507	0	935	0	
30	503	244	38	388	244	120	15	314	1023	
274	45	511	30	0	0	668	813	0	578	
30	0	510	121	60	0	0	670	1002	526	
274	304	511	0	0	343	1008	0	0	479	
0	167	510	244	83	267	0	0	626	1022	
365	304	120	244	98	0	160	0	606	1022	
0	502	0	15	244	130	0	1023	291	714	

511	138	0	0	510	0	870	548	0	635	 ***
274	158	60	0	343	0	975	380	1022	0	
260	15	304	105	68	259	609	205	364	1023	
252	75	8	136	8	511	852	152	289	929	
312	472	327	60	511	0	0	638	892	0	
244	260	75	75	38	259	312	576	350	1023	
511	122	0	0	334	144	267	518	304	1012	
282	0	0	128	293	244	681	0	561	1023	
80	274	289	0	0	511	954	563	282	259	
107	0	85	441	338	0	970	248	1023	0	
327	312	0	165	511	309	654	0	934	0	
510	0	38	511	0	379	252	312	966	244	
0	256	68	182	0	65	349	1010	259	1023	
0	64	397	282	120	336	0	0	990	1023	
8	259	0	248	0	511	289	0	924	973	
511	0	304	0	358	342	351	384	0	962	

0	334	511	274	511	30	1014	129	0	0	 ***
19	154	0	0	141	0	630	836	0	1023	
0	0	0	0	0	320	1022	678	80	703	
511	166	130	0	182	0	596	622	0	596	
75	511	0	0	107	0	714	791	0	605	
15	244	0	0	511	91	868	0	1014	60	
0	334	0	121	511	0	15	959	112	751	
45	0	0	68	511	358	820	0	1001	0	
8	136	30	0	511	0	502	364	714	538	
0	0	304	0	274	60	1023	46	91	1005	
511	138	272	0	133	0	596	608	0	545	
323	0	304	38	509	335	924	0	370	0	
145	136	0	0	511	111	596	686	0	618	
19	136	303	38	511	0	682	554	0	560	
305	0	30	334	90	0	0	0	1022	1022	
510	0	0	0	506	60	1021	68	105	533	
19	144	30	228	511	4	472	364	531	500	
30	68	8	304	511	0	844	308	548	182	
0	90	0	0	0	0	61	1021	637	994	

75	289	60	60	511	244	970	0	335	0	 ***
61	30	304	319	511	30	694	595	0	0	
0	511	174	0	90	0	1007	0	762	0	
511	0	30	304	0	0	956	0	165	578	
125	60	304	274	113	30	615	1023	0	0	
0	30	63	0	274	139	0	1015	0	1023	
368	120	511	0	166	30	967	91	45	246	
0	173	304	274	181	30	1023	559	0	0	
0	121	334	276	511	180	657	465	0	0	
12	60	334	274	174	60	607	1023	0	0	
511	0	0	488	484	60	0	0	0	1001	
0	30	15	274	511	30	121	1015	0	548	
76	151	304	304	511	30	689	479	0	0	
76	181	0	45	15	60	1023	15	885	244	
0	182	364	289	511	121	535	542	0	0	

214	121	308	83	139	0	0	1023	319	511	 ***
75	319	68	176	124	259	674	0	1023	0	
19	53	4	150	0	76	1022	396	998	0	
255	308	205	120	511	244	526	0	549	0	
53	511	76	60	0	60	64	899	30	965	
30	456	4	30	511	76	30	1006	575	0	
60	30	15	90	257	312	1023	614	313	4	
128	0	19	60	486	45	1023	550	312	95	
0	158	0	244	45	60	1023	0	217	971	
319	494	0	198	511	60	0	73	80	983	
274	0	60	98	79	69	1023	182	884	49	
75	274	60	124	165	252	1023	0	320	425	
502	0	334	328	60	0	1022	124	120	228	
83	327	64	124	382	511	648	0	579	0	
109	289	79	79	136	511	754	0	761	0	
0	0	155	135	49	349	932	75	0	1023	
30	120	91	431	511	339	274	0	922	0	
19	122	60	0	45	72	1023	1023	248	106	
263	61	75	60	511	308	578	248	614	0	
511	274	0	288	60	308	389	0	706	182	
79	0	151	158	248	0	1022	853	79	128	
227	0	399	471	0	75	91	0	1023	432	

45	185	393	504	0	120	637	1023	334	0	 ***
197	121	278	176	139	0	0	755	552	1023	
209	129	286	161	139	0	0	1023	372	922	
511	365	0	399	15	349	492	0	966	144	
4	449	19	242	231	365	43	1023	0	865	
125	0	5	498	327	381	882	1023	0	0	
0	180	141	0	430	381	205	1022	488	394	
441	305	278	23	277	0	0	1023	306	588	
197	121	308	87	141	0	0	1023	532	832	
501	441	30	365	0	308	87	1023	486	0	
459	343	0	423	0	34	417	1022	419	124	
511	30	0	0	213	136	906	503	274	668	
319	319	421	0	473	457	90	1022	120	20	
394	369	278	23	79	0	518	253	304	1023	
374	379	511	282	0	64	320	31	516	764	
186	60	339	366	16	35	851	1023	91	274	
94	342	453	130	15	61	248	1023	60	815	
214	366	278	53	139	0	244	1023	426	498	

