#80	0	80	2416	80	320	0	2816	2436	112	 ***
#240	224	256	2340	560	912	0	0	3728	80	
#320	324	832	32	0	32	2776	164	0	3860	
#36	240	160	80	816	80	1280	160	80	5408	

112	320	32	400	80	320	0	2620	3556	112	 ***
0	352	160	0	672	192	1184	3204	144	1644	
112	0	0	352	192	320	3204	2188	1072	112	
192	0	480	1728	304	320	0	2780	1524	224	
400	0	160	1632	80	224	0	2812	2132	112	
112	0	0	640	112	320	2260	3404	592	112	
352	128	1696	0	512	192	984	3304	0	384	
160	0	80	192	912	1136	3244	1748	80	0	
144	0	0	400	80	640	1236	1852	3088	112	
112	272	0	320	240	320	0	3004	3092	192	
644	512	400	160	0	340	2048	0	2440	1008	
80	0	0	400	160	352	3908	1804	352	496	
160	80	64	0	160	592	112	5168	496	720	
560	240	0	80	196	528	736	244	4968	0	
336	0	192	192	164	1056	80	112	5420	0	
432	0	0	320	240	800	0	2732	1908	1120	
320	416	32	512	160	0	32	4688	240	1152	
112	0	80	320	320	640	0	2844	3092	144	

112	960	32	560	480	512	0	2312	2920	176	 ***
112	320	64	400	0	400	3332	792	1892	752	
80	160	864	112	1600	160	64	4064	960	0	
160	1296	512	0	192	0	0	1460	4332	112	
112	560	64	1664	0	320	0	1452	3780	112	
624	64	320	304	32	80	704	800	560	4576	
32	720	160	32	240	112	3084	3060	80	544	
112	320	32	1568	0	352	0	1144	3784	752	
192	672	320	864	112	64	0	4624	1056	160	
112	320	64	1584	0	640	0	1784	3448	112	
112	320	64	720	0	1392	0	1816	3448	192	
112	320	64	400	0	640	112	1736	4568	112	
164	468	224	112	960	352	400	272	4632	480	
1168	192	192	272	480	512	2400	160	240	2448	
80	0	160	432	64	272	3652	320	1228	1856	
272	32	192	784	160	112	720	240	4624	928	
64	240	432	160	240	544	1344	4576	320	144	
192	320	64	400	320	320	0	1768	4568	112	
432	320	32	400	0	1408	0	1624	3736	112	
592	960	144	400	0	352	0	936	4568	112	
112	320	352	400	80	320	0	1132	4564	784	

112	960	32	560	960	432	3636	1056	1456	176	 ***
80	320	704	784	800	224	64	5140	992	272	
112	480	32	400	1120	400	0	2272	2848	1716	
992	352	832	512	64	800	704	4372	432	320	
160	352	224	192	1104	800	752	352	4372	1072	
800	352	192	272	1264	832	592	336	4740	0	
80	944	240	624	0	272	1184	1376	80	4580	
544	192	640	0	240	272	704	4420	1824	544	
144	2240	32	400	480	400	3636	1136	576	336	
384	192	32	32	384	960	1200	1968	3652	576	
112	2240	32	400	320	400	896	1408	816	2756	
32	672	1520	944	672	0	704	3892	544	400	
992	0	384	64	2692	1552	192	640	2304	560	
112	1120	32	1040	320	1040	1376	1056	3108	176	
112	1120	32	1232	576	432	0	2880	2820	176	
272	1600	192	400	320	400	0	2528	2500	1168	
112	992	192	1040	1760	400	0	2368	1040	1476	
112	992	32	784	320	592	0	2272	2404	1872	
224	0	480	432	496	400	304	1552	5492	0	
752	960	32	240	960	400	0	352	3284	2400	
112	1120	32	560	320	1040	0	2176	2532	1488	
160	320	144	4180	320	480	1136	144	32	2464	
416	80	464	272	320	192	112	2336	4276	912	
240	592	0	544	32	1232	192	4084	640	1824	
1216	1280	1920	640	1024	1508	0	1600	192	0	
0	832	32	352	832	672	432	2112	4116	0	
32	2240	32	560	320	400	0	2368	880	2548	
112	960	32	400	960	1424	1120	1824	2212	336	
1264	192	1072	64	800	592	272	0	4932	192	
272	1120	96	400	1600	400	720	592	3040	1140	
1392	224	320	96	1152	192	0	2640	3364	0	
720	400	432	176	112	1424	1344	1568	3204	0	
80	160	1632	1312	464	528	480	192	4532	0	
272	960	32	432	960	400	4420	992	736	176	
112	1120	672	400	992	400	0	2688	2500	496	
96	480	672	480	1040	304	512	928	4676	192	
1632	0	0	256	1508	0	880	4192	512	400	
0	0	80	464	512	896	1072	1216	4420	720	
0	384	1232	80	944	224	1504	400	4420	192	
352	272	352	880	320	272	0	5396	544	992	
512	320	176	192	1440	144	64	1712	4180	640	
880	832	0	992	256	1648	32	3844	512	384	
80	640	80	736	112	640	224	1344	4500	1024	
32	240	672	1392	400	672	0	4916	800	256	
736	912	0	0	800	864	336	1344	3956	432	
160	400	1440	544	0	144	4772	1024	240	656	
864	544	752	560	112	352	4932	0	192	1072	
0	32	272	640	544	352	1744	944	4420	432	
0	1312	208	32	464	0	400	1232	4420	1312	
1120	496	704	640	320	240	272	112	5172	304	
192	272	144	992	160	352	1600	0	5332	336	
592	1040	32	1936	320	400	320	3908	656	176	

1280	160	1120	0	320	240	1120	112	5024	272	 ***
32	1600	112	480	1040	272	3632	512	1472	496	
32	960	32	1760	1600	432	2400	384	1296	752	
32	640	32	1616	960	608	640	624	1376	3120	
240	560	304	160	864	112	3664	1632	640	1472	
880	352	192	704	224	272	4992	720	1312	0	
320	960	0	112	1424	192	4336	2048	256	0	
32	1120	704	560	960	432	3664	352	1216	608	
832	320	160	240	1840	160	4400	464	304	928	
352	704	192	880	784	240	3696	1120	1680	0	
32	1040	32	480	1040	112	4368	240	1936	368	
32	960	32	1120	960	272	80	512	1536	4144	
880	96	160	112	1312	160	3840	2304	784	0	
1392	960	192	704	2000	80	1232	0	0	3088	
112	1376	1440	1072	720	320	4288	0	144	176	
2736	80	0	1776	864	0	0	1344	2112	736	
32	960	32	480	960	304	0	3232	2096	1552	
1792	320	0	432	384	1136	3968	224	1392	0	
0	592	112	0	192	672	4704	1072	2240	64	
192	160	352	1232	192	0	0	4608	1680	1232	
1312	32	0	704	672	288	4176	1200	1264	0	
112	960	32	480	1040	752	3632	352	1520	768	
32	624	160	304	0	1360	1232	2416	3520	0	
32	960	32	560	960	272	672	592	1296	4272	
0	80	0	1056	32	832	3600	1632	912	1504	
880	480	32	832	0	1904	784	4656	80	0	
32	992	144	1776	1600	272	0	512	1376	2944	
416	224	144	1632	112	192	4704	432	1792	0	
1056	432	384	3520	352	240	3360	0	0	304	
416	112	832	720	800	480	3808	400	2080	0	
112	1040	32	320	992	432	800	352	1296	4272	
1104	160	640	336	912	0	4080	320	1296	800	
960	64	0	1216	416	1072	4448	720	0	752	
352	912	672	352	640	112	3808	2464	336	0	
64	1040	32	480	1120	752	4368	432	1296	64	
96	1168	224	0	1120	1200	4448	0	0	1392	
240	880	672	640	144	112	5312	32	1232	384	
32	960	32	480	2128	432	0	784	1456	3344	
32	960	112	480	992	272	3296	672	1376	1456	
112	992	32	480	1120	112	3632	352	2048	768	

240	800	800	0	640	352	1344	432	3904	912	 ***
320	0	560	1424	240	1040	912	736	4000	192	
640	240	880	192	800	240	800	912	1648	3072	
160	832	480	800	320	672	272	1120	3072	1696	
2288	1280	640	240	640	192	3744	240	0	160	
640	1520	1200	0	480	912	656	752	2992	272	
1024	112	1072	0	480	0	784	0	4880	1072	
832	0	1280	480	512	224	1232	816	4048	0	
0	752	0	352	320	32	2112	816	4240	800	
640	160	832	80	320	320	3872	960	1728	512	
1040	160	1520	160	320	320	960	112	3648	1184	
720	464	160	320	160	720	3072	432	3104	272	
0	2432	0	240	432	272	3008	480	1040	1520	
640	240	1200	320	640	240	880	112	2080	3072	
1040	160	1120	0	400	432	1152	544	4064	512	

160	640	800	0	1072	432	560	192	3312	272	 ***
160	640	800	160	640	272	592	192	3744	240	
160	640	800	0	640	416	560	192	1888	2144	
160	640	800	0	640	352	720	656	3168	304	
160	640	800	0	800	304	2656	192	1648	240	
752	160	320	0	0	800	3360	752	0	1296	
0	80	0	432	592	560	864	1520	3392	0	
192	80	160	352	240	0	0	320	2576	3520	
672	400	1568	560	400	0	512	720	2608	0	
80	240	0	1120	144	480	0	1344	2224	1808	
160	672	800	0	640	352	560	192	3792	272	
160	640	800	0	640	464	560	224	3712	240	
160	640	800	0	640	464	720	192	3552	272	
160	672	800	0	640	352	560	192	3168	896	
160	496	0	192	160	960	800	560	3712	400	
1120	0	144	272	880	2016	2848	160	0	0	
1168	640	176	0	992	0	0	832	3456	176	
160	640	960	32	640	272	560	192	3744	240	
2080	512	624	80	0	0	0	1040	592	2512	
160	32	832	0	800	352	560	1200	3232	272	
160	640	800	0	320	352	784	352	1856	2176	
160	640	800	0	640	512	848	192	3344	304	
0	320	80	720	1632	112	640	2624	352	960	
192	640	800	0	800	352	400	192	1808	2256	
240	0	800	0	640	992	2736	192	1456	384	

164	640	992	480	324	512	404	224	1712	2128	 ***
160	644	880	0	720	512	432	752	2900	580	
480	676	804	0	400	464	480	192	1904	2180	
240	836	960	0	1732	512	432	436	2320	112	
0	0	240	1472	400	1592	1156	832	0	1888	
1236	0	240	2288	544	0	0	84	788	2400	
192	80	488	0	644	640	816	960	3488	272	
1200	912	516	640	912	0	352	352	0	2696	
0	640	560	80	480	2016	2328	84	1392	0	
0	384	480	484	352	1604	3012	0	1152	112	
160	640	832	0	1984	516	720	1112	1312	304	
244	640	800	32	352	512	564	224	3812	400	
324	272	0	320	640	592	1872	112	3448	0	
276	720	400	0	224	164	320	720	4612	144	
276	320	1152	276	0	0	640	836	3360	720	
1072	560	512	0	36	752	244	1232	3172	0	
64	640	276	1680	720	320	80	800	2836	164	

672	480	512	196	0	800	1444	756	896	3920	 ***
784	592	1124	720	1300	0	1184	1264	2708	0	
1552	484	272	992	0	164	800	804	1920	2688	
912	1120	2020	800	1360	144	724	64	0	2532	
244	580	960	880	1520	1124	352	32	944	3040	
308	1152	1284	484	1312	464	880	1120	0	2672	
196	592	516	320	720	1552	1760	160	1540	2320	
1952	544	0	0	640	240	1040	404	2980	1876	
80	1792	112	1024	88	1040	832	0	3044	1664	
84	640	1040	240	324	752	1124	864	1856	2752	
436	304	832	888	1552	400	0	1440	3664	160	
192	352	800	1172	1392	432	724	868	720	3024	
624	1024	704	1124	1520	0	1944	0	2256	480	
164	640	960	320	724	1712	1044	224	1328	2560	
880	544	1280	992	480	160	480	1668	500	2692	
320	964	804	80	352	592	640	752	3940	1232	
84	960	960	160	324	512	1364	464	4400	448	
704	160	1236	432	2000	1024	1600	0	336	2184	
640	752	1440	900	320	240	0	692	1572	3120	
560	440	640	1152	1040	960	320	756	1408	2400	
960	992	0	244	704	884	432	548	640	4272	
720	640	1072	164	112	1312	0	1752	544	3360	
196	628	1584	880	644	400	944	112	752	3536	
240	160	640	884	672	1360	992	864	3864	0	
112	960	248	0	560	1556	3584	992	1472	192	
0	192	192	1040	192	2036	1428	0	3712	884	
484	784	352	880	0	1716	224	112	2116	3008	
84	800	2240	160	644	672	404	384	1488	2800	
400	324	112	0	912	640	624	2112	4072	480	
880	432	36	884	480	800	2276	832	800	2256	

160	272	240	512	324	224	480	240	912	4376	 ***
32	320	304	800	360	880	864	160	1312	2708	
1108	320	720	440	480	192	1104	0	80	3296	
640	84	228	384	80	560	1748	320	400	3296	
0	880	548	516	240	2512	1776	244	1024	0	
880	516	0	36	160	992	404	1424	240	3088	
356	432	1424	832	560	160	560	0	1152	2264	
560	640	512	196	0	640	836	836	704	2816	
560	480	512	516	0	832	804	596	320	3120	
164	240	1156	0	2448	400	436	2352	0	544	
1168	0	468	640	356	720	800	160	800	2628	
160	164	0	320	272	1664	2688	0	1760	712	
880	560	512	228	0	640	724	596	2816	784	
560	352	484	592	32	512	1080	192	960	2976	
592	240	36	592	992	960	0	1104	388	2836	
816	992	224	436	992	2376	0	0	1104	800	
912	276	1584	352	0	240	160	644	1520	2052	
752	868	596	2224	544	192	0	0	1732	832	
1124	112	400	192	1152	240	912	852	0	2756	
560	432	832	276	0	800	644	628	704	2864	
560	432	512	196	0	800	804	836	736	2864	
592	400	352	196	0	880	1124	276	3136	784	
0	0	676	596	80	560	2852	1264	1312	400	
600	484	832	0	80	320	864	864	2752	944	
560	400	512	1028	0	672	564	596	2624	784	
548	160	192	784	800	400	992	324	1124	2416	
720	432	512	196	240	800	644	596	2816	784	
512	512	192	964	356	1444	416	864	0	2480	
560	400	512	116	0	800	2388	596	1008	1360	
272	4	2384	676	0	0	528	480	1476	1920	
592	560	512	228	160	640	724	676	736	2912	
480	560	484	0	640	32	3476	1200	628	240	
676	1604	240	432	640	752	352	596	2448	0	
868	400	2260	1072	0	192	1188	240	1520	0	
752	648	0	64	320	432	644	1072	848	2960	
240	192	0	624	800	724	784	3096	1280	0	
0	728	384	1104	0	1632	1764	672	736	720	
672	360	480	480	192	672	548	320	0	4016	

320	864	596	0	160	144	1600	548	400	3572	 ***
272	976	160	2276	0	196	1156	672	512	1984	
480	32	164	1044	464	864	0	1152	400	3604	
192	192	448	512	592	192	1296	240	832	3708	
112	484	884	464	160	1072	1072	3124	832	0	
192	432	512	564	0	2320	112	484	1712	1876	
720	1472	592	2112	512	544	0	884	0	1368	
240	1140	1920	560	752	708	272	0	0	2612	
160	544	400	512	164	592	432	240	912	4248	
80	404	228	240	672	80	2064	240	228	3968	
160	192	336	544	480	192	720	400	1328	3852	
272	1120	480	836	1072	112	644	2848	820	0	
160	1632	0	484	0	544	672	1348	592	2772	
640	0	2560	880	160	672	568	448	320	1956	
404	784	2400	0	1040	224	0	352	1232	1768	
192	192	240	512	644	192	720	272	1344	3896	
160	336	240	512	324	192	912	80	928	4520	
544	192	240	672	560	224	400	240	912	4220	
192	160	240	544	192	880	400	80	832	4684	
80	624	240	0	720	80	2292	384	592	3192	
160	408	480	0	1232	560	356	304	1184	3520	
720	804	720	464	0	224	352	880	624	3416	
192	192	240	480	164	256	624	528	832	4696	
272	596	0	992	672	916	352	640	32	3732	
1040	0	480	592	224	80	592	1092	644	3460	
560	0	80	708	1156	192	3284	80	1744	400	
0	484	352	0	880	160	1572	836	624	3296	

480	160	32	164	880	36	432	4052	560	1152	 ***
720	240	84	80	160	1600	192	224	832	3816	
0	752	404	0	240	112	1600	1604	2160	1076	
160	324	240	112	720	160	1136	800	480	3816	
480	240	144	80	320	704	1392	484	0	4104	
320	400	592	352	192	112	884	240	1152	3704	
80	1040	400	112	160	112	3312	624	240	1868	
0	752	644	0	192	192	1440	624	404	3700	
836	160	272	0	512	320	0	1504	880	3464	
560	160	80	1040	512	160	272	640	752	3772	
720	384	160	592	884	80	804	0	832	3492	
240	832	484	0	400	144	1440	464	240	3704	
32	752	324	320	320	112	1440	704	240	3704	
0	800	404	0	240	112	1760	464	432	3736	
168	432	484	400	160	0	1504	0	832	3968	
0	704	404	1376	160	192	1520	544	560	2488	
912	0	0	160	224	836	0	436	4228	1152	

480	160	32	36	912	296	432	3584	240	1632	 ***
560	160	224	4	912	196	512	4324	240	672	
592	0	276	0	1368	464	592	832	1552	2128	
708	592	752	672	1104	320	240	1188	0	2228	
480	848	64	0	912	196	432	2568	1504	800	
384	720	112	676	992	352	1076	1796	1696	0	
640	160	32	4	880	1956	576	2372	240	944	
80	560	192	672	320	320	816	672	3908	264	
480	192	32	4	912	36	544	4404	400	800	
356	192	512	148	400	272	468	4224	0	1232	
0	416	784	880	2080	440	1744	752	708	0	
400	544	272	192	2496	628	644	2548	0	80	
512	672	720	576	80	640	1036	2272	1296	0	
240	756	32	352	304	160	0	2616	2592	752	
192	432	0	480	708	2356	2304	708	624	0	
480	160	32	160	1040	112	432	2908	304	2176	
992	276	640	784	272	868	0	2032	1540	400	
720	352	1488	384	400	244	580	0	512	3124	
560	160	32	0	912	112	432	4332	272	992	
480	160	64	80	880	148	752	4360	240	640	
480	240	32	0	960	2020	464	2536	240	832	
160	2040	0	272	80	64	1072	912	1972	1232	
32	548	432	436	1408	400	1632	2160	756	0	
480	192	32	0	2224	688	608	2540	240	800	
512	192	32	320	880	36	432	3636	240	1524	
832	160	224	0	2224	36	896	2360	240	832	
324	864	1120	592	336	640	0	2708	916	304	
560	160	32	0	1076	32	2176	2536	352	880	
480	1472	32	0	992	32	800	2892	304	800	
160	192	464	320	480	632	624	352	2116	2464	
320	436	596	1232	384	400	0	1732	896	1808	
560	928	512	884	640	88	624	3056	0	512	
560	276	32	0	1072	36	464	2020	2512	832	

484	352	672	36	240	320	0	4228	580	2624	 ***
0	1792	1060	1584	1124	464	480	2708	324	0	
224	1616	356	84	160	1472	1076	2436	2112	0	
1184	240	832	592	680	1204	1632	0	116	3056	
96	1076	560	1668	1072	1392	0	0	320	3352	
480	480	672	36	896	36	788	3184	1124	1840	
192	320	720	0	1072	324	480	2580	32	3816	
1280	276	32	36	720	1316	432	3172	592	1680	
0	640	1956	800	0	564	960	32	4344	240	
832	0	656	432	2032	1736	2088	880	0	880	
32	800	800	564	0	160	112	5388	1600	80	
480	160	32	996	1396	312	1072	1104	880	3104	
800	836	384	36	720	228	1108	3344	880	1200	
432	1312	1460	1920	0	192	2420	0	272	1528	
480	160	36	2288	1360	80	3188	744	400	800	
384	964	432	1424	644	1396	0	2468	1040	784	
1120	160	36	36	960	1940	1072	2020	592	1600	
800	160	640	352	720	36	2496	2136	960	1236	
432	912	32	0	1040	320	1912	1352	352	3184	
484	480	0	1316	1440	824	912	1344	1536	1200	
484	1696	720	1800	672	480	944	2512	228	0	
1076	4	676	480	1024	2336	0	1568	1424	948	
356	944	0	164	1264	0	3268	84	304	3152	
32	32	1056	84	32	80	2744	0	4292	1184	
1124	240	32	36	1200	148	468	3072	2176	1040	
480	1040	36	196	1360	152	1072	3088	832	1280	
1600	80	80	480	1840	144	352	704	4256	0	
480	244	192	1396	1072	68	1264	1028	560	3232	
272	0	512	720	0	432	3180	516	1360	2544	
1152	388	1632	36	720	72	832	3104	400	1200	
880	112	400	0	512	832	660	1392	80	4668	
1120	32	512	192	0	1280	592	4028	400	1380	
640	160	672	40	1440	68	1152	1988	320	3056	
1120	160	192	192	400	32	1744	3232	1264	1200	
320	1464	720	0	160	1648	1072	3080	1072	0	
484	320	32	32	720	640	224	2700	720	3664	
352	1280	1056	836	244	708	560	3876	624	0	

1604	512	592	64	400	320	0	3484	640	2304	 ***
484	512	592	36	240	1344	0	2832	1268	2612	
1312	800	1120	276	1600	240	308	2932	1332	0	
484	512	672	32	164	736	0	3704	1312	2304	
436	320	800	272	484	400	2496	3300	1024	388	
4	196	400	720	1232	880	0	3576	2752	160	
0	0	164	160	1344	0	0	992	5068	2192	
436	864	240	840	320	1392	516	1968	3344	0	
1552	512	1328	164	0	240	868	0	3296	1960	
1444	0	1440	160	160	0	80	2692	3304	640	
272	1152	0	720	720	164	32	2132	804	3924	
484	512	704	36	240	1440	0	2280	1504	2720	
320	440	240	32	880	192	1744	3528	240	2304	
644	432	672	596	272	352	2580	2112	196	2064	
484	1152	1104	196	240	320	1044	3444	432	1504	
32	0	0	1200	240	1472	0	388	3128	3460	
1312	324	160	800	1104	240	640	2804	2056	480	
404	944	0	1264	720	272	160	2976	1268	1912	
484	352	752	116	484	320	1120	3300	1456	1536	
192	352	804	112	720	240	644	2288	832	3736	
640	880	352	1104	2224	320	404	2756	1240	0	
484	352	592	32	240	672	0	2504	1440	3604	
320	0	1220	116	0	0	1280	2096	4728	160	
320	160	672	1440	144	112	112	5128	1432	400	
836	356	1872	116	240	320	0	3492	944	1744	

1444	544	592	228	1040	352	0	1464	640	3776	 ***
1716	432	704	64	400	320	0	3580	720	2144	
2544	640	0	784	320	0	160	0	5308	324	
0	708	1632	400	816	1872	32	3260	160	1200	
68	160	1988	80	0	1360	1280	3844	1300	0	
1440	196	244	112	336	32	512	4136	560	2512	
0	244	160	356	720	1040	624	3912	832	2192	
2004	432	592	64	512	432	0	3100	720	2224	
548	884	656	640	676	944	1344	3428	960	0	
112	912	1200	432	324	0	724	4088	1632	656	
0	1504	880	112	0	964	960	32	4908	720	
272	112	512	784	564	1232	116	3016	912	2560	
160	1188	112	80	720	1520	804	3560	1056	880	
1364	400	592	1488	480	400	0	2220	1232	1904	
596	1600	0	1072	112	992	80	3532	624	1472	
1476	512	672	64	400	320	3416	1156	640	1424	
244	864	560	192	512	672	2192	3688	996	160	
1364	432	704	64	1312	320	0	1192	3028	1664	
0	80	160	352	0	192	32	3800	1832	3632	
832	1120	1060	240	356	720	1924	2532	1296	0	
400	352	592	944	800	800	1472	3304	708	708	
272	752	800	308	0	352	468	4392	1312	1424	
1364	464	592	96	400	320	0	3100	1440	2304	
80	1360	4	32	1424	400	320	5436	704	320	
1364	432	592	308	512	560	0	1224	1312	3776	
320	368	1200	880	400	400	356	3148	2592	416	
1444	432	592	784	480	320	0	3020	1312	1696	

3232	704	560	224	1040	32	1144	1428	880	752	 ***
1760	1296	880	224	880	0	0	1268	512	3176	
192	304	0	1512	1472	0	0	0	1472	5044	
32	432	1760	1472	0	432	960	4872	36	0	
1120	544	560	384	640	720	0	1588	1264	3176	
1280	2144	560	304	1040	32	3016	948	240	432	
720	80	400	640	256	800	4	2832	0	4264	
0	640	160	80	160	80	112	2724	6040	0	
1120	544	912	1300	1120	0	2260	948	240	1552	
1120	544	912	224	800	800	3016	1908	240	432	
160	0	352	1076	0	720	1104	240	1840	4504	
640	320	196	192	752	0	880	1344	5672	0	
992	1184	560	224	800	0	0	3628	400	2208	
912	356	192	192	1668	0	2180	864	720	2912	
320	964	224	592	1440	0	32	912	272	5240	
112	0	164	80	944	816	1520	992	160	5208	
272	80	32	800	80	480	1280	912	756	5304	
1200	80	0	0	1712	640	1120	224	320	4700	
800	864	752	224	1840	0	0	1140	676	3700	
640	164	1040	144	704	80	160	1792	320	4952	
144	0	1280	0	880	752	0	784	1040	5116	
1280	1184	560	224	1680	0	3016	1380	240	432	
1920	160	640	112	560	224	868	0	160	5352	
1120	544	1280	256	800	0	2984	1268	272	1472	
2544	272	0	160	0	240	0	0	1508	5272	
880	640	32	160	32	640	0	1152	1904	4556	
1280	704	400	224	800	960	784	1588	320	2936	
912	272	1440	672	320	0	80	1856	36	4408	
1120	544	720	224	880	0	1140	1700	400	3268	
596	272	2224	1072	560	160	400	1348	752	2612	

992	400	800	2464	640	992	0	3516	352	0	 ***
0	1712	160	160	916	352	4984	752	480	640	
836	480	192	720	816	640	4440	800	272	960	
1440	704	640	224	1040	32	2904	1424	880	868	
1920	704	560	224	1040	32	912	1104	880	2780	
1120	912	160	192	1316	32	4248	704	960	512	
1464	960	0	0	640	0	4836	992	704	560	
3156	788	560	224	1120	352	1220	1104	880	752	
1908	640	560	912	320	0	4952	160	400	304	
1440	704	560	272	1040	32	2888	1104	880	1236	
0	384	0	400	0	640	320	1600	2112	4700	
1440	704	720	256	2680	32	948	1104	880	1392	
32	800	1040	0	160	752	272	1744	800	4556	
1436	544	1280	240	720	80	4832	32	992	0	
1440	704	560	224	1040	32	912	1424	960	2860	
3316	704	560	308	960	32	1220	1424	880	752	
3152	704	640	224	1120	32	1432	1104	884	864	
1396	432	0	432	240	0	3096	1280	464	2816	
1440	704	720	224	1040	352	2860	1104	960	752	
240	640	432	868	0	640	800	3656	2880	0	
0	0	960	832	880	0	0	1760	5148	576	
1440	784	560	224	960	32	1152	1104	880	3020	
720	1024	112	112	1600	1208	0	0	4708	672	
32	0	720	0	2640	628	4232	480	1232	192	
1520	320	1404	160	352	1360	4560	240	240	0	
800	1840	320	272	1616	0	4684	192	432	0	
1440	704	560	192	1040	32	2892	1104	1360	832	
1440	864	560	224	1040	32	1232	1104	880	2780	
1268	2164	480	832	80	144	4276	0	912	0	
3160	704	720	224	960	32	1188	1184	1232	752	
3156	704	560	420	960	32	1184	1104	1284	752	
2000	1956	1040	192	80	0	720	3720	448	0	
1440	704	560	224	960	272	880	1424	880	2812	
1520	704	560	192	1040	352	832	1264	880	2812	
640	0	0	224	80	160	4812	2880	320	1040	
752	320	32	720	1040	0	4812	400	0	2080	
0	512	2396	672	0	864	0	3632	560	1520	
32	1840	640	0	1476	880	160	3048	688	1392	

544	320	404	1872	640	1504	640	1836	960	0	 ***
352	800	160	1984	640	1152	760	2472	400	0	
720	32	1040	160	88	800	0	2004	3876	0	
1236	832	352	804	0	240	240	0	3096	1920	
464	160	404	1872	880	1060	0	2920	960	0	
352	80	160	1552	1280	1072	2224	964	1036	0	
320	0	676	1304	0	240	720	3988	640	832	
480	80	1356	160	0	720	4084	1040	0	800	
240	352	0	1316	160	1360	640	4508	32	112	
480	64	1772	724	0	2240	480	2880	0	80	
1360	1548	160	720	0	0	160	356	720	3696	
80	352	400	1548	80	0	0	2628	2000	1632	
800	1188	272	400	1884	0	1072	2992	0	112	
912	320	1040	0	0	644	160	1456	192	3996	
352	80	836	1872	840	1712	0	2436	592	0	
512	80	324	2144	640	992	0	2484	1544	0	
352	240	272	1792	1672	992	0	2440	960	0	
512	720	240	1712	640	1072	1432	1848	544	0	
80	1356	240	320	1232	0	0	2228	3072	192	
0	1040	0	112	1552	0	304	1104	2768	1840	
992	896	400	720	160	720	4768	0	64	0	
800	352	36	0	832	112	2632	2752	0	1204	
676	272	164	2352	756	992	1312	1876	320	0	
1152	160	160	1632	1232	1108	0	776	400	2100	
640	752	484	1236	480	32	4296	80	640	80	
192	80	192	1712	720	1268	0	2892	512	1152	
240	1280	740	160	0	0	1600	1364	304	3032	
0	80	84	1120	160	1236	1152	3384	672	832	
544	192	320	1872	640	1164	0	2356	320	1312	
2112	352	160	756	1040	996	196	2756	352	0	
640	320	80	4	164	0	1544	3936	480	1552	
1424	80	240	1632	964	1024	2152	884	320	0	
1584	1392	0	164	752	352	160	3676	640	0	
80	832	400	0	1804	0	3812	1040	752	0	
0	512	0	240	1436	656	512	4084	1280	0	
384	80	272	1552	640	1712	2440	1240	400	0	
80	0	480	0	400	1072	3132	1988	1568	0	
752	400	320	320	640	0	32	672	1636	3948	
0	1508	352	0	1360	1040	84	3896	80	400	
0	1044	32	596	960	400	1120	4372	196	0	
1316	0	1040	560	160	0	3948	896	160	640	
352	0	1796	80	832	240	1360	3900	80	80	

544	320	240	320	0	1120	640	4120	320	192	 ***
0	0	0	160	80	2788	0	3840	756	192	
624	240	240	1232	0	992	640	3048	800	0	
0	1908	0	352	0	80	0	4644	0	832	
1732	0	0	0	160	80	0	0	912	4932	
800	160	0	0	480	0	1456	4440	480	0	
80	480	240	0	756	80	720	5460	0	0	
544	240	240	432	0	992	640	3176	400	1152	
160	0	0	192	1472	160	560	5272	0	0	
160	80	320	1024	0	0	0	4840	720	672	
464	320	240	1952	0	1156	640	228	2816	0	
640	0	0	0	0	320	160	4872	480	1344	
80	32	320	1024	640	160	0	5320	240	0	
544	240	480	320	0	1504	640	148	320	3620	
544	240	240	1072	0	1040	800	580	3300	0	
80	0	320	32	0	960	4	4948	272	1200	
544	240	320	1072	0	960	800	580	3300	0	
0	160	0	960	400	640	0	4792	512	352	
544	240	240	1232	0	960	2420	1380	800	0	
0	0	720	0	160	80	1120	5304	80	352	
0	720	0	0	112	80	0	3636	0	3268	
0	112	0	1280	0	320	0	640	0	5464	

800	160	240	0	0	0	2468	2456	160	2496	 ***
0	0	912	80	0	0	160	400	3296	3932	
272	240	240	0	0	320	1312	5276	880	240	
720	320	0	80	160	0	0	3316	0	4184	
32	640	80	0	320	0	880	4956	272	1600	
32	80	800	880	644	800	0	5272	272	0	
864	960	84	240	480	192	1440	4360	160	0	
80	0	0	320	192	0	1680	4716	1632	160	
80	240	160	0	640	640	0	3832	3188	0	
240	880	160	144	592	1040	1876	3608	240	0	
192	400	400	160	80	800	1280	3768	432	1268	
0	1040	0	720	240	0	0	1124	832	4824	
880	0	160	800	0	240	1124	4984	592	0	
804	640	640	512	160	80	160	5144	0	640	
160	0	1360	0	160	112	0	4956	1040	992	
720	112	960	80	0	720	0	3416	240	2532	
0	320	0	0	324	80	640	832	1392	5192	
436	80	912	640	36	80	1280	4676	0	640	
640	0	800	160	400	0	0	0	5268	1512	
80	112	400	640	720	0	160	4956	832	880	
352	240	240	80	160	1280	640	4796	992	0	
0	1380	0	80	160	80	1200	4920	960	0	
0	0	2216	800	0	240	0	720	4564	240	
880	800	112	0	160	0	80	5064	1520	164	
352	240	400	0	84	1200	752	4200	352	1200	
1456	0	80	640	568	0	880	0	5156	0	
352	400	320	32	0	160	2000	3800	400	1316	
0	320	880	0	800	192	1232	5356	0	0	
320	720	0	80	1200	32	80	5640	708	0	
0	960	32	720	112	832	1352	0	0	4772	
800	352	1040	320	720	0	0	4440	1108	0	
160	0	80	160	720	432	2544	4328	80	276	
0	160	80	720	0	2776	0	672	320	4052	
272	272	240	160	320	80	640	4956	960	880	
192	400	880	112	240	800	640	4956	560	0	
832	320	320	240	244	640	0	3768	1104	1312	
752	880	832	240	80	80	160	4956	0	800	
192	240	400	0	0	912	752	3800	1040	1444	
628	1120	0	80	80	32	1440	5208	192	0	
640	160	80	640	720	32	3256	3012	240	0	
640	640	880	80	240	320	80	3176	160	2564	
0	80	640	160	800	960	0	5272	868	0	
0	992	160	0	480	0	404	0	5224	1520	
272	404	240	80	0	480	1392	3880	560	1472	
80	32	160	432	720	196	0	3128	0	4032	
0	160	240	0	800	160	3204	160	3336	720	
272	1040	240	0	160	272	1520	4952	320	4	
0	1264	160	0	0	0	960	5480	836	80	
160	720	964	80	80	672	0	5192	752	160	
564	800	0	112	0	0	0	3248	3416	640	

0	0	1620	640	640	352	2968	912	1600	0	 ***
160	720	2200	720	160	272	0	2260	2240	0	
0	916	320	800	640	64	0	3156	720	2116	
2228	800	400	4	832	352	0	3316	0	800	
800	160	240	112	0	0	3048	2228	272	1872	
800	832	80	0	160	996	160	4504	1200	0	
800	960	1876	0	800	80	672	2884	660	0	
160	0	0	992	80	916	0	2352	160	4072	
240	756	0	224	0	804	1524	1280	0	3904	
0	640	160	0	800	160	1504	0	672	4796	
192	784	484	880	0	80	800	4628	644	240	
112	1552	992	640	0	160	80	4876	320	0	
640	0	120	800	480	0	1280	5140	272	0	
80	2036	0	160	272	800	880	4472	32	0	
160	0	404	80	272	880	5416	0	160	1360	
192	112	0	400	960	800	2484	720	0	3064	
800	640	0	912	0	0	4648	192	1540	0	
80	64	0	192	640	0	2244	1360	640	3512	
80	704	320	352	0	720	2372	1124	3060	0	
0	0	480	960	1620	0	2704	0	2888	80	
400	0	676	224	1360	116	2212	3024	0	720	
800	160	240	0	720	0	3720	868	400	1824	
1360	832	240	2116	0	0	800	916	352	2116	
1680	640	160	0	112	640	756	4040	704	0	
196	720	800	0	160	752	672	2148	0	3284	
320	0	992	752	0	0	1328	800	80	4460	
0	0	960	2324	160	1360	32	0	0	3896	
800	832	240	0	0	0	4008	388	800	1664	
160	752	720	0	352	80	1744	2604	0	2320	
640	196	720	112	384	80	3460	2180	160	800	
0	272	192	0	0	0	3428	1552	1848	1440	
192	400	640	0	0	752	0	3524	80	3144	
752	484	240	0	800	640	1232	2548	164	1872	

0	0	672	720	640	272	6112	192	752	0	 ***
0	164	176	960	640	3268	1880	272	2000	0	
3380	32	0	0	0	640	4136	640	0	532	
0	0	3192	640	832	336	2084	516	1760	0	
32	480	0	1444	672	0	4116	1812	640	164	
320	640	2244	0	832	320	3448	160	724	672	
2584	0	2340	640	0	272	0	3364	0	160	
0	0	160	160	32	1680	4312	0	672	2344	
640	1860	80	512	880	640	3996	0	720	32	
320	992	0	0	112	0	4668	2384	0	884	
80	1104	2612	800	0	0	2936	1668	160	0	
80	160	0	1828	164	640	832	3288	0	2368	
80	160	2644	0	640	0	4184	372	640	640	
640	192	1780	880	80	544	504	0	4740	0	
0	640	0	2580	0	240	0	1472	4428	0	
640	1476	0	0	1552	1508	3480	32	0	672	
800	640	0	1556	0	2328	3524	0	512	0	
0	868	2280	832	0	1424	3956	0	0	0	
0	0	32	1040	640	2260	68	0	0	5320	
0	320	1200	672	1620	0	4120	0	640	788	
240	0	992	916	0	1556	672	160	4184	640	
1392	0	320	1588	160	80	4188	832	800	0	
160	320	160	0	720	1668	4508	32	1552	240	
0	960	160	672	0	2292	1620	0	720	2936	
0	0	0	720	800	276	756	496	6312	0	
0	0	0	1632	640	432	2120	2820	1716	0	
720	272	3460	640	272	0	3160	4	672	160	

32	2984	160	800	0	0	4632	640	160	160	 ***
192	0	0	2308	0	720	5036	0	992	320	
320	0	160	2740	0	112	5084	0	1152	0	
240	0	480	0	0	0	4252	1444	1392	1760	
160	0	2088	0	160	0	1280	5384	0	496	
0	160	320	832	0	1796	4456	0	1844	160	
1184	0	0	160	0	720	4432	2432	0	640	
640	0	752	720	0	144	6208	192	912	0	
560	3332	0	640	0	320	4044	32	0	640	
0	480	160	640	0	640	512	1072	672	5392	
192	512	320	640	640	0	6272	640	352	0	
320	160	832	720	240	240	6192	160	704	0	
0	0	672	832	480	272	6208	192	912	0	
800	0	0	1684	160	0	6120	612	160	32	
640	2180	640	560	0	320	32	672	4524	0	

2072	1040	960	804	0	0	2372	1600	1188	560	 ***
144	1104	160	1476	0	320	4760	640	1112	880	
176	352	1040	880	0	960	0	1952	4196	1040	
32	320	2216	112	84	80	6040	320	0	1392	
960	2484	1040	4	800	0	2780	1664	704	160	
544	1360	1604	240	0	0	4544	944	1360	0	
704	1284	272	880	0	32	4108	2676	480	160	
32	400	800	0	320	0	3556	596	672	4220	
2692	160	240	112	112	480	0	3840	2960	0	
224	1120	160	880	0	112	6068	1552	320	160	
1896	560	1392	272	0	0	1120	1636	0	3720	
480	2016	512	0	2960	320	3236	0	640	432	
192	1556	0	0	436	160	4616	2164	800	672	
144	0	400	196	1120	0	4064	1920	1232	1520	
640	2508	224	1124	0	1024	0	400	2848	1828	
32	2452	272	912	4	0	3812	2072	880	160	
116	2420	480	1472	0	112	2336	1668	436	1556	
672	112	1120	0	80	464	2080	5668	0	400	
240	64	884	160	1472	0	4112	1152	32	2480	
3016	0	0	0	160	160	5068	1552	320	320	
324	432	800	1872	160	832	4432	0	1504	240	
32	1040	240	912	352	0	3916	1504	1800	800	
64	960	160	800	752	4	5696	1600	400	160	
676	2372	160	1472	80	320	2968	640	1588	320	
0	1040	0	1120	320	720	84	1264	4236	1812	
320	2888	1076	0	32	160	2116	3892	0	112	
1072	1072	960	512	160	0	4308	0	2512	0	
0	2460	160	0	1472	384	2288	2240	320	1272	
1440	1668	0	992	244	320	4108	1712	112	0	
944	0	0	720	0	80	3508	4144	880	320	

480	1280	32	2720	324	0	224	3584	1440	0	 ***
2148	560	800	804	4	0	3784	1440	304	240	
80	160	512	160	2176	992	0	3572	0	2432	
256	1040	800	804	0	640	2144	1600	2076	724	
2480	320	160	1040	4	160	0	1856	924	3140	
736	400	800	804	0	0	2068	1760	676	2840	
1532	644	800	672	512	0	1188	4416	0	320	
1284	400	1440	804	0	0	1984	1636	2296	240	
2644	112	0	516	1280	160	3960	0	340	1072	
912	1120	356	32	1120	1488	4576	480	0	0	
160	32	352	0	240	160	4424	640	2604	1472	
1380	2704	324	788	0	112	800	0	2552	1424	
2344	832	32	1440	400	192	3212	0	1472	160	
2528	436	672	400	644	1440	304	2308	0	1352	
80	2240	0	640	32	4	0	1284	5292	512	
2528	84	320	1360	160	884	192	672	0	3884	
96	400	800	808	0	0	2948	1440	1552	2040	
2376	356	272	160	1600	1440	2248	992	0	640	
2832	640	400	0	756	672	2628	0	1320	836	
1200	400	1124	804	0	0	4060	1744	512	240	
960	1568	480	320	672	800	2480	0	2804	0	
964	320	0	192	1248	352	516	1600	4892	0	
1904	400	1440	804	0	0	2064	2480	752	240	
2148	400	800	804	4	640	2144	1680	1064	400	
416	400	800	324	0	640	2148	1364	3080	912	
960	320	1520	852	2340	496	3244	0	352	0	
3056	352	160	868	1312	564	64	640	3068	0	
512	1040	0	480	784	640	5120	672	836	0	
1568	0	0	144	1200	160	2108	320	0	4584	
1124	1104	0	0	0	0	712	2640	3428	1076	
0	880	720	168	0	1508	0	1696	512	4600	
2032	32	832	680	804	1108	1604	1712	0	1280	
2224	80	720	704	80	160	3236	960	0	1920	

