#30	41	12	49	0	27	82	218	249	39	 ***
#0	79	109	50	45	122	56	36	250	0	
#0	30	36	51	0	80	49	50	247	204	
#8	53	8	56	44	0	237	244	73	24	
#129	25	0	48	65	52	263	26	62	77	

0	34	2	26	56	18	130	46	92	283	 ***
59	6	31	11	51	10	31	82	242	164	
24	43	12	47	0	45	82	59	118	257	
42	44	18	41	0	43	82	42	110	265	
40	0	40	36	27	0	302	135	54	53	
26	44	32	41	0	27	86	114	236	81	
24	41	14	39	0	25	120	34	219	171	
10	50	61	24	49	9	0	229	217	38	
38	70	46	43	11	52	27	261	139	0	
26	2	0	2	4	44	222	60	104	223	
27	9	6	46	4	64	64	232	170	65	
68	165	0	48	58	54	0	206	24	64	
25	0	62	16	69	29	107	26	297	56	
24	41	26	41	18	27	86	258	120	46	
26	41	30	61	0	27	88	258	117	39	
30	44	31	18	0	36	192	273	0	63	
34	1	38	16	36	24	28	152	64	294	
10	20	36	62	16	20	64	196	215	48	
5	58	31	66	16	8	24	176	264	39	
46	66	36	19	0	14	153	96	0	257	
8	16	31	12	6	26	36	86	308	158	
111	0	34	38	52	6	36	136	274	0	
21	25	12	42	60	71	105	70	0	281	
26	52	2	44	24	58	88	42	56	295	
26	57	14	41	2	31	83	256	122	55	
29	57	12	43	0	27	84	282	96	57	
62	64	14	10	42	79	275	105	36	0	
24	41	16	41	0	31	97	56	116	265	
24	44	12	41	0	43	82	36	233	172	
12	28	38	4	44	7	44	138	280	92	
26	40	0	56	30	42	75	234	127	57	
24	47	12	41	2	27	84	224	138	88	
40	45	18	41	0	29	82	262	123	47	

40	46	62	13	119	0	66	266	99	0	 ***
0	38	0	70	52	18	90	78	92	273	
130	44	10	27	74	0	179	41	206	0	
0	36	6	22	52	20	100	110	92	273	
105	118	36	0	0	51	22	112	27	240	

8	28	48	114	64	30	86	325	21	48	 ***
4	80	48	60	70	48	32	299	61	70	
72	30	62	13	68	0	154	267	106	0	
0	8	60	0	70	36	318	30	66	184	
51	36	80	8	60	36	64	0	175	262	
44	52	68	70	70	56	0	276	78	58	
57	70	94	12	68	0	297	74	100	0	
50	18	12	70	36	0	152	296	88	50	
36	78	86	2	66	6	40	300	24	134	
8	52	56	38	103	16	28	54	267	150	
58	24	34	64	46	60	38	91	301	56	
72	16	78	28	64	9	100	267	138	0	
21	50	44	56	58	48	72	287	28	108	
34	64	66	52	32	46	130	36	40	272	
72	30	55	10	42	32	193	242	96	0	
40	30	62	76	146	0	217	79	122	0	
14	22	60	44	54	68	36	328	86	60	
10	24	32	22	46	2	66	122	306	142	
56	115	12	38	48	68	76	259	48	52	
34	60	20	68	54	18	326	54	24	114	
40	44	62	10	112	0	322	54	96	32	
66	96	0	18	72	22	114	106	278	0	
6	52	42	68	175	32	0	180	217	0	
32	22	9	24	102	6	140	84	24	329	
48	84	42	80	4	0	174	274	66	0	
38	72	40	24	16	124	46	0	252	160	
40	46	64	12	36	8	103	267	130	66	
28	22	8	0	88	44	116	322	112	32	
58	70	60	60	14	38	0	332	86	54	
40	30	62	12	72	64	54	281	98	59	
10	18	56	36	50	90	38	294	164	16	
106	38	62	12	52	0	297	74	131	0	

0	44	0	122	20	22	108	318	18	50	 ***
48	2	40	16	2	0	256	214	84	40	
54	0	24	4	36	60	46	288	0	190	
20	0	36	0	10	70	16	108	146	296	
0	28	48	118	24	22	70	318	18	56	
2	4	32	16	12	0	56	306	164	110	
34	32	22	10	18	38	66	322	158	2	
0	32	16	108	36	22	70	318	50	50	
0	60	40	16	18	146	72	230	34	86	
24	34	0	38	92	62	66	297	55	34	
40	10	16	84	48	166	194	108	36	0	
61	118	76	0	50	132	198	0	67	0	
0	28	28	114	24	22	70	316	54	46	
18	18	0	100	70	0	4	118	42	332	
66	36	60	60	0	0	46	288	38	108	
132	64	32	0	66	4	0	288	46	70	
40	12	69	48	167	70	76	0	220	0	
38	92	62	12	20	2	290	0	140	46	
16	0	4	18	74	20	310	0	122	138	
16	8	55	16	138	64	24	0	96	285	
0	20	24	76	2	64	62	0	312	142	
52	82	50	107	22	0	0	279	50	60	
0	28	16	118	22	34	102	318	18	46	
0	36	38	8	96	38	66	326	28	66	
0	50	6	32	106	20	288	36	156	8	
18	18	167	88	16	0	100	76	219	0	
88	48	40	101	16	80	0	0	281	48	
32	16	6	0	76	68	152	52	300	0	
18	38	112	92	100	8	296	38	0	0	
58	18	58	66	0	32	72	284	92	22	
8	16	4	46	0	66	146	36	72	308	
24	44	64	62	14	0	286	150	58	0	

48	34	18	130	0	48	46	223	86	20	 ***
0	58	0	64	14	12	146	261	0	98	
96	78	6	130	92	18	56	0	177	0	
26	158	30	0	0	36	70	66	219	48	
0	12	8	122	36	18	110	239	0	108	
8	0	32	36	40	44	156	295	4	38	
38	52	18	0	8	52	277	156	44	8	
58	4	8	122	20	26	124	239	4	48	
56	46	40	48	0	118	50	251	44	0	
112	20	6	36	0	88	235	34	122	0	
0	48	0	125	104	44	176	70	0	86	
0	94	26	90	0	124	228	47	44	0	
4	28	0	114	36	28	104	106	0	233	
40	8	0	6	20	152	147	150	130	0	
16	4	32	80	20	32	206	16	247	0	

5	40	36	16	0	24	120	249	39	44	 ***
10	42	10	28	0	48	46	118	52	219	
8	34	10	101	0	48	46	110	54	162	
16	24	148	36	8	18	128	191	0	4	
9	34	10	140	0	48	162	84	60	26	
34	6	0	8	8	85	246	48	88	50	
94	14	0	0	0	44	54	236	45	86	
16	35	10	28	0	48	78	92	52	214	
0	14	0	81	8	16	0	227	4	223	
24	0	81	80	8	0	236	24	32	88	
8	34	11	28	0	56	62	106	78	190	
6	34	10	101	0	48	55	177	52	90	
8	34	10	101	0	48	49	100	53	170	
28	0	10	119	10	44	0	230	88	44	
8	36	10	28	0	48	74	120	52	197	
14	32	6	18	48	20	67	252	116	0	
8	8	0	24	64	58	85	0	104	222	
95	8	2	76	2	16	76	242	12	44	
6	32	12	28	3	48	232	100	52	60	
4	34	24	36	20	8	146	269	0	32	
8	66	10	101	0	48	80	220	20	20	
8	38	0	54	4	12	198	150	8	101	
28	8	98	12	66	12	32	90	12	215	
36	0	118	113	82	4	32	188	0	0	

4	40	33	16	5	8	76	259	73	49	 ***
12	44	110	16	46	76	45	193	21	0	
9	57	18	4	54	28	120	211	62	0	
6	8	44	36	1	0	115	94	20	239	
120	37	6	9	15	14	104	250	0	8	
4	40	38	17	0	14	73	88	84	205	
6	40	10	24	0	14	79	105	86	199	
28	21	36	46	54	116	207	2	53	0	
10	40	35	20	0	16	89	225	40	88	
18	32	41	0	0	24	179	224	45	0	
6	32	36	16	0	24	80	247	78	44	
0	0	0	16	21	66	184	53	223	0	
16	40	37	13	0	14	64	245	78	56	
0	54	52	39	21	52	0	202	18	125	
78	10	88	0	52	54	22	0	27	232	
16	37	0	12	12	12	56	0	172	246	
32	28	70	26	20	6	0	231	102	48	
29	43	14	136	64	30	43	204	0	0	
19	23	65	51	75	0	121	197	0	12	
13	32	36	20	0	16	71	105	71	199	
42	14	17	18	95	36	66	201	74	0	
22	46	43	42	13	11	0	235	54	97	
16	16	121	34	39	38	0	211	64	24	

71	30	10	44	12	33	255	0	47	197	 ***
20	37	64	32	18	13	166	243	106	0	
58	0	46	143	23	28	213	132	56	0	
2	4	46	48	14	97	136	11	60	281	
0	40	10	116	86	111	112	0	201	23	
12	56	41	20	37	0	76	112	97	248	
71	80	2	22	18	18	233	149	106	0	
20	64	37	20	21	0	136	266	39	96	
13	70	40	74	54	45	177	218	0	8	
85	0	139	45	0	30	81	70	172	77	
46	172	28	0	0	9	21	140	87	196	
10	8	58	64	0	28	104	141	240	46	
90	48	22	61	14	56	73	292	43	0	
153	36	40	0	44	0	215	57	34	120	
106	19	130	66	0	32	166	0	137	43	
9	56	0	40	0	4	213	120	129	128	
44	32	65	20	9	0	88	287	62	92	
17	13	12	98	150	28	62	194	125	0	
44	122	35	0	0	100	200	41	60	97	
36	72	33	20	9	8	89	250	54	128	
48	32	147	40	95	9	160	0	72	96	
34	32	44	8	47	19	166	241	88	20	

31	23	10	23	24	33	126	0	88	243	 ***
31	24	11	24	24	43	116	0	87	241	
0	52	0	31	8	38	245	51	96	80	
39	26	18	20	18	32	144	0	63	241	
14	58	32	47	13	0	30	169	0	238	
14	48	50	30	54	45	205	46	49	60	
31	23	12	20	22	33	124	0	94	242	
16	125	34	86	68	56	62	154	0	0	
31	20	11	15	18	33	258	0	82	133	
32	27	30	65	0	0	218	81	44	104	
31	30	19	18	18	33	124	0	86	242	
31	38	16	22	14	33	251	0	78	118	
31	38	11	15	18	37	247	0	87	117	
31	38	10	20	19	38	247	0	87	111	
52	162	10	0	56	12	166	80	0	63	
52	9	44	0	52	127	173	46	98	0	
18	44	53	29	17	12	25	228	30	145	
45	4	11	0	50	82	198	75	16	120	

32	6	10	38	24	37	256	0	95	82	 ***
13	0	16	36	49	136	175	115	40	0	
0	41	24	0	20	44	237	187	15	12	
52	28	12	5	5	49	73	44	54	258	
80	30	17	39	44	24	221	29	96	0	
114	0	14	22	0	35	97	10	85	203	
31	6	30	22	31	32	127	0	54	247	
13	10	98	100	91	10	0	28	230	0	
75	0	21	24	36	68	58	100	0	198	
31	9	29	22	26	51	106	0	54	252	
26	39	145	0	29	79	0	136	46	80	
33	8	8	36	29	52	108	0	56	250	
48	60	90	11	19	10	230	23	89	0	
51	2	27	0	1	64	46	40	237	112	
61	53	38	25	56	0	58	36	32	221	
0	24	0	44	82	98	189	0	116	27	
50	26	13	28	24	51	88	0	54	246	

28	38	7	20	2	22	137	0	270	43	 ***
42	88	21	86	13	9	246	0	18	44	
11	10	0	38	26	40	114	0	201	127	
129	16	0	41	36	41	149	0	69	86	
18	28	16	33	94	30	36	45	38	229	
129	43	0	38	25	44	127	0	57	104	
14	133	0	38	24	40	154	0	59	105	
11	15	0	42	25	44	120	0	57	253	
12	13	2	38	10	32	243	6	203	8	
106	19	0	84	38	24	8	28	0	260	
42	12	12	30	130	8	214	87	5	27	
0	6	26	139	44	76	203	54	19	0	
39	14	0	67	26	36	221	0	61	103	
0	4	4	164	73	20	33	60	165	44	
56	69	40	106	25	30	0	0	216	25	
19	4	112	64	20	36	125	0	60	127	
16	2	24	18	10	8	74	12	149	254	
41	28	22	31	0	1	226	43	48	127	
11	12	4	39	24	39	119	18	205	96	
24	60	119	0	15	33	0	70	165	81	
42	42	0	9	0	32	34	151	232	25	
11	6	0	54	25	40	222	0	110	99	
17	12	8	43	25	49	237	0	39	137	
22	6	4	38	20	41	119	0	55	262	
44	44	14	16	16	18	146	258	0	11	
32	21	22	48	44	38	238	62	0	62	
29	10	8	44	55	20	259	36	48	58	
0	4	148	42	26	40	65	46	180	16	
63	106	0	38	34	43	116	0	64	103	
74	6	4	42	21	41	218	0	39	122	

6	25	65	13	0	62	0	105	32	260	 ***
20	34	13	47	6	25	189	0	166	68	
22	38	16	22	109	20	69	0	169	103	
10	27	32	25	1	24	0	161	30	258	
30	0	89	0	68	46	30	47	16	242	
20	48	10	20	1	20	56	33	275	85	
22	33	137	26	1	20	54	0	152	123	
3	11	17	30	28	44	152	19	264	0	
20	43	6	26	1	24	59	68	271	50	
20	10	13	32	26	16	48	27	248	128	
0	76	139	77	42	29	124	45	36	0	
28	64	6	12	0	5	27	14	261	151	
22	34	9	23	44	45	76	0	241	74	
33	38	26	20	2	24	198	0	152	75	
23	48	13	50	40	20	58	0	240	76	
30	34	8	20	2	25	62	0	178	209	
20	34	6	22	7	63	58	49	267	42	
36	57	7	24	2	21	67	0	135	219	

4	25	38	5	26	16	46	15	167	312	 ***
58	39	11	36	12	4	38	206	10	240	
63	21	63	13	32	44	0	80	77	261	
46	22	63	41	36	44	0	40	224	138	
9	11	5	10	76	92	41	115	42	253	
20	20	30	14	16	93	16	88	94	263	
22	148	63	53	70	100	0	82	36	80	
56	52	32	12	8	32	88	78	21	275	
71	33	4	14	10	0	22	265	235	0	
20	19	44	35	62	16	6	0	142	310	
4	27	18	30	10	8	149	92	9	307	
20	30	24	63	55	64	79	0	52	267	
6	49	31	14	0	49	208	72	192	33	
24	11	78	40	122	59	0	36	23	261	
62	6	20	15	5	61	35	118	74	258	
6	24	78	79	68	18	0	33	124	224	
39	2	2	15	27	56	63	152	19	279	
72	27	65	17	0	188	0	45	27	213	
28	5	8	20	4	20	84	277	85	123	

6	62	30	13	70	52	42	48	146	248	 ***
7	41	25	4	26	97	63	102	62	290	
17	17	24	84	38	5	48	65	163	256	
43	66	24	20	58	59	224	0	20	203	
2	42	38	56	34	26	36	42	216	225	
8	26	36	64	68	16	52	112	105	230	
8	25	36	26	46	32	94	104	106	240	
30	71	59	46	84	12	26	147	0	242	
66	33	134	45	0	14	35	235	155	0	
44	66	16	68	7	12	58	199	0	247	
115	30	36	4	64	16	90	47	102	213	
18	8	0	48	60	34	211	16	36	286	
36	25	36	4	36	37	218	62	109	154	
0	81	116	40	26	16	72	109	140	117	
102	24	36	101	20	106	26	0	76	226	
93	44	58	38	110	70	25	36	243	0	
23	54	43	70	105	74	0	48	98	202	
6	26	70	53	26	32	128	26	104	246	
2	0	137	16	12	0	208	70	240	32	
32	50	16	4	124	0	24	274	174	19	
10	9	107	24	14	25	36	22	221	249	
22	40	43	0	34	6	52	215	47	258	
88	4	35	2	19	26	72	150	74	247	
74	17	8	4	14	50	257	78	0	215	
141	67	113	40	39	20	0	34	16	247	

33	30	18	32	74	4	70	78	140	243	 ***
26	18	116	0	0	124	33	19	82	304	
6	62	30	23	36	52	84	48	254	127	
24	0	2	44	40	0	225	41	11	335	
18	62	20	74	36	93	127	48	110	134	
40	117	58	62	0	26	127	0	248	44	
22	44	2	9	48	47	17	82	182	269	
166	0	5	36	4	22	162	39	0	288	
50	1	55	36	4	72	66	94	39	305	
8	70	64	13	36	44	64	48	135	240	
56	45	24	106	118	0	156	59	158	0	
33	58	68	45	0	12	14	24	204	264	
8	62	60	14	34	52	40	80	142	230	
10	60	28	13	82	56	40	82	106	245	
34	0	48	65	12	28	220	243	72	0	
14	62	32	13	38	52	40	82	142	247	
13	89	10	32	22	28	16	138	56	318	
15	32	48	54	36	52	0	6	237	242	
14	62	20	13	77	44	40	80	132	240	
24	4	74	68	12	24	146	27	11	332	

13	14	16	85	81	13	105	74	56	231	 ***
46	4	54	74	42	0	151	0	10	307	
21	70	30	21	106	4	70	78	76	212	
15	14	17	28	90	36	77	83	97	231	
2	64	0	0	88	66	8	193	44	223	
16	0	42	15	38	0	18	106	174	279	
62	22	156	12	65	0	0	0	47	324	
60	0	42	64	18	31	148	42	0	283	
60	0	0	23	68	16	166	59	34	262	
8	63	0	10	46	18	56	0	190	297	
54	4	0	48	33	10	56	54	110	319	
19	17	18	36	72	4	84	66	146	226	
34	28	115	33	66	0	24	28	46	314	
6	24	48	10	66	36	40	0	144	314	
9	40	86	28	118	12	66	52	42	235	
80	24	4	0	26	58	34	52	86	324	

29	12	24	32	61	12	111	74	214	110	 ***
26	8	66	44	108	78	83	0	266	0	
112	119	8	64	0	10	314	4	24	24	
32	124	4	76	0	6	32	16	82	307	
26	30	38	6	33	32	72	10	167	265	
16	14	0	4	28	5	120	53	178	261	
10	24	48	32	50	36	0	121	61	297	
50	56	54	40	21	8	40	36	124	250	
5	98	24	4	18	72	40	100	80	238	
13	12	16	28	65	16	105	96	93	235	
0	8	66	110	42	10	100	316	0	27	
44	34	14	82	8	60	0	52	94	291	
34	16	8	0	80	118	49	126	0	248	
8	46	32	12	32	68	100	52	48	281	
42	10	40	16	54	42	68	51	62	294	
8	38	0	106	12	34	12	275	82	112	
106	20	50	133	0	0	0	262	88	20	
70	37	24	58	20	4	40	16	130	280	
40	2	58	0	55	157	102	16	0	249	
8	12	38	82	0	64	60	291	40	84	
0	16	148	10	16	78	50	60	0	301	
13	20	16	28	73	12	105	84	94	234	
10	8	2	96	32	2	136	110	0	283	
80	0	80	50	52	8	90	279	40	0	
40	0	0	128	43	0	58	12	146	252	
82	52	4	50	2	38	308	8	2	133	
66	6	16	6	10	16	72	280	189	18	
56	56	0	4	4	35	0	50	144	330	
0	98	80	10	24	86	9	308	60	4	
10	98	56	30	52	0	0	8	109	316	
38	2	24	16	36	66	65	69	110	253	
6	26	0	60	18	40	10	56	147	316	
13	12	34	28	65	25	105	74	100	223	
72	12	32	25	26	0	6	112	197	197	
80	20	22	32	0	26	78	37	72	312	
20	66	111	34	10	0	273	64	37	64	
32	12	4	4	34	32	10	140	134	277	
48	48	84	48	36	30	8	30	46	301	
18	42	50	38	20	0	126	14	100	271	
22	0	44	78	40	10	73	76	44	292	
2	24	42	42	16	32	0	78	148	295	
12	30	4	2	58	34	133	20	74	312	
80	4	40	52	0	22	4	50	169	258	
13	12	16	28	65	12	113	90	106	224	
42	32	40	34	80	6	0	74	94	277	

4	8	116	98	88	20	215	0	0	105	 ***
24	32	2	8	5	68	196	62	251	6	
32	4	0	44	1	4	111	68	248	142	
37	12	16	16	19	40	108	58	119	229	
68	72	48	0	116	18	252	0	42	38	
12	57	104	0	4	6	45	223	203	0	
29	10	18	16	19	8	109	54	212	179	
27	12	6	80	75	0	272	0	82	100	
72	126	45	6	0	102	9	0	254	40	
32	8	19	16	18	36	84	197	133	111	
0	38	44	48	32	75	6	48	277	86	
29	40	48	14	30	4	77	98	206	108	
90	4	36	0	60	22	39	273	130	0	
29	8	12	12	64	52	117	60	71	229	
20	12	122	76	40	1	271	0	0	112	
24	66	11	18	50	4	119	32	294	36	
0	24	10	82	10	8	0	179	257	84	
29	12	18	12	19	4	115	102	218	125	
46	99	0	40	0	21	123	239	86	0	
29	8	16	44	23	36	119	100	74	205	
4	84	111	64	48	40	0	4	257	42	
4	50	6	56	6	0	30	208	234	60	
76	36	0	28	38	6	32	166	272	0	
20	20	82	58	32	14	0	33	226	169	
8	18	33	4	40	36	70	54	224	167	
2	28	32	4	0	46	0	98	161	283	
36	0	129	76	6	0	247	5	143	12	
116	43	24	80	77	56	0	0	82	176	
62	50	8	0	16	36	50	0	257	175	

16	71	8	0	0	72	315	42	4	32	 ***
2	10	72	57	84	20	262	0	0	53	
2	10	56	49	94	20	234	0	0	95	
8	0	36	0	56	22	298	0	0	140	
0	0	0	0	101	0	36	0	116	307	
0	32	0	4	20	112	292	16	68	16	
0	121	0	168	0	36	4	231	0	0	
4	2	2	64	0	94	324	70	0	0	
0	0	0	0	139	125	254	42	0	0	
131	0	0	52	0	4	287	52	0	34	
2	10	56	61	92	24	262	0	0	53	
2	24	56	45	84	20	266	8	4	51	
2	24	64	45	84	20	262	0	0	59	
16	102	8	67	68	12	287	0	0	0	
22	8	56	47	88	20	266	0	0	53	
0	44	2	0	8	32	326	0	0	148	
83	0	20	4	4	0	317	0	132	0	
8	4	25	36	4	0	237	0	0	246	
4	36	48	32	0	0	314	108	0	18	
44	4	50	0	0	0	292	142	0	28	
0	8	4	87	8	0	0	0	144	309	
8	8	56	105	92	20	65	0	0	206	
0	60	4	2	0	16	288	190	0	0	
0	0	64	4	0	40	148	304	0	0	
16	56	16	4	20	64	293	12	10	69	

58	34	12	48	40	4	314	54	72	32	 ***
48	0	0	36	0	104	232	0	219	29	
0	56	36	88	0	22	321	76	37	32	
14	8	16	80	12	0	228	0	128	182	
0	72	2	4	16	48	319	149	12	46	
16	32	0	8	32	0	313	104	123	40	
32	84	64	20	56	32	305	13	4	58	
32	2	16	40	59	72	317	26	36	68	
37	48	0	24	0	64	244	219	32	0	
12	106	0	0	142	52	282	74	0	0	
52	10	56	0	72	72	276	0	93	37	
8	0	4	16	0	8	240	222	100	70	
8	32	0	0	46	56	305	110	37	74	
44	36	40	0	4	0	342	64	0	138	
0	10	0	52	16	32	313	75	138	32	
40	14	48	2	32	72	317	29	42	72	
38	49	40	0	4	80	301	72	20	64	
0	32	0	4	96	44	0	250	0	242	
48	82	20	2	8	73	289	42	36	68	
20	22	48	0	0	48	293	34	133	70	
0	0	114	36	0	51	281	114	0	72	
16	82	40	0	0	73	294	48	15	100	
80	62	8	2	36	73	293	42	36	36	
0	5	0	112	135	80	260	40	0	36	
44	107	10	0	0	36	0	189	282	0	

0	66	47	0	46	0	118	288	148	0	 ***
48	42	0	52	36	38	253	84	96	64	
40	122	0	52	38	4	273	56	64	64	
40	35	0	4	98	0	270	112	120	34	
130	36	15	46	9	32	37	16	200	192	
48	82	2	12	70	64	232	203	0	0	
8	0	141	34	112	40	24	246	36	72	
69	46	38	120	0	40	268	40	40	52	
40	48	10	36	68	90	264	72	33	52	
88	32	70	6	0	0	270	0	42	205	
0	32	32	0	8	4	116	0	286	235	
8	32	88	10	0	0	176	295	0	104	
97	48	0	0	0	0	255	104	120	89	
10	40	46	38	0	65	272	58	72	112	
56	126	4	36	66	64	127	36	166	32	
0	64	102	12	4	0	270	99	92	70	
81	70	5	64	2	0	264	86	104	37	
80	64	4	40	40	4	253	86	66	76	
34	64	36	0	42	80	254	40	163	0	
0	32	64	50	68	4	261	60	66	108	
40	0	64	0	4	0	289	8	98	210	
32	51	116	40	84	4	210	48	64	64	
8	40	106	36	32	16	275	0	161	39	
0	0	73	44	68	12	306	144	34	32	
8	97	0	44	46	91	247	52	64	64	
40	34	126	52	114	36	60	179	72	0	
0	44	47	36	80	64	296	48	36	62	
8	127	66	68	20	48	100	242	0	34	
100	36	7	0	84	4	264	102	64	52	

0	0	64	28	0	81	0	288	189	32	 ***
2	72	79	16	23	8	84	302	96	0	
0	68	56	0	3	0	76	335	144	0	
0	133	2	8	44	0	0	258	45	192	
2	66	47	8	23	0	84	302	150	0	
11	36	79	34	0	0	216	0	306	0	

0	0	32	28	20	58	0	344	89	72	 ***
0	76	0	70	64	0	23	302	0	108	
0	42	66	132	8	0	16	47	324	8	
0	0	0	8	0	141	36	0	287	171	
0	8	66	4	0	24	0	326	64	151	
8	0	32	34	0	64	0	174	283	48	
64	0	0	8	8	38	237	278	8	2	
6	0	40	26	40	0	0	305	186	40	
48	12	0	8	76	2	0	229	0	268	
32	179	0	0	2	24	0	0	138	268	
0	36	50	36	0	44	32	296	73	76	
4	0	40	30	0	48	0	227	89	205	
145	118	48	0	68	30	234	0	0	0	
50	74	0	0	56	48	149	266	0	0	
0	0	32	129	0	59	0	230	145	48	
0	2	32	44	0	48	60	344	81	32	
8	0	24	66	114	102	0	281	16	32	
0	0	8	42	0	82	0	151	328	32	
8	4	32	28	8	48	0	349	94	72	
8	4	102	28	0	64	0	300	73	64	
40	179	0	0	94	66	220	44	0	0	
32	8	0	38	16	112	32	295	0	110	

14	0	52	28	0	88	12	270	34	216	 ***
16	4	32	38	22	113	0	349	100	40	
0	33	90	8	4	0	162	347	68	2	
20	76	12	0	0	0	48	294	92	172	
178	5	0	65	72	124	16	233	0	21	
0	56	5	41	16	44	228	257	67	0	
0	0	2	32	44	124	271	0	151	90	
0	128	68	96	46	28	0	284	0	64	
3	36	32	32	40	58	0	329	87	97	
12	0	35	76	65	84	0	294	96	52	
7	0	114	16	0	92	20	281	40	144	
59	2	4	16	128	110	0	281	114	0	
0	38	68	0	20	29	96	311	68	84	
4	37	32	34	27	106	0	319	115	40	
80	0	34	20	36	0	96	270	40	138	
68	8	7	40	36	44	60	309	52	90	
0	0	108	32	20	96	0	267	114	77	
0	0	35	34	24	77	72	299	99	74	
0	0	34	46	20	65	120	315	74	40	

68	16	32	20	24	66	72	282	90	98	 ***
64	1	82	51	0	5	0	218	86	261	
103	82	32	83	38	9	0	254	139	28	
32	8	0	116	93	33	227	0	223	36	
54	0	48	8	48	51	60	267	34	198	
74	69	58	104	130	102	18	213	0	0	
32	14	32	0	58	40	41	273	64	214	
50	10	22	81	0	68	212	0	75	250	
54	4	48	40	0	50	57	283	35	197	
42	40	34	51	88	44	0	289	100	80	
68	0	82	48	24	32	75	226	0	213	
4	0	18	50	16	135	212	271	0	62	
40	55	80	35	0	15	0	248	182	113	
103	0	94	77	0	50	46	216	34	148	
65	0	64	113	39	106	16	279	0	86	
52	52	2	50	40	0	64	273	69	166	
12	2	13	18	0	56	233	282	32	120	
32	2	0	84	48	72	182	87	0	261	
32	33	64	38	11	23	279	50	232	6	
96	98	50	0	50	0	0	3	206	265	
32	48	51	104	32	0	229	232	40	0	
38	152	0	34	4	131	25	256	96	32	
5	34	122	0	66	46	76	283	136	0	
14	0	64	40	0	98	199	122	35	196	
40	58	68	24	66	70	64	265	0	113	
14	0	59	44	0	88	44	162	42	315	
14	0	72	44	0	54	46	273	66	199	
14	16	48	13	0	56	44	273	66	238	

