#398	0	19	511	8	76	0	825	1009	884	 ***
#435	299	331	511	362	304	0	0	991	497	
#283	301	473	141	244	137	972	30	126	1023	
#263	69	151	145	503	259	1004	183	130	1023	

406	30	134	43	8	76	0	905	1023	762	 ***
0	343	25	0	194	198	945	1023	393	266	
406	0	4	38	31	76	1023	731	560	518	
414	122	64	511	81	76	0	812	522	785	
428	0	65	511	8	199	0	817	841	518	
280	0	4	64	16	76	762	1023	400	762	
215	170	511	0	303	276	724	477	0	711	
309	0	134	47	106	511	1010	1018	252	0	
414	0	4	43	8	106	342	685	1023	762	
406	84	4	156	23	76	0	838	1023	777	
64	190	317	156	0	113	1023	0	968	556	
398	0	4	42	23	84	1023	685	324	804	
282	12	500	0	61	105	263	1021	138	1005	
436	324	0	378	64	326	650	186	1023	0	
437	4	175	274	191	511	381	408	1006	0	
436	0	4	34	191	284	0	817	598	1023	
34	96	137	347	30	0	381	1023	442	897	
406	0	23	34	77	228	0	826	1023	770	

406	90	134	57	91	137	0	857	1023	656	 ***
406	30	142	42	0	336	1023	552	342	578	
252	183	125	16	511	30	263	1005	944	122	
15	303	72	0	46	0	732	994	1022	267	
406	351	142	511	0	76	0	650	553	762	
87	25	183	76	130	378	212	746	591	1023	
492	90	152	130	38	16	878	1023	518	114	
406	275	134	511	0	84	0	597	622	822	
53	399	335	94	271	27	0	1023	990	259	
406	274	142	511	0	107	0	696	553	762	
406	30	142	320	0	511	0	711	554	777	
406	274	142	42	0	106	268	672	1023	518	
65	191	294	403	170	60	289	530	1023	426	
383	38	73	83	426	232	1014	152	27	1023	
381	0	30	68	385	88	979	156	341	1023	
210	259	297	457	30	271	136	27	1023	741	
22	53	305	137	320	403	624	1023	34	530	
421	30	142	42	274	76	0	680	1023	763	
442	30	134	42	0	511	0	909	621	762	
452	90	157	286	0	84	0	597	1023	762	
406	30	164	42	15	76	245	620	1023	830	

404	90	134	57	90	217	1023	583	511	412	 ***
156	30	137	483	205	80	271	1021	368	770	
404	47	257	42	120	91	0	966	1023	571	
216	286	457	274	511	216	131	1023	308	99	
38	45	179	198	258	365	582	702	1023	131	
125	404	191	441	147	495	118	577	1023	0	
374	117	446	388	0	287	220	632	34	1023	
274	73	304	0	45	46	79	1022	989	689	
419	210	378	42	60	91	1023	338	533	427	
222	411	8	5	419	212	257	285	1023	679	
404	210	134	43	30	213	354	428	682	1023	
8	441	189	511	79	0	87	971	846	389	
113	488	46	30	511	192	435	548	983	175	
405	120	134	346	32	273	438	216	1023	534	
283	120	134	369	67	95	0	774	1023	656	
419	272	164	286	30	91	0	732	1021	506	
282	94	165	102	511	335	0	717	515	800	
405	94	134	88	278	125	0	722	652	1023	
65	0	396	441	68	53	180	563	1023	732	
464	90	136	27	90	335	0	347	1023	1009	
405	120	134	57	396	151	0	698	1023	537	
137	457	46	511	30	213	200	24	984	919	
195	385	76	321	76	45	522	479	1023	399	
76	464	0	316	8	455	191	1023	304	684	
453	364	504	319	319	511	0	982	69	0	
366	98	137	38	91	64	728	978	1021	0	
496	210	134	57	274	91	0	729	507	1023	
404	90	134	42	212	511	427	668	606	427	
180	195	383	134	121	442	656	122	1021	267	
419	105	393	42	150	457	75	387	1023	470	
394	306	84	153	239	439	244	639	1023	0	
94	283	75	280	16	478	957	315	1023	0	
374	27	295	433	179	228	899	65	1021	0	
434	90	134	290	90	91	1023	529	428	412	
404	120	194	408	94	335	0	503	1021	442	
28	175	72	171	98	465	488	231	1023	770	
402	0	0	305	511	0	883	1002	205	213	
126	0	30	111	297	152	609	900	1023	273	
0	290	296	34	511	203	806	68	993	320	
57	190	381	380	30	419	0	1021	945	98	
83	30	39	320	505	27	507	874	1022	114	
151	228	0	342	345	511	259	1014	237	434	
134	60	34	495	38	426	77	938	1023	296	
252	335	312	511	38	251	0	954	685	183	
328	479	488	0	201	114	240	448	1022	201	
182	45	425	457	0	393	1021	109	69	820	
266	187	205	369	23	408	1021	244	282	516	
0	13	175	354	351	92	449	379	1023	685	
0	234	313	252	255	0	655	373	1021	418	
399	453	268	304	30	38	556	271	1023	179	
65	68	38	98	30	160	272	854	1021	915	
449	105	378	511	152	91	426	700	419	290	

120	15	395	0	30	442	811	30	1021	68	 ***
374	150	164	49	105	156	1023	381	279	251	
374	90	134	511	150	217	578	362	242	274	
374	60	134	511	90	220	312	407	250	574	
76	75	81	61	348	160	1023	269	186	653	
105	476	179	87	77	53	1020	312	623	0	
30	140	0	23	341	42	982	1023	351	0	
374	151	210	64	90	186	1023	347	220	267	
133	152	15	57	489	65	1021	423	312	265	
99	83	172	380	109	152	1023	273	271	370	
374	364	130	45	105	141	1021	313	298	141	
374	90	134	109	90	156	264	381	311	1023	
120	24	309	30	128	30	1023	948	320	0	
372	135	76	198	511	141	957	0	0	542	
27	448	307	197	68	308	1023	0	264	290	
511	137	0	196	434	0	0	520	1016	118	
374	90	134	49	90	173	252	1023	325	422	
234	206	0	190	53	154	1021	81	993	0	
0	224	30	366	19	186	1021	494	325	267	
38	183	38	509	76	0	0	1022	550	516	
433	19	0	83	79	191	1023	681	423	0	
389	90	134	49	120	201	1023	347	324	255	
8	471	61	107	0	135	262	866	1022	0	
374	90	134	79	90	156	323	423	242	1021	
0	15	0	132	8	239	1022	432	262	822	
136	64	15	334	0	511	102	1023	747	0	
374	105	173	511	150	158	252	377	250	582	
122	168	24	398	278	198	1023	168	553	0	
392	445	46	511	287	289	745	0	0	217	
294	38	105	81	319	91	1023	60	921	0	
389	120	134	34	105	217	323	347	242	1021	
372	278	186	206	231	0	1023	274	241	121	
266	12	4	373	197	143	1023	339	0	575	
289	228	68	358	65	51	1023	777	73	0	
511	120	12	49	151	201	1021	602	242	23	
275	511	426	0	201	185	936	0	244	154	
76	258	186	60	35	167	1023	130	707	290	
374	90	134	49	511	218	252	422	265	617	
374	90	150	49	105	156	1023	438	250	297	
404	105	134	49	151	141	1023	347	323	255	

30	75	365	0	60	365	389	335	1023	128	 ***
30	0	90	166	76	349	120	882	1023	34	
60	45	395	45	135	320	243	120	384	1023	
15	135	75	75	75	75	80	913	1023	304	
511	150	502	304	60	60	879	274	0	30	
60	150	166	0	60	455	423	121	1023	312	
166	289	174	0	90	0	98	0	1021	932	
136	244	181	90	75	68	836	117	1023	0	
0	349	0	75	75	4	972	152	1022	121	
60	15	380	15	30	350	1023	468	331	98	
120	15	470	45	30	350	258	30	1020	432	
75	319	30	91	60	75	1023	125	912	60	
0	511	0	289	75	75	1002	167	120	531	
60	45	425	45	105	320	395	30	322	1023	
120	15	395	0	62	365	318	99	1023	373	

15	60	365	0	511	380	273	60	697	319	 ***
15	60	369	30	60	350	410	304	1022	60	
15	60	365	0	60	511	273	64	313	1019	
15	60	365	0	60	370	307	397	1023	83	
15	60	365	0	90	365	1023	60	272	430	
511	45	30	0	244	90	1011	138	0	611	
0	30	0	136	90	334	915	152	1023	0	
60	30	45	60	411	0	0	76	1023	975	
511	60	501	75	106	0	106	334	987	0	
30	45	0	120	45	151	0	990	1023	276	
15	75	365	0	60	365	403	306	1023	68	
15	60	365	0	60	511	273	319	1017	60	
15	60	367	0	60	511	304	60	984	319	
15	75	369	0	60	365	273	60	1023	440	
30	511	0	76	30	380	456	76	1016	105	
196	0	304	60	105	511	1001	503	0	0	
511	90	55	0	379	0	0	579	998	68	
15	60	395	15	60	350	399	304	1022	60	
212	121	197	259	0	0	0	179	689	1023	
15	16	373	0	90	365	273	457	1023	68	
15	60	365	0	33	365	208	205	406	1023	
15	60	127	0	60	397	367	304	1023	327	
0	304	30	90	511	30	60	895	579	181	
32	60	365	0	95	365	212	64	464	1023	
45	0	365	0	64	425	1023	64	243	451	

19	60	384	60	34	395	220	64	314	1023	 ***
15	64	395	0	79	395	95	350	1023	157	
60	74	369	0	60	384	227	45	331	1023	
30	83	395	0	511	395	460	64	590	45	
0	0	75	511	75	503	306	90	0	1013	
169	0	274	511	75	0	0	522	159	863	
34	15	144	0	94	60	810	334	1022	60	
509	364	98	60	94	0	106	319	0	1023	
0	334	90	30	60	511	1012	34	502	0	
0	64	75	94	45	459	1023	0	768	45	
259	61	125	0	511	399	303	606	228	81	
34	60	365	4	45	410	522	49	1023	61	
64	308	0	75	60	90	909	45	1022	0	
297	75	105	0	80	19	60	869	1023	45	
95	304	170	79	0	0	715	98	1022	90	
150	75	319	0	19	510	324	154	1022	0	
19	75	339	511	90	75	15	212	959	278	

457	68	90	286	0	258	492	113	256	1023	 ***
457	90	156	372	432	0	333	180	1023	0	
195	110	60	357	0	42	90	377	789	1023	
113	204	226	349	196	297	478	157	0	1023	
64	152	90	425	272	377	319	140	181	1023	
423	181	162	87	181	316	120	550	0	1023	
57	166	109	76	68	398	424	156	566	1023	
222	98	0	0	105	198	151	530	1023	716	
32	286	23	125	260	135	140	0	1023	1019	
12	60	410	38	36	403	406	368	287	1023	
118	75	212	128	428	62	0	959	1023	38	
38	61	197	177	165	449	569	171	193	1023	
221	156	357	234	417	0	563	0	1023	72	
19	60	380	168	118	484	277	308	206	1023	
231	109	174	410	45	30	312	613	96	1023	
30	132	338	15	289	167	304	152	1023	593	
34	91	503	30	34	395	308	332	1023	293	
135	15	388	84	302	117	651	0	328	1023	
98	334	440	228	297	69	0	155	399	1023	
55	50	232	502	166	379	304	113	219	1023	
258	149	0	64	147	338	304	612	148	1023	
90	84	158	308	30	257	0	999	94	1023	
34	145	210	105	186	98	128	400	714	1023	
38	15	60	109	258	153	379	1008	1023	0	
23	501	53	0	214	162	1023	136	653	278	
0	39	76	372	60	351	1013	0	1023	109	
155	133	405	151	0	185	182	282	527	1023	
12	75	502	30	64	410	216	468	243	1023	
62	49	152	0	379	304	110	911	1023	53	
151	60	19	140	349	197	661	353	90	1023	

30	90	38	319	308	34	733	69	250	1022	 ***
8	32	312	151	129	334	160	274	470	1023	
132	75	265	108	507	30	257	0	496	1023	
75	34	87	293	252	132	858	75	64	1023	
0	509	105	79	60	511	967	80	582	0	
357	491	0	19	139	150	64	600	50	1023	
49	75	511	153	387	16	79	0	738	885	
412	83	90	286	0	197	408	170	224	1023	
412	79	90	377	0	220	431	94	167	1023	
263	62	139	0	511	105	84	707	0	1022	
237	0	368	60	354	220	319	156	156	1023	
15	42	1	30	327	321	1017	0	1023	117	
457	121	90	294	0	441	141	217	1023	109	
92	99	96	128	4	426	601	45	379	1023	
78	91	263	339	227	174	0	454	244	1023	
125	128	79	393	349	511	0	0	943	365	
511	476	203	55	0	38	30	368	244	968	
227	445	79	511	394	32	0	0	856	349	
124	32	83	69	379	182	821	180	0	1023	
412	70	166	301	0	227	368	224	102	1023	
412	70	94	286	0	258	398	246	106	1023	
420	60	60	286	0	227	522	186	1023	109	
0	0	201	133	252	83	1023	428	609	164	
388	72	381	0	8	289	134	456	1023	142	
412	60	90	511	0	205	385	217	904	109	
103	15	19	250	154	304	547	110	368	1023	
427	68	90	286	79	227	368	216	1023	109	
98	83	31	399	224	185	332	518	0	1023	
412	60	90	271	0	227	1023	95	165	550	
68	370	511	113	0	0	91	92	651	997	
427	121	90	294	15	197	385	102	239	1023	
357	105	79	0	60	8	1023	793	377	91	
511	185	320	131	105	510	60	76	995	0	
239	212	511	135	0	30	434	335	997	0	
182	110	0	263	297	335	209	296	178	1023	
72	76	0	357	394	246	482	1023	243	0	
0	511	83	182	0	325	854	75	240	623	
121	70	289	53	75	410	635	217	0	1023	

30	132	510	0	61	38	455	111	200	1023	 ***
149	148	38	511	0	317	215	111	68	1003	
107	137	34	170	72	508	0	450	60	1022	
38	60	85	75	511	30	383	313	113	952	
23	72	266	83	30	509	450	1023	104	0	
34	175	148	59	0	511	45	51	515	1022	
92	202	341	511	99	84	0	208	0	1023	
174	487	511	60	133	102	75	0	0	1018	
30	97	175	79	278	79	602	69	128	1023	
8	98	46	45	94	8	755	411	72	1023	
30	60	62	83	311	30	381	208	372	1023	
75	137	45	239	166	23	323	1023	529	0	
21	189	0	449	0	139	85	532	122	1023	
63	0	511	364	61	87	133	115	205	1021	
225	104	511	0	190	290	0	137	136	967	
42	60	38	75	326	30	138	321	507	1023	
30	220	38	75	299	30	327	12	506	1023	
72	60	39	212	319	38	354	69	374	1023	
278	47	38	87	282	90	350	252	113	1023	
274	117	23	0	68	30	825	106	94	1023	
42	194	75	0	134	75	110	114	793	1023	
75	83	137	232	0	51	289	166	504	1023	
160	60	38	60	279	42	266	511	121	1023	
167	102	0	121	139	500	423	70	15	1023	
267	0	68	133	60	8	366	567	68	1023	
75	0	15	87	139	202	1023	30	929	60	
0	76	68	0	172	160	650	327	84	1023	

186	30	8	19	136	21	76	1023	68	869	 ***
502	80	35	8	15	478	160	38	97	1023	
0	94	314	0	320	24	211	257	1023	193	
61	34	156	32	79	18	888	83	62	1023	
53	38	164	30	33	135	903	57	0	1023	
75	60	85	38	191	23	111	34	796	1023	
15	124	304	19	61	23	1023	365	170	332	
0	94	342	0	65	31	318	361	202	1023	
238	274	49	0	64	54	0	629	105	1023	
502	15	137	444	61	23	38	106	87	1023	
472	72	15	68	115	23	127	0	521	1023	
30	109	320	0	95	27	318	99	415	1023	
9	94	312	39	76	23	318	372	170	1023	
0	105	312	0	78	23	226	342	327	1023	
47	60	64	38	167	0	896	0	141	1023	
0	83	312	511	65	38	204	357	338	528	
107	0	0	152	32	167	0	80	1023	875	

187	30	8	12	146	75	320	1023	160	516	 ***
201	30	43	4	140	51	457	1023	160	368	
140	0	57	0	173	81	125	361	517	1023	
110	168	235	349	117	77	61	337	0	1023	
188	145	12	0	155	40	76	449	1023	389	
86	123	274	102	186	61	154	468	1023	0	
201	30	8	4	136	511	355	412	160	660	
17	60	32	139	66	45	808	234	1023	53	
189	45	8	4	270	21	103	1023	423	391	
63	62	85	50	233	57	87	1023	0	817	
0	133	223	101	511	95	310	105	999	0	
57	210	51	69	511	106	112	987	0	374	
229	102	313	77	25	129	327	1023	252	0	
161	102	15	57	102	31	0	903	1023	83	
71	197	2	79	339	511	1011	134	133	0	
186	32	8	34	151	32	325	514	172	1023	
170	57	72	414	57	213	0	1023	392	79	
510	57	511	103	45	53	110	0	67	1021	
201	30	10	4	140	33	76	1023	423	537	
191	32	25	15	136	171	365	1023	160	359	
186	49	8	0	153	511	324	689	160	397	
49	511	0	42	15	12	155	119	553	1021	
248	128	84	57	511	77	280	753	339	0	
186	38	10	0	511	140	612	446	161	373	
190	38	18	42	136	21	324	1023	160	525	
261	36	32	0	511	21	392	660	160	404	
308	101	188	123	72	98	0	1023	373	191	
202	30	8	0	182	17	1023	427	183	405	
188	511	8	0	290	17	407	491	172	393	
31	145	95	64	60	91	68	72	828	1023	
69	83	74	222	61	98	0	1023	439	408	
390	241	109	109	75	23	406	1023	0	101	
201	57	8	0	181	24	95	362	1023	526	

68	49	132	133	286	156	0	1023	105	586	 ***
0	511	147	411	112	191	64	1019	83	0	
49	511	61	23	34	204	145	1021	490	0	
269	30	105	68	511	244	261	0	27	1023	
145	147	66	351	128	510	0	0	168	1023	
70	60	70	134	117	21	112	1023	422	509	
19	30	201	0	159	70	64	955	17	1023	
140	53	130	12	75	141	72	1023	658	234	
0	182	511	122	126	506	90	15	952	34	
213	0	150	57	511	498	898	106	0	105	
4	216	75	112	0	15	35	1023	921	137	
64	30	8	228	147	227	498	200	113	1023	
142	109	42	12	77	55	516	1023	113	449	
301	127	238	352	0	160	1023	0	45	292	
61	30	12	511	135	17	1012	457	167	136	
486	109	49	192	81	303	0	1023	110	185	
125	152	12	12	227	511	376	281	98	744	
95	30	60	208	75	21	1023	329	239	458	
111	128	16	0	120	426	241	252	221	1023	
69	60	0	511	272	116	239	274	548	449	
83	511	74	250	227	65	124	1014	190	0	
118	9	80	53	489	511	0	713	361	204	
83	249	0	66	147	0	1023	145	70	755	
4	15	511	23	10	15	795	0	1014	151	
129	45	8	12	170	40	83	1023	638	390	
65	246	12	73	135	44	132	1023	342	466	
337	17	141	339	511	33	45	107	1008	0	
69	49	69	147	231	25	528	310	87	1023	
42	1	49	212	0	186	770	118	137	1023	
129	118	158	12	75	31	117	1023	422	453	
93	34	45	0	66	83	850	212	132	1023	
152	137	106	19	0	126	72	1023	160	743	
248	30	68	16	199	27	147	361	419	1023	
125	152	70	40	49	17	196	1023	416	450	
338	511	90	4	275	322	119	766	113	0	
69	93	8	8	79	62	153	846	197	1023	
218	122	511	95	42	100	304	925	221	0	

221	231	121	265	313	156	0	1023	392	267	 ***
64	114	121	132	286	336	0	497	416	1023	
291	218	280	61	276	76	57	1022	708	0	
64	94	251	128	282	511	0	934	454	271	
64	30	83	217	171	111	939	1023	260	91	
14	49	49	201	196	260	0	1023	938	259	
122	0	27	141	511	0	122	227	1013	826	
68	355	76	91	306	180	126	1023	764	0	
447	194	286	54	0	57	136	0	1023	792	
354	122	183	61	23	126	15	1023	1022	60	
33	257	0	212	77	141	132	1023	98	1016	
64	110	144	254	286	297	0	537	274	1023	
76	312	91	7	124	38	306	1023	160	852	
251	85	258	511	292	171	896	270	33	222	
66	292	216	159	286	156	428	1023	59	304	
15	122	0	266	30	444	0	68	1023	1021	
141	214	30	107	300	45	182	1022	899	49	
168	242	0	250	77	80	15	1023	142	992	
64	175	144	140	312	156	214	580	1023	181	
267	169	109	25	75	198	190	1023	87	846	
205	90	97	511	508	53	351	1021	153	0	
64	175	121	128	286	327	0	606	259	1023	
76	122	395	49	122	0	120	1023	1021	61	
244	19	107	158	42	14	143	1022	829	411	
111	53	241	262	291	278	0	1023	489	241	

158	213	121	304	373	160	0	482	140	1023	 ***
258	201	140	265	313	156	0	1023	148	470	
474	304	0	471	366	0	47	0	1022	290	
0	229	297	350	167	366	126	1022	282	135	
27	45	511	378	122	448	242	1016	185	0	
196	49	49	385	95	130	310	1023	99	638	
0	175	32	49	197	105	206	1022	506	682	
203	201	121	265	332	190	0	1022	148	492	
84	209	226	426	159	128	456	1023	263	0	
263	124	262	103	36	0	79	1023	860	224	
0	511	273	500	122	124	334	15	1023	72	
53	49	205	146	194	139	267	1023	236	662	
15	175	152	19	77	302	215	1022	548	449	
143	197	121	511	328	164	0	538	186	786	
83	167	374	288	260	504	30	1022	76	170	
166	218	129	265	313	156	1023	415	131	158	
51	113	60	21	72	101	733	1023	250	550	
143	201	140	265	420	156	0	423	1023	203	
0	17	23	202	122	198	135	1023	234	1020	
342	403	143	30	343	94	268	1023	328	0	
167	440	83	233	121	90	280	1022	131	407	
236	84	75	54	0	157	312	1023	167	866	
143	205	121	273	313	156	0	1023	477	263	
134	510	4	370	511	91	30	1021	90	213	
143	201	121	303	332	225	0	427	199	1023	
45	194	196	350	349	167	297	1023	273	80	
160	201	121	333	328	156	0	1023	445	207	

511	228	106	295	163	130	665	427	138	89	 ***
186	292	136	295	106	126	0	429	160	1022	
152	103	2	511	284	0	0	122	560	1018	
137	466	511	272	0	145	212	993	16	0	
124	213	106	310	121	198	0	437	220	1023	
143	365	106	303	167	132	1023	376	78	59	
94	15	130	60	176	121	126	763	244	1023	
0	182	183	259	61	15	33	1009	1010	0	
124	213	140	511	175	128	839	376	78	168	
124	213	140	297	98	251	1023	469	78	59	
24	124	64	113	0	201	254	396	553	1023	
60	244	186	145	94	0	373	627	1023	0	
113	273	156	295	86	126	0	1023	108	572	
354	324	169	158	188	4	265	101	166	1023	
328	94	34	507	181	0	252	220	114	1022	
23	248	65	15	154	380	450	257	137	1023	
34	15	263	365	130	91	508	220	104	1022	
425	17	122	0	511	60	486	43	76	1012	
98	245	125	295	265	126	0	395	180	1023	
182	171	510	49	442	8	61	181	126	1022	
145	366	437	0	136	87	0	361	197	1023	
185	277	106	295	179	126	1023	422	80	59	
401	65	304	167	232	271	106	0	183	1023	
124	213	174	299	94	126	1023	456	84	159	
511	393	0	61	0	198	370	0	212	1007	
136	60	134	61	15	182	0	385	756	1023	
186	228	95	295	98	216	89	436	86	1023	
140	228	258	312	156	0	15	605	16	1022	
126	213	121	295	106	126	155	448	139	1023	
80	53	225	494	228	152	213	168	117	1022	

491	91	90	511	68	96	0	1023	289	0	 ***
0	272	30	381	511	38	965	342	60	60	
511	167	38	445	102	60	1000	77	77	182	
154	106	114	295	163	126	1023	426	138	114	
214	106	106	295	163	126	95	393	138	1023	
113	117	61	289	511	126	884	333	153	72	
511	113	4	122	129	0	972	186	81	541	
511	369	106	295	185	156	419	393	138	87	
511	64	99	120	30	0	987	167	583	98	
154	106	106	297	163	126	1023	380	138	166	
244	53	122	114	0	60	152	173	718	1023	
154	106	136	303	510	126	113	393	138	680	
4	121	102	0	305	76	80	874	75	1022	
510	137	288	76	72	21	954	374	227	0	
154	106	106	295	163	126	103	425	158	1023	
511	106	106	307	155	126	419	704	138	87	
511	106	114	295	188	126	674	393	142	110	
511	49	0	99	78	0	981	126	218	597	
154	106	136	295	163	156	1023	393	146	87	
73	182	182	511	0	60	125	1011	515	0	
0	4	212	129	83	0	122	962	1023	124	
154	117	106	295	155	126	148	397	138	1023	
441	357	38	12	326	511	0	0	910	64	
15	0	68	0	486	511	1021	91	143	324	
394	274	511	30	34	250	1015	76	75	0	
84	180	30	335	483	0	1022	446	79	0	
154	106	106	291	163	126	1023	393	198	99	
154	136	106	295	163	126	125	393	138	1023	
509	511	335	136	15	149	784	0	220	0	
511	106	136	295	155	126	171	896	176	87	
511	106	106	333	155	126	169	885	181	87	
374	510	319	23	8	0	323	1022	80	0	
154	106	106	295	155	169	88	425	138	1023	
162	106	106	291	163	156	91	423	138	1023	
60	0	0	328	12	141	1022	777	99	220	
105	126	4	114	105	0	1023	186	0	996	
0	101	510	167	0	342	0	1001	258	280	
126	219	64	122	511	90	61	1002	191	273	

95	90	369	283	64	511	548	546	334	0	 ***
65	90	30	361	64	109	816	1023	282	0	
212	4	120	267	511	83	0	635	1008	0	
511	128	294	79	0	91	179	0	888	670	
349	45	68	283	132	119	0	1022	822	0	
65	259	30	238	124	126	566	409	1023	0	
30	488	511	509	0	46	75	1013	60	108	
457	15	511	30	0	68	931	98	610	120	
46	99	244	511	38	135	182	922	252	411	
335	14	511	98	0	376	419	828	0	259	
135	510	61	434	0	0	289	84	334	993	
15	45	434	511	152	0	0	865	192	626	
121	509	61	60	511	0	487	809	0	282	
372	30	98	0	0	64	45	824	385	1022	
65	15	511	287	365	162	0	867	568	0	
88	15	94	360	64	342	0	855	1022	0	
67	60	68	261	511	96	0	955	822	0	
95	75	60	253	64	124	1023	567	579	0	
30	511	31	30	132	0	0	1020	1017	69	
0	105	0	27	215	0	409	286	1022	776	
128	511	60	190	267	90	970	0	624	0	
212	46	8	0	373	34	1023	624	122	398	
124	90	38	313	335	94	1022	550	274	0	
155	45	30	253	511	123	0	881	548	294	
60	72	57	511	334	137	961	274	426	8	
511	15	38	253	79	149	0	1021	571	203	
91	120	115	137	0	244	150	881	80	1022	
0	256	19	151	389	511	154	835	68	457	
86	38	90	283	64	401	0	582	274	1022	
268	121	34	511	102	343	541	631	289	0	
60	76	8	128	156	0	1022	897	297	196	
511	15	60	246	434	102	545	651	276	0	
456	158	0	286	105	38	648	1022	127	0	
8	359	60	0	511	4	1023	147	728	0	
0	362	4	45	511	376	427	987	128	0	
73	15	75	238	64	164	640	1023	304	244	
15	244	151	0	160	109	1022	253	886	0	
98	289	30	297	60	0	17	64	963	1022	
244	511	282	0	272	120	34	1019	15	343	
0	511	19	493	380	167	402	815	53	0	
511	0	342	83	427	0	873	140	160	304	
354	0	511	34	105	23	128	1020	650	15	

95	90	60	206	4	120	304	1023	274	158	 ***
0	0	0	30	396	510	0	999	353	46	
110	75	60	208	4	94	304	1023	456	0	
0	511	0	205	0	496	0	1017	0	105	
511	0	244	0	30	396	0	0	136	1017	
120	45	0	0	304	0	784	1021	60	0	
15	289	60	122	464	30	334	1020	0	0	
95	75	60	118	4	94	304	1022	289	273	
15	122	0	75	494	30	334	1020	244	0	
15	274	90	433	0	122	0	1020	68	312	
65	90	60	337	0	511	304	306	661	0	
60	0	366	0	0	30	30	1021	90	737	
30	15	30	509	60	259	0	1020	411	0	
95	79	105	84	4	511	304	272	274	606	
95	75	60	174	4	227	338	339	1022	0	
30	126	30	259	0	120	4	1020	53	692	
95	75	75	174	4	90	456	343	1022	0	
0	30	0	135	45	60	244	1021	754	45	
95	81	60	204	4	90	1022	440	338	0	
0	0	90	0	30	15	982	1020	30	167	
0	90	122	0	45	34	0	1020	0	1023	
0	45	0	491	0	212	0	563	0	1023	

83	15	289	0	0	0	926	1022	30	554	 ***
0	0	342	259	0	0	274	217	804	1023	
38	304	91	122	0	304	616	1019	395	30	
312	95	0	15	182	488	0	804	0	1023	
374	304	8	0	75	0	334	1020	289	515	
15	8	212	136	392	349	244	1022	541	0	
128	105	500	60	304	282	136	1023	381	0	
30	0	0	30	304	122	417	1020	447	549	
15	320	23	244	60	60	244	1022	687	244	
145	368	32	42	110	365	429	1022	406	0	
30	105	75	183	252	334	364	1023	293	260	
0	379	0	319	198	0	0	872	128	1023	
227	0	30	75	0	38	940	1023	586	0	
507	60	304	144	30	259	289	1022	0	304	
259	0	150	0	167	23	488	1020	166	646	
319	267	151	252	0	212	0	1022	45	651	
0	297	0	0	80	15	428	445	631	1023	
140	15	143	304	511	8	486	1008	0	304	
60	0	83	259	472	0	0	0	1022	1023	
8	274	90	182	380	0	274	1020	586	105	
53	75	60	137	61	379	548	1020	342	244	
244	490	488	15	15	15	516	1023	113	0	
0	244	510	243	0	289	0	334	1017	282	
448	349	145	0	15	0	30	1023	890	19	
46	75	90	122	263	128	325	1022	526	322	
509	488	15	304	511	0	151	0	941	0	
91	105	75	130	244	30	439	1022	282	501	
0	75	129	0	197	282	726	1022	488	0	
60	90	488	15	318	503	15	1023	407	0	
0	357	15	90	145	373	1023	0	0	916	
342	289	120	198	90	0	0	1023	857	0	
61	0	15	274	197	46	455	1022	762	87	
0	61	8	319	0	511	366	556	75	1023	
45	83	60	137	304	503	304	1020	334	129	
30	136	120	389	45	90	548	1020	297	244	
357	289	30	49	49	60	488	1023	434	140	
364	105	220	297	30	259	305	1020	0	319	
30	75	121	122	0	357	331	1023	586	274	
495	409	0	259	252	15	429	1022	38	0	
304	15	274	60	75	8	1022	868	289	4	
60	304	105	15	289	282	30	1022	61	751	
244	137	60	304	75	144	0	1022	933	0	
0	365	274	0	511	0	63	0	1023	683	
45	140	60	137	488	60	132	1022	556	279	
130	252	30	319	75	73	0	1023	0	1017	
244	152	45	0	121	23	948	30	1022	334	
38	165	60	122	305	297	387	1023	274	248	
0	501	30	0	0	0	1020	1023	93	252	
30	441	132	503	15	312	0	1023	398	65	
102	441	0	38	0	0	0	1012	1022	304	

0	0	511	426	304	305	861	632	173	0	 ***
427	121	226	319	267	297	0	1023	532	0	
0	105	289	105	60	256	0	1023	616	758	
511	334	121	492	94	419	0	800	0	441	
83	15	289	16	0	0	678	1023	409	699	
90	98	259	0	274	392	526	1022	551	0	
212	380	331	0	90	8	800	1023	368	0	
259	0	244	380	381	393	0	258	274	1023	
69	511	0	283	0	323	885	120	0	1021	
0	426	305	0	90	30	540	244	556	1021	
65	457	511	120	0	15	90	976	674	304	
504	169	372	62	0	511	259	1023	312	0	
60	122	31	122	511	488	608	973	297	0	
259	511	0	259	290	90	349	958	496	0	
274	0	511	252	443	90	989	0	274	379	
23	138	0	319	395	90	1023	319	0	905	
334	182	244	339	0	0	808	282	1023	0	
15	8	244	435	60	0	1023	372	60	995	
503	76	304	53	0	197	1023	660	396	0	
0	0	106	357	511	0	1004	0	975	259	
305	0	72	321	394	268	1023	510	0	319	
83	15	289	0	312	0	1023	598	441	451	
135	79	289	511	0	0	456	672	542	528	
188	304	305	0	260	105	830	1022	198	0	
40	312	334	0	30	449	68	1023	0	956	
60	0	152	76	0	0	835	563	503	1023	
488	0	511	511	61	379	130	244	0	888	
90	83	289	0	244	0	1021	592	456	437	
30	98	75	0	343	130	1023	1021	0	492	
304	161	68	511	336	8	679	1023	30	92	
0	282	46	244	0	0	1022	417	776	425	
404	343	60	0	488	85	0	1023	259	550	
79	511	289	0	90	61	556	893	278	455	

0	0	98	441	304	53	1023	557	327	0	 ***
0	34	181	456	304	511	527	572	218	0	
460	507	0	0	0	426	1013	60	0	337	
0	0	511	426	342	69	666	593	196	0	
15	304	0	154	190	244	1021	537	60	278	
91	60	511	244	98	30	989	274	72	434	
505	0	511	304	244	84	0	881	0	274	
244	0	274	61	259	165	709	0	68	1023	
304	511	15	68	380	60	1020	0	319	126	
30	166	0	0	23	366	1020	845	0	353	
8	365	511	90	0	0	1015	547	267	0	
15	61	0	511	36	60	98	1000	0	1022	
503	30	511	0	304	0	1014	321	60	60	
60	313	511	105	15	449	333	0	1017	0	
0	304	0	511	244	45	0	677	1022	0	
60	193	0	0	493	511	982	252	0	312	
334	60	0	414	0	511	912	0	572	0	
0	106	511	98	244	336	1020	488	0	0	
0	0	8	379	304	511	382	0	244	975	
244	60	410	68	511	0	993	0	426	91	
76	0	98	361	0	511	430	274	993	60	
143	0	274	511	61	15	1001	708	90	0	
30	30	61	0	441	511	1020	252	413	45	
488	151	30	312	0	511	593	0	75	643	
0	0	0	441	334	59	320	626	1023	0	
122	0	0	402	304	83	676	1023	193	0	
75	84	465	304	304	0	866	370	68	267	

15	511	30	334	0	244	1015	60	30	305	 ***
45	0	0	511	0	334	940	244	379	91	
335	0	30	510	0	45	1001	0	623	0	
60	0	121	0	0	0	1023	1010	150	180	
30	0	511	0	61	244	608	1007	0	83	
0	30	30	105	0	509	1023	0	817	30	
509	0	0	30	0	90	1020	835	0	60	
121	0	128	319	244	38	1022	313	359	0	
75	504	0	304	0	91	1007	503	0	60	
0	60	30	60	0	60	136	860	319	1019	
76	138	60	60	60	0	1022	304	824	0	
30	61	128	319	304	45	1018	305	334	0	
2	0	98	364	304	53	1022	313	388	0	
90	0	0	511	30	0	1022	114	762	15	
304	511	60	151	244	30	259	75	910	0	

511	105	105	342	0	244	348	173	547	343	 ***
38	113	30	511	0	396	803	60	148	619	
53	60	98	98	0	90	0	1008	1023	288	
4	49	511	30	378	8	1020	91	0	627	
120	511	342	4	75	0	1004	537	76	49	
232	150	472	76	0	488	1022	113	165	0	
94	124	50	342	0	248	1023	442	90	305	
248	75	201	0	75	0	670	107	319	1023	
511	30	38	23	274	60	0	772	1010	0	
45	113	30	471	0	256	1021	173	60	549	
511	68	139	75	0	0	845	166	0	914	
319	511	95	244	278	95	813	0	60	303	
42	511	0	0	102	30	985	619	121	308	
171	0	38	297	105	0	1023	512	383	189	
62	511	42	368	0	398	0	289	783	265	
15	511	42	357	4	244	608	523	105	309	
34	511	60	398	0	263	584	185	76	607	
79	12	166	244	15	179	942	1021	0	60	
57	19	109	30	498	0	1023	257	4	721	
509	4	0	0	30	61	989	173	678	274	
38	60	75	501	61	251	1022	0	169	541	
15	105	38	364	34	244	1023	151	379	365	
19	90	30	334	79	248	1021	173	419	305	
80	511	30	276	252	274	416	60	253	566	
0	120	0	120	30	75	19	330	1022	1002	
84	511	125	0	248	152	313	1011	0	274	
257	414	136	319	30	0	1023	0	539	0	
0	511	274	0	162	49	1022	458	30	212	
402	471	0	246	73	274	1023	210	19	0	
250	0	0	75	0	15	900	1023	151	304	

60	486	4	511	325	244	430	787	394	0	 ***
511	62	90	342	248	488	697	310	180	313	
259	30	75	305	511	338	0	702	0	1021	
67	105	90	342	0	304	287	417	1023	606	
511	274	274	153	4	152	0	447	1010	416	
96	45	90	342	0	244	520	173	708	1023	
511	187	90	441	377	0	133	938	0	564	
511	45	273	342	0	244	501	185	827	313	
506	500	0	511	120	274	958	0	76	296	
114	357	343	370	486	511	968	92	0	0	
15	137	95	0	289	30	908	548	1023	196	
511	478	218	95	0	12	853	0	926	148	
511	349	248	501	106	167	900	0	185	274	
511	236	75	282	309	440	62	382	0	944	
374	511	489	60	126	492	0	182	932	75	
511	136	30	128	30	357	76	807	244	922	
37	45	90	469	0	244	610	387	336	1023	
511	404	335	19	150	455	587	110	0	670	
511	427	45	244	76	308	909	0	612	109	
511	45	124	342	0	244	640	806	216	313	
212	511	290	321	64	90	742	0	1011	0	
117	152	0	76	511	278	682	409	1016	0	
511	45	150	342	0	244	272	600	520	557	
511	45	90	342	4	304	287	646	684	328	
65	45	90	419	0	304	291	622	1023	382	
334	45	165	351	511	370	932	0	533	0	
511	61	274	362	135	110	496	304	988	0	
106	349	366	75	511	182	1002	64	98	488	
511	0	244	150	128	152	506	579	0	971	
279	106	488	0	0	0	298	1023	889	158	
0	342	75	435	0	495	0	665	206	1023	
511	256	453	77	369	114	184	530	0	747	
511	252	198	79	252	152	1020	90	0	687	

