#32	352	320	0	488	0	192	4264	244	2448	 ***
#352	4	32	0	80	240	160	160	4096	3216	
#0	2512	480	80	320	64	4168	244	116	356	
#320	836	68	400	2064	272	0	80	4060	240	
#432	912	880	0	84	392	2880	32	2728	0	
#4	0	0	308	160	112	480	5404	1552	320	

272	112	512	0	192	240	512	720	64	4928	 ***
512	320	244	224	244	160	32	2920	0	2896	
352	160	512	1456	80	304	0	4684	4	0	
32	352	320	0	516	0	864	4632	564	272	
32	400	32	2032	0	224	0	4512	80	240	
32	784	352	80	484	0	192	2264	240	3124	
192	320	356	0	304	352	272	5000	240	516	
112	352	352	0	484	0	1200	4476	304	272	
64	352	432	0	916	0	160	4600	756	272	
32	352	400	64	484	0	160	1668	1156	3236	
32	672	480	32	480	0	352	4960	240	304	
464	160	720	160	1008	196	0	4572	32	240	
352	320	352	80	432	32	320	4640	112	912	
240	256	160	160	560	112	112	3012	400	2540	
32	352	384	0	516	0	3844	1172	500	752	

420	192	80	352	160	512	592	1060	4696	0	 ***
480	1552	148	320	224	32	4604	352	352	0	
324	160	116	1696	240	160	0	1312	336	3720	
512	240	32	0	480	184	1408	240	0	4968	
0	112	596	1828	0	164	496	1424	752	2692	
464	704	400	0	592	68	4616	496	724	0	
160	64	1472	112	384	112	0	240	592	4928	
224	544	432	320	0	384	784	1332	4044	0	
144	112	432	0	832	560	480	672	64	4768	
160	224	960	464	512	320	1368	432	3624	0	
784	640	352	112	112	112	2856	0	1008	2088	
32	144	240	112	1152	80	320	640	64	5280	
832	0	436	112	0	1056	688	240	4668	32	

416	752	0	112	800	832	592	976	4900	0	 ***
1072	192	912	192	0	256	1424	4660	0	672	
304	1072	2740	1360	0	32	0	2480	400	992	
416	112	80	512	160	512	592	1824	5172	0	
416	272	0	112	192	512	1392	1584	4900	0	
416	112	240	352	160	672	1264	1024	5140	0	
192	352	112	352	720	992	480	512	736	4932	
416	912	32	112	800	672	592	944	4900	0	
832	1920	272	1364	0	560	0	1600	1840	992	
3332	320	192	1920	0	272	1856	1264	0	224	
736	64	704	112	320	1200	800	4132	1280	32	
1216	912	1600	880	0	112	4084	432	32	112	
32	720	0	192	320	800	1600	320	4484	912	
320	1472	2596	0	160	1392	0	1280	1824	336	
144	320	592	944	0	96	4308	1696	0	1280	
32	640	1392	144	1280	432	672	832	3924	32	
512	1056	464	400	192	0	0	4372	880	1504	

992	272	512	0	0	832	5136	160	160	1584	 ***
0	640	1424	320	384	352	352	992	5184	0	
1760	0	0	0	944	32	4848	0	1392	672	
832	0	0	1072	64	384	944	912	5088	352	
928	240	512	640	112	240	1600	64	5312	0	
464	752	0	64	800	672	1232	944	4720	0	
3344	672	0	192	704	0	0	1744	1360	1632	
384	752	0	32	672	672	752	1664	4720	0	
672	912	1024	432	400	480	0	4672	0	1056	
400	0	0	80	864	384	1184	5216	320	1200	
1520	352	64	0	592	240	0	5408	1296	176	
32	0	1072	864	80	0	640	896	5008	1056	
672	0	304	240	1360	32	1760	1424	3856	0	
192	160	80	512	80	2160	0	2048	0	4416	
704	160	160	992	0	272	0	1872	4912	576	
224	0	80	32	160	240	1184	3200	4528	0	
0	2000	240	112	0	640	256	1120	4288	992	
2032	32	0	0	64	1920	192	464	3824	1120	
0	976	320	0	912	0	4608	464	1088	1280	
0	720	640	320	752	480	0	4624	0	2112	
0	432	752	544	0	1184	704	544	5408	80	
1312	736	400	512	0	224	3696	0	2656	112	
320	1120	240	1024	672	32	320	480	5216	224	
832	192	2032	1760	112	0	0	384	3824	512	
960	912	0	32	720	672	592	896	4784	80	
320	144	0	672	800	1312	592	944	4784	80	
1360	64	320	320	512	2704	192	160	4016	0	
96	0	1072	0	2144	304	352	752	4208	720	
0	672	960	32	80	0	5856	1024	704	320	
192	1376	464	80	32	1360	560	672	4752	160	
352	912	640	32	720	672	592	944	4704	80	

1120	240	512	80	240	192	5360	640	320	720	 ***
960	432	544	1040	0	192	2496	160	768	2832	
80	320	1280	512	672	672	4416	624	848	0	
1040	272	544	240	0	192	2176	1280	400	3280	
2368	0	240	720	32	400	3280	0	624	1760	
1744	592	832	0	0	352	3968	784	160	992	
960	400	512	0	320	992	2208	3120	272	640	
160	1104	160	192	1392	352	3232	2640	192	0	
1040	384	512	0	160	272	4704	480	880	992	
1232	192	512	0	240	272	4576	400	560	1440	
1040	400	0	0	304	896	3776	624	2032	352	
2576	320	272	2368	592	832	2032	0	0	432	
80	0	480	880	720	1104	352	832	0	4976	
1088	112	432	1712	0	2112	2992	0	544	432	
112	112	320	512	752	960	4112	1152	672	720	
512	1312	752	1232	800	224	0	1248	3344	0	
272	0	2448	2000	1200	80	2880	0	80	464	
32	112	720	0	2272	768	0	784	3072	1664	
112	512	752	1200	144	0	3104	64	960	2576	
912	272	880	80	0	32	4224	1424	1120	480	
0	560	1472	720	640	224	912	704	0	4192	
992	752	592	0	240	832	2464	160	560	2832	
640	64	0	1072	0	1232	4000	512	704	1200	
512	400	320	2176	0	752	2992	0	832	1440	

240	624	192	0	240	80	4496	480	1088	0	 ***
800	1200	0	736	352	1648	192	0	2512	0	
480	272	512	80	240	192	4160	480	864	160	
480	240	192	80	240	160	2992	2256	560	240	
1264	1888	0	0	464	192	784	2384	464	0	
960	160	352	192	640	672	3424	400	640	0	
32	224	160	592	160	160	5232	640	0	240	
432	0	0	512	400	1472	1824	0	2288	512	
192	240	160	80	240	80	3536	512	2048	352	
160	32	400	352	1072	240	320	0	1120	3744	
80	544	0	992	592	400	3360	672	0	800	
160	240	352	80	240	80	4848	480	960	0	
160	240	32	112	400	80	4960	640	512	304	
432	0	240	80	880	240	3376	0	1280	912	
80	80	640	80	1184	480	3712	0	800	384	
0	80	496	0	480	1680	2208	0	736	1760	
400	192	432	112	0	720	3744	400	480	960	
0	240	240	352	0	320	0	3712	1616	960	
160	320	32	112	240	80	4128	480	1888	0	
480	240	512	112	240	192	4000	480	1184	0	
1632	672	0	160	32	752	320	3632	240	0	
320	560	160	160	960	0	0	1552	3696	32	
80	0	992	0	672	272	160	3520	704	1040	
512	0	240	0	800	304	1392	1344	2336	512	
480	400	1856	80	240	144	3520	480	240	0	
1472	2368	112	0	80	80	2208	800	320	0	
160	240	192	80	240	160	4832	1296	240	0	

0	0	640	564	720	36	1520	304	3040	756	 ***
244	592	192	0	272	160	2788	512	400	2420	
112	272	32	592	560	400	3620	1280	0	712	
244	272	192	0	240	384	2724	484	800	2240	
0	244	0	80	240	1288	2896	256	1936	640	
640	64	516	0	240	84	4804	480	480	272	
400	352	192	192	276	80	4804	560	724	0	
272	272	36	192	480	84	2948	2416	800	80	
720	1968	272	1520	624	0	0	676	240	1560	
0	560	356	720	416	0	1040	80	3064	1344	
580	116	880	1620	32	432	0	2928	992	0	
400	272	1688	0	320	240	2948	1280	400	32	
240	272	192	4	400	196	4724	560	992	0	
404	192	756	832	0	276	1424	80	3616	0	
144	832	480	1040	752	324	3088	272	648	0	
244	436	32	0	272	480	2756	560	2688	112	
1236	800	32	356	0	0	3040	864	852	400	
244	272	272	0	240	400	2868	980	592	1712	
224	720	0	1040	560	2528	0	0	276	2232	
272	720	1024	0	644	676	0	3488	516	240	
352	696	432	1264	352	0	2480	1152	852	0	
432	0	640	248	2032	80	160	0	2160	1828	
164	0	0	240	704	80	1988	720	3044	640	
116	464	512	0	244	240	2756	480	560	2208	

432	992	1984	240	384	244	0	1364	2916	1120	 ***
480	1184	1312	3088	80	0	164	2292	1076	0	
464	320	1536	80	944	1044	2288	192	0	2808	
960	1472	1200	404	0	836	480	3412	0	912	
404	160	192	512	1448	2384	640	0	2752	1184	
800	752	432	304	356	320	0	4552	1120	1040	
0	0	640	640	640	0	4656	784	2076	240	
0	0	480	880	720	1444	1600	2672	1396	484	
400	484	304	464	1680	752	3748	0	644	1200	
0	480	560	884	752	36	1040	1584	1312	3028	
1040	0	400	804	1040	36	3504	1264	1424	164	
0	0	560	640	1440	68	1680	1296	3348	644	
672	352	1280	1120	0	400	276	2176	560	2840	
0	640	560	560	1360	676	1520	2608	1428	324	
724	1316	944	416	1312	720	0	1124	2928	192	
1280	164	672	564	320	592	628	0	3264	2192	
752	0	784	400	0	880	320	2152	3744	644	
352	0	480	2080	720	356	3504	544	996	644	
0	160	640	720	1440	804	1600	704	3444	164	
640	320	880	160	160	196	2676	996	912	2736	
0	640	672	640	352	1392	192	544	3056	2188	
0	1216	1616	1232	808	0	2112	1072	464	1156	
0	0	800	644	1684	116	1520	2752	2000	160	
1440	84	0	1028	480	560	240	4612	960	272	
352	432	352	484	1280	752	512	1280	3672	560	

432	384	240	400	384	80	0	1524	3096	1200	 ***
384	164	660	0	3232	1120	320	240	0	1620	
432	352	80	240	656	400	0	1524	1096	2960	
0	2116	800	512	0	804	480	1088	1744	196	
704	352	80	400	464	80	0	1440	3100	1120	
720	240	960	720	80	160	404	196	3520	740	
164	272	1152	160	1028	304	964	160	592	2944	
544	352	80	304	384	160	0	1360	3116	1440	
0	1120	2208	0	148	720	1216	320	512	1496	
1664	32	112	116	752	164	2480	4	640	1776	
276	404	1296	0	752	164	560	960	3008	320	
160	240	0	832	1120	224	1104	2920	656	484	
80	320	388	240	384	68	384	592	3844	1440	
0	720	672	112	1284	624	0	36	1540	2752	
512	352	80	272	416	80	0	1840	1228	2960	
0	1664	592	672	116	276	960	0	2720	740	
80	160	272	400	0	32	840	2896	2064	996	
272	164	400	832	192	868	640	0	2740	1632	
324	596	720	480	436	640	352	624	160	3408	
432	512	112	240	624	80	0	1364	3096	1280	
240	1440	160	480	676	192	912	1336	2304	0	
164	272	484	704	480	320	2644	1872	0	800	
0	480	272	1236	400	384	484	836	3216	432	
432	752	752	272	416	84	0	1524	2388	1120	
432	512	80	240	384	80	0	1520	3116	1376	
464	352	80	352	384	240	0	1508	3080	1280	
868	0	752	992	304	0	384	756	3444	240	
832	800	440	1776	304	752	560	0	2036	240	

160	80	560	592	176	80	0	1840	3356	1360	 ***
720	512	320	80	500	400	560	0	3812	1300	
240	160	84	80	352	464	880	1216	4164	564	
1040	880	896	276	672	400	196	704	2740	400	
560	80	480	400	304	80	0	1520	3308	1472	
320	192	0	512	400	868	752	3524	1636	0	
240	384	328	720	640	480	1024	1408	2980	0	
1488	0	1280	320	160	720	260	1504	2472	0	
592	160	240	480	416	112	0	1524	3528	1152	
756	32	80	1584	896	240	484	1924	0	2208	
464	676	0	324	592	32	1712	484	3920	0	
244	240	164	192	432	480	992	3988	304	1168	
192	1044	80	32	84	608	1632	3616	640	276	
432	112	560	592	624	112	0	1524	1368	2880	
624	112	400	400	384	80	320	1524	2968	1392	

464	164	352	0	164	592	4020	1600	592	0	 ***
240	240	672	640	304	0	0	1840	1180	2832	
1504	80	560	352	144	0	0	1680	2668	960	
160	80	560	560	144	80	80	1520	3564	1200	
272	80	560	640	1488	0	0	1840	1868	1200	
432	320	564	2516	1424	0	512	276	1904	0	
240	112	560	560	144	0	160	1520	3532	1120	
240	160	560	320	144	1504	0	1712	2348	960	
240	112	640	480	144	0	0	1680	3532	1120	
880	916	432	544	2176	480	2356	0	164	0	
628	1856	1072	1248	1392	244	0	0	1232	276	
192	80	560	720	224	160	0	1520	3532	960	
240	240	560	400	144	0	0	3536	1708	1120	

304	960	640	192	1520	356	436	464	2932	0	 ***
2416	96	672	356	560	832	516	1956	160	240	
400	464	352	356	752	240	3848	160	192	1040	
4	240	176	592	80	116	4240	564	1392	400	
2160	164	224	0	324	592	2388	1520	432	0	
112	356	192	240	160	592	2452	1396	2224	80	
384	384	512	432	992	400	3892	480	168	160	
544	240	432	388	400	320	2996	964	560	960	
804	272	480	228	224	516	640	672	1072	2896	
2024	244	192	0	160	752	2416	1520	464	32	
484	512	160	320	592	1216	3224	0	1072	224	
32	384	0	564	2528	404	512	1184	304	1892	
880	240	352	244	272	640	0	580	816	3780	
592	32	192	276	512	480	3216	952	1152	400	
32	324	192	80	256	624	2712	1360	2224	0	
192	640	756	912	1536	728	2304	336	0	400	
352	992	32	80	864	592	192	404	3780	516	
592	548	548	324	560	240	1392	400	3200	0	
32	320	320	384	272	0	480	1748	36	4212	
676	320	304	272	448	720	544	564	1120	2836	
144	164	192	96	1392	752	2532	1860	432	240	
576	232	336	0	320	592	3796	1520	432	0	
144	164	192	0	2148	752	2660	1360	384	0	
192	400	276	224	320	592	2900	468	992	1440	
144	520	224	160	160	592	2468	1392	2144	0	
656	164	352	0	240	656	3764	1392	548	32	
324	784	160	160	272	192	3764	240	480	1428	
640	544	388	512	1184	400	3348	400	0	388	
400	656	40	720	0	352	1072	80	3652	832	
320	516	112	432	400	352	2452	80	916	2224	

960	1392	4	112	0	240	160	352	2112	4204	 ***
468	276	144	324	676	480	1952	672	4544	0	
224	160	720	432	912	352	1516	432	4788	0	
308	1280	640	192	944	516	884	832	3940	0	
1712	480	544	2512	832	0	980	0	400	2076	
0	244	640	112	720	480	4940	160	1936	304	
0	112	640	720	0	720	1676	1392	1796	2480	
624	596	320	112	160	80	2000	0	752	4892	
164	0	704	160	1488	1360	800	3676	320	864	
160	512	144	272	0	480	1440	4908	468	1152	
160	240	480	752	1040	0	1040	192	2576	3056	
580	84	640	640	912	0	804	800	1220	3856	
0	32	0	1296	1968	1808	32	1200	160	3040	
400	832	480	0	496	1792	0	2624	2912	0	
4	112	352	672	2048	512	560	624	4004	648	
432	0	0	320	752	960	1984	116	4812	160	
384	800	480	192	992	2388	564	464	2948	324	
404	240	0	320	512	0	416	3716	560	3368	
640	80	1072	196	624	880	0	1024	2876	2144	
0	160	0	1316	864	80	1424	640	4024	1028	
0	80	2272	3380	880	384	960	0	628	952	
480	592	352	0	1156	2472	0	996	272	3216	
400	2016	196	912	1040	280	464	0	2388	1840	
352	272	592	0	1716	1444	80	820	3940	320	
884	880	272	1344	80	464	560	984	3908	160	
32	320	160	320	3780	112	2032	480	0	2300	

80	1044	112	0	0	1120	2404	1392	432	3336	 ***
1044	752	84	112	0	240	1200	1648	2400	2440	
224	388	568	992	112	432	1440	2116	0	3648	
992	224	640	1456	400	484	2328	2516	880	0	
1360	352	384	324	752	804	3172	1120	1652	0	
1428	64	0	672	1040	32	1360	484	0	4840	
1520	384	464	640	1712	560	0	1188	1720	1732	
0	320	0	1184	320	0	4588	240	3268	0	
960	1392	164	112	80	272	240	596	2160	3944	
1280	1940	0	640	0	240	1072	4312	196	240	
164	320	112	1024	0	240	0	548	4100	3412	
960	1796	4	112	0	1040	912	352	1712	3032	
1040	1396	4	80	0	832	1680	384	3412	1092	
1280	804	80	640	0	320	80	1152	5292	272	
1904	160	0	0	32	36	832	560	1424	4972	
80	1652	272	624	400	880	2160	1060	2792	0	
720	352	752	1152	800	724	432	3160	1828	0	
336	160	752	512	1280	1156	0	1664	472	3588	
848	1040	2672	432	352	0	0	1108	1924	1544	
160	672	432	1200	240	80	3496	0	3400	240	

80	1684	112	0	0	1280	3368	1664	432	1460	 ***
0	112	432	1152	1128	240	2416	960	1104	2536	
1312	432	480	64	80	560	1240	880	80	4952	
160	1236	112	640	0	1120	3880	1552	432	948	
112	912	84	480	192	640	2304	0	596	4760	
4	272	0	1232	480	1584	3896	1536	0	1076	
80	1044	112	0	0	1280	2132	3296	432	1704	
80	640	0	352	320	320	4	1172	1280	5912	
256	592	2480	160	728	32	1232	0	1616	2984	
1956	192	80	1840	832	0	320	0	4	4856	
80	1124	912	32	0	1200	3848	868	432	1584	
80	1124	144	80	32	1200	3288	1952	592	1588	
80	1044	112	0	0	1748	2980	900	2384	832	
32	2336	112	484	0	160	1664	592	804	3896	
80	1076	112	1152	0	1232	2452	1312	1472	1192	
32	0	1204	640	1440	420	720	5544	80	0	
80	1204	112	0	112	1232	1940	1712	512	3176	
720	320	0	352	2356	112	4868	520	832	0	

0	80	0	640	784	480	4588	160	1072	2192	 ***
800	80	1716	320	800	0	4696	1312	272	0	
320	992	0	1456	0	320	4684	352	640	1232	
672	80	1472	0	672	192	5288	4	0	1616	
800	112	0	160	1428	672	3848	960	1216	800	
800	0	832	0	480	0	2032	800	0	5052	
240	964	112	0	80	960	2368	2888	912	1472	
80	964	272	0	80	960	2392	1232	2272	1744	
0	672	1712	80	0	352	3668	0	0	3512	
112	0	240	1104	804	320	5352	1344	0	720	
640	192	544	160	880	1472	5036	160	160	752	
2032	0	516	112	0	400	4920	192	0	1824	
80	964	192	116	0	960	4160	752	740	2032	
80	964	752	1712	0	960	3112	944	480	992	
240	80	1312	880	800	32	4984	644	704	320	
80	964	112	0	800	960	1656	1312	2416	1696	
80	964	144	640	0	1680	1856	2888	752	992	
320	0	784	544	832	320	4552	0	800	1844	
272	320	0	176	1680	0	3660	0	0	3888	
112	964	1072	0	240	960	1808	672	2664	1504	
672	32	0	1632	640	704	4364	1200	752	0	
80	964	192	0	0	1120	1840	1392	2664	1744	
752	192	32	112	240	160	4408	800	4	3296	
160	0	640	32	272	1040	4168	272	160	3252	
2440	80	0	912	160	0	4532	0	1520	352	
36	320	80	160	32	0	5768	240	704	2656	

704	304	0	352	2076	0	0	2640	880	3200	 ***
0	80	0	640	784	160	3072	2508	1072	1840	
352	960	160	400	240	0	3616	1616	2812	0	
0	352	64	2320	1440	0	4748	160	800	272	
0	80	0	640	864	160	4040	1588	1104	1680	
832	1424	0	272	1520	80	2984	0	2772	272	
0	80	0	640	704	160	3892	2600	1040	1040	
0	80	0	640	784	240	2880	1832	1152	2548	
0	80	0	720	944	160	2880	2508	1072	1792	
80	80	0	640	784	160	4456	1716	1200	1040	
0	160	0	640	1104	160	4264	1588	1200	1040	
560	192	672	800	1444	0	640	5096	752	0	
1232	672	1200	160	144	320	0	640	832	4956	
0	880	720	160	672	672	0	1200	5212	640	
112	880	1744	160	0	272	3200	0	1120	2668	
992	800	400	0	384	0	3500	352	80	3648	
0	0	480	1428	80	672	5320	832	160	1184	
0	80	0	640	784	240	3120	1744	1072	2476	
0	80	640	0	672	1620	2944	2000	0	2200	
0	2020	480	0	112	80	1072	704	480	5208	
640	944	720	544	0	832	4844	0	0	1632	
160	304	32	0	1636	160	5480	384	0	2000	
0	80	0	640	784	320	3964	1584	1072	1712	
0	1120	752	512	400	96	80	0	2080	5116	
160	80	0	640	784	160	4312	1588	1072	1360	

160	240	1236	352	1360	0	640	320	80	4332	 ***
1280	1156	880	0	0	112	0	32	4292	968	
80	1072	328	0	80	1268	1040	4772	0	80	
672	420	0	352	1068	880	0	2048	720	2560	
80	960	1236	400	400	720	672	3896	80	276	
0	0	64	0	272	724	2404	2132	416	2708	
0	752	80	720	640	112	0	1668	4428	320	
752	304	224	432	1036	0	0	2048	880	3044	
256	4	880	480	1476	320	800	3720	0	784	
0	0	320	80	960	80	160	4300	80	2740	
80	832	352	720	436	320	1120	4220	0	640	
0	0	80	112	480	704	80	5152	1040	1072	
1376	304	0	352	400	0	240	2048	880	3120	
1632	160	352	112	0	324	0	3884	1552	704	
0	960	1040	0	160	0	1804	192	816	3748	
0	320	800	160	1324	0	688	3632	320	1476	
672	420	0	596	872	0	0	2848	1712	1600	
0	1360	1312	224	916	112	80	3080	1552	84	
0	240	400	192	740	2996	1392	0	0	2760	
672	304	752	432	388	0	0	2208	720	3244	
784	304	0	352	1164	0	2272	1408	720	1716	
1316	320	400	160	0	0	3548	1920	640	416	
276	272	112	0	316	1312	3536	2592	0	304	
160	480	800	416	1356	80	964	3280	272	912	
916	384	0	352	192	0	0	2932	2152	1792	
640	1312	80	160	36	160	720	4556	944	112	
1080	752	80	160	1396	320	0	80	752	4100	
0	640	1280	564	0	112	0	752	3020	2352	
240	240	144	0	1772	724	1104	3616	640	240	

160	240	1344	484	720	0	640	960	80	3188	 ***
320	1444	0	0	160	80	352	352	0	5108	
160	324	544	1120	720	0	640	960	80	3268	
0	80	0	3748	0	0	2772	1216	0	0	
0	80	192	3620	0	320	0	0	752	2852	
400	240	32	0	0	752	0	1280	0	5112	
560	160	720	32	720	0	0	0	480	5144	
1120	640	0	0	160	80	0	400	160	5256	
160	240	0	320	880	0	2340	960	80	2836	
160	240	1380	352	640	0	1680	400	0	2964	
1044	64	0	320	80	160	720	0	80	5348	
1860	640	320	80	0	272	0	0	0	4644	
3364	0	0	640	0	720	0	0	672	2420	
160	480	0	480	720	0	2260	960	80	2676	
32	0	0	0	640	640	160	880	272	5192	
832	160	80	0	0	320	640	80	480	5224	
2660	0	0	112	0	0	0	0	3092	1952	
2132	992	960	0	560	0	0	0	80	3092	
640	0	0	0	0	0	160	160	1584	5272	
624	80	2308	0	0	160	640	352	0	3652	
160	240	1428	352	640	352	640	400	0	3604	
0	0	80	32	0	752	0	320	2868	3764	
1312	436	0	352	720	0	640	592	0	3764	
804	0	320	0	0	160	752	560	0	5220	
160	240	0	352	880	0	640	960	80	4504	
352	0	0	880	800	3172	0	0	0	2612	

80	400	640	720	32	80	1072	320	244	5192	 ***
0	1280	0	272	480	240	0	432	880	5196	
160	480	0	800	160	164	80	640	3040	3256	
1040	32	160	192	1280	160	0	0	2628	3288	
400	112	640	560	0	880	640	592	0	4956	
880	80	800	160	0	752	2772	0	3176	160	
0	160	472	196	400	0	992	1520	320	4720	
752	320	240	400	1520	0	800	320	0	4428	
240	0	0	800	0	1964	0	320	2464	2992	
160	0	320	0	0	160	0	720	2180	5240	
0	240	0	2552	0	160	800	0	640	4388	
32	80	0	112	960	756	800	80	800	5160	
1800	0	0	80	0	400	320	160	832	5188	
32	80	320	80	1520	0	724	0	896	5128	
800	960	1592	80	80	0	320	0	0	4948	
0	160	720	1352	0	880	0	5156	352	160	
32	2152	0	0	1600	0	160	0	4836	0	
160	80	0	320	560	0	1280	32	1156	5192	
160	320	3240	80	0	0	1920	2740	0	320	
80	0	2792	800	640	0	0	640	3668	160	
80	640	1112	0	0	400	5636	0	0	912	
0	160	1904	0	880	192	0	0	916	4728	
480	272	1280	0	800	0	272	0	436	5240	
0	1424	0	80	0	80	0	5000	320	1876	

568	880	0	0	3456	0	2196	640	0	992	 ***
160	1472	640	0	400	0	1704	1344	3012	0	
112	160	640	880	672	80	800	672	960	3756	
80	800	80	880	32	596	1280	240	240	4504	
720	1232	752	640	964	0	0	1720	2704	0	
0	64	720	720	192	80	720	432	400	5404	
1396	0	0	0	880	960	112	240	320	4824	
192	0	0	1312	244	0	1764	0	224	4996	
244	160	1664	0	0	2436	3236	720	192	80	
480	0	752	800	832	0	3056	4	2808	0	
752	672	0	1600	2740	164	1232	0	1572	0	
1520	0	240	2580	0	1360	80	408	2544	0	
0	84	720	640	0	192	880	1892	80	4244	
0	644	1040	160	880	784	0	0	2064	3160	
80	160	0	32	0	2548	240	0	3816	1856	
1796	0	640	0	944	832	960	884	0	2676	

0	800	1668	160	2560	160	3180	832	0	0	 ***
164	992	0	0	1144	0	2224	1472	0	3364	
0	0	0	0	0	240	4240	672	736	3472	
2856	1200	32	0	1696	0	1876	1184	0	516	
800	2788	0	0	944	0	1872	2044	0	912	
80	0	0	0	2292	320	2212	0	3816	640	
0	960	0	800	2292	0	80	2260	616	2352	
400	0	0	672	2712	432	2080	0	3064	0	
8	880	160	0	3012	0	1072	1280	2644	304	
0	0	640	0	320	640	3044	224	320	4172	
2424	880	1840	0	1108	0	1876	960	0	272	
724	0	640	352	2276	320	5016	0	32	0	
168	880	0	0	3284	880	1876	1376	0	896	
164	880	644	352	3492	0	2832	644	0	352	
160	0	160	960	800	0	0	0	2968	4312	
1960	0	0	0	1360	640	2196	672	1040	1492	
84	912	160	352	3284	4	912	1280	2260	112	
160	672	32	480	2756	0	3336	644	640	640	
0	800	0	0	0	0	304	4796	2400	1060	

512	240	640	640	2948	0	4268	0	320	0	 ***
160	160	640	512	3060	160	3212	1664	0	0	
0	2068	1024	0	800	0	5516	0	160	0	
2468	0	160	480	0	0	4268	0	1440	752	
400	320	640	160	816	160	2860	4212	0	0	
0	160	160	0	160	916	0	3048	0	5124	
884	960	2100	0	992	112	3800	320	400	0	
0	196	640	160	1232	160	4840	2340	0	0	
0	736	720	160	3060	996	2264	1632	0	0	
80	320	720	160	976	480	2620	4212	0	0	
1796	0	0	0	2240	640	0	0	0	4892	
0	160	32	320	2500	320	800	5116	0	320	
192	1200	640	240	3016	160	2424	1696	0	0	
704	1120	0	240	32	640	6080	32	720	0	
0	480	880	192	3016	480	2264	2256	0	0	

432	800	240	800	1344	0	0	2488	800	3692	 ***
512	560	676	1632	1152	160	3848	0	2056	0	
160	480	32	1360	0	192	3908	320	4144	0	
1940	432	800	1280	2500	0	3484	0	160	0	
272	1876	240	640	0	640	672	160	160	5936	
160	880	32	160	2092	192	320	6052	708	0	
480	160	80	960	1200	720	6180	544	240	32	
1360	0	64	640	1280	240	4308	1680	720	304	
0	1472	0	0	400	320	2524	0	1424	4456	
352	1200	0	1680	2372	640	0	472	224	3656	
80	0	640	880	752	240	6144	480	1028	352	
512	160	640	1312	1312	32	6004	0	320	304	
1808	0	960	320	640	0	4356	1152	960	400	
592	640	672	1312	3188	388	3324	0	480	0	
836	240	724	832	1280	1348	3240	0	2096	0	
0	0	752	1360	272	960	2384	672	0	4196	
160	1280	240	2228	1668	784	160	0	4076	0	
192	0	640	0	240	352	3664	2356	2640	512	
1184	320	800	640	2648	464	4216	4	320	0	
2504	320	0	1392	640	404	1072	0	3304	960	
512	0	960	1680	4	0	3772	1796	752	1120	
1040	0	752	1664	0	672	272	0	4436	1760	

272	1152	144	84	0	1120	5136	1216	960	0	 ***
352	800	160	360	1344	0	0	1024	644	5400	
388	808	192	320	1344	0	0	2496	1312	3224	
1128	1152	0	964	32	1120	32	0	4584	1072	
4	1424	164	1280	1072	384	432	4492	0	832	
1124	0	32	1504	384	160	2032	4848	0	0	
0	1760	164	0	672	592	704	4592	0	1600	
352	160	160	160	1504	0	0	4364	640	2744	
352	800	480	804	1344	0	0	2616	1104	2584	
1664	800	160	800	0	644	452	4284	1280	0	
1604	352	0	324	0	144	1668	4152	560	1280	
2856	320	0	0	320	880	3628	160	160	1760	
800	560	1668	0	592	320	800	3948	1280	116	
1152	804	160	112	704	0	320	80	640	6112	
36	1440	2344	240	0	512	192	320	1440	3560	
644	640	788	0	112	352	2624	4412	320	192	
960	836	624	80	80	160	4	2128	640	4572	
512	800	160	480	1344	0	0	4364	640	1784	

