#9406.8	25600	29325	0	0	 90 ***
#10210.8	21985	29325	0	0	 86 
#10233.2	21330	29325	0	0	 60 
#9154.16	26073	29325	0	0	 42 
#8226.12	26553	29325	0	0	 29 
#9611.67	22994	29325	0	0	 11 

9278.46	17294	25246	75	2862	 72 ***
9015.57	19276	25246	44	1819	 71 
8906.93	18041	25246	45	2304	 66 
9288.01	18822	25246	19	383	 60 
8214.7	17938	25246	48	2075	 54 
9287.88	19294	25246	26	936	 40 
9290.76	17967	25246	47	2465	 38 
9291.72	17563	25246	17	383	 38 
9290.75	18983	25246	18	614	 34 
9279.72	21235	25246	28	728	 28 
9291.95	17421	25246	17	386	 16 
10096.7	17132	25246	45	2401	 15 
10094.6	16363	25246	46	2048	 8 
10086.5	16362	25246	64	2078	 6 
9287.41	19501	25246	41	889	 5 

8955.29	17982	26494	81	2683	 98 ***
8964.31	18236	26494	79	2891	 85 
9056.35	21095	26494	55	2275	 82 
9055.71	21790	26494	43	2045	 70 
8730.13	21984	26494	60	2376	 65 
8959.92	21177	26494	79	2857	 64 
9062.58	16950	26494	39	1944	 55 
8148.27	20376	26494	84	3002	 55 
9327.51	15724	26494	7	291	 55 
8954.69	20976	26494	82	2754	 45 
9062.43	18025	26494	70	2561	 16 
10134.6	14600	26494	13	534	 6 
8747.3	17038	26494	84	3009	 3 

9680.41	14485	29672	13	451	 96 ***
8388.84	16698	29672	74	2757	 94 
8404.71	20426	29672	73	2588	 89 
10276.4	15664	29672	7	272	 71 
8477.68	14532	29672	12	329	 63 
9081.35	15887	29672	7	301	 62 
10257.9	13828	29672	77	2936	 59 
9086.37	14044	29672	14	695	 59 
8404.57	20724	29672	67	2376	 49 
10295.8	13020	29672	79	2921	 42 
10274.4	14022	29672	71	2657	 25 
9489.89	13981	29672	73	2586	 15 
9668.56	14043	29672	45	2193	 15 
8418.04	16510	29672	69	2376	 15 
8390.88	15566	29672	75	2589	 9 
10278.9	13684	29672	53	2490	 7 
8382.89	16100	29672	75	2603	 0 

8502.79	10421	29293	69	2554	 100 ***
8938.27	10415	29293	30	1990	 95 
8718.33	9946	29293	65	2326	 95 
8926.25	11095	29293	36	2010	 95 
8941.18	11420	29293	29	1566	 94 
9535.58	11930	29293	2	8	 91 
7653.99	13644	29293	54	1996	 87 
9534.76	11670	29293	3	12	 87 
7973.58	11699	29293	68	2616	 77 
8920.97	10936	29293	63	2227	 76 
8252.44	11007	29293	66	2693	 71 
8711.8	12608	29293	38	1927	 68 
8324.95	12463	29293	39	2081	 68 
9027.26	9904	29293	68	2682	 68 
8246.24	15712	29293	44	1797	 67 
8321.28	14449	29293	47	2172	 60 
8730.69	11133	29293	39	2087	 60 
8724.99	12241	29293	38	1965	 57 
7912.87	12294	29293	66	2572	 54 
7357.84	10901	29293	69	2571	 47 
8714.77	12475	29293	32	1703	 46 
8249.56	14519	29293	52	2436	 46 
10136.3	11113	29293	29	1735	 37 
8260.79	12613	29293	48	2262	 36 
9540.51	11531	29293	6	99	 35 
9530.3	11406	29293	7	159	 31 
8938.17	10443	29293	36	2089	 28 
8712.89	12469	29293	37	1950	 11 
8722.45	11025	29293	62	2241	 9 
10139.1	10530	29293	26	1517	 5 
10140.8	11624	29293	3	23	 3 

10025.2	11375	27923	10	747	 99 ***
9208.65	12943	27923	27	825	 98 
8834.32	11998	27923	30	1760	 74 
9205.56	12959	27923	27	772	 74 
8957.08	10463	27923	36	1563	 73 
8415.12	13662	27923	13	564	 72 
9216.2	11049	27923	32	969	 69 
8833.71	11284	27923	51	1868	 63 
9214.96	11748	27923	7	595	 63 
9213.78	13634	27923	15	716	 58 
8620.68	12490	27923	31	1782	 54 
7890.17	14771	27923	47	1822	 47 
8328.71	10838	27923	60	2291	 41 
8145.64	13363	27923	30	1683	 40 
10018.1	11626	27923	25	1706	 40 
7763.98	14483	27923	65	2394	 33 
8359.19	13205	27923	42	1464	 32 
8125.8	12460	27923	58	1583	 31 
9205.76	13621	27923	25	1081	 18 
9224.51	11029	27923	30	1559	 18 
8342.1	10035	27923	61	2288	 8 
9211.8	13167	27923	26	814	 8 
8614.13	13140	27923	37	1897	 1 
8949.31	11010	27923	35	1819	 1 

9054.28	9726	23299	23	649	 100 ***
6994.67	10951	23299	65	2193	 98 
9857.26	11538	23299	11	407	 92 
9854.02	8505	23299	31	965	 74 
7269.64	11321	23299	63	2355	 71 
8663.12	9611	23299	29	1552	 68 
8773.61	9316	23299	32	1770	 67 
7573.83	11379	23299	59	1692	 60 
9850.95	8816	23299	25	691	 59 
8765.95	9269	23299	65	2095	 53 
8174.73	10281	23299	37	2009	 50 
9853.3	9452	23299	17	444	 49 
9849.6	11515	23299	18	383	 44 
8178.41	10103	23299	30	1381	 38 
8785.53	8868	23299	35	1968	 38 
7357.71	12005	23299	41	2063	 33 
9040.45	8850	23299	25	1170	 29 
7960.51	10078	23299	66	2110	 29 
9851.36	9648	23299	19	626	 22 
9857.59	10852	23299	9	403	 18 
8075.13	8523	23299	67	2446	 17 
7969.29	9427	23299	67	2369	 10 
8439.92	9384	23299	66	2110	 6 
8444.8	9819	23299	58	2016	 4 
9875.17	10421	23299	11	451	 4 
7881.82	10634	23299	47	1999	 0 
9852.06	11141	23299	15	551	 0 

8627.08	11742	22329	48	2023	 100 ***
9018.42	11368	22329	29	1126	 96 
8756.34	10347	22329	36	1785	 88 
9014.16	12467	22329	30	903	 81 
8628.28	11987	22329	40	1809	 78 
9836.48	10647	22329	20	1177	 68 
9834.58	10832	22329	15	384	 67 
9832.05	10097	22329	25	874	 53 
7961.46	12028	22329	57	1772	 52 
8424.16	12122	22329	49	1924	 52 
7570.46	12357	22329	60	2356	 52 
9042.25	10765	22329	25	874	 51 
9830.75	10861	22329	14	598	 48 
7831.02	12207	22329	46	2088	 44 
8643.14	11409	22329	39	1764	 44 
9021.94	10974	22329	18	663	 39 
8225.7	13243	22329	45	1933	 38 
9015.46	12391	22329	28	978	 38 
7675.42	13357	22329	58	2187	 34 
7955.67	11290	22329	59	2020	 34 
7846.37	14712	22329	43	1918	 33 
8153.9	10800	22329	52	2280	 28 
8629.49	11821	22329	46	2014	 21 
9017.11	12008	22329	28	672	 6 

9060.17	14471	26894	38	1766	 95 ***
8942.16	14858	26894	60	2218	 88 
9048.87	14500	26894	62	1967	 87 
8254.77	14613	26894	68	2380	 86 
9038.78	14846	26894	40	1329	 86 
9043.93	13214	26894	67	2136	 77 
8100.09	14919	26894	33	899	 71 
8914.03	14994	26894	32	909	 69 
9031.7	14803	26894	62	1752	 61 
9507.05	14889	26894	29	1142	 60 
9520.74	14327	26894	28	883	 53 
8909.18	15036	26894	10	666	 47 
9306.46	14233	26894	62	2098	 41 
9522.38	13957	26894	26	912	 41 
9055.01	14638	26894	41	1616	 38 
9037.03	14968	26894	30	1021	 31 
9316.4	14313	26894	34	1323	 29 
9513.85	14834	26894	30	933	 29 
9516.9	14545	26894	10	618	 24 
10117.4	12861	26894	65	2167	 18 
9512.47	13316	26894	43	1313	 15 
8725.4	14113	26894	63	2037	 8 
9516.31	14810	26894	31	895	 7 
10127.5	13151	26894	64	2030	 6 
10120.5	13719	26894	29	1483	 2 

8838.51	12177	24404	10	241	 97 ***
8025.42	13136	24404	63	2126	 93 
8833.37	12948	24404	27	1004	 92 
8523.76	11902	24404	57	2146	 89 
8839.48	12041	24404	12	238	 89 
9922.56	11923	24404	39	1298	 88 
9908.51	11403	24404	65	2492	 85 
8837.27	13179	24404	16	222	 79 
8520.57	12723	24404	64	2247	 71 
9915.25	11363	24404	65	2193	 65 
9121.75	11861	24404	44	1793	 64 
9314.87	11604	24404	67	2681	 59 
9916.46	11429	24404	48	2120	 58 
8229.88	13134	24404	63	2039	 52 
8831.04	12984	24404	26	838	 44 
8251.65	12835	24404	52	2122	 36 
9097.13	11755	24404	62	2208	 30 
8831.67	12584	24404	44	2014	 28 
9909.29	11239	24404	68	2430	 28 
8838.36	12261	24404	10	241	 28 
8723.71	12110	24404	52	2215	 27 
8839.42	11610	24404	69	2665	 23 
9319.65	11432	24404	44	1855	 23 
8849.08	12492	24404	7	209	 19 
8837.55	12446	24404	16	268	 12 
8836.96	13259	24404	17	235	 9 
8511.68	13393	24404	48	1747	 6 
8845.84	11769	24404	52	1973	 0 

8784.79	12941	24831	7	179	 77 ***
8788.54	12408	24831	32	1530	 58 
9870.23	12256	24831	35	1437	 58 
9885.66	12075	24831	34	1372	 38 
8787.34	12560	24831	5	110	 35 
8074.72	12955	24831	60	2115	 34 
8673.91	12955	24831	37	1401	 34 
8094.68	12687	24831	51	1766	 33 
8787.33	12711	24831	4	121	 27 
8790.86	12335	24831	62	1883	 26 
8076.61	13703	24831	40	1738	 15 
9866.22	12224	24831	63	2060	 14 
9877.5	12118	24831	61	1807	 14 
8782.25	14075	24831	24	844	 12 
9869.64	13218	24831	3	427	 10 

7839.26	14244	23425	65	2239	 98 ***
7948.88	14135	23425	24	821	 95 
7965.67	11521	23425	15	538	 94 
9840.58	13224	23425	3	335	 93 
7951.97	14519	23425	15	308	 74 
7846.55	15029	23425	61	1719	 72 
9032.3	12652	23425	6	476	 71 
8762.62	12440	23425	14	561	 57 
8761.1	13013	23425	5	232	 54 
7587.5	14724	23425	67	2310	 53 
7720.05	15978	23425	58	1777	 45 
8760.71	13107	23425	5	232	 11 
7950.39	13000	23425	22	811	 10 

8665.49	16281	23944	66	2143	 98 ***
9873.74	15101	23944	64	1872	 98 
9842.84	16005	23944	46	1458	 89 
9841.73	16083	23944	46	1454	 85 
7856.31	16443	23944	23	953	 76 
9847.51	16088	23944	28	1088	 66 
9864.49	15315	23944	46	1465	 62 
9847.7	15828	23944	43	968	 61 
9840.85	15209	23944	72	2322	 60 
9055.91	16415	23944	27	830	 60 
8773.42	16424	23944	50	1552	 56 
9240.63	15341	23944	65	1853	 56 
8760.55	15819	23944	69	2162	 52 
9845.44	16257	23944	44	1432	 50 
8648.4	16430	23944	25	963	 47 
8781.01	16086	23944	51	1599	 44 
9859.9	14603	23944	68	2239	 41 
8655.77	16306	23944	66	1982	 35 
9022.29	15904	23944	63	1568	 34 
9839.22	15294	23944	70	2041	 30 
9846.24	17168	23944	21	907	 24 
7844.61	17265	23944	11	618	 14 
7840.52	16707	23944	24	971	 13 
9844.24	16118	23944	45	1471	 12 
8651.21	16779	23944	22	940	 11 
9851.93	17066	23944	16	762	 9 
9841.55	15118	23944	47	1482	 5 
8771.57	16181	23944	51	1761	 4 
9038.59	15477	23944	64	2202	 2 
9840.67	16358	23944	49	1646	 0 

9210.97	11912	25835	66	1523	 91 ***
8825.57	16088	25835	53	1487	 90 
8837.42	15846	25835	20	723	 80 
8844.52	15952	25835	13	550	 79 
8149.85	16096	25835	71	1827	 75 
9426.46	11587	25835	58	1390	 73 
8601.67	14405	25835	64	1542	 72 
8950.87	12477	25835	71	1941	 69 
9423.3	13137	25835	59	1757	 69 
9212.23	13381	25835	63	1571	 64 
9206.45	14092	25835	59	1480	 56 
9203.45	15268	25835	56	1446	 55 
8812.92	15974	25835	63	1696	 54 
9225.25	13949	25835	60	1487	 54 
10025.1	15304	25835	42	1178	 50 
9423.5	12522	25835	53	1424	 50 
10038.2	15770	25835	22	791	 46 
8601.9	14396	25835	69	1911	 39 
8947.45	15751	25835	59	1544	 38 
9418.66	13494	25835	52	1341	 30 
8357.25	14672	25835	64	1376	 23 
8134.02	16594	25835	67	1907	 23 
8960.87	15500	25835	50	1117	 19 
9215.97	14321	25835	49	1272	 15 
10034.3	14263	25835	51	1388	 13 
8939.7	14832	25835	60	1753	 0 

9338.28	16026	27228	42	1512	 92 ***
9347.28	17009	27228	23	950	 92 
9066.22	18143	27228	52	1701	 87 
8969.23	17296	27228	68	2086	 86 
8973.39	16719	27228	66	1903	 84 
9082.37	14634	27228	56	1745	 73 
9077.74	16385	27228	49	1394	 64 
8353.45	13366	27228	70	2208	 64 
10153.1	15822	27228	8	446	 63 
9581.59	13113	27228	70	2223	 58 
9333.6	15340	27228	43	948	 44 
9347.74	15525	27228	9	716	 44 
9353.67	15377	27228	23	849	 43 
10171.7	12164	27228	59	1855	 41 
9342.96	13841	27228	43	1101	 39 
8973.84	17300	27228	62	1526	 31 
8969.77	17100	27228	65	1640	 27 
9077.15	17905	27228	53	1423	 15 
8302.56	17682	27228	59	2030	 13 
9080.35	14117	27228	57	1452	 2 

9358.08	17902	26361	18	658	 97 ***
10158.4	16575	26361	44	1638	 96 
10161.5	15200	26361	49	1628	 95 
10167.2	17772	26361	18	584	 92 
10153.7	15581	26361	52	1681	 75 
8480.15	17083	26361	65	2328	 73 
9355.81	17056	26361	20	926	 72 
9551.09	12993	26361	54	2098	 71 
9093.54	17654	26361	52	2016	 66 
9091.12	14009	26361	68	2568	 50 
10169.7	16933	26361	17	639	 37 
10164.2	17891	26361	17	879	 33 
9359.67	16876	26361	25	972	 27 
9357.63	16277	26361	46	1700	 25 
10168.7	17418	26361	18	584	 20 
8980.13	12676	26361	73	2764	 10 
9350.75	18190	26361	10	718	 9 
8973.42	15558	26361	54	2154	 5 

8884.29	12802	28254	48	1794	 93 ***
9301.81	11822	28254	52	1885	 93 
10101.3	13730	28254	44	1635	 92 
10098.6	13121	28254	45	1772	 90 
9491.05	15042	28254	46	1657	 83 
7867.65	11516	28254	60	2022	 83 
9286.92	15673	28254	24	860	 75 
9282.59	16316	28254	14	293	 68 
7135.3	13067	28254	51	1912	 67 
9021.45	12069	28254	53	2145	 66 
10095.9	13335	28254	47	1490	 60 
7613.71	12697	28254	50	1798	 56 
10094.7	15525	28254	30	932	 41 
10104.5	15779	28254	23	812	 36 
10101.5	12238	28254	49	1764	 35 
9282.24	17248	28254	21	414	 35 
10099	15087	28254	24	860	 29 
9007.87	12417	28254	48	1567	 23 
6512.59	12563	28254	54	1789	 22 
9294.16	16294	28254	23	923	 17 
8903.55	12614	28254	53	2068	 15 
9285.98	16185	28254	25	901	 6 
10084.8	14264	28254	46	1720	 5 
10080.7	14293	28254	46	1408	 5 
8431.49	11766	28254	56	1962	 3 
9275.18	13916	28254	47	1610	 2 

7580.98	13968	27773	70	2294	 97 ***
8868.29	12873	27773	25	941	 94 
8070.35	14249	27773	68	2362	 76 
8665.49	11891	27773	37	1745	 75 
8868.91	13868	27773	18	854	 73 
8413.35	13167	27773	61	1735	 72 
8870.63	11876	27773	23	959	 72 
8862.58	13291	27773	21	606	 71 
8868.67	12443	27773	26	958	 70 
9471.26	13067	27773	16	892	 68 
8871.57	13515	27773	18	876	 65 
8083.35	12800	27773	72	2097	 63 
9008.87	11493	27773	65	1990	 62 
8416.51	11540	27773	73	2434	 51 
8191.43	13461	27773	53	2040	 47 
8455.85	13944	27773	34	1434	 47 
9470.32	11705	27773	38	1486	 45 
8862.55	13613	27773	20	591	 45 
7577.67	14754	27773	57	1921	 41 
8664.43	12616	27773	71	2387	 37 
8189.64	13540	27773	35	1281	 32 
8181.42	13508	27773	44	1546	 22 
8868.85	14222	27773	15	847	 11 
8391.4	13406	27773	71	2387	 10 
9471	13793	27773	16	838	 10 

9216.52	7802	24667	56	1972	 95 ***
7335.09	10858	24667	67	2148	 91 
8143.78	10653	24667	46	1538	 80 
8345.21	11475	24667	16	753	 75 
10039.9	9526	24667	40	1364	 73 
8602.59	10142	24667	53	1633	 73 
8344.71	10073	24667	56	1745	 70 
8133.93	11869	24667	12	794	 70 
8951.95	10398	24667	39	1700	 63 
8814.3	9828	24667	40	1669	 62 
8945.04	9717	24667	47	1896	 57 
8809.72	10282	24667	44	1757	 57 
8618.41	11842	24667	13	823	 54 
8140.05	10977	24667	48	1843	 50 
7798.96	9609	24667	58	2032	 45 
9429.41	9847	24667	39	1199	 42 
7541.47	12380	24667	17	811	 39 
9443.33	10078	24667	38	1409	 38 
7261.63	11205	24667	56	1871	 38 
8130.65	11722	24667	17	811	 36 
8608.59	11142	24667	22	959	 32 
8417.82	9399	24667	66	2031	 31 
8139.67	11455	24667	55	1830	 31 
10032.7	10819	24667	34	1169	 30 
7537.82	12041	24667	21	847	 23 
10035.5	9460	24667	45	1748	 20 
8947.52	9300	24667	49	1887	 20 
8615.87	10128	24667	54	1855	 16 
9214.47	11085	24667	38	1622	 11 

9029.21	6839	20742	9	333	 96 ***
7340.04	6631	20742	29	1636	 93 
9026.51	7039	20742	11	448	 93 
4726.6	5496	20742	63	1763	 87 
6856.89	5710	20742	50	1509	 87 
6036.45	7460	20742	30	1648	 86 
8743.36	6836	20742	26	1328	 84 
7339.04	7070	20742	28	1403	 78 
9013.52	7078	20742	21	647	 75 
7953.45	7341	20742	17	501	 68 
8745.02	6208	20742	29	1362	 63 
6874.1	6360	20742	35	1487	 53 
8434.16	6014	20742	47	1657	 47 
8423.33	7122	20742	21	660	 42 
7795.85	6517	20742	31	1707	 41 
8198.34	6785	20742	28	1373	 40 
4858.83	6319	20742	56	2022	 37 
6072.62	6695	20742	36	1471	 37 
6179	6640	20742	33	1509	 35 
7140.86	7479	20742	28	839	 34 
8762.3	7295	20742	14	441	 34 
6718.08	6560	20742	35	1727	 33 
7350.46	7609	20742	18	579	 25 
6521.38	6652	20742	29	1355	 18 
9006.8	8323	20742	11	301	 15 
5387.21	8597	20742	54	1782	 13 

10042.6	9369	22469	26	1207	 100 ***
7764.88	10240	22469	30	1504	 94 
9442.67	9233	22469	31	1526	 90 
7891.91	8644	22469	32	1564	 89 
8149.29	10538	22469	26	1417	 86 
9257.08	7959	22469	58	1631	 84 
9243.49	9667	22469	24	1345	 78 
8157.54	9892	22469	15	781	 71 
6947.04	9853	22469	37	1523	 58 
6743.61	10441	22469	33	1539	 56 
8161.55	7995	22469	36	1573	 47 
9435.58	9366	22469	30	1530	 47 
9249.08	9441	22469	30	1254	 43 
8153.21	10100	22469	29	1426	 43 
7093.28	9694	22469	40	1390	 34 
7565.31	9345	22469	53	1647	 24 
6383.76	9160	22469	58	1653	 20 
10046.5	9294	22469	29	1448	 18 
7377.48	9511	22469	53	1343	 18 
7579.21	8296	22469	57	1852	 15 
6292.02	9400	22469	56	1632	 15 
7295.37	11053	22469	32	1463	 11 
8165.11	9442	22469	29	1500	 11 
7773.25	8771	22469	55	1663	 11 

6854.85	12083	22941	57	2211	 95 ***
7341.87	11228	22941	56	1985	 85 
10142.6	11490	22941	8	418	 77 
10136.8	11130	22941	10	205	 70 
7087.65	10641	22941	61	2523	 64 
10137.2	10334	22941	9	556	 51 
8735.46	9208	22941	20	1468	 50 
7848.5	10015	22941	18	695	 47 
8542.77	9080	22941	57	2046	 32 
7540.35	9689	22941	55	2165	 30 
7284.93	11913	22941	59	2489	 24 
8751.67	8639	22941	59	2309	 23 
8724.17	9974	22941	26	1823	 20 
7385.84	10838	22941	28	1687	 15 
7647.46	9865	22941	50	2086	 12 
7670.21	10708	22941	37	1816	 10 

7228.68	8989	21496	38	1838	 99 ***
6769.89	11419	21496	33	561	 99 
6642.07	9427	21496	56	1963	 96 
7408.37	12266	21496	27	474	 91 
6798.19	11347	21496	36	486	 87 
7590.23	8726	21496	43	1921	 83 
8069.46	8369	21496	43	2015	 82 
6601.36	10327	21496	41	2154	 81 
8460.62	11175	21496	26	782	 78 
8060.09	7607	21496	58	2282	 69 
7417.84	12001	21496	29	545	 69 
7219.14	9080	21496	35	2077	 55 
7592.55	12597	21496	23	365	 40 
8200.88	11868	21496	25	401	 37 
6497.15	8919	21496	61	2254	 23 
8082.17	10640	21496	33	1684	 20 
10083	11048	21496	24	797	 20 
9271.61	10032	21496	34	1753	 3 
6440.95	9211	21496	60	1699	 2 

7734.31	8586	21882	32	1543	 97 ***
7730.48	9829	21882	25	707	 94 
5523.58	7895	21882	45	1716	 82 
6710.64	9354	21882	43	1448	 79 
7731.36	9387	21882	34	860	 69 
6409.96	6588	21882	60	2157	 67 
9224.39	9697	21882	31	1258	 64 
7130.11	10424	21882	34	865	 56 
7135.34	10682	21882	28	770	 42 
7729.85	10106	21882	32	844	 34 
5562.46	6604	21882	62	2042	 22 
8314.09	7089	21882	46	1610	 17 
7739.18	10950	21882	24	717	 11 
9407.01	8115	21882	44	1973	 3 
7136.48	10111	21882	25	747	 1 

8260.77	11163	24549	63	2382	 90 ***
7882.35	12809	24549	32	783	 88 
8136.29	12168	24549	46	1899	 87 
7898.72	12353	24549	14	585	 85 
9337.07	10036	24549	62	2352	 84 
8958.68	11280	24549	45	2104	 78 
10148.4	10759	24549	28	1045	 77 
9552.86	11627	24549	39	1557	 69 
7856.59	12075	24549	55	2026	 60 
8475.7	12202	24549	44	2040	 54 
9550.74	11517	24549	40	1932	 41 
9074.59	11748	24549	28	694	 36 
8762.33	12191	24549	41	1735	 35 
7886.04	12221	24549	15	585	 34 
7883.5	12323	24549	30	535	 33 
7852.39	11609	24549	58	2215	 31 
7879.25	11281	24549	53	2193	 20 
9337.48	11698	24549	42	1812	 20 
8965.89	12357	24549	12	685	 20 
8492.97	11240	24549	62	2166	 18 
8740.13	12137	24549	43	1768	 6 
7667.73	11644	24549	62	2291	 2 

8263.53	10086	25922	46	1851	 82 ***
8362.92	10681	25922	26	338	 79 
8369.16	11451	25922	9	125	 69 
8602.15	9523	25922	66	2482	 66 
9184.7	9902	25922	42	1836	 65 
7384.23	10837	25922	43	1822	 65 
8854.99	10235	25922	39	1748	 59 
8376.49	10648	25922	13	507	 57 
8372.65	11141	25922	8	142	 52 
8277.59	10577	25922	39	1622	 44 
8864.47	10213	25922	38	1785	 43 
8863.9	9389	25922	64	2163	 37 
9483.29	9770	25922	40	1827	 35 
9455.13	9843	25922	32	1050	 30 
9478.72	9728	25922	55	2271	 28 
10274.7	9734	25922	42	1555	 15 
10268.9	10568	25922	31	1280	 7 
9460.7	10965	25922	12	449	 3 

