#0	511	357	490	0	72	980	871	134	315	 ***
#396	221	103	35	76	252	848	776	1023	0	
#103	510	244	511	438	309	435	159	0	1021	
#40	137	99	68	0	488	1015	517	343	1023	
#408	8	46	293	461	0	400	1016	1022	76	
#511	301	57	404	137	183	0	274	840	1023	
#8	316	282	370	511	0	510	690	967	76	

89	260	511	282	505	16	816	343	565	0	 ***
244	53	271	457	48	103	130	65	993	1023	
31	275	319	505	8	76	495	439	216	1023	
0	298	319	490	0	160	503	435	159	1023	
356	49	25	15	366	259	251	564	479	1023	
45	289	117	427	206	174	279	198	629	1023	
0	186	511	244	313	397	0	678	982	76	
0	301	328	368	0	46	505	416	400	1023	
191	45	0	378	282	272	252	944	0	1023	
191	374	76	124	381	43	116	618	441	1023	
289	0	260	53	308	54	184	271	945	1023	
427	366	15	210	138	259	64	1023	68	817	
436	439	15	499	91	473	0	0	411	1023	
256	50	248	0	404	182	430	0	794	1023	
0	267	361	490	0	38	640	435	1023	133	
0	273	319	505	0	72	495	1023	232	468	
8	297	328	498	0	38	617	1023	136	442	
145	293	247	22	404	435	293	525	0	1023	
271	370	381	321	76	456	304	0	185	1023	
47	264	404	152	403	186	640	126	142	1023	
401	339	199	0	511	276	1013	0	259	389	

191	8	430	487	0	327	234	182	1023	569	 ***
452	259	23	324	0	99	1023	216	917	138	
89	260	84	297	505	16	490	337	350	1023	
104	260	68	42	421	16	1023	395	565	557	
89	260	68	160	383	16	1023	602	350	500	
89	260	76	38	422	260	581	1023	702	0	
112	260	126	38	421	16	1023	769	686	0	
119	320	68	298	505	16	309	350	443	1023	
80	264	102	38	505	343	531	1023	565	0	
167	511	94	452	329	0	890	840	168	0	
304	511	488	484	126	42	898	290	0	308	
97	275	68	282	505	16	462	335	388	1023	
23	511	15	335	91	12	972	849	164	479	
97	260	68	38	505	16	529	335	580	1023	
179	503	388	92	92	0	1023	729	411	34	
183	490	511	465	122	0	21	0	644	1015	
8	487	366	61	0	387	1023	30	1002	87	
0	141	172	248	293	103	1023	259	985	227	
34	0	320	106	109	0	985	149	725	1023	
406	57	248	45	122	149	1023	518	464	419	
89	260	250	38	411	275	183	1023	922	0	
422	353	93	186	30	260	1023	344	488	252	
89	260	128	61	505	54	682	649	1023	0	
434	244	434	0	157	230	1023	255	0	674	
97	260	80	68	511	146	524	956	809	0	
157	260	76	38	505	16	1023	609	321	446	
89	268	511	38	505	260	641	418	321	400	

195	511	426	365	0	349	264	182	584	645	 ***
30	226	290	0	106	374	0	563	1021	911	
511	354	259	8	225	430	0	0	848	886	
206	98	430	369	244	450	253	184	1023	264	
228	83	145	438	419	458	471	256	1023	0	
221	68	426	365	122	297	482	182	1023	335	
259	64	335	12	387	31	143	286	1021	983	
434	229	363	0	244	415	1020	366	286	164	
353	286	334	282	341	35	1023	728	139	0	
191	38	430	365	60	450	441	259	1023	264	
281	8	490	502	0	297	1021	426	236	260	
191	68	430	155	0	342	387	428	497	1023	
0	53	389	321	511	389	274	358	854	372	
69	145	0	0	68	259	663	982	1023	312	
225	271	469	151	126	396	38	61	1022	762	
191	8	486	365	36	304	236	182	1023	690	
191	252	434	380	0	327	428	222	1023	264	
114	130	45	0	0	159	496	1023	949	605	
350	197	68	175	115	480	91	959	1022	64	
222	114	307	413	275	0	331	259	1021	579	
366	182	271	181	99	349	568	168	1021	316	
278	404	396	77	84	211	486	0	1021	564	
281	8	426	384	244	411	240	244	1023	260	
191	53	430	511	0	327	437	304	1003	265	
251	23	430	365	0	327	198	391	1023	513	
435	68	426	303	0	297	1021	186	251	534	
233	68	471	8	83	90	252	274	1022	1020	
206	8	486	339	122	319	296	182	540	1023	
472	0	473	488	511	182	244	90	956	105	
438	8	179	83	0	415	308	68	1023	999	
196	30	469	365	0	106	77	244	1012	1022	
0	135	266	0	264	511	922	1013	38	372	
191	38	426	384	0	411	300	484	1023	264	

511	509	45	319	64	0	0	981	0	503	 ***
75	15	0	0	248	417	0	182	973	1022	
394	0	511	236	94	122	31	0	1017	527	
4	511	60	160	441	290	392	113	961	0	
274	98	0	95	224	511	942	0	166	622	
0	0	30	95	511	141	98	854	212	991	
164	72	30	152	0	334	195	1023	273	689	
187	511	30	91	0	364	316	182	581	670	
0	8	60	267	342	511	974	456	0	314	
511	494	60	38	160	105	1011	0	0	553	
198	105	38	215	335	12	27	670	1020	312	
90	320	382	114	122	137	352	395	1020	0	
76	0	347	72	427	105	537	345	1023	0	
134	72	30	181	15	334	1021	182	258	705	
330	511	160	282	324	433	0	12	576	304	
450	293	15	76	91	457	357	170	1023	0	
126	511	77	124	0	334	271	182	557	750	
75	511	137	204	15	72	915	731	272	0	
34	64	45	167	0	334	241	273	1023	751	
134	511	60	91	0	379	270	258	600	629	
141	511	60	91	0	395	590	182	333	629	
492	190	19	438	188	184	258	0	1023	140	
149	72	30	91	0	334	1021	242	273	720	
105	152	61	60	305	0	297	929	1023	0	
30	15	150	23	75	30	381	258	1021	949	
141	64	30	91	0	349	226	1023	258	750	
60	30	60	0	120	387	357	895	1023	0	
126	511	75	91	0	349	590	242	258	690	
164	190	38	445	80	501	320	171	1023	0	
149	72	60	152	0	511	859	242	258	629	
205	160	30	248	511	473	0	506	799	0	
393	16	114	411	98	511	227	374	788	0	
75	220	0	151	0	289	1020	46	137	994	
232	396	175	451	105	457	57	38	1021	0	
117	121	364	160	60	511	966	0	633	0	
122	68	60	91	0	334	211	1023	319	704	
23	244	94	30	90	213	1023	0	968	247	
149	72	196	30	0	334	286	182	660	1023	
394	34	511	90	263	77	350	0	1008	205	
0	0	252	34	264	136	842	42	1020	342	
244	511	0	120	354	148	288	381	886	0	
134	103	151	91	0	334	270	197	1023	629	
60	328	250	286	269	389	0	0	1023	327	

30	83	226	0	186	165	0	951	107	1022	 ***
45	15	34	90	60	105	1023	136	837	425	
49	150	105	334	60	90	1023	456	0	503	
65	180	45	349	136	135	0	837	0	1023	
49	150	90	503	135	0	1021	334	0	488	
365	511	30	150	150	30	536	998	0	0	
154	511	60	289	304	152	45	587	135	533	
111	135	90	319	105	511	0	898	0	601	
79	150	75	319	150	75	1023	381	0	518	
49	424	75	379	120	15	0	1023	45	640	
79	180	135	319	60	0	0	593	381	1023	

485	45	136	0	51	511	1002	305	145	0	 ***
34	83	136	0	186	107	0	867	1023	244	
30	55	166	0	511	105	0	623	351	839	
30	53	166	0	233	105	0	1023	368	702	
30	75	136	0	186	105	1023	623	106	396	
30	205	151	0	64	349	0	470	388	1023	
30	90	136	0	182	511	274	623	91	743	
75	304	45	511	0	120	45	457	106	1017	
308	83	138	0	511	105	0	638	351	546	
30	89	140	0	186	105	0	623	1023	484	
66	424	511	15	289	99	902	374	0	0	
45	30	30	30	106	289	917	30	1023	180	
15	511	30	274	135	121	30	0	999	565	
30	83	142	0	171	105	0	882	1023	244	
425	60	122	215	106	327	0	0	1022	403	
120	212	419	511	328	46	487	557	0	0	
511	0	195	264	174	0	957	579	0	0	
30	75	136	0	182	105	745	1023	136	248	
30	83	153	0	186	120	0	1023	351	734	
373	19	60	15	0	166	967	57	0	1023	
61	486	511	143	182	346	0	182	0	769	
75	352	105	60	90	15	0	1023	945	15	
62	83	136	0	187	105	0	684	400	1023	
98	395	511	349	198	68	0	0	938	123	
463	15	64	75	511	60	30	76	526	860	

76	81	30	139	0	49	1023	803	248	124	 ***
338	242	511	0	416	0	201	0	282	583	
417	49	151	34	45	293	1023	167	394	0	
398	75	170	0	45	293	413	1023	156	0	
444	45	258	0	30	293	219	75	186	1023	
507	90	30	0	19	511	931	15	334	136	
4	30	45	45	94	289	1023	903	15	125	
75	139	511	34	0	45	30	718	1021	0	
320	265	64	30	0	380	1023	171	194	126	
409	49	166	0	49	323	409	145	1023	0	
75	278	130	190	136	0	598	143	1023	0	
511	261	121	30	60	241	83	0	1022	244	
75	49	30	136	60	339	757	104	1023	0	
30	171	150	505	4	1	550	1023	0	139	
511	56	144	0	61	297	998	255	251	0	
30	15	30	49	4	45	994	293	90	1023	
30	30	90	364	34	0	34	1023	64	904	
349	30	53	124	0	15	855	1023	60	64	
34	64	91	98	289	0	1023	45	149	780	
511	75	136	0	60	327	303	160	1001	0	
440	45	136	34	75	357	181	34	1023	248	
440	49	151	0	47	353	224	172	114	1023	
379	79	136	0	45	293	1023	416	157	45	
15	507	319	49	102	0	1022	165	120	274	
75	0	0	24	126	68	45	1023	221	991	

113	511	0	121	244	32	30	546	808	638	 ***
511	151	0	0	60	75	556	401	269	1020	
105	91	38	15	0	304	1023	410	188	869	
155	0	55	120	304	34	340	72	1023	940	
92	139	30	207	60	51	722	1023	370	349	
0	105	490	105	0	380	1023	623	102	215	
0	202	511	507	15	376	0	441	976	15	
99	79	46	511	365	34	970	357	248	334	
334	90	511	196	30	85	83	1014	448	252	
306	30	34	448	511	210	1023	388	93	0	
76	154	212	413	0	59	617	241	248	1023	
4	511	489	0	47	91	525	372	60	944	
105	0	205	511	338	218	829	290	547	0	
205	94	0	110	64	158	0	470	919	1023	
77	94	167	169	0	94	897	212	310	1023	
350	128	0	0	46	181	1023	794	303	218	
81	79	90	231	0	34	852	336	317	1023	
78	79	90	269	0	64	668	1023	370	402	
76	194	30	178	15	42	617	316	552	1023	
91	141	30	139	0	308	1023	403	660	248	
76	200	134	139	434	42	1023	181	248	566	
249	91	511	364	105	88	0	1011	259	365	
105	85	45	290	0	318	136	79	1023	962	
23	334	187	8	334	30	209	109	786	1023	
304	294	0	511	394	113	179	1000	0	248	
135	76	274	204	274	75	60	6	916	1023	
76	332	73	214	0	73	1023	572	248	432	
384	113	75	45	355	511	438	38	90	994	
214	346	143	0	75	4	1023	881	113	244	
144	112	30	139	60	64	722	1023	370	379	
76	27	87	291	0	124	852	249	314	1023	
84	87	47	135	122	102	806	1023	334	303	
98	320	75	314	113	402	1023	98	0	600	

319	338	129	65	508	227	0	106	1023	178	 ***
113	76	0	129	262	78	304	638	270	1023	
441	145	227	373	64	0	397	0	223	1023	
31	109	149	260	125	64	365	120	1023	647	
456	45	90	511	15	335	294	124	1023	0	
235	186	55	0	30	105	61	867	1023	331	
511	186	113	0	105	30	1016	138	794	0	
364	170	93	282	30	19	228	684	1023	0	
113	167	0	121	244	32	305	486	402	1023	
30	64	47	53	252	30	1023	524	79	791	
376	116	75	75	0	350	110	0	1023	768	
15	132	75	83	272	102	506	685	1023	0	
143	77	0	121	320	32	289	494	1023	394	
511	336	347	185	150	0	714	241	409	0	
0	38	30	90	105	309	1023	727	278	293	
47	136	195	68	0	0	1023	308	704	412	
70	75	0	182	170	0	776	1023	308	289	
113	202	0	136	245	60	423	486	205	1023	
128	511	0	121	297	94	179	486	679	398	
366	95	301	54	196	349	0	1023	475	34	
143	138	8	511	244	32	304	486	663	364	
365	511	189	273	244	30	0	623	203	455	
293	109	70	287	364	441	225	0	1023	81	
113	77	0	121	252	141	365	516	285	1023	
56	60	70	34	278	158	30	836	1023	348	
484	200	51	511	509	34	983	121	0	0	
395	156	306	326	72	0	381	128	106	1023	
276	274	90	0	0	327	45	50	1023	808	
76	105	34	511	15	0	387	64	1015	686	

34	148	61	511	75	15	267	349	1006	94	 ***
182	90	90	25	234	208	0	305	403	1023	
16	511	102	276	390	38	390	0	15	822	
97	76	89	38	143	365	45	684	1023	0	
75	334	281	38	176	105	4	377	147	1023	
51	273	19	0	403	511	324	0	163	816	
94	42	175	75	62	411	94	8	1023	576	
113	350	133	88	170	117	0	205	1023	361	
98	0	99	45	45	0	1023	1009	83	158	
12	92	45	34	90	256	57	693	1023	258	
30	106	250	98	273	143	0	374	1023	263	
204	226	62	416	128	106	1023	0	0	395	
75	464	129	44	173	135	42	106	1023	369	
75	342	139	80	265	128	0	110	398	1023	
316	103	142	68	110	0	373	349	1023	76	
99	162	35	487	219	164	1023	371	0	0	
307	324	45	97	104	30	1023	15	615	0	
60	117	147	80	80	284	289	144	1023	336	
79	334	129	242	168	511	0	91	637	369	
19	72	365	0	46	232	105	106	1023	592	
60	196	121	92	389	145	45	198	1023	291	
23	411	30	171	0	79	582	49	192	1023	
30	0	28	150	124	30	571	113	1023	491	
247	91	57	0	176	0	537	1023	61	368	
504	38	164	15	65	98	0	187	1023	466	
75	368	137	62	183	105	0	225	382	1023	
75	341	145	76	164	105	0	243	388	1023	
87	334	221	82	142	105	0	411	1023	155	
90	259	147	110	126	182	228	289	1023	106	
106	105	36	197	187	27	541	338	1023	0	
8	167	53	511	75	45	490	0	190	1021	
73	323	72	511	331	151	0	0	79	1020	
106	38	511	151	0	99	183	719	753	0	
140	122	340	83	61	248	49	76	1023	418	
270	83	30	27	19	404	1023	188	197	319	
85	346	129	42	146	135	153	136	1023	365	
135	97	129	38	87	227	126	352	1023	346	

148	284	181	0	140	59	1023	0	331	270	 ***
146	61	69	419	0	47	95	394	1023	182	
148	124	115	263	135	108	0	520	1023	0	
464	122	42	44	88	0	0	1023	494	159	
34	140	76	511	109	275	414	105	246	526	
34	140	61	258	109	30	269	120	392	1023	
86	230	0	83	75	126	0	433	1023	380	
40	61	15	260	118	150	517	92	160	1023	
34	155	61	283	511	0	419	105	237	631	
34	140	62	245	90	15	404	333	1023	90	
38	155	111	511	79	15	282	103	804	338	
150	49	15	64	92	17	357	330	339	1023	
91	15	47	276	16	271	392	147	1023	158	
64	148	61	511	108	27	267	110	344	796	
511	62	75	216	62	5	50	79	834	542	
116	140	76	239	109	15	267	105	1023	346	
107	0	79	0	79	80	1023	0	364	704	
49	146	69	511	75	260	267	199	522	338	
0	112	97	93	30	49	891	141	1023	0	
98	25	4	75	145	511	60	723	470	325	
34	155	76	239	75	15	267	72	480	1023	
15	80	53	145	68	60	880	67	1023	45	
34	87	79	511	83	19	252	219	798	354	
49	64	61	254	62	30	633	1023	200	60	

0	130	64	167	511	188	303	79	369	666	 ***
23	16	73	53	56	126	1023	121	91	895	
53	99	64	85	12	34	1023	175	89	843	
134	276	426	42	15	38	1023	217	149	157	
81	288	147	15	140	75	422	0	286	1023	
69	320	274	4	147	66	1023	0	286	288	
88	61	296	38	196	84	1023	259	120	312	
63	278	204	30	140	76	1023	0	286	377	
17	19	57	511	88	121	411	960	293	0	
102	64	57	81	4	184	1023	34	164	764	
75	57	19	45	93	145	188	64	768	1023	
79	278	159	0	140	87	298	0	1023	413	
15	73	19	20	69	49	83	1023	132	994	
34	27	21	93	212	39	75	919	1023	34	
220	0	120	0	87	511	177	331	700	331	
105	93	194	338	60	180	1023	152	133	199	
61	297	147	30	147	55	1023	0	340	377	
55	406	37	256	79	120	0	105	396	1023	
16	2	19	99	83	102	1023	179	109	845	
69	278	151	15	146	78	1023	0	339	378	
148	284	181	0	511	64	294	0	301	694	
79	40	181	15	140	67	1023	391	286	255	

137	12	137	61	0	19	107	1002	1023	40	 ***
21	276	50	4	101	53	220	730	60	1023	
495	12	160	109	152	370	81	1023	0	136	
191	180	98	199	511	0	68	27	257	1007	
4	254	0	128	113	66	0	114	837	1022	
81	109	31	145	154	62	30	77	826	1023	
145	209	460	0	165	38	160	212	126	1023	
94	269	5	0	511	109	96	201	232	1021	
91	511	0	8	79	205	263	1010	18	353	
75	511	32	509	15	121	0	982	160	133	
61	113	175	30	124	182	331	394	105	1023	
191	208	15	511	319	201	0	963	0	130	
25	61	154	30	338	60	34	771	42	1023	
27	21	137	284	49	42	141	794	20	1023	
0	69	34	34	222	246	606	105	1023	199	
0	69	173	30	199	124	429	287	204	1023	
0	83	59	8	511	34	45	683	105	1010	
0	69	216	212	179	59	690	45	45	1023	
23	30	27	79	45	216	234	1023	59	802	
4	482	14	242	45	4	380	162	182	1023	
0	39	34	75	109	250	599	120	289	1023	
0	194	139	109	124	284	453	133	79	1023	

0	76	201	122	195	152	137	1012	1023	71	 ***
137	8	175	179	0	102	165	564	636	1023	
206	152	122	109	0	128	122	150	1023	977	
167	42	152	183	15	202	105	424	1023	676	
141	24	137	65	0	19	1023	913	465	202	
311	4	30	196	121	0	312	992	1023	0	
509	122	80	511	122	364	45	122	993	121	
239	99	137	217	0	278	105	1023	485	406	
217	48	141	61	0	299	532	510	1023	158	
137	98	277	61	0	19	203	667	504	1023	
234	12	202	511	0	19	113	558	938	402	

289	75	203	15	50	19	906	137	1022	258	 ***
373	27	65	122	45	137	974	68	1022	141	
99	19	154	91	348	297	1023	704	239	0	
0	76	201	137	105	156	137	1022	587	553	
75	370	243	511	187	12	441	30	90	1015	
83	511	440	117	510	0	130	613	570	0	
0	76	209	122	109	156	137	593	549	1023	
242	282	361	511	0	0	1022	434	78	44	
0	15	495	319	45	0	1003	60	15	1022	
0	76	201	122	105	160	167	648	473	1022	
0	80	205	122	105	152	137	1022	505	646	
511	0	472	19	394	4	942	60	19	553	
312	242	0	511	0	75	61	45	793	935	
96	289	171	274	135	207	0	745	1023	34	
0	76	201	138	105	160	205	573	493	1023	
511	499	242	84	0	508	267	725	138	0	
491	124	511	275	122	317	17	980	137	0	
75	347	259	511	19	212	57	483	1011	0	

289	79	212	15	76	15	540	228	1023	275	 ***
309	75	145	0	61	0	609	318	1023	212	
282	0	201	511	0	77	1021	61	0	599	
61	15	125	130	140	34	916	126	1023	182	
299	135	126	15	20	511	293	197	564	592	
289	79	197	76	80	15	538	197	1023	258	
137	158	8	126	4	121	214	332	1022	630	
274	75	265	511	20	25	228	212	625	517	
511	426	186	60	90	198	130	61	1012	78	
274	75	186	77	93	83	232	182	528	1022	
42	0	293	69	129	165	0	784	1022	248	
0	122	201	88	137	65	1022	0	790	327	
320	68	62	120	511	0	352	953	366	0	
354	68	503	511	122	0	821	69	304	0	
0	398	511	0	259	0	224	1018	259	83	
297	75	242	30	20	15	289	503	1023	258	
338	252	63	0	433	4	565	75	1022	0	
511	129	394	122	12	64	112	0	475	933	
244	0	8	286	0	504	534	153	0	1023	
293	151	64	152	0	12	0	347	711	1022	
274	79	186	53	24	53	230	202	1023	628	
0	38	73	511	506	166	181	64	969	244	
4	504	497	73	192	140	320	0	1022	0	
252	60	8	126	0	156	1023	128	847	152	
289	75	182	30	81	15	1023	297	438	322	
511	90	509	267	76	317	0	844	0	138	
31	511	490	138	0	2	0	384	1013	183	
121	30	15	511	414	84	152	327	1018	80	
15	511	317	152	16	155	184	953	449	0	
297	136	190	19	80	23	245	348	392	1022	
0	85	144	308	152	350	91	1022	600	0	

178	124	511	411	69	0	0	193	152	1021	 ***
506	143	511	118	0	12	212	0	890	267	
61	8	511	83	120	68	0	633	1022	153	
113	511	186	0	135	91	65	538	1020	0	
64	73	61	60	510	297	242	244	1017	91	
144	487	201	511	15	8	126	105	972	90	
289	79	60	15	91	15	288	267	532	1023	
68	0	64	140	160	244	679	160	1023	121	
511	61	76	509	60	19	167	392	667	197	
440	154	511	0	202	0	106	30	897	319	
15	0	105	499	103	250	212	125	1023	327	
434	202	23	76	510	68	370	0	840	136	
4	64	308	0	145	144	725	248	0	1021	
2	185	19	84	246	511	328	0	1002	282	
137	61	361	69	321	342	126	220	1022	0	
289	79	60	15	76	46	288	245	1023	538	
511	4	387	197	166	152	0	0	366	876	
511	69	170	271	0	152	0	1015	244	227	
319	79	60	15	76	15	288	246	538	1023	
15	490	198	0	38	105	255	350	1023	185	
117	0	167	0	6	30	568	547	1023	201	
65	0	282	0	259	0	293	1023	628	109	
289	75	68	15	76	15	536	198	1022	365	
0	109	273	158	511	4	217	0	1018	369	
94	362	122	244	284	8	369	90	1023	63	
75	30	69	171	60	32	118	1020	1023	61	
152	90	345	64	281	0	368	1023	309	27	
319	91	120	251	484	15	151	126	1022	80	
122	90	121	72	19	472	63	1023	613	64	
289	79	60	15	76	29	288	295	506	1022	
511	121	76	0	8	244	100	151	1007	441	
289	79	60	83	76	15	288	278	468	1023	
511	0	151	0	190	0	1021	256	366	164	
2	155	122	152	99	69	836	75	1023	126	
289	87	60	0	88	30	1022	305	475	303	
319	75	68	137	83	45	288	1023	348	273	
15	259	0	182	0	4	1022	99	559	519	
0	311	84	183	139	399	357	163	1023	0	

0	0	282	511	483	53	1021	0	459	31	 ***
174	0	27	402	60	0	274	1022	220	661	
350	167	64	154	45	23	1023	125	889	0	
174	416	87	488	510	0	0	185	472	508	
211	91	0	106	0	0	938	1022	244	228	
344	510	12	68	0	60	0	836	0	1010	
511	0	64	0	0	475	271	1023	252	244	
90	305	408	15	511	304	0	199	0	1008	
304	511	279	449	252	0	0	219	156	670	
242	510	42	396	315	0	0	459	182	694	
174	511	331	403	301	0	0	159	524	437	
174	8	114	471	511	0	0	181	1008	373	
140	274	511	244	68	34	184	381	0	1004	
159	0	35	426	38	60	0	459	1023	640	
251	510	309	404	54	0	0	226	426	660	
234	8	29	464	8	0	0	655	1023	419	
511	289	27	396	8	0	945	102	185	377	

0	137	252	173	438	53	1022	0	217	42	 ***
244	15	60	0	68	8	1023	75	736	105	
30	30	0	366	289	0	1021	0	150	448	
60	248	380	304	45	8	1020	79	60	130	
45	15	90	274	68	0	1020	720	42	60	
83	30	0	399	511	0	1023	0	120	168	
0	0	252	158	438	57	1023	0	326	80	
90	23	0	319	0	60	1020	762	30	30	
511	0	0	0	0	75	0	1021	727	0	
0	30	0	0	60	30	1023	0	979	212	
0	16	274	79	30	90	1020	750	75	0	
75	30	511	502	0	53	1020	0	45	98	
0	0	244	443	510	344	579	0	214	0	
90	45	15	0	0	0	1013	182	959	30	
0	0	456	0	0	0	1020	30	828	0	
0	120	90	510	0	0	1021	0	593	0	
289	60	75	0	0	0	1019	68	0	823	
0	0	364	0	0	0	1018	0	952	0	
0	381	15	75	30	0	1020	60	753	0	
30	122	252	173	438	53	1023	0	121	122	
0	0	510	188	438	53	927	0	218	0	

274	137	263	320	372	30	1022	0	372	129	 ***
488	137	274	68	389	289	1022	0	154	98	
0	319	0	0	0	488	692	313	84	1023	
60	160	60	15	75	373	1022	276	634	244	
387	0	30	0	244	15	1023	193	710	317	
30	152	304	128	312	510	1021	120	304	38	
61	334	244	0	488	90	0	1022	90	590	
150	488	80	0	289	4	1022	0	636	250	
267	211	0	0	30	15	274	855	1023	244	
60	137	380	110	312	289	1023	0	289	319	
0	110	0	419	60	308	1023	0	349	650	
90	183	105	0	0	244	1022	358	808	109	
15	60	282	0	61	0	1023	780	244	454	
244	296	0	304	364	0	1023	0	109	579	
15	0	308	0	478	38	1023	0	738	319	
0	305	15	379	83	212	907	0	1018	0	
244	306	0	0	244	15	343	714	1023	30	
259	0	244	216	0	242	1022	557	379	0	
323	352	0	248	61	0	1023	432	480	0	
0	419	0	60	304	274	1023	252	128	459	
271	182	278	510	0	425	259	0	0	994	
0	296	0	297	364	244	1023	289	313	93	
0	246	511	15	175	90	1000	274	608	0	
511	244	0	259	0	30	151	715	0	1009	
0	0	98	45	244	394	1023	610	416	89	
488	47	60	23	105	0	1023	0	309	864	
505	0	259	331	511	0	1008	0	305	0	
0	259	305	122	0	0	1022	105	1001	105	
0	511	90	60	0	0	289	990	393	586	
120	488	510	0	53	0	1004	164	0	580	
61	289	0	0	274	319	894	1022	60	0	
287	289	327	0	259	386	0	349	1022	0	
61	396	259	150	379	62	1022	0	304	286	
152	503	121	4	0	19	1023	304	15	778	
15	220	369	60	380	60	1023	244	244	304	
511	357	0	45	0	0	0	488	515	1003	
0	0	331	259	0	320	184	244	1023	558	

511	68	87	0	0	464	840	877	0	365	 ***
402	186	49	511	0	0	365	683	0	1016	
203	38	0	0	20	304	1023	0	993	631	
45	252	0	218	30	488	1023	0	818	338	
509	511	90	0	290	0	800	30	982	0	
389	334	65	338	15	72	1023	914	62	0	
283	137	263	128	365	34	1022	334	342	304	
32	30	244	146	507	212	1023	706	0	312	
254	244	410	227	0	252	1023	90	712	0	
487	511	0	0	0	335	852	152	556	319	
304	488	0	511	61	15	60	981	0	792	
23	252	172	334	244	274	1023	0	890	0	
244	244	304	212	75	511	958	344	320	0	
90	19	471	511	30	248	765	316	259	503	
244	137	505	304	135	0	468	0	396	1023	
305	137	274	320	365	0	1023	250	380	158	
145	319	511	304	244	15	1023	274	317	60	
244	389	511	304	319	0	685	0	624	136	
121	0	282	60	511	259	244	548	244	943	
511	145	259	372	349	30	900	0	312	334	
324	8	244	426	511	0	578	244	862	15	
244	137	503	319	328	0	437	0	1023	221	
244	152	297	372	365	0	1023	0	381	378	
488	511	350	0	304	0	247	0	426	886	
137	488	305	64	16	90	1023	45	323	721	
381	113	304	327	259	328	1023	288	189	0	
0	60	506	511	244	0	669	0	978	244	
396	0	0	501	124	121	1022	248	548	252	
60	0	135	503	304	0	1023	252	537	398	
312	61	304	274	178	137	1022	286	0	638	
0	124	376	0	0	137	0	939	1023	613	
128	335	130	124	0	335	1023	564	573	0	
313	105	494	79	90	312	1022	508	289	0	

0	0	510	0	0	244	1023	845	120	61	 ***
8	0	335	30	507	293	1020	610	0	0	
387	8	152	0	0	511	618	777	0	350	
319	0	60	0	373	511	582	0	0	958	
135	8	98	30	0	252	1023	914	0	343	
105	68	106	30	0	282	1023	854	0	335	
511	46	87	0	0	316	639	854	0	350	
60	8	158	0	98	267	1023	854	0	335	
244	60	509	0	75	30	971	914	0	0	
38	350	304	8	511	364	984	0	0	244	
497	16	244	8	185	0	882	971	0	0	
105	8	98	0	38	252	1023	884	0	395	
274	0	0	389	189	0	0	75	853	1023	
60	34	75	0	38	252	926	1023	0	395	
511	364	488	0	0	61	1015	30	30	304	
357	8	151	0	0	511	611	815	0	350	
60	0	502	65	394	511	1012	259	0	0	

511	0	244	120	67	189	951	462	0	0	 ***
90	304	304	0	327	511	848	122	0	38	
0	0	91	394	30	0	903	12	1023	91	
510	335	0	0	105	0	1019	180	0	395	
30	0	15	90	15	0	1022	304	120	948	
0	0	511	75	0	244	876	460	211	167	
60	0	304	0	0	289	1023	464	120	284	
0	45	334	0	0	244	1023	504	242	152	
90	0	493	75	365	394	1023	15	89	0	
0	75	511	488	30	343	977	0	0	120	
0	511	0	15	244	90	609	0	985	90	
4	274	511	327	0	0	0	971	334	123	
274	511	0	334	0	121	30	849	76	349	
98	0	0	120	488	60	1023	668	57	30	
493	319	30	511	0	91	1013	0	0	87	
30	0	0	505	30	0	956	1023	0	0	
30	0	244	511	30	128	152	901	518	30	
8	90	244	60	75	0	0	987	60	1020	
0	151	460	135	365	75	1022	336	0	0	
0	60	334	30	0	244	1023	507	120	226	
510	511	60	334	0	30	0	1008	91	0	

211	75	244	46	335	152	1023	174	352	106	 ***
122	0	106	398	4	30	1023	88	30	917	
143	319	441	497	0	0	1023	69	90	136	
79	53	45	400	4	75	1022	972	30	38	
88	0	484	0	509	152	307	1023	155	0	
87	143	90	126	75	0	1023	857	317	0	
505	34	60	250	109	98	1022	640	0	0	
383	0	334	265	80	189	1023	444	0	0	
46	60	259	137	237	125	1022	350	425	57	
114	60	40	321	30	0	1010	120	1023	0	
397	80	176	128	459	349	1023	60	46	0	
503	30	400	23	105	510	0	1022	125	0	
15	60	482	8	215	304	1023	384	0	227	
0	243	259	0	4	30	1022	61	982	117	
439	15	263	105	61	189	1023	395	228	0	
334	16	135	0	75	30	1022	1015	30	61	
140	60	30	98	244	38	30	934	1023	121	
30	334	19	30	0	34	1023	694	554	0	
60	443	15	126	76	61	1023	726	90	98	
394	91	94	293	254	509	1023	0	60	0	

308	98	316	200	121	0	1023	300	533	342	 ***
19	211	0	253	4	302	1023	293	490	646	
381	98	334	99	0	365	1023	839	38	64	
94	30	30	105	0	61	83	792	1023	1023	
57	0	0	304	511	106	350	1021	892	0	
15	370	440	72	505	98	0	1022	0	719	
0	76	34	304	109	501	1022	791	0	404	
304	201	342	189	366	282	1023	95	0	439	
424	274	65	15	34	12	1023	444	691	259	
60	471	130	15	0	511	251	488	988	327	
323	0	167	339	19	511	1012	0	444	426	
158	60	244	15	511	167	896	110	380	700	
15	244	0	349	242	511	991	709	0	180	
0	90	61	60	496	511	1003	98	854	68	
511	0	0	45	75	90	821	685	30	984	
348	23	304	297	137	252	1023	609	163	85	
0	263	126	282	496	64	20	1023	967	0	
158	60	366	15	335	152	1023	135	663	334	
511	467	122	0	31	334	965	396	317	98	
166	60	319	382	335	152	1023	148	566	90	
148	153	60	0	428	294	1021	114	1023	0	
498	334	0	30	402	511	319	868	0	279	
76	293	4	0	274	211	563	789	1023	8	
486	480	106	0	0	274	1023	122	45	705	
30	150	259	380	371	505	0	0	1023	523	
217	0	441	511	180	90	555	973	274	0	
141	88	445	511	0	308	916	608	224	0	
335	465	292	380	109	4	1023	321	312	0	
396	338	263	181	397	134	1023	75	0	434	
8	60	472	258	110	64	1023	312	16	918	
511	197	456	498	396	76	818	0	289	0	
60	24	385	0	243	511	0	248	1010	760	
158	304	366	20	343	471	1023	144	322	90	
462	60	244	30	335	274	1023	144	335	334	
15	498	459	145	389	0	557	155	0	1023	
119	338	257	0	511	30	0	511	504	971	
0	109	0	20	335	338	1022	1019	120	278	
186	140	150	319	8	4	489	68	854	1023	
0	109	90	304	250	369	1023	382	0	714	
0	274	23	138	181	364	249	1023	929	60	
409	38	62	60	60	275	1023	557	757	0	
0	144	349	4	334	126	0	318	1023	943	
158	64	274	75	351	152	1023	236	816	92	
23	0	304	8	384	395	1022	495	94	516	
57	60	213	394	151	130	1023	334	864	15	
60	267	90	475	357	61	1023	187	372	349	
319	511	511	0	369	152	793	174	322	90	
511	427	109	34	304	0	0	365	490	1001	
443	511	27	182	0	65	858	135	1020	0	

