#9025.27	23461	29325	0	0	 64 ***
#8362.8	30154	29325	0	0	 60 
#10232.3	19746	29325	0	0	 58 
#10201.4	22148	29325	0	0	 3 
#9005.95	24145	29325	0	0	 2 

10086.6	17999	25246	35	1001	 97 ***
10093.9	15978	25246	70	2740	 92 
8900.67	23295	25246	28	563	 91 
9498.29	18096	25246	56	2688	 89 
8901.13	18146	25246	32	736	 75 
8406.11	17349	25246	73	2569	 73 
10096.2	19564	25246	29	677	 71 
8901.16	22198	25246	16	426	 66 
7958.64	23283	25246	83	2858	 60 
10099.3	20885	25246	26	419	 55 
8298.89	21568	25246	59	2170	 44 
8918.28	20812	25246	27	670	 44 
8916.36	20793	25246	28	654	 41 
8102.8	24989	25246	59	2164	 39 
10110.9	16243	25246	51	2568	 32 
10080.3	15852	25246	81	2794	 25 
10088.5	16427	25246	68	2855	 24 
10085.8	17327	25246	36	1008	 19 
10096	20069	25246	30	795	 18 
8903.51	21783	25246	27	582	 11 
8897.41	18117	25246	34	978	 7 
8899.41	22068	25246	29	498	 6 
9489.07	16729	25246	80	2503	 3 
10097.8	17077	25246	50	2411	 3 
9296.44	17011	25246	72	2704	 0 

10139.3	18482	26494	8	118	 90 ***
9321.72	19108	26494	22	906	 80 
10129.8	16387	26494	40	1566	 77 
9052.84	20868	26494	52	2261	 73 
8946.24	18937	26494	67	2684	 72 
9061.2	19316	26494	58	2088	 68 
10140.6	18346	26494	34	936	 60 
8527.84	20366	26494	79	2956	 56 
7886.03	21255	26494	83	3002	 55 
9329.37	18227	26494	52	1775	 43 
9539.14	15269	26494	75	2362	 41 
9063.45	16974	26494	54	2186	 35 
8727.07	21300	26494	73	2674	 35 
10132	18484	26494	7	110	 32 
9070.83	18226	26494	53	2074	 20 
10131.3	18827	26494	7	110	 13 
8156.98	17202	26494	81	2887	 10 
9059.13	19953	26494	54	2076	 1 

9189.73	15453	29672	50	2023	 100 ***
10261.9	15951	29672	18	537	 96 
8400.9	15030	29672	64	2703	 94 
8393.68	15482	29672	61	2377	 92 
8587.6	14176	29672	73	2495	 89 
10263.6	17555	29672	11	433	 74 
9443.42	15225	29672	57	2657	 72 
9645.52	14335	29672	55	2520	 68 
10270.5	15347	29672	16	632	 68 
10276.6	13639	29672	73	2650	 66 
8039.05	15780	29672	73	2872	 65 
10260.7	16250	29672	13	494	 60 
9444.91	14965	29672	50	2418	 59 
9461.51	17982	29672	17	962	 56 
10270.8	17093	29672	9	358	 55 
10268	16908	29672	11	207	 51 
9186.87	17772	29672	47	2224	 48 
9178.65	15764	29672	48	2185	 45 
9466.82	15606	29672	47	1927	 43 
10254.1	15540	29672	48	1904	 42 
10267.9	15163	29672	48	2277	 39 
10280.2	13759	29672	61	2397	 37 
10267.5	15391	29672	39	1988	 27 
9184.18	15454	29672	50	2288	 26 
8857.84	16380	29672	56	2459	 26 
9486.39	16390	29672	35	968	 26 
9667.03	14141	29672	75	2932	 22 
8412.9	14748	29672	76	2883	 22 
9454.15	18169	29672	46	2178	 17 
9653.58	14901	29672	51	2387	 14 
10263.7	17366	29672	5	325	 10 
10269.8	16762	29672	12	496	 9 
9663.21	14194	29672	51	1946	 8 
10264.8	16154	29672	14	506	 7 
10267.1	15264	29672	48	2278	 5 
10261.3	14266	29672	49	1901	 4 

9514.24	11283	29293	8	511	 99 ***
8321.12	10339	29293	65	2464	 98 
8336.1	10773	29293	64	1918	 89 
7172.96	13417	29293	60	2466	 88 
9036.96	12082	29293	8	266	 83 
9059.09	11570	29293	25	969	 71 
8241.01	13437	29293	59	2321	 68 
7991.75	14221	29293	57	2461	 61 
10121.6	10860	29293	33	1780	 58 
7841.59	11237	29293	62	2121	 56 
10118.4	9888	29293	37	2035	 51 
10124.7	10255	29293	36	2062	 51 
8456.83	12816	29293	29	755	 48 
8251	11205	29293	67	2462	 45 
9329.34	10062	29293	64	2066	 43 
7063.99	13184	29293	71	2584	 43 
8244.54	12740	29293	36	2012	 42 
8710.17	10888	29293	45	2275	 36 
9504.08	11047	29293	33	1529	 31 
9031.27	11052	29293	34	1596	 27 
8439.95	14254	29293	20	470	 27 
8438.93	14307	29293	25	557	 16 
8238.11	14274	29293	51	2259	 12 
8439.96	11188	29293	30	1027	 11 
8232.51	14430	29293	56	2302	 9 
8243.03	14198	29293	46	1775	 7 
9304.32	10905	29293	37	1745	 4 
9322.43	10008	29293	71	2488	 3 
8440.31	13675	29293	23	622	 3 
10117.3	10325	29293	49	2268	 1 
9322.35	10341	29293	34	1912	 0 
8431.6	12119	29293	32	1482	 0 

9213.22	11567	27923	26	1561	 99 ***
8036.06	10344	27923	65	2180	 94 
8952.79	11308	27923	28	1427	 89 
7267.55	10465	27923	61	2204	 89 
10007.9	11142	27923	29	1438	 88 
8598.15	11735	27923	30	1653	 86 
8952.09	11443	27923	28	1279	 70 
8348.25	10482	27923	59	2302	 61 
9404.7	11125	27923	30	1782	 53 
9410.35	11820	27923	3	313	 48 
10014	11645	27923	3	84	 45 
10017.7	12153	27923	1	8	 43 
8933.78	13570	27923	28	1477	 37 
6949.08	10834	27923	64	2348	 36 
8943.51	11829	27923	28	1460	 22 
8944.71	12008	27923	26	1387	 21 
10011.1	10888	27923	57	1974	 5 
7526.74	11251	27923	31	1638	 0 
10013.7	12329	27923	2	69	 0 

9035.97	9427	23299	38	1516	 95 ***
9857.84	9166	23299	50	1804	 94 
9842.71	10151	23299	34	1659	 89 
8449.19	10572	23299	30	1325	 76 
7963.63	9631	23299	38	1471	 76 
9031.59	9481	23299	35	1887	 74 
7638.82	9575	23299	64	2377	 56 
9048.14	10385	23299	5	386	 54 
8175.91	8614	23299	63	2407	 30 
8442.63	12677	23299	36	1577	 30 
6796.72	10938	23299	64	2400	 29 
7831.83	10686	23299	58	1943	 21 
7634.08	12159	23299	62	2034	 19 
7953.87	12099	23299	39	1907	 15 
8173.79	10992	23299	37	1945	 15 
8765.25	10355	23299	34	1408	 3 

8639.63	10876	22329	43	1972	 98 ***
8767.6	12448	22329	37	1631	 87 
9019.6	12468	22329	33	1101	 87 
9024.69	11976	22329	12	807	 84 
8749.08	12782	22329	37	1508	 76 
8757.64	12630	22329	34	1246	 75 
9019.3	11998	22329	39	1329	 71 
9027.44	10785	22329	23	815	 58 
9828.47	12149	22329	10	430	 52 
9024.06	11641	22329	24	698	 51 
9017.16	12528	22329	8	411	 49 
9822.11	10457	22329	40	1573	 47 
9840.66	10285	22329	59	2295	 42 
7333.78	11135	22329	40	1573	 41 
9827.16	12471	22329	8	411	 41 
8046.85	10639	22329	47	1955	 39 
8435.48	12836	22329	28	1016	 38 
8755.26	10514	22329	55	1701	 24 
9236.32	10182	22329	61	2371	 15 
9022.5	12354	22329	26	728	 10 

8163.71	17271	26894	60	1896	 100 ***
10112.3	15954	26894	21	824	 99 
8244.24	14675	26894	62	1812	 92 
8925.47	16238	26894	31	1058	 90 
7966.44	14824	26894	67	2320	 84 
10124.1	14383	26894	7	675	 79 
10114.7	14289	26894	21	832	 78 
10118.8	14484	26894	9	889	 76 
8926.52	15543	26894	31	963	 65 
8939.12	13556	26894	33	981	 64 
8927.46	14799	26894	28	875	 60 
10122.5	15137	26894	7	688	 58 
8927.85	15532	26894	23	859	 57 
10136.1	14252	26894	26	1111	 52 
8931.18	14447	26894	33	971	 51 
8321.5	14502	26894	33	1579	 43 
8946.88	14935	26894	25	801	 36 
8924.04	16351	26894	21	643	 34 
10118.6	14769	26894	10	751	 30 
8929.18	14493	26894	28	1019	 21 
10121	13470	26894	30	1080	 19 
10111.9	14262	26894	32	1070	 5 

7662.73	13473	24404	59	2291	 93 ***
7926.55	12053	24404	22	639	 90 
9930.88	11642	24404	60	2225	 83 
7944.77	12683	24404	21	556	 76 
7923.11	12113	24404	26	705	 73 
9115.41	11736	24404	27	1043	 66 
9915.41	10897	24404	62	2306	 59 
9912.91	11312	24404	67	2422	 57 
9114.69	11349	24404	64	2270	 53 
9330.99	11501	24404	61	2527	 49 
9922.96	11040	24404	61	2229	 43 
8824.63	11469	24404	67	2620	 42 
9916.07	11476	24404	61	2360	 41 
7924.43	11755	24404	25	675	 40 
9933.24	11707	24404	58	1988	 33 
7922.61	12268	24404	26	705	 10 
7922.29	12587	24404	30	1044	 3 

9872.07	12198	24831	63	1923	 98 ***
9866.25	12233	24831	63	2204	 98 
9268.92	12332	24831	58	1782	 96 
8694.13	12870	24831	21	612	 89 
9255.19	12348	24831	62	2215	 85 
8689.84	13926	24831	21	733	 81 
9071.96	12781	24831	62	2126	 80 
9859.52	12116	24831	67	2287	 77 
8807.59	14058	24831	20	795	 75 
8809.07	14063	24831	10	844	 73 
8690.76	14076	24831	20	668	 51 
9893.21	13911	24831	16	861	 49 
8691.64	14611	24831	12	496	 45 
9879.95	12408	24831	50	1911	 40 
8808.74	13217	24831	19	607	 37 
7712.3	13286	24831	62	2137	 36 
9051.35	12794	24831	63	2197	 35 
8466.38	13225	24831	54	1732	 34 
8693.27	14690	24831	9	535	 34 
7608.07	13459	24831	23	978	 28 
9268.35	12659	24831	60	2021	 19 
8808.23	12803	24831	58	1991	 18 
9267.77	12830	24831	51	1868	 12 
9869.24	12239	24831	57	1762	 7 
7610.96	14233	24831	13	554	 6 
7609.7	13370	24831	22	363	 5 

9241.05	12973	23425	11	697	 98 ***
9233.67	13316	23425	30	1122	 94 
9845.75	12661	23425	42	1524	 89 
7981.48	14687	23425	66	2252	 83 
9833.19	12893	23425	44	1831	 77 
8648.77	13092	23425	34	1126	 74 
7711.07	14401	23425	67	2269	 62 
8424.13	14334	23425	43	1497	 54 
8163.09	12643	23425	63	2159	 43 
9861.84	12632	23425	24	1075	 43 
7705.99	14804	23425	53	1707	 42 
7980.72	14786	23425	56	2104	 35 
8437.22	14143	23425	57	1664	 31 
9850.3	12482	23425	36	1162	 31 
9863.07	12379	23425	56	1708	 29 
8433.78	14379	23425	37	1188	 29 
9845.92	12612	23425	62	1911	 26 
9841.65	12974	23425	9	689	 13 
9846.46	12806	23425	12	684	 12 
9844.14	12181	23425	63	2163	 9 
9835.43	12822	23425	62	2116	 2 

8660.98	17511	23944	49	1534	 98 ***
9845.11	14974	23944	3	124	 95 
8660.46	17650	23944	48	1624	 94 
8761.54	15040	23944	58	1529	 78 
8771.62	13998	23944	53	1874	 61 
8661.08	16933	23944	49	1642	 59 
9035.02	15516	23944	41	1605	 50 
7969.82	16065	23944	70	2209	 49 
8665.04	15442	23944	72	2208	 46 
8667.63	15861	23944	58	1612	 44 
7969.89	17057	23944	67	2272	 43 
9843.69	14381	23944	6	177	 39 
9233.3	15126	23944	29	1078	 37 
8773.21	16732	23944	40	1555	 33 
8664.18	15864	23944	43	1359	 30 
9057.45	15142	23944	47	1772	 22 
9241.77	15307	23944	8	170	 20 
8458.66	16310	23944	64	1641	 18 
9234.84	15954	23944	23	830	 11 

8828.87	15775	25835	50	1286	 98 ***
10038.2	17454	25835	11	510	 97 
9233.19	15418	25835	45	1254	 96 
10015.3	14138	25835	52	1314	 96 
9430.03	12087	25835	67	1896	 95 
10034.6	16108	25835	33	1436	 93 
10026.1	13386	25835	47	1220	 92 
8811.99	13585	25835	53	1283	 92 
10039.9	16315	25835	31	1059	 92 
10016.3	14449	25835	49	1229	 89 
8834.68	16817	25835	29	1067	 88 
9213.24	15191	25835	51	1324	 85 
8421.67	12139	25835	61	1810	 85 
10022.6	11659	25835	63	1749	 83 
9221.49	16154	25835	46	1304	 81 
10053.5	16028	25835	32	1406	 81 
8845.19	16452	25835	44	1176	 80 
10027	16430	25835	22	772	 79 
10053.6	16074	25835	27	1018	 75 
10031.2	16153	25835	32	1316	 74 
8838.31	16512	25835	29	1049	 71 
8830.08	16802	25835	49	1230	 50 
10018.6	14338	25835	48	1326	 44 
8340.19	16452	25835	70	1944	 38 
10033.8	15152	25835	40	1300	 27 
8834.83	16513	25835	15	607	 25 
9226.18	15999	25835	49	1336	 20 
10018.3	14874	25835	41	1256	 4 

9543.4	14247	27228	56	1761	 100 ***
8957.26	17227	27228	61	1750	 97 
9350.27	15587	27228	48	1620	 81 
8960.85	17753	27228	22	473	 78 
9348.27	15981	27228	53	1604	 76 
8547.15	13104	27228	69	1904	 76 
10174.9	17285	27228	13	710	 66 
10163.2	17417	27228	14	669	 58 
9364.82	13436	27228	62	1462	 54 
8982.89	16484	27228	52	1716	 51 
9354.21	15035	27228	57	1504	 47 
8960.09	17032	27228	24	879	 44 
9346.31	16106	27228	52	1689	 43 
10151.7	14910	27228	51	1557	 42 
8960.57	17799	27228	17	724	 40 
10154.6	17722	27228	13	814	 27 
8964.18	16932	27228	17	750	 23 
10156	17579	27228	11	773	 13 
9073.4	14393	27228	62	1809	 6 
10164.6	16567	27228	43	1095	 5 
8969.24	16587	27228	56	1798	 5 
10140.4	13096	27228	66	1883	 4 

9559.3	15561	26361	9	738	 94 ***
9110.86	18184	26361	51	1643	 86 
9548.78	15070	26361	74	2761	 80 
8571.95	17239	26361	52	2156	 79 
9552.23	15816	26361	18	519	 78 
8991.3	15524	26361	76	2815	 73 
9559.2	14864	26361	65	2379	 73 
9567.32	14844	26361	22	1174	 72 
9094.6	13726	26361	75	2582	 54 
9558.56	15757	26361	18	549	 52 
9104.04	15125	26361	53	2111	 47 
9348.42	15668	26361	41	1754	 39 
10178.7	14817	26361	47	1925	 6 
8947.46	15994	26361	68	2514	 1 

9287.94	16014	28254	20	547	 99 ***
10104.2	15299	28254	23	570	 93 
9298.62	12620	28254	40	1873	 88 
9285.34	14890	28254	40	1876	 83 
7828.48	12074	28254	43	1979	 81 
9492.09	15123	28254	26	1068	 79 
8683.05	13393	28254	42	1887	 76 
9491.95	16037	28254	8	446	 72 
9294.33	14772	28254	37	1941	 70 
9491.11	15421	28254	26	917	 70 
9009.15	14970	28254	39	1824	 68 
10094.9	14565	28254	28	662	 65 
9279.5	11779	28254	52	2079	 62 
7819.55	13118	28254	66	2080	 58 
10089.7	11512	28254	64	1817	 58 
10093.9	14480	28254	33	1514	 47 
10089.2	15538	28254	15	466	 42 
8903.03	11787	28254	54	1892	 38 
9282.35	15740	28254	38	2034	 33 
9488.82	11223	28254	72	2448	 19 
10110.7	11361	28254	69	2296	 18 
9507.05	14597	28254	39	1978	 18 
9483.69	15487	28254	17	830	 13 
10090.8	15404	28254	24	905	 12 
8696.01	13129	28254	41	1876	 8 
9492.61	14814	28254	36	1888	 2 
7312.43	15153	28254	61	2071	 2 

8658.61	12439	27773	59	1642	 98 ***
7596.31	13016	27773	68	2417	 95 
8056.47	12440	27773	63	1997	 95 
8668.51	14432	27773	4	13	 92 
8187.48	12366	27773	66	2202	 91 
8195.48	12533	27773	56	1834	 90 
9282.11	11995	27773	61	1891	 88 
9477.21	12331	27773	55	1759	 82 
10068.4	11852	27773	63	2312	 80 
10083	12819	27773	53	1556	 77 
8397.47	12077	27773	72	2210	 74 
8666.31	15528	27773	6	27	 73 
9476.76	14075	27773	24	864	 72 
8666.73	15387	27773	18	798	 70 
10071.7	11455	27773	65	2386	 67 
7202.88	14150	27773	64	2148	 65 
7018.53	15262	27773	68	2176	 55 
7809.79	12790	27773	63	2016	 54 
8660.33	14652	27773	22	1008	 43 
8657.22	14731	27773	21	886	 36 
7798.49	13836	27773	59	1895	 19 
9269.59	13903	27773	50	1766	 19 
8173.3	13087	27773	56	1901	 17 
9284.1	11517	27773	72	2500	 17 
8887.3	11865	27773	65	1810	 14 
8663.25	15752	27773	18	852	 13 
9272.78	12232	27773	59	1874	 12 
8190	13562	27773	53	1790	 11 
8185.82	12926	27773	58	1793	 9 
8895.7	13200	27773	55	1787	 2 
8656.98	15378	27773	20	838	 2 

8357.63	9322	24667	36	1495	 93 ***
8006.24	9976	24667	54	1648	 91 
7547.35	10346	24667	61	1703	 90 
7877.15	10065	24667	63	1990	 83 
8004.67	11032	24667	18	811	 81 
8604.03	11254	24667	16	710	 76 
8004.36	11225	24667	21	775	 73 
8809.74	10194	24667	25	928	 66 
8602.76	10732	24667	19	651	 58 
8236.23	9778	24667	60	1871	 52 
8832.13	10181	24667	25	910	 52 
9417.63	10288	24667	11	604	 51 
8003.99	11298	24667	17	566	 49 
9238.92	9095	24667	65	2069	 46 
9210.64	9756	24667	15	725	 36 
8004.98	10789	24667	19	819	 23 
8817.62	12006	24667	13	579	 21 
8813	11675	24667	15	736	 19 
8834.99	10124	24667	35	1635	 7 
10032.8	9887	24667	14	496	 7 
8405.08	10199	24667	31	1464	 2 
8029.25	10239	24667	34	1506	 2 

7142.77	5464	20742	64	2114	 94 ***
4836.71	7361	20742	38	1709	 86 
8637.4	6000	20742	56	2005	 83 
5736.01	6580	20742	65	2144	 66 
7333.01	7415	20742	33	1621	 64 
7230.24	6212	20742	53	1670	 56 
8154.06	8252	20742	7	414	 54 
6537.92	5667	20742	59	2031	 48 
6527.59	7820	20742	31	1335	 24 
7340.12	6549	20742	26	1197	 13 
5849.11	6848	20742	56	1877	 9 
5915.46	6268	20742	34	1682	 1 
8151.99	8524	20742	8	420	 0 

10055.5	7803	22469	54	1570	 96 ***
8167.46	8848	22469	35	1264	 96 
8453.85	9914	22469	20	800	 90 
7357.83	10351	22469	25	1104	 86 
8445.82	10485	22469	10	240	 86 
8055.16	9807	22469	21	935	 84 
8166.06	9419	22469	26	1195	 78 
9255.18	10419	22469	10	292	 73 
7781.61	8291	22469	39	1438	 69 
8870.95	9512	22469	20	1015	 69 
8438.92	8501	22469	31	1019	 63 
8163.63	10439	22469	19	827	 54 
9453	9231	22469	22	1079	 52 
8379.03	9619	22469	23	1094	 48 
8435.84	8787	22469	27	1207	 48 
9261.09	9418	22469	17	576	 48 
8629	9511	22469	25	1210	 44 
7766.65	9941	22469	21	1097	 43 
9238.61	9428	22469	23	1098	 31 
10055.4	8704	22469	23	1161	 30 
7368.38	8978	22469	33	1269	 26 
7295.45	11019	22469	27	1102	 25 
8365.38	7777	22469	60	1905	 16 
8181.5	11894	22469	17	481	 16 
6946.35	11701	22469	28	1241	 13 
7087.44	11247	22469	22	1013	 12 
8250.71	10055	22469	19	823	 7 
9268.88	10215	22469	7	202	 7 
8649.01	9677	22469	16	688	 4 
7563.92	10117	22469	23	1098	 3 
9457.89	9373	22469	21	1093	 3 
10044.2	8284	22469	58	1886	 3 
6641.15	8434	22469	48	1692	 0 

10151.3	10839	22941	24	588	 100 ***
9348.79	11139	22941	24	562	 97 
8262.61	10136	22941	48	2369	 94 
9347.91	11198	22941	24	1929	 93 
7467.55	10691	22941	41	1995	 93 
8285.42	10718	22941	38	2095	 93 
10153.9	10164	22941	19	750	 91 
7193.59	10817	22941	45	2056	 88 
8728.43	9466	22941	39	2122	 84 
8349.35	10106	22941	46	2254	 75 
9342.43	9066	22941	57	2466	 74 
8278.06	11232	22941	25	1599	 74 
8002.25	10023	22941	58	2307	 71 
6853.74	10044	22941	60	2279	 71 
6736.68	11362	22941	42	1932	 67 
9333.35	9457	22941	44	892	 57 
7940.26	9771	22941	59	2504	 55 
9349.5	11010	22941	21	524	 48 
8361.96	10658	22941	37	1836	 46 
9343.76	9965	22941	27	1010	 42 
7280.38	10366	22941	45	2142	 37 
10157.3	9700	22941	38	1690	 34 
8473.87	9877	22941	44	1843	 31 
7545.3	10674	22941	40	2084	 28 
8000.23	10203	22941	39	2090	 26 
8761.83	9871	22941	36	1900	 20 
10141.8	8356	22941	62	2583	 19 
8369.01	10158	22941	25	1903	 19 
10152.8	9403	22941	42	872	 17 
8353.77	9965	22941	48	2405	 14 
8285.82	9688	22941	59	2202	 8 
8748.01	10023	22941	38	1845	 8 
8266.74	10934	22941	36	2026	 3 

9004.77	10646	21496	29	759	 100 ***
8291.52	12129	21496	28	1376	 99 
8420.72	9138	21496	47	2069	 96 
8391.39	8611	21496	61	2273	 95 
7813.65	10615	21496	38	1828	 95 
8881.93	9067	21496	40	2125	 91 
8064.25	10262	21496	34	2006	 89 
6997.05	9829	21496	56	2098	 89 
8285.81	9064	21496	49	2055	 80 
9492.19	8219	21496	54	2010	 80 
7489.57	12321	21496	47	2273	 80 
6523.2	10555	21496	61	1933	 67 
9007.25	10659	21496	26	704	 60 
7578.5	9687	21496	49	2232	 57 
8675.18	9005	21496	46	1841	 56 
7054.15	11268	21496	49	2048	 48 
7590.39	9959	21496	46	2153	 46 
10085.3	8275	21496	49	2284	 40 
9003.68	11022	21496	25	475	 34 
7594.64	9072	21496	48	2280	 31 
10088.4	11074	21496	14	481	 28 
7871.88	8680	21496	65	2551	 19 
7600.11	9625	21496	41	2088	 17 
7030.39	8905	21496	52	1910	 12 
8281.58	11281	21496	33	1711	 11 
7590.46	9426	21496	44	1881	 9 
9486.2	8794	21496	57	2346	 4 
6729.93	9298	21496	65	2551	 2 
9490.51	9947	21496	35	1673	 1 
8666.04	9220	21496	37	2085	 1 
10087.1	10547	21496	32	745	 0 

8111.53	7898	21882	28	1728	 99 ***
8402.27	7068	21882	51	1666	 98 
7599.92	11183	21882	26	1382	 96 
8327.84	11285	21882	24	1058	 92 
8923.11	11404	21882	9	180	 85 
6591.71	9979	21882	34	1034	 78 
7114.31	8317	21882	33	1255	 76 
8806.65	9132	21882	27	1447	 73 
7711.21	11069	21882	31	1364	 68 
8110.58	9625	21882	27	1656	 65 
7996.54	10627	21882	26	1207	 65 
6697.69	9435	21882	60	2196	 64 
8377.33	10207	21882	25	1317	 54 
7325.23	7655	21882	37	1388	 52 
8594.04	10556	21882	21	1115	 52 
10002.5	12086	21882	8	172	 46 
8920.44	11640	21882	9	249	 43 
10021.2	11348	21882	20	1051	 35 
8928.14	9970	21882	23	1021	 25 
9392.74	8966	21882	25	1514	 20 
8324.58	11796	21882	24	1348	 19 
7717.88	10678	21882	29	1500	 13 
7775.95	8343	21882	31	1172	 12 
7792.14	8434	21882	30	1448	 6 
6908.72	8789	21882	62	2256	 4 

9069.25	11108	24549	7	426	 98 ***
7539.84	10563	24549	58	2148	 71 
7081.07	12291	24549	26	1650	 71 
8256.4	11636	24549	30	746	 70 
9056.76	10842	24549	54	2158	 67 
9373.2	10980	24549	46	2067	 61 
8121.53	12033	24549	37	1896	 44 
8262.72	11865	24549	11	492	 43 
8262.11	12091	24549	11	509	 7 

8371.25	10305	25922	44	2012	 90 ***
9083	10494	25922	36	1854	 86 
9185.3	9231	25922	7	375	 71 
8853.72	11104	25922	32	1591	 66 
9179.23	10418	25922	33	823	 65 
8259.3	11008	25922	33	1596	 61 
8636.35	9959	25922	45	1809	 42 
7515.62	12204	25922	66	2247	 39 
8006.9	12018	25922	42	1794	 34 
8850.98	11593	25922	23	1451	 29 
7673.23	11916	25922	44	2007	 27 
7646.14	10938	25922	53	2120	 22 
9186.06	9188	25922	5	127	 22 
8864.68	11135	25922	29	1511	 19 
7599.85	11300	25922	48	1792	 19 
9182.57	9386	25922	7	356	 13 
8017.19	9849	25922	67	2255	 10 
7979.49	10443	25922	56	1649	 8 
8257.92	9733	25922	58	1955	 2 

