#60	79	10	0	95	44	37	62	300	60	 ***
#31	58	10	83	25	61	144	223	112	0	
#140	2	2	27	0	56	204	38	66	212	
#17	5	24	23	79	41	34	50	176	298	
#52	11	33	47	42	139	27	242	154	0	
#3	64	16	10	32	40	237	222	26	97	
#5	47	26	2	63	76	216	59	0	253	
#0	20	14	16	61	48	76	260	84	168	
#22	31	44	0	41	20	20	294	99	176	
#32	2	8	60	18	132	38	243	163	51	
#8	18	65	8	40	65	56	215	18	254	
#21	9	58	76	18	13	40	124	62	326	
#27	42	52	82	67	40	241	65	131	0	
#56	35	50	26	24	66	106	210	174	0	

4	47	71	9	52	16	75	46	96	271	 ***
62	60	10	32	78	44	17	42	280	62	
44	68	10	0	62	62	33	67	104	237	
38	35	23	42	30	70	32	69	297	51	
2	0	12	64	80	0	246	157	102	24	
15	8	58	32	60	111	84	273	44	2	
1	64	49	13	6	56	36	121	37	304	
50	0	2	46	42	0	70	170	285	22	
26	19	18	36	39	75	12	196	256	10	
34	45	68	16	46	0	281	113	68	16	
32	38	36	14	21	0	96	81	293	76	
1	16	18	6	40	52	174	121	243	16	
70	29	12	48	4	112	48	42	282	40	
50	72	26	0	76	44	17	46	294	62	
38	52	24	120	42	1	252	88	18	52	
12	60	10	0	60	64	51	240	111	79	
32	66	68	62	67	0	130	0	24	238	
88	34	62	37	12	6	107	36	284	21	
62	64	14	0	96	44	17	42	109	239	
44	54	10	0	84	44	17	78	294	62	
20	8	46	28	75	40	34	35	297	104	
18	46	0	68	41	0	36	127	91	260	
20	16	14	68	24	24	64	119	312	26	
29	22	4	7	24	68	131	32	93	277	
44	64	26	2	93	60	19	42	281	56	

4	119	19	0	44	48	0	218	59	200	 ***
4	78	36	0	46	14	284	50	98	101	
104	18	32	0	12	97	192	228	22	6	
77	80	0	52	52	40	83	38	0	289	
4	42	38	0	48	12	104	70	128	265	
4	47	72	6	62	14	284	46	126	50	
21	12	22	78	85	0	52	50	103	288	
4	58	38	0	48	12	109	236	154	52	
0	32	52	48	6	0	291	118	152	12	
38	47	60	8	48	17	15	100	95	283	
10	78	70	0	6	0	189	30	76	252	
4	43	63	0	80	48	45	92	79	257	
36	66	84	8	36	82	289	58	0	52	
4	81	38	44	46	50	87	15	63	283	
70	52	40	4	0	175	192	154	24	0	
4	47	38	4	62	48	284	48	94	82	

44	72	42	32	44	16	0	237	99	186	 ***
118	88	11	0	45	26	0	188	82	214	
27	56	7	48	53	121	0	156	122	182	
8	1	84	76	84	24	112	66	32	285	
20	36	36	44	59	68	30	94	58	327	
102	6	18	56	70	12	132	32	40	304	
4	96	34	3	52	32	0	156	219	176	
122	56	7	0	84	16	0	173	76	238	
101	56	4	0	44	15	48	258	74	172	
66	68	10	26	18	68	62	118	20	316	
90	0	90	82	0	52	290	0	82	86	
46	58	2	0	108	14	262	83	59	140	
38	64	2	32	44	14	262	58	91	167	
36	56	10	0	44	32	262	67	59	206	
38	30	34	40	46	82	50	56	104	292	
5	56	18	0	76	16	0	236	131	234	
4	56	19	0	44	22	167	162	59	239	
92	112	84	26	62	70	262	64	0	0	
2	54	18	12	54	0	56	294	156	126	
65	119	2	16	76	24	0	155	105	210	
42	50	20	38	0	48	0	188	116	270	
14	34	20	72	56	48	116	62	24	326	
4	119	70	40	60	16	0	186	99	178	
58	6	62	34	0	74	68	114	32	324	
6	0	179	68	124	48	205	0	0	142	
44	146	65	48	127	8	0	212	0	122	
36	64	5	0	76	40	0	156	219	176	
36	119	2	0	44	48	76	256	59	132	

4	20	40	0	56	84	42	0	168	288	 ***
40	64	9	34	38	10	0	289	68	150	
46	37	38	66	70	52	0	257	136	0	
16	0	38	0	64	50	70	0	328	136	
72	0	28	2	38	0	184	48	32	298	
42	60	116	0	0	32	68	28	78	278	
40	56	4	64	54	11	0	289	68	116	
44	0	10	16	70	40	210	24	0	288	
40	56	8	32	38	43	0	170	69	246	
0	34	148	122	80	12	28	0	50	228	
0	12	0	154	40	92	64	72	34	234	
62	117	5	0	38	4	0	188	142	146	
26	160	36	16	0	0	146	272	28	18	
0	8	84	42	0	84	144	62	278	0	
40	56	4	48	49	11	0	60	320	114	
43	56	4	36	38	8	0	102	254	161	
21	4	4	0	0	219	112	88	48	206	
18	42	0	66	18	60	0	150	68	280	
40	78	4	32	38	6	0	324	66	114	
40	18	34	0	66	32	44	140	328	0	
40	42	64	2	52	40	298	0	164	0	
44	68	4	36	34	2	0	304	66	144	
52	128	42	0	10	78	0	126	48	218	
42	56	12	40	38	20	0	176	68	250	
40	74	4	64	38	4	0	110	118	250	
28	75	78	124	33	58	0	0	92	214	
42	69	4	32	38	38	0	172	68	239	
0	92	60	52	116	0	12	48	314	8	
0	42	46	12	0	36	2	106	142	316	
99	56	0	90	0	94	40	56	267	0	
40	56	4	36	46	8	0	108	256	148	
34	0	0	6	34	38	218	0	100	272	
40	52	4	32	38	8	3	289	72	164	

4	28	24	0	61	72	103	0	130	231	 ***
4	28	20	0	60	70	64	52	116	239	
52	74	6	34	52	4	0	80	55	296	
16	34	110	20	50	0	58	106	18	241	
18	4	8	14	44	10	46	16	186	307	
4	72	0	168	36	8	70	169	126	0	
8	4	78	16	20	40	225	10	188	64	
6	8	48	12	159	56	88	4	32	240	
12	0	10	94	60	72	30	0	261	114	
40	40	80	8	52	100	0	26	68	239	
40	26	32	22	8	46	114	40	40	285	
140	56	42	32	0	100	0	4	40	239	
72	40	54	42	16	92	0	24	70	243	
36	145	8	82	8	36	0	242	0	96	
8	8	0	12	32	46	182	94	227	44	
10	2	10	44	16	12	100	20	188	251	
32	16	36	80	10	173	0	116	190	0	
8	28	56	20	80	36	79	0	84	262	
62	18	0	24	78	64	0	164	12	231	
24	32	8	0	56	92	247	0	88	106	
44	66	2	62	48	0	106	62	263	0	
20	16	40	42	18	40	12	68	114	283	
12	34	8	0	56	68	116	28	92	239	
6	0	10	0	56	50	28	186	40	277	
86	70	38	120	66	14	113	0	146	0	
0	24	62	64	10	129	0	142	222	0	

2	14	28	91	146	60	0	180	52	0	 ***
12	60	78	74	46	89	0	0	41	173	
18	6	20	20	14	72	20	144	36	223	
6	0	48	22	44	10	16	0	185	242	
40	30	8	72	89	0	31	0	60	243	
0	4	27	50	38	56	116	10	44	228	
50	10	18	58	4	0	204	210	19	0	
64	42	14	70	0	44	18	16	92	213	
4	28	22	0	63	72	64	0	96	224	
24	38	6	0	24	76	32	70	52	251	
64	4	32	28	26	10	134	8	4	263	
32	0	14	44	8	38	148	0	50	239	
0	8	56	16	0	28	265	40	4	156	
6	16	16	8	8	72	6	151	88	202	
88	50	138	36	24	12	36	0	0	189	
83	28	24	0	52	80	42	0	96	168	
6	46	0	36	16	26	162	16	40	225	
20	0	16	22	24	72	98	94	0	227	
40	50	28	32	16	10	144	0	253	0	
50	0	46	61	136	70	0	0	36	174	
38	8	4	72	10	10	107	20	60	244	
37	35	94	28	50	109	0	0	50	170	
2	34	17	20	88	0	0	91	106	215	
4	28	26	0	61	80	64	0	86	224	
70	16	71	2	20	10	92	0	58	234	
12	146	38	48	0	0	6	0	209	114	
5	28	24	0	62	80	66	0	88	220	

9	14	22	100	40	72	0	77	229	0	 ***
44	8	20	20	111	0	46	207	51	56	
3	24	95	22	72	16	0	244	76	11	
6	4	14	0	4	16	13	180	195	131	
0	25	47	6	5	74	108	41	245	12	
0	4	45	2	111	34	0	0	166	201	
32	4	50	72	44	2	21	230	108	0	
0	102	10	60	40	64	42	196	48	1	
24	122	22	8	20	62	76	182	10	37	
6	36	12	100	139	66	0	124	80	0	
3	23	28	104	68	66	0	206	65	0	

6	14	24	110	36	64	68	121	224	32	 ***
9	14	24	104	33	72	32	105	262	44	
27	63	20	108	73	76	52	218	62	0	
33	18	45	104	64	110	0	72	227	26	
41	38	21	110	36	68	0	51	246	88	
41	82	24	88	32	126	0	114	192	0	
42	14	40	97	152	124	0	78	152	0	
12	14	28	84	32	84	0	242	63	140	
84	22	34	120	48	124	45	22	200	0	
0	8	36	64	18	4	45	242	242	40	
9	14	17	84	64	92	36	218	93	72	
6	46	64	124	148	80	0	129	102	0	

68	42	89	43	48	25	40	214	12	20	 ***
22	15	3	125	51	76	0	40	192	77	
4	14	28	60	44	56	38	235	66	56	
20	70	59	22	2	44	69	48	42	225	
19	45	17	42	40	10	121	221	40	46	
9	92	90	36	0	0	73	237	22	42	
6	14	24	87	46	56	36	100	74	158	
7	17	14	4	66	12	246	133	50	52	
9	52	40	35	52	5	0	241	94	73	
9	40	16	0	30	25	34	50	213	184	
0	22	72	0	140	38	36	188	29	76	
24	9	16	26	80	44	113	18	36	235	
46	37	1	24	90	45	0	228	130	0	
74	57	10	0	0	45	26	46	149	194	
13	37	33	3	0	6	177	228	90	14	
4	14	24	60	36	46	36	235	114	32	
40	56	28	4	4	0	66	233	25	145	
5	24	59	0	39	0	44	138	248	44	
0	24	20	52	36	104	36	104	66	159	
12	14	20	87	44	56	36	97	195	40	
40	32	0	31	26	25	51	71	100	225	

54	32	4	33	118	22	113	185	7	12	 ***
111	22	39	120	44	0	74	136	34	0	
68	32	10	26	68	21	64	73	20	198	
143	61	0	0	59	8	39	74	22	174	
45	32	30	0	69	135	0	195	22	52	
64	26	18	26	145	30	45	135	20	71	
21	0	56	20	56	42	24	237	50	74	
69	0	53	48	135	32	79	0	129	35	
32	60	10	13	54	24	66	95	30	196	
0	0	53	32	141	88	23	199	24	20	
20	25	27	115	27	18	0	40	114	194	
64	40	24	26	45	26	44	96	20	195	
66	42	9	10	57	38	67	86	12	193	
11	16	45	88	32	38	63	231	56	0	
80	38	6	13	82	32	32	224	53	20	
40	31	69	30	6	52	22	223	107	0	
26	9	84	15	18	38	70	0	254	66	
24	50	2	10	128	0	21	232	72	41	
12	54	14	22	26	27	38	52	229	106	
60	37	45	26	42	12	89	56	213	0	
67	25	22	28	58	26	30	69	60	195	
33	24	36	0	31	38	0	102	85	231	
39	20	60	36	12	12	241	59	101	0	
26	44	14	18	48	62	10	227	131	0	
8	64	24	56	52	24	235	33	19	65	
45	33	0	38	10	0	51	125	234	44	
136	28	10	26	48	26	27	79	134	66	
65	28	22	10	68	44	48	221	12	62	
88	43	14	18	28	38	0	244	86	21	
68	26	7	10	71	130	26	102	20	120	
36	34	23	24	20	8	79	68	234	54	
74	42	7	35	42	12	132	218	18	0	
30	10	51	45	54	33	79	225	53	0	
64	26	34	14	68	26	26	102	22	198	
59	16	27	6	5	4	164	41	36	222	
85	127	0	24	54	113	33	53	0	91	
22	60	56	25	14	36	76	64	227	0	

42	19	165	2	0	45	70	0	199	25	 ***
113	59	0	34	70	48	91	28	124	0	
47	0	0	27	128	39	92	107	115	12	
80	0	0	31	43	25	87	103	11	187	
32	0	99	135	14	68	34	0	54	131	
49	4	0	35	42	31	87	244	23	52	
49	0	33	60	46	49	220	0	96	14	
42	56	0	32	0	33	138	219	29	18	
12	59	70	51	21	35	223	64	32	0	
46	106	0	38	33	25	88	164	55	12	
24	6	26	16	24	42	86	202	41	100	
20	0	134	11	7	102	203	26	0	64	
46	2	12	34	41	21	86	250	23	52	
25	121	29	0	30	30	83	22	0	227	
81	153	0	22	18	35	0	176	34	48	

18	28	29	6	48	62	34	123	220	0	 ***
27	37	8	11	24	17	220	11	163	50	
9	51	44	30	141	46	12	24	201	10	
43	19	66	4	8	47	77	0	231	73	
41	24	172	7	8	53	70	1	135	57	
15	1	28	56	23	21	0	154	254	16	
43	15	56	2	4	47	80	176	120	25	
48	19	44	14	0	46	233	36	102	26	
52	108	13	12	17	69	45	32	26	194	
36	20	148	35	0	62	187	14	44	22	
24	35	143	76	6	32	22	196	22	12	
43	19	149	2	0	54	75	0	106	120	
41	21	98	5	0	59	72	0	211	61	
7	36	106	59	4	70	12	66	44	164	
12	8	33	39	31	37	7	5	262	134	
20	44	30	29	18	12	233	38	108	36	
16	5	46	22	8	32	0	138	259	42	
61	32	172	5	0	46	125	0	70	57	
25	56	31	7	80	33	40	219	77	0	
51	64	30	37	147	36	0	81	122	0	
30	54	11	32	47	64	21	98	211	0	
63	23	154	34	43	0	20	149	82	0	
40	26	13	69	34	52	214	5	13	102	
16	30	38	4	37	34	20	208	2	179	
41	19	168	4	1	47	76	42	144	26	
81	4	29	27	24	6	44	29	258	66	

18	28	37	6	41	58	147	231	88	0	 ***
35	28	37	6	109	66	66	73	27	207	
52	37	146	37	28	4	0	66	58	226	
18	2	6	4	16	36	165	331	42	34	
42	20	21	26	21	22	51	260	0	191	
24	32	36	36	4	8	12	188	299	15	
148	0	0	27	18	99	82	16	6	258	
0	40	2	8	64	37	47	171	222	63	
23	11	26	23	26	114	53	272	106	0	
2	0	41	13	18	39	29	282	40	190	
28	23	72	48	18	20	36	112	276	21	
40	23	24	54	28	28	16	55	264	122	
98	47	37	60	48	58	228	52	26	0	
6	27	29	96	19	92	0	241	73	71	
17	44	98	3	32	75	59	231	95	0	
0	2	163	13	0	98	47	254	49	28	
6	94	15	10	76	41	0	95	259	58	
90	82	56	14	37	18	92	67	198	0	
54	28	56	6	44	61	87	96	222	0	
43	5	16	0	43	6	286	172	7	76	
2	5	36	10	13	28	158	35	295	72	
7	22	140	64	17	0	256	104	20	24	
20	81	24	80	61	75	61	62	190	0	
71	27	28	34	56	90	38	205	105	0	
33	44	39	12	36	58	215	96	121	0	
48	29	44	2	40	82	233	31	49	96	
6	43	44	4	46	91	50	67	231	72	

2	13	27	17	8	28	106	96	240	180	 ***
2	46	0	36	42	50	50	206	226	59	
104	0	113	0	68	16	38	25	285	68	
101	130	33	32	0	0	17	0	156	248	
26	33	33	8	37	56	218	153	153	0	
17	76	65	32	37	59	98	213	64	56	
50	12	24	0	20	94	12	205	39	261	
4	48	16	80	41	12	24	244	238	10	
64	16	25	43	129	0	182	53	0	205	
25	26	45	8	53	56	108	247	149	0	
16	62	56	27	24	32	110	234	106	50	
22	0	15	20	70	32	45	253	209	51	
10	20	8	45	64	65	62	223	174	46	
19	31	35	24	38	58	206	138	168	0	
38	53	42	0	64	1	6	251	32	230	
6	37	73	35	32	4	117	203	154	56	
40	32	25	6	33	26	231	222	55	47	
20	30	45	8	37	75	246	115	141	0	
17	40	77	30	37	40	188	190	64	34	
60	0	25	86	67	31	195	30	223	0	
37	22	7	35	33	76	225	204	50	28	
34	87	33	31	0	38	123	155	164	52	
24	42	29	10	55	60	144	133	220	0	
6	32	17	0	160	20	213	0	8	261	

65	49	16	12	37	132	40	69	24	278	 ***
43	83	39	6	44	38	0	59	188	222	
59	28	83	32	25	46	101	112	236	0	
4	13	28	17	20	64	78	128	241	129	
39	23	28	108	72	15	161	22	254	0	
2	13	71	17	40	44	74	100	231	130	
2	13	30	32	12	44	98	239	102	150	
4	19	83	13	8	28	74	128	241	124	
143	10	10	0	17	54	96	20	281	91	
14	69	50	67	52	28	196	26	0	220	
52	22	59	73	121	45	1	262	87	0	
93	149	64	24	32	124	34	151	51	0	
57	132	89	4	39	0	62	106	215	18	
46	97	40	41	56	18	26	0	254	144	
127	72	137	0	49	44	88	41	164	0	
7	18	51	12	0	60	200	24	256	94	
24	22	132	8	0	22	94	80	316	24	
32	18	50	40	74	20	0	243	197	48	
10	36	49	2	44	38	161	50	312	20	
4	13	32	49	8	36	116	96	143	225	
4	13	26	23	23	36	142	96	129	230	
56	116	0	28	16	84	4	156	64	198	
120	18	16	52	10	73	34	17	132	250	
36	18	68	36	65	0	12	132	273	82	
73	23	8	23	59	24	227	222	63	0	
98	42	14	72	16	24	318	50	88	0	
2	19	31	19	8	44	138	96	225	140	
0	12	0	8	82	173	210	4	193	40	
2	13	27	17	8	44	74	244	159	134	
54	24	22	54	29	53	196	0	245	45	
78	44	40	51	168	5	0	50	219	67	
2	13	35	17	10	36	142	96	229	142	

0	16	0	20	22	16	84	130	326	74	 ***
84	14	24	36	128	64	55	0	0	283	
32	4	24	16	78	123	60	18	44	289	
82	92	8	2	4	150	7	18	20	305	
73	4	18	20	42	34	88	80	40	289	
72	122	0	28	44	106	24	47	0	245	
15	42	20	36	62	0	48	0	182	283	
67	4	16	14	72	102	97	76	30	210	
70	4	24	60	70	98	0	60	13	289	
2	96	56	121	0	20	16	21	82	274	
76	3	4	10	44	52	0	248	0	251	
26	12	20	24	52	120	52	53	44	285	
49	56	101	14	34	42	0	286	106	0	
2	0	70	58	2	4	0	239	81	232	
50	56	2	72	40	0	322	104	0	42	
66	8	16	20	37	126	46	72	36	261	
12	18	50	62	36	138	0	32	59	281	
10	40	10	44	42	4	97	64	68	309	
124	0	20	12	74	4	124	0	19	311	
8	56	80	28	0	8	122	322	64	0	
42	34	12	37	2	120	20	64	56	301	
1	6	52	32	54	124	36	60	32	291	
42	0	66	67	26	92	52	33	8	302	
98	4	16	40	39	105	93	72	24	197	
16	32	72	0	143	80	16	18	45	266	
4	36	12	98	4	4	0	42	214	274	
75	4	16	12	107	107	20	114	24	209	
2	0	77	16	38	0	170	289	86	10	
72	4	16	52	48	2	24	68	78	324	
76	4	24	16	53	34	20	145	32	284	
48	0	50	10	28	0	304	181	15	52	
113	24	44	10	2	74	40	322	36	23	
70	0	28	32	43	0	102	96	12	305	
73	5	16	12	37	105	30	112	54	244	
12	16	40	2	108	70	52	22	65	301	
42	46	32	38	0	69	0	319	108	34	

4	0	0	19	22	0	84	144	294	112	 ***
16	0	0	20	22	0	124	96	294	107	
8	0	0	20	39	0	150	96	294	72	
0	0	24	20	22	0	116	131	294	72	
0	0	0	20	16	0	84	178	299	82	
24	8	4	20	22	0	118	80	295	108	
0	0	0	82	24	0	128	84	237	124	
0	0	0	24	50	8	116	68	339	74	
0	0	0	20	120	0	84	92	199	164	
0	10	0	20	74	0	84	120	299	72	
0	0	0	20	22	0	84	161	216	176	

4	8	0	16	73	51	104	69	257	72	 ***
4	12	50	20	104	0	85	8	269	102	
4	4	0	56	20	0	173	105	184	108	
4	0	0	48	21	0	192	48	172	169	
22	4	0	52	29	2	158	48	267	72	
8	0	0	16	77	41	189	83	168	72	
36	45	74	16	22	0	119	48	222	72	
32	36	8	24	4	38	318	28	116	50	
8	74	0	21	55	0	91	127	174	104	
20	0	14	0	80	76	177	267	20	0	
98	4	36	6	80	16	80	56	230	48	
4	16	98	16	60	0	138	58	192	72	
4	0	11	48	24	0	90	196	209	72	
98	0	119	8	4	73	112	32	208	0	
4	0	12	24	54	0	131	52	200	177	
21	0	0	18	20	36	124	48	216	171	
4	13	0	56	26	0	72	125	180	178	
20	36	111	64	26	56	12	32	257	40	
2	111	4	64	0	12	271	134	18	38	
32	7	52	44	0	75	281	74	61	28	
4	36	117	22	40	20	0	54	315	46	
4	41	0	30	22	98	106	56	193	104	

4	4	0	16	82	0	84	38	102	230	 ***
12	0	34	0	0	0	293	26	0	195	
16	0	4	0	32	24	10	141	325	8	
4	4	0	16	72	0	238	76	110	40	
4	8	0	18	143	0	78	40	142	127	
0	161	0	0	0	99	113	167	20	0	
4	22	0	24	68	0	72	32	298	40	
11	4	0	16	68	0	70	40	150	201	
36	0	4	0	60	16	6	6	291	141	
0	0	12	70	32	0	104	16	326	0	
12	4	0	16	84	0	70	36	298	40	
0	8	16	0	0	106	330	0	4	96	
67	131	8	4	4	48	0	0	298	0	
4	4	0	16	68	0	70	266	76	56	
32	0	4	2	0	114	84	20	256	48	
0	34	0	40	8	34	0	86	322	36	
0	46	0	18	38	0	4	117	297	40	
4	4	0	25	64	0	201	40	182	40	
8	0	40	4	22	0	0	155	331	0	
0	0	91	0	0	46	0	325	88	10	
0	68	0	40	73	16	62	301	0	0	
2	4	0	0	0	90	48	88	328	0	
8	90	0	0	0	10	0	100	320	32	

10	43	40	0	64	12	68	8	239	184	 ***
0	80	80	12	98	1	166	0	231	0	
12	0	0	2	8	8	36	132	267	203	
46	82	0	36	12	32	0	48	260	152	
13	2	32	0	0	8	106	67	110	330	
0	68	8	0	156	36	238	0	42	120	
40	12	4	8	103	36	70	0	181	214	
57	0	8	32	42	36	58	38	170	227	
8	4	68	36	100	5	48	153	20	226	
8	44	56	38	0	32	4	188	234	64	
48	0	82	48	64	0	337	0	89	0	
32	0	0	32	0	8	2	108	220	266	
4	18	20	0	66	32	81	65	310	72	
0	145	2	0	64	76	271	0	0	110	
36	0	0	4	2	52	242	64	234	34	
8	44	0	82	100	40	48	16	175	155	
44	45	0	0	94	0	52	48	179	206	
32	44	0	34	66	16	88	94	41	253	
60	32	2	64	0	18	36	50	126	280	
8	36	8	44	0	68	244	260	0	0	
0	48	8	64	72	13	70	20	134	239	
44	36	48	8	32	0	193	64	239	4	
32	64	4	0	8	41	78	16	106	319	
48	40	0	0	33	48	226	32	0	241	
10	16	64	0	64	8	80	154	52	220	
66	44	132	105	0	12	76	0	233	0	
48	0	84	49	10	6	0	42	297	132	
60	8	0	66	4	0	230	0	265	35	

48	72	40	0	64	9	96	45	267	72	 ***
71	26	74	34	40	78	0	33	218	139	
44	35	44	2	64	16	73	40	267	128	
3	107	8	68	64	76	61	0	326	0	
32	49	0	0	12	40	156	44	211	169	
106	36	58	0	64	6	64	44	267	68	
4	32	80	16	10	138	32	100	41	260	
12	40	76	5	64	4	76	56	227	153	
41	32	38	88	71	18	148	0	0	277	
80	48	43	96	0	4	157	0	285	0	
48	83	36	0	43	40	0	49	213	201	
34	64	8	16	0	36	40	113	209	193	
95	32	45	100	40	2	57	88	254	0	
74	20	74	40	37	40	159	2	199	68	
20	103	14	32	64	0	78	0	234	168	
89	64	46	71	74	0	0	0	292	77	
10	64	53	2	99	36	64	40	223	122	
32	71	0	4	65	100	4	177	260	0	
24	36	36	80	111	36	0	49	216	125	
96	74	12	16	68	16	45	130	252	4	
84	16	33	49	36	5	66	44	280	100	
71	58	9	34	33	64	88	44	277	35	
10	34	72	32	96	8	68	41	220	132	
10	64	48	4	66	4	98	48	267	104	
130	48	34	63	0	36	0	246	156	0	
66	40	76	4	43	48	36	128	268	4	
0	0	76	64	0	2	137	66	300	68	
40	0	74	129	0	64	72	286	0	48	

48	82	96	64	38	64	20	0	270	0	 ***
46	67	10	8	0	48	115	22	275	91	
1	72	34	91	40	66	64	19	266	29	
32	32	32	0	16	8	30	0	246	286	
62	0	48	0	0	48	0	64	166	294	
2	44	143	20	16	40	82	64	271	0	
73	10	88	0	0	61	30	74	274	72	
70	0	36	66	0	10	213	48	239	0	
0	0	76	151	66	8	38	0	302	41	
20	32	72	22	78	0	106	113	239	0	
0	0	92	71	100	87	40	120	172	0	
4	3	64	48	35	44	56	162	266	0	
4	0	0	32	100	36	0	228	0	282	
142	0	32	36	112	0	96	0	32	232	
33	20	44	0	60	34	0	134	292	65	
39	32	53	0	48	44	54	138	274	0	
0	34	65	0	30	98	145	0	278	32	
39	40	34	82	0	0	19	104	266	98	
32	10	72	0	45	84	118	28	273	20	
0	172	0	68	0	46	33	267	96	0	
8	4	16	0	0	32	32	68	252	270	
68	1	34	42	72	0	0	253	212	0	
34	0	57	0	14	68	16	55	217	221	
11	32	0	0	67	48	29	100	262	133	
32	0	8	88	0	8	265	32	245	4	
52	4	0	34	34	36	40	40	265	177	
40	78	81	0	52	12	104	0	266	49	
107	106	103	70	0	0	68	228	0	0	
0	64	32	36	34	34	16	165	285	16	
35	78	82	32	70	0	52	58	275	0	
42	72	8	0	64	12	88	28	269	99	
130	2	37	0	50	36	20	36	270	101	
46	76	8	5	64	40	68	32	269	74	
4	3	0	20	32	40	0	180	290	113	
42	74	40	0	66	32	64	22	278	64	
125	44	48	58	4	2	96	3	279	23	
0	179	107	12	32	8	32	280	0	32	
34	48	0	0	68	49	48	103	284	48	
146	48	82	69	8	0	0	74	255	0	
34	32	64	0	149	47	30	80	246	0	
44	0	16	4	142	40	164	270	2	0	
34	60	36	2	34	36	59	147	274	0	

88	76	0	9	0	34	12	34	263	127	 ***
6	40	4	34	10	0	64	16	337	132	
151	8	0	0	40	8	32	225	0	179	
96	28	104	0	73	27	8	0	263	44	
32	42	134	56	55	40	24	0	260	0	
8	8	8	0	48	4	246	0	274	47	
8	64	0	12	0	8	230	12	301	8	
1	50	42	26	22	97	0	0	258	147	
44	10	84	18	124	10	40	55	258	0	
12	61	96	0	19	46	50	0	327	32	
84	0	0	0	42	92	36	0	286	103	
40	2	78	0	162	4	56	0	261	40	
114	50	42	139	0	0	69	0	229	0	
32	52	63	62	38	120	25	0	251	0	
36	50	87	79	38	32	33	10	278	0	
62	0	0	0	64	50	6	8	278	175	
48	2	0	0	0	58	0	10	254	271	
42	48	4	0	150	24	0	8	295	72	
145	76	68	0	0	0	26	0	304	24	
9	32	83	0	42	130	36	0	255	56	
56	124	4	22	33	20	106	0	278	0	
147	34	48	48	0	0	0	0	230	136	
0	51	56	42	0	32	62	106	294	0	
10	48	0	8	20	0	32	0	187	338	
93	179	0	16	0	32	0	283	40	0	
32	40	87	58	54	57	31	6	278	0	
0	36	10	52	24	8	0	185	328	0	
0	26	135	32	4	106	0	32	252	56	
28	56	57	42	67	25	0	91	277	0	
52	105	87	157	38	0	40	0	164	0	
122	48	87	74	38	0	8	0	230	36	
72	82	29	46	0	4	16	48	271	75	
32	32	16	36	24	25	54	40	344	40	

20	0	141	31	36	0	0	164	258	64	 ***
10	32	24	34	44	1	111	98	230	130	
0	8	33	134	63	0	45	152	279	0	
46	102	1	40	28	0	50	170	277	0	
80	47	120	78	0	1	20	32	272	64	
0	48	16	17	24	80	82	56	285	106	
20	66	0	12	16	28	32	35	217	288	
0	5	8	60	120	64	40	34	285	98	
48	36	0	50	1	94	47	145	293	0	
51	0	67	118	38	181	36	223	0	0	
0	50	18	6	0	84	96	134	279	47	
14	52	88	2	96	60	52	69	281	0	
72	20	35	96	130	42	0	28	291	0	
0	119	22	12	0	33	47	74	266	141	
39	74	158	49	32	34	34	0	226	68	
27	36	128	0	68	56	40	80	279	0	
0	30	2	70	88	0	196	4	0	324	
1	38	12	16	17	18	0	341	197	74	
128	48	0	14	2	36	30	70	290	96	
33	140	50	0	5	45	74	90	243	34	
89	96	0	10	0	34	38	62	271	114	
72	93	84	82	14	0	43	53	273	0	
54	64	36	10	96	12	5	166	271	0	
70	1	98	50	60	12	137	0	239	47	
32	40	0	60	36	64	4	146	330	2	
77	80	140	30	20	0	32	0	72	263	
107	90	2	39	7	98	52	0	271	48	
0	32	38	112	49	56	186	241	0	0	
98	80	19	8	0	38	12	82	302	75	
0	34	0	64	36	20	0	190	299	71	

0	50	8	113	67	0	22	40	249	219	 ***
70	158	142	3	52	41	0	49	253	0	
66	0	54	90	149	0	0	144	118	147	
108	0	74	30	64	0	0	216	179	97	
37	134	112	0	75	0	278	0	40	92	
52	0	74	26	32	40	0	165	111	268	
74	0	115	25	0	108	255	138	0	53	
50	0	86	65	32	32	0	145	260	98	
64	88	50	64	2	119	9	70	14	288	
114	2	17	0	56	20	170	80	305	4	
155	16	8	115	36	32	128	16	0	262	
135	56	3	83	32	121	43	221	74	0	
32	8	24	33	123	64	268	64	152	0	
82	0	23	32	24	64	230	80	8	225	
84	0	90	56	34	1	0	144	262	97	
32	0	43	63	40	104	139	0	67	280	
0	93	0	48	74	0	155	35	262	101	

