#157	80	282	274	481	347	143	943	1023	0	 ***
#27	12	30	385	511	228	518	1013	0	1006	
#511	368	140	358	267	0	145	812	130	999	
#45	34	511	458	398	46	193	0	1023	1022	
#511	511	498	44	145	152	892	977	0	0	
#252	281	19	122	38	506	763	726	0	1023	

157	34	267	278	472	377	152	627	1023	0	 ***
169	217	267	274	456	347	282	352	1023	0	
161	80	267	404	428	347	276	401	1023	0	
157	202	145	274	458	347	139	383	1023	259	
157	202	267	274	465	355	250	394	1023	0	
149	77	259	426	419	317	0	718	1022	0	
279	118	157	289	412	347	139	623	1023	0	

385	389	370	18	130	362	289	301	184	1023	 ***
309	49	221	38	289	503	0	323	1023	696	
438	42	175	192	415	500	224	291	1023	151	
109	464	210	0	511	454	389	985	329	0	
489	320	401	275	90	88	1023	430	335	0	
213	16	68	171	38	282	385	734	1023	521	
256	61	327	295	464	32	145	1023	343	505	
149	117	267	34	405	377	224	855	1023	0	
217	34	275	49	472	377	381	367	1023	256	
80	290	53	15	0	319	274	760	1023	637	
267	57	73	76	366	207	1023	520	862	0	
77	57	70	511	313	374	194	1001	854	0	
62	0	179	287	112	420	0	561	1023	807	
0	397	38	48	55	465	590	495	1023	340	
157	34	267	34	397	452	468	619	1023	0	
244	75	0	38	456	504	305	213	1023	593	
179	0	290	263	8	304	186	913	286	1022	
304	38	83	500	14	400	743	270	76	1023	
165	34	267	34	411	355	462	1023	700	0	
139	129	30	75	267	442	315	878	1023	153	
118	0	46	250	449	511	1023	0	162	892	
157	64	267	34	457	347	381	721	1023	0	
173	60	496	342	30	20	788	108	411	1023	
138	38	15	411	394	262	451	395	1023	324	
164	23	46	45	248	286	1021	515	197	906	
172	34	267	308	396	377	205	669	1023	0	

79	153	331	0	386	190	463	396	502	1021	 ***
141	389	248	16	190	285	1023	303	643	283	
284	280	416	0	312	374	353	296	183	1023	
141	374	338	76	130	473	289	240	1023	437	
426	289	0	42	175	109	564	286	610	1020	
19	344	365	207	0	0	388	1023	166	1009	
19	42	220	415	510	456	0	1021	781	57	
419	158	419	222	121	46	0	1021	1020	95	
179	0	38	242	365	130	331	1020	225	991	
198	38	94	194	131	155	511	651	526	1023	
0	350	168	0	323	373	259	1023	271	754	
16	271	282	395	357	91	316	370	400	1023	
38	136	172	72	273	496	522	427	362	1023	
156	374	278	76	130	339	289	545	311	1023	
122	38	197	434	42	397	460	261	549	1021	
278	509	12	38	30	38	400	1021	206	989	
194	181	441	492	481	109	557	45	0	1021	
111	250	336	511	12	0	0	969	503	829	
511	68	507	196	274	0	1016	792	157	0	
141	434	492	16	252	339	304	270	250	1023	
346	265	96	446	68	0	684	181	412	1023	
354	363	381	0	149	304	578	128	244	1020	
354	312	16	121	269	0	278	349	799	1023	
0	110	252	511	195	167	0	991	882	413	
75	285	154	282	175	381	762	0	384	1023	
122	324	45	8	139	8	963	671	221	1020	
263	374	248	76	496	339	227	282	193	1023	
397	473	135	190	373	38	267	1023	625	0	
64	511	342	0	491	411	507	1011	0	184	
8	480	120	182	312	8	313	212	866	1020	
175	257	305	362	61	465	586	16	271	1023	
141	511	248	17	190	362	312	301	416	1023	
60	8	259	98	338	137	1017	1021	583	0	
167	289	357	76	106	0	404	984	115	1023	
141	389	252	168	190	362	349	309	338	1023	
4	30	458	34	138	38	348	819	631	1021	
30	411	8	200	392	8	742	464	244	1022	
68	199	15	488	98	15	518	110	1021	989	
61	246	137	510	0	313	288	160	785	1021	
83	87	212	304	286	443	137	947	0	1022	
38	252	342	334	140	312	186	492	402	1023	
42	267	0	0	224	23	995	152	795	1023	
277	201	309	0	343	426	445	268	229	1023	
213	335	126	401	471	371	304	1023	269	8	
394	0	167	411	472	79	316	293	366	1023	
271	122	293	339	301	136	369	279	388	1023	
21	90	221	45	160	207	305	960	489	1023	
511	68	327	0	90	0	268	1012	529	716	
38	263	64	260	471	395	412	595	0	1023	
77	38	152	293	476	115	469	815	64	1022	
423	8	286	392	73	320	844	0	152	1023	
366	374	248	16	252	335	289	346	1020	275	
385	375	248	511	130	399	182	240	592	459	

23	464	15	469	60	75	122	524	160	1020	 ***
120	511	19	79	30	68	342	0	766	997	
61	19	159	325	0	53	869	366	60	1020	
212	4	221	64	38	196	625	138	414	1020	
0	511	198	0	61	152	0	202	807	1001	
274	198	156	15	327	94	190	334	323	1021	
79	168	308	0	142	45	196	366	608	1020	
30	122	464	0	323	154	252	567	0	1020	
46	113	61	151	137	304	202	0	897	1021	
263	0	197	75	38	503	76	607	153	1020	
79	138	368	0	203	75	196	366	487	1020	
79	153	263	0	153	75	181	457	548	1023	
124	153	301	0	142	106	215	381	487	1023	
130	0	32	132	511	212	339	242	354	980	
15	327	503	124	60	151	30	663	38	1021	
247	68	27	8	143	188	30	942	259	1020	
120	68	0	75	111	0	948	191	396	1023	
190	8	125	94	252	0	289	583	368	1023	
140	198	323	0	142	75	181	366	487	1020	
30	404	72	414	20	282	216	227	244	1023	
15	60	38	194	75	183	287	1012	45	1023	
185	309	0	20	0	483	418	308	186	1023	
60	88	334	232	167	0	281	396	353	1021	
30	75	511	0	294	497	373	133	0	1019	

45	60	0	166	30	80	0	1003	363	1023	 ***
23	509	15	342	120	105	0	447	187	1022	
113	494	75	312	75	135	289	216	38	1023	
90	394	98	166	105	0	1022	0	50	845	
75	0	98	174	448	294	1022	289	0	370	
53	509	105	282	0	75	0	1023	396	327	
23	456	15	60	75	135	15	246	723	1022	
417	0	121	0	0	105	1023	197	102	805	
53	455	15	282	90	105	349	299	99	1023	
4	15	45	0	121	364	928	166	1022	105	
90	424	0	61	120	91	272	1023	689	0	
83	464	15	342	60	180	75	139	389	1023	
151	274	60	150	511	15	30	563	1016	0	
144	23	140	0	364	23	0	859	196	1021	
23	464	15	312	105	165	0	284	380	1022	
364	124	242	106	170	324	0	1023	417	0	
61	90	180	45	181	319	79	0	792	1023	
15	486	165	274	60	60	0	398	289	1023	
23	486	45	334	150	45	274	368	23	1022	
305	0	120	120	124	0	623	166	289	1023	

47	60	0	106	23	64	0	745	1023	612	 ***
319	90	0	0	75	7	60	927	179	1023	
15	106	60	79	121	15	0	1023	927	334	
45	60	0	93	15	60	0	760	624	1023	
45	152	511	91	0	64	0	775	466	576	
45	60	0	91	15	64	152	560	670	1023	
113	0	76	274	151	0	1023	0	107	936	
0	8	34	94	335	60	229	761	136	1023	
319	0	122	15	511	0	0	49	700	964	
45	60	0	91	15	64	1023	668	280	434	
45	60	17	91	15	60	0	745	624	1023	
30	30	60	60	75	75	868	263	197	1022	
121	45	259	15	120	0	831	90	181	1018	
45	308	0	121	259	64	0	1023	441	419	
46	181	61	327	312	301	429	0	0	1023	
159	212	30	0	64	45	849	0	298	1023	
45	511	0	91	15	323	0	381	941	373	
511	440	282	0	159	0	974	0	166	148	
211	15	1	60	0	395	701	1023	0	274	
75	45	511	0	135	0	1017	822	0	75	
0	244	511	30	151	0	0	999	685	60	
136	60	4	91	30	511	259	45	992	552	
15	91	15	95	0	454	720	23	244	1023	
0	304	30	106	90	75	0	253	799	1023	

15	90	45	0	79	0	110	248	1023	963	 ***
65	60	0	181	511	38	0	516	676	526	
59	99	0	106	511	60	0	775	436	527	
85	61	0	110	0	30	1023	550	283	431	
48	45	0	106	0	30	331	520	470	1023	
293	105	68	0	90	30	0	858	106	1023	
0	60	30	511	30	75	966	0	490	411	
61	64	49	49	42	60	304	0	1023	921	
62	90	49	110	1	30	0	516	1023	692	
46	64	33	106	4	30	327	502	1023	438	
30	128	441	0	511	0	944	200	319	0	
150	120	30	503	16	511	0	109	120	1014	
156	91	178	511	91	155	0	548	843	0	
166	109	313	120	110	511	264	0	980	0	
275	170	106	105	443	285	166	0	0	1023	
511	76	124	110	0	30	0	764	561	397	
106	75	289	120	109	511	155	244	0	964	
120	45	15	263	0	105	893	64	45	1023	
263	15	511	196	60	0	111	983	374	60	
45	69	0	181	30	34	0	782	409	1023	
0	79	95	45	128	61	820	60	1022	263	
184	64	305	45	139	0	1022	0	79	735	
49	84	511	166	0	30	0	379	817	537	

55	282	274	135	68	186	734	226	60	1023	 ***
39	60	175	30	30	274	1023	227	274	911	
41	147	65	0	319	87	1023	362	567	432	
30	502	135	289	34	60	172	359	439	1023	
45	90	45	83	106	0	1023	488	373	790	
511	60	61	0	291	0	609	248	572	691	
45	367	179	106	45	469	90	1023	60	659	
282	158	60	0	79	0	358	1023	536	547	
267	68	105	0	94	45	502	308	1023	631	
283	60	91	449	139	27	638	182	1023	151	
45	68	45	0	149	0	347	644	1023	722	
75	75	45	60	87	0	297	689	1023	692	
45	45	45	464	366	256	45	1022	75	680	
409	511	0	105	185	493	127	0	210	1003	
15	76	53	0	79	135	659	348	1023	655	
357	0	511	319	318	155	79	0	367	937	
15	60	511	0	207	0	587	385	448	830	

166	33	110	125	227	30	578	1023	601	0	 ***
75	23	136	30	47	75	197	994	293	1023	
511	78	0	311	57	120	609	751	0	456	
108	267	274	90	128	186	353	464	0	1023	
159	511	15	502	149	0	60	75	1015	407	
9	80	304	143	110	64	396	0	764	1023	
166	248	511	258	0	143	350	318	0	899	
61	267	274	105	68	186	460	449	0	1023	
493	486	0	45	45	369	251	1023	181	0	
33	45	117	441	83	384	616	1023	151	0	
160	511	103	26	216	364	0	502	0	1011	
53	19	23	120	438	511	308	409	0	1012	
77	0	205	393	0	54	411	121	609	1023	
334	0	57	0	212	99	141	648	379	1023	
75	464	83	511	0	0	447	1020	248	45	
17	0	380	511	0	506	1022	318	75	64	
78	267	274	105	68	200	353	525	0	1023	

226	465	227	90	98	61	0	1023	4	366	 ***
105	79	137	105	369	173	346	1023	223	0	
242	31	112	117	197	38	465	1023	335	0	
182	453	511	169	2	53	1021	75	94	0	
128	399	110	123	68	30	337	1023	342	0	
83	0	112	174	102	299	342	1023	320	105	
145	0	0	144	53	83	953	1023	70	89	
189	30	114	239	107	30	1023	500	328	0	
75	0	511	94	294	55	0	541	136	854	
166	75	113	159	105	30	179	1023	328	382	
92	23	83	91	163	82	274	1023	494	235	
135	98	152	144	181	90	316	1023	55	366	
197	38	112	121	113	35	367	1023	554	0	
0	23	144	113	0	511	282	120	370	997	
4	38	72	290	511	124	221	923	377	0	
90	213	120	60	38	66	630	1023	0	320	
348	30	114	117	75	23	1023	206	312	312	
60	372	113	85	1	125	418	1023	181	182	
189	15	110	125	75	156	1023	201	327	339	
53	228	147	0	282	40	1023	0	126	661	
479	0	170	0	23	511	75	997	153	152	
49	15	259	176	110	98	506	1023	15	309	
75	59	157	45	274	121	525	1023	170	111	
396	4	150	98	258	15	350	1023	221	45	
240	2	129	45	38	8	634	1023	342	99	
123	60	79	42	294	60	0	834	1023	45	
74	315	431	289	83	42	1023	38	265	0	
75	0	201	76	98	36	695	1023	129	227	
62	335	0	0	83	270	126	1022	342	320	
166	36	133	221	105	34	1023	530	312	0	
215	38	110	239	111	38	211	1023	327	248	
57	234	105	301	151	53	1023	231	83	322	
129	8	48	60	277	60	555	1023	282	118	
153	325	109	181	0	38	1023	587	19	125	
231	0	510	0	157	98	1014	99	79	372	
166	191	140	117	116	60	1023	434	313	0	
0	0	57	511	226	296	247	993	140	90	
75	250	62	164	369	282	1023	320	15	0	
189	42	114	117	60	30	1023	243	372	370	
116	68	129	152	96	0	322	654	1023	0	
121	68	259	67	30	128	76	1023	50	738	
61	4	83	506	0	159	49	1023	636	39	
89	34	153	34	0	60	186	1023	148	833	

181	411	212	75	79	65	0	1023	261	129	 ***
166	441	151	75	94	79	0	1023	301	106	
166	456	155	90	109	62	0	1023	269	106	
194	402	76	397	90	54	1023	0	200	0	
166	490	151	75	79	79	267	1023	0	106	
511	430	197	94	75	70	0	709	0	350	
171	411	212	90	79	62	15	1023	4	369	
166	415	212	92	105	61	0	1023	30	332	
131	507	8	1	156	72	493	1023	0	45	
166	420	227	76	75	65	0	1023	278	106	
109	454	85	34	208	349	129	1023	0	45	
170	441	170	75	90	511	0	629	0	350	
15	45	0	12	511	198	83	0	551	1021	
140	456	147	100	75	62	0	433	0	1023	
189	456	151	94	75	79	4	1023	0	365	
136	412	151	79	105	65	0	1023	361	104	
181	471	166	83	79	65	0	1022	263	106	

96	110	0	232	70	39	535	1023	278	94	 ***
117	241	206	209	221	0	0	84	376	1023	
151	412	212	113	81	69	0	373	43	1023	
151	441	189	94	85	80	4	1023	25	385	
151	441	193	90	89	65	0	1023	307	118	
83	76	509	72	511	94	23	1023	49	37	
494	242	61	53	0	160	1023	156	0	288	
46	490	139	121	244	267	99	1023	48	0	
509	40	91	15	34	511	1020	76	0	181	
155	415	208	105	106	65	2	1022	289	110	
46	27	81	0	254	94	30	1023	859	63	
380	40	83	55	489	106	98	1023	139	64	
61	511	0	62	0	181	724	311	461	166	
444	89	0	511	0	91	1023	179	79	61	
377	15	169	42	209	21	200	1023	0	421	
38	69	40	38	132	126	270	1023	741	0	
306	34	31	72	68	103	185	1023	655	0	
166	411	209	75	115	80	0	1023	31	367	
30	117	62	494	195	72	0	42	1023	442	

31	126	32	19	140	212	1023	874	81	0	 ***
157	140	171	0	511	200	966	0	34	359	
35	170	0	293	44	80	476	1023	263	154	
34	187	64	247	70	161	307	1023	248	197	
15	511	15	203	6	125	1011	0	485	167	
34	252	511	34	62	60	1023	217	345	0	
150	15	185	34	197	23	1023	19	892	0	
511	60	75	53	0	0	31	304	1017	487	
60	299	120	182	27	35	1023	420	248	124	
30	125	0	167	72	222	1023	174	308	417	

319	0	156	76	60	90	152	1022	334	780	 ***
0	156	242	80	190	75	1022	990	143	91	
31	130	49	15	323	220	1022	447	537	215	
0	509	511	493	247	121	143	813	152	0	
31	122	158	19	157	335	1022	485	81	579	
53	38	6	511	113	2	1010	121	916	219	
39	130	32	240	140	246	1023	723	416	0	
122	256	0	15	511	186	1017	762	60	60	
226	123	32	247	140	285	1023	494	419	0	
0	293	183	380	511	504	120	18	0	980	
348	0	0	15	4	259	1023	136	203	1001	
15	183	0	144	197	336	77	1022	0	1015	
153	289	32	15	140	285	437	1022	616	0	
62	182	51	91	140	212	1023	507	462	259	
96	122	32	240	240	336	1023	477	423	0	

182	122	511	487	474	503	124	541	0	30	 ***
282	0	171	159	60	90	212	1023	582	395	
259	0	179	91	60	90	212	1023	342	718	
259	0	227	84	60	90	1023	667	304	260	
151	53	146	460	4	209	68	1023	0	860	
334	211	2	130	166	511	0	1021	411	188	
156	173	511	83	57	395	297	806	496	0	
83	23	19	260	201	0	879	1023	197	289	
263	8	186	76	60	90	212	1023	601	455	
274	0	247	76	64	90	212	646	342	1023	
282	80	171	453	308	196	387	74	1023	0	
259	0	156	151	60	94	228	654	349	1023	
60	15	83	511	410	130	685	61	1003	16	
407	180	0	511	0	109	436	116	205	1010	
64	308	136	328	0	499	160	0	1023	456	
289	0	216	76	60	90	1022	522	334	365	
83	94	130	0	291	462	277	1023	78	536	
259	274	511	65	75	90	464	672	304	260	
485	114	0	358	205	511	170	865	0	266	
259	23	186	76	68	90	227	1023	586	436	
259	15	221	76	60	105	456	1023	334	425	
137	136	511	23	293	413	274	182	15	990	

137	0	0	260	75	15	201	1022	414	628	 ***
248	259	104	78	511	15	152	946	378	61	
23	510	385	508	0	266	183	627	144	106	
242	182	74	25	380	282	124	420	0	1023	
182	122	118	128	380	243	130	365	61	1023	
182	183	54	25	425	243	440	1023	0	177	
73	0	213	511	0	0	137	982	706	130	
134	95	4	23	230	400	721	1023	0	122	
182	212	510	31	414	243	593	393	0	174	
15	8	121	239	126	182	0	642	1023	396	
182	301	107	511	199	503	126	819	4	0	
190	183	50	42	440	243	1022	427	0	155	
61	34	4	502	335	180	141	1023	159	313	
0	0	137	15	68	334	1020	844	334	0	
187	98	277	159	25	366	524	1022	0	94	
511	23	182	76	0	121	1019	365	333	122	
334	0	0	15	0	267	873	1021	242	0	
511	12	304	98	61	53	305	920	366	122	
194	152	65	84	382	243	241	368	0	1023	
182	183	50	117	388	367	122	1022	0	321	
182	122	129	40	511	304	130	1012	0	322	
426	182	244	197	110	511	0	987	95	0	
511	140	0	430	144	0	30	1022	354	121	
331	0	250	202	0	111	15	1023	637	183	
60	29	243	0	134	133	106	1023	872	152	
190	124	85	40	440	304	414	1023	0	132	
61	130	91	511	134	90	137	758	840	0	
30	511	122	49	365	126	69	1020	240	220	
130	228	15	0	15	210	608	1023	366	157	
511	122	58	23	384	243	201	487	0	723	
366	147	511	15	362	42	164	1020	125	0	
0	197	202	511	319	34	145	1018	145	181	
246	122	50	116	382	258	1023	393	0	162	
109	30	124	0	61	90	57	1022	710	549	
0	0	15	171	213	140	502	612	76	1023	
182	130	50	25	380	258	126	1022	64	515	

137	0	0	138	75	27	1023	573	384	302	 ***
138	511	0	8	246	72	218	491	0	975	
130	68	156	0	202	69	0	1023	873	138	
145	0	30	138	75	15	293	1022	658	283	
34	255	60	64	250	244	118	1022	612	0	
60	156	0	83	76	175	189	1022	898	0	
246	75	484	0	145	45	244	1022	398	0	
137	0	511	250	90	0	186	655	384	446	
511	132	508	68	244	73	0	987	136	0	
307	0	244	511	45	182	130	105	212	923	
0	190	0	247	510	4	364	228	97	1019	
15	365	68	4	60	505	278	1023	0	341	
141	0	511	130	75	0	186	708	384	524	
0	105	0	0	133	49	1022	134	941	275	
0	511	354	226	160	0	124	160	1017	107	
0	0	511	126	510	0	1020	220	99	173	
91	511	34	0	8	441	426	964	90	94	
291	511	380	0	0	304	64	0	1023	86	
167	0	0	138	75	60	201	1022	384	612	
504	76	45	0	426	64	0	437	1022	85	
145	0	0	198	75	15	293	1022	384	527	
4	60	303	130	511	0	957	350	161	183	
19	0	341	79	199	0	88	304	1022	607	
137	0	0	243	75	83	201	513	384	1023	
137	0	0	138	117	30	301	529	384	1023	
281	370	91	511	46	505	515	340	0	0	
212	309	0	84	130	90	155	565	92	1022	
137	0	0	146	75	91	291	516	380	1023	
182	0	0	138	91	45	302	494	384	1023	

197	159	60	85	60	23	480	1023	575	178	 ***
0	68	34	342	16	289	1022	748	141	180	
197	0	0	85	60	45	220	1022	293	918	
511	342	98	0	30	0	825	1022	0	12	
129	0	0	418	15	134	1023	753	304	64	
363	60	0	150	312	38	1023	426	263	205	
152	274	27	107	60	23	1023	437	271	466	
213	90	8	289	45	103	1023	909	0	160	
45	0	113	95	90	12	994	1023	404	64	
167	0	15	89	90	309	1023	423	515	209	
381	0	8	94	60	23	1023	437	456	358	
197	8	45	77	90	267	175	1023	263	695	
0	308	4	183	12	45	1023	844	34	387	
150	107	0	75	312	153	1022	944	15	62	
334	50	27	82	8	137	1023	801	374	4	
167	0	511	77	60	53	189	666	293	824	
182	0	0	122	99	23	1023	666	537	188	
197	0	0	145	75	23	419	695	263	1023	

45	0	394	0	0	0	125	1023	747	0	 ***
319	0	60	107	60	8	328	1023	278	151	
197	0	64	77	60	8	358	272	278	1020	
197	0	60	77	79	8	435	1023	263	192	
72	335	83	15	34	0	220	1023	299	253	
152	0	0	38	45	60	379	1021	639	0	
60	187	12	510	72	357	0	1023	113	0	
75	134	53	259	30	68	529	1023	0	163	
289	0	0	483	415	60	0	1022	65	0	
30	60	488	0	30	8	0	695	1023	0	
60	510	0	34	0	0	693	1022	0	15	
0	60	0	113	0	8	274	1023	582	274	
454	510	0	0	0	304	46	0	1020	0	
197	0	60	107	182	8	332	1023	278	147	
60	30	46	133	205	0	159	1023	518	160	
94	4	45	212	0	99	625	1022	76	157	
0	508	15	90	0	0	0	700	1021	0	
312	4	64	195	0	16	109	1022	334	278	
45	0	30	122	0	30	721	1022	334	30	
197	0	60	77	90	8	336	1022	278	266	
122	0	60	120	75	0	1023	934	0	0	
197	0	60	122	64	130	313	1023	278	147	
30	60	45	0	8	289	0	0	882	1020	
30	30	0	274	0	0	873	1022	30	75	
197	0	75	199	60	8	313	1023	267	192	
60	152	475	0	15	304	0	1023	0	305	
75	0	45	126	64	8	339	1022	289	366	
0	0	120	0	502	30	0	1022	660	0	

75	387	289	30	244	0	60	1023	811	0	 ***
308	510	0	510	0	252	0	967	60	312	
38	407	305	0	267	15	180	1022	685	0	
30	76	259	0	0	334	276	1022	922	0	
4	23	156	511	0	289	244	1016	676	0	
373	0	60	152	417	90	560	1023	0	244	
350	8	334	274	0	244	91	1022	346	250	
15	289	0	304	274	282	0	1023	265	467	
349	15	15	457	0	15	191	1023	578	276	
70	304	259	23	304	0	0	1022	15	922	
30	151	244	90	10	15	724	1022	0	633	
289	488	304	8	0	0	370	1020	319	121	
274	68	0	305	0	0	0	954	1021	297	
327	308	136	38	244	15	0	1023	828	0	
126	0	334	304	0	244	365	1022	334	190	
68	0	212	60	120	248	554	1023	634	0	
0	0	75	394	46	0	870	1022	512	0	
99	334	433	0	503	274	156	1022	0	98	
90	15	328	0	90	0	808	1023	565	0	
334	244	8	182	0	75	95	1022	942	17	
442	488	60	15	34	394	334	1022	130	0	
252	63	15	274	0	424	42	1022	0	827	
167	0	25	380	304	0	90	1023	652	278	
267	0	68	140	0	259	122	1023	976	64	
304	30	38	92	8	167	0	1023	892	365	
30	244	190	259	510	0	640	1016	30	0	
252	38	364	0	0	320	1022	908	15	0	
427	4	0	0	75	45	195	1022	831	320	
0	364	0	244	30	274	804	1022	0	181	
488	308	30	76	15	122	40	1022	750	68	
122	353	252	60	121	244	0	1022	94	651	
90	0	0	244	128	0	30	1022	994	411	

0	76	30	15	259	511	533	1019	446	323	 ***
274	69	15	259	244	511	320	925	473	122	
0	0	304	328	83	267	0	244	1021	965	
0	511	0	252	335	15	0	1014	661	424	
511	380	304	0	109	0	35	1013	0	860	
184	455	297	290	319	0	0	1023	644	0	
60	471	349	511	0	244	309	0	1020	248	
90	259	252	0	511	448	0	891	244	517	
75	271	297	38	274	0	278	1023	640	316	
23	129	511	259	0	0	1021	304	0	965	
511	76	259	15	327	320	30	1004	670	0	
0	338	412	84	500	511	293	984	90	0	
397	374	15	372	510	0	0	0	533	1011	
30	137	228	15	492	304	1023	15	968	0	
60	259	130	23	274	46	76	1023	304	1017	
304	0	60	76	99	16	777	1023	0	857	
511	327	289	30	244	252	492	885	122	60	
282	511	252	244	252	349	823	0	499	0	
120	387	274	45	321	0	0	1021	610	434	
244	319	0	0	65	0	974	343	1023	244	
511	304	244	0	61	244	854	941	45	8	

8	0	0	117	351	274	0	1023	966	64	 ***
244	488	68	312	0	511	61	969	60	90	
503	38	90	511	488	0	0	0	169	1004	
75	0	0	0	259	91	1023	0	350	1005	
312	0	60	90	60	0	91	1022	244	924	
0	244	0	511	0	30	1019	0	999	0	
0	76	30	15	274	511	304	896	378	319	
90	426	23	121	15	511	304	1009	0	304	
244	15	38	124	491	511	379	1001	0	0	
275	0	60	120	304	61	960	1023	0	0	
91	90	0	190	332	282	304	1023	491	0	
91	0	0	244	244	60	688	1023	119	334	
0	136	45	45	252	244	274	1023	450	334	
90	45	61	0	158	511	503	1001	0	434	
8	125	75	511	0	183	312	1023	566	0	
511	488	510	0	0	0	30	854	90	320	
105	98	244	388	0	20	852	1021	75	0	
128	289	319	69	0	334	0	1021	555	88	
244	188	15	155	0	335	843	0	0	1023	
252	76	0	511	23	319	516	985	0	121	
244	0	75	0	372	511	0	531	61	1009	
0	259	511	20	274	0	623	106	0	1010	
320	334	106	0	475	511	0	0	73	984	
0	136	60	34	259	252	274	1023	401	364	
135	60	499	488	0	503	0	1023	0	95	
0	12	30	23	165	511	30	944	938	150	
0	60	90	252	274	0	0	90	1023	1014	
0	395	23	0	244	470	182	1023	0	466	
30	511	0	0	0	38	244	27	937	1016	
0	60	0	45	259	289	244	358	525	1023	
316	152	0	34	23	61	488	1022	320	387	
0	76	30	15	511	260	500	876	370	165	

304	0	90	0	155	0	261	1023	531	180	 ***
60	72	244	196	75	0	557	1023	287	30	
499	424	0	511	0	91	15	0	1004	0	
0	0	120	274	0	511	0	578	985	76	
0	151	60	60	244	15	1023	71	90	830	
38	0	49	57	350	30	0	1023	463	534	
0	60	0	0	30	15	424	1012	0	1003	
53	99	121	0	274	0	881	1023	93	0	
72	0	0	126	382	45	0	1023	486	410	
90	30	60	108	45	463	115	610	0	1023	
30	0	15	350	289	372	367	98	1023	0	
0	0	92	42	350	60	419	1023	494	64	
0	137	244	30	510	135	910	0	334	244	
105	15	90	30	30	0	365	1022	84	803	
60	0	90	0	0	511	1021	519	252	91	
61	0	75	0	30	150	1023	702	259	244	
169	120	53	244	0	30	42	1023	802	61	
45	152	143	276	30	30	342	1023	503	0	
0	30	60	15	304	483	60	1016	121	455	
8	0	0	113	410	30	411	1023	485	64	
15	8	75	30	274	120	878	1023	60	61	
0	0	15	304	106	60	610	1023	61	365	
75	0	0	511	75	0	593	0	274	1016	
8	61	0	87	350	60	0	1023	485	470	
0	282	0	60	334	15	105	1023	616	109	
274	30	75	30	45	60	379	1023	628	0	
15	0	244	75	30	364	642	1023	61	90	
244	0	105	511	304	15	61	879	60	365	
439	0	511	0	379	0	971	0	244	0	
30	150	510	488	244	0	986	45	91	0	
342	60	75	15	0	0	166	1023	764	99	
244	15	304	32	0	155	77	1023	694	0	

248	30	169	0	121	126	509	1023	319	173	 ***
30	148	8	68	411	0	64	0	966	1023	
319	42	90	0	121	0	244	1023	646	233	
30	83	90	19	61	501	0	1023	851	60	
495	0	60	75	511	53	0	506	0	1018	
244	122	90	8	121	0	286	1021	601	225	
4	57	30	61	120	511	623	1008	0	304	
487	105	511	0	418	49	212	0	936	0	
338	20	90	152	125	16	244	1023	477	233	
184	511	60	106	30	0	0	843	248	736	
331	30	94	0	125	8	430	1023	417	260	
319	23	154	0	133	150	244	1023	447	225	
200	60	183	30	30	34	0	1022	139	1020	
304	8	109	0	140	68	293	1023	425	348	
68	320	419	240	394	49	0	205	1023	0	
60	0	54	511	193	504	0	997	305	94	
30	30	171	150	404	0	0	473	1023	437	
163	507	90	0	19	0	683	1023	233	0	
60	117	166	124	0	45	879	1023	0	304	
106	312	0	283	243	51	0	1023	474	226	
121	8	60	79	374	0	948	1023	0	105	
318	121	0	244	0	282	1023	372	358	0	
226	0	308	168	110	90	0	1022	719	75	
511	125	38	488	298	121	0	1005	0	132	
19	60	75	211	0	304	94	0	933	1022	

378	244	75	244	121	152	324	432	248	1023	 ***
484	0	274	191	90	497	0	1023	496	186	
0	235	110	331	354	0	0	668	520	1023	
400	252	135	0	181	122	1023	500	244	384	
129	297	507	400	203	511	321	0	873	0	
308	30	139	0	91	366	248	1023	488	548	
248	0	265	0	136	370	1023	538	244	417	
278	0	139	60	91	126	614	1023	488	422	
511	374	0	263	282	0	617	984	0	210	
143	0	376	0	10	488	1022	179	0	1023	
370	0	135	244	133	126	248	474	488	1023	
495	257	312	511	368	46	342	0	910	0	
0	0	376	378	171	0	320	1023	791	182	
0	488	511	0	0	204	627	1006	303	102	
248	0	139	244	121	130	248	1023	596	492	
60	216	449	90	0	319	64	1020	1023	0	
248	0	384	0	121	145	614	1023	244	462	
492	0	75	0	243	135	248	492	533	1023	
120	0	278	424	316	271	749	1022	0	61	
382	484	95	0	0	15	1023	276	274	692	
248	0	342	0	121	122	248	538	1023	599	
30	308	60	357	0	0	370	1022	212	882	
381	23	72	506	91	511	0	899	758	0	
120	511	0	19	0	122	899	144	406	1020	
308	0	505	0	121	126	620	1023	282	256	

