#10198.8	23470	29325	0	0	 97 ***
#10209.9	22610	29325	0	0	 93 
#9623.61	24483	29325	0	0	 91 
#9401.43	24570	29325	0	0	 78 
#9019.13	33001	29325	0	0	 56 
#10212	22242	29325	0	0	 29 
#10213.1	22052	29325	0	0	 20 
#9031.38	26601	29325	0	0	 14 
#9151.54	26467	29325	0	0	 10 

9010.7	19005	25246	38	2203	 100 ***
8412.69	20723	25246	70	2792	 97 
8209.47	20791	25246	80	2997	 90 
8095.82	18132	25246	87	3177	 83 
10073.4	16648	25246	10	398	 57 
8904.55	17271	25246	76	2433	 55 
9015.51	18372	25246	59	2154	 44 
8894.28	18300	25246	77	2485	 44 
10073.6	15332	25246	9	390	 35 
9471.25	18747	25246	33	2140	 32 
10074.2	16046	25246	8	375	 31 
9287.96	15706	25246	86	3176	 20 
8197.36	22195	25246	54	2554	 20 
10073	15724	25246	11	642	 18 
9017.86	17360	25246	72	2670	 15 
8472.47	18589	25246	41	2343	 7 
10076.6	15976	25246	8	375	 1 

9058.23	21373	26494	18	414	 97 ***
9071.58	17573	26494	35	777	 95 
9057.94	18715	26494	24	499	 93 
9074.2	16598	26494	37	1036	 89 
8245.93	19543	26494	38	1990	 84 
10163	16046	26494	79	2755	 76 
10131.7	16578	26494	36	1768	 75 
10151.9	15922	26494	80	2545	 67 
9555.83	16129	26494	79	2641	 63 
10136.8	17314	26494	35	1577	 33 
9060.71	18962	26494	13	358	 29 
10138.2	21008	26494	12	552	 28 
8951.4	19079	26494	82	2625	 5 

8378.85	16420	29672	52	2517	 99 ***
10292.9	13728	29672	66	2553	 98 
10268.6	14948	29672	43	2037	 97 
9208.44	15601	29672	56	2311	 94 
10264.2	16465	29672	24	502	 93 
9083.12	15037	29672	73	2784	 86 
9180.38	17961	29672	5	73	 86 
10271	14499	29672	51	2208	 85 
9667.6	14240	29672	55	2640	 84 
9451.71	15574	29672	49	2440	 84 
10264.9	15630	29672	43	1645	 82 
10254	15481	29672	44	2068	 81 
7462.68	14839	29672	74	2437	 79 
9190.06	17770	29672	9	243	 76 
10263.1	16620	29672	24	513	 75 
9202.2	15264	29672	72	2833	 73 
9462.71	14880	29672	50	2209	 72 
8570.37	15690	29672	49	2418	 65 
10266.5	15191	29672	44	1265	 65 
9453.83	14380	29672	65	2697	 63 
10275.6	15842	29672	41	897	 51 
9191.43	16914	29672	25	590	 50 
10259.8	17183	29672	13	521	 47 
10250.9	15386	29672	48	2017	 44 
9180.53	16492	29672	48	1908	 42 
10287.4	13879	29672	68	2655	 41 
9461.52	14910	29672	63	2534	 41 
10283.2	13742	29672	77	2800	 41 
9188	17673	29672	26	800	 28 
10263.8	14689	29672	45	2136	 27 
10261.8	14561	29672	53	2442	 23 
10259.2	15249	29672	44	1888	 20 
10257.8	15226	29672	46	2038	 18 
9189.09	15607	29672	48	2239	 14 
9475.88	13537	29672	78	2852	 8 
9664.52	15892	29672	46	1551	 4 
9202.75	15305	29672	68	2717	 2 
9461.37	15354	29672	64	2608	 2 
10256.1	16010	29672	28	1270	 1 

10114.5	10946	29293	35	1973	 83 ***
7621.65	10319	29293	71	2477	 81 
10119.2	11344	29293	33	1884	 78 
10119.7	10873	29293	15	709	 76 
8223.4	11837	29293	8	403	 72 
8229.78	13059	29293	6	541	 70 
8239.29	11296	29293	35	606	 64 
8233.63	10558	29293	38	906	 59 
8703.87	10093	29293	38	2065	 56 
10120.2	9875	29293	63	1838	 52 
8232.86	11436	29293	40	884	 40 
10112.9	11129	29293	37	1696	 38 
7990.91	12541	29293	65	2119	 31 
7991.96	16528	29293	51	2055	 30 
8706.19	11362	29293	32	1492	 19 
9042.76	11154	29293	36	1985	 5 
7045.19	11029	29293	67	2321	 1 

8409.97	12323	27923	29	1574	 93 ***
9408.43	11408	27923	11	735	 85 
10016	10025	27923	40	1572	 83 
9412.36	11751	27923	6	537	 81 
7886.55	12961	27923	57	2253	 80 
7759.19	15613	27923	63	2227	 76 
9421.35	11053	27923	28	905	 76 
8937.49	13497	27923	28	1339	 65 
10010.3	10719	27923	45	1994	 60 
9223.54	10623	27923	64	2272	 60 
8824.24	12266	27923	32	1090	 57 
8939.25	10729	27923	30	1547	 54 
8050.74	10865	27923	63	2211	 51 
9412.41	11736	27923	7	567	 42 
7877.3	13751	27923	41	1891	 30 
9411	11844	27923	6	552	 26 
9423.21	10434	27923	61	2240	 25 
8135.27	11254	27923	47	1992	 23 
8132.78	11671	27923	61	2315	 14 
8132.93	13649	27923	40	1653	 14 
9207.08	11314	27923	27	1173	 0 

7580.48	10711	23299	64	2171	 99 ***
8767.34	9578	23299	43	1628	 97 
9041.17	10819	23299	36	1723	 96 
7109.46	12343	23299	61	2400	 94 
7987.23	11187	23299	43	1789	 85 
8166.03	11167	23299	46	2011	 84 
9851.35	10064	23299	39	1372	 84 
7575.35	10698	23299	65	2301	 75 
9045.73	12251	23299	12	624	 71 
8060.21	9259	23299	61	2156	 69 
8440.09	10942	23299	45	2029	 66 
7844.91	9814	23299	65	2316	 65 
8771.07	11212	23299	40	1896	 63 
8244.62	11341	23299	34	1122	 61 
8236.78	12856	23299	16	639	 59 
8239.19	11422	23299	24	945	 58 
8767.44	11338	23299	39	1601	 54 
7647.41	11442	23299	34	1294	 52 
9244.6	10389	23299	36	1607	 41 
9247.6	10640	23299	34	1667	 40 
9050.19	10093	23299	38	1575	 38 
7969.09	9860	23299	58	1822	 38 
8767.39	9629	23299	41	1589	 34 
8236.99	12025	23299	13	654	 34 
8241.27	12564	23299	11	569	 32 
8181.63	9826	23299	58	2280	 30 
9062.41	9353	23299	57	1989	 29 
9843.66	9376	23299	44	1992	 28 
8779.56	11306	23299	37	1590	 28 
9052.36	10837	23299	27	1065	 20 
9265.6	8521	23299	66	2453	 13 
8240.06	12635	23299	11	567	 13 
9251.46	10147	23299	37	1254	 12 
9048.56	11625	23299	9	553	 11 
9040.71	11091	23299	39	1837	 2 

8060.46	11849	22329	43	1984	 99 ***
8758.67	13796	22329	24	775	 98 
8437.71	11190	22329	54	1991	 91 
7840.76	12977	22329	51	2028	 88 
9835.88	13662	22329	19	738	 85 
8644.52	13828	22329	21	742	 84 
8638.92	10980	22329	26	983	 76 
7565.41	14350	22329	17	463	 73 
8168.46	11483	22329	34	1136	 72 
7153.9	13494	22329	54	1779	 71 
6901.7	12915	22329	61	2386	 62 
9827.17	10384	22329	37	1768	 57 
8153.33	10603	22329	59	2097	 57 
9836.41	13380	22329	21	729	 56 
7573.51	13880	22329	14	360	 54 
7956.94	11817	22329	51	1983	 44 
9030.75	10483	22329	36	1442	 44 
8646.64	10865	22329	32	731	 44 
7580.14	12341	22329	56	1960	 42 
8640.09	11830	22329	25	955	 41 
9831.45	10380	22329	35	1326	 40 
7674.37	13315	22329	54	2105	 39 
9835.6	13723	22329	23	788	 37 
7946.67	12637	22329	46	1998	 36 
8634.14	11373	22329	51	1938	 36 
8640.45	13874	22329	21	765	 23 
8042.33	11631	22329	51	2034	 4 
7675.86	12217	22329	60	2142	 3 
9838.63	12708	22329	19	756	 3 

9499.81	13442	26894	64	2308	 97 ***
9515.87	12597	26894	29	1129	 93 
8949.38	17486	26894	15	416	 91 
8240.26	15293	26894	63	1633	 90 
10122.8	13979	26894	27	1110	 84 
10120.7	14164	26894	27	971	 80 
8326.65	16482	26894	30	944	 79 
8243.21	17234	26894	59	2190	 60 
8927.85	14360	26894	19	635	 51 
9043.02	13969	26894	42	1756	 47 
10147.3	17121	26894	17	633	 42 
8233.92	16325	26894	62	1945	 38 
8345.26	16015	26894	57	1767	 38 
10143.1	15195	26894	18	659	 34 
8952.6	16598	26894	18	479	 23 
10124.2	13832	26894	19	699	 22 
9042.87	13959	26894	66	2117	 8 

8717.66	12490	24404	65	2365	 92 ***
9912.24	11361	24404	40	2029	 90 
9314.67	11419	24404	61	2402	 88 
9107.42	12494	24404	42	1838	 82 
9102.34	13782	24404	42	2025	 81 
8720.99	12375	24404	65	2365	 81 
9908.07	11480	24404	35	1413	 75 
9102.53	12885	24404	43	1658	 74 
9096.67	12537	24404	45	1819	 72 
8839.12	11476	24404	48	2066	 62 
9299.42	12027	24404	10	451	 58 
7662.69	13332	24404	66	2557	 56 
8850.57	13291	24404	45	2024	 53 
9118.96	12367	24404	42	2077	 44 
8826.02	12712	24404	53	1858	 44 
9121.46	10913	24404	62	2125	 43 
9092.5	11850	24404	46	2200	 43 
8831.31	13457	24404	45	2048	 41 
8831.34	12580	24404	53	2319	 40 
8731.59	12868	24404	59	1665	 37 
9300.18	11930	24404	9	275	 35 
8835.23	12649	24404	50	2203	 28 
9909.6	11091	24404	43	1980	 27 
8728.25	12036	24404	66	2370	 27 
9298.99	11664	24404	13	727	 24 
7750.97	12928	24404	46	2118	 16 
8737.66	11915	24404	69	2696	 16 
9105.99	12333	24404	43	2000	 15 
7656.8	13299	24404	68	2688	 9 
9300.58	11764	24404	10	451	 8 

9870.48	13854	24831	6	487	 100 ***
9869.57	12579	24831	44	1476	 96 
9871.59	12318	24831	58	2094	 96 
9069.41	12593	24831	60	2026	 93 
9871.08	13510	24831	11	480	 93 
9869.93	13717	24831	7	469	 84 
8783.2	12174	24831	61	1861	 81 
9865.15	12023	24831	59	1741	 78 
9283.55	13090	24831	45	1551	 75 
9873.28	12425	24831	45	1588	 69 
9879.23	12968	24831	42	1337	 65 
9270.94	12425	24831	46	1844	 60 
8471.86	13449	24831	61	2228	 57 
9259.57	11618	24831	63	2197	 51 
9089.69	12734	24831	59	1658	 51 
8676.57	13530	24831	9	485	 51 
9280.45	12357	24831	47	1540	 50 
7742.44	15148	24831	64	2120	 47 
8084.76	14417	24831	57	1849	 47 
9269.95	12939	24831	48	1778	 46 
9875.7	13289	24831	12	521	 45 
9875.74	13519	24831	6	465	 41 
9068.92	12884	24831	49	1601	 40 
8673.11	13128	24831	14	363	 40 
8099.29	13862	24831	59	1865	 37 
9872.35	13708	24831	5	393	 35 
9056.98	12695	24831	60	1991	 27 
9862.88	12057	24831	61	1930	 24 
8195.41	13691	24831	60	2060	 21 
9874.48	12965	24831	43	1756	 18 
9878.47	12214	24831	44	1782	 17 
8805.1	12924	24831	55	1934	 13 
7889.92	14027	24831	62	2234	 12 
8683.47	12914	24831	57	1522	 10 

9877.58	12300	23425	63	2188	 98 ***
9842.75	12370	23425	44	1398	 94 
8785.27	12987	23425	62	1854	 94 
9842.19	14396	23425	20	365	 88 
8796	11687	23425	65	2275	 85 
7373.31	14092	23425	63	1949	 84 
9232.07	13947	23425	24	765	 84 
8774.32	13917	23425	45	1526	 80 
9844.87	14658	23425	5	194	 77 
8657.68	13494	23425	48	1556	 76 
8760.57	13424	23425	60	1949	 72 
9035.13	13327	23425	60	2060	 58 
9843.84	14553	23425	7	189	 56 
9025.38	13429	23425	47	1890	 55 
9842.32	14222	23425	11	186	 55 
9259.12	13620	23425	25	900	 53 
9863.05	14058	23425	21	804	 48 
9243.13	13191	23425	51	1822	 44 
7950.68	13863	23425	58	1535	 44 
8655.98	14630	23425	55	1694	 43 
9036.89	13303	23425	45	1706	 41 
9841.22	13315	23425	25	778	 35 
8760.01	14829	23425	46	1562	 33 
7576.05	14554	23425	59	1785	 22 
8656.04	15013	23425	48	1544	 22 
8169.57	15125	23425	44	1269	 20 
8767.03	14004	23425	45	1343	 6 
7965.68	12866	23425	63	1965	 5 
9241.43	14782	23425	10	113	 2 

9854.3	16317	23944	20	664	 93 ***
9876.26	16568	23944	14	631	 88 
8799.16	16620	23944	54	1964	 87 
9846.78	15381	23944	62	1506	 84 
9870.38	16865	23944	13	376	 84 
7869.48	17378	23944	63	1991	 83 
7958.41	17100	23944	70	2294	 78 
9850.97	16317	23944	27	1051	 76 
9847.56	16713	23944	35	1386	 74 
9841.47	15631	23944	63	1912	 74 
9842.83	16027	23944	62	1712	 64 
9848.48	16545	23944	25	947	 64 
9034.59	16399	23944	59	1766	 59 
7971.77	17352	23944	59	1214	 55 
8789.45	17364	23944	54	1955	 52 
9870.15	17202	23944	12	390	 52 
8789.89	17515	23944	50	1753	 50 
8680.17	17673	23944	54	1305	 47 
9855.23	15859	23944	21	642	 47 
9852.01	15855	23944	61	1790	 45 
9849.84	16217	23944	59	1574	 43 
9027.05	14931	23944	64	1798	 33 
8243.39	16579	23944	61	1882	 29 
8794.65	17462	23944	46	1100	 27 
9867	15668	23944	47	1134	 26 
8651.51	16095	23944	61	1824	 26 
9849.29	16771	23944	24	943	 25 
9861.69	16158	23944	18	512	 22 
9055.78	17154	23944	51	1207	 19 
9845.3	16611	23944	57	1480	 18 
9062.67	16948	23944	45	1202	 18 
9838.43	14771	23944	67	2041	 18 
9872.3	16729	23944	11	375	 16 
8787.18	17807	23944	50	1580	 14 
8672.08	18265	23944	56	1856	 14 
9848.42	17095	23944	27	979	 11 
9860.55	16003	23944	20	638	 7 
9842.59	15410	23944	63	1828	 1 
9850.92	16014	23944	60	1453	 1 
9852.55	15971	23944	27	989	 0 

8943.26	14993	25835	51	1468	 98 ***
8962.67	13265	25835	62	1830	 97 
8338.55	15538	25835	66	1880	 97 
8836.31	16286	25835	51	1583	 90 
10026.8	15321	25835	13	993	 90 
10019.1	16415	25835	29	790	 88 
10038.8	13356	25835	19	320	 87 
8420.05	13143	25835	63	1764	 85 
10025.9	14326	25835	50	1518	 85 
8338.74	14303	25835	64	1871	 85 
9237.58	15027	25835	31	798	 84 
10020.6	16597	25835	27	776	 80 
7789.94	16305	25835	61	1347	 74 
8952.62	15206	25835	50	1599	 69 
10021	16217	25835	27	778	 69 
10022.7	15901	25835	23	652	 63 
10030.2	11830	25835	65	1857	 60 
10029.8	14001	25835	46	1350	 58 
9423.64	14394	25835	48	1584	 58 
10037.4	14614	25835	10	124	 58 
9216.47	15669	25835	48	1401	 47 
8957.69	16499	25835	47	1266	 46 
10027.9	12954	25835	48	1526	 43 
10025.2	14538	25835	15	1065	 37 
10033.8	16943	25835	8	111	 32 
8830.8	16955	25835	58	1718	 28 
9223.42	15975	25835	47	1356	 28 
9217.78	12519	25835	68	1870	 27 
9224.38	15972	25835	34	1399	 26 
10043	16260	25835	6	416	 24 
10026.9	14277	25835	59	1326	 23 
8958.24	16909	25835	45	1551	 23 
10032	11646	25835	49	1527	 20 
9234.63	14434	25835	35	1109	 12 
8842.6	17087	25835	48	1203	 3 

9085.28	18438	27228	20	747	 94 ***
10145.6	16990	27228	39	1525	 87 
9079.05	17491	27228	28	637	 85 
9085.28	13819	27228	64	2154	 71 
8751.71	16449	27228	60	1448	 71 
8477.2	17070	27228	63	1842	 70 
9073.55	18055	27228	22	605	 67 
9066.27	17073	27228	29	884	 64 
9094.46	18338	27228	21	782	 63 
10146.9	17128	27228	20	855	 58 
9569.01	13501	27228	61	1779	 54 
8963.97	15967	27228	41	1257	 54 
9337.55	15263	27228	49	1528	 47 
9350.37	16611	27228	40	903	 44 
9076.13	17781	27228	25	824	 37 
8479.93	14331	27228	62	1614	 34 
10156.5	17862	27228	11	707	 27 
9068.39	13785	27228	65	2095	 10 
9083.64	18894	27228	20	326	 9 
9550	11936	27228	67	2206	 8 
8962.67	17726	27228	59	2037	 5 

9370.34	16444	26361	65	2389	 97 ***
9111.14	14108	26361	77	2785	 94 
10173.4	17788	26361	58	1870	 89 
9091.38	18710	26361	18	599	 89 
9092.53	19008	26361	16	525	 83 
10178.5	15600	26361	62	2262	 79 
9359.66	18211	26361	59	1998	 77 
10192.8	17167	26361	57	2428	 74 
9352.15	17075	26361	64	2509	 72 
8988.53	18082	26361	64	2201	 71 
9096.63	18592	26361	18	600	 70 
9105.37	14867	26361	69	2416	 62 
9386.61	18180	26361	60	2197	 58 
9092.58	18989	26361	17	538	 58 
10175.7	17506	26361	56	2235	 53 
9581.02	16214	26361	60	2231	 53 
9091.37	19180	26361	16	508	 53 
10177	17381	26361	57	2217	 51 
10176.1	13446	26361	68	2566	 51 
9086.42	19329	26361	18	299	 46 
9097.1	17911	26361	62	2064	 44 
9092.38	18692	26361	18	568	 44 
10191.7	18934	26361	11	907	 43 
10174.4	17934	26361	34	1344	 41 
9365.1	13459	26361	69	2693	 40 
8986.85	18172	26361	65	2589	 39 
10169	18066	26361	56	2276	 35 
9090.28	18932	26361	22	599	 35 
9546.37	13922	26361	67	2276	 34 
9085.48	19444	26361	20	336	 34 
8489.32	15068	26361	66	2312	 33 
9101.61	18738	26361	14	320	 33 
9373.82	17111	26361	63	2570	 29 
9094.25	18972	26361	15	504	 29 
9100.69	19036	26361	8	355	 24 
9379.73	15029	26361	65	2646	 23 
9107.12	19007	26361	6	355	 20 
9568.5	16624	26361	63	2387	 17 
8993.96	17946	26361	65	2515	 14 
9097.74	18223	26361	28	1204	 14 
9092.17	19129	26361	14	317	 8 
10195.8	16996	26361	59	2272	 6 
9593.74	18059	26361	59	2366	 2 

9297.12	12969	28254	20	562	 99 ***
9291.33	11930	28254	45	1793	 93 
9292.36	16605	28254	18	528	 92 
9295.28	16854	28254	17	509	 89 
8197.67	13364	28254	41	1457	 80 
9016.16	14513	28254	37	1313	 74 
10114.7	11603	28254	71	2436	 74 
7969.8	13767	28254	68	2386	 71 
9022.57	13599	28254	37	1183	 63 
9023.95	12445	28254	46	1858	 60 
9488.57	11911	28254	41	1385	 58 
7835.04	13577	28254	70	2397	 57 
9294.65	12795	28254	39	1291	 57 
9282.59	15188	28254	36	1318	 53 
8679.27	12671	28254	41	1458	 53 
9288.96	12215	28254	50	1858	 53 
8409.52	14694	28254	39	1396	 53 
9297.31	17178	28254	12	472	 48 
9295.46	16137	28254	22	544	 47 
8685.08	13579	28254	40	1435	 46 
8197.7	12454	28254	63	1893	 42 
7406.1	14434	28254	62	2008	 42 
8421.48	11787	28254	72	2413	 40 
9290.25	16035	28254	24	604	 38 
8211.64	13099	28254	42	1667	 37 
9298.89	12301	28254	44	1842	 36 
9304.19	15896	28254	9	450	 36 
8096.3	13082	28254	49	1797	 32 
9504.63	11863	28254	47	1640	 29 
10105.6	15485	28254	18	546	 24 
8238.67	12201	28254	70	2100	 16 
8886.64	13447	28254	39	1233	 13 
8892.23	11976	28254	68	2177	 13 
7964.68	14863	28254	60	2145	 11 
9007.92	13278	28254	38	1429	 8 
8672.83	12102	28254	64	2334	 6 
9302.52	16441	28254	14	510	 6 
8430.88	11812	28254	70	2187	 5 
8103.43	12515	28254	45	1839	 3 
8903.69	12509	28254	44	1735	 1 
10110.8	16624	28254	7	390	 0 

9267.79	13758	27773	26	919	 100 ***
8168.44	14413	27773	73	2067	 94 
9002.03	13208	27773	31	1471	 94 
9270.87	14419	27773	22	942	 91 
9277.38	14177	27773	22	890	 90 
8210.93	13906	27773	45	1918	 87 
8442.23	13789	27773	68	2295	 68 
9470.52	11308	27773	71	2219	 65 
8204.52	13953	27773	33	1093	 60 
8093.17	14462	27773	69	2051	 57 
8199.03	11996	27773	77	2339	 56 
9282.8	14349	27773	13	568	 56 
8867.08	12702	27773	75	2209	 53 
8667.23	13692	27773	35	1531	 53 
9270.04	14501	27773	21	912	 49 
10078.6	13146	27773	30	1230	 48 
8207.31	12532	27773	76	2446	 47 
8890.68	12237	27773	72	1889	 46 
10077.6	13863	27773	23	1099	 45 
8871.74	12667	27773	59	2258	 44 
9277.87	14943	27773	15	790	 36 
8192.38	13328	27773	70	2427	 32 
8892.86	11911	27773	32	1532	 32 
8090.43	14698	27773	62	2236	 32 
9272.35	14306	27773	23	920	 32 
7946.47	14490	27773	73	1910	 31 
9280.79	14465	27773	18	608	 26 
7809.07	13282	27773	75	2187	 24 
8051.97	14156	27773	74	2389	 22 
9278.13	13909	27773	20	644	 20 
8456.69	12884	27773	41	1793	 10 
8475.37	13312	27773	40	1997	 9 
8671.26	13496	27773	36	1442	 2 
10082.7	13083	27773	12	551	 1 

8150.09	12345	24667	41	991	 95 ***
8427.29	10148	24667	41	1734	 93 
9217.51	11568	24667	9	339	 93 
9208.69	10802	24667	21	577	 92 
9214.18	10747	24667	17	863	 87 
9214.49	10303	24667	40	1638	 85 
9209.69	10678	24667	36	1264	 72 
9210.96	11405	24667	14	675	 70 
9210.38	10631	24667	33	1162	 66 
8159.38	10501	24667	42	1816	 65 
9219.54	10889	24667	16	826	 64 
10021.8	10971	24667	15	555	 57 
7556.73	10643	24667	60	1923	 49 
8429.68	9576	24667	41	1573	 41 
7787.88	9722	24667	51	1450	 40 
10017.4	11544	24667	11	347	 38 
10006.9	9184	24667	58	1603	 37 
8848.13	9447	24667	66	2118	 33 
8812.32	11813	24667	35	1280	 31 
8948.7	10676	24667	39	1363	 30 
9218.83	10696	24667	18	789	 30 
8414.22	10746	24667	41	1753	 27 
8609.69	10922	24667	36	1283	 19 
10020.8	11318	24667	15	694	 17 
9417.78	9224	24667	60	1751	 11 
10016.7	8835	24667	59	1717	 9 
10006.8	10549	24667	37	1235	 2 
10012.4	9024	24667	51	1637	 2 
9238.42	9406	24667	38	1435	 2 

7949.94	7166	20742	46	1391	 99 ***
5689.43	6934	20742	64	2084	 95 
9838.86	9008	20742	41	1050	 94 
3757.35	6470	20422	54	1794	 87 
8749.23	9295	20742	26	577	 87 
6748.76	6893	20742	50	1910	 84 
7601.41	6300	20742	48	1688	 83 
8761.66	9535	20742	23	723	 82 
5730.76	7003	20742	57	1879	 78 
6517.07	6218	20742	57	1665	 74 
6509.6	6146	20742	64	2038	 74 
7937.96	9999	20742	29	541	 74 
5434.34	7404	20742	59	1997	 72 
7351.18	6157	20742	51	1947	 72 
8760.16	9760	20742	23	723	 69 
6517.8	6793	20742	53	1846	 68 
7961.95	9334	20742	25	859	 65 
6966.57	6182	20742	56	1650	 61 
8396.94	5967	20742	55	1862	 60 
7227.75	6869	20742	49	1855	 60 
6624.96	6608	20742	55	2041	 56 
6862.04	7792	20742	47	1576	 51 
7330.13	6517	20742	53	1573	 51 
6527.83	6144	20742	63	2008	 51 
6039.04	7275	20742	51	1741	 50 
6755.97	6562	20742	50	1711	 45 
7940.68	9092	20742	33	690	 42 
7670.19	9194	20742	31	508	 41 
7938.21	9804	20742	28	539	 35 
7335.93	5973	20742	52	1996	 33 
6352.29	6886	20742	52	1981	 30 
6955.79	7786	20742	48	1481	 30 
6940.05	7306	20742	49	1910	 29 
7949.94	9473	20742	24	838	 29 
8216.58	8344	20742	42	1706	 26 
7964.56	10820	20742	17	543	 18 
5920.96	6685	20742	54	1781	 17 
7535.34	10455	20742	41	1515	 13 
6743.77	6769	20742	53	2015	 12 
6952.62	6372	20742	54	1794	 12 
7035.83	6994	20742	49	1902	 12 
6077.71	6552	20742	57	1848	 11 
8772.9	10347	20742	19	573	 11 

8171.41	9519	22469	21	1142	 99 ***
7780.17	9467	22469	26	1181	 99 
6614.18	9246	22469	56	1755	 96 
8985.13	8385	22469	57	1785	 89 
7787.18	10232	22469	24	1189	 89 
7459.47	9430	22469	29	1267	 87 
8064.32	10795	22469	22	1058	 87 
7247.14	10582	22469	36	1477	 87 
7551.35	9263	22469	54	1744	 86 
7449.81	9743	22469	52	1735	 84 
8864.85	9861	22469	20	1101	 83 
10054.7	8959	22469	27	1119	 82 
8988.44	8235	22469	29	1204	 79 
8985.15	10699	22469	7	423	 76 
8173.57	12434	22469	17	635	 67 
8648.69	9347	22469	25	952	 66 
10060.1	8766	22469	22	1016	 61 
7551.4	8685	22469	59	1783	 58 
7083.04	9959	22469	51	1746	 55 
7208.73	12379	22469	39	1346	 55 
7310.13	8713	22469	58	1860	 54 
8167.07	10325	22469	22	943	 54 
8838.93	10540	22469	20	1020	 50 
8983.32	10606	22469	8	431	 41 
10060.2	8890	22469	18	1037	 36 
8651.1	11242	22469	13	330	 32 
8984.13	10284	22469	19	1052	 28 
8455.03	8684	22469	55	1694	 28 
9251.38	9598	22469	20	1090	 28 
8982.87	9047	22469	28	1135	 20 
8268.04	10930	22469	20	838	 18 
7311.6	10049	22469	45	1563	 18 
8057.54	10824	22469	23	1294	 12 
7554.14	8609	22469	60	1905	 12 
7248.33	11959	22469	25	1214	 11 
8640.53	8208	22469	59	1901	 7 
10064.7	10733	22469	6	179	 6 
7252.91	10450	22469	48	1749	 5 
9250.53	9448	22469	23	940	 5 
8383.26	9348	22469	30	1029	 5 
8986.56	10118	22469	9	217	 5 
7365.55	10572	22469	36	1221	 2 
8061.37	8720	22469	34	862	 2 
8040.58	9061	22469	48	1751	 1 
7347.21	11363	22469	28	1093	 1 
8989.8	11099	22469	6	415	 1 

8168.92	9583	22941	60	2521	 97 ***
9535.63	9572	22941	59	2065	 90 
7721.88	10812	22941	20	1461	 87 
9073.75	11663	22941	5	185	 83 
7073.19	10350	22941	57	2275	 80 
9076.82	10191	22941	5	277	 80 
10164.1	9909	22941	7	536	 79 
9547.47	10088	22941	17	1426	 78 
10154.1	9411	22941	60	2278	 76 
8977.75	10077	22941	33	1963	 74 
9543.6	9578	22941	33	1491	 74 
8356.92	10296	22941	22	1714	 73 
8767.12	10118	22941	40	2104	 69 
9326.77	9757	22941	28	1567	 66 
8953.28	10003	22941	52	2361	 65 
8264.33	10740	22941	9	269	 65 
7915.72	10192	22941	59	2320	 63 
7940.14	10015	22941	56	1999	 63 
8250.38	10144	22941	52	1734	 63 
10149.7	10113	22941	7	523	 61 
9071.1	10329	22941	6	292	 59 
8468.69	9694	22941	59	2277	 49 
9548.23	9832	22941	21	1470	 45 
9077.1	9879	22941	20	1765	 41 
8940.01	10223	22941	21	1522	 37 
6855.82	8157	22941	61	2339	 23 
9061.88	9798	22941	53	2149	 19 
10137.2	9555	22941	21	1498	 19 
8956.88	10681	22941	19	1406	 18 
10147.8	9731	22941	20	1496	 10 
8278.51	9833	22941	58	2061	 4 
7125.1	10250	22941	25	1852	 2 

10073	9603	21496	28	1908	 80 ***
8679.53	8652	21496	63	2541	 79 
7205.28	8860	21496	59	2132	 78 
10086.4	9617	21496	25	1600	 76 
6406.13	9442	21496	38	2200	 73 
8204.28	8210	21496	64	2536	 73 
8905.91	10379	21496	7	375	 70 
8905.7	10225	21496	9	398	 65 
7273.85	9807	21496	28	1232	 61 
7231.1	9434	21496	58	2134	 59 
8212.68	10125	21496	10	402	 51 
8088.17	9413	21496	30	1695	 34 
7869.98	8693	21496	37	2044	 34 
7216.54	8675	21496	61	1995	 33 
7876.48	9135	21496	34	1312	 30 
6711.26	10298	21496	31	1710	 28 
7937.29	9713	21496	24	1496	 25 
7595.46	9037	21496	46	2240	 24 
7018.61	9940	21496	11	188	 19 
9482.79	9131	21496	36	1774	 15 
8692.39	7548	21496	61	2450	 3 
6985	9195	21496	61	2184	 1 

5810.27	9514	21882	58	1966	 100 ***
8787.66	10081	21882	24	826	 93 
6440.29	10003	21882	56	1659	 93 
7976.97	7268	21882	34	1166	 90 
7141.38	10442	21882	31	1476	 88 
7771.52	8675	21882	27	1212	 81 
8112.36	8202	21882	29	1467	 79 
6708.62	10674	21882	30	1497	 76 
8905.12	7641	21882	30	1100	 70 
9186.88	10770	21882	8	157	 70 
7510.3	8538	21882	36	1553	 68 
9187.47	11235	21882	6	147	 58 
5709.86	8506	21882	60	2203	 57 
6898.22	8165	21882	56	1861	 52 
6634.79	10286	21882	55	2116	 51 
6105.18	8846	21882	57	1925	 48 
9187.76	11174	21882	7	147	 46 
6923.53	10655	21882	46	1621	 45 
6578.34	8502	21882	60	2203	 44 
6906.91	8838	21882	54	1843	 44 
8118.84	10770	21882	26	1047	 44 
7967.83	8266	21882	52	1991	 36 
7799.14	7652	21882	58	1951	 30 
7780.49	8429	21882	33	1524	 30 
9996.83	10793	21882	7	236	 30 
9191.87	10954	21882	7	140	 29 
8333.39	10388	21882	25	1143	 26 
7044.26	7918	21882	56	1993	 23 
8925.59	11735	21882	21	703	 20 
7598.26	9149	21882	29	1437	 20 
7320.34	10201	21882	44	1264	 5 
9186.18	11413	21882	7	162	 0 

9051.32	12179	24549	19	376	 98 ***
8931.51	12093	24549	20	829	 97 
9348.47	11357	24549	46	1825	 94 
8457.33	11366	24549	52	1749	 94 
6539.5	12044	24549	59	1988	 75 
7041.93	12555	24549	13	498	 66 
8133.63	11504	24549	30	1536	 52 
8244.69	10990	24549	53	1906	 45 
7849.21	12396	24549	19	432	 45 
7886.89	11965	24549	58	1784	 41 
7894.87	11716	24549	59	2265	 39 
8965.76	9823	24549	61	1864	 37 
9333.49	11493	24549	27	1306	 36 
9348.52	10568	24549	56	2045	 35 
8729.83	12357	24549	24	1043	 30 
7895.81	11706	24549	62	2322	 26 
9529.55	12104	24549	18	764	 26 
7913.12	12388	24549	31	1490	 17 
8263.37	12311	24549	25	924	 16 
8278.33	10625	24549	53	2068	 16 
7375.88	12958	24549	11	358	 15 
9048.63	11666	24549	21	414	 8 
7943.95	12352	24549	57	2293	 1 

7786.7	10499	25922	57	2051	 92 ***
8379.05	10892	25922	30	1535	 91 
8565.94	10889	25922	8	388	 91 
7976.28	11436	25922	32	871	 90 
8361.85	9555	25922	54	2107	 83 
9643.72	9893	25922	42	1827	 83 
9168.5	11103	25922	7	84	 82 
8280.4	9968	25922	62	2081	 69 
8576.96	10625	25922	30	826	 64 
10281.2	10542	25922	29	1500	 63 
9187.49	10594	25922	30	1066	 63 
8567.48	11463	25922	7	328	 62 
9171.4	9488	25922	55	1974	 55 
10254.5	9971	25922	32	1610	 53 
10262.9	9238	25922	54	1881	 52 
9651.17	10840	25922	29	744	 49 
9170.27	11047	25922	6	84	 46 
9460.22	9681	25922	51	2209	 39 
8030.31	10192	25922	34	1645	 39 
10259.1	9887	25922	43	1582	 37 
9651.67	10632	25922	9	107	 34 
8864.05	9006	25922	57	2254	 33 
7788.58	10366	25922	56	2250	 27 
9056.27	9513	25922	55	1664	 20 
9046.19	10081	25922	35	1608	 11 
8578.09	9962	25922	42	1611	 10 
9650.86	10076	25922	37	1553	 9 

