#9409.66	24739	29325	0	0	 68 ***
#8442.01	31206	29325	0	0	 59 
#8798.51	26658	29325	0	0	 49 
#9408.68	26170	29325	0	0	 7 
#9630.97	21974	29325	0	0	 0 

9475.01	17472	25246	75	2224	 99 ***
10091.2	17508	25246	70	2812	 98 
9273.43	20449	25246	40	815	 95 
9276.94	20125	25246	42	838	 86 
8684.68	18551	25246	85	3025	 84 
9286.81	23727	25246	31	571	 81 
9277.79	23047	25246	38	697	 79 
9022.68	23070	25246	48	2115	 78 
8910.78	17537	25246	55	2142	 76 
9476.13	16310	25246	79	3059	 70 
10088.7	18670	25246	50	1705	 68 
8441.23	19251	25246	82	2906	 63 
9496.67	18538	25246	51	1966	 62 
10097.4	20121	25246	23	382	 62 
9288.78	20376	25246	23	380	 56 
8208.06	22086	25246	66	2808	 51 
10080	15846	25246	78	2884	 47 
10093.3	15081	25246	47	2408	 46 
10098.3	19425	25246	46	2384	 37 
8203.66	21147	25246	86	3162	 36 
10084.2	18353	25246	54	2304	 34 
8309.09	19902	25246	55	2549	 34 
9000.2	16414	25246	82	3048	 32 
10082.1	17319	25246	77	2579	 32 
10097.6	20189	25246	21	366	 27 
9287.56	19613	25246	25	617	 25 
8908.96	18844	25246	81	2717	 23 
9272.91	20931	25246	42	827	 20 
9278.3	23148	25246	36	678	 17 
10092	17354	25246	56	2741	 16 
9493.43	19247	25246	52	2483	 14 
10093.3	22943	25246	21	340	 14 
9288.96	20268	25246	24	379	 1 

8149.67	21628	26494	83	2629	 94 ***
8926.07	16195	26494	5	78	 21 
8155	22663	26494	80	2424	 20 
9525.82	15832	26494	5	262	 17 
8542.68	20912	26494	58	2402	 4 

10273.4	14662	29672	49	2211	 96 ***
10279.4	14939	29672	43	2083	 96 
8276.79	17641	29672	8	575	 90 
8850.92	15843	29672	72	2678	 83 
9192.77	15838	29672	74	2646	 78 
9205.75	15052	29672	48	2148	 76 
8286.18	15956	29672	33	793	 75 
9460.56	15023	29672	45	2248	 74 
10284.9	14497	29672	46	2365	 69 
10271.8	14669	29672	74	2709	 69 
10277.4	14202	29672	75	2906	 56 
9087.52	17402	29672	11	523	 54 
10274.1	14512	29672	47	2233	 53 
10272.2	14230	29672	77	2608	 50 
9085.69	16347	29672	20	755	 49 
8274.3	19786	29672	32	522	 45 
10273.8	15082	29672	44	2095	 43 
10262.3	14852	29672	73	2701	 43 
10288.4	13923	29672	49	2404	 41 
10273.2	14633	29672	71	2770	 24 
9472.8	15779	29672	42	1002	 22 
8487.07	14357	29672	75	2715	 19 
8000.06	18850	29672	76	2914	 19 
10252.3	14241	29672	76	2877	 15 
8278.5	15882	29672	49	2275	 12 
9196.98	15536	29672	74	2537	 10 
10280.2	17499	29672	10	401	 9 
9458.47	15695	29672	46	1989	 7 
9208.28	15002	29672	49	2274	 7 
10279.5	16976	29672	17	499	 4 
10274.5	14699	29672	45	1981	 3 
8283.39	16058	29672	34	808	 3 

8921.76	11270	29293	6	187	 100 ***
9317.04	9771	29293	66	2436	 91 
8438.11	11195	29293	32	1479	 87 
8698.03	10791	29293	71	2713	 85 
9526.7	10918	29293	3	20	 84 
9304.66	10849	29293	36	2028	 83 
10129.8	10272	29293	38	2147	 82 
9522.46	11045	29293	4	50	 82 
9529.27	10369	29293	46	2127	 76 
9525.54	11001	29293	30	1655	 74 
8930.9	10890	29293	70	2428	 66 
7069.81	15367	29293	68	2508	 60 
9523.89	11117	29293	2	5	 57 
8694.45	11052	29293	65	2424	 50 
8515.87	11065	29293	31	1801	 46 
8259.14	11569	29293	34	1845	 46 
7859.73	13385	29293	65	2255	 44 
9063.85	10691	29293	70	2709	 40 
8431.75	11018	29293	69	2454	 36 
9035.18	10651	29293	71	2691	 34 
8436.07	11557	29293	66	2400	 33 
8253.61	13119	29293	37	1874	 22 
9522.19	11098	29293	3	20	 21 
9525.37	10554	29293	36	1971	 20 
9526.03	9619	29293	70	2484	 18 
8139.68	11651	29293	66	2378	 14 
7984.32	12562	29293	69	2480	 11 
8115.88	11789	29293	65	2263	 10 
7865.8	11213	29293	70	2642	 8 
9326.92	10656	29293	37	2001	 8 
9293.35	10930	29293	68	2394	 7 
8127.41	14604	29293	55	2421	 7 

9222.2	11427	27923	43	2044	 92 ***
7739.07	12254	27923	35	1571	 88 
7767.78	12073	27923	64	2349	 77 
8426.61	10670	27923	65	2420	 70 
8333.93	11437	27923	6	205	 64 
9420.12	10192	27923	32	1531	 61 
9221.87	10996	27923	58	1833	 61 
10025.5	10281	27923	6	236	 52 
8030.04	11950	27923	32	1616	 51 
8028.55	12190	27923	61	2086	 51 
7741.72	15760	27923	34	916	 50 
7427.36	13799	27923	61	2352	 40 
8328.8	13954	27923	31	756	 32 
8224.76	10811	27923	62	2131	 9 
8824.51	10367	27923	59	1864	 2 

9050.39	9873	23299	37	1683	 100 ***
9037.97	11013	23299	31	913	 97 
9041.02	11512	23299	22	580	 91 
8800.78	9570	23299	42	1734	 89 
9049.72	11674	23299	20	725	 89 
9254.49	8317	23299	67	2483	 79 
7642.53	10307	23299	43	2018	 79 
9038.09	10058	23299	30	1038	 68 
7560.39	9322	23299	49	2117	 67 
8452.79	8854	23299	66	2438	 66 
9038.3	11122	23299	29	894	 66 
9044.8	12015	23299	16	491	 61 
9040.56	12150	23299	23	584	 55 
8175.92	11147	23299	32	1294	 53 
9037.9	11420	23299	25	863	 53 
8659.03	10925	23299	41	1707	 36 
8161.59	9263	23299	63	2088	 33 
9865.42	9676	23299	38	1835	 32 
9855.13	9908	23299	31	1035	 22 
8778.42	9794	23299	43	1827	 20 
9054.41	9954	23299	11	852	 19 
9251.95	9217	23299	63	2294	 14 
9860.36	9123	23299	51	2008	 13 
6998.1	11589	23299	42	1988	 0 

9838.66	10845	22329	5	491	 91 ***
8658.3	12158	22329	35	1298	 88 
8643.74	12333	22329	31	1140	 85 
9014.82	10676	22329	56	1823	 85 
8775.37	11570	22329	27	1673	 82 
9020.61	11139	22329	27	1018	 82 
9016.8	10172	22329	28	1032	 74 
8646.48	10579	22329	60	2219	 70 
9027.89	13226	22329	16	535	 56 
7023.67	12381	22329	34	1563	 47 
9028.66	10098	22329	6	521	 47 
6830.21	12677	22329	50	1819	 46 
9030.86	10063	22329	8	540	 44 
8160.74	11159	22329	37	1825	 27 
7956.06	11977	22329	60	2326	 26 
8143.58	10926	22329	58	2266	 26 
8767.92	11077	22329	29	1524	 26 
7566.92	12094	22329	43	1492	 22 
7957.64	13240	22329	31	1609	 21 
9020.88	10852	22329	26	983	 13 
8643.17	13052	22329	33	1563	 9 
8762.26	12293	22329	29	1727	 5 
8774.25	10900	22329	42	1712	 5 

9036.77	13219	26894	66	2361	 89 ***
8929.16	14490	26894	32	1357	 85 
8328.95	17561	26894	58	2261	 77 
10103.6	13135	26894	60	1798	 75 
8441.07	16996	26894	63	1736	 72 
9302.89	14463	26894	23	592	 57 
8934.35	14341	26894	57	1713	 56 
9313.24	13302	26894	7	359	 51 
9051.21	14142	26894	37	1525	 43 
8732	14594	26894	67	2136	 41 
8517.53	15262	26894	64	2046	 35 
9309.68	13557	26894	61	2167	 35 
8936.95	14356	26894	37	1538	 30 
8519.76	16537	26894	59	1841	 29 
8259.52	17696	26894	69	2395	 12 
8702.23	14880	26894	59	2188	 10 
9316.54	13137	26894	7	372	 5 
8920.34	14702	26894	49	2010	 4 
8517.56	15464	26894	63	2052	 2 
10124.6	13799	26894	6	511	 2 
9062.78	13966	26894	65	2274	 1 
10126.4	12639	26894	32	1364	 1 

8824.6	12604	24404	25	786	 97 ***
8825.27	12581	24404	27	952	 95 
8711.88	11717	24404	41	1159	 87 
8827.66	12141	24404	26	931	 87 
8021.1	12200	24404	62	2127	 81 
9923.96	11188	24404	50	2125	 76 
8824.89	12603	24404	25	802	 59 
7659.39	13904	24404	70	2704	 51 
8830.28	11607	24404	10	335	 48 
8296.38	13537	24404	44	1967	 39 
8827.08	12456	24404	25	802	 37 
8835	11525	24404	7	321	 31 
8834.25	11756	24404	8	336	 24 
8834.56	11719	24404	7	361	 21 
8051.07	12525	24404	59	2016	 16 
7917.22	14074	24404	62	2441	 15 
9918.19	11050	24404	65	2278	 8 
9102	11109	24404	57	2146	 2 

8788.34	12575	24831	21	565	 98 ***
8072.3	13618	24831	54	1695	 75 
8464.45	12633	24831	57	1945	 74 
9864.75	12133	24831	47	1681	 72 
8686.22	13958	24831	52	1632	 71 
8463.8	14014	24831	43	1473	 71 
8781.77	12578	24831	10	671	 56 
7607.09	12485	24831	65	2196	 53 
8190.21	13994	24831	50	1486	 43 
8782.09	13049	24831	7	629	 43 
8005.37	13380	24831	62	1739	 35 
8779.26	13038	24831	8	644	 23 
8696.62	13343	24831	54	1693	 17 
9061.23	12563	24831	63	2070	 10 
9067.21	12454	24831	41	1441	 7 
7589.99	13492	24831	56	1766	 3 
8785.82	12959	24831	8	659	 1 

8766.86	13198	23425	59	1853	 100 ***
8780.95	13138	23425	40	1676	 100 
8154.67	14503	23425	29	622	 97 
8177.76	13828	23425	29	857	 96 
9836.65	11988	23425	58	1978	 85 
8180.97	13497	23425	28	827	 85 
8176.68	13997	23425	28	836	 76 
8148.43	13885	23425	31	847	 65 
9841.98	12894	23425	40	1508	 62 
8165.07	13269	23425	66	2250	 62 
9849.08	12106	23425	52	1930	 61 
8046.81	14479	23425	61	1900	 59 
8161.82	14133	23425	13	585	 48 
9240.29	13003	23425	61	1641	 47 
7705.39	14157	23425	63	1658	 44 
8773.8	13987	23425	25	823	 41 
9829.53	12624	23425	60	1880	 38 
9034.8	13215	23425	39	1636	 38 
9837.39	13952	23425	25	707	 38 
7976.23	14926	23425	61	1657	 35 
8439.65	12911	23425	64	2043	 34 
8155.9	14220	23425	17	561	 31 
8756.99	14241	23425	9	649	 28 
8748.67	13468	23425	26	820	 27 
8773.6	12803	23425	62	2153	 13 
8767.81	13248	23425	40	1572	 12 
9843.2	12833	23425	38	1275	 12 
9262.71	12590	23425	64	1777	 7 
8180.69	13821	23425	29	851	 4 
8765.35	14090	23425	20	1069	 1 

7950.93	16838	23944	65	2209	 100 ***
8767.17	16216	23944	22	527	 99 
8768.1	15951	23944	23	727	 97 
8756.09	15842	23944	68	2321	 95 
8436.53	16776	23944	72	2322	 89 
9847.29	14299	23944	13	865	 87 
8784.05	15735	23944	31	909	 81 
8645.59	15956	23944	37	691	 73 
9848	14887	23944	12	850	 70 
9839.71	15143	23944	41	1382	 67 
8076.88	17460	23944	63	1877	 56 
9036.34	15175	23944	40	1397	 33 
8767.17	16167	23944	23	739	 29 
8771.09	15950	23944	24	521	 25 
8770.16	16319	23944	16	583	 15 
8759.33	16085	23944	26	862	 14 
9847.78	13939	23944	13	909	 9 
8763.38	15898	23944	25	910	 6 

10009.5	13646	25835	46	1265	 78 ***
10020.5	14132	25835	43	981	 67 
8946.48	17127	25835	17	670	 65 
8951.5	16001	25835	27	1006	 60 
10008.6	15362	25835	41	855	 54 
10014.3	15388	25835	14	825	 54 
8973.67	15702	25835	31	1075	 52 
10023.8	13291	25835	18	853	 51 
8023.68	12371	25835	61	1552	 46 
8933.59	11968	25835	47	1316	 43 
10006.9	14818	25835	43	1193	 42 
8935.93	16525	25835	46	1235	 35 
9218.93	15608	25835	39	1542	 32 
8943.48	16359	25835	46	1267	 28 
10016.8	14963	25835	40	882	 26 
8943.66	16214	25835	43	1028	 25 
10008.5	14715	25835	44	967	 22 
8144.33	16560	25835	21	709	 11 
10016	11897	25835	60	1744	 1 

10149.6	16103	27228	41	978	 72 ***
10143	17143	27228	24	846	 72 
10142.4	16145	27228	41	1161	 71 
9078.04	18495	27228	57	2010	 69 
10147.9	16600	27228	39	847	 61 
10146.3	16976	27228	14	837	 59 
10144.7	17694	27228	11	777	 58 
9080.36	18067	27228	51	1691	 50 
8174.6	17536	27228	67	1899	 47 
9073.38	19594	27228	54	1692	 44 
10164.3	16886	27228	19	775	 44 
9535.73	12567	27228	59	1962	 42 
10153.7	16918	27228	22	927	 35 
9572.43	18062	27228	31	996	 31 
9083.29	17731	27228	56	1956	 28 
8981.47	17804	27228	63	1669	 26 
9078.16	18208	27228	56	1435	 26 
10149.9	17834	27228	10	791	 26 
8756.64	14576	27228	64	1641	 14 
9352.6	13806	27228	63	1655	 13 
10152.8	16438	27228	37	1047	 8 
9338.35	15032	27228	44	1516	 4 
10152.8	15723	27228	42	1490	 2 
9070.37	15808	27228	60	1928	 2 
9105.81	16494	27228	55	1606	 1 

10156.9	17722	26361	40	1534	 97 ***
8546.75	13975	26361	50	2077	 95 
10166.4	17072	26361	17	478	 94 
8732.07	13615	26361	50	2206	 89 
10168.1	16768	26361	34	1346	 76 
8299.98	16571	26361	75	2418	 72 
10153.2	17352	26361	41	1518	 70 
8488.25	15251	26361	57	2156	 58 
10157.5	13779	26361	44	1885	 57 
10166.8	16972	26361	11	750	 54 
8170.32	18368	26361	75	2647	 48 
9357.55	16760	26361	42	1622	 46 
10165.6	17080	26361	7	633	 35 
10160.4	17182	26361	7	715	 32 
8370.87	16475	26361	74	2632	 30 
10161	17234	26361	5	613	 24 
10157.2	15314	26361	48	2083	 21 
9079.92	16503	26361	44	1725	 21 
10160	17095	26361	11	728	 21 
10155.2	16288	26361	48	1991	 7 

10082.8	18027	28254	19	639	 92 ***
8197.23	13704	28254	46	1706	 72 
10095.8	17500	28254	9	473	 61 
10082.8	17703	28254	17	574	 57 
8676.51	12589	28254	51	1844	 53 
8669.99	13551	28254	44	1385	 51 
7137.94	10870	28254	52	1920	 48 
8408.22	13677	28254	46	1669	 47 
8882.36	13320	28254	45	1701	 38 
8401.53	13228	28254	47	1549	 35 
9478.46	13295	28254	39	1210	 29 
10083.5	16373	28254	24	673	 16 
9288.55	11990	28254	50	1993	 7 
9002.46	12017	28254	42	1328	 3 
10097.3	15583	28254	28	941	 3 
9276.29	13021	28254	41	1450	 1 

10073.3	16196	27773	21	860	 100 ***
7807.86	13061	27773	64	2384	 98 
9296.35	11823	27773	72	2498	 97 
9267.29	11903	27773	53	1819	 94 
10068.6	12931	27773	49	1657	 92 
9457.57	13774	27773	49	1607	 92 
8985.7	13924	27773	53	1989	 86 
10080.3	14104	27773	46	1703	 86 
10076	15590	27773	46	1601	 86 
10062.3	17324	27773	7	151	 81 
8400.68	12051	27773	71	2428	 79 
8988.33	13317	27773	51	1780	 79 
8176.12	13895	27773	58	1963	 78 
10067.2	13026	27773	49	1883	 76 
10067.4	12633	27773	51	1866	 71 
9471	11584	27773	68	2259	 66 
7397.34	13847	27773	72	2424	 66 
10074	12710	27773	49	1537	 63 
8183.27	13295	27773	58	1983	 53 
9264.46	11652	27773	73	2500	 52 
8398.73	13039	27773	55	1691	 50 
10063.8	17629	27773	6	159	 47 
8976.5	13012	27773	54	1784	 46 
8295.39	12298	27773	74	2508	 43 
8052.39	14454	27773	58	1972	 43 
10083.8	10895	27773	71	2212	 43 
10080.9	11483	27773	69	2357	 42 
8387.28	14131	27773	53	2020	 42 
9498.33	10973	27773	74	2463	 40 
8187.44	12423	27773	56	2077	 40 
10065.2	15034	27773	48	1691	 35 
9456.36	13347	27773	50	1960	 35 
10066.1	17469	27773	6	178	 32 
9265.7	14439	27773	50	1790	 29 
9260.26	13130	27773	52	1967	 26 
9286.53	11879	27773	70	2343	 25 
10060.3	12716	27773	52	1938	 25 
10081.6	12477	27773	52	1952	 22 
9260.62	12868	27773	55	2032	 19 
9463.54	13053	27773	51	1907	 17 
8982.95	14235	27773	51	1940	 15 
10058.4	13006	27773	52	1850	 9 
9263.99	14982	27773	49	1906	 5 
10062.8	16564	27773	9	186	 3 
8992.16	13126	27773	53	1788	 2 

7874.58	10563	24667	63	2036	 83 ***
10026.2	9819	24667	40	1255	 77 
9414.17	10694	24667	38	1207	 68 
10014.5	12909	24667	12	528	 67 
8156.89	10067	24667	63	2093	 65 
8034.13	10845	24667	52	1769	 63 
10015.4	12949	24667	2	248	 63 
8130.15	9284	24667	64	2090	 62 
8165.34	9770	24667	49	1584	 56 
10020.2	11784	24667	29	739	 56 
9427.06	9790	24667	45	1550	 55 
10029.5	12710	24667	2	248	 52 
8028.45	11273	24667	58	1639	 49 
10012.9	13766	24667	20	845	 48 
7876.71	10115	24667	64	2116	 44 
10031.4	10501	24667	39	1368	 44 
8338.16	10049	24667	40	1382	 36 
10018.7	12255	24667	3	278	 28 
7430.51	10261	24667	66	2135	 27 
10014.4	13408	24667	18	837	 25 
8968.83	8473	24667	54	1609	 21 
9213.07	10944	24667	39	1377	 17 
8235.28	10324	24667	47	1627	 17 
8947.91	9379	24667	46	1550	 16 
10017.2	11623	24667	34	1087	 15 
8120.42	10084	24667	56	1727	 15 
8633.54	9701	24667	55	1714	 7 
7879.74	13571	24667	53	1728	 6 
8136.21	11501	24667	44	1563	 2 

8217.28	6388	20742	35	1627	 85 ***
7676.02	8742	20742	13	284	 83 
7671.02	8619	20742	25	391	 68 
6252.81	6932	20742	36	1605	 67 
5306.46	6782	20742	63	2036	 61 
8629.06	6396	20742	34	1626	 58 
5556.01	5055	20742	64	2098	 56 
6736.45	6560	20742	33	1544	 55 
4937.22	7413	20742	48	1611	 55 
6752.79	5901	20742	41	1721	 45 
7673.7	8817	20742	13	284	 39 
9835.57	8522	20742	12	280	 25 
7676.43	8146	20742	14	288	 23 
6485.71	7828	20742	31	1302	 14 
7676.23	8601	20742	11	265	 12 
6251.93	5990	20742	40	1732	 10 
6149.16	7217	20742	33	1585	 9 
6844.84	5447	20742	52	1575	 7 
7136.13	6519	20742	37	1635	 7 
6326.58	6849	20742	36	1649	 7 
6238.2	6790	20742	60	1993	 7 
7666.41	10164	20742	28	726	 6 
6142.92	7236	20742	38	1672	 5 
5543.44	6921	20742	58	1565	 3 
9834.32	6998	20742	32	1566	 0 

10061.3	9757	22469	18	897	 100 ***
6963.21	8568	22469	27	1222	 98 
8649.71	10276	22469	18	1010	 88 
8151.86	7915	22469	28	1252	 86 
9455.1	10109	22469	18	805	 84 
8640.6	10208	22469	19	1004	 82 
10072.7	9549	22469	16	811	 79 
10051.9	10185	22469	10	495	 76 
7449.94	9266	22469	20	986	 74 
6377.49	10133	22469	31	1142	 72 
8174.39	10607	22469	18	850	 71 
8632.63	8134	22469	22	1131	 61 
8638.56	10324	22469	18	1018	 61 
7356.17	10069	22469	25	1114	 61 
8845.97	9498	22469	19	706	 49 
10059	9860	22469	9	244	 43 
9253.14	10410	22469	16	623	 38 
6678.47	7924	22469	59	1897	 37 
10066.7	10986	22469	3	130	 36 
8435.98	10581	22469	6	390	 33 
6970.6	10267	22469	25	1048	 9 
8442.68	10487	22469	6	154	 6 
10069.1	10831	22469	5	146	 5 
7769.41	8508	22469	42	1265	 4 
6171.46	11863	22469	58	1836	 0 

6736.31	10569	22941	57	2288	 95 ***
9550.43	11381	22941	6	418	 95 
9561.69	10386	22941	8	396	 92 
8739.2	10551	22941	20	1531	 86 
10157.4	9319	22941	57	2122	 81 
7881.42	9814	22941	47	2336	 75 
9560.91	9308	22941	58	2264	 75 
9352.19	10098	22941	17	1486	 74 
10153.8	9572	22941	22	1766	 73 
7456.51	10208	22941	22	1562	 71 
7644.12	9732	22941	59	2517	 71 
7452.13	10107	22941	55	2112	 67 
7125.59	10333	22941	26	1603	 64 
9338.23	10247	22941	18	1608	 64 
10168.9	9247	22941	60	2551	 59 
8750.46	10889	22941	19	1531	 52 
9351.69	10160	22941	19	1134	 48 
10158.5	11210	22941	5	174	 39 
8151.28	9357	22941	29	1896	 30 
9548.83	10889	22941	12	547	 30 
7921.99	10062	22941	27	1680	 29 
10168.5	9871	22941	18	388	 29 
9081.6	10052	22941	20	1559	 27 
8949.42	9620	22941	21	1619	 24 
9554	10680	22941	10	472	 24 
8973.75	9349	22941	41	926	 18 
9551.78	10318	22941	16	1475	 16 
9090.67	9088	22941	61	2553	 13 
9349.12	11390	22941	17	1471	 1 

6993.86	8998	21496	30	1803	 74 ***
8899.16	10529	21496	9	280	 64 
6673.5	9192	21496	13	222	 24 
7595.31	8669	21496	42	2047	 20 
8082.57	9959	21496	10	284	 9 
6194.44	7130	21496	57	1935	 2 

7716.01	9541	21882	12	476	 97 ***
6911.77	10910	21882	33	1506	 95 
8602.88	7784	21882	48	1799	 91 
6295.92	8465	21882	48	1716	 91 
7506.88	9441	21882	28	1133	 91 
7508.54	10052	21882	27	327	 91 
8804.26	8237	21882	35	1768	 72 
7509.36	9137	21882	29	1428	 58 
7229.03	9285	21882	37	1506	 47 
6442.77	6227	21882	59	1708	 45 
8594.18	8746	21882	28	1366	 40 
7499.83	10470	21882	33	859	 40 
5876.02	11139	21882	63	2286	 37 
6325.27	10707	21882	37	1580	 33 
6909	11694	21882	20	308	 29 
8588.35	9306	21882	12	476	 28 
8321.77	8583	21882	37	1550	 22 
6904.69	7803	21882	42	1700	 19 
8917.55	9497	21882	10	442	 9 
8119.72	9269	21882	23	652	 7 
6342.06	8242	21882	63	2286	 5 
8316.34	8778	21882	39	1462	 5 

8729.65	13052	24549	24	1414	 86 ***
9068.52	12128	24549	5	279	 85 
8749.23	10335	24549	23	1330	 79 
7716.8	12303	24549	27	1417	 69 
8492.97	10953	24549	46	1917	 68 
8350.87	12721	24549	26	1689	 65 
7857.94	10820	24549	58	2009	 63 
7410.86	11159	24549	29	1459	 62 
9067.55	13124	24549	4	46	 59 
8468.04	12136	24549	26	1692	 50 
8742.68	12478	24549	23	1622	 50 
7874.55	12126	24549	27	1483	 48 
8742.47	12924	24549	25	1421	 46 
9071.87	12401	24549	4	316	 39 
8740.84	11789	24549	26	1668	 36 
10149.7	11482	24549	22	1576	 23 
7875.16	13223	24549	19	570	 15 
8943.02	12835	24549	16	557	 12 
8944.72	12582	24549	15	522	 0 

10265.6	10375	25922	24	1489	 98 ***
8370.35	11275	25922	30	977	 97 
9206.68	10111	25922	31	1597	 96 
8579.22	10015	25922	65	2415	 90 
9657.53	11067	25922	6	129	 86 
8009.71	11246	25922	39	1699	 82 
9442.47	10576	25922	26	1188	 81 
8362.08	10205	25922	59	1965	 80 
9447.91	11018	25922	13	425	 72 
9188.08	10669	25922	31	1361	 70 
8584.53	9329	25922	34	1366	 64 
8573.95	11108	25922	45	1707	 63 
8383.31	11188	25922	37	1647	 61 
8866.46	11240	25922	20	579	 60 
8591.37	12118	25922	29	1029	 38 
9449.68	10393	25922	24	1142	 32 
9438.95	10896	25922	29	1327	 29 
8564.62	10066	25922	61	2190	 29 
10272.3	9072	25922	64	2125	 27 
7576.01	11387	25922	64	1973	 24 
8264.2	10527	25922	54	2003	 24 
9682.76	9973	25922	31	1326	 21 
8268.68	10513	25922	50	1759	 21 
8844.29	11539	25922	29	970	 18 
9194	10923	25922	27	1357	 14 
8836.55	12372	25922	27	346	 14 
8844.65	11247	25922	4	106	 9 
9440.53	11238	25922	2	38	 4 

