#56	60	22	32	142	10	252	18	99	56	 ***
#26	0	85	51	0	41	230	6	230	78	
#4	8	59	46	30	42	33	68	216	241	
#6	36	54	42	19	0	43	154	295	98	
#62	10	16	41	66	0	134	153	0	265	
#7	0	5	133	8	7	40	134	165	248	

39	58	22	36	28	10	288	34	116	56	 ***
40	38	62	57	129	32	53	253	23	0	
18	68	37	52	0	39	38	278	0	157	
39	57	22	36	27	14	281	55	66	90	
45	44	22	48	22	40	281	61	34	90	
36	0	50	66	32	6	0	173	32	292	
57	27	34	8	66	41	297	93	0	64	
1	2	60	32	38	26	310	56	148	14	
8	32	43	50	38	57	277	42	100	40	
62	66	28	52	74	57	285	28	35	0	
59	56	34	32	40	9	302	58	73	24	
0	52	66	11	42	24	274	29	105	84	
24	58	10	62	40	2	265	32	0	194	
6	48	40	22	20	12	273	0	54	212	
38	58	22	34	20	24	292	62	82	55	
52	24	9	14	38	34	300	55	118	43	
80	111	68	17	32	24	270	0	18	67	
31	20	115	56	46	0	40	121	0	258	
0	20	24	59	45	74	180	0	35	250	
16	22	62	42	111	26	246	44	0	118	
43	56	22	32	22	10	300	60	70	72	
55	56	24	0	54	14	143	56	84	201	
53	70	113	32	22	0	262	48	34	53	
0	36	66	0	54	33	183	230	53	32	
46	76	10	0	50	6	56	210	199	34	
24	0	40	16	20	64	162	34	32	295	
55	56	22	32	45	8	153	50	69	197	
57	0	0	84	30	70	48	68	281	49	
67	61	13	66	22	50	91	266	51	0	
60	60	28	29	39	27	194	48	202	0	
8	56	28	8	4	103	66	0	304	110	

10	18	6	50	41	64	282	36	70	134	 ***
38	54	18	38	28	14	271	64	115	71	
50	22	36	0	18	40	66	43	300	136	
38	90	18	36	58	28	271	38	82	52	
46	68	4	50	40	4	100	54	69	276	
45	69	4	30	0	78	287	32	58	108	
62	43	11	31	54	0	291	54	109	56	
54	58	34	36	42	12	318	32	50	75	
38	60	18	36	28	10	82	66	119	254	
58	4	48	56	80	40	88	242	53	42	
38	58	26	44	92	10	283	34	86	40	
33	41	8	34	6	82	39	102	83	283	
22	42	26	41	52	82	42	62	34	308	
150	55	32	9	81	0	252	22	0	110	
70	58	54	36	26	10	269	34	82	72	
40	58	18	36	60	12	57	53	114	263	
42	20	41	96	34	63	287	110	0	18	
37	30	25	47	68	18	286	74	82	44	
40	90	37	42	40	50	261	89	62	0	
38	44	50	36	26	42	271	64	82	58	
32	40	46	54	10	64	250	67	0	148	
34	73	104	4	0	134	0	34	78	250	
22	42	12	52	22	68	42	285	14	152	
81	50	8	16	0	66	283	94	24	89	
0	28	56	54	20	48	142	279	32	52	
36	74	18	38	26	10	271	96	84	58	
64	13	50	24	22	37	16	64	303	118	
4	20	10	36	8	74	268	112	157	22	

27	16	0	156	100	60	46	0	207	160	 ***
10	56	6	48	72	64	302	32	58	124	
0	16	0	102	78	78	282	42	84	90	
10	18	6	16	24	64	295	37	154	148	
70	108	0	108	8	28	189	0	175	86	
54	54	8	34	4	66	300	54	42	156	
10	48	6	66	40	64	302	32	112	92	
10	50	38	56	24	72	307	36	71	108	
10	24	6	80	64	64	302	32	50	140	
125	118	0	18	40	36	277	0	40	118	
10	32	7	48	24	74	307	68	94	108	
28	88	36	2	68	0	310	100	24	116	
0	32	64	132	10	62	124	20	280	48	
10	18	38	48	64	89	307	52	70	76	
2	62	108	40	34	10	296	72	120	28	
64	12	0	66	48	68	330	112	60	12	
74	18	90	74	66	26	302	4	84	34	
10	56	6	80	32	64	302	48	82	92	
0	52	36	24	36	70	214	0	276	64	
24	78	50	64	90	0	258	100	108	0	
16	58	82	34	8	6	314	72	84	98	
12	8	70	70	24	104	272	60	152	0	
12	32	40	16	0	48	304	84	48	188	
92	2	148	0	77	44	76	80	0	253	
16	48	50	76	0	88	300	124	32	38	
5	44	40	32	152	0	279	120	40	60	
10	32	6	48	59	64	295	32	102	124	
42	84	59	30	70	52	287	68	80	0	
50	4	46	72	34	46	286	144	18	72	

26	0	6	167	28	114	62	48	219	32	 ***
18	58	0	66	0	52	44	158	290	16	
26	16	0	32	108	58	113	0	247	102	
20	0	48	16	80	34	32	18	136	318	
0	117	18	109	46	88	34	56	234	0	
58	28	52	70	0	46	8	18	316	106	
26	16	32	115	44	60	46	179	84	100	
28	16	0	36	76	84	94	0	97	271	
8	8	40	160	68	0	58	90	36	234	
153	68	32	2	26	2	16	241	98	64	
38	68	0	16	16	32	16	314	84	118	
84	123	2	99	70	0	22	0	250	52	
120	16	0	28	78	93	168	0	94	105	
34	16	0	60	48	60	36	82	288	78	
58	40	0	36	54	66	40	38	70	300	
90	0	16	178	80	6	20	42	248	22	
38	0	0	70	0	40	16	154	296	88	
36	16	0	28	80	60	102	0	266	114	
26	34	8	113	44	64	85	32	210	86	
30	16	34	37	88	60	258	0	79	100	
52	0	56	126	6	62	22	48	276	54	
26	16	0	29	44	60	36	257	134	100	
38	16	0	113	80	60	176	0	118	101	
120	16	0	28	44	93	80	134	86	101	
46	6	0	28	84	60	112	0	87	279	
58	38	50	142	16	0	72	22	36	268	
30	16	0	29	44	68	258	37	120	100	
26	16	0	33	50	60	68	257	84	108	
10	8	68	4	84	18	60	106	280	64	
26	57	0	28	130	60	38	171	92	100	
0	34	56	0	32	96	32	192	260	0	
34	40	32	16	34	20	0	176	282	68	
120	0	0	36	80	83	90	0	104	189	
26	18	0	33	80	92	78	0	120	255	
30	16	0	113	84	60	102	0	116	181	
32	44	16	48	0	118	0	36	280	128	
32	26	0	141	42	16	32	68	219	126	
32	98	2	44	0	36	120	60	284	26	
40	0	12	34	36	32	28	76	318	126	
26	20	38	37	76	60	86	0	259	100	
58	16	2	113	76	72	78	0	108	179	

18	12	80	50	0	20	28	162	283	0	 ***
0	0	42	134	112	68	45	110	50	92	
26	4	12	8	60	98	92	84	269	0	
42	11	62	125	76	68	36	42	191	0	
40	0	12	36	0	55	144	65	70	231	
38	8	38	18	34	36	47	50	280	104	
26	8	72	104	76	64	11	12	238	42	
30	0	10	155	72	82	178	48	78	0	
44	2	38	68	54	68	0	130	249	0	
42	6	152	153	0	0	70	40	156	34	
38	16	6	16	32	82	267	50	106	40	
44	141	34	0	6	48	54	30	250	46	
30	6	6	103	60	90	62	56	168	72	
56	56	48	52	0	16	36	32	251	106	
30	0	12	16	56	90	94	221	134	0	
66	8	18	22	28	82	74	56	263	36	
78	10	6	103	33	90	159	80	94	0	
8	36	8	16	10	36	46	70	257	166	
26	8	14	4	28	72	94	48	108	251	
38	0	42	20	38	90	248	70	107	0	
92	0	10	12	122	90	96	48	183	0	

18	12	80	12	0	16	218	146	71	0	 ***
18	12	80	12	0	16	157	181	97	0	
20	8	64	12	8	12	189	100	160	0	
97	98	100	20	74	0	128	56	0	0	
18	12	80	12	0	16	103	107	225	0	
18	81	82	20	0	14	60	106	192	0	
18	14	80	12	0	14	60	108	243	24	
32	94	18	24	130	12	0	78	185	0	
21	12	80	14	0	14	98	114	220	0	
18	20	80	13	0	14	92	106	230	0	
56	42	42	24	0	28	0	0	134	247	
18	12	88	14	0	16	99	106	220	0	
18	8	64	12	0	14	12	181	116	148	
18	10	48	12	0	14	189	114	168	0	
18	14	80	20	0	83	60	106	192	0	
18	12	80	14	0	14	105	110	220	0	
46	140	0	50	8	20	12	76	0	221	
18	8	64	12	0	14	17	106	127	207	
2	42	33	0	0	88	18	12	172	206	
18	14	80	15	0	14	197	114	121	0	
1	0	0	120	42	14	0	56	207	133	
18	8	64	12	0	12	44	184	215	16	

62	10	22	53	0	52	137	225	2	0	 ***
26	16	68	12	0	10	30	74	254	73	
30	0	2	26	36	0	31	166	7	265	
33	3	12	56	42	16	14	138	0	249	
18	14	65	21	2	16	214	98	115	0	
20	16	76	14	0	112	131	99	95	0	
14	7	28	28	20	0	201	57	208	0	
111	1	18	12	57	64	0	173	127	0	
42	56	8	37	20	20	207	6	40	127	
5	4	40	6	58	120	70	47	8	205	
38	28	9	36	44	5	257	114	32	0	
0	20	46	0	27	0	97	135	199	39	
12	41	50	42	0	0	34	124	21	239	
0	2	78	48	0	138	46	187	54	10	

75	61	97	0	11	72	60	235	47	41	 ***
23	32	8	141	84	8	14	205	20	164	
73	0	56	66	21	50	155	0	28	250	
25	0	73	20	72	0	57	231	96	125	
66	8	20	100	32	88	80	98	2	205	
62	12	20	104	12	45	81	151	212	0	
78	29	24	69	0	98	219	104	78	0	
94	17	52	56	0	84	93	243	60	0	
0	48	12	0	36	68	197	42	63	233	
62	44	52	105	0	42	112	231	51	0	
43	20	72	20	0	36	100	220	188	0	
12	24	15	144	120	8	75	14	204	83	
122	80	0	16	44	91	221	19	22	84	
5	52	36	48	39	3	42	36	152	286	
62	13	92	76	0	82	65	231	14	64	
66	11	100	53	148	42	65	144	70	0	
50	31	20	52	8	43	194	244	57	0	
35	16	38	50	21	0	234	217	32	56	
46	24	36	52	40	38	123	103	205	32	
110	138	20	52	16	52	135	122	54	0	
66	13	20	52	16	43	130	251	84	24	
102	139	20	80	0	42	69	128	23	96	

16	34	11	40	40	61	204	0	59	136	 ***
49	12	34	41	42	48	26	195	0	154	
0	134	28	83	40	54	0	22	168	72	
15	0	88	0	28	22	227	70	106	45	
10	3	57	22	4	0	126	80	93	206	
0	33	16	92	0	72	108	9	29	242	
14	53	126	36	53	143	121	0	0	55	
20	66	54	129	46	52	26	143	65	0	
54	60	49	0	19	42	64	227	47	39	
52	42	26	75	31	24	0	219	38	94	
10	30	63	74	32	29	88	201	74	0	
41	12	40	18	0	32	114	222	52	70	
58	60	41	0	19	40	56	72	32	223	
52	60	53	0	19	40	60	233	49	35	
99	50	42	30	33	70	58	159	60	0	
52	64	49	0	21	40	78	227	31	39	
48	48	33	42	33	0	0	40	126	231	
50	44	73	0	11	36	60	97	15	215	
60	68	41	0	11	53	199	56	23	90	
66	60	41	0	11	48	68	58	28	221	
21	41	56	0	54	133	88	108	100	0	
28	28	8	74	21	8	143	225	52	14	
29	70	4	28	12	48	0	234	133	43	
58	60	49	0	11	42	60	96	15	210	
16	76	42	8	28	40	126	208	0	57	
36	17	62	28	81	75	60	231	0	11	
16	64	24	28	8	0	36	232	86	107	
0	34	0	10	64	24	204	172	24	69	

9	48	53	124	43	0	193	0	78	32	 ***
0	65	40	5	26	41	79	91	0	233	
46	126	18	55	72	34	147	0	0	82	
26	26	11	40	8	79	212	38	65	75	
17	33	58	92	44	27	216	76	17	0	
18	26	15	46	54	46	60	0	89	226	
31	0	54	92	126	10	8	201	58	0	
20	17	34	128	37	0	12	76	206	50	
21	34	9	126	8	62	154	0	70	96	
18	5	22	50	33	12	254	106	74	6	
19	26	24	42	12	55	196	0	91	115	
8	41	47	32	32	16	249	132	23	0	
46	12	6	1	34	56	248	131	46	0	
40	8	25	49	66	48	209	64	71	0	
18	54	94	20	40	38	58	65	193	0	
34	26	16	40	8	62	61	0	83	250	
40	43	10	45	8	51	77	0	73	233	
24	33	33	55	22	47	83	221	50	12	
16	32	20	40	20	62	196	16	70	108	
16	58	25	44	8	67	59	0	64	239	
17	104	56	18	50	120	0	203	12	0	
62	19	46	29	24	10	228	116	46	0	
32	30	23	43	40	62	93	0	25	232	
0	8	36	5	115	80	70	0	36	230	
16	30	27	50	8	44	216	34	59	96	
47	66	34	0	41	76	13	118	0	185	

91	20	16	11	52	28	225	48	0	76	 ***
11	34	150	24	48	35	32	0	33	200	
78	0	17	9	37	9	87	24	258	48	
16	50	9	20	16	16	34	258	0	148	
7	48	39	37	41	13	235	4	81	62	
0	0	16	73	23	16	16	228	32	163	
22	30	22	5	14	0	167	38	228	41	
8	50	43	143	46	0	116	0	131	30	
46	0	63	139	56	38	2	15	59	149	
39	23	18	148	32	60	0	180	47	20	
0	69	0	27	39	14	72	54	231	61	
7	48	46	44	38	13	241	50	46	34	
18	30	21	93	48	30	101	0	216	10	
43	18	148	110	34	36	49	0	87	42	
12	48	40	51	46	0	236	20	84	30	
11	50	47	47	39	0	235	0	84	54	
39	37	40	112	35	30	28	140	106	0	
33	10	5	2	28	24	128	94	16	227	
7	48	42	40	47	0	247	60	46	30	
18	34	16	88	0	1	262	17	91	40	
9	48	42	48	50	0	89	0	82	199	
11	56	38	145	62	0	119	60	46	30	
34	8	4	13	12	52	239	73	14	118	
29	18	149	25	17	8	74	186	0	61	
21	10	34	152	25	18	24	22	82	179	
22	32	9	18	46	60	78	0	62	240	
52	50	61	80	12	10	68	24	210	0	
10	1	38	13	29	22	222	97	87	48	
15	53	65	8	4	0	230	153	12	27	
30	73	38	23	24	157	69	47	0	106	
15	56	25	143	38	28	39	23	14	186	
31	94	14	9	0	90	258	15	33	23	
58	21	8	117	28	6	62	20	226	21	

32	24	22	32	34	25	221	83	95	0	 ***
20	15	20	56	62	19	221	87	68	0	
6	23	36	25	18	32	261	0	23	144	
78	23	16	9	56	28	229	32	0	97	
50	49	6	13	22	52	202	0	134	40	
63	53	0	28	140	21	58	77	0	128	
81	21	16	21	54	30	98	27	0	220	
86	20	18	108	54	31	88	41	0	122	
75	27	16	5	58	36	205	43	0	103	
44	0	41	8	105	20	230	48	50	22	
28	52	0	25	22	11	0	180	35	215	
75	20	18	3	52	31	231	25	22	91	
79	28	18	107	48	34	36	45	0	173	
105	23	19	3	52	30	98	44	0	194	
73	29	18	27	61	35	70	32	0	223	
89	22	19	3	58	36	88	32	0	221	
13	12	4	36	49	34	0	165	255	0	
75	20	16	3	60	28	234	20	20	92	
57	49	29	133	45	12	84	124	35	0	
64	25	27	36	18	0	12	120	9	257	
140	0	18	28	0	34	46	63	53	186	
13	40	4	19	13	31	0	266	168	14	
37	40	60	20	164	2	150	38	57	0	
76	34	131	4	54	28	107	26	0	108	

16	91	45	14	21	12	296	109	18	32	 ***
82	70	12	0	63	83	246	0	50	48	
0	19	23	6	13	14	253	45	177	104	
100	45	21	23	30	149	35	78	50	123	
40	18	72	23	26	102	35	81	49	208	
52	32	137	83	36	6	10	175	0	123	
125	25	80	30	0	10	201	72	0	111	
16	0	36	21	3	6	94	314	0	164	
35	14	26	18	17	10	220	40	209	65	
41	7	28	56	12	40	220	12	45	193	
25	16	51	16	8	6	275	188	50	19	
41	20	51	23	42	23	124	134	196	0	
9	0	71	12	41	54	283	26	147	11	
0	5	36	23	22	31	273	71	106	87	
0	7	112	71	118	42	18	70	102	114	
26	14	38	111	38	0	275	49	68	35	
47	5	36	28	54	24	149	82	229	0	
16	22	34	9	8	0	60	303	146	56	
72	38	38	23	30	145	47	159	102	0	
45	22	28	56	30	74	43	156	200	0	
26	5	10	49	65	20	44	214	221	0	
4	0	36	2	22	32	321	159	36	42	
20	6	8	83	22	22	225	200	30	38	
65	46	20	23	34	57	217	80	73	39	
32	56	50	23	26	24	73	118	32	220	
30	75	23	0	69	16	260	119	10	52	
13	26	0	157	32	29	90	63	244	0	
32	25	27	23	74	149	121	80	123	0	
44	17	8	17	50	0	35	239	193	51	
8	45	21	40	8	32	247	183	50	20	
13	16	25	46	56	19	253	26	108	92	
38	0	30	51	18	44	255	107	45	66	
40	7	20	36	49	54	266	24	158	0	
150	32	0	0	92	84	101	166	25	4	
112	13	22	60	60	23	225	96	43	0	
8	38	28	2	32	69	236	55	6	180	
66	30	20	126	45	23	33	99	212	0	
8	1	88	145	0	7	32	77	260	36	
41	13	24	55	22	143	42	94	220	0	

1	58	54	27	58	22	244	132	27	94	 ***
95	73	57	8	148	78	0	41	0	217	
26	32	31	85	94	6	224	41	16	162	
32	37	49	4	22	70	243	177	29	54	
23	90	46	12	49	28	244	54	137	34	
18	90	48	17	43	28	176	44	66	187	
16	101	44	36	35	16	129	80	67	193	
22	90	44	12	20	66	129	219	18	97	
2	0	32	16	34	0	296	217	49	71	
0	10	69	36	73	59	255	52	0	163	
16	92	44	68	39	50	220	51	103	34	
2	20	0	0	36	139	252	145	43	80	
118	8	10	77	8	20	171	39	37	229	
16	94	44	21	52	102	114	50	68	156	
32	94	44	20	19	12	200	115	43	138	

38	127	22	11	48	79	229	90	78	0	 ***
91	26	130	8	57	24	222	0	44	120	
90	24	10	48	52	28	202	237	31	0	
5	54	24	8	104	2	299	20	116	90	
20	18	19	36	15	86	248	205	29	46	
0	80	54	58	121	20	114	128	85	62	
0	58	98	35	60	20	258	60	41	92	
67	0	141	54	0	68	43	66	279	4	
132	66	48	13	78	47	95	0	218	25	
10	44	70	0	56	58	299	109	40	36	
53	1	24	36	70	44	252	127	50	65	
66	40	24	32	10	36	252	244	8	10	
1	58	56	27	96	24	241	130	25	64	
24	42	42	19	51	25	201	0	50	268	
0	58	60	27	58	20	90	93	222	94	
36	78	48	0	118	9	243	145	40	5	
0	58	54	29	58	24	243	88	101	67	
0	90	22	36	58	20	196	66	41	193	
48	80	112	11	138	0	24	24	267	18	
4	60	54	27	99	21	196	120	67	74	
8	2	20	17	0	40	108	185	49	293	
0	48	36	22	0	37	243	227	81	28	
15	80	65	57	16	81	248	0	116	44	
32	145	18	48	8	0	125	41	18	287	
6	54	8	56	8	69	237	12	220	52	
117	3	21	20	0	4	27	147	309	74	
56	36	32	7	125	65	265	12	44	80	
42	31	26	2	69	2	305	61	146	38	
0	58	54	27	101	21	83	120	65	193	
31	166	36	22	91	36	79	0	250	11	
78	52	4	0	106	36	120	290	16	20	
89	42	40	96	18	95	12	86	244	0	
113	36	44	58	59	32	246	66	68	0	

32	14	16	61	0	0	283	212	32	38	 ***
4	12	2	76	60	0	287	55	92	100	
35	71	30	17	53	67	219	84	48	64	
4	44	2	64	36	2	303	68	22	143	
4	32	68	40	6	68	53	305	96	16	
35	80	22	124	52	69	86	174	46	0	
144	80	24	21	44	55	59	116	145	0	
69	79	22	13	96	57	209	97	46	0	
108	25	6	36	42	0	271	64	36	100	
31	71	22	18	44	40	242	94	38	88	
155	115	0	6	40	75	40	201	24	32	
2	6	0	16	42	20	48	313	23	218	
20	50	34	32	111	12	312	103	0	14	
63	4	40	8	52	36	34	309	142	0	
17	40	20	119	28	14	250	53	134	13	
28	32	56	4	6	121	96	0	45	300	
20	0	4	40	4	54	129	321	34	82	
8	84	48	0	0	72	70	298	64	44	
0	2	48	100	102	32	40	16	48	300	
49	68	6	64	21	51	213	122	67	27	
0	14	94	18	0	95	284	76	0	107	
56	0	0	34	44	82	305	163	4	0	
48	23	6	98	22	47	222	80	101	41	
36	63	30	11	52	150	93	76	177	0	
37	83	22	9	36	45	75	65	70	246	
83	71	22	13	44	51	219	89	54	42	
35	136	26	7	40	44	241	84	38	37	
76	0	0	50	0	52	290	186	30	4	
34	8	0	60	56	16	314	54	78	68	
0	56	60	66	8	8	0	160	307	23	
37	91	22	18	84	53	221	84	78	0	
28	36	52	72	85	55	217	59	50	34	
8	65	2	20	0	60	283	106	80	64	
17	98	2	92	48	53	0	281	27	70	
37	78	24	49	48	69	233	102	48	0	
9	72	80	56	4	0	289	0	74	104	
54	14	2	36	4	34	133	307	50	54	
102	64	2	4	18	4	320	44	130	0	
16	55	16	0	56	24	223	234	0	64	
35	97	30	123	82	55	136	84	46	0	
68	71	127	11	44	86	131	100	50	0	
36	71	22	46	40	61	226	60	78	48	
10	16	40	74	4	34	305	122	83	0	
2	40	62	0	66	46	229	42	201	0	
16	0	0	38	49	56	305	154	24	46	
74	34	57	58	18	33	282	48	16	68	
35	70	114	13	55	53	31	108	62	147	
14	80	42	98	16	0	296	17	99	26	

123	66	0	86	8	80	284	0	32	0	 ***
16	4	46	130	0	119	0	62	302	0	
32	16	24	28	0	0	199	134	32	214	
32	14	14	26	0	21	263	134	40	135	
40	34	16	28	32	9	269	124	32	95	
32	14	18	26	0	0	195	258	32	104	
32	38	17	32	0	0	172	265	32	91	
40	18	12	26	0	0	187	134	36	226	
40	18	12	26	0	0	205	254	32	92	
80	4	0	110	32	54	294	79	26	0	
18	18	18	38	50	32	304	141	52	8	
36	18	16	28	0	9	257	156	32	127	
3	0	108	0	36	0	332	56	84	60	
0	98	72	40	18	42	292	0	35	82	
1	0	0	112	88	104	65	0	255	54	
82	14	14	26	0	0	228	142	32	141	
32	14	16	73	0	10	275	134	32	93	

49	48	52	90	44	64	179	128	0	0	 ***
0	64	117	58	60	52	271	0	16	16	
58	32	4	36	0	50	167	16	40	251	
111	0	1	46	40	0	13	40	104	299	
18	12	26	96	0	52	0	273	8	169	
82	119	4	50	8	66	229	0	0	96	
8	76	96	38	4	87	285	16	40	4	
129	36	8	64	48	88	232	33	0	16	
4	24	8	54	32	70	252	126	7	77	
77	84	0	46	21	66	186	0	174	0	
10	0	108	64	48	1	269	22	46	86	
61	80	10	60	44	64	171	0	0	164	
87	104	0	50	14	64	182	0	0	153	
113	2	4	44	0	48	88	0	112	243	
86	112	47	78	4	101	101	0	125	0	
38	18	38	56	82	48	209	165	0	0	
86	113	0	42	78	95	163	77	0	0	
4	12	0	8	28	90	271	18	183	40	
78	0	60	34	38	104	258	32	18	32	
81	114	4	47	8	64	168	0	0	168	
0	4	88	0	108	0	36	94	213	111	
53	52	11	50	11	64	239	174	0	0	
81	113	81	46	40	64	102	0	127	0	
6	129	40	56	72	16	263	4	48	20	

63	111	10	50	40	26	228	32	0	0	 ***
10	0	0	44	0	0	252	30	224	0	
0	56	4	52	0	24	319	96	9	0	
0	10	16	16	0	32	298	0	0	188	
16	70	4	82	0	0	292	52	32	12	
53	48	10	40	62	30	85	232	0	0	
60	40	48	180	0	0	0	0	0	232	
53	48	26	40	50	26	285	32	0	0	
49	48	10	100	44	26	251	32	0	0	
49	48	60	125	44	26	176	32	0	0	
0	2	0	56	4	85	329	84	0	0	
0	94	0	18	0	4	32	4	326	82	
52	8	108	0	0	92	0	0	0	300	
32	20	0	66	8	56	322	56	0	0	
0	10	32	82	8	0	308	32	88	0	
8	170	8	0	56	38	184	0	0	96	
40	44	33	0	50	106	240	0	47	0	
20	0	42	0	0	36	4	114	323	21	

4	50	72	32	32	64	314	36	37	27	 ***
60	80	12	26	46	64	258	64	0	58	
60	64	17	26	98	4	256	72	0	71	
52	8	2	32	44	54	317	38	81	40	
48	35	86	48	2	32	301	8	36	72	
72	64	12	58	44	32	297	44	0	45	
78	78	176	24	72	36	0	204	0	0	
108	16	68	34	36	16	292	32	34	32	
0	0	70	64	137	125	0	0	0	240	
98	8	0	164	36	0	11	0	88	263	
0	36	8	68	12	80	303	115	46	0	
32	36	4	56	0	0	300	122	44	74	
62	86	40	13	100	0	314	53	0	0	
12	92	36	152	0	64	0	65	247	0	
70	32	8	16	20	40	315	129	38	0	
48	0	56	0	38	0	0	210	0	316	
68	81	50	0	0	26	264	48	55	76	
0	14	0	32	68	8	320	103	0	123	
32	58	48	64	56	8	319	34	13	36	
34	68	68	0	4	20	235	239	0	0	
0	0	44	48	0	84	300	84	2	106	
64	0	36	26	105	0	292	80	28	37	
16	82	8	108	0	40	320	50	40	4	
50	0	88	68	0	109	48	305	0	0	
28	36	44	40	48	36	244	0	192	0	
32	64	8	74	54	0	300	72	12	52	
72	0	10	30	84	0	301	96	75	0	
2	40	48	42	4	0	317	80	60	75	
66	0	16	34	72	64	294	32	65	25	
36	80	8	0	144	50	0	274	0	76	
16	40	4	6	40	0	305	5	110	142	
68	2	0	8	48	0	295	82	165	0	
64	0	8	10	0	64	300	110	64	48	
60	8	40	90	36	8	292	70	32	32	

0	2	64	76	72	73	275	33	70	48	 ***
70	34	80	64	86	46	255	78	0	0	
60	0	3	32	72	127	260	104	0	55	
0	6	74	64	72	66	266	76	39	50	
8	32	48	0	32	76	315	98	60	44	
70	44	0	69	4	26	272	118	46	64	
46	64	45	68	36	72	304	0	30	48	
40	110	8	8	65	68	0	68	32	314	
37	8	83	106	0	82	199	96	0	102	
32	52	40	80	7	72	268	122	0	40	
0	33	44	32	48	32	234	190	32	68	
38	54	64	0	64	113	0	267	113	0	
51	12	32	40	46	0	269	96	112	55	
0	32	122	40	32	66	276	48	44	53	
0	42	0	118	40	81	0	44	231	157	
68	41	48	1	68	66	297	16	0	108	
68	68	0	0	44	60	201	0	196	76	
32	85	118	87	81	8	217	0	85	0	
4	2	66	32	98	70	266	33	80	62	
38	0	64	0	114	97	230	32	34	104	
38	102	66	70	0	0	64	0	172	201	
125	0	0	40	84	40	0	16	128	280	
40	110	36	100	0	9	268	84	33	33	
0	8	0	112	0	10	311	84	64	124	
54	0	74	64	10	11	314	106	0	80	
0	36	81	88	72	114	0	38	0	284	
109	44	38	38	0	16	286	84	0	98	
76	35	3	66	72	0	297	160	4	0	
64	72	0	44	62	72	273	74	0	52	
40	89	32	4	2	98	195	32	0	221	
0	68	20	0	64	74	213	88	68	118	
70	0	0	9	110	8	264	86	32	134	
104	0	6	0	32	40	168	0	288	75	
32	52	32	66	18	2	215	0	192	104	
32	32	4	46	0	53	257	225	64	0	
77	40	4	0	32	32	220	64	40	204	
42	20	40	64	0	72	271	40	124	40	
72	46	42	75	74	70	260	74	0	0	
72	40	40	46	2	40	264	47	57	105	
77	12	0	34	40	76	251	164	40	19	
36	48	6	0	37	37	264	52	169	64	

80	143	32	32	0	40	243	68	0	44	 ***
56	40	122	40	81	48	261	0	0	34	
65	8	110	0	0	32	0	74	132	261	
8	8	0	2	0	0	75	66	221	302	
2	0	84	40	48	34	342	0	80	52	
40	72	32	0	105	122	8	36	267	0	
64	73	0	34	66	48	219	0	178	0	
0	0	2	103	116	36	301	0	114	10	
40	8	10	0	89	104	276	107	0	48	
64	0	8	0	0	0	0	101	300	209	
0	5	80	46	72	102	237	16	84	40	
0	2	68	38	25	0	284	104	161	0	
0	9	48	46	91	34	273	0	153	28	
68	96	64	24	8	0	248	0	32	142	
0	5	32	52	125	50	301	0	70	47	
20	8	0	96	0	7	239	36	32	244	
0	64	2	16	4	32	292	19	40	213	
0	0	76	70	16	81	282	21	0	136	
8	66	74	132	48	35	287	32	0	0	
0	56	8	72	0	0	212	275	59	0	
20	0	0	64	0	42	268	4	225	59	
74	0	8	68	0	0	0	16	211	305	
32	2	118	0	8	82	0	150	290	0	
34	57	36	40	40	0	295	50	0	130	
48	0	69	0	64	12	203	0	62	224	
0	0	48	56	106	54	295	0	70	53	
40	41	0	0	52	167	58	0	32	292	
0	0	61	40	72	66	272	0	141	30	

72	8	0	0	0	20	326	44	32	141	 ***
34	23	8	0	60	0	328	0	150	40	
77	96	48	16	8	64	319	0	15	0	
130	50	8	4	0	40	299	0	40	72	
0	4	122	80	0	14	259	60	104	0	
12	0	105	148	0	0	91	0	0	287	
36	163	32	32	0	8	220	108	0	44	
0	0	133	0	44	123	0	34	0	309	
64	16	179	64	48	4	2	0	266	0	
10	8	160	32	40	2	48	299	0	44	
40	8	0	0	42	2	0	14	238	299	
2	168	48	40	32	8	205	100	0	40	
0	40	44	108	2	16	289	104	0	40	
0	36	12	8	32	34	338	0	40	143	
52	179	38	0	8	0	112	246	0	8	
42	161	8	0	112	64	170	0	86	0	
0	48	38	108	8	8	297	96	0	40	
4	135	8	0	0	0	247	43	144	62	
2	40	36	32	0	32	301	164	0	36	
26	40	116	8	0	0	236	0	0	217	
120	12	9	34	92	56	280	0	40	0	
32	40	40	32	0	8	325	114	0	52	
157	74	59	0	40	32	0	249	32	0	
0	40	0	0	0	18	307	0	190	88	
0	40	56	36	0	16	191	264	0	40	
0	151	42	8	0	76	232	0	50	84	

90	42	63	44	4	122	283	40	26	0	 ***
110	40	56	32	0	16	268	0	54	138	
64	44	0	18	10	0	286	4	75	213	
66	28	0	0	5	20	324	105	74	92	
68	16	0	0	0	31	269	120	84	126	
43	51	8	86	145	39	262	8	36	36	
24	34	68	34	0	0	261	0	258	35	
12	56	32	8	64	35	32	13	270	192	
64	42	0	18	0	20	334	62	86	88	
64	18	0	4	0	37	301	52	114	124	
22	134	44	13	0	134	273	0	34	60	
83	12	0	0	0	56	265	110	74	114	
86	14	24	1	2	20	326	52	101	88	
34	0	8	20	12	80	96	0	310	154	
96	13	4	0	0	26	270	146	66	93	
101	25	140	48	10	18	262	0	110	0	
80	9	0	4	0	24	324	90	72	111	
9	50	0	68	42	44	267	0	174	60	
64	12	0	10	13	20	295	128	81	91	
64	34	9	0	0	24	271	50	137	125	
24	16	46	34	44	8	274	66	78	124	
72	62	0	0	0	23	270	123	64	100	
44	46	0	122	140	64	0	19	279	0	

129	126	24	57	56	36	292	48	0	0	 ***
50	34	63	74	36	123	126	192	70	0	
0	85	78	88	32	59	296	42	0	88	
87	0	0	80	75	0	267	148	57	54	
0	72	102	36	143	65	208	0	84	58	
155	72	56	16	0	41	47	317	64	0	
53	66	62	48	4	68	269	116	82	0	
0	56	0	79	59	20	265	105	86	98	
0	0	26	32	56	34	29	114	274	203	
0	68	9	67	113	137	0	244	130	0	
53	98	118	83	4	119	245	0	0	48	
106	34	0	86	34	16	271	52	0	169	
32	18	179	0	80	48	165	33	213	0	
33	48	66	36	78	91	264	34	118	0	
50	66	63	40	37	86	269	97	60	0	
16	52	92	72	10	40	203	22	8	253	
49	34	62	56	36	36	173	56	234	32	
16	104	0	0	103	50	286	80	97	32	
101	46	10	0	50	10	207	0	220	124	
8	53	67	114	88	56	264	44	74	0	
170	0	95	32	86	0	260	26	29	70	
84	28	5	66	38	0	0	248	226	73	
50	50	58	41	6	86	279	104	94	0	
177	68	0	48	74	0	99	216	86	0	

