#0	1860	512	0	0	384	1120	1504	984	1976	 ***
#320	496	392	240	256	80	2448	164	3944	0	
#356	672	0	1860	320	164	544	1008	0	3416	
#164	80	480	352	0	0	2244	836	276	3908	
#352	80	320	240	276	0	240	1492	5100	240	
#544	276	240	72	400	400	0	320	1028	5060	
#80	196	240	0	2304	0	672	192	4224	432	

704	112	1968	160	80	32	3824	480	192	0	 ***
0	192	160	400	144	624	80	160	608	5184	
320	148	192	80	32	432	672	384	836	4456	
0	432	192	0	0	160	704	320	1288	4456	
512	276	144	80	0	80	432	560	916	4552	
480	480	272	224	436	224	196	240	164	4836	
0	160	1728	0	240	96	0	512	4576	240	
0	436	272	0	0	192	704	192	196	5560	
192	112	0	32	240	1072	80	1348	0	4476	
304	80	192	0	80	400	400	32	2796	3268	
160	0	112	144	640	224	160	240	784	5088	
160	0	80	432	112	32	480	4688	272	1296	
432	272	80	448	800	404	0	0	224	4892	
32	304	32	0	192	192	560	0	1996	4244	
0	112	576	0	0	160	784	400	4844	676	
0	116	192	80	0	384	672	2208	900	3000	
80	432	224	32	0	160	672	2128	1016	2808	
64	480	0	160	224	304	628	960	0	4732	
116	0	80	576	192	352	240	0	320	5676	
432	112	192	320	1072	144	80	0	480	4720	
192	480	224	0	1904	64	4448	0	80	160	

192	32	480	560	0	544	1256	640	4056	304	 ***
1504	160	160	308	0	512	3964	272	1072	112	
704	112	416	240	80	32	2332	400	512	3236	
784	112	352	164	432	32	3688	1040	192	1268	
704	112	352	160	80	32	4492	512	512	1108	
704	112	388	160	432	32	3020	2944	272	0	
896	112	724	160	432	32	4892	624	192	0	
1024	752	352	224	80	32	812	560	192	4036	
704	116	544	160	80	784	2008	3476	192	0	
192	1968	512	1880	304	0	2072	960	176	0	
320	1424	1088	1172	0	400	3084	176	0	400	
736	192	352	160	80	32	1916	400	864	3332	
112	1264	32	320	240	32	3856	784	432	992	
736	112	352	160	80	32	2588	400	272	3332	
176	80	1040	352	384	0	3172	2188	352	320	
144	1744	1268	704	0	0	116	0	752	3336	
32	688	0	160	0	1392	2772	160	2428	432	
0	80	176	0	1184	512	4768	80	880	384	
112	0	592	560	752	0	2312	744	1264	1728	
400	144	32	240	0	432	4720	160	992	944	
704	112	992	160	400	112	196	2996	2392	0	
1216	592	672	400	80	36	4652	336	0	80	
704	112	992	352	80	116	3788	592	1328	0	
432	0	432	0	224	560	4120	1140	0	1156	
736	112	420	480	1312	64	2380	2368	192	0	
1376	112	384	160	80	32	3632	720	192	1376	
704	144	1456	160	80	32	3168	1152	192	976	

224	1888	480	560	0	1040	1392	640	2852	304	 ***
160	1360	384	0	1024	352	0	672	4580	848	
2356	1504	32	32	512	672	0	0	912	3360	
352	832	480	592	0	544	1824	640	3972	144	
352	752	576	672	272	432	800	32	5492	0	
352	672	480	560	0	480	2868	640	2416	912	
32	240	240	64	1392	144	1104	432	5396	336	
1152	592	1840	0	0	352	5076	0	224	144	
880	432	800	112	1632	256	4372	304	592	0	
192	192	480	560	640	544	1424	1072	4132	144	
992	32	1152	720	0	480	4948	640	304	112	
192	672	480	752	0	704	1728	640	464	3748	
0	400	192	224	2128	64	160	432	4660	1120	
240	64	0	0	464	80	944	3392	3764	432	
1840	112	272	960	32	112	192	160	4324	1376	
192	32	1120	560	192	432	1456	640	3972	784	
192	32	512	720	0	544	2912	832	3492	144	
1104	32	192	0	0	1200	32	5268	688	864	
992	672	672	432	624	384	240	752	4100	512	
256	400	1792	1104	224	0	752	32	4340	480	
0	640	112	1280	304	800	304	432	4884	624	
352	144	160	464	656	1600	1072	0	4660	272	
992	32	480	752	0	400	1328	1280	4004	112	
192	352	480	624	0	544	1184	1920	3940	144	
832	192	480	560	0	544	432	2928	3236	176	
192	672	480	1200	0	480	4948	672	464	272	
384	672	880	32	832	592	416	320	4452	800	
352	32	1120	272	0	464	1936	640	944	3620	
912	0	544	0	1152	1024	0	512	4244	992	
224	80	544	560	0	1216	640	224	4420	1472	
1664	80	256	560	0	640	336	0	1392	4452	
0	1120	912	0	112	1024	672	4036	352	1152	
192	192	480	752	0	400	1968	2836	2416	144	

2000	1808	480	672	640	0	0	2384	0	1664	 ***
672	80	0	0	0	1792	0	640	3040	3424	
1520	0	2240	384	992	0	144	0	2400	1968	
0	2000	640	240	544	176	1536	784	3728	0	
160	864	0	512	784	1888	4416	0	912	112	
0	0	320	320	2352	112	992	0	832	4720	
144	672	320	640	0	960	912	4704	464	832	
192	1776	320	480	0	1152	1936	640	2848	304	
0	32	400	64	992	480	4656	1120	0	1904	
2432	1104	640	352	672	880	3376	0	0	192	
272	992	352	1600	240	64	96	640	4800	592	
544	544	64	592	0	80	1680	880	5264	0	
192	0	2112	464	160	880	512	2224	3104	0	
64	672	320	1200	80	960	4896	640	432	384	
1584	1392	352	80	704	1312	0	32	3792	400	
224	192	160	592	784	480	784	1184	5248	0	
32	1856	480	560	0	960	1328	640	2800	992	
672	1280	80	896	160	704	3616	640	1600	0	
112	640	352	720	0	960	1136	1472	4064	192	
64	1760	480	480	0	1072	1584	960	3056	192	
64	1856	480	480	0	1120	3664	640	1152	192	
0	672	64	544	864	1792	1168	0	3664	880	
144	672	320	480	0	960	4896	1280	464	432	
880	192	160	640	160	0	192	1520	5904	0	
320	32	1440	112	800	80	80	832	3616	2336	
112	640	320	480	0	992	1056	4624	432	992	
640	64	640	0	1280	1264	624	1808	3328	0	
32	1856	512	480	0	1040	3664	1280	432	352	
240	672	144	832	288	1760	1216	1232	3264	0	
144	672	480	640	0	2128	3680	1280	432	192	
704	224	320	576	1440	1360	0	2832	2192	0	
192	112	384	432	752	3168	992	32	3584	0	
560	832	0	1120	0	400	4480	144	960	1152	
832	80	224	1776	880	864	512	112	4368	0	
848	800	1280	192	640	2704	3120	0	64	0	
0	672	400	480	0	960	1024	4656	592	864	
192	0	752	160	752	480	3392	0	3296	624	
144	672	1312	320	0	960	1392	640	3056	1152	
1600	80	1920	960	64	224	400	0	3728	672	
0	0	32	320	2144	880	544	384	4992	352	
0	1888	0	1280	624	688	1200	32	3936	0	
64	752	752	480	0	960	1712	672	4064	192	
240	320	1024	496	1472	64	0	0	3696	2336	

320	512	1312	0	352	1472	0	1472	304	3680	 ***
112	80	272	432	400	880	4336	352	1120	1440	
224	1040	640	832	640	720	3360	352	0	1616	
304	1200	480	752	832	1120	0	1136	0	3600	
224	1040	720	32	1120	0	4400	352	0	1536	
1040	2464	112	992	944	320	2352	1200	0	0	
1056	1344	560	192	640	80	240	2048	1120	2144	
384	1040	640	672	832	1760	0	1680	0	2416	
544	1040	560	672	1440	240	3280	32	0	1616	
224	1520	560	832	880	80	0	3104	400	1824	
384	1040	1200	672	640	0	0	1984	160	3344	

1216	320	560	0	144	592	3344	304	960	0	 ***
320	512	432	0	352	832	0	1200	2672	1120	
320	192	592	0	768	832	0	1200	304	3232	
320	192	592	0	464	832	0	1392	336	3312	
320	480	432	0	352	832	2336	1200	272	1216	
320	512	464	0	352	832	0	1520	544	2896	
320	512	432	0	320	1024	160	1200	240	3232	
560	640	352	592	0	960	192	240	432	3472	
1376	352	432	0	784	832	0	1232	304	2128	
320	352	432	0	352	832	0	1200	2672	1280	
192	1520	1936	32	240	256	3232	32	0	0	
240	160	160	80	320	352	1504	320	2752	1552	
160	1696	80	160	1072	400	192	0	1616	2064	
320	512	432	0	272	832	0	1280	2672	1120	
1232	160	0	1536	512	336	0	0	2992	672	
720	352	1456	1232	1312	144	1104	1120	0	0	
1104	0	1760	464	576	0	2432	1104	0	0	
320	480	432	0	320	832	2144	1392	432	1088	
320	352	464	0	352	992	0	1264	304	3392	
512	80	192	160	0	1232	1744	224	0	3296	
160	1824	608	1232	240	736	0	1088	0	1552	
720	320	992	240	400	80	0	3776	880	32	
480	512	432	0	352	832	0	1360	576	2896	
800	512	1584	672	416	176	0	0	2336	944	
1232	80	672	272	704	512	320	240	112	3296	

320	804	320	656	0	324	3120	1360	4	672	 ***
644	960	1120	0	2292	0	704	0	228	1632	
960	324	640	164	112	240	3840	400	900	0	
740	640	644	0	240	244	1872	2240	960	0	
820	320	560	0	80	240	1768	480	1184	2128	
500	800	320	0	64	1588	3444	32	480	352	
4	80	352	240	752	192	3780	1476	32	672	
800	864	1488	196	0	192	80	2564	1396	0	
352	1796	672	160	0	352	2320	772	516	640	
816	324	800	0	144	324	2000	116	3056	0	
192	192	1200	280	560	0	1408	916	2832	0	
88	916	640	192	272	1120	864	0	3488	0	
224	512	160	512	240	244	1312	968	3408	0	
80	484	1280	868	0	0	480	3204	0	1184	
1120	352	596	0	272	272	3336	736	896	0	
80	32	160	116	32	320	2404	192	672	3572	
160	320	272	1152	164	0	272	3540	672	1028	
800	160	416	1044	0	160	752	3572	272	404	
352	436	320	516	112	0	3056	240	1104	1444	
1364	560	560	0	160	404	1440	224	2868	0	
816	320	560	272	192	752	1440	164	3060	4	
816	352	640	0	112	560	1800	148	864	2288	
656	484	560	0	112	240	3968	232	1168	160	
160	112	992	356	756	0	3620	672	752	160	
272	0	0	68	432	148	320	3316	752	2272	

624	2660	0	800	0	80	320	1440	2952	800	 ***
2144	1208	0	0	432	320	1348	800	160	3264	
832	480	160	80	0	512	2416	2732	1312	1152	
884	0	320	992	640	84	784	400	2516	3056	
480	1444	320	1136	640	324	1472	3376	4	480	
0	960	1504	304	0	720	3724	672	1040	752	
0	564	1824	3284	80	768	0	352	2724	80	
560	804	480	1168	800	164	3760	1616	4	320	
304	720	2224	1120	160	512	676	2888	992	80	
1188	112	84	1152	720	1712	3108	1280	320	0	
320	1604	960	976	0	404	1344	1408	4	2656	
4	2116	2704	0	192	320	2468	752	560	560	
640	0	640	2196	992	1472	868	1636	1232	0	
560	464	0	512	404	1128	0	1664	1360	3584	
320	964	480	976	0	804	1616	1136	644	2736	
352	1280	0	0	400	1152	3288	1200	640	1364	
320	804	800	1616	0	164	1312	2128	388	2144	
320	804	960	736	0	484	1616	3712	4	1040	
320	1764	320	1056	160	244	1504	1008	644	2656	
480	1444	320	656	0	484	2864	1840	484	1104	
320	1844	816	656	720	276	3232	1008	4	800	
1920	440	2096	912	640	484	0	2672	80	432	
1040	272	352	320	0	1312	960	324	3188	1908	
112	800	644	80	832	320	964	884	1536	3504	
272	2272	0	2144	1152	968	352	2512	0	4	
800	432	240	1200	320	672	144	4	2516	3348	
320	884	432	1456	0	564	3072	1840	4	1104	
884	912	432	240	1024	2496	672	240	720	2056	
432	516	1072	0	480	4	3812	2480	880	0	
1040	1124	320	656	640	484	1216	3392	4	800	
320	244	880	976	0	884	1424	1648	644	2656	
400	884	480	624	0	884	1072	3812	960	560	
596	304	640	464	912	2352	2292	480	0	1636	

400	884	672	384	628	432	0	560	2976	804	 ***
624	516	0	832	80	272	512	1280	1368	2256	
1040	240	800	848	324	0	832	0	1256	2400	
272	964	144	80	516	240	800	720	3364	640	
480	480	560	852	160	1504	324	436	2944	0	
992	484	272	0	160	560	640	592	3408	632	
2116	484	432	0	880	160	2128	500	1040	0	
800	1392	240	400	80	36	1120	832	2840	0	
624	916	0	800	0	80	480	800	1752	2288	
160	224	160	320	32	160	4024	1040	308	1312	
676	832	352	320	0	400	356	0	2660	2144	
32	804	560	320	1280	788	404	512	3040	0	
784	516	0	800	240	80	864	832	2824	800	
2724	624	484	720	832	0	1312	448	596	0	
0	240	160	640	800	192	2868	836	84	1920	
480	948	1392	272	0	0	3056	244	948	400	
416	720	0	672	884	0	1844	2640	324	240	
624	836	0	960	0	240	432	800	1208	2640	
784	2228	0	800	272	240	432	800	1384	800	
512	244	436	416	1040	400	0	3472	1024	196	
864	676	32	2384	0	80	480	800	1784	640	
656	2256	544	1120	0	80	0	960	1164	960	
148	864	320	1792	560	400	436	0	2592	628	
624	516	0	800	32	560	592	960	1400	2256	
336	192	400	324	84	1312	80	640	2560	1812	
480	304	196	1732	1776	192	2500	560	0	0	
512	112	320	1280	676	0	704	400	720	3016	
1584	160	464	0	0	880	160	200	3540	752	
568	592	144	2528	32	0	880	164	2352	480	

80	512	160	2052	800	160	160	432	3044	804	 ***
272	832	400	144	1396	1028	0	352	832	2948	
36	1488	832	1184	512	144	884	0	160	2964	
400	720	644	144	992	512	224	1508	3060	0	
400	880	992	240	948	432	0	784	1044	2484	
164	704	164	0	832	1504	2772	0	624	1440	
480	144	276	240	640	944	724	80	3124	1552	
592	916	672	496	948	496	0	1072	2448	564	
960	0	384	480	192	0	3476	1120	356	1236	
32	276	400	192	560	84	196	1952	3968	544	
160	960	960	544	784	1044	0	704	2964	84	
1120	1664	272	224	544	756	3072	0	0	552	
400	880	672	272	868	752	384	560	2820	596	
400	912	704	672	628	624	0	560	1732	1972	
468	512	64	480	512	0	2768	1108	1936	356	
656	788	352	304	1344	1076	3088	596	0	0	
1200	480	160	436	1044	320	2048	32	2484	0	
480	628	848	672	196	1760	240	96	2564	720	
400	880	672	784	944	1936	0	480	1512	596	
36	516	800	0	176	512	512	752	3140	1760	
400	960	800	800	112	788	144	1092	2756	352	
64	832	80	112	0	800	1024	404	948	3940	
320	0	196	912	784	80	1472	512	3128	800	
672	480	356	0	1024	0	1252	3472	388	560	
400	160	896	32	256	648	0	564	3856	1392	
400	1200	704	352	1104	432	0	512	1016	2484	
400	880	752	624	820	432	0	800	1012	2484	
432	880	624	496	628	432	0	720	3076	916	
720	80	1136	784	392	400	784	352	2832	724	
948	512	160	672	356	224	624	720	3988	0	
80	1312	276	2016	320	352	1764	0	592	1492	
676	564	272	1392	2208	640	0	0	432	2020	
704	400	2788	752	0	832	400	1140	1188	0	
836	1072	832	880	160	4	164	464	2672	1120	
592	404	320	224	84	676	3072	1264	1248	320	
432	916	672	272	628	752	192	880	2864	596	
1040	912	672	240	500	432	0	560	3364	484	

848	192	1188	0	880	432	1536	0	2400	472	 ***
1040	240	404	784	0	272	756	1232	2980	240	
640	800	752	112	1072	912	0	1604	2056	0	
1280	672	196	324	672	0	0	2384	1700	720	
80	432	240	2212	1120	192	320	432	1732	1188	
80	432	160	868	960	320	160	512	1924	2532	
836	560	0	432	320	640	0	1200	3108	852	
164	160	160	116	400	1072	1872	720	352	2932	
80	592	160	996	2352	0	400	432	1700	1236	
80	432	160	708	960	160	240	560	3848	800	
112	512	544	2308	800	160	240	432	2036	804	
1040	352	80	436	320	160	992	436	1312	2820	
400	160	192	752	80	256	512	1284	3032	1280	
192	512	160	2228	944	240	160	464	1668	1380	
1504	320	400	1556	400	0	304	804	1588	1072	
752	432	320	676	992	160	160	432	3140	884	
340	0	352	0	640	320	3144	0	832	2320	
160	464	240	2052	800	160	160	1104	2004	804	
0	624	484	868	320	240	1360	32	4020	0	
484	112	32	560	740	1424	640	2352	1280	324	
80	512	240	676	800	160	160	512	2276	2532	
80	520	560	112	624	320	1552	192	3588	400	
80	304	240	2148	880	160	80	896	2196	964	
160	352	160	756	484	80	160	3664	1492	640	

0	560	352	192	2048	916	304	720	800	1912	 ***
160	80	436	272	324	32	3972	640	592	1296	
480	352	240	560	80	164	3300	148	704	1776	
976	672	1236	304	80	272	2132	1108	880	144	
304	224	864	80	880	560	272	0	1920	2700	
224	416	1812	0	880	512	1536	0	1920	504	
276	352	404	272	1360	400	2964	832	720	224	
240	192	1252	160	880	592	2176	0	1920	392	
80	80	224	1616	436	996	1200	2980	192	0	
560	480	272	356	0	560	3412	272	1104	788	
484	400	164	240	832	736	352	272	480	3844	
400	192	900	0	880	544	304	0	4032	552	
80	400	160	144	196	400	756	3988	864	816	
192	112	112	228	880	240	400	1316	4052	272	
1312	0	960	0	304	1908	1232	516	1236	336	
400	416	592	884	240	836	2036	112	992	1296	
240	256	864	160	880	400	2260	0	2352	392	
480	1056	160	384	240	1120	0	640	916	2808	
80	0	80	352	720	464	3660	592	800	1056	
224	192	916	32	880	592	2224	0	2352	392	
720	224	1188	0	2176	432	272	0	2080	712	
304	224	1188	160	880	464	2240	32	1920	392	

80	4	80	160	0	192	1040	2256	5532	192	 ***
80	1444	352	0	276	432	720	624	512	5096	
720	36	992	832	240	1120	640	4844	0	112	
1232	360	960	672	1904	0	352	164	1732	2160	
32	1232	0	0	800	640	0	512	1620	4700	
192	1072	144	84	320	640	320	720	944	5100	
1204	720	948	0	1152	192	352	672	992	3304	
384	1232	32	0	1896	832	560	512	1764	2324	
480	1904	0	32	672	752	1204	3836	80	576	
720	2208	192	1120	80	800	0	3392	160	864	
160	800	320	160	624	1072	624	1520	1120	3136	
544	1604	80	2420	276	1040	0	2900	0	672	
80	160	1552	160	880	320	144	1396	352	4492	
112	164	80	1040	432	384	1200	2856	80	3188	
0	400	160	160	1536	404	1744	1040	2740	1352	
0	320	320	160	1424	404	308	1600	1632	3368	
0	800	228	32	2736	320	320	1680	880	2540	
0	480	800	800	896	240	340	400	480	5100	
80	320	196	592	240	960	480	5108	384	1176	
0	756	64	2400	400	32	720	192	432	4540	
0	320	160	560	624	888	2244	960	480	3300	
0	432	1280	884	624	676	784	1076	672	3108	

0	240	676	0	1920	112	80	2964	3688	240	 ***
80	4	240	808	0	864	1680	1584	2692	1968	
752	192	0	800	0	1284	0	740	3816	2336	
400	88	112	160	80	352	1040	1424	4872	1392	
84	36	80	160	0	192	1680	3920	3460	308	
1360	0	80	548	800	0	644	3028	3460	0	
1396	0	196	788	0	1280	272	0	5188	800	
640	244	80	240	0	224	1040	3476	2500	1476	
272	164	80	160	0	516	1200	2336	4120	1072	
80	724	752	160	0	192	1872	2020	2548	1572	
352	4	272	512	0	192	1120	1584	4812	1072	

160	672	720	80	464	84	1200	32	5708	960	 ***
880	164	192	0	112	80	2836	672	5064	80	
1024	80	1360	320	1344	432	3416	1352	752	0	
0	240	676	80	1120	144	80	3492	2288	1960	
720	32	592	1956	160	84	720	80	832	4904	
752	916	1392	544	1504	0	660	2320	1992	0	
0	240	708	0	1124	144	80	2528	2308	2948	
1120	272	1152	1040	0	0	4700	1264	304	228	
0	80	804	720	240	0	2948	640	32	4616	
0	240	676	0	1120	192	240	3092	1572	2948	
0	272	708	0	1120	112	80	3448	1780	2560	
2352	0	992	112	1600	4	4188	640	32	160	
224	1280	0	1280	0	672	160	400	160	5904	
800	720	196	160	992	752	0	2968	3172	320	
0	240	676	80	1120	192	752	2372	1700	2948	
1444	1588	912	400	0	2064	112	3476	84	0	
1956	992	1392	276	0	1952	80	3400	32	0	
800	516	32	640	64	720	356	1872	5080	0	

160	672	960	80	752	80	1204	468	4500	1120	 ***
164	240	160	0	224	0	944	1472	5832	960	
272	0	704	2392	0	240	4352	160	0	1876	
160	160	672	80	832	112	3648	0	2712	1620	
192	1312	0	80	144	1316	720	352	3960	1920	
160	704	800	240	544	80	1200	352	4956	960	
32	1680	80	32	32	432	880	272	4632	1924	
80	672	1392	1716	144	84	560	352	3876	1120	
1752	640	672	640	752	320	80	160	4740	240	
80	672	640	640	416	756	560	272	3284	2676	
144	0	160	240	832	1472	0	3744	3400	4	
0	0	720	400	32	192	4568	0	3284	800	
672	644	160	1280	1380	0	2720	3140	0	0	
324	672	544	3176	0	0	4400	240	640	0	
0	1024	1508	0	32	0	804	5348	400	880	
240	672	1280	240	144	80	1040	1312	4028	960	
752	80	160	0	1520	0	1796	720	4968	0	
1204	832	1040	0	112	672	276	0	1040	4820	
0	0	80	1424	0	2960	1200	68	0	4264	
512	912	640	160	0	80	0	320	1988	5384	
80	676	640	480	176	356	560	192	4592	2244	
0	160	192	1792	880	1200	336	644	4792	0	
0	2192	1472	308	592	992	240	0	4200	0	
80	640	0	352	0	320	3208	1312	4004	80	
160	672	640	240	304	80	1952	1664	2680	1604	
2436	720	1072	112	240	240	0	4164	0	1012	
112	2512	1280	160	0	0	0	912	3720	1300	
800	320	80	912	1200	400	80	800	5180	224	
80	1312	192	80	160	1040	640	5788	704	0	
240	832	672	112	784	84	720	1392	2484	2676	
0	800	960	640	320	320	352	5180	1424	0	

1280	0	1512	240	192	0	0	1552	192	5188	 ***
880	1520	1580	400	0	32	592	0	3632	1520	
160	32	752	800	1120	672	0	804	4936	880	
1072	956	672	0	1440	320	160	304	5232	0	
320	240	160	640	2116	432	960	0	4968	320	
1040	800	704	1476	80	80	0	880	4376	720	
160	672	640	80	832	80	1200	1072	3312	2108	
400	0	400	960	352	0	2032	272	4940	800	
1044	160	752	1508	400	160	1024	944	3444	720	
2352	240	1468	0	272	0	912	320	4080	512	
80	0	1120	640	352	1040	272	800	5100	752	
720	272	112	320	2516	464	0	0	4792	960	
32	640	640	0	432	912	2272	32	0	5196	
0	1440	80	400	1312	1592	400	0	4836	96	
80	160	944	240	1984	1040	512	640	4556	0	
160	672	640	80	752	400	1200	592	4460	1200	
1960	32	1440	1476	1072	320	0	0	2272	1584	
1588	240	1680	464	0	80	0	4328	0	1776	
320	672	640	80	752	80	1200	752	3588	2072	
80	1200	192	0	240	1120	880	864	4156	1424	
976	0	560	0	0	320	752	1360	5516	672	
160	0	144	0	1680	0	240	5004	1856	1072	
160	672	720	80	752	80	1200	432	4380	1680	
0	352	1120	1312	1124	0	1696	0	3720	832	
960	464	320	0	1552	32	592	800	5036	400	
720	240	240	112	640	320	484	1744	5496	160	
112	960	1280	480	1552	0	320	5196	192	64	
432	320	1280	880	672	160	1120	0	4876	416	
0	880	800	752	80	672	160	4748	1424	640	
160	672	640	80	752	160	1200	1312	3108	2072	
1396	800	320	0	32	0	752	960	5176	720	
160	672	640	640	752	80	1200	1028	2912	2072	
1676	0	912	0	672	0	3296	1712	1776	112	
0	880	0	912	880	192	4432	672	2188	0	
160	708	640	0	864	160	2040	1392	2912	1280	
320	672	720	80	752	400	1200	2860	2032	1120	
160	80	0	640	0	0	4972	432	992	2880	
0	704	224	544	1360	1120	992	960	4252	0	

0	0	112	2044	500	240	3600	0	1952	272	 ***
1280	0	164	84	160	0	80	1904	512	4536	
1120	352	640	80	160	160	3148	832	2228	0	
1280	996	804	0	360	0	0	1264	576	3440	
1760	912	0	912	0	0	1616	2944	0	576	
656	2196	84	240	0	640	0	1824	0	3080	
1268	0	432	0	0	596	2400	3944	80	0	
720	160	192	80	116	640	0	1504	0	5308	
2568	788	244	352	32	0	0	1232	224	3280	
1476	1232	324	80	232	0	0	1744	272	3360	
1280	916	804	84	148	0	0	1232	1104	3152	
1280	32	468	880	1264	0	0	1472	604	2720	
592	80	1400	0	720	320	1924	80	0	3604	
1120	0	196	160	112	192	0	1792	624	4524	
2080	1236	248	112	272	0	0	1696	272	2804	
1920	80	164	272	32	0	0	2756	424	3072	
1520	112	164	80	32	0	2940	832	272	2768	

0	80	32	1760	308	240	3572	0	1552	272	 ***
0	160	640	0	192	80	3812	672	1620	640	
80	80	0	0	192	0	4872	0	1200	1392	
480	0	512	640	160	32	4996	676	240	80	
480	32	800	320	720	0	4756	432	116	160	
432	80	0	992	84	0	4868	0	1120	240	
0	0	32	1680	308	240	3812	0	1440	304	
800	112	0	400	0	160	5144	560	320	320	
1428	0	0	0	0	672	0	3168	2548	0	
0	240	0	0	480	80	4916	0	1140	960	
0	160	160	804	320	560	4516	1056	240	0	
320	80	112	880	0	144	4920	0	320	1040	
0	0	0	2324	500	432	3024	0	1536	0	
800	160	32	0	0	0	4840	640	1264	80	
0	0	480	0	0	0	5192	160	1984	0	
0	960	480	720	0	0	4696	0	960	0	
240	240	672	0	0	0	5396	432	0	836	
0	0	880	0	0	0	5188	0	1748	0	
0	160	80	432	80	0	5480	240	1344	0	
160	0	32	1760	308	240	4564	0	752	0	
0	0	596	1840	308	240	3296	0	1536	0	

160	80	164	800	944	80	4840	0	1152	560	 ***
0	80	160	720	576	240	4844	0	1280	880	
0	720	0	0	0	0	2080	2256	272	3452	
640	240	400	80	800	804	3224	80	2512	0	
1440	0	80	0	0	80	3912	1472	1604	192	
80	240	640	1360	304	116	4276	1120	480	164	
160	880	0	0	0	800	0	3208	800	2932	
1120	0	196	0	240	0	5272	0	640	1312	
160	1600	0	0	80	80	80	1012	5768	0	
640	80	880	1076	304	160	3768	0	1392	480	
0	272	0	272	320	644	3384	0	880	3008	
720	160	1040	0	0	0	5400	432	592	436	
160	240	144	0	160	0	3208	2788	0	2080	
0	1072	0	240	960	0	4760	0	964	784	
80	0	644	0	1712	240	3304	0	1104	1696	
0	160	160	1360	400	720	1024	0	4956	0	
0	1604	0	0	0	160	560	1296	5000	160	
160	0	0	1472	0	800	2908	2480	960	0	
480	640	0	4	160	0	3096	1584	2816	0	
0	400	0	640	272	80	3688	32	1124	2544	
116	640	240	2280	0	1040	160	0	0	4304	
0	1072	0	272	880	0	5240	240	164	912	
0	0	1752	80	320	720	4468	160	1280	0	
1720	0	0	160	0	160	880	880	0	4980	
0	0	832	320	0	1360	3256	0	2656	356	
0	240	640	112	880	0	5080	0	228	1600	
1872	0	80	484	1624	0	4560	0	160	0	
0	80	160	0	0	0	5736	880	1444	480	
0	2984	720	640	0	0	240	3440	116	640	
992	0	1256	0	240	0	5296	116	0	880	
160	240	0	0	80	720	4212	3128	240	0	
1440	320	704	0	160	628	0	560	4968	0	
160	160	160	1600	992	240	4792	0	480	196	
160	80	800	4	0	80	3544	640	160	3312	
160	832	804	640	512	240	5112	0	0	480	
2488	912	0	240	0	0	0	0	1920	3220	
0	0	400	80	0	320	640	0	5704	1636	

964	720	756	0	0	1104	4596	112	0	480	 ***
1520	644	272	916	0	0	800	3376	0	1204	
2032	192	0	0	68	640	3236	0	1444	1120	
240	80	0	1632	160	0	1684	0	4052	884	
2392	2228	880	0	272	0	720	80	2160	0	
112	800	192	804	160	676	2884	2464	640	0	
224	80	164	1360	992	112	3848	800	832	320	
160	160	0	672	84	800	4312	2032	0	512	
80	0	1552	880	0	32	3692	880	1616	0	
1520	632	0	0	0	832	4276	80	672	720	
640	0	0	1540	160	80	640	5032	0	640	
112	80	1104	880	0	160	4636	0	1760	0	
0	0	640	800	800	916	4456	880	240	0	
800	164	1760	1188	160	32	3792	676	80	80	
0	80	64	640	1440	0	2536	0	992	2980	
160	80	240	800	944	0	3932	32	1392	1152	
992	720	192	640	0	80	3172	160	2136	640	
0	1780	512	640	800	0	3048	0	1392	560	
800	0	192	640	1188	80	0	640	0	5192	
432	160	160	1312	880	80	4556	0	672	480	
752	80	0	640	1668	0	800	0	4712	80	
0	80	160	720	832	0	2472	0	3156	1312	
0	160	352	1360	944	0	3048	0	912	1956	
0	1380	480	0	640	0	1876	0	1828	2528	
80	0	160	644	112	800	2180	320	752	3684	
160	912	640	752	80	320	4356	200	1312	0	
0	640	2352	484	0	0	1440	0	3816	0	
160	0	0	2144	1312	480	3960	4	640	32	
640	0	1360	160	640	0	3400	80	192	2260	
720	160	640	80	1188	160	4120	224	0	1440	
0	884	1392	0	0	912	0	2112	2404	1028	
1312	880	32	1072	0	320	4436	400	280	0	
192	880	992	832	800	672	3960	164	240	0	

0	0	1552	0	0	0	5000	1896	752	160	 ***
32	0	320	160	1396	404	3800	3248	0	0	
2852	80	984	0	0	1632	3172	240	0	400	
720	0	640	0	672	2372	804	0	0	4152	
1312	80	832	160	0	32	6112	480	0	352	
832	720	864	160	0	352	6112	0	0	320	
3172	272	756	0	0	516	4244	0	0	400	
640	80	1424	0	672	112	6112	0	0	320	
0	640	2276	0	400	320	5084	640	0	0	
352	400	640	80	2952	1280	3656	0	0	0	
3284	40	0	32	1524	0	3776	704	0	0	
1040	80	784	0	192	32	6112	160	0	960	
160	0	0	64	1472	0	0	720	2572	4372	
640	164	720	0	352	32	5448	1044	0	960	
2740	1280	0	0	0	160	4220	160	160	640	
2320	80	1104	0	0	1636	3068	752	0	400	
640	0	1152	164	1440	1668	4216	80	0	0	

1796	0	0	1072	164	1072	3672	1792	0	0	 ***
800	640	640	0	304	2676	3992	320	0	196	
0	0	320	1440	80	0	4280	36	3092	320	
1536	480	0	0	832	0	4048	1760	0	912	
160	0	32	720	32	0	6224	640	960	800	
0	0	1684	720	0	0	3616	1780	1140	628	
480	0	640	0	0	192	4020	1812	752	1672	
0	192	800	0	0	0	4404	1900	1872	400	
960	0	916	352	800	1040	4712	80	708	0	
0	672	3332	0	160	512	3612	0	0	1280	
0	2468	0	32	0	400	800	0	4908	960	
4	160	2260	384	0	0	0	5160	800	800	
160	2260	0	800	0	800	160	4316	240	832	
384	0	0	1120	0	640	5484	1344	276	320	
1952	672	160	2196	0	320	3880	0	0	388	
80	0	0	1092	160	0	4032	4204	0	0	
160	0	0	2148	160	1312	384	5164	80	160	
32	960	0	480	672	0	0	1348	320	5756	
0	880	752	1360	480	512	4624	960	0	0	
0	320	960	80	0	0	4084	2140	752	1232	
2628	1780	640	480	0	80	0	3688	272	0	

2064	800	0	192	320	320	4076	1076	880	868	 ***
0	0	480	1424	0	80	3640	452	160	4360	
672	800	672	2544	0	0	3524	192	800	1392	
752	240	192	324	0	800	6316	1572	160	240	
324	0	2240	0	1904	64	1844	3144	1076	0	
672	1152	880	0	352	0	2712	4556	272	0	
1664	352	640	1280	912	512	4836	400	0	0	
1024	0	960	1232	244	1072	4240	1824	0	0	
432	640	80	32	1792	832	4196	640	1440	512	
480	640	192	1844	160	0	1860	1120	4300	0	
240	272	1348	1312	1792	480	4124	640	388	0	
80	160	2484	112	1040	1616	0	4272	832	0	
32	640	1764	80	1392	640	4256	880	0	912	
0	800	160	0	32	160	4144	356	3984	960	
1632	80	32	1040	160	1072	4084	1472	1024	0	
800	160	1440	0	352	160	4224	3220	80	160	
964	240	320	1024	0	96	160	4220	2532	1040	
320	800	112	112	0	240	4224	2912	1876	0	
640	1824	80	4	192	160	4464	1632	800	800	
1440	480	800	144	1392	2032	3988	0	320	0	

672	832	676	1524	800	0	3948	560	192	880	 ***
192	1392	0	80	0	1760	3836	384	920	1520	
160	832	800	1040	0	432	1796	3980	400	644	
804	320	320	832	0	160	504	640	2820	3684	
384	0	0	640	2776	880	960	1664	2780	0	
32	32	1600	752	1988	1040	0	3840	0	800	
0	192	192	640	1044	1312	3968	2336	0	400	
640	704	832	1444	0	240	3856	608	0	1760	
1600	320	672	80	324	84	2960	228	3784	32	
640	3456	32	80	0	740	880	0	3504	752	
704	0	320	324	80	1584	5116	0	1316	640	
1632	640	0	32	1156	480	3472	432	1440	800	
32	0	0	1040	1280	2292	1540	2140	0	1760	
0	752	160	320	64	1828	5276	964	0	720	
1140	0	0	240	672	800	820	560	320	5532	
1792	160	640	384	160	80	4316	480	1664	408	
0	192	4	240	2512	640	36	4340	2120	0	
1632	640	0	32	320	320	3948	600	1792	800	
516	1636	1280	0	192	800	4236	320	272	832	
1664	640	800	32	320	320	3948	760	800	800	
864	64	640	0	1924	464	1072	404	4652	0	
1280	800	0	160	1664	2096	672	3088	0	324	
320	352	4	0	160	1600	672	4908	1988	80	
1280	1552	1072	0	0	160	4372	624	192	832	
320	192	32	832	3496	1124	0	0	2536	1552	
512	0	800	1632	1600	752	2132	2496	160	0	
32	384	724	1632	0	672	3876	1280	1484	0	
400	356	1744	1312	884	0	4204	672	512	0	
960	804	164	1440	160	64	4188	352	0	1952	
32	640	512	1120	864	644	4124	644	160	1344	
1572	1680	960	1936	320	728	2696	0	192	0	
640	112	1236	0	640	2416	0	4	3436	1600	
1632	640	0	36	352	1120	3948	756	800	800	
2272	640	0	112	320	320	3904	756	960	800	
160	32	1604	64	2564	0	240	992	0	4428	
752	832	1360	0	1496	160	0	40	112	5332	
0	884	0	160	320	864	4028	2356	1120	352	
644	864	1280	672	80	32	0	404	4572	1536	
0	1072	832	640	1200	804	4112	112	0	1312	
0	112	96	80	1120	1280	0	2596	4160	640	
1600	240	160	480	640	100	4112	240	2512	0	
0	752	880	32	800	32	0	720	1896	4972	
1632	644	320	672	480	320	3948	436	832	800	
116	0	480	80	1424	1120	3968	704	800	1392	
436	640	320	1600	1120	80	3948	512	1392	36	
320	112	960	1152	1024	160	3952	164	1360	880	
1824	1632	192	0	644	320	2796	1076	800	800	
2512	160	912	324	480	0	0	800	1312	3584	
1812	1776	164	480	0	160	4	1312	4376	0	

