#9024.48	26616	29325	0	0	 39 ***
#9120.77	25319	29325	0	0	 33 
#9420.44	19836	29325	0	0	 31 
#9128.6	22426	29325	0	0	 28 
#7977.63	30409	29325	0	0	 16 
#9126.47	24170	29325	0	0	 3 

8900.02	20825	25246	7	338	 96 ***
8904.11	18406	25246	12	560	 63 
8900.54	20050	25246	8	576	 44 
10097.8	19209	25246	8	701	 39 
8902.89	19583	25246	10	542	 24 
7818.62	15830	25246	16	315	 18 
8903.41	19747	25246	7	446	 7 

10142.8	16671	26494	76	2822	 100 ***
9064.32	18571	26494	42	1568	 97 
10149.6	17942	26494	43	1950	 97 
8159.02	20393	26494	76	2396	 93 
8967.13	17253	26494	80	2835	 93 
10139.4	18236	26494	48	2228	 62 
10145.7	15881	26494	78	2556	 55 
8953.95	20039	26494	6	106	 54 
10152.5	20864	26494	4	267	 51 
9334.45	18433	26494	47	2160	 49 
8947.84	22828	26494	63	2563	 46 
8948.42	19623	26494	77	2589	 46 
8460.6	21781	26494	70	2527	 39 
9539.1	18383	26494	50	1885	 33 
8948.68	19338	26494	18	316	 33 
9541.26	16830	26494	50	2382	 21 
9530.88	18346	26494	75	2344	 20 
10137	15695	26494	85	3010	 20 
8948.24	21154	26494	33	1195	 13 
10147.4	15707	26494	46	1624	 12 
8452.82	19833	26494	81	2632	 11 
8949.77	20107	26494	6	323	 6 
10139.9	16710	26494	82	2977	 5 
10139.6	17253	26494	45	1701	 4 
10137.2	15279	26494	83	2980	 0 
8949.56	19556	26494	8	109	 0 

9453.66	16621	29672	46	2094	 99 ***
10272.8	15963	29672	38	1329	 99 
9465.28	16074	29672	40	1884	 94 
10278.8	14616	29672	36	1107	 94 
9664.72	15158	29672	50	2167	 93 
8646.58	18957	29672	68	2559	 89 
9196.03	14850	29672	77	2902	 86 
9209.96	14294	29672	66	2812	 85 
9661.4	14045	29672	74	2674	 84 
10257.1	15888	29672	42	1892	 79 
8851.35	16444	29672	53	2060	 73 
10259.2	18396	29672	38	1648	 73 
10261.1	17065	29672	39	1777	 71 
10264.2	17119	29672	9	363	 70 
10255.9	15497	29672	47	2151	 68 
10276.4	13930	29672	72	2545	 67 
9196.74	15537	29672	51	2398	 67 
8390.34	19359	29672	74	2846	 67 
8292.44	18837	29672	77	2784	 67 
10269	16922	29672	9	362	 65 
9462.18	16194	29672	49	2114	 64 
9457.2	15486	29672	50	2311	 62 
9456.44	18491	29672	42	1879	 60 
8592.23	19072	29672	72	2739	 58 
9189.21	18533	29672	42	1808	 47 
10257	14784	29672	47	2022	 44 
10263.8	16170	29672	11	269	 40 
9094.01	13814	29672	78	2856	 39 
8406.42	20542	29672	73	2765	 38 
10262.3	14239	29672	49	2154	 38 
10270.7	15228	29672	41	2085	 35 
10263.1	17184	29672	5	283	 35 
9072.68	15263	29672	75	2879	 33 
9458.6	18176	29672	45	2174	 33 
10261.1	17604	29672	9	316	 32 
10254.5	15208	29672	49	2158	 30 
10255.9	14496	29672	51	2135	 26 
10261	14058	29672	64	2686	 26 
9452.05	15372	29672	51	2364	 22 
9185.15	15202	29672	54	2271	 18 
10269	14942	29672	43	1684	 15 
8841.89	15671	29672	55	2482	 13 
9460.62	17483	29672	39	1927	 12 
10282.9	13871	29672	69	2465	 10 
9658.52	15529	29672	43	1911	 8 
10257.5	15353	29672	45	2003	 8 
10258	15285	29672	45	2062	 7 
8668.33	18578	29672	75	2877	 6 
9176.8	16710	29672	48	2227	 5 
10253.9	14813	29672	51	2272	 5 
9179.96	15718	29672	50	2016	 3 
10275.4	14434	29672	37	835	 1 
10279.5	15318	29672	34	855	 0 

10115.6	10907	29293	36	2002	 96 ***
9048.86	11518	29293	40	1685	 93 
9297.04	11703	29293	37	1783	 91 
10117.7	10554	29293	37	1971	 90 
7643.72	8352	29293	52	2067	 88 
10120.3	11283	29293	32	1578	 87 
9307.8	12310	29293	2	23	 84 
8227.51	11863	29293	34	1819	 76 
9027.97	13186	29293	30	1418	 76 
9515.22	11289	29293	39	2084	 68 
9311.77	12185	29293	3	38	 67 
9304.13	11603	29293	8	178	 66 
9308.15	12844	29293	1	4	 61 
9508.77	11219	29293	43	2209	 55 
10123.8	10833	29293	36	1749	 53 
10112.6	11028	29293	40	2127	 51 
8700.53	11800	29293	36	1944	 51 
9299.93	11762	29293	35	1974	 37 
9313.71	12061	29293	4	53	 37 
10114	11040	29293	33	1844	 32 
10104.4	11135	29293	36	1738	 29 
8704.53	11749	29293	36	1763	 25 
9309.73	11372	29293	30	953	 25 
8237.53	11296	29293	41	1715	 10 

8325.12	11798	27923	27	1382	 92 ***
8942.29	12826	27923	11	381	 87 
10029.6	11799	27923	5	461	 83 
8138.67	12387	27923	53	1963	 82 
8346.73	11423	27923	65	2416	 79 
8147.4	12284	27923	33	1033	 79 
10017.2	11023	27923	11	888	 72 
7801.02	13385	27923	60	2359	 60 
10019.9	11765	27923	6	500	 58 
9205.94	10215	27923	61	2341	 57 
8238.89	12273	27923	62	2116	 49 
10022.1	11613	27923	7	598	 47 
8834.05	10536	27923	60	1838	 40 
8122.12	13653	27923	34	1436	 23 
8939.33	13408	27923	8	492	 21 
7766.06	13757	27923	61	2037	 20 
8938.98	10472	27923	34	1684	 10 
8945.73	10660	27923	12	660	 8 
10020.9	11295	27923	10	644	 6 
8603.98	11316	27923	34	1759	 0 

8166.9	11149	23299	26	657	 86 ***
8441.25	10265	23299	32	1070	 74 
8775.37	9064	23299	53	1685	 70 
8159.89	11221	23299	8	370	 70 
7978.59	11962	23299	24	733	 69 
9241.45	10516	23299	19	788	 68 
7354.76	11165	23299	66	2308	 63 
9239.8	9759	23299	36	1147	 62 
7365.85	9900	23299	44	2022	 55 
9248.88	10098	23299	32	1039	 52 
8760.59	10737	23299	8	370	 51 
9843.62	9466	23299	37	1796	 45 
9038.68	9130	23299	42	2047	 44 
8175.28	11199	23299	25	1024	 37 
7690.85	11871	23299	43	1914	 34 
7960.11	11251	23299	39	2008	 30 
8182.4	10927	23299	35	1298	 29 
7193.04	13425	23299	61	2418	 24 
7969.75	9837	23299	56	2179	 19 
7180	10972	23299	67	2247	 13 
7381.71	8341	23299	65	2171	 13 
9848.62	9054	23299	62	2349	 1 
9032.41	9465	23299	38	1797	 1 
8167.8	9845	23299	38	1730	 1 

8208.55	10985	22329	33	1657	 100 ***
8152.1	13608	22329	29	772	 97 
8150.71	13698	22329	22	706	 93 
8419.77	12119	22329	30	1023	 83 
8412.14	13504	22329	27	1032	 77 
7941.28	11802	22329	45	1642	 73 
8151.43	10046	22329	59	2250	 71 
8741.78	11480	22329	29	1488	 64 
8751.98	12329	22329	11	445	 60 
9830.09	11704	22329	7	400	 54 
7029.45	10599	22329	62	2401	 48 
8757.77	10961	22329	46	1977	 42 
7571.98	13875	22329	56	1899	 41 
7573.84	14660	22329	55	2242	 39 
7676.07	12891	22329	50	2114	 35 
7963.22	13658	22329	27	660	 29 
8754.4	10332	22329	47	1840	 23 
9018.82	9854	22329	55	2229	 22 
9044.5	9824	22329	58	2036	 20 
8142.22	12646	22329	30	880	 20 
9232.74	10521	22329	34	1443	 18 
7954.5	11631	22329	60	2341	 3 
7961.31	13888	22329	27	867	 2 

10112.6	13514	26894	65	2183	 98 ***
10113.8	13243	26894	63	1919	 96 
9300.78	14123	26894	66	2197	 94 
10118.5	13626	26894	59	1841	 92 
9301.55	14047	26894	32	1150	 84 
8510.96	14147	26894	19	699	 78 
10121	13489	26894	60	1783	 76 
8506.05	14624	26894	29	932	 68 
9310.6	13820	26894	2	248	 59 
10122.8	13539	26894	36	1761	 46 
8489.74	15734	26894	18	596	 42 
9304.25	14037	26894	5	553	 37 
10111	13678	26894	64	2030	 35 
8455.88	15988	26894	59	1758	 21 
9299.76	16452	26894	12	481	 14 
8457.07	16519	26894	55	1699	 10 
8507.18	14828	26894	22	838	 0 

8720.31	12207	24404	64	2432	 96 ***
9905.23	10868	24404	40	1786	 96 
8247.5	13391	24404	59	2456	 93 
8833.18	11347	24404	7	433	 88 
9115.06	11100	24404	64	2406	 84 
8826.55	12697	24404	49	1608	 82 
8042.51	13433	24404	59	2058	 75 
8830.55	11117	24404	8	358	 43 
8133.5	12910	24404	65	2661	 31 
8720.41	11714	24404	65	2398	 26 
7770.49	13868	24404	55	1933	 22 
8826.48	12108	24404	60	2355	 18 
8493.63	13053	24404	44	2121	 13 
8497.26	12701	24404	44	2188	 12 
8306.66	12552	24404	65	2381	 11 
8515.2	12381	24404	60	1857	 9 
8831.86	11418	24404	6	373	 7 

8815.22	12802	24831	40	1518	 100 ***
8685.09	13707	24831	40	1536	 100 
8682.9	13930	24831	7	533	 95 
8703.71	12471	24831	59	1889	 94 
8687.51	13901	24831	7	445	 94 
9270.89	12974	24831	36	1550	 89 
8666.84	13858	24831	41	1261	 85 
8678.9	13791	24831	25	622	 83 
8200.48	14107	24831	54	2044	 78 
9877.12	13839	24831	11	610	 78 
9874.19	12355	24831	45	1729	 68 
9877.64	12681	24831	38	1585	 67 
8678.21	14654	24831	18	733	 67 
8451	13993	24831	60	1949	 65 
8672.78	13835	24831	53	1815	 61 
8797.85	12847	24831	37	1634	 56 
9880.97	13283	24831	26	895	 54 
9886.48	12569	24831	37	1608	 52 
9874.67	13639	24831	25	839	 51 
7983.76	12489	24831	63	2197	 40 
8473.24	13852	24831	54	1701	 40 
9875.28	12832	24831	37	1601	 38 
9874.68	12918	24831	32	1066	 38 
9887.55	12540	24831	36	1551	 35 
9879.11	12805	24831	35	899	 26 
8801.08	12127	24831	51	1884	 26 
8698.4	13207	24831	54	1774	 20 
9269.26	13072	24831	34	1140	 20 
8467.38	13935	24831	47	1935	 18 
8679.38	13837	24831	23	593	 14 
9879.02	13446	24831	6	613	 13 
9876.48	11844	24831	60	1882	 12 
9872.11	13407	24831	32	772	 11 
9072.62	12090	24831	60	2076	 11 
8478.52	13669	24831	59	1915	 10 
8684.77	13713	24831	25	622	 10 
8669.03	13122	24831	56	1838	 9 
8689.8	12972	24831	58	1610	 7 
9875.97	13458	24831	21	797	 7 
7872.72	14438	24831	53	1993	 4 
9869.64	12791	24831	44	1592	 4 
9063.68	12839	24831	38	1452	 4 
9059.26	13258	24831	35	1397	 0 

8784.42	13129	23425	10	340	 89 ***
8784.68	12904	23425	12	374	 70 
8785.71	13221	23425	8	350	 66 
7583.96	14065	23425	66	2021	 65 
8787.57	12580	23425	11	359	 63 
7720.25	13343	23425	24	391	 61 
9862.88	12533	23425	6	73	 44 
8783.41	13353	23425	9	111	 31 
8776.38	12171	23425	48	1620	 28 
8786.57	12896	23425	7	320	 27 
8784.65	12847	23425	44	1481	 25 
7706.13	13783	23425	25	509	 22 
8153.91	13065	23425	64	2039	 17 
7694.26	13169	23425	26	768	 15 
8784.95	13008	23425	9	100	 14 
8781.95	13737	23425	14	689	 8 
8788.48	12872	23425	7	337	 3 

9244.2	14796	23944	55	1457	 99 ***
7968.5	17959	23944	67	1999	 94 
8775.21	16088	23944	20	895	 88 
9862.49	15471	23944	6	272	 85 
8784.48	16012	23944	3	49	 76 
9862.71	15255	23944	47	1815	 70 
7981.29	17543	23944	71	2333	 57 
8675.45	16214	23944	57	1544	 55 
8777.98	15071	23944	67	2304	 54 
9866.11	15174	23944	5	25	 26 
9037.67	15282	23944	53	1920	 24 
9856.23	15606	23944	42	1769	 21 
8452.62	16070	23944	66	2150	 20 
8448.92	16521	23944	70	2292	 14 
8775.75	15644	23944	41	1391	 13 
8649.28	16781	23944	51	1743	 11 
8652.3	16370	23944	51	1826	 10 
8783.27	15685	23944	4	253	 8 
8768.02	16175	23944	65	1984	 3 

8824.22	13200	25835	50	1305	 86 ***
8150.07	16045	25835	61	1759	 75 
9423.16	15281	25835	13	152	 72 
10031.8	15864	25835	12	108	 67 
8958.88	9168	25835	58	1572	 53 
8853.57	17467	25835	49	1357	 51 
8834.71	12214	25835	54	1448	 44 
8422.5	12311	25835	72	1949	 44 
10035.6	14749	25835	16	614	 30 
9416.75	14164	25835	17	858	 18 

9554.34	13297	27228	63	2109	 77 ***
9562.09	16089	27228	39	929	 71 
10150.8	16473	27228	8	685	 64 
8382.13	16037	27228	63	1774	 54 
10148.2	16290	27228	17	918	 43 
10150	16027	27228	39	1471	 42 
8955.49	16608	27228	12	396	 38 
9555.16	13449	27228	45	894	 27 
8959.81	16872	27228	11	713	 21 
8465.8	12034	27228	72	2268	 19 
8950.72	14477	27228	42	1575	 10 
8459.99	14798	27228	66	1948	 10 
8961.96	16562	27228	28	1212	 10 
10159.6	17382	27228	7	655	 9 
8956.94	17296	27228	11	683	 8 

9109.77	13988	26361	57	2468	 98 ***
9565.05	15130	26361	6	685	 97 
9559.72	15144	26361	6	685	 92 
9570.87	14528	26361	36	1013	 87 
9079.94	17044	26361	54	1766	 82 
9102.91	17139	26361	50	2037	 79 
8992.49	18217	26361	63	2279	 70 
9353.8	15252	26361	45	1957	 70 
10161.8	14909	26361	8	730	 69 
9559.46	15445	26361	14	494	 65 
8974.74	16858	26361	74	2740	 64 
9557.76	16299	26361	11	448	 61 
10171.4	12411	26361	74	2618	 52 
8762.98	18153	26361	66	2015	 50 
8284.97	14425	26361	75	2511	 43 
9569.27	14737	26361	22	908	 42 
9359	18007	26361	44	1695	 34 
10187.8	14307	26361	34	1019	 27 
8503.2	18561	26361	67	2355	 19 
10162.6	14868	26361	9	734	 19 
10163.5	14419	26361	10	723	 17 
10166.8	13512	26361	62	2347	 16 

8882.18	12327	28254	53	2190	 99 ***
10103.9	12530	28254	41	1898	 97 
9302.9	12791	28254	37	1491	 91 
9021.26	13274	28254	27	965	 89 
10095.1	12905	28254	27	963	 88 
9019.23	14104	28254	28	993	 86 
7875.93	12527	28254	64	2163	 78 
9015.46	11640	28254	50	1965	 76 
9041.69	15126	28254	19	808	 74 
9008.68	11246	28254	67	2361	 72 
8915.63	14060	28254	38	1832	 72 
9020.18	13306	28254	28	993	 70 
10090.3	12776	28254	39	1551	 68 
7695.24	12352	28254	69	2317	 67 
9025.83	12749	28254	40	2074	 65 
9300.52	11136	28254	73	2476	 65 
6889.47	12552	28254	47	2034	 62 
10124.5	11778	28254	40	1933	 62 
9011.13	15072	28254	28	956	 59 
9017.7	12902	28254	29	982	 53 
9018.82	14362	28254	28	926	 51 
7832.62	12902	28254	43	2084	 48 
8698.7	12867	28254	42	1905	 47 
8698.41	12846	28254	46	2103	 45 
9291.48	11755	28254	44	2021	 37 
9022.19	14804	28254	26	937	 34 
8895.89	14539	28254	41	1994	 28 
10109	12312	28254	41	1836	 27 
9285.7	12408	28254	43	2073	 27 
9028.77	13818	28254	21	902	 25 
8923.43	13578	28254	40	1775	 22 
9501.2	11329	28254	42	1780	 22 
9023.28	14478	28254	24	934	 19 
9291.95	11408	28254	44	2035	 4 
8872.5	12208	28254	69	2291	 1 
10094.2	12860	28254	31	1068	 0 

8865.99	13325	27773	17	822	 100 ***
8393.32	12967	27773	66	2174	 96 
8185.53	14899	27773	38	1285	 96 
9468.42	13298	27773	8	671	 95 
8887.82	12311	27773	39	1686	 92 
8279.36	13123	27773	42	1541	 92 
8100.3	13237	27773	42	1750	 84 
8670.77	12361	27773	30	1004	 82 
7831.32	14872	27773	58	2160	 78 
9475.27	11537	27773	59	1940	 78 
8860.73	12045	27773	59	2014	 74 
9007.8	12215	27773	40	1422	 72 
8668.77	12876	27773	30	949	 68 
8063.42	13755	27773	70	1937	 65 
8684.5	11817	27773	74	2428	 65 
8076.96	13356	27773	72	2336	 61 
9280.86	12078	27773	47	1897	 60 
7404.63	13813	27773	76	2577	 58 
8864.5	14162	27773	10	643	 57 
8198.27	12292	27773	74	2497	 44 
8865.51	13504	27773	10	675	 38 
9280.6	11505	27773	75	2530	 32 
8667.34	12954	27773	71	2238	 29 
8861.16	14289	27773	17	538	 27 
8860.09	14655	27773	19	532	 22 
7817.49	14545	27773	64	2188	 16 
9467.59	11695	27773	61	2182	 15 
8860.07	13816	27773	23	543	 11 
8863.29	14263	27773	16	521	 1 

10031.1	11161	24667	23	911	 93 ***
9420.82	11529	24667	28	1239	 91 
8815.7	11629	24667	19	886	 91 
7348.36	9007	24667	40	1165	 81 
8822.99	10743	24667	35	1234	 80 
9428.81	11821	24667	14	277	 70 
10020.5	12658	24667	8	350	 67 
8947.02	11127	24667	33	1062	 65 
9427.06	9666	24667	35	1248	 64 
9418.43	11808	24667	15	662	 48 
9418.32	11897	24667	15	298	 45 
10020.4	11474	24667	20	862	 42 
9418.49	10655	24667	36	1358	 40 
9430.13	10407	24667	33	1261	 37 
10030.8	10944	24667	31	1115	 36 
9426.14	11605	24667	23	911	 29 
8818.01	12324	24667	11	373	 27 
8810.62	11681	24667	16	818	 25 

5611.81	7328	20742	42	1535	 100 ***
9234.19	9077	20742	17	419	 94 
9217.55	9087	20742	28	906	 93 
9230.02	8617	20742	19	387	 91 
9032.83	10786	20742	35	1016	 90 
7428.27	6927	20742	43	1314	 80 
7555.92	9733	20742	41	1451	 80 
8750.57	9619	20742	39	1298	 79 
6353.73	6594	20742	46	1813	 79 
6748.63	6380	20742	57	1748	 76 
6542.13	7173	20742	43	1392	 76 
7815.94	6658	20742	43	1482	 73 
5368.85	6921	20742	58	1970	 71 
9231.98	9172	20742	17	419	 67 
9021.85	9361	20742	39	1105	 62 
9017.99	9202	20742	40	1228	 60 
5335.01	5832	20742	60	1816	 58 
9021.26	9437	20742	38	1151	 57 
8413.54	6266	20742	44	1624	 53 
9228.29	9319	20742	16	466	 48 
6137.95	6515	20742	53	1363	 37 
9232.21	9097	20742	18	434	 36 
6841.8	6288	20742	52	1745	 29 
7602.75	7066	20742	41	1337	 24 
9230.88	8610	20742	20	509	 9 
6873.75	5740	20742	47	1772	 7 
9226.94	7719	20742	29	943	 7 
5541.12	6720	20742	44	1735	 4 

8065.42	9953	22469	22	854	 100 ***
7581.53	9687	22469	30	1229	 100 
8055.1	9732	22469	26	1174	 100 
7235.5	10398	22469	21	545	 98 
8044.68	9136	22469	45	1247	 98 
8379.59	9294	22469	26	1164	 95 
9252.48	10830	22469	11	385	 95 
8368.18	9720	22469	25	1074	 87 
9248.48	9232	22469	23	1140	 78 
8161.09	9179	22469	32	1147	 71 
8973.94	9171	22469	25	1181	 70 
8451.64	10714	22469	14	667	 69 
6754.22	9514	22469	49	1649	 68 
7794.75	10054	22469	24	887	 67 
8648.04	10040	22469	16	307	 65 
8267.93	12840	22469	16	604	 56 
6843.11	10813	22469	31	1268	 54 
8183.28	9840	22469	25	1189	 51 
7241.47	9903	22469	26	1163	 49 
9251.99	9769	22469	20	1014	 49 
8871.91	9248	22469	26	1197	 47 
8153.79	9665	22469	28	1223	 42 
8641.37	9791	22469	23	843	 35 
8644.26	9966	22469	20	794	 31 
8971.48	9482	22469	25	1099	 29 
8053.39	9587	22469	44	1619	 20 
7248.48	6731	22469	49	1667	 9 
8641.67	9515	22469	21	824	 9 
7775.99	9901	22469	27	1241	 7 
10065.4	9693	22469	20	792	 5 
8977.23	8622	22469	29	1223	 1 
8039.32	10469	22469	17	778	 1 

9542.67	9896	22941	24	1711	 96 ***
10147.9	9712	22941	25	1794	 94 
7853.73	10550	22941	58	2050	 93 
7864.31	10211	22941	24	1348	 72 
7473.59	10877	22941	36	2060	 65 
7090.14	11453	22941	9	165	 58 
8281.44	9234	22941	57	2046	 55 
8261.94	9898	22941	22	1559	 51 
9362.31	11040	22941	6	356	 51 
7452.24	11019	22941	60	2309	 48 
8971.78	9559	22941	31	1387	 46 
8364.25	9429	22941	35	1986	 40 
7186.86	9981	22941	62	2583	 37 
8958.69	9365	22941	56	1971	 36 
10142.2	10000	22941	21	1765	 36 
8461.55	9856	22941	28	2033	 23 
10179.6	9694	22941	21	864	 17 
7896.03	10154	22941	57	2001	 13 
8277.18	10055	22941	8	521	 10 
7932.11	8876	22941	59	2503	 8 
9368.52	8432	22941	37	1815	 4 

7794.32	10612	21496	28	1355	 95 ***
9286.12	8783	21496	37	2119	 91 
7112.91	10293	21496	62	2288	 88 
6975.44	10376	21496	60	2261	 88 
8665.14	9639	21496	34	2066	 80 
5791.87	7116	21496	63	2277	 72 
9479.75	9521	21496	9	86	 70 
9013.08	8845	21496	31	1920	 65 
7805.85	9642	21496	31	1514	 61 
7204.74	9254	21496	35	2022	 59 
8288.8	10254	21496	24	868	 55 
8877.09	9747	21496	29	1716	 49 
9483.61	10132	21496	7	164	 47 
8193.45	9820	21496	29	1920	 42 
8080.81	9073	21496	41	1691	 41 
7696.58	8596	21496	55	2310	 37 
8085.24	10294	21496	29	1742	 35 
8212.05	9928	21496	27	1601	 35 
7113.9	9837	21496	61	1789	 35 
8407.45	9234	21496	38	2057	 33 
7579.99	9154	21496	56	2068	 30 
7600.26	9022	21496	59	1923	 29 
7122.65	10469	21496	56	2084	 27 
9482.65	11189	21496	8	194	 26 
7137.8	10588	21496	30	1594	 23 
9474.45	10555	21496	22	1127	 23 
7577.34	8635	21496	60	2352	 21 
7598.23	10519	21496	29	1710	 12 
7864.01	6603	21496	57	1794	 10 
8862.78	7818	21496	48	850	 10 
9482.83	9373	21496	24	1385	 5 
9478.63	9686	21496	13	457	 1 

7785.6	10456	21882	29	1422	 97 ***
9198.31	10620	21882	27	1545	 97 
6349.92	9380	21882	54	1660	 96 
6914.49	8556	21882	56	2044	 95 
9396.61	8007	21882	61	1982	 83 
8310.76	11460	21882	11	476	 79 
6894.84	9001	21882	32	1703	 78 
7185.25	10883	21882	30	1482	 69 
7712.23	11430	21882	12	436	 69 
8910.48	8452	21882	61	2134	 67 
8197.37	8942	21882	54	2028	 64 
8795.34	11388	21882	18	516	 64 
8328.53	7992	21882	62	2271	 54 
9186.47	9836	21882	28	1387	 54 
7783.11	8633	21882	55	2140	 53 
8588.36	8551	21882	48	1715	 53 
9206.52	9806	21882	27	1066	 53 
8810.96	9245	21882	29	1414	 52 
9395.1	9102	21882	31	1434	 45 
8793.44	11397	21882	14	503	 44 
9997.47	9108	21882	29	1414	 38 
8790.99	10161	21882	31	1631	 35 
6893.84	8867	21882	62	2282	 31 
8309.55	11494	21882	10	454	 27 
8799.2	10691	21882	27	1070	 26 
8808.84	10300	21882	30	1455	 26 
9399.98	8802	21882	36	1749	 23 
9404.21	8540	21882	46	1654	 10 
5538.76	8835	21882	63	2286	 8 
8022.11	8457	21882	61	2012	 6 
8393.21	10436	21882	31	1250	 0 
8000.07	10738	21882	23	1142	 0 

9345.64	11437	24549	10	474	 95 ***
8240.24	10318	24549	59	1973	 94 
8532.82	12589	24549	6	135	 90 
9071.96	12034	24549	24	1224	 89 
7396.93	12371	24549	60	2277	 80 
9337.32	10594	24549	11	476	 64 
9065.98	10962	24549	44	1597	 50 
7105.23	12897	24549	56	1987	 49 
10155	12979	24549	5	130	 47 
8289.47	11215	24549	48	1841	 46 
9344.75	13307	24549	4	70	 46 
9348.84	13271	24549	5	100	 40 
9070.83	10800	24549	31	1493	 39 
9341.81	13758	24549	5	70	 39 
7890.18	12492	24549	58	2261	 38 
8471.85	11045	24549	53	1986	 37 
8259.75	12087	24549	56	2263	 34 
7356.02	12774	24549	31	1302	 34 
8267.67	11560	24549	26	1259	 27 
8474.68	13735	24549	25	1196	 23 
8256.81	12758	24549	30	1301	 19 
7553.94	12146	24549	61	2136	 10 
8483.38	13136	24549	23	1139	 9 
8008.56	12424	24549	43	1637	 8 
8246.6	12006	24549	58	1995	 8 

10255.6	8965	25922	37	1148	 97 ***
8603.31	10897	25922	29	1805	 92 
7771.67	11670	25922	65	2379	 87 
9464.12	9528	25922	31	590	 87 
8014.03	10414	25922	67	2495	 84 
9458.36	9558	25922	7	300	 81 
8855.19	9799	25922	29	548	 76 
9664.44	10004	25922	4	277	 75 
7790.69	11323	25922	60	2309	 58 
7771.4	12212	25922	62	2168	 57 
9654.82	9452	25922	34	1068	 55 
8012.85	10959	25922	67	2255	 42 
8254.55	11305	25922	28	1486	 36 
8059.71	10536	25922	31	1522	 31 
9660.19	10303	25922	6	322	 30 
8270.71	10248	25922	46	2062	 15 
8856.53	10975	25922	10	446	 15 
8840.95	9981	25922	33	840	 13 
8592.68	10964	25922	30	1780	 12 
8650.86	9929	25922	60	1847	 8 
8850.29	9945	25922	31	798	 7 
8639.45	10426	25922	25	1622	 3 
7996.71	11981	25922	49	1562	 1 
8848.06	9862	25922	64	2301	 1 
8865.37	11001	25922	9	438	 0 

