#12	33	308	4	106	15	1023	709	503	1017	 ***
#49	511	0	0	414	297	979	644	559	277	
#411	23	504	0	92	312	1023	301	138	926	
#128	152	274	510	511	282	0	1023	320	530	
#34	91	381	64	15	511	1018	179	949	488	
#42	38	511	282	453	156	220	1006	1022	0	

57	267	426	31	160	430	2	313	1023	678	 ***
511	31	308	84	106	0	518	725	503	601	
23	52	293	4	106	0	552	717	1023	617	
8	32	324	4	150	0	674	710	462	1023	
396	366	511	0	435	49	367	0	964	299	
267	34	370	263	183	289	0	181	777	1023	
426	139	323	250	278	274	114	0	560	1023	
145	63	64	4	110	0	766	709	1023	503	
8	33	308	19	106	71	1023	710	541	568	
182	281	88	4	316	141	244	828	280	1023	
278	366	136	0	19	167	1023	993	275	130	
511	40	316	0	114	0	518	710	579	599	
45	55	489	15	8	122	323	316	991	1023	
72	415	57	420	61	130	244	775	191	1022	
304	103	252	256	23	244	908	274	0	1023	
309	370	511	0	0	263	496	870	252	316	
8	30	316	0	511	0	548	839	478	657	
8	32	323	12	111	0	659	831	1023	388	
8	53	304	0	144	0	1023	709	670	476	
391	298	365	511	499	351	0	0	540	432	
252	33	309	12	228	0	407	725	398	1023	
376	45	28	435	118	252	157	305	648	1023	
81	259	76	419	0	217	1023	147	795	370	
12	33	430	4	114	8	522	754	1023	487	
16	33	316	126	106	0	541	748	478	1023	
8	511	330	0	240	0	518	709	555	516	

149	248	19	60	130	329	27	1023	1001	465	 ***
488	177	61	511	296	418	0	286	1023	191	
117	267	441	31	396	460	15	1023	328	373	
34	0	79	0	23	511	1007	984	66	747	
65	282	456	83	160	430	261	371	320	1023	
130	19	369	244	497	186	1023	183	526	274	
511	396	441	328	16	233	19	442	753	312	
65	267	426	275	511	430	78	325	349	725	
423	143	149	183	274	0	0	327	929	1023	
396	160	243	175	494	511	297	0	656	519	
214	275	30	286	75	69	1023	641	256	582	
95	289	30	280	106	353	244	297	734	1023	
19	503	69	0	121	465	122	869	262	1021	
117	267	434	61	511	438	0	379	728	516	
57	327	426	305	152	430	63	317	351	1023	
282	124	30	185	4	23	203	645	932	1023	
334	49	191	12	321	293	94	282	852	1023	
117	267	426	61	167	499	15	1023	503	373	
301	267	456	31	183	430	17	373	370	1023	
16	141	98	124	289	88	1023	794	4	874	
0	129	64	186	105	298	986	20	1023	640	
200	4	353	34	16	244	164	713	1023	700	
12	167	30	145	511	125	61	878	526	996	
357	61	308	8	286	140	252	1022	251	766	
198	282	0	366	23	220	1023	0	965	374	
164	45	73	461	339	30	862	23	431	1023	
87	267	426	31	212	445	368	321	271	1023	
271	267	44	406	83	259	282	1023	305	511	
496	426	53	408	50	179	466	1023	8	342	
186	19	160	282	511	0	880	372	404	637	
490	0	263	48	511	0	598	728	283	530	
27	282	426	31	152	446	86	430	548	1023	
301	267	434	31	160	490	418	69	259	1022	
0	511	259	374	64	155	15	936	988	149	
496	0	38	57	0	214	513	1012	98	1023	
109	81	153	30	227	61	419	1023	857	491	

60	0	511	316	0	394	868	366	0	1006	 ***
149	278	21	60	72	327	286	1023	658	647	
237	511	335	335	198	231	0	1023	399	252	
212	122	267	122	252	387	38	106	1022	993	
287	134	8	90	72	243	0	1023	899	765	
87	80	122	312	442	235	434	1023	274	512	
495	149	289	45	192	0	965	1021	255	110	
91	297	30	0	72	282	83	801	1020	845	
257	248	21	90	72	417	362	1023	566	465	
503	30	511	303	366	489	76	119	941	183	
179	248	36	60	8	331	362	1023	689	585	
84	304	430	0	0	176	1023	306	803	395	
289	128	0	511	0	152	386	152	922	981	
0	339	499	366	60	104	220	996	0	937	
191	450	19	426	80	162	937	1021	235	0	
438	297	175	212	0	472	1021	182	30	694	
0	107	0	410	475	357	1021	168	930	53	
149	308	21	60	376	346	271	1023	502	465	
234	272	278	137	293	227	327	1023	177	553	
149	252	79	120	8	464	271	1023	782	373	
423	374	19	135	8	387	271	1021	418	465	
149	492	158	60	130	357	271	1023	538	343	
312	114	312	295	0	511	517	1023	151	286	
472	27	475	227	0	0	311	1023	526	460	
467	427	360	0	90	60	942	0	152	1023	
287	248	21	90	8	327	575	1023	472	470	
370	426	90	427	176	12	149	1020	759	92	
130	271	53	297	288	511	960	64	947	0	
154	248	19	60	267	417	179	228	926	1023	
265	160	0	98	30	293	412	1023	1016	224	
0	53	68	278	64	0	685	922	428	1023	
149	253	21	60	8	327	383	1023	757	540	
434	185	267	65	210	197	762	164	1021	216	
320	282	511	144	4	190	860	128	61	1021	
68	91	321	511	282	342	1021	280	556	49	
138	0	354	278	38	175	0	1020	495	1023	
145	0	60	160	0	410	130	1020	971	625	
68	335	511	224	64	75	366	933	76	869	

159	0	511	106	64	30	1023	604	256	179	 ***
60	0	260	511	0	390	416	427	0	868	
122	34	99	289	120	122	1023	193	930	0	
335	15	145	511	427	90	985	219	68	137	
0	468	373	152	122	121	155	1023	518	0	
34	0	426	191	0	106	1022	91	60	1002	
60	0	511	293	15	386	784	350	381	152	
181	0	265	278	0	326	418	441	0	1023	
151	0	260	278	60	326	1020	411	0	426	
8	61	349	90	243	4	1023	993	161	0	
60	0	357	278	0	326	1023	411	0	477	
105	506	60	202	259	122	0	1023	655	0	
0	478	0	0	164	456	332	387	1021	94	
121	0	295	511	0	326	454	419	0	806	
83	30	30	69	511	64	970	391	0	784	
113	0	264	339	0	341	1023	441	0	411	
75	0	320	278	0	387	407	290	1023	152	
75	30	320	278	0	387	1020	411	0	411	
511	439	312	212	0	0	0	325	864	269	
0	491	91	30	182	135	802	181	0	1020	
426	511	220	0	289	15	110	171	171	1019	
23	105	0	69	0	511	1007	357	731	129	

334	83	120	159	45	0	1023	789	45	172	 ***
189	0	282	110	64	105	174	1021	389	436	
379	0	68	19	158	0	1023	220	828	75	
75	90	319	0	90	0	1019	256	921	0	
145	302	78	83	218	91	1023	0	578	252	
30	0	165	114	289	151	1023	727	90	181	
76	8	94	90	349	227	1023	135	594	174	
206	0	267	106	64	60	326	1023	312	406	
98	121	434	136	379	95	1022	61	165	259	
83	76	197	357	60	109	1021	851	16	0	
159	105	312	136	106	511	543	315	252	331	
91	30	30	75	150	60	1023	103	919	289	
159	0	267	151	511	105	589	345	327	316	
90	53	372	293	155	95	1022	121	0	569	
159	0	357	106	154	45	328	1023	297	301	
83	426	295	511	45	4	0	182	219	1005	
72	23	30	136	319	0	1023	165	730	272	
357	98	503	0	372	0	1022	124	143	151	
180	113	91	151	297	0	1023	812	64	39	
159	30	297	182	60	75	1023	502	130	312	
90	68	147	45	305	181	1021	155	45	713	
312	160	95	181	334	105	1023	0	337	223	
511	0	357	106	79	45	684	360	267	361	
189	0	267	151	124	60	1023	391	373	192	
189	15	267	121	184	30	1023	405	374	162	
75	218	0	166	414	30	1023	91	753	0	
189	0	297	151	109	30	329	360	282	1023	
34	45	274	0	364	197	1023	750	30	53	
38	240	60	75	27	30	1023	0	868	409	
0	15	282	502	120	184	1023	387	60	197	
106	365	15	150	0	68	1023	151	8	884	
75	30	60	227	46	90	1022	350	870	0	
30	0	0	390	0	137	0	867	1023	323	
394	120	98	106	15	23	1023	642	135	214	

365	0	75	274	0	45	1023	0	763	135	 ***
45	136	64	91	0	60	1022	883	30	349	
60	259	166	61	15	60	1023	105	0	931	
211	60	0	0	304	45	0	922	1018	120	
0	0	60	511	319	30	121	1000	0	639	
304	30	30	91	312	30	1023	674	141	45	
85	30	106	165	16	15	1023	944	296	0	
325	83	61	159	45	0	274	420	290	1023	
45	60	274	511	151	76	62	456	45	1000	
0	60	75	511	502	304	0	0	924	304	
62	349	65	0	150	53	1023	978	0	0	
182	319	139	98	320	100	1023	118	381	0	
30	105	30	90	4	61	1023	305	754	278	
0	30	335	0	15	210	1022	60	121	887	
319	83	30	204	45	0	1023	420	152	404	
321	83	60	174	45	15	274	412	274	1022	
45	105	511	0	45	30	259	457	1016	212	
319	83	30	174	45	0	1023	423	152	431	
108	166	150	0	45	0	1023	899	167	122	
319	83	30	204	45	0	279	423	274	1023	
274	83	30	159	45	30	1023	483	30	523	
45	304	125	85	155	0	1023	349	594	0	
323	83	30	189	45	0	419	538	30	1023	
319	83	42	159	75	0	404	1023	30	545	

110	105	61	45	0	19	814	396	0	1023	 ***
15	106	143	305	15	195	1022	4	94	674	
335	244	94	34	1	49	106	263	424	1023	
30	16	19	91	150	195	1023	350	669	30	
34	34	136	304	0	34	186	0	1023	822	
60	181	0	511	277	218	385	0	941	0	
365	42	511	15	126	16	602	244	487	165	
244	79	45	94	30	511	989	491	90	0	
339	4	76	248	0	90	1023	0	410	383	
365	278	75	45	8	45	213	0	1023	521	
350	0	511	244	0	34	395	0	621	418	
60	155	304	76	15	120	1023	35	716	69	

94	105	334	75	0	15	410	427	1023	560	 ***
155	136	60	511	0	45	795	602	0	739	
224	349	60	45	8	23	778	533	0	1023	
90	30	125	256	346	25	722	426	0	1023	
293	117	106	0	79	150	819	87	369	1023	
105	180	123	60	0	511	578	822	0	664	
40	229	105	244	75	364	150	813	0	1023	
133	105	60	116	75	30	906	595	0	1023	
371	29	102	30	0	213	566	709	1023	0	
60	304	55	299	15	445	622	220	0	1023	
102	357	72	120	0	135	571	1023	0	663	

19	166	334	75	8	93	608	412	156	1022	 ***
236	494	32	222	30	487	0	293	1023	76	
15	511	334	166	0	0	374	648	244	601	
95	105	364	75	0	8	593	412	218	1023	
120	23	320	90	164	75	1023	826	0	252	
34	105	334	75	0	93	349	412	469	1022	
334	65	90	401	511	128	0	763	388	213	
49	384	226	235	0	327	554	0	95	1023	
15	511	334	75	99	15	364	412	366	702	
49	98	202	267	30	19	98	1023	756	351	
121	106	57	34	128	49	1023	705	0	670	
274	34	113	34	2	121	851	92	1023	349	
57	109	136	366	98	38	42	429	1023	595	
79	113	90	75	0	17	684	412	1023	400	
511	334	360	428	219	94	737	0	210	0	
75	511	289	175	290	45	79	0	413	1016	
511	225	319	323	312	0	213	0	136	854	
91	105	334	75	45	78	372	404	366	1023	
30	64	15	94	156	109	365	38	1023	999	
229	79	256	0	76	79	120	787	244	1023	
94	151	60	396	98	501	102	244	1023	224	
31	140	60	224	0	93	400	0	1023	922	
259	126	72	39	15	62	121	272	1023	904	
85	487	94	332	19	439	0	248	166	1023	
42	105	334	75	0	121	349	427	1023	417	
34	105	319	105	0	99	368	412	1023	428	
64	335	77	95	38	105	33	319	804	1023	
139	166	334	75	0	138	362	412	244	1023	
49	120	334	75	0	321	227	412	332	1023	
38	166	274	77	259	46	1023	0	121	889	
158	45	15	0	154	0	1023	532	707	259	

129	83	139	402	337	76	45	326	0	1023	 ***
15	46	241	91	252	211	518	163	1023	0	
15	292	109	49	0	30	128	351	563	1023	
15	144	213	235	0	60	368	412	91	1022	
94	75	0	0	12	42	968	1023	143	203	
511	282	129	128	153	91	0	45	223	998	
49	511	376	103	104	136	383	898	0	0	
95	34	15	140	104	433	0	122	1023	594	
127	511	214	349	113	49	773	159	265	0	
510	48	53	75	64	75	0	578	134	1023	
356	258	68	128	49	0	0	1022	57	622	
182	64	36	212	154	428	0	371	90	1023	
128	511	199	259	129	82	803	267	182	0	
141	182	60	235	0	82	120	355	362	1023	
57	212	76	62	365	220	461	1023	84	0	
111	129	156	511	34	319	983	167	150	0	
27	176	182	45	0	15	368	450	274	1023	
89	30	257	99	37	493	1023	464	68	0	
312	228	109	51	75	86	563	1023	113	0	
215	250	511	186	0	109	0	752	351	186	

61	68	154	357	332	68	30	1023	15	328	 ***
19	122	60	319	472	57	0	364	1023	0	
61	58	139	331	336	68	45	375	0	1023	
80	68	139	357	336	68	30	335	0	1023	
511	8	15	8	59	0	1015	76	683	61	
308	24	106	285	60	0	564	66	0	1023	
0	46	224	0	19	64	1023	72	901	87	
133	288	223	9	85	4	0	380	291	1023	
114	34	0	0	106	72	139	790	1023	158	
18	64	201	0	91	54	1023	898	87	0	
49	15	38	75	57	19	61	83	1016	1023	
27	45	128	0	102	45	126	660	280	1023	

91	36	90	83	139	0	746	1023	170	99	 ***
34	0	95	205	49	95	744	1023	126	106	
0	15	403	57	502	49	85	1023	151	192	
61	68	154	330	332	83	49	1023	19	358	
63	57	154	327	366	72	73	312	30	1023	
47	23	21	49	36	35	45	1023	241	957	
71	98	186	342	317	50	30	345	15	1023	
511	75	321	103	39	184	0	0	1015	229	
0	87	52	64	107	64	848	65	1023	167	
26	16	65	72	15	284	38	1023	38	900	
77	49	320	147	511	117	1023	53	180	0	
54	391	155	38	0	133	315	1023	368	0	
0	26	34	53	45	498	127	1023	648	23	
137	509	145	162	0	44	23	1023	317	117	
104	65	135	53	228	53	34	1023	0	782	
42	113	0	181	45	19	53	212	789	1023	
17	74	78	25	488	72	542	1023	158	0	
49	109	244	0	90	97	133	326	406	1023	
136	64	138	193	20	330	173	1023	400	0	
63	68	169	331	332	106	45	317	23	1023	
42	75	511	41	301	126	57	1022	302	0	
11	170	316	60	236	206	0	1023	301	154	
42	30	91	182	141	148	316	409	95	1023	

80	77	34	76	511	36	644	1023	57	0	 ***
121	258	98	60	0	54	46	1023	709	169	
350	16	21	45	45	85	601	1023	68	284	
194	64	7	227	4	81	113	1023	15	810	
151	47	77	68	214	0	361	439	158	1023	
96	47	137	205	8	49	85	1023	798	90	
169	32	45	68	15	61	346	1023	273	506	
108	77	154	205	47	0	415	1023	350	159	
91	169	137	136	17	0	426	1023	151	388	
155	204	75	57	19	42	157	1023	651	155	
0	4	30	331	6	6	166	0	973	1022	
114	46	70	170	440	494	87	1023	94	0	
54	28	245	68	77	0	1023	347	543	153	
35	103	45	98	77	63	232	219	643	1023	
46	28	236	174	21	0	417	373	220	1023	
49	45	15	511	19	12	1023	595	186	83	
65	121	78	34	0	167	901	1023	117	32	
509	226	60	196	59	32	344	1023	89	0	
53	151	57	33	511	53	0	1018	261	401	
36	2	57	171	15	334	837	1023	2	61	
32	111	45	71	47	0	624	1023	186	399	
94	105	197	256	85	77	0	1023	469	232	
75	15	511	501	188	60	997	19	153	19	
34	28	49	511	15	0	257	450	200	994	
34	32	186	190	300	0	526	1023	130	117	
38	164	68	176	209	80	595	1023	115	70	
4	216	68	161	93	145	658	1023	0	170	

68	92	36	64	428	36	1023	490	752	0	 ***
365	141	2	511	257	60	552	991	80	30	
72	75	27	249	369	81	1023	500	593	0	
197	231	6	65	186	15	989	91	1023	186	
19	0	288	308	15	122	133	1014	1023	67	
130	511	0	95	272	87	107	835	700	252	
42	75	238	129	272	51	271	1023	23	865	
0	272	122	152	183	0	979	63	195	1023	
184	199	141	152	115	38	0	870	267	1023	
65	0	25	151	57	404	1023	190	1010	64	
42	90	34	74	276	40	599	398	1022	414	
40	286	53	215	310	351	435	1023	276	0	
276	23	277	182	34	23	146	1023	1005	0	
30	182	511	0	508	15	1021	343	63	316	
228	250	0	92	511	0	1005	532	258	113	
0	46	90	128	169	85	453	867	128	1023	
90	126	122	45	200	183	1023	1020	105	75	
60	0	49	63	188	244	45	1022	1015	303	
104	510	188	324	0	364	0	982	286	231	
118	232	511	53	100	172	75	707	1021	0	
152	23	34	122	77	511	609	243	198	1020	
72	128	40	338	511	36	366	989	509	0	

124	139	4	187	237	289	1022	256	547	169	 ***
68	105	52	124	458	36	1023	606	502	0	
289	4	511	20	0	0	183	145	1017	805	
68	511	32	64	496	53	567	652	531	0	
319	153	169	268	148	60	1023	547	162	125	
45	511	0	0	379	205	1015	157	145	517	
83	90	36	72	428	511	549	666	539	0	
34	303	8	88	509	19	1023	76	276	638	
68	98	44	87	428	32	768	1023	426	0	
163	271	147	511	45	388	929	261	259	0	
68	129	40	511	428	83	548	598	569	0	
15	42	243	117	316	82	1022	290	195	652	
91	90	53	143	428	30	518	339	1023	259	
91	98	97	64	428	32	543	598	1023	0	
72	90	36	338	428	40	1023	444	503	0	
128	105	36	76	429	32	1023	606	539	0	
192	49	72	90	510	357	1020	483	30	171	
32	45	87	248	125	404	1023	19	590	401	
297	15	244	120	61	80	15	906	213	1023	
209	152	60	431	392	511	128	1017	0	74	
143	46	371	136	90	278	1023	190	591	106	
94	132	95	212	30	177	1023	534	48	629	
220	95	122	0	2	19	1023	415	175	903	
68	98	36	64	433	92	1023	628	532	0	
45	199	434	369	99	160	1023	301	272	72	
136	94	36	64	428	511	481	651	573	0	
91	57	75	42	75	171	1023	756	197	487	
136	80	94	57	258	76	1023	0	701	549	
113	94	52	64	436	32	1023	651	509	0	
76	30	51	124	511	92	489	991	610	0	
114	18	511	210	240	21	1023	248	345	244	
76	90	36	79	444	32	1023	734	460	0	
94	30	152	45	34	197	1023	84	700	615	
83	90	36	64	445	32	1023	414	265	522	
182	8	79	61	511	381	954	145	273	380	

466	217	198	8	80	8	1023	90	639	23	 ***
36	27	91	0	319	231	1023	151	783	91	
0	0	511	389	205	198	152	276	1021	0	
64	198	57	172	282	289	253	263	152	1022	
0	506	511	263	0	366	920	106	80	0	
125	135	4	176	226	361	1023	323	178	201	
0	125	167	0	134	225	1023	248	740	90	
64	135	65	182	222	289	254	244	275	1022	
8	91	90	76	382	102	1023	323	551	106	
170	0	198	393	511	57	531	892	0	0	
30	107	308	300	511	267	145	206	741	137	
64	137	4	281	211	353	185	252	243	1022	
95	138	68	152	278	145	1022	122	612	120	
137	511	0	0	286	0	183	338	1022	275	
64	135	77	172	282	383	202	248	1022	167	
98	68	4	122	167	4	1023	247	653	366	
15	0	0	76	79	508	1023	432	619	0	
45	150	20	186	254	246	205	214	409	1023	
95	434	93	0	419	211	1022	246	81	151	
122	47	42	141	69	231	1022	143	745	190	
64	19	278	6	212	129	1023	136	182	703	
246	126	53	0	126	64	1023	135	827	152	
38	15	270	0	188	34	0	717	1023	467	
30	124	510	356	220	259	145	208	748	152	
34	166	64	511	251	263	141	913	272	137	
263	511	8	312	0	121	1022	0	257	258	
53	105	4	240	242	323	1023	252	189	321	
68	135	4	172	207	357	289	1023	296	201	
206	166	68	0	502	0	1022	146	551	91	
278	8	120	141	0	511	939	121	0	634	
64	139	4	247	226	295	1023	317	208	229	
15	59	45	61	499	133	1023	60	549	308	
320	181	0	0	243	502	483	1023	0	0	
105	105	64	125	311	259	145	206	409	1023	
8	137	274	136	259	15	1023	152	627	121	
68	195	4	174	226	441	225	248	148	1023	
8	302	190	0	187	0	916	0	1022	127	

499	410	0	60	511	0	10	971	0	198	 ***
246	19	75	60	244	507	1022	178	80	228	
462	247	76	12	80	8	371	90	290	1023	
30	4	34	308	0	159	1023	342	759	0	
462	217	76	8	80	8	1023	102	358	325	
45	30	252	150	49	170	1023	130	593	217	
511	0	76	90	61	186	1023	0	99	613	
492	217	84	8	80	8	1023	324	328	95	
68	0	212	8	439	161	1022	213	380	156	
498	510	201	317	398	79	0	0	450	206	
73	122	91	15	511	381	75	220	989	182	
8	124	367	125	250	0	0	682	1023	80	
462	217	76	8	80	8	367	90	1023	328	
462	217	106	8	82	8	1022	90	290	374	
98	34	259	316	94	31	1022	0	566	239	
462	274	76	8	80	8	359	90	1023	279	
128	0	452	95	0	122	1022	369	72	399	
496	217	76	16	80	8	358	1023	290	95	
462	217	83	38	80	8	326	94	328	1023	
462	217	76	8	88	8	1023	354	328	95	
134	132	80	166	121	90	1022	21	893	0	
94	381	380	160	60	353	69	139	1023	0	
462	217	76	16	80	14	386	1023	290	95	
61	144	0	30	102	65	889	1022	30	316	
190	38	0	0	510	8	215	194	1021	483	
365	19	60	455	0	64	1022	369	305	0	
0	449	259	8	0	61	1022	173	603	84	
216	320	46	160	206	70	619	0	1022	0	
90	8	259	259	128	422	159	0	312	1022	
0	0	65	0	42	407	789	167	167	1022	
233	99	259	95	152	0	1023	0	603	195	
466	217	76	8	91	8	355	94	321	1023	

290	338	511	274	30	34	120	780	151	312	 ***
163	280	8	60	271	60	496	479	0	1023	
152	46	511	68	0	30	91	1010	335	597	
182	113	510	244	30	98	274	426	963	0	
126	510	49	510	0	140	610	789	106	0	
179	8	511	0	132	79	334	958	0	639	
105	0	113	105	511	99	34	951	922	0	
182	49	75	278	511	121	0	0	701	923	
133	479	0	0	288	151	191	575	0	1023	
61	402	8	49	0	32	1023	765	374	126	
185	30	505	0	510	304	396	30	0	880	
171	220	0	0	279	0	515	400	233	1022	
38	381	12	120	128	244	90	1022	76	729	
135	498	0	0	331	98	187	325	244	1022	
479	258	0	0	264	75	247	494	0	1023	
133	216	90	0	288	0	625	1023	0	465	
510	216	0	0	279	30	457	906	0	442	
76	42	122	413	511	0	252	903	438	83	
178	216	511	312	316	0	515	586	0	206	
193	216	274	0	311	0	209	615	0	1022	
4	0	38	274	511	0	457	984	128	444	
133	425	105	0	511	0	183	885	122	476	
133	246	252	511	303	60	764	373	0	198	
511	60	438	0	0	30	0	807	23	971	

472	30	0	60	75	0	400	1023	274	0	 ***
275	30	75	0	30	0	135	1023	766	0	
46	460	0	511	30	49	120	1019	30	69	
0	503	0	510	105	0	205	0	1011	0	
0	503	171	0	510	30	1022	0	0	98	
274	30	510	426	0	60	0	30	60	944	
0	0	120	45	0	0	0	1023	948	198	
0	0	30	510	511	244	979	60	0	0	
244	45	510	0	90	60	105	1021	259	0	
168	338	0	278	30	30	124	1023	221	122	
0	30	304	0	0	0	981	1019	0	0	
0	30	30	0	83	0	244	1022	857	68	
30	0	510	30	90	0	0	700	60	914	
38	244	0	0	152	49	618	1023	0	210	
233	338	0	274	167	34	120	1022	91	55	
168	338	0	511	30	34	134	804	91	224	
137	0	509	60	0	30	30	1020	0	548	
184	511	0	259	30	494	212	545	91	8	
0	167	0	0	274	60	60	1013	75	685	
168	342	122	304	30	34	212	1023	91	8	
457	0	396	15	15	0	339	1022	30	60	
0	0	60	289	0	90	0	708	1020	167	
244	30	495	486	30	0	30	1019	0	0	
168	334	0	274	30	197	212	1020	91	8	
30	128	511	399	88	38	171	786	183	0	
168	368	0	511	30	34	212	912	91	8	
122	486	45	15	0	0	0	1020	0	646	
122	30	30	274	30	0	701	1023	0	124	
259	60	45	137	0	0	30	1020	753	30	
90	23	75	0	0	152	0	1023	282	689	

15	319	365	372	267	0	559	1022	0	0	 ***
75	0	15	122	30	116	1023	975	563	0	
488	319	0	60	30	175	666	1022	99	60	
414	75	113	34	488	121	252	1022	274	126	
0	0	212	60	16	60	0	1019	699	853	
445	130	60	244	0	282	350	1021	387	0	
349	53	30	75	0	320	421	1023	648	0	
259	75	443	0	453	0	415	1022	252	0	
488	120	511	0	496	0	38	947	319	0	
75	93	23	4	274	244	334	1023	709	140	
122	15	0	488	90	76	8	1022	334	764	
0	282	510	60	259	385	931	492	0	0	
346	365	0	304	75	8	456	1023	289	53	
289	220	0	0	90	282	30	1023	0	985	
510	304	4	304	75	0	246	882	350	244	
290	196	0	60	98	0	404	1022	297	552	
350	282	0	75	165	304	152	1022	533	36	
30	244	259	0	23	60	755	1022	132	394	
30	304	75	274	0	472	696	1023	0	45	
251	4	274	274	0	252	1022	0	244	598	
23	364	418	15	15	0	0	1019	975	90	
379	60	0	506	259	0	182	1022	511	0	
4	0	0	289	319	511	1015	781	0	0	
38	334	274	75	335	235	609	1019	0	0	
334	0	38	0	60	510	289	972	656	60	
511	0	0	0	259	102	754	369	924	0	
488	286	15	0	278	0	266	1022	564	0	

64	128	8	488	0	0	488	1023	708	305	 ***
0	113	511	503	105	0	304	961	200	515	
252	78	0	0	488	0	990	1023	320	61	
511	334	4	259	21	45	252	961	459	366	
488	75	16	511	0	4	1023	945	0	150	
90	304	334	441	252	0	479	1023	0	289	
0	511	312	60	504	316	1021	488	0	0	
61	83	0	0	60	304	1023	366	797	518	
23	511	308	463	259	0	1014	634	0	0	
511	304	396	359	259	0	287	822	274	0	
0	103	4	143	274	511	533	946	259	439	
0	23	252	34	0	304	923	1022	395	259	
304	122	511	15	136	0	316	893	254	661	
456	304	304	365	511	0	182	822	8	260	
45	511	319	282	319	442	471	823	0	0	
0	398	511	509	0	244	1003	60	0	487	
259	252	354	485	0	304	1023	535	0	0	
361	30	395	365	244	242	286	1022	267	0	
45	304	304	282	244	511	465	936	0	121	
184	244	68	249	0	30	720	183	511	1023	
349	122	450	244	45	488	1023	149	327	15	
23	304	511	282	304	76	456	936	312	8	

0	488	511	0	274	476	90	0	964	0	 ***
125	128	20	488	30	60	244	1023	365	320	
0	0	30	502	0	511	684	1016	60	0	
64	128	72	304	0	0	244	1023	565	403	
81	98	8	503	0	0	244	1023	451	395	
76	114	38	488	0	0	503	1023	440	121	
0	488	0	0	60	121	914	1023	197	0	
402	8	30	0	273	19	244	1023	804	0	
79	128	8	488	0	0	334	400	1023	343	
45	379	65	244	349	0	58	1023	640	0	
0	0	8	152	42	0	587	1023	865	126	
272	60	12	0	15	389	728	1023	304	0	
79	128	8	488	4	39	244	1023	350	440	
99	75	19	334	366	4	75	1023	312	496	
0	504	244	511	15	0	506	1023	0	0	
64	128	23	488	81	0	526	1023	375	95	
154	143	8	274	244	49	244	1023	359	305	

15	305	120	0	511	105	581	0	907	0	 ***
0	244	60	0	274	165	170	1023	608	0	
0	0	511	61	0	30	1000	0	882	60	
0	274	511	0	274	135	120	522	708	0	
511	349	181	0	0	30	985	0	0	488	
0	305	511	15	274	135	94	0	551	659	
470	0	0	75	0	121	1023	0	581	274	
140	244	203	0	274	511	515	0	657	0	
30	244	60	45	274	511	419	0	961	0	
511	274	60	0	274	90	364	0	971	0	
511	0	508	45	0	0	305	0	1020	155	
511	335	60	0	304	75	90	349	820	0	

147	511	320	0	0	158	0	402	173	1007	 ***
433	4	255	0	159	0	139	1023	644	61	
289	381	222	0	379	281	143	1023	0	0	
30	182	125	511	79	472	950	30	60	279	
0	30	0	323	120	87	1023	998	61	76	
15	442	109	75	334	106	1023	0	614	0	
19	414	98	12	380	218	1023	0	554	0	
334	8	289	4	257	76	38	1022	660	30	
15	411	90	38	511	336	591	0	726	0	
259	0	482	69	282	511	0	0	98	1017	
499	0	98	30	105	0	60	1022	904	0	
30	42	60	60	60	34	940	366	1023	103	
30	244	60	511	389	60	364	1022	0	38	
75	305	90	0	361	30	1023	0	699	135	
95	0	0	511	460	90	0	432	1010	120	

0	511	278	503	248	60	254	123	327	937	 ***
320	4	0	90	511	432	1006	878	0	0	
77	0	0	34	75	364	869	113	686	1023	
109	317	320	378	0	114	0	1023	578	402	
151	295	324	0	0	402	0	1023	388	658	
121	511	380	0	492	143	0	800	384	410	
259	334	0	378	0	30	347	1023	0	870	
0	0	45	138	380	511	25	790	334	1018	
483	256	320	159	0	98	0	622	280	1023	
117	257	320	0	194	98	0	586	646	1023	
117	295	324	60	0	480	0	1023	294	648	
124	511	46	60	297	0	337	732	113	1021	
370	511	0	0	38	442	907	518	195	260	
117	511	389	0	244	98	0	527	825	530	
117	511	396	244	244	98	0	529	203	899	
263	487	486	458	0	8	61	456	0	1022	
147	257	320	244	0	158	366	658	68	1023	
0	511	122	278	15	60	991	312	216	736	
8	511	244	155	354	0	520	141	400	908	
61	366	501	342	501	23	0	304	120	1023	
361	347	442	244	0	113	0	292	419	1023	
132	253	511	126	0	357	0	277	648	937	
117	256	320	0	0	399	0	724	1023	402	
305	511	92	160	0	94	263	714	79	1023	
38	385	90	209	4	129	338	15	1010	1023	
394	90	511	121	60	248	274	904	639	0	
38	511	139	148	95	30	914	1002	364	0	
75	378	106	274	327	470	0	493	95	1023	
511	331	309	124	182	334	197	244	0	1009	

