#102	261	23	337	0	160	591	1023	1023	210	 ***
#0	477	489	278	292	511	396	274	1013	0	
#0	114	259	385	0	480	206	278	1023	985	
#16	378	46	404	312	0	971	1023	443	137	
#511	47	0	282	428	387	1010	89	408	568	

0	252	4	57	404	130	691	212	614	1023	 ***
394	34	201	61	314	19	163	572	1023	606	
79	265	23	292	0	290	591	253	571	1023	
209	266	46	276	0	190	591	230	556	1023	
260	0	271	132	155	0	1023	875	385	286	
87	266	61	276	0	160	606	573	1023	335	
79	261	31	265	0	156	766	218	1023	588	
30	262	306	168	318	24	0	1023	1000	256	
282	507	194	279	69	282	200	1023	551	0	
187	4	0	8	30	282	1023	224	759	870	
166	24	30	317	12	420	331	1023	667	397	
378	511	0	316	404	400	0	910	72	396	
61	0	426	72	473	163	707	149	1023	313	
79	261	53	276	130	160	599	1023	575	231	
87	261	149	321	0	160	607	1023	569	210	
210	335	85	130	0	252	1021	1023	0	331	
156	2	263	84	252	183	68	868	488	1023	
19	137	274	420	30	141	488	1023	581	274	
21	362	219	312	122	23	141	1023	903	261	
332	442	256	35	0	57	579	663	0	1023	
61	53	166	73	12	75	274	637	1022	1014	
511	0	252	267	294	12	212	914	925	0	
135	149	45	308	316	501	489	421	0	1023	
99	381	4	289	138	442	424	286	301	1023	
87	291	31	276	4	168	592	1023	583	332	
95	291	23	280	0	160	599	1023	576	340	
415	411	57	20	221	407	1023	574	259	0	
79	261	38	276	0	168	714	261	567	1023	
79	266	23	276	0	282	591	226	1023	621	
31	191	278	23	274	25	83	796	1023	663	
146	304	0	404	72	309	526	1023	312	291	
79	284	23	276	4	160	599	1023	611	328	
201	267	46	276	0	168	591	1023	580	235	

275	301	312	75	501	0	243	1023	721	0	 ***
0	267	0	323	212	130	611	272	614	1022	
511	151	34	172	511	0	850	219	1003	0	
0	260	19	49	396	138	437	516	614	1022	
511	456	259	0	0	375	141	640	61	1008	

30	213	366	448	339	221	438	1023	131	312	 ***
8	426	206	132	445	274	244	1023	429	334	
335	179	312	75	166	0	684	1023	747	0	
0	31	327	0	476	90	1020	171	404	1002	
280	95	380	53	151	75	454	0	1010	1023	
212	378	503	324	173	205	0	1022	399	305	
398	254	372	73	350	0	1023	330	721	0	
144	107	38	239	256	0	974	1021	453	289	
233	423	442	8	185	38	274	1021	60	837	
61	98	128	267	511	30	156	404	987	879	
251	137	248	396	287	220	278	377	1023	304	
335	61	434	195	342	17	307	1023	807	0	
51	186	305	396	216	137	346	1023	79	782	
252	201	308	396	190	328	669	68	87	1022	
335	179	298	69	132	60	723	1023	702	0	
275	179	312	377	511	0	644	419	804	0	
53	49	408	328	290	319	256	1020	617	181	
38	152	114	156	309	8	404	439	1021	880	
135	511	34	275	212	503	557	914	182	198	
68	261	60	412	385	57	1020	290	137	831	
275	297	312	69	340	0	1020	262	702	244	
400	415	0	64	335	68	669	548	1022	0	
16	351	289	334	511	244	0	775	1001	0	
60	68	39	137	445	12	936	618	183	1023	
274	326	91	426	8	0	1004	1023	369	0	
94	304	305	68	72	511	298	0	925	944	
275	301	316	73	106	15	323	1023	777	312	
91	152	24	0	403	282	632	1023	670	244	
430	235	235	412	73	256	0	1020	563	297	
275	179	312	73	173	304	216	1023	706	260	
39	137	297	151	190	495	72	1021	1020	99	
410	194	312	73	228	0	1023	330	951	0	

0	335	0	509	42	160	421	1020	126	319	 ***
151	4	90	122	4	0	1022	1008	456	75	
220	0	171	19	129	227	236	1021	0	909	
137	0	83	0	69	154	61	494	914	1020	
0	213	182	478	57	160	316	1020	126	380	
15	23	121	122	76	0	105	1022	1020	428	
64	152	68	30	38	79	496	1023	978	4	
0	228	122	494	72	160	316	1020	186	334	
0	258	121	30	38	511	334	1020	156	464	
91	191	0	98	199	461	492	1023	129	248	
264	38	30	265	182	511	1004	394	244	0	
372	511	378	0	324	492	535	0	320	0	
0	213	213	448	57	160	316	1020	201	304	
79	38	0	348	242	0	16	869	320	1020	
124	274	396	174	0	0	106	1020	91	747	
298	399	60	0	503	15	0	1022	297	338	
121	30	320	151	511	335	457	0	1007	0	
87	379	450	45	152	8	1021	0	646	144	
85	0	30	137	338	60	1020	0	286	976	
30	61	402	30	511	304	77	0	548	969	
0	137	152	342	4	396	143	0	1020	738	
366	338	145	511	136	0	0	942	190	304	
0	213	122	463	57	251	376	1020	126	304	
0	76	76	61	479	236	319	1023	202	460	
0	151	23	244	329	45	1021	68	990	61	
84	126	511	376	122	0	525	197	991	0	
408	90	275	511	57	242	0	0	1014	335	
60	122	30	0	445	132	834	289	1020	0	
126	282	459	383	510	61	1021	90	0	0	
247	126	166	456	0	60	350	1022	456	49	
61	79	19	144	0	477	646	167	319	1020	
164	224	304	189	80	0	1023	551	397	0	

154	259	60	511	0	90	128	991	471	106	 ***
0	184	0	120	53	91	966	1022	0	334	
486	387	45	511	455	38	139	0	709	0	
75	511	113	0	0	75	487	369	974	166	
0	91	30	509	132	130	402	1022	0	454	
61	0	60	90	304	105	958	1022	30	140	
94	166	60	0	61	120	1023	912	289	45	
195	30	15	509	42	190	432	1023	30	304	
151	226	88	334	0	509	166	1022	274	0	
455	106	23	150	0	387	1023	94	532	0	
0	181	0	511	463	213	605	365	0	432	
0	470	64	494	0	511	1005	136	90	0	
15	182	0	509	72	205	402	363	0	1022	
90	34	0	30	75	511	1022	560	448	0	
30	30	175	379	45	60	950	79	1022	0	

32	90	90	91	0	45	838	1023	167	304	 ***
64	289	45	60	0	90	128	585	396	1023	
49	259	45	511	0	90	128	494	411	693	
60	68	511	259	15	105	638	994	0	30	
51	259	45	511	0	90	835	327	426	136	
197	30	0	60	15	511	1002	289	195	381	
479	51	0	0	0	308	150	1023	183	486	
79	250	45	60	0	90	372	365	396	1023	
0	60	0	511	61	76	0	1015	30	927	
121	0	511	195	30	0	1018	90	244	471	
49	259	47	60	0	120	156	479	487	1023	
45	259	45	511	0	90	160	694	396	480	
49	259	45	511	0	90	144	460	398	724	
75	0	45	511	30	319	0	971	609	120	
49	274	45	60	0	90	233	510	396	1023	
60	121	30	136	334	61	130	1023	785	0	
61	30	0	60	304	226	244	0	732	1023	
511	30	15	364	15	91	533	956	45	120	
45	244	60	60	5	90	1023	392	396	365	
30	259	105	75	90	15	983	1018	0	105	
49	503	45	511	0	90	387	837	152	106	
30	105	0	120	30	91	1023	974	30	277	
72	30	409	60	503	45	60	388	91	1022	
90	0	499	511	494	30	136	920	0	0	

30	90	64	91	19	15	487	1023	416	338	 ***
69	120	511	76	319	165	293	926	94	0	
65	154	60	30	308	105	689	1023	139	0	
19	30	120	90	1	0	785	445	60	1023	
458	94	34	34	49	60	762	1022	0	60	
30	90	79	95	0	34	445	312	465	1023	
34	90	19	136	0	36	495	300	440	1023	
90	49	90	109	370	511	996	4	354	0	
50	90	72	106	0	30	522	1023	181	499	
80	135	79	0	0	151	977	1023	128	0	
34	60	75	91	0	45	502	1022	425	319	
0	0	0	79	100	334	820	217	1023	0	
60	90	94	73	0	34	442	1021	440	319	
0	128	334	109	110	105	0	1023	106	658	
333	68	486	0	350	109	79	0	125	1023	
75	79	0	45	60	45	335	0	911	1023	
60	105	445	113	106	34	0	1023	398	289	
164	275	57	511	185	96	279	1006	0	0	
91	64	317	223	162	0	629	1023	0	64	
64	60	68	106	0	60	464	314	414	1023	
125	28	68	65	495	125	334	1023	310	0	
125	304	109	79	49	21	0	1023	157	706	
91	30	511	109	98	289	0	1020	304	121	

147	182	76	98	60	248	1023	0	294	915	 ***
91	278	338	109	81	40	766	1023	317	0	
197	0	191	511	94	98	995	617	340	0	
15	15	120	143	38	404	810	49	426	1023	
0	158	34	511	195	508	516	0	1014	107	
45	120	80	99	263	0	487	439	487	1023	
185	471	6	60	79	106	1023	819	294	0	
152	304	94	99	50	0	546	1023	167	608	
80	511	121	229	136	198	715	1023	0	30	
406	0	511	308	0	79	489	195	855	200	
233	511	83	0	0	64	68	677	392	1015	
31	15	203	195	0	99	470	857	1023	150	
511	106	73	351	106	261	507	1018	110	0	
511	259	90	0	235	0	997	159	231	561	
511	58	422	312	0	144	757	0	640	199	
47	129	0	105	0	30	1023	431	528	750	
289	60	124	99	49	0	594	1023	212	593	
85	24	60	439	511	75	411	1002	436	0	
165	511	117	0	0	210	1014	269	175	582	
90	150	64	99	27	15	504	1023	288	783	
246	60	511	274	488	34	756	0	434	240	
167	60	90	15	169	49	951	1023	402	117	

72	153	76	72	121	248	522	0	606	1023	 ***
72	160	78	145	136	265	446	0	568	1023	
0	135	0	163	30	289	1023	181	494	578	
87	167	106	99	114	244	637	0	416	1023	
75	250	244	297	85	0	137	782	0	1023	
55	334	260	105	150	88	1023	343	201	334	
72	153	84	99	94	248	507	0	613	1023	
64	511	218	311	354	251	386	798	0	0	
72	137	78	47	64	248	1023	0	598	626	
94	108	129	342	0	0	1023	468	228	501	
72	182	138	92	79	248	507	0	552	1023	
72	243	99	71	64	248	1023	0	537	536	
72	197	78	47	79	263	1023	0	599	535	
72	212	76	68	70	264	1023	0	599	509	
304	511	30	0	312	75	960	339	0	362	
128	34	205	0	327	511	885	297	506	0	
99	90	398	117	34	53	91	1023	105	883	
103	8	49	0	358	421	1023	225	106	600	

74	30	76	102	121	256	1023	0	615	263	 ***
54	0	30	135	130	511	1021	448	231	0	
0	106	68	0	106	120	1023	1016	76	45	
196	68	30	17	27	322	483	228	166	1023	
439	83	34	142	197	60	1023	106	476	0	
501	0	27	87	0	146	395	45	336	1023	
72	30	122	72	142	244	501	0	354	1023	
79	38	501	506	310	20	0	83	1023	0	
280	0	115	105	84	365	269	319	0	1023	
72	35	204	83	129	282	378	0	354	1023	
82	117	511	0	94	371	0	808	236	341	
87	38	61	98	131	379	385	0	358	1023	
212	159	372	36	96	30	1023	65	567	0	
331	4	82	0	4	196	244	109	1023	567	
123	139	212	114	350	0	403	90	106	1023	
0	114	0	155	310	511	1015	0	357	98	
108	75	82	83	121	374	340	0	354	1023	

64	155	23	60	6	63	861	0	1023	181	 ***
141	394	40	511	27	46	1023	0	57	197	
34	30	0	102	110	259	510	0	1023	368	
511	45	0	108	144	268	744	0	336	280	
90	61	30	210	433	79	136	295	79	1023	
511	290	0	102	123	267	515	0	314	314	
39	511	0	102	121	267	742	0	325	329	
34	35	0	117	123	282	508	0	314	1023	
30	47	4	171	38	67	1023	19	1022	15	
482	51	0	508	175	64	61	72	0	1023	
83	23	30	121	511	30	1011	556	19	52	
0	14	79	511	150	351	1014	213	104	0	
104	45	0	255	110	252	1023	0	333	314	
0	15	19	511	377	60	110	216	1023	105	
125	351	192	408	126	73	0	0	1023	138	
57	15	511	254	91	252	557	0	326	373	
30	8	167	34	19	15	170	76	894	1023	
125	145	57	123	0	1	1023	115	139	708	
34	30	8	103	121	260	515	126	1023	216	
87	135	511	0	38	109	0	311	937	308	
240	87	0	31	0	88	119	799	1023	49	
34	30	0	140	123	267	1023	0	509	310	
46	49	61	118	123	283	1023	0	96	637	
62	30	8	102	91	271	539	0	310	1023	
105	205	31	85	60	34	859	1023	0	34	
60	88	64	284	120	110	1023	288	0	399	
59	45	42	151	270	83	1023	90	289	384	
0	9	511	124	79	228	398	117	940	30	
255	511	0	102	155	274	499	0	326	314	
275	30	15	117	92	271	1023	0	97	516	

23	79	329	42	0	269	0	627	85	1023	 ***
49	125	41	111	14	85	1023	0	682	347	
64	155	42	68	511	61	394	0	782	400	
36	143	90	83	1	57	0	938	106	1023	
63	0	511	0	357	187	136	125	75	1023	
49	189	34	60	2	61	347	245	1023	467	
57	131	511	79	2	61	343	0	657	636	
8	24	41	79	98	175	917	112	1023	0	
49	172	19	83	2	80	359	496	1023	194	
45	23	31	84	87	76	201	107	1023	800	
0	223	511	388	190	87	619	284	175	0	
152	150	27	23	0	17	88	79	1023	918	
64	125	25	65	109	155	488	0	1023	423	
86	155	79	60	6	73	1023	0	663	332	
57	185	41	148	269	61	358	0	1023	335	
67	125	27	60	6	81	365	0	723	1023	
49	110	19	64	32	275	358	368	1023	179	
140	194	23	75	6	62	383	0	571	1023	

8	64	93	16	153	122	94	54	911	1023	 ***
301	74	35	94	27	14	78	873	19	1023	
268	64	327	42	79	142	0	304	289	1023	
144	66	325	194	68	150	0	138	1023	430	
16	38	9	42	196	188	179	661	186	1023	
103	60	79	44	30	318	122	190	569	1023	
145	511	325	117	403	312	0	419	108	198	
301	105	85	38	15	90	671	163	47	1023	
279	91	8	34	38	0	141	924	1023	0	
45	57	105	70	209	122	19	0	889	1022	
8	69	34	192	34	25	860	268	25	1023	
47	167	53	243	143	170	591	0	101	1023	
23	94	81	44	0	260	1023	253	657	103	
156	24	180	205	509	141	0	234	66	1023	
144	12	68	75	16	154	92	719	235	1023	
23	68	492	155	257	79	0	145	296	1023	
199	4	4	81	164	106	155	767	35	1023	
269	87	329	57	0	511	0	191	81	1013	
191	10	15	64	15	45	254	1023	175	746	

23	139	167	93	193	227	186	182	756	1023	 ***
21	94	70	15	153	511	220	647	255	1003	
64	126	60	265	175	14	113	272	877	1023	
93	224	72	125	123	268	1023	0	137	924	
15	125	94	289	66	164	91	155	967	1023	
23	68	90	303	368	122	128	421	443	1023	
23	64	90	59	261	244	276	497	452	1023	
69	201	213	236	390	25	87	745	0	1023	
292	181	511	273	0	34	68	997	633	0	
154	190	45	274	23	49	411	820	0	1023	
511	81	90	15	243	122	429	294	437	767	
45	15	0	182	442	64	1022	122	75	1022	
252	64	90	15	180	267	1022	235	296	568	
0	383	511	90	153	122	279	474	587	390	
289	152	186	511	38	488	160	0	143	1022	
510	275	139	182	511	139	144	75	1014	0	
145	201	81	219	511	399	0	113	464	856	
12	66	336	109	153	221	508	113	448	1023	
4	0	489	122	76	0	1022	196	1020	60	
60	289	122	15	511	0	105	1020	737	130	
49	23	511	145	60	153	75	152	800	1021	
152	98	221	0	66	23	105	995	306	1023	
262	30	77	15	44	95	188	1005	250	1023	
364	78	23	15	97	184	1023	193	0	1012	
511	248	510	121	229	137	0	156	64	1013	

81	69	88	167	342	30	325	272	577	1023	 ***
168	80	501	0	0	508	64	108	522	1023	
23	139	167	116	129	227	480	182	1023	488	
183	0	8	335	274	0	1022	77	53	1022	
53	139	137	449	129	511	606	182	401	367	
90	498	312	216	0	75	440	0	1023	320	
60	95	6	32	240	326	64	169	959	1023	
510	0	21	263	8	156	910	83	0	1023	
335	4	231	75	12	426	178	609	81	1023	
31	169	273	93	129	212	212	182	650	1023	
259	295	98	466	511	0	626	125	594	0	
176	411	277	125	0	76	34	137	715	1023	
27	139	212	94	125	227	182	426	519	1023	
38	121	152	93	269	242	182	434	420	1023	
167	0	137	214	69	198	822	1023	344	0	
46	139	175	93	133	227	182	430	526	1023	
78	457	38	60	134	152	76	744	212	1023	
88	160	274	170	167	197	0	23	872	1023	
46	139	137	93	258	212	182	426	458	1023	
140	15	334	319	76	87	739	195	47	1022	

32	39	84	304	401	49	389	257	174	1023	 ***
133	8	124	380	274	0	781	0	29	1023	
48	144	156	139	402	30	323	272	215	1023	
36	39	85	152	372	90	336	320	299	1023	
8	258	0	0	460	178	15	701	109	1023	
30	0	309	82	105	0	57	429	718	1022	
270	141	511	23	476	0	0	0	326	1005	
304	0	91	288	126	172	612	136	0	1023	
220	0	0	53	334	122	603	138	259	1023	
23	247	0	65	144	34	381	0	835	1023	
205	30	0	151	156	20	152	400	616	1022	
51	45	88	213	338	30	349	227	389	1022	
64	175	511	62	400	0	160	120	278	982	
19	91	320	27	308	75	121	0	768	1023	
25	80	445	152	511	45	308	201	106	879	
242	99	15	0	187	166	64	385	571	1023	

62	35	114	167	264	45	401	257	1023	291	 ***
114	30	124	289	511	480	165	0	946	0	
471	511	45	304	0	19	1023	12	183	91	
60	493	30	510	0	23	60	122	338	1023	
121	156	72	23	154	152	331	42	585	1023	
122	73	0	15	91	10	509	146	670	1023	
65	46	320	60	155	259	0	587	145	1022	
370	171	113	121	139	15	121	75	512	1022	
10	468	72	15	88	317	126	299	242	1022	
32	35	84	152	279	60	389	359	246	1023	
0	61	400	509	98	65	394	1023	0	109	
129	64	42	510	61	312	0	98	421	1022	
64	30	61	0	395	511	120	457	0	1021	
30	110	60	76	244	456	372	190	98	1023	
125	27	168	76	400	94	135	161	450	1023	
16	83	0	511	23	236	45	1013	338	394	
452	130	332	510	0	0	0	1009	181	45	
139	212	53	247	60	8	267	122	528	1023	
259	4	159	0	173	511	479	122	0	952	
61	38	105	246	0	488	175	1022	90	434	
0	53	431	65	30	511	319	228	0	1022	
32	58	84	152	309	45	389	322	245	1023	
65	23	4	508	60	8	448	520	0	1023	
323	0	334	117	282	61	399	1022	121	0	
121	0	0	511	266	0	380	27	332	1022	
257	197	8	186	4	256	1023	49	8	671	
319	23	122	12	69	122	135	1023	800	34	
197	382	0	8	19	66	0	227	737	1023	
0	184	506	69	167	315	63	1023	313	19	
34	184	243	171	320	0	0	61	623	1023	
79	4	152	122	68	354	122	153	582	1023	
34	95	0	350	137	90	65	212	653	1023	
32	35	118	152	279	87	389	257	287	1023	
319	45	60	54	187	0	34	237	700	1023	
242	49	141	60	0	104	514	269	257	1023	
137	319	511	172	69	0	1003	120	208	120	
152	38	15	15	64	140	65	600	547	1023	
274	90	510	136	79	190	61	195	102	1022	
126	217	167	79	45	0	577	53	372	1023	
64	0	317	384	121	42	467	143	98	1023	
4	53	109	94	122	244	0	338	673	1022	
76	118	15	4	120	68	749	152	335	1022	
395	30	121	243	0	42	8	128	669	1023	
32	35	84	152	279	45	419	287	303	1023	
102	60	305	111	479	27	0	139	414	1022	

8	53	511	506	357	137	841	0	0	427	 ***
53	60	8	15	12	334	853	439	1021	45	
60	8	0	202	4	15	312	442	1023	774	
77	50	53	60	128	113	579	242	515	1023	
412	158	335	0	511	38	991	0	117	278	
35	403	409	0	8	16	133	813	1023	0	
62	24	61	60	128	60	397	212	1023	813	
80	69	38	510	511	0	922	0	154	556	
457	511	114	19	0	409	32	0	1016	282	
68	20	65	60	137	90	350	1023	729	298	
0	278	197	90	60	511	19	148	911	626	
62	264	113	38	162	30	337	524	1023	287	
368	8	252	0	261	49	87	1022	793	0	
62	20	49	30	403	165	641	235	212	1023	
38	45	508	510	83	4	1022	0	0	630	
166	227	38	130	94	8	651	244	1023	259	
0	160	34	230	49	15	0	945	1023	384	
62	50	68	30	128	30	413	531	1023	505	
324	511	0	264	0	55	466	933	287	0	
62	20	53	90	136	274	637	325	220	1023	
15	434	511	120	312	105	0	30	1000	313	
15	94	16	395	12	0	161	714	1023	410	
510	75	0	90	76	23	89	955	1022	0	
60	137	154	148	244	77	0	64	934	1022	
23	103	156	30	267	167	316	136	1022	620	
8	83	60	8	0	135	0	613	910	1023	
68	0	341	364	19	0	925	32	1023	68	
249	288	60	211	251	294	0	0	464	1023	
231	278	16	0	114	75	139	0	1022	965	

30	423	60	0	0	503	1022	206	30	60	 ***
4	57	426	177	342	137	1022	0	0	169	
4	57	304	147	376	137	1022	0	0	287	
30	0	90	0	212	60	1020	0	0	922	
0	0	0	0	490	0	259	0	562	1023	
0	244	0	30	76	463	1020	60	319	122	
0	511	0	511	0	259	30	1023	0	0	
30	15	8	250	0	486	1023	522	0	0	
0	0	0	0	510	511	1023	290	0	0	
511	0	0	396	0	30	1018	304	0	75	
4	57	304	254	372	152	1022	0	0	169	
4	175	304	132	342	137	1023	30	15	172	
4	175	334	132	342	137	1022	0	0	188	
30	409	30	389	426	30	1020	0	0	0	
141	53	304	136	357	137	1023	0	0	183	
0	289	15	0	30	60	1023	0	0	917	
510	0	90	30	15	0	1022	0	667	0	
15	30	154	90	15	0	1008	0	0	1022	
15	90	334	152	0	0	1023	686	0	34	
105	30	374	0	0	0	1021	729	0	75	
0	15	30	506	30	0	0	0	730	1023	
23	53	304	511	372	137	249	0	0	685	
0	242	15	15	0	30	1020	1012	0	0	
0	0	488	30	0	120	674	1022	0	0	
30	427	75	19	38	304	1020	60	23	338	

380	252	60	320	83	15	1019	227	503	60	 ***
366	0	0	274	0	402	1022	0	733	122	
0	404	68	394	0	68	1022	518	201	244	
53	30	122	342	91	0	1023	0	608	650	
0	181	8	30	122	289	1022	895	53	319	
45	190	0	15	244	0	1023	609	703	90	
60	410	304	137	312	244	1022	36	30	364	
60	15	121	274	362	319	1022	160	274	312	
263	128	0	91	0	304	1022	867	244	0	
91	510	0	0	507	396	867	548	0	0	
190	75	135	0	150	503	1023	0	582	261	
15	0	8	122	0	61	1022	786	578	327	
30	244	0	0	113	396	1023	656	77	380	
289	259	282	0	15	0	1020	181	0	873	
0	23	0	120	106	244	1022	514	646	244	
90	45	365	8	244	503	1022	164	297	181	
267	278	259	0	30	357	1023	287	114	304	
0	244	0	8	364	335	0	1020	0	948	
274	349	136	8	15	507	1022	206	274	128	
45	60	181	0	0	274	1023	190	1010	136	
0	0	510	259	0	358	956	685	0	151	
30	349	304	0	0	507	1022	273	55	379	
150	319	60	8	259	507	1023	251	274	68	
0	12	0	455	510	426	983	274	0	259	
205	511	45	0	0	274	0	925	959	0	

0	128	332	0	286	0	607	1023	836	0	 ***
297	282	0	328	75	83	1023	272	548	304	
274	511	0	290	83	15	1004	243	488	304	
90	256	0	15	490	0	1023	593	493	252	
511	259	50	283	65	60	263	122	942	657	
151	434	8	38	500	120	938	1023	0	0	
30	0	511	252	409	259	183	791	259	518	
507	144	267	241	0	75	1022	304	274	378	
289	290	38	68	319	261	1023	365	248	311	
410	244	327	19	0	0	1021	0	275	916	
0	60	244	0	30	15	868	0	1023	972	
27	244	487	31	0	0	1006	1023	0	394	
511	182	0	0	0	0	1019	387	861	252	
34	90	275	83	0	308	1021	404	327	670	
120	511	30	274	493	304	312	259	665	244	
0	257	383	38	15	0	1023	376	609	511	
184	136	17	488	8	0	1023	464	762	130	
395	304	15	259	83	15	1023	280	496	342	
252	488	72	0	129	511	1015	274	471	0	
0	244	304	297	135	15	1022	258	496	441	
274	0	304	0	15	0	1023	61	556	979	
244	283	511	259	181	15	745	182	488	304	
45	305	402	259	244	122	1023	0	736	76	
0	0	511	136	319	38	982	730	252	244	
30	511	0	274	113	442	838	212	488	304	
274	252	511	328	425	75	187	657	503	0	
0	137	88	68	426	488	1023	319	259	404	
15	511	308	319	106	366	379	956	0	252	
409	75	20	0	438	8	1022	770	304	166	

0	0	304	106	0	365	0	1023	761	244	 ***
15	151	392	30	73	30	541	1023	548	0	
0	143	366	0	8	0	533	1023	730	0	
0	511	8	30	105	0	0	1005	140	1004	
15	128	332	30	73	0	541	1023	661	0	
46	75	452	252	0	0	955	0	1023	0	

0	0	244	106	60	196	0	1020	400	518	 ***
0	501	0	204	304	0	88	1023	0	424	
0	289	319	511	61	0	60	345	929	30	
0	0	0	30	0	511	83	0	1019	901	
0	30	319	30	0	60	0	1017	181	907	
30	0	244	151	0	150	0	674	1021	274	
304	0	0	30	30	105	1008	1022	30	15	
45	0	90	106	274	0	0	1019	920	90	
304	60	0	61	166	15	0	1023	0	915	
60	489	0	0	15	121	0	0	837	1022	
0	181	98	259	0	120	244	1023	185	434	
30	0	274	121	0	120	0	545	431	1023	
505	511	151	0	334	83	960	0	0	0	
350	342	0	0	335	90	404	1023	0	0	
0	0	244	511	0	158	0	814	520	297	
0	15	244	136	0	120	395	1020	370	244	
30	0	121	319	409	511	0	1003	91	60	
0	0	30	289	0	226	0	916	1023	60	
30	30	244	106	30	120	0	1014	421	549	
61	30	511	106	0	180	0	814	354	488	
274	488	0	0	387	319	956	120	0	0	
90	30	0	289	91	511	60	1018	0	455	

42	0	304	68	0	238	76	1023	259	708	 ***
30	8	244	136	64	391	0	1011	560	274	
0	64	409	61	30	0	999	1023	128	4	
60	169	60	0	0	0	182	1022	219	1006	
511	19	0	122	445	501	30	1014	0	76	
0	143	19	278	30	133	906	1023	186	0	
0	0	4	60	105	501	1023	0	855	170	
0	424	411	458	135	53	0	1022	0	215	
8	75	244	114	105	196	0	1023	370	583	
30	0	66	400	124	425	0	1023	330	320	
16	0	474	30	0	241	106	1023	90	738	
220	4	30	45	485	509	0	1023	402	0	
0	282	139	0	99	129	456	1023	211	379	
8	76	244	118	83	286	0	1023	606	274	
334	0	75	68	159	0	456	1023	94	509	
319	61	27	121	75	205	323	1023	123	441	
0	0	511	114	60	275	0	791	614	353	
0	0	260	79	68	232	216	1023	498	342	
0	0	248	233	60	217	313	1023	350	274	

312	122	244	68	91	242	365	1022	403	372	 ***
304	4	349	141	0	9	0	1023	456	955	
377	250	244	434	90	34	0	1023	649	140	
60	30	0	510	511	61	1021	0	796	252	
301	0	274	30	366	159	166	1023	259	663	
338	323	365	467	511	376	38	823	0	0	
60	49	60	0	212	213	125	1023	488	1011	
109	45	42	430	0	288	1023	0	343	961	
301	16	274	274	0	155	186	1023	261	751	
125	121	64	320	441	282	0	1023	295	570	
312	0	379	151	58	244	339	1023	0	735	
15	0	45	282	122	511	873	1009	0	384	
305	178	365	161	0	46	0	1023	721	442	
453	0	511	346	0	155	144	808	259	565	
305	0	488	272	257	418	91	1023	0	387	
98	381	4	135	305	0	120	1023	331	844	
73	4	42	45	0	212	991	1022	60	792	
80	15	0	188	274	365	848	449	0	1022	
152	248	304	72	38	115	981	289	1023	19	
364	494	343	0	109	0	0	19	889	1023	
60	90	312	500	152	0	1023	983	121	0	
265	484	0	252	8	491	76	1023	582	60	
12	259	511	0	124	258	163	1000	914	0	
42	0	396	274	0	245	1023	343	263	655	
83	205	312	91	319	170	304	1022	0	735	
42	0	298	282	0	238	320	749	289	1023	
42	0	411	98	0	170	144	1022	503	851	
42	122	274	42	0	178	320	1022	319	922	

