#9420.6	25340	29325	0	0	 97 ***
#9026.37	32522	29325	0	0	 87 
#9409.98	25932	29325	0	0	 76 
#10200.1	24797	29325	0	0	 74 
#9027.04	32338	29325	0	0	 67 
#10216.5	22704	29325	0	0	 60 
#9127.89	26171	29325	0	0	 59 
#9605.17	24842	29325	0	0	 41 
#9403.85	26028	29325	0	0	 34 
#10214.9	23634	29325	0	0	 23 
#10209.4	24256	29325	0	0	 19 
#10204.7	24515	29325	0	0	 13 
#9030.4	31255	29325	0	0	 4 
#9032.26	26817	29325	0	0	 3 

10089.4	17459	25246	81	3058	 100 ***
10104.5	17601	25246	10	378	 90 
9282.31	22216	25246	35	802	 81 
10099	18028	25246	40	2480	 80 
8677.04	17742	25246	74	2721	 76 
10100.5	16921	25246	82	2919	 74 
10086.2	16901	25246	84	3150	 66 
8682.32	18477	25246	44	2322	 63 
10096.1	17348	25246	46	2418	 59 
9297.84	17711	25246	85	3051	 58 
9287.1	19136	25246	39	2259	 58 
10090.1	17386	25246	54	2389	 52 
10102.5	17699	25246	45	2593	 46 
9296.52	18847	25246	7	333	 42 
10102.3	15618	25246	85	3051	 39 
9284.73	20729	25246	39	1300	 36 
8209.61	18466	25246	81	2796	 32 
10113.5	17220	25246	43	2491	 29 
9285.48	20020	25246	33	756	 29 
9290.07	18210	25246	8	577	 16 
10092.4	17906	25246	42	2508	 14 
8671.12	23603	25246	78	3035	 9 
10092.3	18052	25246	42	2289	 9 
10078.5	17729	25246	81	3037	 3 
10105.2	17753	25246	8	316	 1 

8256.46	20309	26494	47	1585	 82 ***
9337.52	15459	26494	37	742	 75 
9349.86	13739	26494	70	2543	 72 
8464.88	17521	26494	58	2575	 72 
9322.54	16306	26494	17	142	 54 
10151.7	15309	26494	35	732	 53 
9318.47	18263	26494	54	1960	 51 
9337.35	15880	26494	42	792	 50 
8736.88	16693	26494	71	2645	 42 
10141.8	19581	26494	14	307	 40 
8524.43	18017	26494	55	2035	 36 
9328.63	20494	26494	16	559	 34 
9082.85	15658	26494	72	2882	 26 
10139.5	19112	26494	16	801	 16 
8152.91	20119	26494	73	2803	 12 
10144.9	15434	26494	35	732	 9 

9195.39	19288	29672	22	394	 100 ***
8393.11	18967	29672	23	505	 99 
9186.96	18093	29672	23	505	 98 
10260.8	14620	29672	58	2593	 95 
10258	14690	29672	56	2092	 83 
10264.3	14236	29672	60	2684	 77 
9191.9	17151	29672	27	585	 73 
8387.03	17234	29672	24	566	 68 
9466.03	17933	29672	22	683	 67 
10266	14105	29672	58	2296	 63 
7795.56	15813	29672	76	2833	 53 
9460.03	15472	29672	36	1037	 53 
10267.5	15711	29672	34	1021	 42 
9454.68	15710	29672	35	1022	 39 
10261.6	14505	29672	58	2554	 35 
8369.6	19706	29672	14	286	 35 
9448.8	15873	29672	34	1021	 34 
8028.78	18014	29672	73	2855	 32 
9454.43	13537	29672	61	2536	 31 
9199.11	19200	29672	21	418	 30 
8372.88	14789	29672	47	2210	 26 
10254.2	14367	29672	59	2676	 25 
9202.1	18608	29672	22	448	 19 
9452.54	14679	29672	58	2380	 18 
7525.29	16477	29672	76	2898	 13 
8136.86	18834	29672	71	2301	 4 
8377.68	17097	29672	28	829	 2 
9468.31	17911	29672	18	621	 0 

8220.99	11819	29293	60	2436	 100 ***
9045.82	12346	29293	25	725	 100 
7857.81	14177	29293	60	1968	 95 
7627.51	11086	29293	64	2467	 93 
8704.38	11013	29293	58	2434	 93 
8514.85	13868	29293	44	1950	 87 
9046.54	12222	29293	26	730	 87 
8429.06	11053	29293	58	2489	 85 
9039.46	14586	29293	30	1029	 71 
8455.36	13545	29293	50	2349	 70 
8908.38	9827	29293	55	2305	 70 
8246.98	13991	29293	37	772	 70 
8530.05	10763	29293	65	2569	 61 
7521.79	12571	29293	66	2694	 60 
9046.24	11364	29293	32	947	 55 
9043.54	13386	29293	28	1067	 51 
8491.46	11324	29293	56	2206	 49 
8430.87	11360	29293	55	1947	 44 
9049.24	10613	29293	30	643	 43 
8121.24	12260	29293	62	2176	 42 
7860.08	10887	29293	70	2663	 42 
9046.46	10448	29293	32	673	 42 
8250.04	12797	29293	57	2303	 37 
9039.93	13517	29293	33	1087	 36 
9041.4	13166	29293	39	895	 35 
7976.02	15328	29293	56	2221	 31 
9041.58	12936	29293	34	1091	 29 
8732.07	9914	29293	65	2668	 28 
8701.53	11978	29293	50	1694	 27 
7533.34	11722	29293	64	2180	 12 
9043.95	12793	29293	30	1121	 11 
7825.73	13328	29293	63	2528	 4 
10122.1	11981	29293	27	738	 3 

8121.99	14344	27923	13	531	 97 ***
9200.81	12481	27923	9	671	 93 
8939.97	13343	27923	33	1574	 90 
9217.34	11479	27923	34	1699	 86 
10002.1	11705	27923	33	1322	 85 
8230.05	11425	27923	60	2009	 85 
10026	9571	27923	58	1963	 85 
10014.3	10105	27923	41	1449	 84 
8334.9	13202	27923	56	2063	 83 
8949.23	12384	27923	33	1763	 83 
10014.7	11207	27923	34	1738	 82 
8151.56	13491	27923	43	2040	 82 
8949.8	13375	27923	31	1111	 79 
7881.52	10558	27923	66	2424	 66 
9415.22	10540	27923	60	2256	 63 
10004	12054	27923	30	1320	 62 
7752.38	15725	27923	56	2123	 62 
8936.22	13553	27923	12	912	 57 
8336.6	12125	27923	34	1715	 47 
8130.75	13565	27923	28	901	 39 
8023.98	11866	27923	57	2177	 33 
10011.7	11480	27923	31	1326	 31 
9201.02	12219	27923	8	641	 30 
8592.22	10651	27923	35	1708	 20 
7769.3	15060	27923	58	2181	 10 
7151.53	13622	27923	59	2069	 2 

7581.88	11354	23299	66	2401	 100 ***
7707.75	12331	23299	55	2082	 98 
9845.36	10484	23299	42	1666	 94 
8165.33	10258	23299	46	1894	 91 
7960.92	9797	23299	53	2085	 86 
9243.68	11034	23299	39	1080	 80 
7852.85	9114	23299	63	2156	 79 
9048.64	10684	23299	42	1474	 79 
7957.53	11528	23299	12	212	 79 
9037.6	10062	23299	44	1253	 67 
9851.49	9839	23299	48	1718	 67 
8164.46	11064	23299	46	1588	 65 
8441.26	9636	23299	54	1897	 58 
9845.21	10047	23299	51	1919	 56 
7724.93	10295	23299	55	2020	 54 
7974.04	11268	23299	18	504	 48 
9246.01	10485	23299	43	1352	 47 
8164.05	9714	23299	52	2025	 45 
7589.37	9238	23299	58	2019	 39 
7099.93	13012	23299	60	2060	 38 
9844.87	10675	23299	41	1418	 38 
7710.13	13212	23299	53	1970	 34 
7957.34	12715	23299	48	1992	 32 
7958.31	11282	23299	11	208	 23 
8781.92	10733	23299	42	1531	 9 
7175.53	11415	23299	61	2297	 9 
7958.39	11523	23299	9	196	 4 

7559.79	13025	22329	27	877	 95 ***
9029.45	10619	22329	32	1318	 90 
8769.86	11214	22329	37	1630	 88 
9015.04	10843	22329	47	1944	 82 
9241.05	9961	22329	58	2265	 52 
7067.68	10034	22329	53	2106	 49 
8644.7	11293	22329	32	1660	 37 
9249.85	11077	22329	20	745	 33 
9855.57	10459	22329	34	1276	 24 
7563.12	11691	22329	5	408	 23 
7561.79	13516	22329	15	588	 13 

10117.5	14558	26894	22	638	 97 ***
10117.3	15049	26894	3	381	 80 
8931.18	15066	26894	22	831	 78 
9047.8	15605	26894	6	294	 72 
9043.65	15698	26894	10	254	 59 
7857.07	15820	26894	18	351	 53 
7851.17	16082	26894	16	504	 38 
9032.81	13314	26894	31	857	 36 
8936.83	15890	26894	16	548	 35 
9514.62	13006	26894	54	2091	 12 
10115.2	14733	26894	30	1173	 11 
7854.06	13914	26894	32	892	 4 

9940.34	11119	24404	49	2323	 98 ***
8833.53	12216	24404	60	2093	 97 
9913.9	11994	24404	16	794	 79 
9919.43	11034	24404	66	2369	 69 
9918.91	11299	24404	55	2511	 68 
8316.19	12227	24404	53	2484	 68 
9908.32	12505	24404	18	732	 66 
9911.27	11325	24404	65	2445	 65 
8840.66	12212	24404	49	2116	 61 
9097.65	12062	24404	60	2419	 55 
8511.04	12225	24404	46	2143	 43 
9903.97	11349	24404	70	2726	 36 
7643.35	12406	24404	47	1924	 29 
8299.42	11788	24404	67	2552	 29 
9109.42	11706	24404	48	1877	 28 
9914.26	11398	24404	18	762	 28 
9108.69	12088	24404	54	2512	 23 
8299.13	12062	24404	61	2080	 21 
9308.32	12358	24404	21	874	 14 
9915.35	12467	24404	13	336	 10 
9306.99	11433	24404	59	2553	 8 

9880.74	11549	24831	48	1610	 100 ***
7884.78	14940	24831	64	1920	 95 
9872.26	13877	24831	28	1137	 95 
8478.2	13201	24831	59	2109	 92 
7991.87	14199	24831	53	1597	 92 
9880.89	13544	24831	21	763	 91 
9273.96	12424	24831	39	1369	 88 
8205.54	13311	24831	64	2212	 83 
9870.58	14333	24831	31	1351	 83 
8675.91	13706	24831	53	1605	 79 
8787.11	12620	24831	62	2224	 79 
9875.05	13428	24831	26	1068	 76 
9873.5	13565	24831	26	1129	 75 
8678.15	13507	24831	45	1495	 73 
9884.98	13106	24831	11	429	 73 
8687.99	12932	24831	37	1517	 60 
8800.42	12488	24831	62	2239	 59 
9066.08	12823	24831	45	1576	 58 
9871.78	12316	24831	60	2203	 47 
8688.17	12656	24831	63	2174	 43 
9873.03	13821	24831	28	1141	 41 
7976.66	14080	24831	63	2013	 40 
8683.97	13051	24831	64	2212	 38 
8679.54	14079	24831	44	1644	 38 
9877.89	11748	24831	63	2226	 37 
8464.45	13747	24831	58	1826	 34 
9890.07	12887	24831	30	1197	 31 
9881	13283	24831	12	426	 24 
8807.54	12826	24831	52	1830	 22 
9877.13	13146	24831	25	960	 22 
9876.44	12234	24831	60	1838	 17 
8685.21	13345	24831	37	1219	 16 
8680.78	13456	24831	47	1447	 13 
9874.43	13703	24831	25	1007	 7 
9867.59	11982	24831	63	2219	 6 
8216.72	13610	24831	61	2062	 3 
8687.41	13161	24831	63	2245	 0 

7983.21	13917	23425	65	2257	 93 ***
8067.8	13902	23425	66	2066	 86 
8647.31	12869	23425	21	957	 79 
8640.88	13603	23425	29	1053	 74 
8174.83	14123	23425	61	2214	 67 
9244.31	12255	23425	16	746	 63 
8172.2	14742	23425	64	2242	 61 
8442.83	14084	23425	51	1634	 59 
8661.79	12450	23425	63	2004	 48 
9262.71	12174	23425	20	1041	 41 
9841.55	11787	23425	53	1581	 38 
8180.54	13230	23425	60	2182	 33 
9845.23	12042	23425	17	734	 32 
7963.5	14763	23425	66	2265	 4 
8193.77	14025	23425	54	1460	 1 

8653.13	16274	23944	63	1613	 100 ***
9848.51	15373	23944	70	2074	 91 
9859.35	15085	23944	58	1185	 90 
8776.58	16373	23944	21	690	 90 
9875.67	16359	23944	9	487	 84 
8766.78	15651	23944	62	1892	 81 
9856.9	15812	23944	26	1133	 80 
9046.48	16191	23944	25	1086	 74 
9857.87	15099	23944	64	1928	 69 
9062.79	15915	23944	48	1571	 68 
9873.37	15799	23944	54	1692	 59 
7977.54	16828	23944	13	519	 48 
7972.65	17043	23944	20	600	 44 
9856.31	15320	23944	61	1960	 43 
9841.67	15760	23944	58	1810	 39 
9853.08	15216	23944	67	1897	 39 
8768.34	15716	23944	59	1765	 38 
7989.96	16604	23944	9	808	 38 
8659.32	15410	23944	65	2255	 22 
7586.74	17130	23944	65	1894	 19 
8656.97	16521	23944	62	1755	 16 
7869.6	17328	23944	49	1796	 12 
9848.74	15266	23944	71	2097	 10 
9843.58	15400	23944	69	2220	 10 
9875.64	16375	23944	9	472	 8 
9854.63	15690	23944	59	1869	 3 

8831.15	16817	25835	23	657	 99 ***
10023.6	16132	25835	27	1009	 95 
8962.62	13314	25835	67	1892	 92 
10018.8	12213	25835	66	1858	 89 
8939.52	15114	25835	66	1796	 89 
10030.7	13429	25835	42	1024	 86 
8827.91	11871	25835	70	1930	 86 
9420.86	16195	25835	41	876	 79 
8828.5	16280	25835	64	1679	 79 
9413	13233	25835	61	1676	 77 
10036.2	13094	25835	41	869	 66 
10024.9	15696	25835	23	1063	 66 
8848.7	16212	25835	24	945	 63 
8945.64	15716	25835	63	1579	 53 
8843.79	16308	25835	27	645	 46 
8633.2	15558	25835	65	1625	 44 
8953.55	14190	25835	42	927	 43 
8854.37	15819	25835	51	1291	 35 
8840.35	16454	25835	10	502	 35 
9212.56	13148	25835	68	1580	 31 
10019.4	13373	25835	48	1393	 29 
9233.5	12998	25835	69	1881	 20 
8840.28	17642	25835	20	700	 19 
8839.73	16207	25835	28	824	 14 
8836.62	16284	25835	29	1292	 12 
10032.3	15662	25835	32	1177	 9 
10029.4	15991	25835	11	626	 7 

10142.7	15228	27228	58	2006	 99 ***
9552.06	16144	27228	53	1912	 89 
8768.57	11812	27228	61	2019	 88 
7475.01	13075	27228	71	2208	 78 
8962.16	18574	27228	20	728	 78 
10170.4	18989	27228	10	391	 76 
9336.51	16206	27228	58	2050	 75 
10158.3	14442	27228	52	1962	 57 
8263.99	17932	27228	68	2173	 56 
8963.13	17469	27228	11	692	 54 
10165.9	16712	27228	49	1256	 48 
9550.58	17003	27228	57	2038	 47 
10152.1	17005	27228	52	1412	 42 
8961.38	18736	27228	24	901	 42 
9345.07	11926	27228	60	2102	 38 
10162.3	15801	27228	50	1912	 38 
10159.6	17294	27228	25	1161	 38 
8963.03	18476	27228	21	782	 35 
10167.3	19234	27228	8	347	 32 
8362.64	16531	27228	66	2184	 31 
10157.1	16967	27228	52	1914	 19 
9358.79	17166	27228	55	1824	 12 
8963.13	17791	27228	22	605	 8 
8252.7	11350	27228	71	2238	 5 

10164.4	14565	26361	65	2236	 91 ***
9091.55	19291	26361	54	1597	 91 
8985.36	18026	26361	55	2031	 88 
10157.3	16662	26361	11	679	 84 
8973.97	18542	26361	55	2225	 83 
10164	17209	26361	8	643	 83 
10155.9	16551	26361	23	1013	 82 
10166.6	16719	26361	10	727	 72 
9368.37	14761	26361	63	2488	 61 
9087.55	16671	26361	70	2703	 60 
8981.94	17852	26361	71	2336	 56 
9009.33	17154	26361	67	2686	 51 
9390.97	16966	26361	58	2224	 50 
9099.51	17750	26361	50	1909	 48 
8202.56	19015	26361	66	2401	 45 
9353.86	17202	26361	53	2127	 45 
9373.86	15951	26361	59	2284	 43 
9091.67	17714	26361	62	2341	 34 
10171.5	14935	26361	52	2124	 33 
10152.3	16764	26361	14	489	 32 
10150.8	18015	26361	17	470	 31 
9574.87	14003	26361	69	2178	 29 
10169.1	14722	26361	64	1986	 29 
9362.71	17388	26361	48	1574	 29 
8974.52	17992	26361	72	2329	 23 
8982.89	14391	26361	71	2446	 17 
10157.2	17036	26361	11	722	 17 
8960.15	15240	26361	73	2467	 15 
10155.9	16692	26361	19	783	 15 
9091.88	18771	26361	53	2161	 3 
9102.6	17461	26361	55	1976	 0 
10156.6	16385	26361	12	737	 0 

8884.87	11682	28254	70	2436	 98 ***
7933.79	13893	28254	41	1726	 86 
10083	13318	28254	30	1273	 83 
10101	12042	28254	36	1469	 83 
10086.4	14481	28254	15	485	 80 
8426.86	13863	28254	36	1261	 79 
8193.79	12950	28254	43	2023	 76 
10091.4	15728	28254	14	679	 75 
9009.49	13404	28254	35	1329	 74 
9287.87	12573	28254	34	1498	 69 
7926.77	15327	28254	55	1720	 69 
10082.5	13338	28254	30	1294	 69 
7841.1	13881	28254	71	2444	 62 
8405.21	12695	28254	60	1936	 58 
8212.96	11771	28254	72	2341	 58 
10088.9	16033	28254	12	123	 58 
9007.13	13592	28254	32	1363	 57 
10079.3	12271	28254	40	1911	 53 
8413.09	12436	28254	38	1752	 52 
8099.8	13761	28254	71	2440	 45 
10085.8	12511	28254	27	1072	 45 
10082.6	12899	28254	31	1249	 44 
9489.54	13225	28254	31	1257	 40 
10097.2	15347	28254	14	691	 40 
9284.33	12125	28254	41	1673	 36 
9000.34	13326	28254	36	1455	 36 
10093.5	15405	28254	12	616	 35 
8688.85	12216	28254	70	2272	 34 
10084	15195	28254	18	546	 34 
10088.3	14417	28254	15	483	 32 
8689.27	12196	28254	70	2155	 30 
10115.6	12034	28254	69	2267	 30 
8675.55	12343	28254	37	1869	 21 
10089.9	15840	28254	11	180	 11 
10082.9	12317	28254	35	1735	 5 
8215.3	12746	28254	71	2399	 3 

8051.87	12853	27773	12	774	 88 ***
8054.16	12252	27773	12	773	 85 
8055.17	12756	27773	11	766	 80 
8057.48	12210	27773	12	773	 78 
7452.83	11579	27773	15	519	 51 
9257.4	12359	27773	7	689	 50 
7451.81	12497	27773	15	790	 30 
8264.19	11056	27773	9	715	 22 
7450.2	12165	27773	20	910	 8 
8056.2	12380	27773	8	704	 5 
7447.57	12532	27773	19	805	 0 

9416.01	10616	24667	13	500	 99 ***
9212.89	9732	24667	33	1264	 97 
8602.02	11133	24667	18	800	 96 
7997.74	10007	24667	23	939	 90 
9417.19	10658	24667	11	532	 84 
8815.23	10621	24667	22	909	 71 
9227.6	10461	24667	22	949	 58 
10026.4	9084	24667	62	1797	 57 
8614.47	10914	24667	18	835	 57 
7414.07	9993	24667	56	1706	 48 
10037.4	9695	24667	32	1428	 46 
9222.24	10741	24667	17	844	 43 
8605.16	11118	24667	18	800	 40 
8252.88	9499	24667	44	1765	 31 
8599.44	11404	24667	22	909	 29 
8810.53	11153	24667	17	843	 27 
8599.63	11252	24667	20	819	 23 
10043.5	9294	24667	36	1409	 22 
9224.02	9128	24667	64	2110	 21 
9221.15	9383	24667	63	2104	 9 
8960.28	9803	24667	28	1085	 1 
9419.82	10522	24667	14	801	 1 

8402.12	9084	20742	28	793	 97 ***
5708.45	7048	20742	64	2069	 92 
8415.95	6259	20742	39	1751	 84 
8412.78	8957	20742	26	726	 81 
8409.91	9849	20742	24	717	 77 
5830.54	8350	20742	57	1928	 76 
8415.83	8426	20742	13	286	 73 
8404.65	9278	20742	25	681	 72 
8412.05	6649	20742	35	1475	 66 
6616	6610	20742	36	1746	 58 
8414.33	8439	20742	13	282	 54 
6522.57	5744	20742	59	1977	 50 
6497.11	6295	20742	41	1744	 44 
8411.78	8626	20742	31	751	 41 
8417.49	7427	20742	33	1473	 38 
7547.18	6312	20742	37	1776	 29 
7818.42	8649	20742	35	1397	 25 
8412.79	8805	20742	22	654	 17 
6140.44	7834	20742	37	1713	 9 
5937.36	5806	20742	56	1648	 9 
6355.78	7525	20742	55	1655	 7 
6404.77	7513	20742	38	1712	 3 
6536.55	7015	20742	39	1792	 3 

9240.51	8596	22469	43	1580	 99 ***
7192.78	9370	22469	41	1218	 93 
8834.91	9198	22469	40	1498	 86 
8378.2	10518	22469	31	1135	 83 
8413.23	9239	22469	42	1563	 71 
7563.66	8464	22469	51	1281	 68 
8964.09	10485	22469	31	1368	 67 
9444.11	11138	22469	25	1055	 64 
10047.3	11425	22469	22	427	 64 
9249.73	8569	22469	45	1684	 62 
6377.85	9090	22469	53	1754	 60 
8025.04	9557	22469	40	1536	 46 
9238.93	8875	22469	29	760	 43 
6494.92	8807	22469	53	1510	 42 
8849.32	8152	22469	56	1833	 39 
9448.29	10193	22469	24	643	 39 
7828.95	12592	22469	19	441	 34 
9444.55	10575	22469	25	587	 33 
9235.31	10181	22469	30	1373	 26 
6964.97	8802	22469	56	1837	 17 
9442.71	11508	22469	25	955	 16 
9255.86	8506	22469	41	1560	 11 
9233.42	9430	22469	39	1473	 7 
7556.53	9595	22469	35	954	 6 
9237.88	11959	22469	24	439	 6 
6996.44	10720	22469	51	1683	 4 
8379.7	8910	22469	43	1633	 2 
7564.78	8641	22469	44	1168	 2 

9350.49	10213	22941	19	623	 96 ***
9080.04	11342	22941	24	1896	 93 
10151.4	10472	22941	17	533	 91 
7880.34	9712	22941	42	2008	 81 
8731.49	10152	22941	25	1201	 79 
9357.26	10630	22941	17	533	 79 
10144.3	9066	22941	42	1945	 70 
10150.6	11746	22941	14	291	 65 
7982.74	9249	22941	45	2299	 62 
7076.95	11221	22941	35	1759	 52 
8264.47	10687	22941	26	1729	 51 
9334.24	10080	22941	25	1272	 48 
8967.95	9647	22941	38	1724	 47 
10162.9	9950	22941	37	1531	 32 
8261.66	12005	22941	29	1653	 30 
7198.06	10165	22941	31	1782	 29 
10153.4	10730	22941	15	413	 29 
8357.09	10096	22941	35	1565	 28 
9069.94	12593	22941	24	1428	 25 
10168.5	9413	22941	41	1820	 25 
10154.8	10069	22941	35	1753	 25 
10160.1	10045	22941	36	1798	 24 
10151	11028	22941	15	420	 19 
10152.4	10461	22941	17	546	 15 
7083.7	10982	22941	61	2579	 14 
10168.4	9995	22941	35	1988	 10 
8136.71	9578	22941	40	2056	 7 
7666.64	10062	22941	59	2431	 7 

7833.56	10908	21496	29	1645	 98 ***
9279.18	10599	21496	20	1326	 92 
10092.9	9666	21496	25	1422	 82 
8182.95	9546	21496	34	1923	 81 
6775.28	9986	21496	55	2283	 81 
8905.67	9781	21496	24	1521	 80 
8478.29	10504	21496	27	1858	 80 
7481.97	11061	21496	50	2277	 79 
7807.63	9569	21496	33	1977	 77 
8085.42	10876	21496	28	1701	 76 
7693.26	11422	21496	45	2176	 73 
8887.2	10491	21496	26	1839	 73 
6700.84	9567	21496	60	2025	 71 
7601.37	8815	21496	62	2262	 67 
8197.13	10264	21496	30	1703	 63 
8085.26	11352	21496	27	1637	 60 
7600.02	12021	21496	30	1939	 57 
8467.65	10915	21496	24	1296	 56 
9283.2	10595	21496	23	1513	 48 
6893.62	8944	21496	60	2032	 47 
8442.8	9913	21496	31	1668	 45 
7002.23	10326	21496	52	1881	 42 
8666.99	9686	21496	32	2026	 39 
8664.74	10192	21496	27	1193	 38 
8671.25	7639	21496	36	2031	 37 
9474.16	9487	21496	29	1451	 34 
8214.29	10583	21496	26	1498	 28 
6226.52	10682	21496	61	2282	 26 
9489.96	9481	21496	31	1825	 26 
8097.18	10682	21496	27	1712	 26 
9278.96	10747	21496	6	307	 26 
9286.8	9694	21496	25	1697	 19 
10092.4	11374	21496	5	285	 19 
8389.49	10192	21496	30	1725	 18 
9287	10414	21496	11	425	 16 
10108.7	9091	21496	33	1731	 12 
8439.38	8948	21496	59	1794	 12 
8676.08	11173	21496	22	1534	 5 
7030.06	9312	21496	51	2244	 4 
8088.31	10803	21496	32	1691	 3 
8286.56	8759	21496	60	1980	 2 
8895.86	10731	21496	25	1607	 0 

8603.41	10812	21882	27	1362	 99 ***
9184.32	9909	21882	28	1576	 96 
7519.71	7261	21882	62	2042	 94 
8139.85	11165	21882	24	652	 83 
7750.07	11856	21882	10	136	 80 
8105.05	10643	21882	29	1206	 78 
8594.57	8779	21882	29	1390	 78 
7842.56	9588	21882	31	1369	 77 
8818.53	10972	21882	24	1095	 75 
8130.1	10143	21882	28	1628	 75 
6913.37	10311	21882	34	1118	 74 
8123.55	10614	21882	28	1431	 72 
6129.5	9708	21882	58	1892	 72 
7741.36	11478	21882	11	429	 70 
8824.25	11398	21882	10	76	 69 
7985.23	7911	21882	33	1658	 67 
6686.66	8587	21882	39	1612	 65 
8117.59	7054	21882	52	1828	 65 
6529.08	10447	21882	43	1327	 56 
8123.41	11080	21882	27	1127	 50 
7744.6	10856	21882	31	1698	 50 
6243.72	10401	21882	51	1660	 34 
7401.87	11382	21882	27	1338	 34 
7493.56	8236	21882	59	1943	 29 
6348.59	8282	21882	62	2256	 22 
8822.33	11338	21882	11	90	 21 
7122	8722	21882	32	1735	 19 
8338.93	10125	21882	30	1359	 14 
7738.67	11280	21882	28	1311	 14 
6946.88	11610	21882	28	451	 14 
8145.33	11448	21882	22	381	 12 
9209.66	10675	21882	22	964	 6 
10005.3	9371	21882	28	1392	 0 

7673.05	11979	24549	32	1557	 97 ***
10143.8	11367	24549	25	1414	 97 
7539.46	12961	24549	30	1482	 93 
8154.74	13479	24549	29	1489	 91 
9367.48	12405	24549	26	1409	 80 
9545.7	11501	24549	32	1516	 74 
9537.65	11546	24549	51	2104	 74 
9540.17	11884	24549	31	1572	 74 
8355.53	13000	24549	28	1238	 73 
7284.94	12551	24549	60	2344	 69 
8739.12	13735	24549	23	1115	 62 
8967.35	11957	24549	30	1620	 57 
7885.07	12422	24549	31	1541	 55 
8744.91	12284	24549	27	1199	 51 
9101.92	11228	24549	54	1793	 48 
8162.78	12238	24549	29	1346	 43 
7638.69	10389	24549	56	2189	 43 
9064	11649	24549	54	1986	 39 
9563.4	13590	24549	4	310	 37 
9364.66	11621	24549	47	1750	 36 
8753.7	13268	24549	6	126	 36 
8171.8	13426	24549	28	1473	 28 
8966.56	12051	24549	30	1545	 26 
9086.43	12920	24549	25	1491	 16 
9553.74	10888	24549	26	1638	 10 
8283.79	11253	24549	55	2160	 10 
9091.76	12916	24549	24	1031	 5 
7274.65	13265	24549	61	2123	 3 
9357.94	12693	24549	12	241	 3 
7862.73	11654	24549	32	1658	 0 

8840.51	9530	25922	56	2298	 90 ***
8032.86	10603	25922	32	1551	 84 
7776.02	11307	25922	36	1040	 84 
7786.25	10951	25922	26	694	 70 
7592.83	11239	25922	65	2210	 69 
8577.31	10158	25922	34	844	 59 
7790.69	10917	25922	62	2367	 51 
8589.29	9822	25922	11	87	 46 
10270.4	9394	25922	63	2319	 45 
9463.12	9709	25922	35	1646	 44 
9188.08	9402	25922	65	2318	 39 
9086.58	9424	25922	64	2119	 39 
9064.8	9334	25922	66	2225	 39 
9656.74	9011	25922	66	2424	 34 
8594.87	10298	25922	7	61	 30 
8570.36	10291	25922	62	2397	 17 
8251.88	10460	25922	30	1519	 3 

