#8532.99	24992	29325	0	0	 40 ***
#8073.49	28488	29325	0	0	 34 
#10222.7	22100	29325	0	0	 18 
#10203.9	22576	29325	0	0	 7 

9013.3	18410	25246	19	450	 99 ***
8679.23	18176	25246	74	2542	 75 
9489.58	15968	25246	37	1023	 73 
9016.94	21424	25246	9	393	 70 
8415.42	21532	25246	6	362	 69 
9485.3	16318	25246	37	1251	 57 
8219.38	24353	25246	71	2844	 55 
8297.19	22156	25246	78	3096	 43 
9488.33	18347	25246	28	391	 33 
9010.15	18610	25246	14	248	 31 
8209.68	23538	25246	73	2697	 24 
9486.31	15184	25246	40	886	 24 
9284.37	16020	25246	51	2085	 19 
8306.13	20426	25246	70	2512	 11 
8902.38	18156	25246	69	2441	 11 
8407.54	21620	25246	17	522	 11 
9275.28	17685	25246	60	2885	 5 
8409.34	18555	25246	15	245	 5 

9069.39	20740	26494	13	399	 92 ***
9333.64	18210	26494	42	1092	 89 
10151.5	16729	26494	56	2333	 86 
8530.13	17032	26494	52	2078	 79 
8262.35	20747	26494	24	618	 74 
10130.2	16625	26494	81	2896	 66 
10152.5	15268	26494	82	2797	 65 
8258.15	21884	26494	28	603	 62 
9072.98	16746	26494	55	2356	 57 
8260.46	21452	26494	30	686	 44 
8255.44	21512	26494	30	686	 41 
9340.33	18618	26494	13	463	 31 
10146.9	16833	26494	54	2293	 25 
10142.6	16125	26494	82	2939	 24 
9534.14	16685	26494	83	2887	 16 
10145.8	16627	26494	58	2173	 10 
10143	16499	26494	60	2365	 9 
9064.46	18275	26494	14	523	 8 
8257.68	22400	26494	29	740	 6 
8263.65	18439	26494	14	294	 3 
10143.4	17443	26494	11	271	 2 

10277.2	16060	29672	34	1079	 97 ***
10267.2	14800	29672	57	2478	 95 
9191.26	19159	29672	13	219	 92 
10294.9	13799	29672	59	2198	 89 
10267.4	14288	29672	57	2195	 86 
9084.55	15635	29672	55	2059	 86 
9459.97	14671	29672	74	2648	 86 
9462.27	14966	29672	54	1948	 86 
10292	15528	29672	37	1288	 84 
10271.8	15599	29672	47	2002	 81 
10277.1	17574	29672	34	1000	 79 
9474	14388	29672	58	2315	 78 
10283.5	12767	29672	73	2773	 78 
10278.9	18004	29672	17	635	 76 
9194.9	20178	29672	11	329	 73 
9204.43	18383	29672	10	172	 72 
9193.13	18847	29672	31	1122	 71 
9189.91	19682	29672	17	450	 70 
9666.48	16570	29672	50	1896	 69 
9194.13	17795	29672	28	938	 62 
9195.48	18443	29672	9	146	 59 
10268.2	14050	29672	72	2396	 58 
10274.6	17512	29672	43	1745	 56 
9667.14	14216	29672	64	2776	 54 
8036.25	20741	29672	66	2481	 53 
9077.8	17296	29672	55	1976	 50 
9200.11	17577	29672	31	873	 50 
10278.3	18233	29672	21	601	 48 
10288.2	14201	29672	55	2246	 44 
10284.4	17585	29672	26	978	 44 
9088.48	16724	29672	46	2095	 43 
9079.83	17188	29672	50	2067	 39 
9088.13	14982	29672	56	2207	 38 
10278.7	15909	29672	41	897	 36 
9204.03	18308	29672	11	416	 35 
10269.2	16307	29672	45	1927	 33 
8268.14	15089	29672	60	2268	 32 
9661.31	15256	29672	52	2453	 27 
9680.18	14157	29672	59	2257	 25 
9194.48	14957	29672	58	2305	 22 
10268.3	14445	29672	52	2067	 20 
9675.96	16465	29672	50	1943	 19 
10267.5	15812	29672	51	2180	 18 
9203.65	14758	29672	63	2709	 17 
9485.52	16580	29672	52	1843	 15 
9467.5	14536	29672	76	2807	 14 
10281.4	13669	29672	74	2758	 13 
9660.91	16703	29672	48	1954	 8 
8862.84	16281	29672	56	2383	 4 
10294.1	14852	29672	50	1831	 3 
10257.8	14868	29672	54	2321	 1 
10289.5	17130	29672	31	1307	 1 

9331.23	9473	29293	57	2029	 97 ***
10139.3	13579	29293	7	62	 95 
10135.1	12434	29293	22	561	 94 
10125.1	15315	29293	31	759	 92 
10117.6	12523	29293	37	1563	 90 
8938.82	12213	29293	40	1878	 87 
8327.07	11573	29293	46	1906	 87 
10140.2	12576	29293	9	131	 80 
10127.3	11553	29293	39	1605	 71 
10127.6	11494	29293	38	1499	 71 
10139.7	11454	29293	17	521	 70 
10121	12726	29293	34	823	 66 
8930.88	13393	29293	41	2057	 64 
7972.22	14651	29293	53	1942	 60 
9067.4	13169	29293	38	1626	 59 
7655.31	13496	29293	69	2653	 58 
10130.2	14439	29293	30	788	 56 
8336.59	10220	29293	43	1996	 54 
9523.11	11838	29293	40	1570	 48 
8228.79	10769	29293	61	2504	 46 
8333.01	13064	29293	42	1477	 46 
10133.6	12561	29293	10	115	 46 
8120.63	11539	29293	68	2620	 44 
10120	11804	29293	36	861	 39 
8908.92	12554	29293	42	1737	 38 
8120.09	12044	29293	60	2412	 38 
10130.1	13921	29293	33	819	 37 
8927.91	14171	29293	40	1685	 34 
7987.79	13833	29293	51	1968	 33 
8933.62	12266	29293	42	1668	 32 
10121.2	11717	29293	38	891	 32 
9333.77	12975	29293	39	1472	 25 
9044.36	11569	29293	41	1934	 20 
8940.08	14012	29293	34	1331	 18 
10137	11462	29293	14	723	 18 
8257.32	13612	29293	47	1800	 13 
10132.5	11069	29293	41	1867	 8 
10126.6	14533	29293	30	774	 4 
10131.3	13695	29293	7	116	 1 
10133.3	13276	29293	11	175	 0 

9222.78	11748	27923	12	573	 93 ***
9423.33	11054	27923	25	1416	 88 
10021.9	10806	27923	32	984	 76 
10022.2	10731	27923	36	1896	 71 
8981.28	10489	27923	59	2106	 64 
9230.44	11423	27923	17	986	 57 
7328.99	10913	27923	26	1645	 50 
8837.32	12892	27923	22	1127	 48 
8823.3	11766	27923	23	1356	 42 
10032	9953	27923	31	854	 42 
10037.2	10552	27923	3	427	 38 
10030.2	10598	27923	54	2218	 34 
8831.91	10505	27923	61	1952	 20 
10024.5	10778	27923	33	1106	 16 
9225.86	11851	27923	10	483	 15 

9057.75	9990	23299	16	639	 100 ***
9868.58	9837	23299	10	194	 95 
9048.11	10289	23299	28	982	 94 
9058	11407	23299	8	92	 92 
9055.43	10259	23299	28	1013	 86 
7972.31	8576	23299	63	2376	 85 
7451.62	10607	23299	34	1521	 82 
7950.26	8824	23299	48	1806	 76 
7876.17	10322	23299	47	1974	 65 
8167.41	10349	23299	44	1463	 61 
9058.38	9922	23299	9	175	 57 
9058.66	9496	23299	12	107	 45 
9056.88	10255	23299	14	355	 41 
9054.83	10361	23299	11	353	 39 
9263.57	9210	23299	36	1505	 36 
6988.31	10152	23299	65	2324	 33 
7172.57	13074	23299	46	1694	 28 
9869.45	9808	23299	10	194	 21 
7164.81	10275	23299	64	2414	 20 
9054.25	11998	23299	11	147	 20 
9047.21	10945	23299	26	1000	 19 
9051.5	10765	23299	16	620	 14 
9257.75	8351	23299	63	2438	 11 
9047.97	10578	23299	28	921	 9 
8450.96	9374	23299	29	1121	 5 

9839.41	10882	22329	26	803	 96 ***
9037.56	12224	22329	13	765	 81 
9030.43	11853	22329	23	756	 72 
9043.73	11725	22329	12	476	 68 
7544.74	13792	22329	58	1975	 63 
7348.91	12969	22329	60	2371	 60 
9025.26	11345	22329	27	1558	 60 
7959.66	11396	22329	57	2251	 49 
8046.48	11250	22329	58	2219	 45 
8158.18	11312	22329	55	1912	 45 
9040.04	11767	22329	22	922	 39 
9847.83	10598	22329	10	588	 38 
8040.11	11323	22329	32	1748	 35 
9035.13	10124	22329	30	1771	 31 
8226.39	10291	22329	28	1619	 28 
7840.4	11544	22329	31	1779	 25 
9842.97	9990	22329	41	1987	 15 

9303.62	15947	26894	40	1497	 98 ***
8130.34	15763	26894	63	2319	 95 
9307.06	14489	26894	43	1814	 92 
9053.63	15452	26894	41	1171	 80 
10115	13197	26894	45	1448	 77 
9049.66	15365	26894	43	1246	 75 
10110.3	16453	26894	37	1262	 70 
8711.47	14926	26894	61	2096	 70 
9037.08	13798	26894	54	2174	 65 
10117.4	14959	26894	12	343	 63 
9047	14386	26894	50	2026	 59 
10113.1	15804	26894	37	1357	 56 
8247.6	15348	26894	62	2177	 52 
10119.7	14815	26894	10	168	 47 
10123.4	13619	26894	40	1394	 46 
10126	12927	26894	47	1769	 41 
10131.9	14373	26894	27	803	 35 
9043.21	16289	26894	44	1666	 33 
9051.24	14981	26894	45	1630	 30 
10117.2	14572	26894	33	1275	 20 
9514.48	13059	26894	47	1628	 17 
9036.63	15637	26894	47	1906	 12 
10116.5	15636	26894	37	1621	 11 
8919.45	13998	26894	52	2173	 11 
9317.03	13367	26894	65	2329	 9 
8433.05	15312	26894	50	1964	 9 
9310.52	14006	26894	38	1325	 8 
10128.8	15060	26894	9	76	 8 
9309.29	13563	26894	50	1918	 4 
10110.6	13572	26894	45	1765	 2 

9898.94	11175	24404	52	1992	 98 ***
9907.81	11404	24404	51	1853	 95 
8835.48	12027	24404	51	1960	 92 
9903.29	12150	24404	47	1944	 90 
8130.48	13131	24404	60	2141	 88 
9319.73	11692	24404	49	2066	 88 
8842.8	11926	24404	59	2305	 88 
9105.11	13276	24404	8	159	 86 
9103.72	12983	24404	13	224	 84 
8030.01	13363	24404	62	2011	 83 
9316.44	11695	24404	50	1823	 82 
8830.07	12320	24404	64	2558	 80 
9117.99	12685	24404	25	1241	 79 
9907.24	11818	24404	46	1503	 78 
8830.21	12171	24404	49	1852	 76 
7765.09	14139	24404	67	2639	 72 
9126.24	12314	24404	48	1809	 69 
7773.01	13975	24404	65	2495	 69 
8830.4	13058	24404	48	1485	 69 
9106.39	13205	24404	12	299	 67 
9104	13396	24404	12	242	 55 
9112.6	12624	24404	26	1057	 47 
8711.99	11040	24404	66	2651	 42 
9121.81	11504	24404	60	2290	 38 
9114.6	12554	24404	26	1042	 28 
9904.73	11828	24404	44	1553	 26 
9925.44	12558	24404	25	999	 26 
8828.94	13389	24404	50	1785	 24 
9109.89	12751	24404	21	784	 22 
8309.92	12599	24404	52	1949	 21 
9914.75	13969	24404	7	137	 14 
9114.32	11492	24404	63	2333	 11 
8744.13	12598	24404	58	2333	 11 
7935.08	12919	24404	64	2371	 8 
9308.79	12343	24404	47	1595	 7 
8114.04	12408	24404	64	2316	 5 
8511.68	12526	24404	61	2566	 2 
8831.62	12399	24404	46	1690	 1 

9062.91	13916	24831	35	1344	 88 ***
9061.75	12925	24831	54	1915	 88 
8781.64	13211	24831	39	1706	 87 
9858.22	12513	24831	17	713	 83 
8681.31	12986	24831	64	2135	 80 
9059.52	12488	24831	61	2117	 80 
7726.5	14336	24831	57	2007	 80 
7733.17	13074	24831	53	2071	 77 
9862.44	12480	24831	3	128	 65 
9855.71	12375	24831	36	1230	 57 
9856.51	13684	24831	13	496	 56 
8681.18	12975	24831	66	2272	 54 
8458.3	13064	24831	41	1759	 52 
9284.93	12939	24831	50	1976	 48 
8002.63	14823	24831	50	1931	 45 
9856.11	13096	24831	14	897	 45 
9858.14	12823	24831	13	814	 44 
9859	12453	24831	6	620	 42 
9860.35	12040	24831	9	604	 41 
9053.65	13118	24831	36	1261	 33 
9053.62	13154	24831	40	1624	 29 
9059.63	12947	24831	37	1637	 21 
9856.65	13481	24831	13	825	 21 
9262.54	13911	24831	34	1273	 19 
9265.96	13245	24831	33	1495	 13 
9269.77	11708	24831	62	1947	 6 
8449.18	13652	24831	37	1226	 5 

9838.17	12527	23425	62	2202	 92 ***
9841.56	13155	23425	36	1496	 90 
8439.78	13865	23425	29	1141	 88 
9832.22	12561	23425	38	1177	 85 
8752.99	12807	23425	40	1226	 85 
9834.58	13159	23425	35	1373	 79 
9848.84	13338	23425	26	874	 79 
8429.9	13870	23425	9	708	 78 
7953.2	12871	23425	37	1416	 48 
9842.34	12111	23425	44	1547	 45 
8763.05	12637	23425	41	1666	 43 
9031.53	13946	23425	8	735	 38 
9838.57	13799	23425	10	751	 34 
8428.17	14358	23425	11	700	 29 
7943.26	13398	23425	40	1235	 15 
9245.19	13471	23425	18	926	 7 
7557.97	12225	23425	63	2215	 4 

9841.75	16402	23944	17	802	 98 ***
9847.19	14109	23944	10	877	 97 
8426.67	17177	23944	64	1890	 96 
8770.63	16032	23944	63	1859	 94 
9040.7	16288	23944	26	1069	 91 
8656.83	16507	23944	58	2092	 88 
9845.29	14698	23944	24	818	 79 
9845.98	14336	23944	74	2360	 78 
9844.84	15404	23944	11	860	 74 
8761.62	17511	23944	47	838	 70 
8056.54	17180	23944	69	2307	 69 
8773	16306	23944	62	1553	 64 
8664.31	17559	23944	53	1581	 59 
8769.49	15415	23944	66	2008	 51 
8651.54	15720	23944	66	2276	 50 
9837.31	15607	23944	18	678	 49 
8776.6	17088	23944	51	1724	 47 
8781.49	15525	23944	63	1938	 45 
9843.2	14799	23944	12	857	 42 
9846.01	14130	23944	12	883	 41 
9037.35	15392	23944	27	1075	 38 
9252.31	15021	23944	66	1778	 34 
8656.75	17668	23944	58	1954	 34 
9036.92	15885	23944	29	1104	 34 
9842.82	15582	23944	15	789	 28 
9041.1	16870	23944	22	1079	 26 
8784.47	16805	23944	55	1920	 20 
9034.69	15960	23944	32	1123	 20 
9051.33	15218	23944	24	1033	 13 
9838.23	14701	23944	63	1966	 5 
8766.58	16412	23944	57	1974	 5 
8785.08	16501	23944	52	1874	 2 
9034.84	16803	23944	28	996	 1 

8941.03	16569	25835	53	1561	 97 ***
8250.49	17177	25835	58	1365	 95 
8841.44	15587	25835	61	1544	 90 
8947.76	16442	25835	60	1805	 85 
7864.14	15941	25835	63	1829	 84 
10024.3	15716	25835	15	489	 82 
9205.59	13897	25835	59	1476	 77 
10029.1	15459	25835	21	1159	 73 
9448.46	10939	25835	66	1877	 72 
8354.35	15598	25835	66	1895	 71 
9221.49	11215	25835	54	1438	 62 
10011.6	16112	25835	21	697	 58 
10028.8	15524	25835	14	284	 57 
8157.1	15247	25835	67	1620	 56 
10023.5	13557	25835	44	1570	 55 
8960.64	17126	25835	50	1237	 50 
10024.9	15687	25835	25	736	 48 
10025	15333	25835	28	748	 45 
9206.19	16533	25835	58	1718	 44 
9423.51	16861	25835	26	966	 42 
8850.57	17355	25835	55	1427	 35 
8953.89	16281	25835	60	1505	 30 
8609.79	15128	25835	62	1578	 26 
8950.41	13149	25835	67	1859	 25 
10024.2	16665	25835	20	705	 24 
10028.1	16065	25835	14	496	 22 
8840	13853	25835	66	1755	 21 
10013.4	15948	25835	23	731	 19 
9201.66	13897	25835	63	1616	 15 
10037.9	16297	25835	13	481	 15 
9202.93	13909	25835	60	1727	 14 
9215.45	12993	25835	47	1133	 14 
10019	15782	25835	24	1005	 10 
10026.3	15707	25835	20	558	 8 
8851.5	14419	25835	62	1472	 4 
10009.8	13736	25835	29	790	 4 
8851.91	16557	25835	56	1349	 1 

9086.66	18399	27228	10	601	 99 ***
9068.94	18064	27228	20	607	 91 
8982.98	16728	27228	48	1631	 85 
9077.81	18274	27228	16	640	 82 
10158.7	16204	27228	46	1645	 74 
9072.79	15260	27228	51	1736	 73 
8731.54	12810	27228	59	1730	 73 
8966.72	17946	27228	52	1698	 73 
8285.53	18882	27228	66	1995	 67 
10173.5	12753	27228	49	1690	 67 
9547.11	16828	27228	40	918	 65 
9069.65	17746	27228	23	495	 60 
10149.5	16463	27228	46	1397	 59 
10163.2	17157	27228	30	1044	 58 
10167.4	18245	27228	11	713	 53 
8457.5	13504	27228	60	1805	 36 
10164.1	16806	27228	45	1664	 31 
9554.2	16596	27228	48	1406	 30 
10159.1	17820	27228	21	879	 26 
10153	15412	27228	49	1243	 25 
8969.79	17635	27228	56	1961	 25 
9067.92	17224	27228	28	504	 22 
9355.93	13052	27228	50	1729	 16 
10155.6	16363	27228	47	1545	 9 
9088.38	18504	27228	7	619	 3 

9088.53	19344	26361	23	897	 100 ***
9096.84	19225	26361	5	320	 99 
7699.37	14321	26361	67	2258	 87 
9581.74	18516	26361	54	1966	 79 
8983.71	13222	26361	68	2303	 77 
10163.7	18865	26361	51	2143	 76 
9555.89	15978	26361	57	2489	 76 
9097.97	19025	26361	8	386	 76 
8982.42	18978	26361	55	2146	 73 
9370.47	17295	26361	59	2510	 71 
9584.31	12447	26361	68	2515	 63 
10158.7	18304	26361	52	2140	 62 
10168.6	16658	26361	54	2149	 59 
9092.81	19619	26361	20	900	 49 
10181.9	17165	26361	51	2325	 46 
10179.2	18719	26361	26	959	 36 
10166.8	17618	26361	53	2455	 35 
9097.83	18960	26361	21	662	 35 
9544.74	16054	26361	55	2030	 34 
8993.57	17306	26361	60	2051	 27 
10176.7	17972	26361	51	2168	 18 
9356.25	18758	26361	58	2418	 9 
9094.46	19185	26361	6	168	 7 
10180.1	15063	26361	66	2412	 5 
9086.57	19585	26361	21	902	 5 
10176.4	18818	26361	51	2097	 2 
9097.58	19594	26361	3	151	 2 

10125.8	16730	28254	28	956	 100 ***
9029.9	17754	28254	9	96	 97 
8189.27	13261	28254	56	1871	 94 
8112.57	12169	28254	61	2133	 94 
9016.25	17111	28254	19	285	 94 
10123	16544	28254	29	997	 89 
10081.6	12248	28254	53	1688	 81 
8298.15	11640	28254	61	2147	 76 
10108.6	16772	28254	25	958	 72 
10111.3	16325	28254	30	1005	 71 
9269.42	16873	28254	52	1522	 69 
8091.64	12065	28254	67	2232	 57 
9025.08	16986	28254	24	658	 48 
10102.4	16815	28254	49	1291	 46 
9278.7	13783	28254	53	1640	 42 
10078.7	13517	28254	53	1651	 42 
10078.8	12594	28254	55	1617	 40 
9280.57	11343	28254	63	1916	 34 
9017.27	17148	28254	12	147	 33 
10098.8	13482	28254	52	1599	 32 
8207.44	12647	28254	54	1571	 24 
10115.3	15987	28254	30	1001	 20 
9020.12	12620	28254	55	1778	 17 
10110.4	16753	28254	32	1097	 15 
7615.8	12501	28254	57	1922	 14 
9006.37	12301	28254	56	1564	 12 
10099	16855	28254	18	234	 9 
9288.94	13961	28254	50	1555	 6 
10096.8	17064	28254	16	211	 1 
10104	16506	28254	49	1472	 0 

7817.1	13849	27773	74	2541	 100 ***
9483.61	12117	27773	60	1724	 96 
10091.3	13760	27773	54	1919	 96 
10089.9	15800	27773	17	383	 96 
10083.6	16266	27773	22	930	 92 
10086.4	13807	27773	32	880	 87 
9279.07	12503	27773	58	1833	 83 
10111.6	16537	27773	6	263	 82 
9288.8	12287	27773	55	1935	 81 
10088.2	16242	27773	16	402	 77 
9253.1	11636	27773	73	2498	 76 
10087.3	17278	27773	21	912	 76 
9258.36	11830	27773	71	2250	 70 
8904.24	12971	27773	56	1704	 69 
10079.6	16854	27773	24	928	 66 
10105.8	16611	27773	7	293	 55 
10105.1	16877	27773	7	42	 54 
8668.44	14576	27773	54	1921	 52 
10091.2	16106	27773	12	351	 52 
8075.8	12689	27773	74	2307	 49 
8667.55	11160	27773	75	2322	 49 
10080	16815	27773	23	913	 43 
7937.65	13055	27773	73	2441	 35 
8665.19	12667	27773	60	2033	 29 
8912.89	11849	27773	69	2247	 26 
8085.1	13557	27773	60	2136	 26 
10089.2	15997	27773	13	355	 26 
10081	16381	27773	23	938	 24 
7838.37	13556	27773	62	2269	 16 
10105.5	16471	27773	9	515	 13 
10104.6	16973	27773	9	515	 12 
8110.07	13524	27773	71	2401	 11 
10079.9	15937	27773	25	943	 11 
10080.6	16161	27773	24	938	 8 
8869.74	12019	27773	62	2140	 6 
8177.2	12587	27773	63	2174	 5 
7601.82	13883	27773	71	2440	 5 
10088.9	11399	27773	71	2138	 0 

8836.17	12309	24667	14	799	 91 ***
8830.14	12174	24667	15	807	 90 
7755.92	11570	24667	62	2068	 89 
8148.58	9401	24667	67	2122	 89 
7753.81	12352	24667	13	718	 89 
8829.58	12109	24667	25	969	 88 
9232.42	9280	24667	44	1727	 86 
9234	9178	24667	66	1664	 86 
10026.1	9837	24667	35	1653	 85 
8157.25	11307	24667	46	1772	 85 
8415.06	9426	24667	66	2144	 83 
8135.93	11348	24667	46	1481	 83 
8150.36	11573	24667	45	1701	 83 
8405.33	9554	24667	55	1746	 83 
7757.02	12142	24667	16	725	 79 
7747.64	12601	24667	15	454	 78 
7748.06	12281	24667	16	814	 77 
8831.07	11984	24667	17	826	 74 
8146.53	9639	24667	56	1836	 57 
8006.63	11518	24667	58	1898	 53 
7762.83	10480	24667	66	2077	 52 
9215.01	9876	24667	48	1925	 47 
8830.25	12089	24667	18	839	 40 
8946.24	11585	24667	24	752	 39 
10034.2	8911	24667	65	2046	 36 
8950.71	11717	24667	18	824	 35 
9212.78	9368	24667	52	1924	 33 
9421.48	9520	24667	40	1559	 31 
8939.55	11948	24667	17	811	 31 
8841.69	11347	24667	25	935	 28 
9210.35	9724	24667	52	1962	 27 
8840.03	11782	24667	26	997	 26 
8247.7	9909	24667	29	1048	 25 
8024.29	11034	24667	65	2125	 24 
8229.05	11163	24667	47	1791	 24 
10023.8	11450	24667	22	975	 22 
8017.06	11294	24667	63	2054	 21 
9209.25	9373	24667	66	2077	 21 
9237.28	9898	24667	40	1480	 20 
8234.51	11455	24667	44	1780	 17 
8634.25	9139	24667	67	2144	 17 
9445.38	8934	24667	36	1430	 15 

9831.37	10150	20742	21	805	 95 ***
6945.92	5326	20742	56	1969	 93 
8633.54	10518	20742	12	538	 93 
5673.9	6095	20742	51	1819	 91 
6262.58	5851	20742	65	2144	 88 
6411.03	6639	20742	38	1356	 85 
7555.73	6607	20742	39	1352	 85 
9827.4	9916	20742	27	735	 84 
8028.41	6413	20742	40	1645	 83 
7940.11	6764	20742	36	1496	 82 
7824.78	9867	20742	35	828	 78 
7607.98	6460	20742	41	1660	 74 
7548.72	6505	20742	40	1630	 64 
9823.45	9974	20742	33	793	 60 
8633.04	10128	20742	26	692	 57 
9012.81	6298	20742	42	1612	 54 
8633.3	10001	20742	25	688	 43 
8624.27	6624	20742	37	1104	 35 
8633.29	11163	20742	25	666	 34 
7816.24	6498	20742	40	1416	 25 
6247.62	6988	20742	43	1672	 23 
5636.82	7903	20742	61	2054	 20 

7620.22	9141	22469	36	1578	 99 ***
7222.22	9188	22469	56	1723	 99 
9246.31	9735	22469	18	487	 99 
7285.1	9378	22469	49	1597	 96 
8437.57	10705	22469	25	927	 94 
8857.99	9818	22469	27	1277	 92 
8872.92	11113	22469	24	890	 91 
8842.18	10513	22469	25	1141	 89 
10053.5	8454	22469	34	1099	 88 
8865.61	13445	22469	24	720	 84 
10050.3	11107	22469	16	470	 84 
6953.19	11328	22469	50	1649	 81 
7446.43	10200	22469	27	1022	 79 
8992.44	10160	22469	26	1040	 78 
8646.08	10497	22469	26	1201	 75 
8171.96	8602	22469	30	1334	 74 
8024.91	8904	22469	48	1554	 74 
8975.27	10874	22469	24	1156	 72 
6478.14	7581	22469	59	1875	 71 
9244.19	10373	22469	25	1079	 67 
10051.7	11000	22469	12	246	 67 
8877.34	9772	22469	27	1026	 62 
7581.2	8502	22469	58	1753	 59 
8451.88	10585	22469	25	1208	 57 
10050.2	12221	22469	11	592	 56 
6985.78	8990	22469	57	1800	 55 
10047.5	11204	22469	15	462	 55 
7446.01	9663	22469	29	1060	 54 
8866.21	9475	22469	29	1093	 46 
7283.98	9200	22469	54	1717	 46 
6984.24	11111	22469	30	1101	 45 
9447.55	9297	22469	29	1126	 41 
8625.77	8454	22469	58	1899	 40 
10051	11183	22469	15	366	 39 
10056.7	10780	22469	14	336	 38 
10064.3	8944	22469	28	1232	 37 
8990.11	10687	22469	24	1156	 36 
9237.76	12924	22469	15	406	 32 
8273.86	10625	22469	26	1160	 30 
10063.3	7710	22469	51	1741	 30 
10058.8	8143	22469	31	1349	 21 
7780.57	9647	22469	28	1078	 15 
6757.74	9510	22469	58	1845	 13 
10048.8	11505	22469	14	668	 10 
7881.15	9066	22469	33	1375	 9 
9242.46	8510	22469	56	1372	 9 
10057.2	10813	22469	13	328	 4 
7029.28	9675	22469	29	1064	 3 
8989.61	9542	22469	27	1037	 3 
6759.95	9477	22469	51	1486	 1 

7760.72	10596	22941	50	1991	 97 ***
7894.62	12465	22941	42	2065	 83 
8464.9	11964	22941	30	1556	 80 
8012.11	11042	22941	46	2207	 78 
8523.02	10929	22941	18	736	 75 
8148.65	10663	22941	39	2192	 71 
8165.91	11578	22941	37	2151	 71 
8457.55	9959	22941	51	2374	 70 
7650.3	9393	22941	52	2211	 69 
8729.96	9875	22941	50	2046	 67 
9353.74	9607	22941	37	2125	 66 
8166.79	10906	22941	36	2147	 63 
8949.49	9745	22941	36	2046	 59 
8365.32	10218	22941	46	2285	 59 
8472.16	9893	22941	51	2349	 59 
8452.86	10323	22941	43	1693	 58 
7343.38	9693	22941	52	2255	 56 
9321.3	8579	22941	43	1401	 53 
8153.22	10305	22941	51	2039	 51 
7052.68	8752	22941	60	2521	 39 
8470.86	9956	22941	51	1765	 36 
8526.19	10798	22941	30	811	 36 
8536.73	10851	22941	28	902	 34 
8159.16	11058	22941	38	2166	 28 
8260.89	10388	22941	36	1801	 27 
7911.93	11316	22941	48	1681	 27 
8474.02	9637	22941	51	2046	 24 
8531.55	9905	22941	30	833	 23 
8253.21	12173	22941	34	1527	 19 
10158	9550	22941	32	2068	 19 
7920.68	11122	22941	49	2117	 19 
8262.16	10906	22941	33	2052	 19 
9346.9	10661	22941	16	568	 14 

7681.79	9587	21496	26	731	 94 ***
8285.75	11589	21496	22	540	 86 
6811.84	9117	21496	45	1939	 84 
7704.11	11785	21496	13	329	 82 
9483.27	8704	21496	43	1713	 78 
10101.1	10095	21496	23	1627	 71 
7361.89	10037	21496	43	1680	 69 
8395.24	8515	21496	45	2169	 69 
9027.28	8762	21496	40	1854	 65 
7590.53	9609	21496	43	1583	 61 
7295.53	10702	21496	30	1396	 52 
8386.39	8191	21496	61	2040	 51 
8491.86	9293	21496	27	1106	 48 
7829.1	9227	21496	44	2246	 41 
6607.51	9138	21496	57	1874	 35 
7601.25	10201	21496	40	1544	 32 
6405.28	10363	21496	54	2086	 30 
7227.89	10212	21496	32	1162	 28 
7781.53	8726	21496	62	2243	 26 
8206.75	9115	21496	40	1900	 24 
8675.2	8485	21496	60	2464	 23 
8294.98	9206	21496	37	1224	 20 
9271.6	8770	21496	39	1663	 12 
8196.52	9004	21496	55	2309	 11 
7076.37	11039	21496	42	741	 7 
7679.57	11974	21496	28	644	 2 
9300.66	10763	21496	22	1222	 0 

9213.22	7034	21882	42	1895	 95 ***
7987.63	8149	21882	37	1714	 91 
6315.35	8123	21882	40	1751	 84 
6963.66	8830	21882	24	1332	 83 
7525.49	8092	21882	60	2157	 72 
7509.55	8363	21882	25	1270	 71 
6916.97	9138	21882	23	1389	 67 
8206.43	10271	21882	1	30	 57 
7536.67	8099	21882	45	1584	 55 
8571.86	7950	21882	62	2042	 54 
7992.76	8117	21882	20	1276	 53 
8806.09	10205	21882	3	24	 49 
8201.37	10638	21882	1	30	 46 
7991.76	8264	21882	25	1264	 11 
8832.54	8090	21882	60	1790	 11 

9366.61	11355	24549	38	956	 96 ***
9337.92	11653	24549	36	944	 95 
8259.94	11343	24549	61	2306	 93 
9078.97	9875	24549	39	1404	 88 
9376.25	12199	24549	26	1383	 88 
8167.78	12128	24549	40	1554	 88 
9348.17	12234	24549	29	605	 88 
8521.72	11610	24549	57	2126	 87 
7890.68	11706	24549	63	2382	 85 
9339.8	11781	24549	30	868	 72 
7462.62	11417	24549	64	2412	 67 
9095.07	13227	24549	27	1449	 67 
8747.27	12295	24549	29	1594	 66 
8733.72	11828	24549	40	1492	 63 
8280.58	13833	24549	37	1383	 63 
10166.5	12055	24549	19	612	 60 
9354.71	12529	24549	24	454	 58 
9075.34	10782	24549	57	1699	 56 
9330.75	11785	24549	38	1500	 55 
8756.25	11488	24549	39	1564	 53 
9071.63	12137	24549	38	1513	 47 
10148.1	11113	24549	30	577	 34 
10149.2	10238	24549	26	770	 29 
10169.3	11783	24549	24	971	 25 
8938.49	10635	24549	62	2108	 16 
8288.22	13661	24549	38	1867	 16 
7083.78	11884	24549	41	1599	 12 
8758.75	13776	24549	23	1313	 10 
8377.83	12669	24549	39	1684	 8 
8137.41	11804	24549	55	2125	 4 

9077.53	9591	25922	65	2394	 98 ***
10284.9	11304	25922	12	492	 94 
8094.71	9674	25922	64	2150	 92 
9454.69	10735	25922	30	770	 88 
9202.03	10463	25922	40	1793	 83 
9445.88	10229	25922	33	621	 82 
8392.96	11714	25922	35	1398	 79 
9474.65	11246	25922	21	316	 75 
8607.62	10670	25922	40	1894	 74 
8005.97	11160	25922	57	2084	 73 
9443.95	9805	25922	56	2017	 69 
8406.5	10947	25922	43	1895	 69 
9212.98	10415	25922	37	1713	 68 
9202.43	11355	25922	36	1484	 67 
9212.93	9474	25922	60	1871	 65 
10270.9	10021	25922	47	2264	 63 
9442.38	10766	25922	31	962	 62 
9210.57	12045	25922	32	1701	 58 
9215.04	11599	25922	35	1933	 57 
9468.87	11259	25922	22	653	 55 
8012.58	10211	25922	55	1908	 51 
8466.52	9954	25922	60	2048	 38 
9474.31	11653	25922	10	625	 36 
10282.4	11371	25922	8	264	 31 
9451.66	10103	25922	31	783	 30 
8003.82	11047	25922	60	2231	 29 
9092.27	10603	25922	44	1882	 28 
10275.7	9736	25922	57	2238	 20 
8579.74	10223	25922	52	1964	 7 
7848.65	11236	25922	57	2303	 7 
7764.92	11161	25922	65	2221	 4 
9207.33	12528	25922	34	1793	 2 
9200.83	11024	25922	38	1932	 0 

