#408	404	134	244	511	18	979	83	565	384	 ***
#175	0	416	376	0	278	1023	19	871	572	
#15	15	261	317	164	271	246	473	945	1023	
#16	256	404	301	128	0	275	821	1023	506	
#310	53	114	278	492	0	903	557	0	1023	
#25	0	31	511	45	17	194	911	1022	974	

282	393	134	252	83	23	1023	205	608	384	 ***
229	263	331	275	511	244	381	1010	143	0	
137	361	263	290	0	286	164	1023	0	863	
282	298	134	259	73	26	1023	153	503	636	
298	282	134	274	49	259	1023	173	259	636	
263	0	343	308	187	38	0	1012	213	1023	
423	85	252	16	492	195	1023	562	0	339	
2	8	358	161	282	182	1023	301	994	76	
20	152	322	374	267	412	1023	124	433	260	
362	411	202	396	438	305	1023	79	171	0	
412	389	248	244	190	17	1023	204	520	140	
0	289	471	21	183	149	1023	120	590	541	
53	431	45	380	282	8	1023	244	0	921	
27	366	275	134	152	45	1023	0	411	954	
278	397	134	252	45	45	1023	208	625	380	
289	91	46	49	271	164	1023	320	846	288	
453	511	504	55	106	171	963	0	126	498	
230	69	511	411	317	0	130	698	0	1021	
0	38	102	321	298	415	1023	0	254	936	
99	152	309	309	511	160	1017	133	0	697	
290	389	134	244	60	18	1023	208	515	506	
404	389	142	0	304	26	399	159	541	1023	
332	415	511	244	53	0	874	323	259	376	
0	183	400	0	400	69	738	1023	330	244	
328	449	38	0	282	12	427	569	1023	259	
183	0	271	84	38	401	1010	135	244	1021	
312	389	134	244	199	15	416	143	512	1023	
429	0	0	383	168	504	118	422	1023	340	
138	412	25	377	91	370	667	1023	284	0	
426	396	160	87	267	69	616	343	1023	0	
61	396	164	20	15	500	405	0	1022	804	

61	126	23	289	192	365	1023	259	400	713	 ***
278	385	126	260	76	38	1022	261	595	410	
190	68	256	0	99	157	492	183	1022	984	
278	453	126	252	312	61	1022	224	349	374	
236	442	23	282	289	8	526	212	410	1023	
312	502	8	102	0	311	1023	167	305	721	
434	80	46	181	297	0	1023	358	713	319	
400	393	156	252	190	31	1022	201	289	517	
278	401	126	252	83	23	207	265	793	1023	
235	23	366	419	293	260	228	1023	295	309	
278	393	141	283	387	23	1023	205	548	170	
72	215	42	160	23	373	268	713	562	1023	
149	282	156	284	289	425	221	374	248	1023	
511	390	152	35	510	0	1000	134	0	719	
338	393	386	252	68	23	1023	205	533	230	
286	393	126	252	143	31	158	262	777	1023	
289	45	176	391	248	417	1023	805	0	57	
254	210	153	273	312	34	1023	339	571	282	
282	382	275	290	213	298	1023	411	277	0	
278	279	278	252	68	83	1022	445	533	213	
244	213	316	312	38	419	1023	279	0	607	
156	458	510	8	0	511	0	248	556	1004	
49	313	27	198	134	411	289	1023	83	924	
450	144	31	92	0	423	1022	671	60	558	
0	167	427	411	46	202	653	1023	229	293	
274	423	126	256	68	23	1022	505	541	213	
396	86	381	72	57	257	75	304	1023	800	
30	72	34	256	61	236	1023	739	858	142	

70	30	0	511	496	366	305	0	970	773	 ***
61	212	23	274	250	365	1021	244	377	694	
0	30	0	501	469	487	1020	129	609	276	
61	126	23	30	68	365	1023	253	741	831	
441	494	0	511	30	168	523	0	783	571	
304	297	30	129	8	308	1022	381	83	959	
61	182	23	323	190	365	1021	244	662	450	
61	370	83	289	68	395	1023	259	401	572	
61	137	23	334	158	365	1021	244	362	816	
511	502	0	93	274	259	1022	0	167	693	
61	60	24	274	68	399	1023	503	537	572	
99	277	252	4	319	0	1020	716	156	678	
0	152	242	511	69	361	743	57	1020	366	
61	126	83	274	342	503	1023	381	400	328	
8	351	501	279	156	38	1021	334	635	198	
254	38	0	472	274	228	1020	746	398	91	
342	38	464	461	273	95	1021	30	538	259	
61	381	23	334	98	365	1021	366	422	450	
0	166	79	153	274	327	1012	0	1022	488	
144	453	370	350	464	0	1023	391	326	0	
30	415	434	68	38	34	1021	404	521	556	
23	61	320	434	149	478	1021	327	708	0	
69	198	305	84	0	289	1021	438	324	793	
376	4	511	0	439	297	538	426	0	930	
53	274	105	388	0	456	1021	897	228	99	
17	282	129	225	489	0	1023	869	278	209	
61	244	23	274	317	365	1023	244	460	510	
221	464	406	199	323	374	1023	177	334	0	
289	23	293	273	160	159	1022	883	130	289	

99	0	38	511	60	494	155	335	996	244	 ***
38	235	0	411	0	105	88	910	1023	122	
68	30	0	133	402	351	499	0	1023	426	
137	0	182	76	379	64	60	45	968	1021	
0	469	34	511	109	472	248	212	877	0	
132	121	378	189	0	293	31	137	1023	628	
68	30	60	511	98	366	332	662	394	411	
83	30	0	164	342	365	472	0	453	1023	
15	30	305	511	150	0	167	675	76	1003	
511	319	152	8	106	4	45	949	534	304	
94	242	0	76	30	60	122	1021	410	877	
400	463	8	511	235	0	156	0	1009	150	
511	30	0	103	357	428	656	0	424	423	
98	30	0	163	113	366	260	609	1023	270	
128	167	0	164	143	411	275	274	349	1021	
410	0	72	511	334	27	137	282	1021	138	
90	0	0	150	0	213	122	999	1023	335	
144	30	0	103	357	366	441	0	1023	468	
68	118	61	511	98	381	542	244	544	365	
98	30	75	165	372	366	1023	0	396	407	
212	0	427	511	23	181	73	366	1022	117	
68	30	0	105	98	366	260	1023	575	407	
148	30	0	511	372	366	628	0	469	408	
511	30	0	103	98	428	350	595	409	408	
128	30	0	103	403	366	469	0	410	1023	
258	278	289	511	91	0	227	114	259	905	
83	30	0	105	98	427	1023	275	484	407	
68	30	0	124	139	366	320	1023	394	468	
38	61	312	19	375	84	304	414	1021	304	
68	153	0	103	511	366	275	640	409	407	
0	201	197	0	60	364	152	935	1023	0	
75	182	60	122	75	137	0	939	1023	319	
511	0	0	164	357	432	395	0	424	649	
68	45	0	135	357	426	396	0	482	1023	
83	30	0	511	403	366	441	0	454	644	
60	136	30	320	0	511	0	75	1008	792	
60	69	0	511	228	45	152	128	974	765	
244	510	15	105	0	75	639	273	1022	49	
121	0	49	252	75	152	198	154	1020	911	
68	45	105	165	342	366	411	0	1023	407	
128	30	15	511	342	442	396	0	439	629	

45	45	334	165	0	110	120	928	1023	0	 ***
0	0	312	511	447	231	137	560	194	378	
99	30	83	45	120	479	406	486	1022	0	
136	46	364	511	211	180	167	301	854	0	
121	0	45	150	0	336	487	305	303	1023	
90	30	105	64	259	167	133	122	1023	777	
99	60	342	267	226	334	61	45	1023	313	
129	0	53	511	195	434	890	335	223	0	
289	15	125	135	189	165	0	829	1023	0	
190	30	463	511	0	0	338	290	873	75	
159	30	38	105	75	434	1022	350	283	274	
136	511	75	0	34	166	411	120	1013	304	
114	45	38	511	120	479	155	365	616	327	
124	289	143	211	0	99	75	60	1023	746	
129	0	68	75	150	449	399	1023	477	0	
204	15	98	75	60	434	215	388	1022	259	
264	30	38	511	92	464	585	418	368	0	
30	120	15	76	64	90	122	334	1022	897	
99	45	68	30	60	310	399	335	401	1023	
129	0	113	60	105	494	1023	410	436	0	
324	0	53	60	511	449	407	335	631	0	

45	45	334	60	0	95	1023	821	257	0	 ***
45	45	334	60	0	106	670	1023	397	0	
60	30	304	60	15	76	1023	536	576	0	
511	383	271	128	472	0	595	320	0	0	
45	45	334	60	0	95	529	549	1023	0	
45	511	349	90	0	91	364	547	683	0	
45	49	334	60	0	91	364	562	1023	152	
244	510	49	106	511	90	0	364	806	0	
51	45	334	75	0	91	484	577	1023	0	
45	75	334	61	0	91	504	547	1023	0	
105	124	289	75	0	121	0	0	945	1021	
45	45	364	75	0	95	486	547	1023	0	
45	30	304	60	0	91	90	1023	367	670	
45	45	274	60	0	80	1023	577	576	0	
45	60	334	90	0	511	364	547	729	0	
45	45	334	75	0	91	512	555	1023	0	
150	511	0	289	61	75	45	533	0	1016	
45	30	304	60	0	80	122	547	469	1023	
15	320	96	0	0	165	83	76	902	1023	
45	60	334	66	0	91	1023	577	484	0	
2	0	0	424	91	64	0	285	1023	791	
45	30	304	60	0	76	334	1023	686	122	

180	21	125	290	0	200	719	1023	15	0	 ***
75	75	312	60	0	69	212	226	1022	522	
79	0	15	136	274	0	98	917	31	1023	
64	19	45	181	278	30	60	873	0	1023	
45	48	305	79	5	95	1023	455	518	0	
49	75	349	64	0	511	666	459	400	0	
75	16	90	90	71	0	877	331	1023	0	
511	4	75	45	339	195	0	974	430	0	
135	124	30	109	152	75	1023	34	274	617	
34	15	274	45	170	511	200	297	15	1012	
94	64	64	120	136	31	1023	797	244	0	
0	45	135	0	88	0	298	816	1023	168	
64	94	304	120	0	0	105	768	95	1023	
0	15	226	135	0	511	319	1013	323	31	

473	151	473	0	57	228	410	1023	124	104	 ***
72	60	15	511	456	30	49	1016	75	759	
368	0	143	143	42	231	911	0	182	1023	
79	0	166	72	135	0	347	1023	493	728	
188	15	121	379	244	252	426	380	15	1023	
180	23	121	479	45	189	338	645	1023	0	
210	94	129	321	0	502	1023	441	323	0	
332	57	365	297	0	260	385	1023	324	0	
0	113	48	0	91	211	881	297	379	1023	
272	113	181	389	0	174	578	1023	313	0	
140	38	150	113	0	101	685	1023	793	0	
60	90	72	511	410	15	287	60	1001	537	
511	487	0	106	124	490	997	57	91	180	
32	304	197	106	98	19	263	75	927	1022	
180	27	440	426	0	210	308	1023	61	368	
188	34	511	291	404	181	308	707	419	0	
158	109	121	289	15	190	825	1023	313	0	
68	122	150	304	79	0	1017	1023	60	220	
150	45	243	289	260	166	415	392	1023	60	
270	511	121	289	122	200	622	589	319	0	
188	27	121	289	122	182	613	1023	318	160	
439	511	121	434	0	174	338	424	54	548	

30	166	48	274	259	282	1023	0	185	626	 ***
324	60	144	102	105	111	182	1023	0	842	
0	511	177	390	251	350	0	75	805	334	
63	0	364	0	128	105	1023	426	689	95	
34	17	339	75	8	0	589	286	522	1023	
0	106	79	414	0	426	716	27	102	1023	
106	305	492	107	331	511	872	0	0	169	
121	180	196	511	301	381	82	957	164	0	
304	150	306	0	95	176	383	1023	354	102	
350	94	75	369	93	105	0	1023	197	587	
66	175	336	379	140	110	331	1023	333	0	
259	84	242	38	0	105	447	1023	188	507	
304	150	276	0	87	168	395	257	233	1023	
297	150	352	0	87	168	410	1023	312	94	
511	178	144	105	102	349	339	816	349	0	
297	165	291	0	110	168	505	1023	232	102	
211	312	109	128	163	0	0	75	872	1023	
289	151	350	0	57	168	410	366	79	1023	
358	165	276	0	57	214	1023	158	171	471	
380	150	276	0	57	229	425	166	187	1023	
64	214	243	0	233	511	379	644	605	0	
99	166	33	349	79	60	872	1023	167	45	
79	353	30	121	44	90	0	1023	926	227	
350	150	291	0	57	176	410	357	79	1023	
83	210	196	61	144	259	579	1023	0	338	
182	116	349	99	222	392	457	1023	0	53	
122	204	68	75	45	0	196	1017	563	603	
0	154	0	65	327	152	1023	790	59	323	

38	105	319	511	96	0	914	0	387	190	 ***
0	430	98	16	83	93	238	579	0	1023	
121	511	42	174	391	90	975	0	0	256	
53	121	44	274	15	317	1023	261	206	246	
83	74	251	433	170	64	1023	356	106	0	
38	121	59	293	205	163	325	0	333	1023	
81	0	152	445	511	30	60	957	324	0	
60	32	93	511	94	0	68	384	1022	296	
37	136	40	511	15	285	891	0	295	350	
38	19	50	173	246	50	1023	647	269	45	
35	121	68	282	27	226	1023	0	353	425	
61	278	122	75	113	57	1022	690	142	0	
325	45	23	2	90	143	1023	765	144	0	
181	30	59	139	370	223	1023	208	327	0	
130	181	210	60	120	105	396	335	1023	0	
83	121	60	274	15	289	327	0	368	1023	
213	142	42	281	15	184	357	0	303	1023	
90	148	62	243	121	142	381	1023	305	45	
30	121	85	274	42	289	1023	30	295	371	
30	365	70	286	15	210	323	0	238	1023	
55	509	158	38	213	511	0	1023	53	0	
319	65	113	79	87	53	1023	563	258	0	
60	136	98	279	75	197	571	0	121	1023	
0	27	129	8	497	393	308	0	175	1023	
30	136	78	297	15	159	1023	248	185	389	
142	287	162	0	160	373	42	371	0	1023	

491	38	57	23	227	103	1023	135	0	339	 ***
38	64	511	175	152	125	105	0	248	1018	
507	0	32	19	101	27	462	145	1023	120	
64	124	24	45	30	30	217	1023	0	879	
23	105	265	155	92	31	1023	15	392	335	
0	0	60	380	149	30	64	1023	145	585	
42	125	49	12	53	0	898	129	1023	105	
24	109	280	511	102	0	473	0	762	175	
290	0	186	511	273	94	4	52	333	693	
113	59	57	511	152	334	0	1020	141	49	
0	361	0	80	203	48	334	113	1023	274	
23	105	278	178	87	39	1023	370	143	190	
49	64	47	490	151	79	480	0	1023	53	
275	79	511	413	133	122	224	0	545	134	
39	105	265	184	102	0	1023	137	406	175	
31	109	280	189	88	0	1023	0	404	312	
140	92	125	511	77	127	167	621	576	0	
64	69	10	4	60	115	491	524	76	1023	
23	105	278	161	109	0	1023	419	143	175	
46	64	75	506	0	4	1023	41	441	236	
27	105	278	181	110	0	310	0	402	1023	
38	120	263	511	230	0	567	389	143	175	
202	15	12	49	31	120	1023	190	64	730	
92	34	511	87	58	61	357	1019	0	217	
64	19	155	511	49	49	57	134	378	1020	
118	244	49	42	149	150	437	0	224	1023	
119	216	258	238	45	65	382	90	1023	0	
49	4	132	39	94	90	1023	442	197	366	
31	291	246	45	8	0	1023	634	60	98	
79	260	137	79	60	511	338	279	0	693	
79	289	63	511	140	90	168	53	31	1012	
164	511	34	32	0	492	1023	53	69	58	
209	62	30	482	53	34	358	75	1023	110	

244	59	90	87	163	70	1023	205	536	0	 ***
60	40	47	396	277	65	1023	362	207	0	
30	80	121	70	45	76	1023	0	156	876	
405	55	59	24	242	103	1023	105	0	461	
148	237	19	69	79	215	1023	0	567	120	
368	109	0	60	511	103	338	338	0	650	
412	39	57	69	231	107	448	91	0	1023	
424	38	65	511	242	109	408	137	0	543	
404	71	57	12	246	133	1023	125	0	406	
227	0	176	15	403	130	1023	297	108	98	
76	227	0	54	124	28	0	869	76	1023	
404	38	61	8	227	108	1023	92	152	364	
403	68	61	511	197	133	155	166	0	783	
511	43	63	6	227	118	456	132	0	921	
393	70	61	73	258	124	370	105	0	1023	
464	42	63	8	250	118	404	105	0	1023	
78	45	8	160	141	108	0	914	1023	0	
404	38	57	8	257	103	1023	72	137	378	
221	133	94	511	293	38	338	676	173	0	
155	74	62	213	49	0	55	819	27	1023	
511	0	64	75	0	79	159	332	239	1018	
39	186	30	38	34	124	0	1023	961	42	
137	185	147	60	511	4	978	124	331	0	
405	87	511	10	242	103	455	79	0	585	

30	273	106	34	101	23	1023	762	34	152	 ***
254	146	28	0	145	504	1023	0	231	207	
0	53	58	19	39	80	1023	107	956	203	
379	244	77	53	87	511	83	188	262	654	
305	49	272	53	87	306	83	193	167	1023	
113	60	511	414	75	19	19	1022	0	305	
511	66	180	57	0	19	1003	169	0	533	
122	0	75	59	6	19	214	1023	0	1020	
65	49	58	60	86	33	1023	179	861	124	
122	32	149	205	49	90	1023	42	159	667	
154	38	114	68	16	27	1023	887	114	97	
276	53	138	53	224	66	366	339	1023	0	
20	0	333	51	91	155	1023	53	763	49	
0	9	197	53	72	127	1023	190	265	602	
0	12	511	143	398	196	49	311	259	659	
153	60	78	511	76	0	1009	301	188	162	
294	9	197	70	132	70	540	203	1023	0	
30	57	75	29	25	0	159	1023	943	197	
365	178	113	53	117	511	132	434	635	0	
314	56	113	117	117	162	113	523	1023	0	
62	11	38	104	122	130	176	872	1023	0	
8	0	75	4	143	60	1023	915	75	235	
60	12	30	248	145	51	1023	784	106	79	
398	192	75	53	163	132	1023	192	227	83	
244	119	230	53	102	70	252	309	136	1023	
79	295	50	0	130	53	1023	656	31	221	
25	69	0	511	60	168	553	148	1004	0	
244	69	86	53	284	511	594	192	505	0	
221	39	24	46	120	0	80	1023	859	126	
23	92	51	83	15	60	1023	941	113	137	
40	53	55	147	319	36	1023	62	396	407	
83	0	87	142	38	175	1023	635	125	230	
83	34	68	186	146	205	1023	55	738	0	
511	60	0	0	506	497	273	633	50	8	
394	39	79	331	166	66	1023	269	171	0	
30	84	63	4	90	314	1023	186	19	725	
308	70	75	365	194	66	110	327	1023	0	
61	2	272	511	0	25	90	480	1022	75	
261	39	90	113	72	506	216	218	1023	0	

2	277	124	66	132	93	1023	802	98	372	 ***
511	260	117	23	505	464	0	89	0	1020	
95	61	163	351	192	23	1023	89	91	901	
60	77	94	15	141	316	1023	936	183	144	
51	271	120	30	292	145	1022	349	553	156	
34	271	126	49	249	145	615	293	184	1023	
30	348	105	75	127	53	521	536	171	1023	
49	271	105	76	101	239	449	1023	34	642	
4	0	244	99	75	0	1022	1017	186	342	
0	34	368	160	192	278	1023	120	0	814	
30	275	105	276	227	113	1023	321	463	156	
15	91	0	0	75	511	1020	816	277	184	
501	15	30	511	61	137	571	81	79	1003	
30	301	105	50	159	387	396	350	188	1023	
152	299	105	46	97	23	1023	443	194	607	

141	365	141	40	282	160	1022	260	563	0	 ***
510	79	474	15	216	59	1014	0	175	432	
188	69	27	182	190	186	1023	1017	92	0	
34	385	145	23	447	15	1022	38	317	548	
53	126	82	136	50	261	1023	953	93	197	
0	326	124	144	511	91	608	568	290	312	
0	277	260	96	140	91	1023	242	293	552	
366	0	511	396	0	312	107	292	971	19	
511	124	296	64	505	122	202	0	1011	139	
31	320	139	0	120	212	1023	762	108	259	
201	4	156	68	250	140	1023	523	135	474	
220	305	183	60	34	68	1023	1002	30	49	
2	277	132	66	209	106	1023	749	94	316	
53	98	136	45	280	153	1005	0	181	1023	
0	277	143	66	132	91	376	494	1023	372	
167	282	182	0	511	65	967	708	75	17	
0	277	124	70	132	106	1023	478	436	328	
0	337	64	97	132	91	634	303	293	1023	
166	426	486	35	511	0	183	53	984	130	
8	285	124	66	254	93	1023	583	188	350	
30	15	152	78	0	305	402	841	128	1023	
0	236	90	134	0	79	1018	1022	197	198	
57	357	414	122	30	203	1023	0	677	91	
244	511	137	128	61	0	658	77	137	1021	
23	102	15	243	34	246	1015	76	1023	197	
510	10	53	152	0	15	189	697	1006	342	
393	75	60	23	511	241	926	30	289	426	
89	215	167	4	316	15	1022	306	768	72	
0	277	124	66	258	93	366	583	184	1023	
83	493	214	60	487	182	407	0	1023	25	
154	205	15	0	511	252	612	973	122	130	
366	278	190	306	95	510	25	181	1023	0	
503	79	179	320	162	89	1023	365	254	0	

244	84	53	305	0	0	1023	705	244	94	 ***
8	76	4	511	166	0	1022	207	379	379	
122	252	156	52	337	126	1023	241	323	120	
15	151	8	465	160	15	1023	135	95	685	
30	60	487	213	16	135	203	1022	464	122	
122	300	141	511	335	130	246	648	319	0	
511	269	145	105	274	104	168	301	875	0	
197	267	141	44	372	108	1023	281	319	0	
511	185	19	68	320	0	915	304	72	358	
107	252	141	48	320	76	1022	260	289	237	
473	511	0	19	121	335	305	561	183	244	
15	23	0	122	309	137	136	1023	129	858	
45	370	248	60	422	30	1023	470	0	84	
257	15	121	38	190	274	124	1022	711	0	
34	305	96	434	191	45	1023	137	454	33	
156	60	198	30	19	511	548	0	210	1020	
130	0	15	121	12	148	642	1022	232	430	
61	503	354	0	0	143	316	1023	212	140	
0	4	182	380	511	244	121	122	166	1022	
290	220	12	181	94	291	1022	332	218	92	
0	73	288	137	0	374	1022	334	0	524	
415	0	0	110	129	246	1022	818	12	0	
195	143	19	356	49	111	1023	426	220	210	
123	222	156	40	335	387	240	226	1023	0	
126	343	141	29	259	85	191	206	349	1023	
212	252	141	44	274	96	1022	251	380	80	
122	372	149	25	267	129	1023	241	289	135	
288	0	0	370	0	197	1023	694	157	23	
252	34	0	349	220	30	1023	148	193	503	
0	243	125	492	45	15	0	668	1022	142	
137	282	141	54	395	100	1023	241	379	0	
153	182	134	135	359	122	1022	318	117	210	
16	471	15	53	0	258	1022	647	150	120	
124	399	15	219	182	393	0	1023	59	338	
137	265	145	112	282	130	1022	336	323	0	
63	349	150	382	19	0	1022	0	189	578	
205	73	4	121	30	64	658	1022	370	205	
376	120	4	19	126	8	1023	212	864	0	
81	206	30	0	212	137	759	1023	0	304	
122	322	156	511	376	104	555	287	319	0	
183	252	511	40	274	162	686	317	327	0	
124	252	141	108	267	161	1022	196	379	102	
65	122	121	189	30	248	1023	539	415	0	
4	121	228	0	239	144	1023	186	807	0	
122	0	0	148	184	209	1023	717	60	289	
472	75	393	135	80	62	1022	321	60	132	
122	250	511	44	293	100	110	286	441	595	
84	242	297	368	76	0	1022	79	509	75	

455	227	0	510	38	347	1022	0	60	0	 ***
30	15	166	507	0	511	0	408	1022	0	
244	77	53	149	0	0	617	252	244	1023	
244	84	49	141	0	96	1023	252	274	496	
282	122	53	149	60	34	1023	241	244	451	
244	84	57	141	0	0	607	1023	244	259	
244	144	57	157	0	0	549	1023	244	241	
274	91	45	141	0	0	581	252	252	1023	
274	92	45	141	0	0	581	1023	244	259	
242	8	0	443	60	378	1023	356	149	0	
126	95	45	83	186	60	1023	676	304	61	
252	92	53	149	0	34	1023	301	244	511	
6	0	511	0	167	0	1017	393	215	350	
0	506	228	120	80	271	1023	0	254	177	
2	0	0	511	165	486	141	0	996	358	
511	84	49	141	0	0	851	282	244	497	
244	84	53	247	0	65	1023	252	244	447	

323	90	300	511	128	225	471	792	0	0	 ***
0	304	511	124	434	304	1014	0	84	65	
136	60	30	68	0	381	785	99	259	1022	
511	0	4	328	120	0	62	80	770	965	
130	91	57	364	0	113	0	1023	45	1017	
365	511	8	262	38	240	868	0	0	548	
38	487	364	72	8	509	1020	30	304	8	
510	259	30	120	118	509	926	246	0	122	
15	183	60	106	244	510	912	428	36	346	
353	364	0	232	117	225	526	0	1023	0	
27	0	511	327	90	2	950	160	140	633	
369	150	37	270	312	225	455	0	0	1022	
395	285	0	247	58	225	607	0	0	1023	
511	4	8	150	0	182	369	0	623	993	
395	511	282	307	8	342	298	0	697	0	
72	130	126	316	246	128	1022	800	0	0	
369	398	0	217	511	463	633	249	0	0	
8	76	0	60	75	368	1023	126	822	282	
377	0	412	68	98	511	1020	60	50	244	
361	507	8	236	38	225	442	0	0	1023	
0	30	394	0	511	0	98	472	908	427	
331	120	55	262	50	225	774	1023	0	0	
383	511	399	247	260	225	304	0	511	0	
45	510	305	404	147	68	1012	30	274	45	

433	511	23	273	98	149	603	244	0	0	 ***
45	0	0	105	0	0	1023	198	963	0	
0	120	30	381	0	182	1023	563	35	0	
0	23	30	90	0	152	1021	0	0	1018	
30	331	30	511	0	0	1023	289	60	60	
338	90	23	201	254	157	248	1023	0	0	
132	304	366	511	0	0	0	0	0	1021	
338	90	145	201	147	149	1020	244	0	0	
323	90	23	511	128	149	866	244	0	0	
323	90	393	511	128	149	496	244	0	0	
0	15	0	396	30	464	1020	409	0	0	
0	486	0	137	0	30	60	15	1020	586	
396	30	394	0	0	491	0	0	0	1023	
60	152	0	426	38	334	1020	304	0	0	
0	19	60	472	60	0	1023	244	456	0	
38	511	30	0	396	76	919	0	0	364	
282	98	248	0	150	511	872	0	173	0	
152	0	94	0	0	274	30	697	1022	65	

8	343	303	60	60	488	1023	263	278	93	 ***
426	511	23	90	128	304	836	488	0	113	
426	304	80	90	511	8	850	503	0	147	
396	30	15	60	83	358	1022	83	598	274	
366	263	256	90	8	244	1023	30	90	549	
456	304	30	334	120	244	1022	313	0	96	
511	184	511	68	349	274	0	1022	0	0	
347	30	496	120	90	76	1020	244	252	244	
0	0	327	304	511	510	0	0	0	1023	
441	30	0	511	274	0	42	0	625	996	
0	259	15	334	60	296	1023	811	121	0	
244	252	15	380	0	0	1020	608	105	295	
416	372	282	32	394	0	1023	400	0	0	
30	311	274	511	0	346	0	492	955	0	
511	244	30	91	75	75	1023	765	105	0	
297	0	427	0	274	0	0	899	0	1022	
496	510	98	0	0	75	912	275	174	379	
0	53	0	60	334	61	1023	658	0	730	
244	358	319	304	197	61	1023	259	64	90	
75	334	503	0	30	38	1023	916	0	0	
0	0	274	335	0	302	1020	578	15	395	
488	0	167	90	428	0	1022	548	106	70	
122	511	30	394	0	274	985	289	284	30	
297	0	441	319	0	511	335	1016	0	0	
152	75	120	75	343	259	1022	0	873	0	
244	304	15	372	196	0	1020	342	45	381	
456	0	23	105	425	0	1021	732	157	0	
8	75	289	289	8	0	1023	426	442	359	
449	0	76	120	349	488	1022	244	122	49	
259	426	30	0	511	328	0	1023	0	342	
76	90	15	30	75	0	1022	19	800	792	
312	15	0	45	120	0	1023	388	1016	0	
165	0	23	38	0	488	1020	439	488	258	
426	61	259	394	90	30	1020	327	68	244	

0	8	242	373	334	511	886	246	323	289	 ***
320	66	211	450	511	113	1022	519	0	0	
404	0	12	60	503	511	1000	575	0	147	
0	16	280	304	327	312	1023	373	280	297	
23	244	335	0	244	511	993	188	400	274	
158	289	0	323	8	160	1022	624	324	304	
98	304	130	503	256	511	901	0	143	366	
274	511	61	30	492	128	0	503	244	969	
256	61	511	419	0	173	673	548	0	571	
60	349	267	426	27	319	1022	437	0	305	
0	248	202	244	335	60	1023	728	60	312	
76	382	403	0	304	511	0	862	674	0	
371	77	60	75	297	0	1023	548	608	153	
0	244	511	121	60	492	1014	366	282	122	
0	278	0	502	305	353	0	282	1023	469	
496	77	304	4	319	312	1023	53	0	624	
128	250	0	0	320	349	1023	0	610	532	
244	511	308	400	404	30	671	0	644	0	
8	8	246	60	372	504	1023	246	410	335	
256	0	304	0	511	368	783	175	252	563	
145	383	128	434	0	0	488	0	611	1023	
511	0	0	75	511	121	0	60	976	958	
267	391	75	502	0	63	1023	395	248	248	
0	15	0	511	0	53	996	625	304	708	
382	0	511	488	19	40	975	402	0	395	
0	259	420	422	334	494	0	260	0	1023	
410	274	267	83	0	46	1023	553	0	556	
380	69	12	496	319	0	1023	898	15	0	
488	349	0	289	400	319	1023	147	0	197	
274	510	60	8	8	372	1023	60	0	897	
0	250	61	0	304	327	1023	456	500	291	
323	0	0	35	395	30	1023	196	244	966	
394	0	23	0	244	274	919	0	1023	335	
244	128	60	496	130	4	1023	0	733	394	
244	244	15	290	0	111	981	1023	304	0	
511	121	15	0	244	60	1022	304	274	661	
98	99	105	304	0	511	1023	288	525	259	
349	106	313	346	235	316	1023	524	0	0	
334	274	305	283	8	274	1023	117	213	381	
511	30	0	252	267	158	993	752	121	128	
252	90	23	0	79	74	1023	190	993	488	

242	511	244	244	0	274	833	135	0	320	 ***
120	274	511	305	430	120	975	0	0	68	
124	30	511	0	0	60	0	434	623	1021	
30	61	0	8	0	0	346	319	1019	1020	
15	0	257	305	304	252	1020	0	361	289	
274	426	60	0	429	511	30	75	998	0	
304	338	0	259	128	113	1023	0	638	0	
0	0	8	504	509	75	1022	0	609	76	
274	15	38	0	349	395	1023	406	0	303	
304	0	30	0	0	0	0	445	1023	1001	
0	20	242	328	334	511	824	75	364	105	
0	8	319	90	64	0	1022	609	691	0	
0	34	182	328	373	252	1023	0	521	90	
135	511	488	60	30	0	1020	0	60	499	
0	19	60	343	511	282	966	0	323	299	
76	61	0	364	0	23	1022	259	244	754	
0	488	8	91	15	60	894	134	90	1023	
0	0	349	480	30	399	1021	62	0	462	
30	496	342	439	335	79	1022	60	0	0	
0	335	30	150	0	0	1020	939	329	0	
107	0	0	304	0	272	1023	12	930	155	
342	0	61	511	0	0	0	60	808	1021	
60	8	511	0	30	511	0	661	1022	0	
252	316	75	90	305	0	1021	128	0	616	
90	0	324	0	120	76	1023	0	231	939	
0	0	182	358	511	342	794	0	323	293	
274	94	0	0	289	511	404	0	244	987	
0	0	228	305	334	312	1023	0	488	113	

334	61	0	0	0	60	1023	105	60	901	 ***
259	107	30	0	166	0	1023	0	869	90	
354	440	120	30	30	488	1023	0	59	0	
511	135	61	30	0	121	894	0	274	518	
0	15	511	211	0	75	1019	135	578	0	
91	0	510	507	0	0	414	0	0	1022	
90	511	244	244	0	30	696	409	0	320	
0	0	511	0	304	502	0	259	0	968	
304	60	500	488	151	30	15	0	996	0	
76	30	511	244	274	15	151	939	0	304	
90	30	0	0	289	15	0	84	1023	1013	
15	511	335	274	152	30	528	394	0	305	
0	90	304	511	15	60	834	425	0	305	
0	259	60	30	60	75	1022	0	151	887	
113	421	289	0	61	0	608	1022	0	30	
105	511	30	0	510	304	812	0	272	0	
0	120	289	511	30	30	895	364	0	305	
15	511	30	0	0	0	1021	103	454	410	
15	90	274	244	0	151	1012	499	0	259	
75	90	510	30	0	0	848	0	0	991	
511	60	63	75	410	334	1000	0	91	0	
60	90	274	244	0	30	1011	454	0	381	
511	380	150	0	274	60	0	925	244	0	
0	90	0	0	0	75	1019	0	965	395	
0	90	304	274	0	60	489	1022	0	305	
0	511	105	61	0	380	988	0	105	394	

453	79	167	304	8	428	1022	90	167	0	 ***
511	259	120	244	0	91	1023	0	196	274	
120	289	0	106	45	0	1022	30	143	963	
308	106	0	0	12	60	1023	499	147	563	
312	76	0	0	0	91	1023	356	241	619	
98	279	30	456	511	96	860	61	252	75	
60	64	419	64	0	0	1022	0	967	122	
30	151	60	30	212	249	60	28	875	1023	
304	125	0	45	0	60	1022	169	445	548	
304	91	0	8	0	94	1023	135	447	616	
145	508	282	49	0	504	1023	0	68	139	
434	69	0	0	0	128	1023	316	151	597	
438	73	45	4	4	60	1023	135	388	548	
64	0	16	38	91	272	364	0	1021	852	
456	84	8	0	0	79	1023	382	128	558	
383	95	511	109	34	38	1023	0	525	0	
334	65	0	8	0	68	1023	387	143	690	
17	105	0	364	125	91	1023	0	764	229	
304	76	0	27	24	60	1023	469	181	554	
304	225	24	0	0	68	1023	128	328	618	
60	30	166	64	289	61	1023	128	364	533	
338	256	0	0	0	68	1022	327	120	587	
136	135	0	509	362	488	0	65	1023	0	

495	511	152	308	319	75	1015	366	0	0	 ***
289	64	167	370	68	511	504	812	456	0	
0	411	154	422	152	221	1023	310	0	548	
277	0	0	395	342	0	1023	897	179	128	
0	365	511	252	511	308	709	0	185	400	
511	334	396	122	0	263	128	999	488	0	
298	124	163	289	8	319	1023	546	471	0	
0	120	0	392	404	130	1023	442	180	550	
0	0	142	244	118	248	130	439	897	1023	
0	334	27	353	281	458	0	1023	765	0	
359	413	406	434	8	511	836	0	0	274	
490	64	0	449	64	76	1023	289	0	786	
60	137	483	0	334	151	1023	92	961	0	
248	274	312	68	239	280	1022	252	546	0	
289	308	167	274	72	445	1023	244	419	0	
30	190	372	319	34	274	1023	65	61	873	
278	64	163	396	68	259	442	304	1023	244	
122	410	0	0	511	251	955	564	184	244	
511	103	45	0	105	27	904	0	1020	526	
30	106	507	494	364	151	1022	98	469	0	
511	0	419	244	494	0	1015	156	79	323	
296	160	19	308	83	0	0	1006	1023	346	
289	94	155	278	16	445	1023	394	547	0	
511	502	0	90	476	0	554	831	277	0	

