#20	34	66	67	44	0	11	268	29	208	 ***
#20	65	5	32	4	44	40	60	262	215	
#18	142	27	6	66	38	267	61	7	115	
#66	75	23	52	140	48	0	6	261	76	
#22	62	81	0	40	71	215	36	220	0	
#3	0	36	17	40	11	137	312	142	49	

14	70	44	0	42	31	124	38	20	304	 ***
26	48	64	44	45	26	39	172	0	223	
52	40	26	110	52	50	66	271	20	0	
20	18	66	64	45	0	60	289	45	80	
66	36	38	128	0	13	0	276	52	78	
20	72	68	36	44	0	42	127	44	234	
44	16	53	0	16	50	114	305	46	43	
40	18	68	64	43	0	60	284	32	78	
22	18	72	64	65	0	41	288	55	62	
20	18	70	70	43	0	41	111	76	238	
20	34	74	66	42	0	35	308	28	80	
29	10	36	40	103	43	82	279	20	45	
19	50	34	22	56	4	48	288	38	128	
12	15	42	56	45	40	22	228	36	191	
20	18	70	64	45	0	257	68	43	102	

75	42	4	20	40	76	30	138	286	0	 ***
56	111	11	19	44	53	282	53	82	0	
17	10	39	121	49	42	0	99	135	199	
58	15	38	2	56	44	168	28	0	302	
0	54	48	120	0	61	26	104	72	226	
26	69	54	66	49	21	283	42	101	0	
24	36	91	38	26	40	0	76	82	298	
14	60	71	64	0	22	58	151	271	0	
8	70	40	0	74	46	58	66	52	297	
40	16	64	56	42	16	176	54	247	0	
58	32	18	22	38	8	222	0	149	164	
2	72	30	6	90	22	82	32	68	307	
74	0	71	41	0	106	36	60	285	38	

56	70	0	6	88	74	30	114	302	32	 ***
54	10	82	10	0	62	175	295	0	84	
34	54	171	68	0	2	0	209	102	132	
60	39	4	26	56	74	30	140	311	32	
56	46	0	6	58	74	102	128	302	0	
74	38	12	18	40	82	64	133	311	0	
10	36	38	52	36	68	120	42	70	300	
56	78	18	6	72	82	62	96	302	0	
42	135	46	110	0	28	0	166	191	54	
179	16	26	96	64	30	189	64	64	44	
38	4	70	6	48	76	106	276	64	84	
78	46	122	44	0	38	268	150	18	8	
2	84	0	26	16	40	156	64	290	94	
48	90	158	0	8	121	0	177	144	26	
56	16	78	82	0	8	280	186	0	66	
2	32	111	24	64	38	98	42	263	98	
26	86	40	20	10	0	0	287	112	191	

50	14	42	0	0	74	310	8	24	180	 ***
16	48	72	48	20	18	132	50	298	0	
88	0	2	0	64	2	298	48	166	34	
74	0	0	54	4	36	144	53	303	34	
82	44	26	34	6	60	114	20	316	0	
56	70	0	4	88	34	62	64	292	32	
179	34	0	10	52	0	0	152	161	114	
52	70	0	2	82	34	38	100	292	32	
34	46	86	22	36	26	0	284	0	168	
52	0	0	4	62	20	60	314	130	60	
77	35	52	0	80	12	0	312	124	10	
2	0	54	93	36	0	32	118	295	72	
34	0	18	12	68	34	98	168	270	0	
26	8	4	42	4	108	0	195	32	283	
68	42	26	52	0	30	0	146	304	34	
31	0	4	18	8	44	92	218	287	0	
0	138	30	54	0	32	30	88	280	50	
134	2	0	0	4	130	10	92	256	74	
0	82	48	0	48	0	300	24	136	64	
0	36	32	16	86	56	0	290	0	186	
0	22	38	76	0	112	52	28	322	52	
82	38	37	26	0	60	259	0	162	38	
18	58	60	68	34	18	32	56	312	46	
42	42	134	124	38	0	0	28	250	44	
80	78	0	2	84	34	30	62	296	36	
48	40	0	34	88	66	30	64	296	36	
70	20	32	16	26	156	42	72	268	0	
6	0	57	0	110	16	82	86	273	72	
0	66	48	18	4	0	330	70	150	16	
26	102	24	4	34	70	76	34	292	40	
50	78	32	2	84	34	30	64	292	36	

56	12	26	4	12	42	305	32	80	84	 ***
48	24	28	52	0	42	134	24	73	228	
36	16	64	26	34	34	271	128	44	0	
52	14	28	12	0	42	134	100	20	251	
140	32	12	37	2	20	242	0	32	136	
88	30	42	0	0	50	261	76	8	98	
48	20	26	0	16	82	136	231	14	80	
8	92	8	10	70	50	182	223	10	0	
52	20	26	0	8	46	287	72	44	98	
62	10	26	0	12	46	277	68	32	120	
52	52	0	0	16	46	255	32	182	18	
155	16	46	136	30	42	174	0	0	54	
4	0	56	44	36	56	18	138	0	301	
88	6	22	118	0	106	231	0	60	22	
6	6	16	26	38	48	257	154	66	36	
58	70	38	64	88	13	0	81	241	0	
14	0	148	100	60	4	219	0	36	72	
2	6	36	0	114	72	0	46	229	148	
6	26	38	60	40	0	237	4	48	194	
78	14	44	4	0	2	260	169	58	24	
0	60	74	36	32	12	142	36	0	261	
50	40	30	0	12	74	131	56	32	228	
32	36	0	54	0	110	263	58	36	64	
26	20	48	130	64	38	213	0	42	72	

12	83	10	0	12	36	241	40	91	48	 ***
74	62	0	38	18	120	74	0	187	0	
24	14	26	4	12	42	272	40	83	56	
24	12	10	4	12	40	164	203	44	60	
64	119	0	0	24	11	120	211	24	0	
48	8	18	42	33	34	240	21	129	0	
2	12	8	81	8	8	314	128	0	12	
22	0	0	43	23	106	140	0	205	34	
10	12	8	4	12	36	194	43	188	66	
8	2	52	18	54	12	16	0	154	257	
4	28	0	50	81	20	236	114	0	40	
8	12	18	4	12	36	293	40	102	48	
8	12	2	6	20	36	296	33	90	70	
22	0	46	4	44	12	236	0	161	48	
4	4	80	36	96	40	253	0	40	20	
0	8	26	0	24	85	206	0	70	154	
20	10	22	6	0	68	257	20	24	146	
32	12	12	18	0	20	0	250	85	144	
8	16	2	6	12	36	275	40	130	48	
24	12	27	6	12	42	268	40	94	48	
82	66	0	8	2	89	16	250	60	0	
16	28	8	9	96	0	0	158	256	2	
4	0	50	0	34	14	40	243	36	152	
27	0	12	0	40	16	170	76	206	26	
24	20	126	4	12	40	215	40	44	48	
106	148	6	0	4	4	201	72	32	0	
8	12	10	4	12	40	290	121	28	48	

0	0	32	29	36	3	76	16	236	135	 ***
13	30	26	0	15	40	147	58	20	214	
6	14	34	30	28	20	247	144	0	40	
13	14	12	0	12	52	142	73	40	205	
0	13	0	4	12	66	228	14	162	64	
32	5	27	16	12	37	292	56	24	62	
20	18	10	10	16	36	292	44	69	48	
14	15	4	10	24	37	160	207	40	52	
36	136	14	93	32	0	0	35	44	173	
0	28	19	36	71	0	68	36	237	68	
65	7	46	86	34	22	0	221	82	0	
20	14	122	0	16	44	160	117	20	50	
12	14	10	1	20	43	288	44	50	81	
22	10	39	42	0	15	154	38	243	0	
8	42	24	84	38	17	238	14	98	0	
13	24	2	0	14	56	150	28	205	71	
65	40	2	51	0	0	229	111	45	20	
13	14	14	0	12	52	151	89	30	188	
12	36	32	84	28	156	0	0	18	197	
14	36	52	0	33	35	0	242	139	12	
50	89	22	64	18	0	195	58	67	0	
22	0	32	16	102	4	88	0	201	98	
9	0	0	44	36	4	165	36	237	32	
7	24	26	0	13	44	146	40	60	203	

24	66	132	12	52	13	0	69	227	104	 ***
56	60	66	175	4	32	9	206	91	0	
56	16	113	5	48	85	118	42	0	216	
97	74	60	22	0	91	56	237	0	62	
23	40	10	42	106	120	32	0	212	114	
40	38	38	16	51	16	0	279	137	84	
0	0	32	32	32	0	290	92	144	77	
0	0	40	44	36	105	81	214	106	73	
20	25	16	56	84	38	252	0	36	172	
0	26	28	77	38	51	52	112	86	229	
53	0	27	41	68	35	246	64	108	57	
0	0	28	32	72	5	84	130	251	97	
34	18	64	56	0	68	15	185	30	229	
0	64	28	44	68	38	76	201	115	65	
53	67	49	22	98	52	0	58	226	74	
64	9	35	29	48	30	65	0	229	190	
71	16	40	20	0	44	16	177	249	66	
18	0	24	104	52	26	246	60	88	81	
0	8	48	36	73	41	112	85	239	57	
32	16	76	24	8	11	195	52	78	207	
0	33	34	32	18	102	26	60	227	167	
0	63	114	62	77	0	161	86	57	79	
16	0	40	33	86	7	76	213	169	59	
73	5	33	53	24	28	45	280	144	14	
18	55	18	25	64	54	59	64	250	92	

22	36	44	20	52	4	0	77	238	108	 ***
20	25	35	0	172	93	80	12	0	164	
38	34	36	12	66	20	0	111	61	223	
0	131	40	42	0	41	88	57	159	43	
36	34	36	20	56	4	0	72	239	104	
36	12	80	36	5	8	69	11	241	103	
9	15	58	8	54	16	145	40	30	226	
30	34	36	16	52	8	0	68	233	124	
0	56	130	0	9	36	167	16	58	129	
100	2	6	39	70	9	145	1	32	197	
47	37	66	0	70	9	28	97	231	16	
40	13	0	42	56	12	136	226	34	42	
21	16	37	44	21	37	53	46	254	72	
0	40	34	22	65	81	0	36	113	210	
27	34	36	14	54	4	0	141	68	223	
0	123	30	67	39	15	96	0	190	41	
4	9	14	20	0	34	44	224	169	83	
16	9	20	42	42	96	64	0	213	99	
17	31	36	24	39	64	18	129	8	235	
22	42	38	12	64	4	0	69	238	112	
12	72	11	40	35	10	78	137	206	0	
9	14	57	68	25	16	228	144	0	40	
0	56	14	64	36	52	73	43	241	22	
23	55	87	14	54	5	0	78	181	104	
24	42	36	12	52	4	0	76	233	122	
25	34	36	18	52	12	0	80	227	117	
61	0	39	50	18	0	68	71	250	44	
42	40	24	124	48	56	28	0	195	44	

8	5	28	30	42	4	0	110	237	116	 ***
40	26	17	4	27	20	29	0	254	163	
28	8	5	4	66	30	44	96	270	29	
52	47	47	15	35	20	43	54	215	52	
28	5	26	20	48	4	0	92	235	122	
17	42	0	26	20	47	54	242	132	0	
12	20	18	38	64	25	53	123	227	0	
114	0	64	48	25	36	17	77	199	0	
32	8	12	24	54	6	0	93	245	106	
92	2	4	80	64	12	25	99	0	202	
24	51	0	20	30	5	166	27	257	0	
13	12	25	10	22	24	83	263	18	110	
46	53	4	2	5	50	82	240	32	66	
22	6	28	46	67	7	0	93	92	219	
34	6	20	20	52	4	48	80	230	86	

40	13	20	0	11	30	262	160	31	0	 ***
14	13	51	32	52	0	0	108	86	211	
110	5	28	18	40	0	0	102	168	96	
8	7	28	28	40	4	36	94	246	76	
14	4	30	32	115	0	0	110	170	92	
40	22	29	154	105	0	26	15	176	0	
12	7	28	28	40	0	58	92	246	56	
14	9	28	16	40	110	0	102	152	96	
12	7	32	24	40	2	0	116	246	88	
46	98	22	32	130	25	172	0	42	0	
65	117	71	67	70	13	0	0	145	19	
10	5	28	38	44	8	0	108	246	80	
12	13	28	20	40	0	0	249	101	104	

32	80	34	11	114	23	30	24	220	0	 ***
147	22	34	21	60	43	30	188	11	12	
20	24	19	19	54	13	259	13	12	135	
3	14	10	30	7	7	273	29	159	36	
133	13	14	0	43	30	123	124	88	0	
23	21	12	12	9	33	127	108	201	22	
54	68	26	24	50	36	256	30	14	10	
30	14	22	21	20	17	234	131	30	49	
41	20	24	13	12	28	36	34	138	222	
134	32	12	0	9	38	127	140	26	50	
25	44	9	16	34	96	239	0	91	14	
3	20	0	29	152	23	61	165	16	99	
62	12	18	15	16	35	0	35	123	252	
32	3	12	15	26	24	225	53	142	36	
19	19	16	5	15	32	145	116	201	0	
13	67	41	46	96	55	209	18	0	23	
20	84	20	5	46	79	10	23	253	28	
36	29	29	18	61	12	107	36	240	0	
2	34	16	25	15	0	24	174	6	272	
37	16	19	15	26	38	62	29	104	222	
25	11	13	6	112	40	149	129	23	60	
48	19	25	0	18	31	248	124	55	0	
27	11	14	0	137	39	171	116	53	0	
15	20	18	12	19	30	223	26	132	73	
24	32	15	9	13	30	130	118	197	0	
50	11	21	2	12	35	251	102	66	18	
19	42	8	8	16	10	256	12	40	157	
32	31	21	28	66	21	245	71	0	53	
21	38	23	70	0	18	58	4	246	90	
16	29	8	55	20	22	219	4	47	148	

52	73	3	6	0	12	8	34	188	278	 ***
25	15	8	20	39	56	132	68	291	0	
13	56	54	22	48	18	119	22	302	0	
34	96	36	11	50	27	52	90	258	0	
90	40	30	156	58	0	150	0	22	108	
0	13	50	8	52	24	295	10	185	17	
0	8	33	54	0	38	93	71	142	215	
81	81	33	8	8	4	100	0	40	299	
10	0	37	10	114	104	40	245	18	76	
10	27	25	17	0	26	73	296	106	74	
10	29	24	38	54	0	55	30	219	195	
31	7	34	32	47	0	43	43	148	269	
0	2	0	104	139	125	4	96	8	176	
37	42	28	0	26	92	16	221	190	2	
3	24	18	35	142	42	29	68	257	36	
22	16	0	16	56	48	185	13	289	9	
20	72	26	11	68	143	36	58	202	18	
21	29	0	32	28	0	24	264	30	226	
33	22	54	31	34	46	0	53	239	142	
1	26	0	67	48	5	152	32	261	62	
0	4	120	182	62	21	51	0	147	67	
58	30	18	0	67	153	0	51	46	231	
20	137	11	79	52	22	27	0	214	92	
20	16	33	0	122	75	5	43	258	82	
46	45	14	84	6	24	33	133	258	11	
4	16	25	32	201	9	205	24	0	138	

5	69	22	0	18	56	207	73	22	245	 ***
57	57	8	6	0	14	92	187	152	144	
28	26	30	52	23	24	89	190	0	255	
66	30	32	112	21	25	189	196	46	0	
71	51	36	19	54	45	195	57	189	0	
113	6	67	34	68	34	86	29	0	280	
77	21	25	35	88	48	0	61	171	191	
0	16	18	95	48	2	275	12	251	0	
50	73	11	8	20	14	28	79	175	259	
80	137	0	32	16	30	118	264	27	13	
11	16	40	70	0	12	18	31	273	246	
53	94	3	6	0	52	127	34	118	230	
55	73	3	22	0	44	84	116	246	74	
114	41	4	32	16	16	4	154	322	14	
133	8	2	0	34	20	60	28	140	292	
22	125	14	34	20	62	157	59	224	0	
70	20	42	58	40	54	26	234	173	0	
18	27	92	26	81	79	0	88	59	247	
104	53	150	54	21	0	0	155	100	80	
24	36	22	64	28	36	248	0	247	12	

5	102	22	0	18	65	224	87	22	177	 ***
32	22	24	75	58	15	154	48	73	221	
82	22	24	52	20	30	133	44	20	295	
9	80	22	32	18	56	253	82	22	148	
22	46	7	26	58	32	183	32	32	284	
1	33	0	96	42	80	270	112	0	88	
5	69	22	0	18	64	161	240	22	121	
4	80	0	18	48	16	18	130	64	344	
16	30	140	10	40	18	65	0	162	241	
138	26	4	108	92	32	17	0	17	288	
5	73	63	2	18	60	249	48	22	182	
5	74	24	36	21	60	190	101	30	181	
5	69	22	0	18	126	204	50	153	75	
2	118	38	57	0	27	120	32	59	269	
5	71	22	58	18	62	216	69	106	95	
18	16	95	32	110	39	39	321	52	0	
5	77	22	0	24	62	151	121	26	234	
36	32	16	66	143	8	285	94	42	0	

0	38	0	32	40	24	299	8	86	161	 ***
40	4	124	36	40	0	283	83	30	48	
18	50	48	74	32	16	285	20	48	97	
34	4	74	16	82	14	315	3	16	130	
40	7	0	8	75	69	250	48	103	88	
74	0	42	0	40	0	168	40	16	308	
13	65	22	0	22	48	140	219	49	110	
6	65	30	0	26	48	144	65	114	190	
16	66	120	4	0	34	201	0	0	247	
38	48	12	72	43	36	316	70	0	53	
32	10	46	10	60	74	304	8	26	118	
104	0	47	38	0	36	297	26	0	140	
5	65	26	7	16	48	270	42	71	138	
4	65	54	120	20	48	187	82	24	84	
28	4	70	44	40	66	303	33	36	64	
7	65	23	0	58	48	106	69	122	190	
5	67	24	32	18	84	115	219	39	85	
16	16	40	28	42	16	274	0	63	193	
32	17	0	60	84	0	256	0	0	239	
7	66	70	0	32	48	112	37	205	111	
66	18	2	120	32	52	268	60	70	0	
5	67	26	0	18	56	117	72	205	122	
38	14	3	8	60	24	283	42	17	199	
8	2	32	2	30	52	276	30	24	232	
160	4	0	62	26	17	275	0	92	52	
19	16	20	8	20	0	334	30	70	171	

36	32	0	18	143	0	0	211	60	179	 ***
0	38	0	32	40	10	181	196	70	112	
22	48	8	22	12	0	232	105	230	0	
0	36	4	118	74	0	286	59	72	30	
0	38	0	32	44	8	267	81	107	102	
42	108	0	19	76	36	234	0	150	14	
0	38	0	32	36	8	229	199	68	69	
0	38	0	32	40	16	171	94	74	214	
0	38	0	37	50	8	170	196	70	110	
4	38	0	32	40	8	289	121	76	71	
0	42	0	32	56	8	278	116	76	71	
51	58	34	41	108	0	48	299	40	0	
100	66	60	8	40	34	0	32	44	295	
0	96	84	8	34	50	0	63	312	32	
26	44	88	8	0	14	203	0	88	208	
50	56	22	0	22	0	240	50	20	219	
0	16	24	107	22	36	313	42	8	111	
0	38	0	32	40	14	183	88	70	214	
0	4	50	0	34	120	166	111	0	194	
0	119	26	0	38	36	55	38	56	311	
32	50	36	44	0	42	293	36	0	146	
8	48	2	0	119	12	319	39	0	132	
0	38	0	32	40	18	264	112	70	105	
0	56	70	28	21	22	20	0	154	308	
8	38	0	32	40	8	280	116	70	87	

40	12	98	18	68	0	80	64	6	268	 ***
66	59	46	0	0	6	0	68	258	151	
6	54	68	0	6	99	52	285	0	84	
34	75	0	18	89	44	0	147	52	195	
4	48	98	20	20	36	66	247	84	31	
2	0	20	0	14	69	206	175	27	141	
0	40	4	84	64	6	0	151	288	17	
38	32	44	22	92	0	0	147	60	219	
62	1	44	26	111	16	72	250	0	72	
0	0	64	4	48	4	8	267	36	223	
4	44	18	36	71	16	121	280	0	64	
0	0	4	6	26	36	4	312	132	134	
104	32	0	18	58	0	44	147	60	191	
98	10	20	6	0	49	0	261	78	132	
0	48	52	0	26	0	177	10	106	235	
0	16	72	56	104	32	40	243	16	75	
34	75	0	66	78	0	0	184	134	83	
0	70	98	14	98	6	4	232	95	37	
0	28	54	10	90	153	104	0	0	215	
34	32	38	22	53	0	0	156	85	234	
40	32	0	18	93	0	114	115	52	190	
103	48	20	8	0	0	243	96	32	104	
31	46	6	0	21	70	246	213	0	21	
8	56	40	38	107	4	49	241	62	49	
47	68	0	18	10	0	0	192	195	124	
32	99	4	8	35	8	86	278	48	56	
104	38	4	41	107	16	0	40	38	266	
0	48	64	29	0	38	48	40	224	163	
12	14	8	0	126	85	120	245	32	12	

40	12	103	46	36	0	80	64	4	175	 ***
48	105	0	0	8	20	18	50	0	311	
40	19	79	60	36	0	80	64	4	178	
0	4	0	199	0	0	193	164	0	0	
64	4	10	194	0	32	0	0	38	218	
20	12	34	0	0	70	0	112	0	312	
60	8	36	2	68	32	16	0	26	312	
88	64	0	0	8	4	0	68	8	320	
40	12	2	33	44	0	205	64	4	156	
42	30	108	18	32	0	132	36	0	162	
85	4	32	64	4	8	36	0	4	323	
133	32	64	4	0	14	0	0	32	281	
179	16	0	32	0	36	32	32	34	199	
40	73	0	24	36	0	170	64	4	149	
2	0	0	0	48	32	8	140	14	316	
74	8	4	0	0	16	48	4	88	318	
158	0	0	6	0	0	0	0	232	164	
130	50	80	0	60	0	0	0	4	236	
32	0	0	0	0	0	40	24	144	320	
64	4	137	0	0	8	64	18	0	265	
40	32	110	18	32	18	80	36	0	194	
0	0	4	2	0	38	0	48	199	269	
101	75	0	18	36	0	80	46	0	204	
73	0	32	0	0	8	38	92	0	317	
40	12	2	18	60	0	80	68	6	274	
66	0	0	76	42	175	0	0	0	201	

36	20	32	36	2	36	120	34	45	307	 ***
0	96	0	14	72	44	0	88	44	310	
8	56	0	40	40	9	4	65	204	242	
52	18	40	42	96	40	0	0	136	244	
20	6	32	60	0	76	64	110	0	300	
44	4	88	8	0	38	174	66	238	8	
32	40	78	11	20	0	50	140	16	281	
70	16	12	68	76	0	72	80	0	274	
12	0	0	56	0	136	0	16	222	226	
56	0	48	0	0	8	0	68	175	313	
32	12	64	151	0	40	40	0	80	249	
34	4	0	6	48	87	104	36	40	309	
129	32	32	4	0	20	32	40	74	305	
34	36	16	36	76	0	40	0	126	304	
40	48	123	4	36	0	128	0	0	289	
0	8	68	107	0	76	0	303	18	88	
34	128	0	64	80	0	74	0	288	0	
8	68	32	16	60	32	64	2	78	308	
40	16	174	4	0	0	160	191	0	83	
4	0	164	40	32	0	0	112	244	72	
36	64	95	0	0	52	327	0	0	94	
0	24	128	32	44	42	0	0	114	284	
56	46	64	32	40	0	30	0	87	313	
0	104	0	4	32	20	0	298	49	161	

82	45	0	0	185	0	191	96	0	114	 ***
40	74	32	0	52	0	170	100	245	0	
38	8	64	44	34	36	104	50	80	255	
36	40	4	44	2	81	160	28	44	274	
68	94	70	32	100	0	0	136	213	0	
32	36	36	36	10	36	68	86	52	321	
122	16	0	0	76	48	38	76	48	289	
42	0	0	66	45	32	137	0	76	315	
13	40	100	0	0	143	239	100	42	36	
24	0	39	88	74	0	221	33	234	0	
70	66	0	80	169	41	126	0	161	0	
120	0	12	151	0	100	36	54	208	32	
0	37	36	48	0	10	76	194	36	276	
0	33	85	40	44	73	0	0	202	236	
4	40	0	34	0	149	44	0	264	178	
131	0	64	0	80	74	81	77	0	206	

0	72	120	40	155	8	245	42	0	0	 ***
9	51	0	0	60	0	160	154	0	248	
0	0	0	0	0	44	280	114	38	206	
158	60	18	0	86	0	143	125	0	92	
40	145	0	0	49	0	158	180	0	110	
4	32	0	0	143	16	193	0	262	32	
0	80	0	40	146	0	4	196	34	182	
20	0	0	34	169	54	184	0	221	0	
2	44	8	0	167	0	102	96	183	80	
0	0	64	0	48	32	247	12	16	263	
146	45	101	0	57	0	143	112	0	78	
69	0	64	18	147	48	286	0	50	0	
26	44	0	0	171	47	143	141	0	110	
9	44	60	18	181	0	190	98	0	82	
40	0	8	80	40	0	0	0	232	282	
137	0	0	0	110	32	208	34	52	109	
5	46	8	34	181	1	94	96	147	70	
8	34	2	56	152	0	221	65	96	48	
0	40	0	0	0	0	16	307	168	151	

26	44	32	32	175	32	254	0	48	0	 ***
8	8	64	58	163	8	201	133	0	0	
0	130	52	0	40	0	317	0	104	0	
129	0	8	56	0	0	276	0	72	102	
22	16	64	40	42	8	179	272	0	0	
0	8	9	0	40	47	0	236	0	303	
77	48	132	0	50	6	261	16	20	33	
0	28	64	40	62	8	290	151	0	0	
0	38	68	41	163	54	164	115	0	0	
6	16	68	40	50	24	167	272	0	0	
126	0	0	64	144	32	0	0	0	277	
0	8	2	48	152	16	40	297	0	80	
10	60	64	44	166	8	173	118	0	0	
36	56	0	12	2	32	338	2	133	32	
0	40	76	42	166	24	148	147	0	0	

39	40	46	40	68	0	0	220	72	189	 ***
26	60	35	83	58	40	214	0	198	0	
10	24	2	68	0	10	264	64	272	0	
102	54	56	64	153	32	181	0	72	0	
14	131	12	32	0	32	34	120	8	331	
8	92	2	8	136	10	16	339	103	0	
24	8	4	48	76	68	347	93	44	2	
68	0	4	32	112	12	284	118	68	16	
0	74	0	32	20	16	223	0	73	276	
50	108	0	86	146	32	0	28	12	252	
36	0	32	44	38	12	343	40	149	20	
26	40	32	66	66	36	335	0	48	65	
126	0	80	48	32	0	286	58	48	36	
30	64	34	66	171	72	189	0	88	0	
43	44	37	42	64	108	198	0	178	0	
0	0	38	68	14	80	202	34	0	278	
8	64	12	140	121	72	40	0	257	0	
10	16	32	0	12	18	253	215	132	26	
77	17	40	32	163	56	214	33	82	0	
155	48	0	87	32	53	87	0	204	48	
26	0	48	84	33	0	256	173	38	56	
68	0	70	118	0	34	14	0	290	120	

14	58	56	71	0	56	264	169	80	0	 ***
34	40	42	36	68	0	0	133	97	318	
37	42	44	33	68	0	0	218	98	228	
102	92	0	81	2	88	66	0	282	55	
1	104	9	80	70	52	23	289	0	140	
58	0	3	108	52	56	186	305	0	0	
0	88	25	0	82	62	36	299	64	112	
66	40	42	8	93	0	0	282	65	172	
34	40	58	41	69	0	0	226	104	196	
116	88	8	72	0	65	29	278	112	0	
113	50	0	65	0	8	117	273	76	66	
173	16	0	0	32	44	239	72	40	152	
72	60	117	0	78	64	40	264	64	9	
90	73	42	6	36	0	80	37	64	340	
51	104	147	44	0	26	42	17	120	217	
49	32	75	48	6	19	196	285	16	42	
50	75	80	20	4	8	33	196	32	270	
43	73	42	24	68	0	32	282	80	124	

