#256	32	164	160	160	80	80	400	1584	5424	 ***
#36	0	160	400	0	240	80	3152	400	3872	
#112	240	0	116	320	480	112	4292	2476	192	
#80	1540	84	0	192	512	240	400	80	5212	
#192	36	160	456	708	2000	912	1440	2436	0	
#160	160	32	160	884	80	672	0	2396	3796	
#192	0	240	356	320	84	3208	4	352	3584	
#116	352	160	320	864	84	2564	3848	32	0	
#768	480	172	352	320	880	0	4980	388	0	

464	32	352	160	164	432	384	512	0	5052	 ***
64	32	0	3188	160	800	80	2320	0	908	
320	624	224	308	3572	0	0	0	1768	736	
80	4	240	224	0	1776	592	4524	112	0	
224	32	160	320	192	80	432	432	880	4800	
192	720	320	64	560	160	448	80	5008	0	
112	32	320	544	112	160	320	0	3284	2668	
0	400	0	240	192	112	112	1828	4588	80	
224	32	160	160	480	160	272	544	720	4800	
0	0	192	192	320	192	192	880	528	5056	
256	32	160	160	192	400	320	432	880	4720	
32	400	240	592	32	0	1264	4640	352	0	
276	272	640	164	0	144	480	0	1264	4312	
144	32	240	192	160	480	352	432	720	4800	
272	512	144	560	32	80	80	0	4528	1344	
512	80	80	0	192	0	304	0	2456	3928	
224	32	192	272	160	112	240	400	1200	4720	

464	32	352	80	516	352	112	2224	0	3932	 ***
464	32	352	1072	160	352	112	3652	0	1868	
304	32	352	112	480	912	112	2320	0	3440	
1424	32	352	112	192	432	80	3636	0	1804	
624	32	112	480	720	0	1024	488	0	4584	
272	304	496	1396	32	240	4728	0	436	160	
84	688	80	192	32	352	752	1072	84	4728	
672	160	1024	368	192	32	0	432	5024	160	
0	400	1344	0	80	352	4848	496	112	432	
0	640	192	944	112	32	112	272	160	5600	
784	32	384	80	240	352	80	2416	0	3696	
464	32	352	480	836	352	112	896	624	3916	
80	480	308	592	580	832	624	564	4004	0	

64	32	672	944	560	0	224	1152	0	5732	 ***
256	3396	160	80	320	384	800	640	672	2672	
96	64	1360	160	320	1184	240	624	0	5332	
880	592	1552	352	320	1328	832	384	0	3140	
544	32	352	240	512	64	112	1072	2288	4164	
320	112	240	64	896	272	1184	1120	5172	0	
464	32	352	80	704	992	752	1568	0	4436	
192	752	912	64	640	32	1600	64	416	4708	
784	0	752	0	944	400	1264	160	1152	3924	
112	320	704	0	272	1088	880	640	784	4580	
160	576	32	304	32	800	672	832	1040	4932	
272	272	240	272	1456	1120	240	496	32	4980	
256	80	864	160	0	0	2016	624	5380	0	
464	32	352	720	672	1152	112	1744	0	4132	
464	160	512	80	1152	64	432	464	1648	4404	
192	576	432	1440	672	736	0	1248	3684	400	
1264	864	160	112	544	0	304	912	1360	3860	
336	64	0	320	80	1152	576	0	1232	5620	
464	192	512	80	1152	352	112	432	4420	1664	
32	32	336	0	352	1024	1040	5172	1360	32	
464	32	352	80	1152	352	112	592	4420	1824	
464	32	352	80	1344	352	912	4420	0	1424	
464	672	352	80	512	352	272	816	1248	4612	
80	192	464	176	80	1120	576	672	832	5188	
320	144	224	32	928	1152	320	960	0	5300	
464	2388	384	592	192	1440	160	800	384	2576	
752	320	784	0	272	240	32	5876	624	480	
512	912	944	192	192	1120	4212	960	112	224	
464	32	352	80	512	512	752	4100	0	2576	
352	640	784	624	80	80	320	32	1632	4836	
80	416	720	352	800	112	32	336	1632	4900	
1072	240	0	432	240	144	944	176	800	5332	
0	656	512	384	752	112	1312	32	1200	4420	
432	832	864	672	192	832	272	256	0	5028	
496	992	160	1120	0	320	160	1024	4356	752	
0	464	800	272	64	0	1024	912	800	5044	
1040	512	192	624	864	192	960	4900	0	96	
848	464	160	784	992	0	80	5540	352	160	
224	32	352	80	1184	32	1984	512	800	4180	

0	160	1040	224	224	1312	1392	1200	144	3952	 ***
80	80	0	64	320	0	2160	0	5984	960	
32	1024	992	80	1024	320	0	432	1056	4688	
144	0	1312	704	400	32	192	1120	880	4864	
64	0	672	736	560	0	432	1952	0	5232	
64	0	672	976	480	0	464	1872	0	5120	
704	0	640	864	400	0	2800	2208	0	2032	
32	80	640	784	400	0	912	4592	0	2208	
720	0	240	0	960	80	1152	640	2368	3488	
32	80	720	80	800	640	1872	4000	192	1232	
64	0	672	704	560	0	192	4864	0	2592	
160	32	448	912	80	32	400	32	2720	4832	
144	1152	832	272	912	1024	0	4608	0	704	
1808	1024	272	544	752	2208	0	0	384	2656	
256	0	1200	0	1424	304	432	0	352	5680	
224	1760	176	832	672	912	112	960	0	4000	
800	800	640	160	0	1104	2880	3264	0	0	

192	2304	480	0	32	0	864	1440	992	3120	 ***
0	160	880	384	272	832	1360	960	144	4432	
592	800	320	1808	80	352	640	864	160	3808	
160	0	1120	224	544	720	672	2080	464	3440	
320	800	2400	544	1312	240	0	1744	0	2064	
224	592	800	1152	1536	1024	1328	2768	0	0	
0	640	880	272	384	800	2832	1280	272	2064	
640	912	272	1200	864	320	896	800	0	3520	
80	480	160	2752	160	32	1552	0	1152	3056	
272	832	720	512	160	0	2096	3440	1072	320	
0	0	1520	464	304	672	720	4112	464	1168	
112	240	1584	320	480	80	1552	672	0	4384	
2768	512	80	1440	1280	0	2384	160	800	0	
0	160	1040	944	224	1040	640	1600	336	3440	
624	1024	1392	1072	144	1952	0	0	496	2720	
160	0	960	304	224	1024	640	2320	304	3488	
80	544	0	592	400	640	1360	4576	432	800	
800	752	752	0	2368	352	720	0	1536	2144	
384	352	480	2176	0	912	2336	1824	0	960	
304	704	1040	1344	1040	0	0	272	1600	3120	
800	800	480	1472	0	160	912	352	224	4224	

64	800	256	192	112	1040	1840	0	3136	0	 ***
80	320	640	32	640	192	1888	1440	0	2208	
336	480	0	240	800	0	800	2656	80	2048	
0	320	1232	1296	1360	304	0	2144	0	784	
1408	560	1264	240	0	352	0	768	432	2416	
704	0	144	944	592	480	864	0	224	3488	
160	320	496	112	320	784	112	2448	240	2448	
880	0	0	80	80	432	2304	0	2992	672	
32	1024	512	0	32	0	720	1568	1296	2256	
0	800	160	1072	400	272	432	3904	400	0	
544	0	272	32	464	0	1184	784	1216	2944	
0	0	800	1040	0	192	3408	752	400	848	
592	400	480	192	272	304	64	1344	0	3792	
192	1024	400	0	32	0	672	3744	864	512	
96	1024	400	0	192	0	720	1408	1456	2144	
32	1024	400	0	32	0	720	3056	832	1344	
192	80	560	384	160	1152	192	0	672	4048	
0	1056	480	0	192	0	720	3728	832	432	
0	352	720	80	80	640	160	80	1600	3728	
656	512	0	192	80	192	752	272	1952	2832	
1200	400	704	160	384	0	320	832	64	3376	
160	112	240	832	1872	0	320	2992	0	912	
960	400	80	1040	112	192	624	0	80	3952	
32	864	800	0	32	0	720	1440	1296	2256	
32	1216	640	0	32	0	720	1408	832	2560	
272	0	112	320	32	272	0	4768	784	880	
1872	160	272	480	0	160	1184	3072	160	80	
320	192	80	832	912	352	1040	0	160	3552	
240	80	944	992	160	480	1408	192	0	2944	
112	1184	400	32	32	0	752	1408	2256	1264	
0	80	592	1040	160	512	320	960	3632	144	
32	1216	512	0	32	0	720	1376	992	2560	
880	0	512	80	304	272	880	320	352	3840	
32	1024	640	0	32	192	720	1376	832	2592	
272	352	160	0	624	224	896	240	1616	3056	

0	512	2272	320	160	112	388	836	2980	0	 ***
64	800	512	272	356	672	792	0	3744	368	
0	1200	200	1424	0	1152	2612	352	320	320	
912	516	916	1696	272	0	1684	1184	400	0	
176	800	192	192	116	960	2208	164	1984	788	
256	1120	248	352	144	640	2256	528	2036	0	
68	800	192	196	192	404	816	2416	2496	0	
384	888	192	1428	224	1104	592	0	2768	0	
0	836	832	96	724	480	500	0	3952	160	
496	1280	1072	0	0	1640	0	1108	1872	112	
2484	1300	400	512	0	0	0	2000	0	884	
4	160	164	592	32	224	80	752	3812	1760	
0	832	116	400	400	1968	356	1988	0	1520	
64	800	240	224	192	800	2784	352	2040	84	
1096	1280	304	384	144	640	1200	0	2532	0	
1600	160	112	88	80	0	3664	1204	0	672	
112	832	560	0	704	240	2576	408	1828	320	
272	1476	276	112	80	480	1284	80	3520	0	
404	2036	436	1312	1152	160	1920	0	160	0	
144	800	224	192	512	640	512	2264	2292	0	
32	32	160	1696	1200	0	164	272	3032	992	
304	244	1188	432	980	1232	0	0	832	2368	
144	800	272	272	112	484	916	352	3732	496	
192	464	832	228	0	400	0	320	2480	2664	
4	160	272	480	512	1184	2612	1552	804	0	
64	808	320	272	224	720	672	736	3764	0	
548	800	0	660	832	272	3828	80	560	0	
240	480	592	324	592	356	2976	0	0	2020	
64	800	272	356	196	640	2640	384	2224	4	

192	164	0	672	352	960	1236	1152	352	4596	 ***
0	480	432	320	240	2064	196	1600	3464	880	
80	672	2224	1360	432	832	580	836	2660	0	
724	1312	192	0	2752	864	0	2512	440	880	
640	512	1232	320	480	112	468	1552	2376	1984	
640	832	432	400	160	112	196	1396	3204	2304	
0	512	592	2960	240	112	420	2020	2820	0	
464	784	676	0	948	1664	2672	0	832	1636	
320	672	432	960	320	192	548	1156	5076	0	
884	1040	240	1072	80	944	432	0	3380	1604	
992	912	2352	400	352	112	196	1476	2372	512	
360	1760	80	1120	0	960	2192	0	1652	1552	
2436	720	0	800	384	320	1944	2288	784	0	
832	512	2096	320	560	112	196	832	3736	480	
864	832	2208	1024	160	752	420	1076	2340	0	
240	512	432	1040	400	112	196	1476	4468	800	
176	1508	960	400	328	720	480	3584	0	1520	

32	308	432	512	992	964	3092	896	512	0	 ***
832	480	80	432	320	560	240	160	1640	2996	
1556	80	0	512	240	1776	480	160	676	2260	
516	960	624	0	516	592	512	832	480	2708	
36	640	276	880	560	0	560	2256	308	2224	
480	320	592	1236	432	560	116	1556	2448	0	
160	512	160	480	32	324	1680	160	404	3828	
400	1040	272	0	304	1152	992	360	84	3136	
240	352	784	432	964	0	1376	400	276	2916	
804	240	992	320	800	1156	0	352	388	2688	
192	160	0	672	352	480	1200	464	320	3900	
1456	416	1152	1344	552	240	308	0	2272	0	
660	164	1696	324	240	752	640	672	0	2592	
992	516	352	192	160	0	724	960	704	3140	
192	192	480	676	2016	272	640	0	480	2792	
320	352	400	160	752	0	1632	168	3764	192	
240	192	320	80	0	2064	240	112	1448	3044	
224	560	32	164	544	400	0	1312	728	3776	
564	80	564	560	564	464	0	432	1008	3504	
592	512	1152	240	512	324	1812	388	2208	0	
224	164	0	640	752	160	1236	352	320	3892	
272	544	400	192	2464	480	0	512	276	2600	
164	1152	240	880	112	384	864	596	404	2944	
160	884	656	276	1040	228	192	1392	2912	0	
192	164	0	800	80	352	1556	192	320	4084	
240	808	320	672	592	388	0	1120	0	3600	
276	0	2080	596	1392	756	112	0	2528	0	
640	432	728	0	1028	160	80	272	1408	2992	
480	192	1448	2128	276	1040	0	1376	800	0	
352	160	0	672	352	320	1312	352	320	3900	

32	276	432	592	832	996	2948	816	800	480	 ***
0	32	752	1316	560	432	3024	1332	352	404	
32	752	160	240	112	240	1504	164	3572	1428	
228	756	720	160	0	32	1232	3140	1504	432	
32	196	512	272	832	1316	2996	1248	480	320	
32	308	400	464	832	1284	2916	928	480	560	
560	0	672	640	432	352	1252	400	0	3896	
304	480	464	80	400	512	1604	512	548	3300	
1552	400	0	544	80	352	2744	752	1348	432	
544	640	272	160	560	404	3492	592	960	580	
1392	4	484	640	416	564	3968	544	0	192	
640	0	352	32	560	672	3140	1784	352	672	
0	544	2192	0	160	800	624	1044	944	1896	
0	160	512	756	944	352	832	2048	404	2196	
352	1264	1844	0	484	240	2276	800	592	352	
352	196	544	272	1296	964	3044	1056	480	0	
480	512	0	1120	272	384	2528	2124	384	400	
2384	640	388	1264	244	800	0	0	1696	788	
864	0	1200	640	2096	1104	1512	224	564	0	
672	0	272	484	356	320	3636	1040	320	1104	
320	356	480	304	832	964	3572	576	800	0	
64	388	400	272	832	1284	3044	896	512	512	
480	784	272	0	192	468	3968	484	1232	324	
64	244	400	272	784	964	3860	896	720	0	
0	992	2560	192	868	404	992	1360	836	0	
144	260	432	272	1344	964	3092	1216	480	0	
176	560	4	0	720	80	692	3988	1312	672	
64	496	192	160	352	240	1076	2340	800	2484	
480	672	0	1888	116	992	0	1892	1684	480	
160	1040	0	672	160	644	3492	1604	80	352	
832	400	640	672	432	792	2820	432	832	352	
1392	432	496	116	544	1264	2148	0	1572	240	
1152	2256	400	832	0	360	612	1856	736	0	
1024	676	432	352	80	944	1552	2900	244	0	

960	2544	480	240	36	112	672	400	1988	516	 ***
0	640	160	240	192	400	4056	788	960	512	
496	80	1380	880	480	320	320	3556	0	436	
160	84	400	672	400	2068	2432	532	320	880	
864	3184	0	960	596	192	36	564	0	1552	
1968	0	1360	992	480	0	0	912	1156	1080	
0	84	400	752	640	884	1504	896	320	2468	
800	1072	488	352	112	352	2916	0	1344	512	
192	436	432	912	560	884	3156	304	480	592	
1360	112	484	80	720	304	2776	1232	880	0	
248	160	0	784	196	1152	912	3008	0	1488	
192	84	160	0	320	2720	628	480	2768	596	
32	500	400	912	480	884	2996	512	640	592	
480	164	272	0	436	160	3348	352	544	2192	
160	200	400	592	544	884	3344	544	320	960	
0	1960	512	592	480	1044	1504	576	400	880	
112	1960	432	672	560	1284	1424	544	480	480	
4	640	0	512	944	196	3616	240	752	1044	
384	672	560	0	112	400	2984	0	240	2596	
244	880	304	560	400	432	1828	2468	832	0	
800	884	80	516	0	352	3456	304	400	1156	
32	164	400	752	560	884	1584	2612	320	640	
160	112	196	1504	960	1072	2064	0	912	968	
616	432	112	480	1488	1360	2740	720	0	0	
1316	548	160	432	592	240	2512	1152	996	0	
1104	512	0	436	720	624	2372	0	1508	672	
672	352	628	192	80	1200	3700	0	324	800	
724	432	564	1568	0	992	0	672	2240	756	
0	164	400	704	400	1044	3232	1124	320	560	

640	436	512	240	116	592	704	432	3536	596	 ***
640	2112	480	240	196	688	672	436	1824	516	
68	3184	960	512	64	560	0	1392	756	308	
80	244	596	144	404	192	2848	432	2592	272	
480	2080	480	240	4	340	752	432	2320	676	
512	592	2304	1200	740	0	1232	272	952	0	
272	240	592	0	752	624	3184	916	0	1224	
480	1072	516	240	36	272	752	400	1696	2340	
832	432	480	272	36	912	800	560	544	2936	
32	516	404	352	932	0	192	512	2240	2624	
80	432	32	0	196	384	272	2788	2944	676	
480	784	544	240	276	112	704	436	1904	2324	
352	64	320	0	384	240	912	624	4028	880	
912	672	272	2320	0	624	0	548	2052	404	
480	2308	404	800	544	192	480	1440	0	1156	
480	1904	480	240	36	864	672	436	2064	628	
592	2240	672	272	596	436	496	0	1424	1076	
656	2916	240	1120	864	196	516	384	912	0	
480	784	480	240	196	352	672	436	3568	596	
116	820	480	80	1104	320	960	672	2900	352	
384	352	560	464	324	564	2388	32	2432	304	
400	432	704	0	144	244	0	352	1684	3844	
2096	400	308	640	0	0	560	1396	1588	816	
384	2548	808	192	240	224	240	0	2704	464	
304	2112	400	400	704	192	160	744	2228	560	
384	868	36	400	320	112	592	1264	3828	0	
480	784	640	432	36	112	704	512	1780	2324	
480	912	480	240	196	112	832	496	3508	548	
96	2128	272	0	512	704	804	1028	1428	832	
324	272	324	80	2368	304	400	400	2548	784	
480	2128	784	944	0	512	324	1284	1264	84	
272	160	272	352	1392	240	240	196	2464	2216	
480	2160	640	240	36	112	736	480	2212	708	
164	2148	672	144	400	224	964	0	2368	720	
864	2032	228	464	836	400	384	2436	160	0	
672	512	592	240	36	464	672	592	1716	2308	
640	788	576	240	84	112	752	560	3536	516	
196	324	192	272	816	752	880	352	2948	1072	
160	512	272	272	2596	864	112	832	2024	160	
480	1184	640	320	36	112	672	432	1588	2340	

560	272	64	272	404	480	2032	0	3820	1632	 ***
480	1168	720	432	1488	640	3504	0	144	960	
144	1124	0	964	160	1680	2032	0	800	2632	
960	276	432	752	1024	720	1232	392	3748	0	
320	960	480	80	36	992	1072	672	3448	1476	
400	400	480	976	36	592	624	564	2032	3432	
1204	720	400	144	240	1184	912	432	3708	592	
1904	0	164	0	640	0	2144	3772	80	832	
640	80	384	400	160	400	3416	1364	2340	352	
0	804	720	576	160	800	3232	352	0	2892	
400	2512	512	80	0	1076	672	1312	1900	1072	
480	276	560	160	36	276	1312	2016	1824	2596	
2196	308	2432	192	672	320	308	0	3108	0	
996	400	964	192	1312	416	0	432	3512	1312	
400	276	484	720	356	960	752	1536	1584	2468	
560	400	480	240	36	512	1072	1072	3000	2164	
112	800	32	80	1072	0	5244	1792	320	84	
240	640	1280	480	320	384	272	320	3948	1652	
752	0	752	320	148	352	1872	880	3544	916	
640	1072	480	80	164	432	672	992	3772	1232	
512	484	32	912	432	0	804	1344	4260	756	
1104	912	248	992	468	960	752	0	2948	1152	
560	272	400	640	800	160	912	32	4956	804	
320	400	480	724	644	272	1552	1104	3448	592	
640	404	480	80	1060	944	676	1072	3360	820	
724	80	416	240	480	784	1544	2240	3028	0	
272	256	1280	356	0	1204	672	1480	3856	160	
112	640	112	240	832	0	1552	4924	480	644	
720	560	480	160	0	2836	1472	992	1228	1088	
320	1604	804	112	196	272	752	464	4416	596	
672	240	240	160	880	800	3404	192	2784	164	
1200	1392	548	112	484	240	432	0	3408	1720	
32	1552	240	192	512	0	80	708	4940	1280	
960	560	1124	80	0	948	2304	656	2312	592	
32	852	1920	1120	324	912	1264	328	2784	0	

592	1220	32	272	408	560	1952	0	3012	1872	 ***
80	240	720	724	544	724	480	912	2852	2644	
1312	240	36	672	436	560	3412	0	1460	1792	
752	0	1348	720	0	84	0	1952	1332	3732	
1072	0	1232	272	84	0	1844	3320	992	1104	
0	740	404	1456	80	80	3144	1280	0	2736	
1524	304	32	432	436	480	1792	0	1748	3172	
560	512	32	112	516	480	2672	0	2772	2264	
1120	1008	148	272	404	1200	2512	0	1704	1552	
324	240	32	352	404	480	2544	640	3368	1536	
32	0	1552	1104	724	160	1360	240	4508	240	
512	752	384	1952	164	1024	912	644	3576	0	
0	640	84	64	160	0	1632	3380	2580	1380	
720	432	640	672	564	0	1984	624	3660	624	
676	320	32	592	404	480	3808	0	2216	1392	
0	320	1940	880	80	1952	392	0	112	4244	
596	464	112	432	564	480	2624	720	2536	1392	
1280	480	160	0	4	80	1872	2964	0	3080	
836	432	32	1504	404	592	3056	0	1592	1472	
0	164	432	160	640	320	3352	1360	2852	640	
112	436	1072	1120	644	240	900	2784	2612	0	

756	1056	720	1920	160	0	164	112	3480	1712	 ***
64	720	1620	240	0	112	0	5080	1444	800	
432	1616	116	560	1316	224	64	1040	1200	3512	
672	224	32	1668	520	560	2112	0	2660	1632	
592	304	32	272	488	1476	2512	0	3428	976	
916	1872	0	800	80	32	836	320	820	4404	
1744	272	276	720	0	404	992	0	3480	2192	
720	1636	944	1124	672	160	352	704	2808	960	
512	512	400	0	912	84	1696	144	3740	2080	
192	1744	192	432	1956	304	2588	1360	1312	0	
704	912	32	272	408	512	1876	0	4292	1072	
672	32	1800	880	992	240	4308	1076	0	80	
720	3220	992	144	580	0	640	1508	4	2272	
736	160	32	1668	488	640	1952	0	3172	1232	
32	1476	192	164	544	512	800	880	4168	1312	
80	1748	0	1232	756	880	3604	964	160	656	
624	192	340	272	408	640	3344	0	2628	1632	
4	1312	1508	160	724	912	432	144	1584	3300	
32	1360	0	480	272	224	5224	1524	884	80	
592	160	180	1232	408	560	2064	0	2500	2384	
512	480	1552	272	464	80	864	0	3436	2420	
864	320	112	272	408	672	3264	0	2536	1632	
1504	1428	32	272	488	560	1792	352	2740	912	
592	160	192	112	1080	560	1264	2696	2864	560	
112	160	1392	36	0	720	752	1072	5436	400	
112	576	1588	640	640	1520	3796	648	560	0	
272	1360	64	160	308	1952	836	864	3400	864	
624	308	32	272	520	1476	2112	0	2704	2032	
32	320	0	868	32	36	32	960	2240	5560	
624	240	32	1072	440	560	1908	0	2660	2544	
672	1152	0	192	836	1956	112	0	1776	3384	
1536	192	832	272	408	560	1872	0	2856	1552	
464	1152	676	160	560	0	836	2912	3160	160	
672	468	32	272	1160	560	3344	0	2660	912	
592	1284	32	672	408	640	2192	0	3108	1152	
80	1984	640	912	912	0	80	644	4268	560	
1232	1348	32	464	472	560	1792	0	3268	912	
656	512	0	320	868	560	1076	1552	3256	1280	
384	1472	1104	272	1200	400	352	1396	3500	0	
592	192	672	432	440	1476	4068	0	1504	704	
704	308	752	272	408	640	1792	0	2660	2544	
592	1312	1712	352	1428	276	0	244	3460	704	
1712	1952	0	1072	1184	360	432	1664	1620	84	

676	896	240	1200	320	0	112	400	4712	1440	 ***
80	640	672	0	800	272	1072	80	5388	992	
756	1216	320	1472	1120	0	160	80	1648	3224	
756	1728	240	1920	276	0	320	196	1088	3472	
640	112	400	992	592	0	0	640	5276	1344	
84	912	832	400	272	720	160	0	4072	2544	
640	1152	224	80	160	1684	640	5176	160	80	
720	672	3236	0	708	1520	2996	0	0	144	
352	640	1632	112	160	32	196	0	4920	1952	
240	224	32	720	1440	1200	0	944	5004	192	
352	320	0	992	400	672	640	640	5308	672	
832	80	432	2868	804	192	4116	0	672	0	
640	112	832	32	240	0	1600	320	5416	804	
756	720	80	624	400	0	640	400	3784	2592	
320	800	0	32	352	0	800	784	5356	1552	
0	80	960	0	352	1792	68	1968	3976	800	
0	304	160	160	1280	240	468	0	4696	2688	
760	1088	240	1920	352	0	160	432	2640	2404	
756	1776	400	1312	160	0	160	80	1568	3784	
1200	0	240	1520	64	0	272	912	4120	1668	
244	192	32	800	240	0	5592	832	0	2064	
2224	32	164	0	0	992	1984	240	0	4360	
1360	0	160	192	80	1636	720	4952	0	896	
756	1056	400	1280	832	0	160	80	1840	3592	
144	800	32	1600	480	0	592	0	5352	996	
32	672	1600	0	0	1200	1120	272	4264	836	
756	1056	880	1280	192	0	800	560	3112	1360	
800	80	912	0	1824	32	160	2932	3256	0	
592	672	0	80	0	480	752	2496	4808	116	
756	896	240	1392	480	112	240	160	3400	2320	
160	912	1824	0	704	960	0	4152	804	480	
80	0	0	720	320	960	1280	912	4264	1460	
0	0	800	560	160	80	1552	4328	708	1808	
112	2000	672	384	868	1908	0	0	3332	720	
32	192	800	640	640	880	0	32	4920	1860	
592	0	640	0	80	720	624	84	2224	5032	
836	1376	272	1440	800	0	320	80	3320	1552	
640	1072	0	352	1392	80	5340	0	320	800	
32	0	1472	432	0	320	1120	1280	5340	0	
1716	32	160	32	240	160	2992	272	4392	0	
916	1136	240	1280	160	32	1200	720	3000	1312	

640	896	240	1120	320	0	432	312	2800	3396	 ***
400	160	480	0	64	1232	1440	864	0	5516	
592	704	160	1040	880	1280	272	0	4748	480	
752	896	400	1120	480	0	464	160	2564	3320	
704	1012	240	2836	640	0	272	160	2688	1604	
624	1440	1244	272	0	352	0	272	5792	160	
192	160	1120	0	432	0	2080	32	1104	5036	
320	32	0	320	800	432	160	5068	2272	752	
592	1120	80	704	0	1280	0	1232	5036	112	
2268	432	320	0	1040	320	976	2720	2080	0	
1392	80	1312	720	0	596	864	4840	0	352	
900	896	400	1120	1520	0	112	160	3528	1520	
0	160	0	432	720	720	5084	1696	944	400	
32	1440	0	0	192	1200	1152	352	4684	1104	
784	896	240	1440	320	0	112	160	2884	3320	
1120	0	192	1360	160	0	864	752	5068	640	
512	1472	864	0	1440	672	4396	800	0	0	
240	144	1360	1280	916	1200	80	4936	0	0	
672	896	400	480	320	640	192	160	3088	3308	
0	272	0	992	0	1312	400	3148	3920	112	
708	1616	320	1120	320	0	1184	160	3288	1440	
640	624	560	0	752	1072	0	3916	1040	1552	
144	276	1520	352	80	0	2160	800	4824	0	
1368	512	80	320	1860	0	1680	672	3664	0	
704	896	560	1120	480	0	192	160	2688	3356	
784	1604	672	720	1512	1264	0	3120	0	480	
756	896	240	2836	320	0	304	480	2804	1520	
0	0	1444	1440	2832	320	1888	1896	0	336	
0	112	0	0	1236	1672	3728	32	352	3024	
672	896	240	1200	320	0	272	2028	3088	1440	
112	1072	112	0	720	0	320	1040	4028	2752	
80	1636	832	0	560	0	992	1440	4392	224	
996	0	304	0	672	352	1120	800	5032	880	
672	896	240	1120	320	80	272	160	3276	3120	

1072	832	1156	788	0	400	0	944	1488	2040	 ***
1324	720	112	0	0	592	992	80	4020	880	
112	864	320	640	160	0	976	364	2048	3236	
0	224	244	756	1236	0	1536	80	1568	3076	
80	224	240	640	160	0	2472	596	2624	1684	
240	880	192	0	84	32	112	1072	4588	1520	
560	32	640	240	0	112	512	0	4604	2020	
80	228	192	640	192	0	1424	516	2368	3080	
80	1440	164	0	0	112	1312	640	3668	1304	
0	1200	1152	1372	0	196	0	80	3968	752	
720	368	160	720	164	0	1108	436	3120	1924	
0	224	160	1236	272	968	592	512	2320	2436	
960	0	2112	1152	384	0	192	3568	0	352	
1200	960	40	0	1316	0	640	80	4244	240	
244	0	80	0	0	960	816	80	3148	3392	
0	224	464	640	160	80	1344	160	2412	3236	
192	240	80	1072	112	0	496	1044	800	4684	
640	720	1564	80	896	164	2704	752	1200	0	
0	0	644	240	880	80	628	1360	2992	1896	
320	432	164	1440	672	272	0	80	3756	1584	
32	224	240	1276	160	0	592	320	3392	2484	
272	1532	0	240	0	0	352	800	3984	1540	
0	80	992	80	1560	0	640	1396	2660	1312	
0	304	240	720	160	80	1624	352	2320	2920	
0	1120	80	944	112	1668	272	80	160	4284	
0	160	240	112	1040	160	160	2240	84	4524	
80	160	320	84	112	320	240	196	3696	3512	
80	400	640	320	640	240	228	0	2564	3608	
800	1680	1236	0	80	32	320	240	3852	480	

1360	80	32	80	0	240	160	0	4584	1280	 ***
480	2272	352	160	0	0	4552	0	0	0	
432	752	240	116	0	320	4164	320	352	1120	
0	0	0	1344	1444	0	0	0	5028	0	
432	752	240	756	80	320	0	240	896	4100	
80	720	160	640	272	0	0	948	4996	0	
160	192	0	80	0	0	1120	160	5192	912	
432	832	320	276	0	400	0	272	4164	1120	
800	0	80	0	0	0	1472	4872	0	592	
80	0	160	640	0	0	1200	5032	0	704	
80	0	32	0	1380	0	0	1956	160	4208	
432	912	240	116	0	560	0	240	224	5092	
320	0	192	0	0	80	0	0	2228	4996	
0	1440	80	512	0	0	480	0	5272	32	
432	832	240	116	0	400	0	272	4212	1312	
0	320	960	0	80	0	32	0	1392	5032	
352	752	628	116	0	320	0	400	4128	1120	
0	720	1024	160	32	160	0	5000	720	0	
80	0	32	32	0	240	160	912	800	5560	
0	160	1072	80	160	0	32	884	5428	0	
160	0	0	0	320	3268	512	320	3236	0	
160	640	240	0	836	480	0	0	4788	672	
0	752	240	160	80	0	0	1152	160	5272	
0	1700	112	0	0	32	0	640	400	4932	
80	160	160	992	0	0	0	0	5320	1104	
1280	400	0	0	400	512	160	0	5064	0	
432	752	400	116	0	400	0	240	640	4836	
432	752	240	756	160	400	0	240	0	4836	
592	832	240	196	0	400	0	240	224	5092	
0	32	320	800	80	0	3140	0	3364	80	
240	0	0	1620	272	352	880	0	4452	0	
480	272	0	480	32	756	720	0	5076	0	
0	0	0	32	800	80	0	1188	5396	320	
432	752	320	276	0	400	0	272	4244	1120	
480	32	912	0	160	0	320	1040	3956	916	
592	832	948	116	0	400	0	272	3536	1120	
160	0	0	0	0	960	0	4760	1104	832	
0	224	0	160	1200	592	0	720	2500	2420	
0	0	640	64	0	320	0	1712	4920	160	
800	0	112	160	400	868	160	0	5316	0	
1680	640	160	160	0	0	352	400	4424	0	
960	512	592	272	0	0	0	5448	0	32	
432	832	948	276	0	320	0	240	3488	1280	

160	720	400	0	548	1040	0	640	5112	160	 ***
160	640	112	800	960	80	0	2740	3288	0	
0	0	0	0	0	3176	0	1360	240	4004	
160	0	3384	80	32	240	0	0	160	4724	
640	272	720	160	752	1000	432	0	4804	0	
924	0	640	400	0	320	80	1504	4912	0	
240	800	1136	480	320	0	80	720	5004	0	
672	0	320	0	880	0	3412	1120	2376	0	
160	80	0	2232	160	0	0	160	2416	3572	
960	160	0	240	880	0	3384	1796	1360	0	
0	80	160	240	800	880	672	756	5192	0	
0	80	192	320	1360	832	2500	160	3256	80	
960	640	80	32	272	800	0	2736	3256	4	
800	800	32	752	80	484	160	0	4312	1360	
1280	112	192	160	0	244	1440	0	3656	1696	
1360	160	0	160	160	0	2900	32	3048	960	
640	720	160	32	80	0	1200	240	3448	2260	
400	0	720	80	0	800	3236	0	160	3384	
80	320	992	0	192	960	0	0	2820	3416	
3336	720	0	880	320	320	0	1508	1696	0	
0	3384	640	720	0	240	1668	0	0	2128	
964	720	32	240	160	0	0	0	5560	1104	
0	0	80	960	992	32	80	800	4556	1280	
640	80	84	240	80	1072	992	0	4312	1280	
640	560	164	160	0	0	1776	160	4600	720	
720	0	0	756	0	1680	160	1156	3796	512	
80	160	272	480	160	160	0	640	5228	1600	
3144	352	0	1520	0	0	0	240	4	3520	
240	0	640	800	192	0	1636	160	5032	80	
32	1360	1120	400	0	160	0	0	3288	2420	
960	880	0	80	480	640	516	560	4664	0	
800	2384	0	1320	160	32	0	0	3444	640	
192	400	0	912	720	0	80	2400	4076	0	
0	0	320	880	112	0	80	3824	0	3564	
160	32	400	0	0	720	800	3472	3196	0	
800	0	240	160	0	1520	3288	2688	4	80	
1284	112	32	960	160	240	240	0	4312	1440	
960	160	0	356	0	0	1120	3048	3136	0	
32	80	160	160	800	0	1232	160	5960	196	
240	1076	0	1188	0	800	0	800	4676	0	
736	0	80	320	640	1120	160	0	4440	1284	
160	872	112	0	1520	0	2304	0	3380	432	
752	80	720	32	3032	0	480	404	3280	0	
0	0	960	240	0	80	3496	160	3844	0	
32	432	80	0	0	160	1664	0	3740	2672	
720	160	68	720	320	240	320	0	4312	1920	

484	1312	1520	240	0	832	80	4232	32	0	 ***
32	0	464	1392	80	240	4408	84	640	1392	
80	80	912	0	0	0	944	2548	3928	240	
352	720	160	80	112	880	0	2800	3468	160	
352	1280	640	272	160	0	0	3828	2200	0	
240	720	160	160	32	272	0	2160	4828	160	
480	1360	240	32	32	160	752	672	4924	80	
0	240	0	400	0	1280	1184	800	4028	800	
640	672	160	240	2068	720	3720	240	192	80	
0	0	2308	1280	592	192	884	0	3476	0	
0	240	0	2340	640	1076	320	160	3316	640	
752	80	0	144	832	880	1160	960	3924	0	
1600	1736	0	800	0	0	160	912	3204	320	
192	640	192	192	0	912	80	1396	2968	2160	
84	640	240	1440	0	800	3092	144	2292	0	
400	752	160	0	752	484	0	1440	4584	160	
0	240	80	0	0	80	4372	1604	164	2192	
1940	0	0	112	0	0	880	4052	436	1312	
84	800	80	992	0	996	0	4148	800	832	
160	752	240	320	32	240	720	640	4828	800	
272	720	192	720	32	320	0	800	4924	752	
0	1520	720	240	708	0	2464	0	276	2804	
880	0	0	240	1440	880	420	720	4004	148	
320	432	640	640	0	352	0	640	5544	164	
0	0	36	0	1360	916	1392	800	4148	80	
160	0	2436	0	0	640	0	1924	880	2692	
112	80	640	320	192	1360	672	0	1188	4168	
32	272	80	160	404	1360	356	0	5428	640	
672	80	640	720	192	480	724	1040	4184	0	
112	640	0	640	356	992	676	672	4004	640	
304	80	2240	0	160	80	4072	0	404	1392	
1156	0	432	0	0	0	1200	0	5064	880	

672	32	160	916	640	160	112	4252	624	1792	 ***
0	0	1280	0	1716	640	752	324	3928	720	
640	0	512	832	0	0	4152	3224	0	0	
800	144	276	0	352	640	80	6108	960	0	
192	1144	0	224	640	0	0	3812	3348	0	
800	160	880	640	0	80	6256	0	384	160	
192	1472	880	160	160	916	32	4876	672	0	
160	1472	912	160	32	832	320	4752	720	0	
640	160	640	1044	0	0	1944	4068	864	0	
0	2628	960	644	1764	160	80	3124	0	0	
480	1280	880	352	0	832	80	4780	0	676	
640	192	640	0	240	1536	1284	4508	320	0	
640	0	1668	832	0	0	320	4140	240	1520	
432	1280	0	640	112	32	4596	0	2268	0	
320	1748	0	0	324	0	992	4344	1440	192	
112	0	0	1600	640	244	0	4508	0	2256	
432	240	880	1280	960	4	0	4540	0	1024	
160	1956	0	992	320	0	0	2276	160	3496	
320	1312	1204	80	0	1392	272	4780	0	0	
160	0	992	0	160	644	2520	4244	640	0	
2292	0	640	992	160	0	80	1272	3844	80	
1344	0	0	1360	0	0	1780	160	0	4716	

80	0	0	992	0	800	0	0	3572	4124	 ***
0	240	0	1040	160	960	640	4316	68	2144	
80	0	2336	160	0	1784	0	2984	0	2224	
480	0	0	80	160	0	640	3384	320	4504	
0	832	1504	960	1520	160	640	3952	0	0	
800	0	672	0	160	0	352	4184	80	3320	
352	640	80	80	0	192	656	5884	0	1684	
0	160	1252	0	192	0	2816	4348	0	800	
160	192	640	320	160	160	0	2728	160	5048	
640	192	160	996	0	480	32	4156	1392	1520	
0	192	1120	0	160	160	0	2824	4472	640	
1104	32	160	916	0	160	192	3980	864	2160	
400	0	0	0	2820	480	0	2852	3016	0	
800	0	0	160	0	2420	1780	832	0	3576	
1200	0	0	512	1280	160	0	2216	0	4200	
672	80	32	560	0	0	6064	2160	0	0	
832	32	320	996	0	160	64	4380	1104	1680	
800	32	1120	1636	0	1536	672	3772	0	0	
0	480	160	0	0	320	5776	960	1872	0	
160	0	0	0	2424	1632	0	4360	800	192	
800	640	32	192	1376	0	0	4108	960	1460	
0	160	0	160	640	0	160	3628	80	4740	
2372	480	0	0	160	0	640	1040	4876	0	
320	800	0	800	0	0	3916	2900	672	160	
672	32	160	948	160	320	112	4620	1344	1200	
912	544	160	1076	0	160	112	4380	704	1520	
0	832	1392	4	320	192	0	4588	1600	640	
640	2196	32	1280	0	1104	0	0	0	4316	
272	800	432	708	480	672	160	4284	0	1760	
160	0	0	1824	160	960	112	4272	2080	0	
32	1280	1428	400	0	0	192	3972	0	2264	
672	64	320	916	0	160	272	4140	1184	1840	

80	160	320	836	240	1440	0	1464	1904	4152	 ***
0	0	640	96	1120	1760	720	640	1584	4036	
2112	960	160	592	240	0	32	640	1980	3880	
1152	352	0	564	800	640	0	2452	112	4524	
1344	1600	80	0	0	0	4052	720	2800	0	
404	0	0	164	0	1584	160	0	4228	4056	
0	2016	0	0	160	2036	80	240	2144	3920	
320	192	352	0	0	480	0	640	6116	2496	
400	0	0	832	80	804	0	2228	2100	4152	
1680	1104	160	1240	884	96	0	3968	1464	0	
1920	240	960	752	160	2248	0	2228	2088	0	
0	2500	0	2144	4	1152	160	3320	432	884	
720	32	1600	272	0	0	1952	720	944	4356	
720	880	32	544	0	592	640	4220	2648	320	
0	1072	80	0	640	80	644	1680	2500	3900	
1280	112	992	1760	1264	352	800	4036	0	0	
0	480	0	800	192	224	320	1440	2980	4160	
160	352	0	0	0	1536	1604	1424	1360	4160	
2240	384	160	192	192	0	644	0	2192	4592	
1520	208	880	324	400	0	0	672	6272	320	
80	800	0	832	68	1040	0	0	3268	4508	
80	116	0	1600	400	800	1496	0	1904	4200	
0	1120	1556	0	0	564	3848	1744	292	1472	

0	1760	592	720	512	0	0	3096	2332	1072	 ***
304	1444	800	1120	0	320	640	3072	0	2384	
752	160	0	516	80	1440	0	1956	1184	3996	
0	160	0	200	720	800	0	4108	2784	1312	
1152	0	672	784	672	0	1072	0	640	5092	
32	320	0	1280	276	352	5468	112	272	1972	
80	160	4	352	720	1792	0	1184	1824	3968	
2892	352	32	160	0	1040	992	1280	3336	0	
80	160	0	196	244	1440	0	4188	1824	1952	
352	1632	1664	992	0	0	328	2348	240	2528	
80	800	160	196	80	1440	0	4188	1824	1316	
80	800	0	356	84	1440	0	1536	1792	3996	
160	400	0	800	320	836	2700	1440	0	3428	
196	36	272	80	160	880	1156	4344	320	2640	
32	640	1780	80	160	644	112	832	160	5644	
80	160	0	196	80	1440	640	4028	1824	1636	
112	160	0	196	80	1440	0	1952	2148	3996	
640	880	1760	0	192	4	160	2412	160	3876	
800	0	32	2000	0	0	164	3932	192	2964	
640	800	640	640	832	352	2012	1076	32	3060	
0	0	196	516	160	1440	80	1480	1760	4452	
0	0	1072	0	1780	0	1120	5132	980	0	
1552	0	1128	1376	0	352	0	4204	192	1280	
800	0	0	160	644	32	1188	2520	4500	240	
0	640	0	804	1312	564	1504	800	672	3788	
240	1280	0	400	480	672	4536	112	0	2364	
0	640	640	708	704	1280	244	1604	640	3624	

