#104514	435874	330645	0	0	 83 ***
#105579	429715	330645	0	0	 81 
#105645	426413	330645	0	0	 53 
#104787	432261	330645	0	0	 29 
#104478	438049	330645	0	0	 27 
#105567	431740	330645	0	0	 9 
#105597	427763	330645	0	0	 9 
#105617	426840	330645	0	0	 2 

105506	422627	331743	38	1356	 95 
104317	427826	331743	29	643	 89 
105409	422776	331743	973	40992	 86 
104323	426803	331743	25	868	 84 
104313	425093	331743	34	1047	 83 
105446	421401	331743	972	41133	 81 
105401	421674	331743	975	41187	 75 
104308	425102	331743	36	1199	 67 
105434	421320	331743	975	41452	 66 
104321	427930	331743	25	847	 65 
104300	425738	331743	36	873	 61 
105402	423515	331743	968	41069	 59 
104298	427441	331743	980	41696	 56 
104312	425534	331743	32	895	 55 
105485	418646	331743	976	40755	 51 
105416	420933	331743	981	41376	 48 
104306	427478	331743	34	1078	 45 
105439	419206	331743	980	41642	 44 
104320	431223	331743	28	510	 44 
104304	430321	331743	33	1226	 43 
104321	427340	331743	27	755	 40 
105417	421882	331743	971	40819	 39 
105394	421957	331743	977	41570	 35 
105444	422432	331743	563	23419	 30 
105434	420355	331743	976	41313	 29 
104817	422679	331743	974	41466	 27 
104302	425195	331743	36	643	 22 
104316	424108	331743	34	1032	 20 ***
105481	421258	331743	965	41223	 19 
104313	429335	331743	29	488	 17 
105434	423101	331743	965	41301	 9 
105394	422456	331743	980	41492	 8 
105455	418716	331743	974	41382	 8 
105450	421435	331743	967	41230	 8 
105454	419596	331743	972	41259	 7 
105414	423033	331743	969	40950	 6 
105413	421497	331743	974	40904	 5 
105409	423247	331743	971	40598	 3 
105423	420868	331743	981	41761	 3 
105438	423593	331743	575	24428	 3 
104309	425849	331743	31	544	 0 

104140	425191	330379	966	40898	 98 
105369	414364	330379	967	40702	 92 
105313	414718	330379	970	40671	 91 
104194	417423	330379	42	1130	 91 
104196	416631	330379	45	1419	 88 
104189	417509	330379	45	1286	 85 
104179	418397	330379	45	1331	 77 
104201	417096	330379	26	653	 74 ***
104197	419594	330379	37	1157	 73 
104190	421252	330379	43	1156	 71 
104189	420701	330379	44	1232	 70 
104191	418958	330379	42	1136	 66 
104164	424384	330379	969	41114	 64 
104199	416717	330379	42	1600	 59 
105350	415501	330379	946	40064	 55 
105356	412707	330379	969	41145	 53 
104198	417496	330379	37	1535	 48 
105316	414780	330379	949	40451	 46 
104190	418419	330379	43	1408	 46 
105387	416745	330379	30	1140	 44 
104191	420889	330379	41	1126	 42 
104196	418765	330379	41	1584	 39 
104138	422803	330379	970	41033	 29 
104193	415852	330379	46	1340	 26 
104188	421623	330379	38	1267	 22 
104196	416666	330379	45	1187	 21 
105313	414777	330379	967	40404	 17 
104195	417419	330379	44	1166	 17 
104191	420491	330379	42	1141	 7 
104196	417333	330379	43	1156	 5 
104188	415960	330379	46	1491	 2 

105035	406107	322844	964	40541	 80 
103908	412022	322844	36	1121	 75 
103840	412378	322844	968	40657	 73 
103865	412459	322844	959	40595	 70 
105084	407401	322844	957	40121	 67 
103913	408728	322844	9	96	 65 ***
103901	413497	322844	37	1609	 64 
103911	417356	322844	34	1045	 63 
104968	407474	322844	957	40160	 60 
103915	408597	322844	13	470	 60 
103908	412869	322844	36	1304	 52 
105063	407608	322844	956	40143	 51 
105014	407223	322844	963	40821	 41 
103919	407787	322844	39	1252	 37 
103880	408534	322844	959	39869	 27 
105050	405324	322844	960	40386	 21 
103907	411776	322844	37	1159	 9 
103912	415127	322844	33	1030	 5 
105010	404872	322844	966	40664	 4 

104912	397781	321079	952	39627	 95 
104840	399053	321079	953	39727	 92 
103741	402414	321079	42	1087	 85 
104847	398261	321079	951	39059	 59 
103692	403994	321079	952	39877	 53 
103742	404230	321079	40	1039	 48 
104857	397147	321079	955	39595	 45 
103745	400817	321079	42	1116	 41 
103728	400089	321079	44	1455	 35 ***
104940	407189	321079	27	497	 33 
104860	397939	321079	926	39108	 30 
103742	401635	321079	41	1085	 26 
103667	403224	321079	955	39897	 25 
104892	398829	321079	922	39043	 18 
104844	397479	321079	954	39975	 17 
104821	399445	321079	951	39643	 15 
103738	405811	321079	32	1217	 15 
104839	399873	321079	946	39387	 12 
104809	399788	321079	959	39711	 10 
104874	400054	321079	566	23485	 6 
104917	399485	321079	480	20417	 4 

103625	395808	321290	952	39441	 98 
104831	393976	321290	924	39228	 98 
104799	393337	321290	945	39870	 97 
104791	394765	321290	926	39026	 97 
104792	392170	321290	947	39538	 97 
104770	394710	321290	945	39143	 94 
104024	395001	321290	946	39581	 93 
104768	394643	321290	946	39793	 92 
104832	393163	321290	945	39557	 92 
103607	400295	321290	954	39801	 91 
104780	393668	321290	946	39670	 72 
104749	394898	321290	926	38915	 70 
104805	389688	321290	951	39828	 65 
104771	394614	321290	929	39402	 64 
104842	394126	321290	40	1227	 63 
104834	392758	321290	946	39468	 62 
104871	392955	321290	944	39799	 62 
104789	392655	321290	948	39333	 61 
103627	402259	321290	950	39816	 51 
103644	395079	321290	11	476	 51 ***
104798	390793	321290	949	39491	 47 
103636	396473	321290	23	798	 44 
104785	394957	321290	537	22006	 41 
104853	393936	321290	45	1108	 36 
104223	393229	321290	948	39719	 34 
104859	392658	321290	945	39013	 33 
104798	394297	321290	922	38870	 21 
104804	391818	321290	947	39060	 18 
104784	393433	321290	941	39432	 16 
104768	393808	321290	947	39587	 15 
104800	390689	321290	951	39599	 15 
104758	391627	321290	950	39701	 13 
104795	394490	321290	924	38797	 3 

103920	387906	318893	944	39266	 98 
103409	394065	318893	26	729	 88 
104563	389402	318893	914	38432	 84 
103397	389899	318893	34	968	 80 
104536	388681	318893	921	38535	 79 
104490	388934	318893	941	38602	 78 
103341	391572	318893	946	39160	 77 
104595	386815	318893	939	38740	 73 
103375	390511	318893	943	38855	 73 
103396	390855	318893	33	1180	 70 
103779	388156	318893	944	38837	 68 
103391	394413	318893	34	1160	 65 
104560	387757	318893	938	39254	 63 
104533	388299	318893	941	39322	 63 
104573	386975	318893	938	38645	 59 
104596	386472	318893	941	38881	 56 
103397	389450	318893	37	1228	 56 ***
103341	391884	318893	942	38991	 55 
104545	388086	318893	937	39112	 55 
104584	387147	318893	918	38593	 54 
103383	392657	318893	35	1197	 51 
103400	391223	318893	32	936	 46 
104549	387900	318893	931	38759	 45 
103392	392568	318893	33	945	 44 
104501	385769	318893	943	39253	 39 
104493	388749	318893	941	39250	 37 
104508	388360	318893	940	39295	 36 
104509	386831	318893	942	38664	 36 
104579	388975	318893	919	38389	 30 
104540	387991	318893	940	39024	 30 
103397	393527	318893	30	567	 28 
104557	388553	318893	922	38641	 26 
104573	387275	318893	924	38937	 11 
104550	386557	318893	940	38630	 11 
104586	388382	318893	36	976	 11 
104565	387684	318893	939	39026	 9 
104535	386332	318893	942	38813	 7 
103385	391191	318893	36	1227	 7 
104567	387094	318893	939	39285	 5 
104591	387043	318893	917	38269	 4 

103450	388219	320601	33	1045	 100 
104579	384661	320601	938	38232	 97 
104575	382035	320601	949	39200	 96 
103396	387523	320601	945	38740	 96 
103449	385963	320601	36	1232	 94 
104605	383851	320601	934	39046	 91 
103446	387548	320601	38	1061	 90 
104652	383779	320601	38	974	 89 
104575	383726	320601	943	39200	 88 
104622	380680	320601	946	39053	 86 
104661	383094	320601	918	38670	 86 
104614	383709	320601	920	38249	 85 
103464	387254	320601	35	936	 77 
104608	384204	320601	918	37981	 68 
104618	381007	320601	947	39152	 67 
104623	382076	320601	940	38545	 66 
104579	381860	320601	943	38952	 66 
104588	382381	320601	940	38528	 63 
103462	387273	320601	34	928	 62 
104601	381174	320601	941	38996	 52 
103460	385018	320601	38	1074	 46 ***
104597	384165	320601	932	38322	 39 
103815	383411	320601	945	39136	 23 
103462	387928	320601	35	1050	 22 
103458	389098	320601	21	665	 20 
104608	382201	320601	940	38934	 18 
104620	382864	320601	922	38243	 10 
103459	385346	320601	37	992	 7 
104649	386934	320601	34	996	 6 
103454	385677	320601	39	1102	 2 
103593	383983	320601	951	39332	 1 

104855	384377	325011	939	38892	 99 
104819	381815	325011	941	38568	 94 
104871	385569	325011	921	38509	 89 
104878	382322	325011	939	39071	 83 
103715	389618	325011	29	944	 83 
104900	381773	325011	936	38542	 82 
104809	384250	325011	947	39174	 82 
104787	385620	325011	946	39206	 80 
103702	389877	325011	39	1455	 70 
104910	385615	325011	44	1389	 67 
103672	385861	325011	947	39135	 63 
103713	388459	325011	35	986	 60 
104902	385784	325011	51	2114	 54 
103704	389173	325011	31	1125	 50 
103711	387350	325011	43	1894	 47 
104940	384437	325011	922	38173	 45 
104875	383992	325011	923	38329	 41 
104891	384835	325011	543	22950	 37 
104849	384926	325011	925	38523	 17 
104886	380580	325011	942	38116	 17 
104880	384529	325011	917	38170	 16 
103713	387355	325011	39	1404	 15 
103715	386243	325011	19	612	 13 
104899	385005	325011	479	19487	 5 
103724	385854	325011	18	963	 2 ***

103624	382575	322693	936	38219	 100 
104788	375762	322693	948	38968	 96 
104772	376686	322693	942	39199	 93 
104884	377412	322693	922	38633	 90 
104839	373742	322693	945	39180	 90 
104786	376985	322693	937	38587	 85 
104892	376988	322693	922	38057	 82 
103634	380001	322693	42	1913	 80 
103637	379305	322693	46	1434	 67 
104818	375520	322693	949	39262	 65 
104814	375492	322693	952	39257	 63 
104816	376813	322693	941	38472	 62 
103644	378552	322693	38	1517	 62 
104272	377875	322693	947	38856	 61 
104815	377399	322693	935	38498	 61 
104759	377870	322693	946	39161	 59 
104842	377919	322693	45	1233	 59 
104870	375989	322693	923	38498	 41 
103006	378716	322693	951	39377	 41 
103629	381877	322693	945	38611	 37 
103640	380535	322693	39	1620	 34 
104845	377532	322693	922	38521	 32 
103648	380013	322693	35	1202	 26 
104824	375646	322693	947	39061	 24 
104842	374240	322693	942	38608	 24 
104826	375606	322693	938	38899	 23 
104791	375689	322693	944	39085	 22 
104817	377431	322693	934	38733	 22 
103643	379900	322693	37	1249	 22 
104826	376679	322693	923	38747	 18 
103654	378244	322693	16	884	 18 ***
104814	376602	322693	942	38734	 13 
104790	376626	322693	945	38859	 12 
104773	377607	322693	550	22620	 11 
104771	377717	322693	948	39110	 10 
104860	375189	322693	941	38672	 2 

104777	373262	324193	952	39398	 98 
103636	375997	324193	34	1200	 96 
104836	374552	324193	924	38873	 95 
104871	373697	324193	922	38893	 93 
104866	371999	324193	946	39421	 93 
104831	372774	324193	948	39545	 92 
103640	375653	324193	34	1006	 92 
104837	373279	324193	943	39318	 85 
104802	372370	324193	953	39571	 84 
104799	375093	324193	925	38693	 83 
104867	371793	324193	958	39905	 82 
104839	374936	324193	48	1198	 81 
103745	373937	324193	947	39186	 80 
103637	375214	324193	39	1285	 77 ***
103629	377002	324193	34	1006	 76 
104828	373448	324193	933	38828	 70 
103626	378448	324193	36	1158	 70 
103637	378255	324193	33	768	 68 
104815	374807	324193	922	38541	 62 
104781	372939	324193	945	39110	 61 
103636	375804	324193	37	1433	 60 
103597	378014	324193	950	39145	 59 
104846	374160	324193	923	38758	 59 
103651	380886	324193	30	760	 55 
104767	374837	324193	945	39325	 49 
104789	372506	324193	953	39222	 46 
103633	375609	324193	38	1273	 43 
103642	375122	324193	46	1420	 42 
104779	372820	324193	955	39887	 34 
104772	373834	324193	953	39190	 20 
104822	372754	324193	951	39748	 19 
104816	374343	324193	933	39181	 11 
104823	374979	324193	45	1312	 9 
103642	375628	324193	34	1006	 7 

104839	369841	324690	43	1156	 93 
104838	368547	324690	919	38732	 89 
103645	375991	324690	33	1018	 85 
103619	375243	324690	950	39711	 84 
104776	371143	324690	949	39690	 82 
104788	370583	324690	943	39226	 81 
103651	371201	324690	22	730	 80 ***
104837	371077	324690	919	38881	 76 
103646	374460	324690	25	848	 76 
104787	371042	324690	943	39611	 70 
103614	375717	324690	947	39848	 69 
104846	369774	324690	44	1157	 69 
103660	373988	324690	17	511	 67 
104785	370853	324690	948	39802	 65 
104801	369159	324690	921	38622	 63 
104840	368831	324690	916	38625	 61 
103646	373413	324690	29	654	 59 
103645	375050	324690	30	1162	 57 
103638	372931	324690	952	39945	 55 
104791	368635	324690	941	39265	 53 
103635	372989	324690	40	1455	 44 
103731	370702	324690	953	39825	 39 
104778	370894	324690	952	39444	 38 
103645	371994	324690	35	1029	 35 
104787	369852	324690	949	39661	 32 
104825	368337	324690	946	39591	 27 
104841	367793	324690	948	39287	 25 
103639	372462	324690	34	1152	 18 
103661	374285	324690	14	275	 17 
103646	372061	324690	31	942	 15 

104931	371761	325842	956	40030	 100 
104940	373611	325842	930	39068	 99 
103767	376330	325842	34	915	 92 
104932	374223	325842	946	39550	 89 
103765	374586	325842	40	1318	 87 
104938	373947	325842	949	39545	 85 
104896	373195	325842	958	39811	 82 
104942	372760	325842	952	39547	 82 
104947	371701	325842	954	39832	 79 
104904	373107	325842	951	39345	 79 
103764	377138	325842	45	2091	 74 
104952	372718	325842	41	1195	 68 
104925	374226	325842	943	39586	 65 
103776	376491	325842	25	838	 62 
104975	372132	325842	950	39532	 58 
103782	377322	325842	23	653	 58 
104884	374318	325842	956	39742	 57 
104908	372924	325842	954	40038	 55 
104917	374423	325842	950	39584	 53 
103766	376095	325842	38	1235	 53 
104902	372911	325842	958	40117	 50 
104969	374347	325842	29	861	 47 
103768	374441	325842	32	1000	 46 ***
104924	374267	325842	950	39417	 39 
104933	370936	325842	956	39928	 37 
103768	377276	325842	31	968	 36 
104972	372373	325842	951	39361	 31 
104905	372164	325842	958	39767	 30 
104938	373712	325842	950	39596	 30 
104937	373959	325842	949	39967	 29 
104929	372180	325842	954	39406	 29 
104933	374123	325842	947	39399	 27 
103766	376916	325842	35	1159	 25 
103757	376727	325842	960	40043	 18 
104973	372360	325842	952	39815	 17 
103767	378356	325842	26	731	 12 
104917	371220	325842	958	39932	 10 
104943	373381	325842	948	39276	 9 
104894	374321	325842	952	39830	 5 
104877	374316	325842	957	40011	 2 

104905	368184	326132	952	40039	 93 
104960	368282	326132	42	1273	 93 
104914	368181	326132	945	39787	 89 
104958	368494	326132	41	1487	 88 
103775	372662	326132	24	859	 83 
104954	369848	326132	923	39323	 81 
103759	372294	326132	29	665	 81 
104895	369006	326132	948	39506	 77 
103755	371709	326132	33	1194	 73 
104951	367648	326132	944	40037	 65 
104968	369139	326132	35	981	 51 
103742	374249	326132	950	40127	 46 
104965	370566	326132	14	415	 45 
104920	370298	326132	944	39916	 44 
104960	367397	326132	956	40301	 44 
103769	370629	326132	32	1061	 44 ***
104927	370435	326132	942	39453	 35 
104958	367584	326132	952	39844	 34 
104154	369332	326132	946	39995	 32 
104938	369157	326132	937	39300	 26 
103764	371526	326132	31	924	 26 
104990	367520	326132	949	40096	 24 
104927	368176	326132	951	39555	 24 
104913	368333	326132	951	40101	 21 
104899	368501	326132	950	40047	 17 
104920	368081	326132	953	40178	 13 
104966	370375	326132	37	1075	 13 
104949	367904	326132	947	39812	 10 
104933	367855	326132	950	39532	 4 
103766	370990	326132	30	699	 4 
104898	368541	326132	955	40172	 1 

104856	363779	324971	922	38443	 94 
104807	363660	324971	945	39940	 91 
104827	364644	324971	922	38847	 87 
104836	363029	324971	947	39872	 86 
103635	369716	324971	35	1333	 83 
103646	368944	324971	29	799	 79 
104786	363751	324971	953	39971	 73 
104761	364279	324971	941	39427	 72 
104857	363328	324971	942	39313	 71 
104784	363874	324971	947	39805	 68 
104814	363404	324971	939	39355	 65 
103776	364324	324971	950	39830	 65 
103641	368513	324971	33	853	 63 
103648	366990	324971	33	852	 62 
104815	363370	324971	945	39202	 61 
104753	364144	324971	947	39712	 60 
103635	368757	324971	37	898	 59 
103640	367889	324971	39	1135	 58 
104852	364816	324971	919	38887	 54 
104807	365052	324971	918	38841	 53 
103638	368041	324971	37	898	 51 
104786	363784	324971	946	39541	 50 
104751	364300	324971	946	39283	 48 
104799	364096	324971	923	38776	 47 
103647	367955	324971	21	711	 47 
103645	367741	324971	36	890	 39 
103641	369505	324971	31	1188	 37 
104802	363079	324971	948	39679	 32 
103649	365984	324971	27	601	 30 
103650	365373	324971	12	141	 27 ***
104795	363721	324971	950	39134	 25 
104799	362109	324971	949	39737	 22 
103642	367230	324971	41	1333	 22 
104787	363673	324971	951	39918	 17 
103629	367322	324971	40	1218	 17 
104214	364783	324971	948	39820	 9 
104217	365351	324971	944	39343	 9 
104847	363178	324971	946	39873	 9 
103607	367194	324971	943	39694	 8 
104765	365313	324971	939	39496	 6 
104778	363777	324971	950	39922	 4 
104784	364258	324971	943	39582	 2 

103585	365935	324325	32	903	 100 
104734	363013	324325	958	39209	 97 
104715	363452	324325	951	39449	 96 
104779	365349	324325	34	1288	 95 
103595	365519	324325	13	192	 92 ***
104750	362362	324325	928	38696	 90 
104753	362272	324325	955	39741	 84 
103582	368841	324325	30	948	 79 
104706	363317	324325	955	39708	 71 
104748	362916	324325	955	39576	 70 
103588	364007	324325	41	1033	 70 
104699	363495	324325	965	40015	 67 
104779	363442	324325	38	931	 63 
103582	367119	324325	32	853	 61 
103582	368288	324325	32	822	 55 
104740	363096	324325	954	39526	 45 
103588	366386	324325	14	387	 45 
104777	362152	324325	964	40046	 43 
104745	362266	324325	963	39901	 39 
103577	369288	324325	36	922	 36 
104723	363217	324325	958	39638	 34 
103590	365664	324325	20	552	 27 
104738	362612	324325	957	39813	 25 
103578	366228	324325	35	882	 24 
103583	366999	324325	34	916	 21 
103584	366827	324325	31	837	 20 
103587	366529	324325	31	822	 11 
104673	363800	324325	956	39426	 8 
104724	363222	324325	926	38971	 4 
104773	365151	324325	36	1407	 3 

103525	362213	325358	29	998	 98 
104715	358257	325358	953	39441	 87 
104679	358868	325358	953	39133	 85 
104692	359665	325358	934	38732	 84 
104691	358648	325358	956	39163	 83 
104657	360222	325358	955	39224	 80 
104638	358551	325358	958	39420	 79 
103527	362153	325358	26	520	 77 
103534	363254	325358	19	490	 71 
103520	361682	325358	35	882	 70 
104633	359405	325358	960	39455	 54 
104671	358209	325358	961	39385	 53 
104694	358853	325358	941	38734	 46 
104717	359624	325358	933	38779	 45 
104660	359015	325358	937	38673	 44 
103532	362104	325358	27	764	 34 
103516	360957	325358	961	39581	 29 
103523	361939	325358	30	831	 25 
103516	362407	325358	36	897	 22 
103520	363168	325358	35	882	 18 
104691	358200	325358	960	39444	 14 
103525	360329	325358	35	882	 14 ***
104665	359690	325358	928	38090	 12 
104722	362932	325358	21	805	 12 
103466	361818	325358	959	39102	 11 
104066	359804	325358	957	39101	 10 
103468	365161	325358	957	39033	 6 
104673	358725	325358	956	39210	 2 
104664	358982	325358	955	39195	 1 

104817	358242	329073	967	39732	 98 
104894	358644	329073	960	39189	 97 
104903	358150	329073	966	39679	 93 
103700	363126	329073	26	788	 91 
104872	359619	329073	933	38680	 86 
103701	365795	329073	25	758	 80 
104853	360168	329073	957	39706	 74 
104862	359740	329073	957	39457	 71 
104876	360800	329073	929	38768	 69 
103706	363078	329073	27	781	 69 
104821	361398	329073	933	38786	 59 
104297	360699	329073	960	39670	 41 
103707	361690	329073	28	1058	 41 ***
104900	360620	329073	928	38571	 40 
104866	358797	329073	958	39481	 38 
104853	359716	329073	959	39487	 37 
104825	359416	329073	964	39670	 36 
104845	360779	329073	937	39098	 35 
103706	363220	329073	24	979	 32 
103712	362685	329073	23	739	 31 
103834	360044	329073	963	39771	 28 
104836	359336	329073	962	39297	 26 
104850	359454	329073	961	39757	 26 
103694	362465	329073	961	39411	 26 
104916	359348	329073	937	38982	 22 
103705	362487	329073	31	1029	 22 
104845	360170	329073	947	39474	 19 
104920	361579	329073	38	1342	 17 
104811	361008	329073	956	39629	 12 
104864	359638	329073	939	39037	 11 
104919	359734	329073	930	38506	 10 
103695	363254	329073	36	997	 9 
104896	360779	329073	931	38420	 7 
103698	366393	329073	34	872	 5 
103677	362664	329073	963	39761	 4 
104861	358713	329073	965	39796	 3 
104816	359808	329073	958	39164	 2 
104855	359955	329073	932	38906	 2 

103546	355782	325573	31	1048	 96 
103550	354387	325573	32	920	 93 
103554	355317	325573	29	1032	 88 
104737	351021	325573	938	38496	 85 
104697	350781	325573	951	38908	 83 
103547	354618	325573	33	1208	 83 
104683	351581	325573	948	38454	 81 
104692	351622	325573	933	38168	 80 
103655	350979	325573	956	39040	 80 
103544	356973	325573	29	835	 76 
104707	350506	325573	959	39075	 75 
104667	350904	325573	957	39037	 71 
104699	350538	325573	957	38949	 67 
104684	351010	325573	948	39112	 57 
104705	351071	325573	929	38131	 49 
103549	352491	325573	40	1061	 49 
104785	348605	325573	960	39154	 48 
103538	357264	325573	40	1349	 43 
104760	350584	325573	952	38471	 36 
104116	351832	325573	955	38911	 31 
104668	351445	325573	951	38861	 27 
104677	350541	325573	961	39069	 27 
103555	352972	325573	33	1286	 24 
103543	354671	325573	35	864	 21 
104695	350611	325573	952	38890	 18 
104710	348977	325573	953	38345	 18 
103542	354550	325573	38	1314	 16 
103563	352857	325573	9	89	 14 ***
103548	353563	325573	34	851	 5 
104703	352342	325573	928	37922	 3 

103563	345642	324511	6	147	 97 
104773	344143	324511	38	1437	 93 
104723	342783	324511	946	38594	 90 
104742	342223	324511	951	38981	 87 
104750	341914	324511	943	38964	 86 
104710	343908	324511	942	38570	 82 
104694	342725	324511	952	38945	 79 
103025	350769	324511	949	39195	 78 
104153	342874	324511	949	38998	 76 
103570	345446	324511	35	1354	 71 
104719	343163	324511	947	38868	 62 
104712	343665	324511	940	38730	 59 
104696	342762	324511	948	38919	 58 
103573	344690	324511	43	1721	 55 
104776	343314	324511	922	37950	 50 
104717	342532	324511	948	39073	 46 
104739	342399	324511	950	38895	 32 
104751	343583	324511	922	38243	 32 
104754	343330	324511	919	38286	 30 
104749	343550	324511	940	38352	 27 
104736	342807	324511	945	39082	 24 
103556	346029	324511	35	1070	 24 
103558	345880	324511	37	1226	 21 
104675	343405	324511	945	39144	 20 
103561	351535	324511	31	1057	 19 
103511	347714	324511	950	38851	 11 
103531	350193	324511	949	39050	 7 
103561	344143	324511	47	1217	 7 ***
104736	343586	324511	922	37935	 1 
104765	344047	324511	44	1286	 0 

104820	344074	324533	946	38903	 96 
104849	341405	324533	945	38626	 89 
104900	342355	324533	943	38968	 85 
103700	343372	324533	950	38920	 85 
104900	344259	324533	924	37664	 83 
104841	343565	324533	934	38344	 80 
104835	343275	324533	944	38633	 80 
103684	345630	324533	49	1428	 79 
104872	344666	324533	920	38223	 76 
104809	343510	324533	948	38890	 75 
103689	346109	324533	33	1383	 75 
104830	344321	324533	942	38491	 74 
104819	344788	324533	940	38621	 72 
103686	346150	324533	39	1411	 68 
104836	344281	324533	927	38171	 67 
103686	346027	324533	45	1623	 67 
104871	343578	324533	929	38393	 61 
103681	347312	324533	39	1189	 60 
104888	344507	324533	18	539	 57 
103679	347349	324533	42	1261	 51 
104853	341297	324533	946	38622	 44 
104822	342679	324533	946	38334	 42 
104055	343530	324533	949	38846	 39 
103699	347156	324533	26	1182	 39 
104825	342677	324533	950	38809	 36 
104804	344540	324533	948	38753	 28 
104777	344581	324533	947	38918	 28 
104810	344235	324533	945	38824	 24 
103677	346234	324533	43	1756	 24 
103683	350049	324533	34	1037	 19 
103672	347614	324533	40	1230	 10 
104911	344129	324533	921	38164	 8 
104884	342831	324533	943	38685	 7 
103687	344879	324533	35	939	 7 ***
104848	343176	324533	933	38577	 5 
104819	344519	324533	941	38552	 0 

104829	342229	324558	929	38796	 100 
104786	342692	324558	941	39236	 97 
104865	347503	324558	26	714	 96 
104792	342291	324558	938	38803	 91 
104807	342092	324558	940	39017	 89 
103665	346825	324558	30	896	 89 
104850	341024	324558	942	38923	 87 
104774	343073	324558	944	38846	 76 
104827	341765	324558	936	38656	 73 
104830	343675	324558	459	19561	 72 
104774	343134	324558	940	39078	 71 
103669	343837	324558	44	1408	 66 
104010	343566	324558	944	39135	 65 
104783	342959	324558	949	39455	 64 
104802	341765	324558	941	38555	 59 
103648	344339	324558	31	923	 58 
104788	341342	324558	942	39076	 57 
104840	343366	324558	927	38636	 57 
104849	341161	324558	939	39009	 55 
104842	343992	324558	41	1644	 55 
104857	342078	324558	36	1055	 49 
104797	343731	324558	936	38947	 48 
104823	343723	324558	937	38485	 45 
103654	344186	324558	33	1051	 38 ***
104763	343735	324558	939	39181	 32 
104780	343008	324558	947	39351	 27 
103646	344790	324558	32	1090	 26 
103629	346200	324558	942	38932	 25 
104825	341539	324558	939	38977	 4 

104804	337517	325184	950	39618	 98 
104801	338285	325184	948	39565	 95 
103671	341339	325184	38	1426	 93 
104820	338550	325184	927	39165	 91 
103680	342051	325184	27	796	 90 
103678	342061	325184	27	885	 84 
104832	337809	325184	926	38423	 82 
104866	337587	325184	942	39391	 72 
103680	341160	325184	31	1227	 72 
104848	336878	325184	949	39163	 71 
104825	338034	325184	949	39668	 65 
104831	337518	325184	948	39422	 60 
103672	338783	325184	33	1080	 60 ***
104858	336664	325184	950	39646	 59 
104824	338458	325184	930	38438	 58 
103676	339094	325184	32	1293	 51 
104872	337533	325184	942	39131	 48 
103678	342029	325184	31	1186	 48 
103644	341133	325184	949	39571	 40 
103678	343438	325184	27	756	 40 
103676	342080	325184	32	1075	 36 
104853	338315	325184	567	24479	 33 
103644	342147	325184	948	39146	 32 
103669	342095	325184	35	1133	 30 
104862	336744	325184	944	39364	 22 
104848	337581	325184	947	39242	 16 
104813	337347	325184	950	39472	 10 
104890	341847	325184	29	1175	 10 
104797	338444	325184	939	38971	 5 
104847	337121	325184	948	39360	 3 

104930	332979	326861	956	39574	 96 
103761	334101	326861	37	871	 95 
104899	333083	326861	952	39789	 86 
103860	333515	326861	952	39783	 86 
104888	333878	326861	918	38967	 84 
103740	338969	326861	38	1319	 81 
104979	332567	326861	954	39937	 64 
104952	332979	326861	918	38958	 59 
103756	333916	326861	38	980	 50 
103752	333999	326861	39	946	 48 
103718	337483	326861	950	39656	 40 
104917	333005	326861	925	39079	 34 
104902	333005	326861	954	39975	 32 
104899	333416	326861	947	39493	 28 
103742	334208	326861	5	294	 20 ***
104935	332869	326861	955	39844	 10 
104949	332659	326861	953	39127	 7 

105171	332847	334865	919	38866	 93 
104117	334110	334865	954	40033	 90 
105139	332759	334865	954	40108	 84 
103973	336139	334865	40	1208	 76 
105135	333933	334865	919	39390	 70 
105160	333396	334865	945	40018	 60 
104602	334327	334865	952	39836	 60 
105130	334295	334865	929	39620	 41 
105138	333370	334865	949	39745	 40 
105207	332252	334865	954	40195	 35 
105123	332827	334865	950	39921	 34 
103986	336068	334865	13	458	 30 
105150	332693	334865	950	40072	 28 
103972	337461	334865	30	1009	 24 
105206	332433	334865	947	39900	 23 
103952	338739	334865	954	40194	 18 
103986	334533	334865	18	785	 15 ***
105148	333581	334865	572	23389	 11 
105161	332558	334865	952	40030	 5 
105132	333478	334865	948	39352	 1 

