#104570	432622	330645	0	0	 98 ***
#105586	428016	330645	0	0	 95 
#104606	431266	330645	0	0	 93 
#104476	433456	330645	0	0	 89 
#105625	425909	330645	0	0	 64 
#105602	426819	330645	0	0	 62 
#105622	426600	330645	0	0	 39 
#105568	428673	330645	0	0	 36 
#104448	436139	330645	0	0	 19 

104389	424584	331743	33	952	 95 
105421	421932	331743	947	40771	 91 
105434	419078	331743	977	41320	 90 
105402	423427	331743	973	40894	 89 
105407	420877	331743	976	41626	 88 
105411	418954	331743	980	41389	 84 
105409	422447	331743	971	41117	 82 
105398	420942	331743	976	41463	 75 
105390	422134	331743	975	41412	 68 
104284	425725	331743	974	41468	 65 
104386	423770	331743	36	1185	 62 ***
105386	422926	331743	976	41630	 57 
105389	422648	331743	978	41365	 52 
105422	420189	331743	977	41638	 52 
104344	429141	331743	973	41016	 52 
105431	423690	331743	492	21060	 52 
105477	422056	331743	945	40752	 47 
104393	424295	331743	33	1150	 46 
105398	423690	331743	974	40747	 40 
104378	425191	331743	30	781	 39 
104374	425194	331743	7	309	 38 
105460	419439	331743	975	41415	 29 
104374	425326	331743	7	258	 22 
105448	421587	331743	948	40969	 18 
105419	422377	331743	972	40733	 15 
105400	423759	331743	970	40463	 13 
105493	420801	331743	973	41182	 4 
105424	421286	331743	959	40843	 3 
105442	420862	331743	976	41464	 2 

105306	416569	330379	963	40877	 91 
105337	418320	330379	936	39671	 83 
105321	417228	330379	959	40958	 82 
104242	419845	330379	970	41111	 80 
105356	420931	330379	30	1023	 77 
105329	414876	330379	968	40458	 75 
105400	418304	330379	939	40094	 73 
105318	414909	330379	969	40743	 68 
104237	423087	330379	963	40295	 67 
105323	418386	330379	938	39807	 62 
104269	421547	330379	30	1023	 50 
105291	417881	330379	960	40759	 49 
104268	420716	330379	31	1014	 49 
105361	415352	330379	941	40160	 48 
104261	418420	330379	32	1075	 48 ***
104251	420327	330379	963	39759	 42 
105296	417250	330379	961	40761	 40 
105331	413421	330379	944	40358	 39 
105282	417579	330379	971	40867	 37 
105282	417913	330379	963	40593	 36 
105322	416549	330379	962	40793	 31 
105301	417113	330379	964	40626	 29 
104273	421393	330379	17	169	 28 
105320	414889	330379	969	40620	 27 
104265	421118	330379	31	1014	 24 
105302	414995	330379	966	40809	 20 
105321	415546	330379	963	40486	 19 
105349	411388	330379	967	40879	 14 
104716	417886	330379	967	40618	 11 
105284	415222	330379	965	40649	 9 
104260	419145	330379	33	1037	 7 
105327	415851	330379	940	40279	 4 
104120	420624	330379	967	40745	 4 
104261	421458	330379	32	1029	 3 

105013	409660	322844	965	40719	 90 
105106	406606	322844	962	40639	 84 
105063	408018	322844	937	39633	 83 
105038	408806	322844	937	40105	 79 
104997	407960	322844	966	40730	 76 
105015	406977	322844	956	40332	 72 
103977	410125	322844	34	1274	 70 
105064	406622	322844	961	40088	 69 
103968	414034	322844	957	40470	 69 
103982	413253	322844	17	525	 69 
103881	412008	322844	963	40702	 64 
103927	411844	322844	961	39831	 64 
103878	415801	322844	963	40368	 55 
103980	411049	322844	31	907	 55 
103978	411495	322844	33	1056	 52 
105033	406676	322844	963	40412	 51 
105045	406315	322844	966	40618	 51 
105045	408628	322844	934	39324	 46 
105060	405890	322844	963	40699	 45 
105054	409227	322844	930	39721	 43 
103979	414431	322844	30	878	 39 
105066	406801	322844	959	40313	 34 
105080	405715	322844	968	40797	 34 
103973	413069	322844	35	1193	 31 
103972	414612	322844	39	1213	 30 
105003	407931	322844	966	40725	 28 
103851	410427	322844	964	40434	 23 
103990	409887	322844	34	1067	 9 ***
103977	414661	322844	34	846	 4 

104877	399676	321079	924	39425	 97 
103808	403089	321079	16	497	 96 
104894	399723	321079	19	414	 93 
103800	403384	321079	35	850	 89 
103686	400782	321079	957	39861	 87 
104891	400305	321079	42	1554	 86 
104879	395988	321079	954	39708	 84 
104866	397457	321079	959	39997	 83 
104893	400244	321079	19	416	 83 
104901	396653	321079	931	39543	 77 
103802	403060	321079	34	960	 71 
104869	397205	321079	956	40112	 66 
104883	399380	321079	927	39045	 63 
103675	402845	321079	948	39582	 61 
104818	397614	321079	939	39089	 60 
104860	400644	321079	927	39052	 60 
104868	396315	321079	960	40029	 59 
103811	401152	321079	33	923	 45 ***
104869	397171	321079	949	39471	 38 
104929	399284	321079	922	39097	 32 
104866	399650	321079	929	38474	 31 
104864	399932	321079	478	20321	 31 
104892	400942	321079	41	1052	 27 
103835	398548	321079	952	39802	 23 
104903	395488	321079	954	39509	 17 
103802	401341	321079	39	1257	 8 
103808	402816	321079	37	838	 7 
103807	406303	321079	30	550	 4 
103802	402557	321079	38	1257	 2 
103798	404133	321079	40	1352	 1 

103653	394671	321290	952	39528	 100 
104761	393207	321290	950	39886	 91 
104032	395512	321290	927	38717	 88 
104766	393888	321290	943	39608	 88 
104790	394503	321290	917	38355	 87 
103580	396563	321290	950	39632	 87 
103745	397423	321290	36	1341	 84 
104820	391501	321290	948	39474	 79 
103725	398402	321290	31	1162	 73 
104781	392141	321290	952	39772	 71 
104813	394260	321290	42	1310	 70 
104795	390613	321290	949	39197	 68 
104018	395062	321290	948	38971	 63 
104779	392475	321290	952	39383	 61 
104832	392966	321290	916	38268	 60 
104786	394112	321290	930	39376	 57 
104220	393438	321290	951	39482	 57 
104805	395279	321290	38	1008	 57 
104778	392795	321290	947	39456	 54 
104759	394056	321290	950	39368	 52 
103746	396116	321290	22	593	 52 ***
103673	397517	321290	948	39351	 48 
103735	397530	321290	37	1098	 48 
103736	398392	321290	12	300	 46 
103734	398980	321290	28	1340	 43 
103734	395886	321290	39	1689	 39 
104790	392511	321290	926	39188	 33 
104801	393703	321290	479	20166	 28 
104792	392253	321290	947	39570	 25 
104859	392833	321290	922	38936	 23 
104789	392554	321290	924	38849	 19 
104827	393003	321290	923	38767	 19 
104763	393032	321290	946	39484	 19 
103725	397645	321290	33	945	 17 
103632	401500	321290	948	39546	 13 
103723	393762	321290	951	39797	 12 
103740	394328	321290	950	39325	 10 
103727	397573	321290	36	1192	 4 

103536	388506	318893	949	39310	 99 
104557	386064	318893	946	39300	 99 
104494	389932	318893	942	39100	 99 
103405	391871	318893	946	38912	 98 
104548	386455	318893	945	39236	 97 
104494	388490	318893	946	39387	 96 
104576	388319	318893	40	1022	 96 
104542	387299	318893	937	38772	 90 
104611	387711	318893	928	38769	 82 
104582	388308	318893	922	38362	 82 
103477	393701	318893	45	1634	 81 
104561	383787	318893	950	39508	 78 
104505	389102	318893	935	38644	 77 
103477	390178	318893	31	900	 76 ***
104565	384450	318893	937	38899	 74 
104563	388672	318893	29	793	 74 
104506	387234	318893	946	39081	 73 
104563	386667	318893	942	39157	 71 
104591	386055	318893	929	38345	 69 
104516	388338	318893	939	39201	 67 
104523	386510	318893	946	39036	 67 
103471	388870	318893	945	38604	 67 
104564	385464	318893	943	39113	 67 
103474	393703	318893	36	1050	 67 
103378	391236	318893	951	39219	 65 
104528	387953	318893	931	38602	 64 
104517	388730	318893	928	38577	 62 
104560	386019	318893	945	39428	 62 
104521	387642	318893	939	38831	 55 
104529	388868	318893	926	38240	 54 
104536	388678	318893	929	38901	 53 
104535	390112	318893	465	19394	 49 
104511	386710	318893	940	38755	 48 
104533	386353	318893	947	38941	 46 
103486	391164	318893	24	838	 41 
104534	387281	318893	939	39066	 39 
103473	395238	318893	34	1016	 34 
104489	389623	318893	944	39392	 18 
104499	387362	318893	947	39237	 10 

103556	386725	320601	38	988	 97 
104611	382546	320601	927	38576	 95 
104631	384324	320601	44	1144	 95 
104575	382975	320601	945	38847	 89 
104621	380334	320601	920	38503	 89 
104590	382031	320601	940	38590	 88 
104580	382400	320601	945	39100	 88 
103544	387439	320601	39	990	 87 
103556	384475	320601	40	1269	 86 ***
104585	382891	320601	942	39036	 84 
103537	386038	320601	40	1053	 84 
103430	386176	320601	947	38773	 82 
103543	388159	320601	38	988	 81 
104572	384034	320601	476	19604	 76 
104575	381314	320601	946	39090	 71 
103557	386151	320601	38	1041	 71 
104632	384366	320601	40	993	 70 
103552	386823	320601	36	972	 62 
103480	387823	320601	945	38912	 59 
103558	383938	320601	949	39021	 59 
104607	382017	320601	944	38891	 58 
104565	383004	320601	945	38987	 51 
103533	387765	320601	41	1251	 50 
103525	387544	320601	944	38785	 49 
104578	382976	320601	940	38917	 46 
103565	384347	320601	44	1382	 46 
104566	381481	320601	947	38906	 45 
104590	382973	320601	915	38423	 41 
103549	387662	320601	35	850	 30 
103549	386961	320601	37	947	 20 
103549	392211	320601	33	684	 16 
103562	390398	320601	34	927	 11 
103550	387322	320601	35	935	 5 

104853	384492	325011	920	37996	 100 
103813	390639	325011	28	1281	 99 
104822	384101	325011	942	39000	 97 
104875	382043	325011	945	38906	 96 
103636	389093	325011	937	38884	 96 
104860	384274	325011	918	37637	 91 
103826	389744	325011	23	583	 91 
104906	383043	325011	939	38906	 88 
104074	384177	325011	945	38799	 87 
104852	383793	325011	942	38380	 87 
103699	386451	325011	948	39079	 80 
103821	385733	325011	39	1195	 77 
103811	392301	325011	34	1167	 75 
103805	385756	325011	40	1128	 73 ***
104889	385423	325011	3	7	 72 
103802	388358	325011	37	1537	 71 
104832	383794	325011	945	38651	 70 
104919	382185	325011	942	38560	 69 
104847	385060	325011	923	38382	 66 
104878	385148	325011	544	23010	 66 
103811	388905	325011	36	1175	 65 
103802	388659	325011	44	1799	 62 
104844	385336	325011	933	38657	 55 
103804	386960	325011	41	1490	 54 
103802	388215	325011	48	2016	 53 
103833	385629	325011	947	39012	 52 
104886	382143	325011	944	38862	 51 
103810	386088	325011	38	1333	 51 
103814	389122	325011	29	798	 49 
103800	388944	325011	37	1681	 47 
104859	383080	325011	938	38495	 44 
104892	384070	325011	915	38032	 41 
104897	384582	325011	45	1520	 41 
104842	385266	325011	939	38432	 30 
104850	385235	325011	474	19638	 30 
104893	382589	325011	943	39147	 28 
104836	384655	325011	940	38765	 25 
104810	382103	325011	948	38946	 21 
103817	387490	325011	34	938	 19 
104871	384476	325011	912	38111	 18 
104830	383439	325011	946	39169	 10 
104902	383056	325011	909	37948	 1 
103809	389970	325011	36	1295	 0 

104782	376643	322693	946	38919	 100 
103751	379324	322693	36	968	 99 ***
104838	376071	322693	941	38969	 94 
104788	377147	322693	941	38953	 92 
104769	374897	322693	950	39188	 91 
103744	385198	322693	47	1823	 90 
104820	374466	322693	947	39075	 87 
103732	379352	322693	950	39341	 85 
103746	385132	322693	41	1502	 85 
103753	380913	322693	28	1025	 83 
104760	377370	322693	946	39045	 82 
104841	375386	322693	942	38611	 81 
104781	377989	322693	925	38556	 78 
103768	379539	322693	35	1116	 78 
104761	378702	322693	930	38325	 76 
104837	376218	322693	941	38604	 71 
104234	378396	322693	948	39283	 62 
104841	379029	322693	48	1305	 59 
104855	377034	322693	915	38475	 58 
104821	376721	322693	919	38465	 57 
104234	377419	322693	952	39111	 57 
104878	375295	322693	943	38989	 53 
103623	379712	322693	945	39085	 52 
104839	375062	322693	945	38738	 50 
104842	378562	322693	43	1737	 48 
104774	376765	322693	946	39123	 46 
104769	377750	322693	938	38999	 45 
104793	376867	322693	921	37964	 37 
104808	377963	322693	918	38555	 36 
104807	375500	322693	942	39093	 35 
104798	375124	322693	944	38884	 33 
104809	379273	322693	538	23284	 30 
104826	378692	322693	558	24448	 26 
103750	383797	322693	37	1171	 25 
104762	377221	322693	950	39196	 23 
104794	376052	322693	942	39023	 19 
104823	379077	322693	547	23158	 19 
104813	376696	322693	926	38532	 16 
104782	376419	322693	946	39130	 15 
103746	379692	322693	53	2003	 15 
104789	376841	322693	941	38580	 7 
103743	379529	322693	945	39248	 6 
104066	379258	322693	947	39259	 6 
104780	377123	322693	944	38776	 3 
104011	379287	322693	950	39330	 0 

103743	379047	324193	32	1061	 100 
103740	379108	324193	39	1818	 99 
104830	374126	324193	930	39339	 98 
103741	378489	324193	34	1174	 95 
104772	373309	324193	952	39479	 93 
104815	374799	324193	545	22950	 92 
104779	371987	324193	953	39569	 91 
104766	375535	324193	948	39541	 89 
103749	375577	324193	33	525	 84 ***
103748	375787	324193	33	945	 83 
104186	371789	324193	955	39481	 81 
103744	380439	324193	26	663	 79 
103736	379323	324193	32	1380	 77 
104770	374756	324193	947	39243	 76 
103615	378387	324193	952	39498	 73 
103744	375778	324193	38	985	 64 
104791	373627	324193	931	39455	 63 
104811	371237	324193	951	39173	 58 
104775	375125	324193	946	39508	 46 
103726	376977	324193	950	39616	 43 
103740	379445	324193	31	933	 43 
104791	371296	324193	944	38908	 39 
103746	378313	324193	31	922	 35 
104766	375035	324193	953	39628	 29 
103744	378983	324193	33	952	 29 
103746	377833	324193	30	671	 28 
104782	374168	324193	943	39198	 27 
104783	374371	324193	931	39181	 26 
103744	378459	324193	36	1050	 25 
103736	379131	324193	34	1189	 24 
103742	378287	324193	38	1343	 21 
103618	381151	324193	948	39081	 13 
104787	371435	324193	946	39281	 12 
103733	380422	324193	44	2219	 12 
104828	375447	324193	46	1250	 10 
104789	375204	324193	928	39167	 4 

104785	369074	324690	950	39716	 91 
104828	369373	324690	941	39053	 89 
104757	370538	324690	948	39663	 83 
104795	368757	324690	950	39585	 83 
104778	369907	324690	942	39747	 77 
103752	377974	324690	38	1236	 71 
104771	369498	324690	950	39859	 65 
104858	370004	324690	918	38891	 64 
104838	368924	324690	940	38902	 53 
103674	373578	324690	945	39458	 47 
103753	372090	324690	11	476	 45 
104820	369936	324690	941	39660	 44 
103623	378551	324690	945	39030	 44 
104851	368042	324690	948	39465	 44 
104770	369779	324690	949	39445	 43 
103759	370713	324690	39	989	 43 ***
103750	375866	324690	43	1158	 35 
103729	372740	324690	947	39883	 28 
103680	376487	324690	939	39293	 27 
104799	370602	324690	914	38435	 24 
104823	369474	324690	938	39458	 20 
103748	376210	324690	944	39535	 20 
103752	378092	324690	39	1281	 19 
104807	368566	324690	943	39614	 17 
104812	370583	324690	941	39139	 9 
104800	369285	324690	946	39535	 9 
103757	371782	324690	38	1003	 3 
103741	378584	324690	38	1221	 1 

104919	371918	325842	950	39309	 91 
103869	380037	325842	33	1413	 86 
103772	377962	325842	951	39346	 79 
104933	372657	325842	914	38331	 75 
104913	372314	325842	954	39769	 72 
103870	374071	325842	7	750	 71 
104970	371844	325842	954	40047	 66 
104964	371870	325842	954	39941	 65 
104901	372837	325842	956	39978	 56 
103880	373768	325842	2	2	 55 ***
103863	379434	325842	34	1244	 54 
103738	380127	325842	954	39820	 43 
104906	371547	325842	957	39761	 43 
103861	376239	325842	45	1692	 43 
104909	372867	325842	952	39946	 21 
103860	376744	325842	35	1248	 17 
104913	371971	325842	955	39941	 7 
104979	371397	325842	954	39726	 2 

104898	368896	326132	943	39287	 93 
103872	375610	326132	31	932	 89 
104957	366945	326132	955	40013	 88 
103872	371410	326132	34	1206	 86 
103757	374182	326132	947	39274	 84 
103872	371019	326132	33	1022	 84 
103876	370511	326132	38	1283	 79 ***
104967	368870	326132	915	38970	 76 
104942	368608	326132	947	39566	 76 
104897	370307	326132	945	39435	 70 
104891	369824	326132	952	39452	 68 
104941	368656	326132	946	40038	 67 
103837	373560	326132	948	39784	 60 
104979	368015	326132	919	39173	 58 
104923	367539	326132	957	40062	 54 
104959	367737	326132	947	39999	 52 
104950	370086	326132	941	39969	 45 
103879	372408	326132	28	1012	 44 
103845	373785	326132	941	39469	 42 
103871	371957	326132	32	947	 42 
103843	369825	326132	950	40025	 39 
104923	368616	326132	948	40100	 39 
104922	367683	326132	954	40227	 35 
104953	369802	326132	922	38560	 34 
103861	372364	326132	35	1259	 28 
103870	372286	326132	35	1542	 26 
104893	367849	326132	949	39848	 24 
103873	374047	326132	31	950	 24 
104925	370170	326132	924	39300	 23 
104936	367404	326132	948	39636	 13 
103869	373046	326132	33	1206	 7 
103874	372946	326132	11	126	 1 
103870	371619	326132	33	962	 0 

103748	366021	324971	45	1593	 98 
104787	364358	324971	937	39003	 95 
103734	365737	324971	46	1786	 93 
104803	363299	324971	945	39423	 92 
104787	364640	324971	943	39638	 87 
103737	368087	324971	39	1006	 82 
103734	367519	324971	43	1360	 77 
103732	368633	324971	41	1544	 75 
104777	365317	324971	943	39520	 65 
103741	366230	324971	40	1278	 64 
103739	367082	324971	14	625	 62 
104813	363470	324971	944	39707	 59 
104836	363079	324971	943	38943	 59 
103732	370612	324971	41	1208	 57 
104833	364032	324971	943	39870	 56 
104229	364433	324971	944	39473	 53 
104838	362874	324971	948	39716	 53 
103638	366450	324971	947	39605	 52 
104837	363580	324971	942	39526	 48 
104781	363140	324971	953	39965	 45 
103634	366938	324971	951	39655	 44 
104801	363520	324971	946	39530	 43 
104798	363860	324971	944	39537	 40 
104797	363871	324971	946	39780	 39 
104792	364093	324971	941	39726	 35 
104801	364286	324971	913	38664	 28 
104751	364086	324971	944	39644	 24 
103738	366992	324971	43	1338	 21 
103669	366343	324971	946	39627	 19 
104787	363621	324971	947	39332	 14 
103617	367652	324971	944	39644	 11 
104812	363082	324971	949	39638	 11 
103727	365430	324971	48	1824	 7 ***
104033	364433	324971	948	39896	 5 
104795	364767	324971	921	39071	 5 
103723	367755	324971	42	1574	 2 
103736	367245	324971	45	1505	 1 

103566	368277	324325	963	39846	 100 
104730	362902	324325	952	39247	 100 
104754	362156	324325	958	39502	 98 
104727	364337	324325	940	39116	 95 
104742	366838	324325	11	556	 93 
103658	365376	324325	21	514	 87 ***
104709	363107	324325	959	39872	 85 
103577	368120	324325	956	39749	 82 
104769	362490	324325	956	39774	 81 
103655	366864	324325	31	828	 78 
104727	362657	324325	963	39860	 76 
104687	363828	324325	961	39852	 75 
103652	366933	324325	32	1134	 74 
104735	364354	324325	937	39070	 73 
104729	362189	324325	964	40090	 66 
103658	366010	324325	29	898	 66 
103644	367122	324325	953	39907	 58 
104751	362646	324325	961	39814	 56 
104701	364538	324325	954	39786	 54 
104699	365358	324325	960	39988	 50 
104810	362882	324325	954	39253	 49 
104690	363203	324325	962	39987	 49 
104702	364405	324325	954	39770	 47 
104745	362683	324325	955	39811	 46 
103654	367629	324325	30	799	 45 
104757	363577	324325	922	38662	 44 
104723	363319	324325	955	39232	 43 
104723	364577	324325	937	39082	 42 
103651	368266	324325	43	1140	 38 
103655	366475	324325	43	1176	 37 
104714	364563	324325	951	39425	 33 
104711	363383	324325	956	39557	 29 
103648	368065	324325	47	1614	 26 
104701	363906	324325	960	39675	 22 
104719	364715	324325	945	39485	 20 
103575	365199	324325	961	40070	 19 
104739	364228	324325	44	1389	 18 
104736	364013	324325	951	39151	 12 
103658	366870	324325	23	707	 10 
104705	363398	324325	960	39985	 3 
104763	363486	324325	944	39655	 1 

104666	358268	325358	957	39344	 96 
104679	359841	325358	938	38810	 96 
104642	359447	325358	961	39109	 88 
103583	360464	325358	43	1154	 88 
103580	361523	325358	40	1038	 87 
103496	363207	325358	960	39495	 85 
103580	360582	325358	41	1007	 80 
104641	359693	325358	961	39141	 79 
104663	358821	325358	955	39380	 78 
104648	360326	325358	950	39000	 77 
104640	359697	325358	955	39625	 70 
103571	362623	325358	36	1011	 68 
104646	359151	325358	956	39591	 66 
104671	359029	325358	954	39461	 63 
104679	358453	325358	956	39165	 62 
103591	360440	325358	32	1195	 61 
104639	359872	325358	962	39483	 58 
104644	359209	325358	960	39633	 57 
104738	359557	325358	937	38995	 47 
104633	359935	325358	960	39527	 40 
104636	359999	325358	953	38412	 40 
103577	364306	325358	29	779	 40 
103581	360740	325358	14	526	 35 
103580	364231	325358	26	562	 32 
104692	359034	325358	952	38988	 31 
103582	360537	325358	41	926	 31 
103580	360555	325358	15	402	 29 ***
103578	362259	325358	41	996	 26 
104710	359361	325358	942	39262	 25 
104653	359101	325358	950	39327	 23 
103499	361492	325358	943	39324	 21 
104696	359650	325358	562	24033	 19 
104655	360252	325358	455	19373	 18 
103576	362790	325358	32	935	 14 
104721	357336	325358	959	39469	 11 
104656	360235	325358	937	38252	 8 

103784	360951	329073	964	39763	 97 
103761	363196	329073	43	1338	 90 
103767	361369	329073	957	39417	 88 
103769	364884	329073	29	828	 81 
104915	358525	329073	957	39360	 79 
103770	361988	329073	30	1126	 77 ***
104846	361615	329073	45	1363	 76 
104850	359981	329073	952	39352	 75 
104860	358787	329073	933	38739	 74 
103758	363982	329073	35	878	 74 
104852	361534	329073	934	38721	 67 
103766	365271	329073	23	398	 66 
104819	361206	329073	956	39717	 63 
104057	361323	329073	963	39789	 62 
103771	364069	329073	25	724	 61 
103028	363500	329073	960	39017	 60 
103766	363736	329073	36	1255	 60 
104829	361629	329073	955	39195	 57 
103753	364100	329073	31	607	 54 
104848	358771	329073	956	38879	 50 
104844	358620	329073	960	39611	 38 
103681	363260	329073	959	39520	 38 
103760	363441	329073	38	1187	 37 
104871	358187	329073	958	39376	 35 
103763	362002	329073	39	1157	 33 
104875	361598	329073	584	23687	 31 
104838	361600	329073	937	38760	 25 
103756	363659	329073	38	1137	 24 
104815	361249	329073	961	39464	 23 
103752	363964	329073	41	1435	 23 
104865	359599	329073	930	38935	 17 
104819	359197	329073	957	39578	 9 
103756	363823	329073	37	1072	 9 
104815	360759	329073	967	39945	 8 
103761	363377	329073	42	1213	 1 

103602	354723	325573	48	1643	 100 
103617	354935	325573	18	409	 97 
104720	351484	325573	939	38473	 96 
103607	354916	325573	37	1154	 91 
104660	351432	325573	952	39191	 89 
104750	349668	325573	956	39163	 89 
103599	354778	325573	43	1695	 89 
104689	350580	325573	956	38653	 87 
104702	351458	325573	940	38535	 83 
103548	356079	325573	962	39171	 73 
104753	351462	325573	938	38607	 73 
104708	349992	325573	953	38969	 72 
103611	352058	325573	39	1010	 60 
103597	355305	325573	954	38671	 58 
104700	350672	325573	950	38439	 55 
103910	350361	325573	959	38670	 50 
104765	351395	325573	936	38541	 47 
103603	356842	325573	34	957	 47 
104690	351238	325573	947	38529	 46 
103603	355428	325573	38	996	 45 
104684	351742	325573	938	38830	 41 
104702	350477	325573	953	38819	 40 
104703	350619	325573	947	38692	 40 
103667	351797	325573	957	39160	 38 
104766	351841	325573	559	22833	 37 
103606	355335	325573	33	826	 33 
103602	354027	325573	40	1269	 32 
104723	350252	325573	944	38955	 31 
104716	349723	325573	956	38817	 19 
103556	354441	325573	959	39023	 18 
103610	352251	325573	26	802	 15 ***
104688	350186	325573	960	39046	 13 
104696	351684	325573	945	38626	 13 
104672	351472	325573	947	38497	 11 
103612	352040	325573	40	1196	 10 
103608	354384	325573	37	1209	 9 
103609	352568	325573	24	613	 7 
103605	353359	325573	39	1261	 6 
103522	356896	325573	961	39288	 3 
104671	350605	325573	954	38992	 0 

104700	343059	324511	951	38983	 96 
104709	343738	324511	941	38232	 87 
104729	342276	324511	949	38998	 85 
103556	345907	324511	928	38448	 84 
104720	343757	324511	938	38381	 83 
103613	346226	324511	40	1141	 71 
103615	348368	324511	30	1087	 64 
104713	343073	324511	947	39076	 63 
103509	346438	324511	950	38950	 63 
103621	344442	324511	2	137	 61 ***
104698	344030	324511	37	1401	 59 
104740	343254	324511	913	38079	 52 
103614	347073	324511	33	1014	 51 
104732	343864	324511	913	38187	 48 
104720	342687	324511	949	38977	 45 
104760	343036	324511	940	38518	 44 
103627	343949	324511	39	1066	 36 
104702	343254	324511	948	39169	 35 
103975	343495	324511	949	38816	 34 
103617	345767	324511	36	1060	 30 
103612	348784	324511	33	803	 29 
103626	344195	324511	35	1204	 27 
103522	346591	324511	949	38944	 23 
104704	343053	324511	950	39165	 19 
104722	342426	324511	942	38980	 18 
104706	342724	324511	949	38922	 18 
104745	343512	324511	911	37910	 12 
103612	350275	324511	34	1197	 12 
103543	346437	324511	947	38779	 8 
104766	341921	324511	953	39162	 8 
104693	343750	324511	946	38778	 5 
103611	347826	324511	40	1504	 1 
103617	345553	324511	39	1321	 0 

104832	344735	324533	33	1269	 97 
103754	346889	324533	27	1004	 95 
104853	342791	324533	945	38419	 94 
103751	345134	324533	40	1374	 94 
103656	346594	324533	949	38999	 92 
104873	342780	324533	940	38989	 91 
104932	343370	324533	930	37896	 88 
103758	344578	324533	40	1316	 86 ***
104835	343563	324533	946	38969	 84 
103761	344408	324533	54	1759	 83 
104905	342589	324533	940	38731	 82 
103638	349892	324533	946	39107	 81 
103752	347114	324533	29	1064	 79 
104850	342584	324533	947	38594	 78 
104844	341439	324533	950	38934	 75 
104836	342851	324533	950	39141	 74 
104846	344308	324533	36	1323	 70 
104840	342224	324533	951	39026	 65 
104916	342230	324533	945	38440	 65 
103760	345338	324533	24	960	 65 
103694	346492	324533	953	39123	 64 
104884	342428	324533	942	38187	 62 
103750	346093	324533	33	1644	 62 
104899	342114	324533	949	38845	 60 
103751	345202	324533	34	1103	 59 
104055	343005	324533	947	38710	 55 
104881	342632	324533	945	38787	 54 
103706	346207	324533	951	38991	 53 
103753	344693	324533	39	1607	 48 
103759	346717	324533	26	760	 46 
104840	343404	324533	920	37801	 45 
104835	342728	324533	951	38900	 45 
104810	343989	324533	929	38681	 43 
103747	347111	324533	43	1839	 43 
104838	343949	324533	919	38071	 42 
104838	344535	324533	33	954	 42 
104900	341538	324533	946	38845	 40 
104835	342391	324533	953	39027	 39 
104836	341580	324533	952	38726	 36 
103748	346846	324533	34	1682	 34 
103756	346728	324533	27	762	 32 
103655	346145	324533	955	39264	 27 
104827	342864	324533	951	38966	 26 
104844	342792	324533	949	38439	 19 
104857	341293	324533	950	39173	 17 
103741	347149	324533	38	1448	 15 
104812	343742	324533	943	38580	 14 
103697	346946	324533	948	38573	 9 
103761	346051	324533	22	999	 9 
104840	343080	324533	945	38960	 6 
104885	341274	324533	951	38891	 5 

104847	341102	324558	943	39324	 95 
103731	342940	324558	20	195	 95 ***
104231	342059	324558	944	39354	 94 
103603	346115	324558	945	39130	 91 
103730	344728	324558	38	1187	 89 
103723	343543	324558	44	1086	 80 
104793	341339	324558	936	38735	 71 
104776	342541	324558	943	39121	 52 
103734	342766	324558	38	1265	 51 
104825	342023	324558	927	38822	 47 
104779	342063	324558	937	38603	 32 
103720	346476	324558	35	895	 25 
104825	340781	324558	946	39435	 19 
104803	340827	324558	949	39384	 11 
103719	347004	324558	38	1522	 11 
103713	345273	324558	40	1222	 9 
104833	342019	324558	926	38081	 0 

104867	337797	325184	944	38996	 100 
104852	338283	325184	925	39240	 98 
103741	341769	325184	18	204	 98 
104815	338049	325184	950	39836	 97 
104824	338346	325184	946	39542	 96 
104840	338240	325184	946	39526	 96 
103734	344146	325184	32	937	 91 
104815	338270	325184	949	39493	 86 
103733	340502	325184	39	1252	 81 
103740	338878	325184	38	1444	 79 
104816	337133	325184	948	39742	 67 
103740	340308	325184	36	1176	 58 
103732	341794	325184	34	1036	 55 
104839	336885	325184	948	39481	 54 
104808	338052	325184	952	39679	 53 
104784	337974	325184	953	39927	 49 
104841	337495	325184	947	39434	 49 
103742	339152	325184	34	1158	 45 
103655	341938	325184	948	39503	 44 
103766	338341	325184	950	39846	 39 
104811	338285	325184	950	39475	 36 
103739	340746	325184	30	891	 35 
104888	336026	325184	950	39629	 33 
104874	336701	325184	943	39217	 28 
103728	342601	325184	41	1633	 28 
103739	340803	325184	36	950	 24 
104793	337954	325184	957	39966	 20 
104854	337824	325184	943	38961	 20 
103739	342502	325184	33	914	 17 
104839	336255	325184	952	39593	 15 
103732	341304	325184	42	1465	 15 
103657	341046	325184	947	39845	 9 
104843	338176	325184	946	39343	 7 
104886	338232	325184	922	38459	 7 
104902	337083	325184	921	38791	 6 
103745	338460	325184	5	44	 6 ***
104829	338128	325184	947	39468	 4 

103822	337964	326861	24	726	 95 
103828	336570	326861	23	739	 94 
104881	334002	326861	948	39424	 93 
104912	332835	326861	952	39769	 92 
103813	337702	326861	29	784	 86 
104922	332407	326861	952	39785	 85 
103810	338573	326861	31	910	 79 
103822	336512	326861	27	647	 77 
103762	335924	326861	951	39641	 71 
103819	338978	326861	18	351	 68 
104947	334059	326861	918	38709	 67 
104932	333448	326861	945	39461	 67 
104983	333412	326861	918	38370	 67 
103745	340617	326861	954	39599	 63 
103816	336175	326861	33	891	 61 
103817	336155	326861	34	1059	 52 
104923	333668	326861	946	39796	 50 
104929	333687	326861	924	39128	 49 
104176	332971	326861	949	39553	 47 
103702	338115	326861	958	40018	 46 
103833	335506	326861	28	539	 45 
103813	337046	326861	29	1040	 41 
103761	338713	326861	954	39652	 40 
103815	334548	326861	38	903	 33 ***
104919	332816	326861	953	39920	 31 
104899	333723	326861	920	39105	 26 
104952	333605	326861	919	38667	 24 
103821	336145	326861	28	1078	 22 
104944	334354	326861	917	38726	 19 
104939	332678	326861	950	39798	 19 
104898	332658	326861	956	39754	 9 
104916	333483	326861	947	39607	 9 
103762	339375	326861	950	39772	 2 
104943	333368	326861	948	39729	 0 

105201	332789	334865	947	40019	 97 
105170	332878	334865	955	40050	 96 
105190	333562	334865	946	39676	 94 
104058	336616	334865	40	1049	 94 
105200	333022	334865	953	39993	 91 
105132	334101	334865	949	40000	 88 
104064	336366	334865	34	1120	 88 
104009	336767	334865	956	40088	 87 
104069	335691	334865	35	1135	 87 
104067	338273	334865	32	1061	 84 
105136	333189	334865	951	39964	 83 
105221	334494	334865	923	38913	 81 
105127	334789	334865	951	40092	 81 
104067	337195	334865	30	1001	 81 
105161	333650	334865	949	39824	 78 
105122	334316	334865	953	40134	 77 
105138	333713	334865	927	39473	 70 
105193	333045	334865	953	40372	 68 
104079	336444	334865	23	355	 66 
105132	334729	334865	952	40154	 65 
105134	334085	334865	953	39975	 65 
105127	333855	334865	955	40093	 64 
104058	336980	334865	44	1329	 62 
105218	335000	334865	922	39324	 59 
104060	338978	334865	33	876	 59 
104051	339239	334865	955	39773	 58 
105151	332937	334865	958	40329	 53 
104068	335876	334865	38	1186	 51 
105185	333305	334865	949	39835	 50 
105178	331967	334865	960	40480	 49 
105176	333662	334865	946	39762	 45 
105198	333396	334865	948	39568	 44 
103982	338581	334865	959	40397	 42 
105100	334783	334865	953	40234	 41 
105133	334808	334865	946	39604	 40 
104052	338178	334865	38	1208	 40 
104077	338526	334865	28	779	 36 
105170	334035	334865	925	39334	 35 
103995	340453	334865	953	39776	 34 
105113	334427	334865	956	40369	 30 
104064	336278	334865	35	1124	 30 
104064	337207	334865	38	1027	 23 
104129	334633	334865	954	40349	 21 
104086	336070	334865	33	876	 20 
104059	338282	334865	34	1120	 19 
105225	332736	334865	958	40427	 15 
105139	335071	334865	573	24134	 11 
104078	336087	334865	34	877	 10 
104068	340790	334865	29	780	 9 
104065	337477	334865	33	876	 6 
105166	332993	334865	956	40166	 4 
104075	335088	334865	35	893	 3 ***
105196	333160	334865	952	40271	 0 
104064	338279	334865	34	1120	 0 

