#104568	433106	330645	0	0	 76 ***
#104560	435212	330645	0	0	 76 
#105567	427332	330645	0	0	 73 
#105656	426475	330645	0	0	 71 
#104821	430488	330645	0	0	 29 
#105622	426711	330645	0	0	 19 
#104506	435398	330645	0	0	 0 

105410	419879	331743	969	41147	 97 
105438	418663	331743	978	41587	 97 
104382	429400	331743	23	488	 97 
104365	428285	331743	30	781	 93 
104294	425534	331743	972	40470	 91 
105418	423011	331743	955	40275	 89 
105440	419288	331743	975	41358	 86 
104371	425577	331743	29	766	 81 
104222	431835	331743	976	41522	 78 
105489	421295	331743	957	40667	 70 
105429	418351	331743	981	41479	 69 
104257	427834	331743	980	41453	 64 
104374	423195	331743	40	1206	 64 
104359	427447	331743	34	1288	 62 
105487	420400	331743	968	40626	 61 
105420	422898	331743	968	41281	 57 
104366	426407	331743	26	717	 56 
104362	425244	331743	32	1022	 54 
105430	422703	331743	954	40630	 52 
104364	428890	331743	31	1003	 51 
104277	426356	331743	976	41247	 38 
105451	422245	331743	32	1051	 38 
104359	424701	331743	33	1108	 23 
105437	423115	331743	950	40711	 21 
105405	421623	331743	975	40819	 20 
104369	423359	331743	33	1037	 8 ***
104258	427697	331743	977	41619	 4 
104305	422698	331743	969	41007	 3 
104369	426204	331743	30	995	 3 
104372	424301	331743	29	759	 2 

104165	418884	330379	968	40510	 97 
104519	417300	330379	967	40585	 94 
105323	415020	330379	968	40568	 91 
104163	422886	330379	960	40697	 91 
105299	417769	330379	959	40553	 90 
104777	417075	330379	966	40732	 90 
105337	417437	330379	35	1181	 88 
104235	418771	330379	36	1341	 83 
105343	414085	330379	963	40655	 82 
105304	417541	330379	963	40991	 75 
105353	415982	330379	944	40125	 74 
104101	420584	330379	967	40983	 73 
104252	418425	330379	38	1277	 72 
105349	416870	330379	959	40534	 70 
105319	417352	330379	960	40607	 69 
105302	415475	330379	967	40772	 67 
104247	418963	330379	33	1253	 64 
104258	418068	330379	21	558	 63 ***
105328	416696	330379	961	40574	 60 
105350	416500	330379	958	40603	 58 
105319	416827	330379	965	40731	 57 
104114	419693	330379	973	41126	 52 
105312	416998	330379	964	40667	 51 
104256	418365	330379	34	1074	 51 
105318	416906	330379	964	40823	 50 
105360	414836	330379	960	40328	 47 
105324	414956	330379	968	40865	 44 
105281	414872	330379	974	41168	 43 
105287	413746	330379	969	40787	 40 
104323	418036	330379	973	41084	 36 
104148	418226	330379	971	40375	 34 
105324	415263	330379	963	40546	 33 
105283	415891	330379	968	40389	 32 
104250	420871	330379	30	977	 30 
105311	417242	330379	965	40520	 29 
105284	417332	330379	965	40646	 25 
104245	421809	330379	33	1157	 20 
105343	413429	330379	970	41140	 17 
104255	418213	330379	35	1157	 15 
105325	417160	330379	942	39829	 13 
104233	419332	330379	491	20886	 5 
105326	415112	330379	967	40723	 4 
104257	420638	330379	18	413	 4 

103975	410579	322844	35	1060	 99 
103989	411822	322844	18	516	 97 
105033	405188	322844	960	40690	 96 
103886	412748	322844	962	40532	 83 
103980	409855	322844	34	931	 81 
105066	408534	322844	36	1075	 78 
103985	412309	322844	24	1052	 73 
103987	411657	322844	27	1453	 71 
105073	408360	322844	33	1041	 69 
103984	414960	322844	25	719	 66 
105018	407783	322844	964	40473	 64 
103987	408156	322844	37	1105	 60 
105027	407968	322844	961	40558	 49 
103981	409544	322844	32	793	 41 
103988	409211	322844	23	958	 30 ***
103971	413072	322844	36	968	 29 
105051	407855	322844	959	40590	 19 
105073	405709	322844	485	20492	 19 
103883	416021	322844	958	40273	 18 
103983	409319	322844	29	906	 12 
105056	407352	322844	949	40309	 2 
103974	411566	322844	32	1033	 0 

104894	400336	321079	40	1019	 100 
103683	401082	321079	959	40001	 98 
103806	404265	321079	29	970	 98 
104854	397985	321079	956	39736	 96 
104920	398061	321079	952	39921	 94 
104907	398440	321079	951	39560	 93 
104855	397319	321079	953	39879	 92 
104807	398839	321079	952	39681	 91 
103715	403580	321079	952	39661	 90 
103810	402673	321079	34	927	 90 
103698	404976	321079	942	39819	 82 
103771	402341	321079	949	39700	 75 
104890	399278	321079	41	1287	 75 
104854	397612	321079	954	39567	 73 
104949	397887	321079	929	39365	 70 
103803	402930	321079	36	1231	 68 
103737	403859	321079	951	39558	 67 
103804	402915	321079	33	923	 66 
104850	398402	321079	955	39387	 61 
104865	398591	321079	947	39740	 55 
103816	401802	321079	37	1456	 53 
104890	401515	321079	28	1001	 50 
104841	399342	321079	930	39541	 47 
104855	396836	321079	954	39591	 45 
103678	402557	321079	955	40041	 43 
104865	395109	321079	957	39870	 39 
103798	403441	321079	40	1446	 33 
103822	401381	321079	39	1027	 29 
103802	402723	321079	37	965	 23 
103818	401830	321079	34	996	 19 
104859	398485	321079	948	39060	 17 
104860	396416	321079	956	39884	 16 
103805	401842	321079	35	946	 16 
103818	401359	321079	41	1708	 14 
104851	399624	321079	484	20492	 9 
103823	400359	321079	43	1003	 3 ***
103817	404310	321079	28	721	 0 

104779	393745	321290	949	39559	 93 
104794	393055	321290	945	38666	 91 
104756	394174	321290	538	22768	 91 
104768	392711	321290	952	39532	 89 
103746	395360	321290	36	1058	 89 
104808	392465	321290	945	39252	 86 
104785	394098	321290	944	39489	 84 
103624	401433	321290	945	39050	 84 
104836	391946	321290	941	39330	 79 
103728	396375	321290	35	950	 78 
104810	391300	321290	948	39624	 75 
103747	394793	321290	33	927	 73 
103718	395208	321290	951	39532	 70 
103749	395256	321290	20	675	 69 ***
104834	392384	321290	927	39183	 67 
103630	399078	321290	947	39786	 61 
103743	395433	321290	36	1024	 59 
104783	393259	321290	950	39563	 56 
104811	393534	321290	480	20513	 55 
103740	395353	321290	43	1252	 54 
104825	392180	321290	945	39592	 49 
103720	394589	321290	948	38979	 46 
104757	394003	321290	952	39433	 44 
103730	395417	321290	41	1705	 39 
103741	397414	321290	32	1140	 34 
104774	394028	321290	947	39838	 33 
104813	392934	321290	925	38582	 32 
103736	396295	321290	37	962	 28 
104785	391664	321290	948	39128	 19 
104830	391499	321290	947	39446	 19 
103746	398325	321290	28	738	 14 
104794	393894	321290	944	39302	 13 
104823	393262	321290	20	976	 7 
103656	397680	321290	946	39505	 5 
104816	394606	321290	38	1217	 0 

104531	386370	318893	951	39453	 99 
103491	392902	318893	29	968	 99 
104541	386339	318893	948	39488	 90 
104512	387424	318893	944	38883	 85 
104508	387466	318893	940	39222	 85 
103475	389500	318893	33	945	 82 ***
104496	388511	318893	947	39223	 80 
103463	390212	318893	38	1327	 80 
103451	387000	318893	950	39298	 78 
104519	388929	318893	933	38874	 77 
103473	391273	318893	33	1048	 75 
103488	394889	318893	25	490	 69 
103482	389864	318893	32	943	 67 
104527	387061	318893	928	38808	 66 
104533	386959	318893	938	38829	 66 
104529	386454	318893	946	38739	 66 
103467	391317	318893	33	1038	 62 
103476	390894	318893	31	950	 57 
104548	385113	318893	945	38940	 55 
104563	386572	318893	942	38602	 51 
104553	384833	318893	949	39484	 51 
104513	389228	318893	923	38199	 48 
104485	389294	318893	947	39400	 45 
104560	387306	318893	39	1031	 42 
104581	385894	318893	943	39249	 41 
103475	392040	318893	31	922	 41 
104522	386788	318893	945	38740	 37 
104588	385355	318893	944	39362	 37 
103484	395268	318893	30	828	 31 
103485	395048	318893	30	920	 27 
103435	389803	318893	938	38797	 26 
104520	388396	318893	930	38748	 26 
104486	388820	318893	943	39355	 9 
103472	389863	318893	40	1269	 6 
103473	390682	318893	34	1234	 2 
104560	387381	318893	39	1097	 0 

104654	381107	320601	943	39078	 96 
104600	384493	320601	24	355	 95 
103533	384511	320601	35	1335	 94 
104010	381712	320601	939	38846	 89 
103449	384127	320601	947	39046	 84 
103536	385276	320601	33	990	 84 
104615	382922	320601	925	38265	 83 
104633	382845	320601	924	38415	 77 
103519	385498	320601	33	936	 77 
103534	385325	320601	31	937	 68 
103532	384809	320601	37	1065	 64 
103401	389049	320601	947	38687	 55 
104601	380699	320601	946	39054	 53 
104576	383802	320601	937	39073	 48 
104656	380512	320601	939	38836	 48 
103539	383977	320601	34	1178	 46 ***
104622	382267	320601	927	38479	 43 
104616	382853	320601	41	1049	 43 
104598	383310	320601	938	38585	 37 
104607	382881	320601	926	38540	 34 
103539	386367	320601	29	894	 33 
103766	383885	320601	944	39195	 30 
103525	384822	320601	34	1163	 24 
104598	381545	320601	942	38619	 23 
103530	386528	320601	31	900	 22 
103865	382878	320601	947	39272	 21 
103529	390249	320601	25	1000	 19 
103518	386685	320601	28	502	 13 
103535	387075	320601	22	532	 12 
104618	380379	320601	948	39292	 5 

104868	384952	325011	939	38621	 99 
103793	387439	325011	31	1237	 98 
104870	384472	325011	477	19337	 96 
104900	382609	325011	940	38439	 92 
104875	383428	325011	940	38692	 92 
103726	390665	325011	943	39056	 90 
104808	384609	325011	946	38726	 89 
104845	383581	325011	942	38863	 87 
104817	384421	325011	953	39270	 85 
103789	386230	325011	59	2063	 79 
104880	383426	325011	43	1268	 74 
103700	390945	325011	946	38948	 72 
104853	384918	325011	941	38798	 72 
103786	386369	325011	45	1815	 71 
104872	382977	325011	942	38705	 69 
104833	384602	325011	948	38617	 56 
103800	385083	325011	14	817	 54 ***
104904	382900	325011	916	38307	 53 
104910	381365	325011	944	38958	 48 
104832	384742	325011	945	38853	 47 
104876	383575	325011	937	38538	 47 
103796	387434	325011	28	763	 41 
103792	385700	325011	41	1594	 39 
103790	386202	325011	41	1407	 38 
104855	383184	325011	942	39092	 35 
104838	384523	325011	944	38873	 33 
104925	381885	325011	940	38524	 28 
104879	384503	325011	43	1085	 26 
104897	381627	325011	945	39089	 24 
104847	382505	325011	949	38939	 6 
104833	385049	325011	943	38644	 4 
103787	387110	325011	39	1341	 3 
104885	382105	325011	945	38512	 2 

104785	377662	322693	945	39144	 100 
103736	379046	322693	41	1625	 100 
103648	384173	322693	944	38654	 99 
104815	376730	322693	43	1299	 94 
103592	379441	322693	949	39063	 92 
103739	380525	322693	24	669	 92 
104775	377762	322693	943	38908	 91 
103639	379149	322693	948	38978	 89 
103729	379265	322693	42	1824	 81 
103639	383775	322693	947	39138	 80 
104876	374546	322693	945	38891	 79 
104785	377720	322693	944	39221	 79 
104790	376006	322693	946	39171	 75 
104044	377335	322693	949	39309	 70 
104814	375817	322693	947	39268	 61 
104768	377868	322693	940	38525	 60 
104808	376138	322693	926	38662	 58 
104817	374367	322693	950	39308	 56 
104821	375025	322693	944	38988	 55 
103731	378198	322693	47	1309	 50 ***
103739	378498	322693	38	1339	 47 
104818	374737	322693	947	38952	 44 
103646	381756	322693	945	39140	 40 
103732	379290	322693	35	1257	 37 
104813	378139	322693	924	38637	 36 
103721	380146	322693	40	1534	 33 
104834	374516	322693	949	39045	 32 
104758	376361	322693	946	38841	 13 
104820	375882	322693	58	1723	 10 
104807	377194	322693	940	38999	 8 
104888	375866	322693	942	38564	 5 
104790	375956	322693	941	38768	 0 

104773	375832	324193	925	39051	 99 
103712	378027	324193	42	1190	 93 
103724	376244	324193	36	1079	 92 
104776	372970	324193	950	39261	 81 
103730	376378	324193	33	958	 78 
104770	372914	324193	952	39592	 68 
103716	376100	324193	37	1360	 68 
103669	380683	324193	952	39717	 62 
104832	371784	324193	954	39176	 59 
104796	372897	324193	944	38969	 58 
104785	375108	324193	926	39057	 53 
104837	370885	324193	950	39700	 51 
103666	382532	324193	956	39863	 49 
103717	380540	324193	32	816	 39 
103716	380701	324193	33	1152	 38 
103719	377656	324193	35	931	 37 
103720	377674	324193	34	936	 31 
104791	372584	324193	950	39763	 29 
103723	377075	324193	31	900	 27 
104797	371960	324193	41	1019	 24 ***
103717	377834	324193	34	1101	 20 
104796	374540	324193	937	39288	 15 
103714	376930	324193	45	1570	 9 
104759	374195	324193	947	39310	 0 

104811	370545	324690	35	1333	 100 
104794	369764	324690	945	39609	 98 
104764	372766	324690	946	39524	 92 
104797	369448	324690	946	39596	 90 
103997	371520	324690	949	39800	 88 
104784	369583	324690	950	39592	 85 
104817	368412	324690	951	39772	 77 
104780	371775	324690	943	39349	 73 
104792	372636	324690	932	38844	 72 
104795	373413	324690	920	38632	 71 
104799	372594	324690	922	39347	 71 
103721	376525	324690	943	39051	 67 
104794	371806	324690	942	39214	 67 
104813	371582	324690	26	891	 67 
104766	372433	324690	942	38842	 64 
104779	371562	324690	944	39652	 64 
104801	368946	324690	947	39463	 63 
104803	370784	324690	916	38641	 62 
104824	368279	324690	2	126	 57 ***
104815	368496	324690	3	72	 54 
104765	371731	324690	945	39113	 52 
104812	372348	324690	34	1056	 52 
104030	372815	324690	938	38950	 51 
104812	375021	324690	27	974	 51 
103764	372624	324690	950	39480	 49 
104810	373897	324690	35	950	 45 
104775	370535	324690	950	39431	 44 
104210	373889	324690	41	1604	 44 
104796	369055	324690	949	39703	 43 
103785	373422	324690	947	39320	 39 
104796	370769	324690	943	39272	 38 
103634	378286	324690	943	39198	 37 
104814	369888	324690	940	39450	 37 
103785	372832	324690	943	38877	 36 
103774	376893	324690	942	39673	 33 
104804	370963	324690	36	965	 32 
104786	371972	324690	942	39300	 30 
104803	369334	324690	944	39561	 28 
104809	374028	324690	31	722	 27 
103646	374480	324690	945	39319	 21 
104783	372705	324690	931	39213	 21 
104813	374055	324690	15	143	 17 
104013	375050	324690	941	39511	 16 
104784	370414	324690	945	39871	 10 
104786	372184	324690	941	38938	 7 
103777	377824	324690	940	39361	 6 
104785	371734	324690	943	39730	 4 
104764	370588	324690	947	39658	 0 

104930	377151	325842	30	886	 97 
104918	372490	325842	950	39732	 96 
104892	376116	325842	950	39565	 82 
104898	378686	325842	944	39868	 82 
104931	371568	325842	4	265	 80 ***
103863	377810	325842	945	38959	 76 
104929	371906	325842	956	39942	 76 
104870	373185	325842	951	39140	 69 
104148	375883	325842	956	39853	 69 
104930	373035	325842	35	1064	 67 
104923	374314	325842	36	1086	 62 
104923	374081	325842	33	942	 61 
104929	373148	325842	550	23755	 60 
104898	374300	325842	950	39535	 58 
104900	375315	325842	925	38888	 52 
104961	371219	325842	952	39482	 44 
104895	372798	325842	955	39778	 41 
104911	372559	325842	952	39471	 41 
104921	372477	325842	956	39727	 18 
104906	374257	325842	478	19657	 17 
104892	377598	325842	947	39805	 14 
103856	376637	325842	955	39963	 10 
103700	374543	325842	957	39884	 9 
104936	371862	325842	2	4	 9 
103776	379198	325842	950	39460	 3 
104929	374369	325842	31	939	 0 

104913	370181	326132	35	985	 98 
104978	368552	326132	917	39083	 95 
104905	369690	326132	948	39659	 91 
104933	368013	326132	950	40041	 90 
104895	372290	326132	942	39468	 90 
103843	371115	326132	953	39811	 82 
104915	368967	326132	21	797	 80 ***
104899	372440	326132	941	39259	 75 
104900	372893	326132	925	39254	 75 
103791	371928	326132	955	40269	 70 
104939	367866	326132	946	39735	 67 
104946	367457	326132	947	39851	 67 
104898	375601	326132	933	39541	 65 
103874	371636	326132	947	39710	 63 
104905	370975	326132	931	39256	 62 
104912	371843	326132	41	1603	 62 
103872	371501	326132	951	39957	 59 
104881	372869	326132	943	39386	 57 
104882	371353	326132	945	39603	 55 
103738	377680	326132	952	39481	 53 
104914	368046	326132	948	39844	 47 
104915	368936	326132	918	39034	 47 
104913	371709	326132	27	878	 43 
104925	368714	326132	941	39570	 42 
103883	374644	326132	934	38865	 42 
104933	371590	326132	20	336	 37 
104901	369671	326132	954	40120	 34 
104359	373752	326132	944	39472	 32 
104924	368938	326132	38	1405	 32 
103772	373743	326132	951	40083	 28 
104902	372343	326132	929	39644	 27 
104913	369450	326132	930	39657	 25 
104902	369584	326132	950	40072	 22 
104879	369721	326132	949	39901	 22 
104904	374114	326132	546	23468	 20 
104874	373990	326132	938	39934	 18 
104944	368808	326132	543	23652	 17 
104907	370247	326132	946	39708	 15 
103869	370595	326132	952	40009	 9 
104895	370794	326132	943	38570	 7 
104920	367566	326132	953	40233	 2 
104909	371520	326132	928	39316	 1 

104788	363897	324971	942	39587	 92 
103705	368054	324971	941	39554	 92 
103609	370639	324971	940	39256	 85 
104846	363056	324971	946	39641	 84 
104771	363935	324971	44	1295	 84 ***
104825	363158	324971	944	39537	 83 
104792	363597	324971	947	39286	 81 
104826	363365	324971	942	39242	 76 
104780	366938	324971	42	1021	 74 
103754	367881	324971	940	39075	 68 
104820	362791	324971	947	39359	 61 
104783	363287	324971	951	39989	 59 
104779	366002	324971	43	1378	 57 
103637	369551	324971	946	39297	 52 
104775	368127	324971	25	532	 51 
104817	363495	324971	946	39677	 48 
104786	363628	324971	946	39238	 45 
104794	363512	324971	950	39757	 42 
104783	366931	324971	39	1156	 39 
104767	366437	324971	941	39204	 38 
104785	363753	324971	943	39245	 37 
104765	365783	324971	947	39522	 37 
104777	363913	324971	49	1626	 37 
103977	366498	324971	52	1670	 33 
104216	365010	324971	949	39873	 28 
104786	365721	324971	32	1256	 28 
104770	365997	324971	939	38859	 24 
104805	363363	324971	950	39729	 23 
104782	366169	324971	41	1073	 20 
104754	366191	324971	948	39628	 17 
104760	366384	324971	946	39509	 14 
104774	367898	324971	39	1094	 14 
104770	365461	324971	48	1725	 12 
103748	367610	324971	947	39718	 8 
104775	367527	324971	39	1020	 8 
104755	364221	324971	948	39516	 7 
104817	363388	324971	925	39361	 5 
104810	363663	324971	472	19379	 3 
104764	364215	324971	948	39264	 2 

103691	365516	324325	963	39898	 99 
104731	361684	324325	953	39328	 99 
104780	363452	324325	951	39633	 95 
104690	365582	324325	953	39050	 91 
104717	365921	324325	20	415	 90 
103647	368394	324325	956	39412	 78 
103715	366197	324325	954	39623	 76 
104802	362569	324325	926	39019	 63 
103695	366654	324325	958	39901	 61 
104717	362828	324325	952	39624	 59 
104718	364952	324325	15	438	 49 
103677	364843	324325	965	40116	 48 
104705	365585	324325	568	22812	 48 
104725	361294	324325	959	39485	 46 
104697	367045	324325	556	23577	 45 
103529	367793	324325	961	40001	 36 
104702	365115	324325	950	39363	 35 
104714	364761	324325	927	38778	 35 
104687	365758	324325	950	39200	 27 
104007	364637	324325	959	39428	 21 
104721	363573	324325	16	267	 19 ***
104695	364483	324325	963	39972	 15 
104705	363363	324325	955	39643	 10 
104696	364027	324325	957	39581	 8 
104676	369239	324325	950	38834	 7 
104687	366637	324325	939	39505	 4 
104719	361595	324325	957	39958	 2 

103609	362646	325358	960	39170	 98 
104656	357791	325358	937	38577	 98 
104036	359133	325358	26	954	 96 ***
104626	358998	325358	954	39354	 86 
103652	362134	325358	956	38768	 85 
104712	357606	325358	959	39109	 83 
103639	359823	325358	961	39348	 75 
103653	361863	325358	952	39505	 72 
103487	365560	325358	960	39431	 67 
104681	357638	325358	957	39386	 53 
103656	360425	325358	959	39527	 50 
104652	358837	325358	964	39615	 41 
103623	364249	325358	959	39475	 41 
103629	365381	325358	955	39528	 39 
104647	358551	325358	967	39664	 39 
103627	362091	325358	963	39504	 34 
104723	356992	325358	958	39590	 28 
103603	364229	325358	960	39363	 26 
103531	364976	325358	957	39284	 16 

103660	1.32843e+008	329073	962	39443	 99 
104051	8.98096e+007	329073	959	39512	 98 
103775	1.32841e+008	329073	962	39290	 95 
104880	8.98079e+007	329073	957	39540	 93 
104830	1.3284e+008	329073	955	38736	 91 
104857	8.67718e+007	329073	960	39538	 89 
104220	1.32842e+008	329073	34	847	 89 
104867	9.3716e+007	329073	956	39002	 83 
104836	1.28873e+008	329073	957	38910	 81 
104859	9.37174e+007	329073	942	39057	 77 
104835	9.37173e+007	329073	958	39477	 66 
103833	1.28876e+008	329073	965	39616	 65 
103791	1.25895e+008	329073	966	39573	 65 
104855	1.25895e+008	329073	943	39035	 59 
103803	1.32843e+008	329073	961	39506	 59 
104886	5.45921e+007	329073	952	39242	 59 
104836	1.32839e+008	329073	957	39324	 59 
104227	1.3284e+008	329073	11	69	 54 ***
104849	9.37174e+007	329073	945	39428	 48 
104934	1.32837e+008	329073	926	38570	 41 
104847	9.37159e+007	329073	958	39384	 40 
104831	8.98083e+007	329073	960	39661	 35 
104057	1.32846e+008	329073	957	39211	 33 
104848	8.98084e+007	329073	959	39474	 30 
104878	8.98094e+007	329073	957	39602	 29 
104223	1.3284e+008	329073	17	455	 28 
104848	1.32839e+008	329073	927	38435	 24 
104847	9.37175e+007	329073	957	39120	 24 
103815	1.32845e+008	329073	958	39368	 20 
104865	8.9811e+007	329073	958	39289	 18 
104885	5.06842e+007	329073	962	39432	 13 
104872	8.98136e+007	329073	954	39320	 8 
104843	1.32839e+008	329073	943	39263	 2 
103784	1.32841e+008	329073	962	39571	 0 
104828	5.06853e+007	329073	963	39793	 0 

103623	355642	325573	946	38608	 99 
103547	356711	325573	953	38883	 96 
103898	354090	325573	954	39070	 94 
104069	353028	325573	23	743	 86 
104079	351078	325573	9	362	 77 ***
103509	357196	325573	960	39038	 74 
104072	352671	325573	22	621	 72 
103618	356570	325573	960	38528	 68 
103541	356605	325573	957	39069	 67 
104753	350679	325573	934	38515	 66 
104076	352081	325573	34	1088	 65 
103648	354254	325573	957	38872	 59 
103638	355200	325573	953	38161	 57 
104723	349411	325573	951	38235	 38 
104678	351013	325573	930	38404	 30 
103699	354184	325573	955	38936	 16 
103693	351386	325573	957	38656	 15 
103686	352833	325573	957	39278	 15 
104068	354051	325573	35	1098	 14 
104768	350849	325573	471	20220	 13 
103924	352248	325573	954	38610	 10 
104644	349812	325573	935	38455	 4 
103646	353626	325573	960	39196	 3 
104066	356474	325573	35	1241	 1 

104076	345271	324511	44	1451	 99 
104095	345028	324511	43	1490	 97 
104715	342534	324511	947	38613	 91 
103573	349087	324511	947	38560	 90 
103545	350170	324511	950	38594	 81 
103556	349921	324511	947	38594	 81 
104679	343397	324511	951	39262	 79 
104680	344331	324511	923	38288	 71 
104093	345182	324511	48	1769	 71 
103910	347057	324511	950	39116	 69 
104746	342611	324511	943	39009	 65 
104688	343921	324511	49	1670	 63 
104091	347461	324511	33	657	 54 
103693	347067	324511	949	38972	 52 
103676	347106	324511	947	38900	 48 
103690	346232	324511	952	38954	 47 
103497	347422	324511	951	38913	 45 
103968	344446	324511	946	38660	 45 
104097	344648	324511	21	673	 37 ***
103645	347241	324511	948	38966	 36 
104733	341735	324511	950	39238	 36 
104086	345715	324511	40	1038	 35 
104691	342872	324511	916	38149	 31 
104088	345753	324511	39	1097	 30 
104089	348779	324511	35	860	 29 
103714	347106	324511	942	38806	 25 
104728	342442	324511	944	38742	 22 
104733	341579	324511	945	38720	 21 
104672	344401	324511	950	38962	 20 
104700	342212	324511	948	38622	 18 
104715	342795	324511	947	38766	 17 
104090	348102	324511	29	890	 15 
104696	343399	324511	37	1373	 14 
103637	348963	324511	950	39141	 12 
104097	344914	324511	38	1543	 10 
104087	349452	324511	33	1162	 7 
104675	343763	324511	952	39163	 2 

104030	345798	324533	945	38755	 97 
104847	342696	324533	948	38835	 94 
104781	344061	324533	943	38201	 89 
104824	344090	324533	40	1463	 88 
104043	346506	324533	937	38447	 85 
104211	346236	324533	46	1504	 85 
104882	341629	324533	948	38973	 80 
104852	341976	324533	943	38959	 79 
104881	343096	324533	933	38305	 77 
104223	345105	324533	40	1149	 72 
104832	343183	324533	945	38878	 71 
104214	346092	324533	44	1245	 68 
104851	343253	324533	944	39038	 67 
104211	346393	324533	37	1463	 62 
104208	346961	324533	41	1639	 60 
104819	344432	324533	931	38642	 56 
104841	344057	324533	931	38071	 56 
104859	344012	324533	932	37827	 54 
104823	345842	324533	20	678	 54 
104848	341732	324533	950	38863	 53 
103787	347050	324533	943	38992	 52 
104883	343538	324533	927	38568	 51 
104853	343839	324533	938	38929	 50 
104839	344080	324533	40	1161	 50 
104900	341549	324533	951	39095	 45 
104838	342935	324533	948	39099	 44 
104218	345954	324533	46	1642	 41 
104858	342838	324533	938	39023	 39 
104808	343295	324533	947	38880	 37 
103692	345055	324533	948	38711	 36 
104220	344955	324533	42	1159	 33 
104215	345674	324533	49	1861	 31 
104224	346636	324533	26	767	 28 
103815	344144	324533	946	38948	 27 
104861	341045	324533	953	39220	 26 
104812	344731	324533	938	38345	 24 
104878	343934	324533	932	38226	 22 
104830	342428	324533	951	38885	 21 
104220	345874	324533	40	1303	 20 
104219	346179	324533	32	1390	 19 
103657	345901	324533	947	38599	 17 
104878	341783	324533	946	38555	 10 
104069	343362	324533	950	39187	 10 
104224	344750	324533	31	929	 8 ***
104841	342770	324533	946	38499	 2 
104205	345008	324533	50	1430	 1 
104224	344767	324533	40	1402	 0 

103613	345893	324558	941	38966	 98 
104793	341934	324558	943	39163	 96 
104800	341567	324558	935	39321	 89 
104194	343200	324558	27	936	 89 
103746	343208	324558	946	38808	 88 
104776	341997	324558	943	39162	 84 
104188	343779	324558	37	1175	 81 
104847	341167	324558	943	39332	 79 
104050	343185	324558	943	39056	 78 
103667	345266	324558	944	39197	 69 
103638	345441	324558	945	39258	 69 
104190	347392	324558	30	1112	 69 
104861	341401	324558	939	39082	 64 
104773	342414	324558	945	39234	 61 
103769	345265	324558	935	38784	 59 
104184	343572	324558	42	1270	 58 
104769	342719	324558	939	38839	 55 
104179	344887	324558	43	1224	 50 
104862	341327	324558	936	38941	 49 
104197	344680	324558	24	883	 44 
104855	341200	324558	942	39296	 38 
104797	341855	324558	947	39396	 36 
104847	342191	324558	930	38879	 36 
104861	340691	324558	949	39295	 31 
104193	343486	324558	43	1269	 24 
103754	349534	324558	938	38849	 23 
104831	341465	324558	941	39187	 19 
104791	342247	324558	37	897	 16 
104873	342074	324558	928	38949	 8 
104196	342822	324558	35	987	 7 ***

103738	339578	325184	950	39599	 98 
104829	338293	325184	462	19277	 98 
104268	338349	325184	950	39686	 88 
104221	339556	325184	28	1031	 87 
104884	337674	325184	921	38945	 82 
104221	339070	325184	38	1107	 81 ***
104843	338148	325184	947	39610	 76 
104882	337498	325184	944	39056	 75 
104882	336472	325184	947	39659	 75 
103825	340939	325184	935	39097	 72 
104844	338096	325184	946	39560	 71 
103636	341833	325184	949	39574	 67 
104213	344247	325184	45	1620	 66 
104840	338154	325184	945	39728	 61 
104846	337842	325184	925	38684	 57 
104217	339571	325184	23	554	 56 
104823	337698	325184	948	39467	 51 
104215	340589	325184	44	1136	 41 
104792	338044	325184	949	39213	 39 
104803	338885	325184	946	39703	 32 
103988	342385	325184	555	23941	 31 
104837	336855	325184	948	39552	 30 
104827	338927	325184	933	39357	 29 
104872	338272	325184	923	38689	 27 
103712	340793	325184	945	39430	 27 
104077	338889	325184	938	39413	 26 
104863	337815	325184	940	39659	 20 
104839	338202	325184	946	39409	 19 
104873	337547	325184	944	39523	 17 
104845	337852	325184	947	39640	 16 
104807	338221	325184	945	39170	 13 
104852	337359	325184	946	39286	 5 
104829	338756	325184	43	1156	 4 
104854	336490	325184	951	39708	 2 
103795	340691	325184	948	39643	 2 
104217	343641	325184	42	1397	 1 

104869	332983	326861	957	40033	 98 
104909	332788	326861	458	19513	 94 
103866	335313	326861	953	39945	 92 
103754	337369	326861	954	39836	 81 
104303	335525	326861	24	506	 79 
103763	336468	326861	954	40067	 75 
103860	337595	326861	950	39218	 74 
104287	336709	326861	29	457	 72 
104931	332651	326861	951	39442	 69 
103840	334588	326861	958	39732	 66 
104933	332594	326861	949	39469	 58 
103731	341063	326861	951	39613	 46 
103746	337755	326861	947	39132	 46 
103826	337715	326861	948	39413	 43 
104282	333377	326861	37	1132	 36 
104290	333273	326861	36	1006	 22 ***
104287	336896	326861	36	992	 21 
104921	332659	326861	953	39638	 9 
104292	338328	326861	27	901	 6 

104537	336330	334865	35	1013	 100 
105155	333324	334865	589	24680	 94 
104094	333777	334865	952	40358	 90 
105143	335062	334865	16	158	 86 
104535	336400	334865	34	977	 81 
104051	337091	334865	959	40331	 75 
105132	333006	334865	955	40395	 74 
104089	335243	334865	958	40381	 60 
104111	339356	334865	948	39756	 56 
103985	338698	334865	959	40298	 46 
104540	334550	334865	27	1008	 43 
104548	333692	334865	28	1037	 37 ***
105227	333055	334865	915	38314	 20 
104321	336403	334865	557	23880	 19 
104544	338686	334865	25	681	 18 
105137	331662	334865	949	40099	 8 
103996	337877	334865	955	40168	 4 

