#104502	434088	330645	0	0	 98 ***
#104456	435972	330645	0	0	 91 
#105584	429826	330645	0	0	 65 
#104841	430761	330645	0	0	 57 
#105571	430173	330645	0	0	 51 
#105626	426287	330645	0	0	 22 
#105598	426535	330645	0	0	 22 
#104415	437508	330645	0	0	 21 
#104549	432668	330645	0	0	 18 

104236	428947	331743	976	41330	 100 
105413	419886	331743	973	40717	 100 
104311	425227	331743	24	691	 97 
104318	428387	331743	22	587	 96 
104302	424602	331743	30	999	 81 
105361	421589	331743	975	41097	 80 
105445	419277	331743	979	41426	 78 
104312	424911	331743	29	995	 76 
104278	425698	331743	977	41456	 71 
105445	419269	331743	977	41437	 65 
105393	421499	331743	41	1330	 63 
104269	428839	331743	977	41367	 62 
105400	422236	331743	31	1301	 58 
105438	420847	331743	971	41188	 51 
105485	418926	331743	956	40746	 47 
104270	428288	331743	981	41672	 44 
104281	424662	331743	980	41446	 43 
105452	421412	331743	970	40869	 42 
104318	425593	331743	15	833	 41 
104311	424057	331743	31	950	 38 
104316	424372	331743	30	1212	 37 
105484	417806	331743	981	41653	 36 
104312	422708	331743	32	1029	 36 ***
104317	424855	331743	27	972	 32 
104312	424954	331743	27	1308	 27 
105475	420786	331743	966	41207	 26 
105452	418932	331743	976	41148	 21 
105475	419615	331743	974	41218	 19 
104307	428899	331743	28	1036	 19 
104305	424441	331743	30	903	 15 
104306	426097	331743	29	1042	 11 
104319	424447	331743	29	1065	 9 
105411	420961	331743	984	41783	 8 
104312	424039	331743	32	1033	 1 

104188	416789	330379	38	871	 99 
105294	415259	330379	966	40539	 85 
104202	415457	330379	38	1207	 82 ***
104207	421271	330379	34	816	 79 
105368	413266	330379	964	40575	 67 
104202	421528	330379	33	589	 67 
105279	416650	330379	5	370	 58 
105344	413541	330379	968	41016	 57 
105302	414080	330379	940	39936	 46 
104177	420333	330379	970	41061	 44 
104185	421220	330379	39	1267	 37 
104166	421436	330379	964	40148	 15 
104194	418923	330379	36	860	 15 
105299	415002	330379	971	41165	 14 
104201	416991	330379	36	841	 8 

105039	407437	322844	966	40648	 99 
105049	406467	322844	963	40732	 92 
105058	406993	322844	961	40415	 91 
103921	411271	322844	39	1825	 82 
105082	405863	322844	963	40534	 79 
103919	413300	322844	35	1082	 78 
103923	409473	322844	22	1168	 75 
103920	412566	322844	35	1139	 74 
103869	413302	322844	963	40665	 64 
105125	406782	322844	932	39372	 57 
105036	404721	322844	967	40450	 56 
103921	409374	322844	46	1239	 54 
103932	407616	322844	9	520	 53 ***
105069	406738	322844	956	39692	 49 
103923	409177	322844	42	1225	 46 
105102	406550	322844	935	39750	 39 
103917	410798	322844	40	1145	 36 
105059	406384	322844	960	40397	 31 
103858	414125	322844	964	40548	 27 
103918	410115	322844	44	1138	 22 
103921	411487	322844	35	1138	 12 

104902	396617	321079	956	40133	 98 
104896	397947	321079	931	39511	 97 
103756	400419	321079	23	389	 86 
104923	396965	321079	924	39192	 76 
103749	404639	321079	34	966	 76 
103743	400237	321079	36	976	 69 
104899	397570	321079	952	39833	 66 
104832	398014	321079	42	1027	 48 
104898	396834	321079	955	40007	 44 
104889	397761	321079	952	39963	 41 
103753	401842	321079	32	934	 41 
104838	398265	321079	37	1456	 33 
104863	397901	321079	951	39850	 31 
103755	399195	321079	36	983	 29 ***
103750	405351	321079	32	934	 24 
104850	397065	321079	956	39634	 20 
103753	400223	321079	39	1501	 19 
103698	401317	321079	954	39722	 18 
104858	396861	321079	958	39766	 18 
103753	398834	321079	43	1094	 14 
103755	401694	321079	32	930	 7 

103980	393080	321290	952	39649	 97 
103673	393527	321290	14	450	 76 ***
104761	392759	321290	46	1372	 73 
104773	391942	321290	953	39776	 63 
103605	400208	321290	948	39650	 62 
104845	391147	321290	942	39144	 61 
104852	391113	321290	949	39623	 50 
104760	392434	321290	958	39929	 47 
104811	391668	321290	946	39403	 44 
104800	391532	321290	949	39203	 43 
103626	393888	321290	948	39704	 42 
104788	392284	321290	921	38328	 38 
104808	390591	321290	950	39701	 36 
104787	392628	321290	948	39629	 36 
103669	395640	321290	19	333	 31 
103662	400358	321290	52	1776	 21 
104785	391970	321290	950	39639	 9 
104780	392728	321290	950	39412	 8 
103664	394282	321290	34	1145	 5 

103755	387973	318893	948	39240	 100 
103427	388405	318893	31	900	 98 ***
104572	385585	318893	944	39372	 92 
103417	389892	318893	36	958	 86 
103412	390385	318893	32	894	 85 
103426	388420	318893	44	1200	 79 
104562	385992	318893	940	38848	 74 
103423	388731	318893	33	916	 74 
103420	388989	318893	34	953	 64 
103352	390153	318893	940	38755	 62 
104556	385753	318893	945	39389	 57 
103409	388880	318893	38	927	 52 
104491	387745	318893	944	39065	 49 
104516	386532	318893	41	1023	 42 
103419	388919	318893	35	1039	 36 
104509	386516	318893	941	39031	 22 
103417	389968	318893	36	1183	 21 
103425	389986	318893	32	1015	 20 
104515	386493	318893	948	39452	 15 
103522	388202	318893	945	39244	 8 
104503	386674	318893	38	777	 2 
103414	390617	318893	30	889	 0 

104689	380869	320601	943	38702	 87 
103482	385251	320601	31	1139	 77 
103487	382649	320601	33	971	 76 
103442	390214	320601	947	39270	 64 
103486	383068	320601	37	1040	 62 
103494	383771	320601	8	345	 60 ***
103481	390646	320601	36	1271	 56 
104572	382192	320601	35	1064	 55 
103481	385702	320601	33	1040	 40 
104605	380456	320601	950	38958	 39 
104588	381899	320601	945	39237	 28 
104585	381026	320601	950	39281	 24 
103479	391258	320601	38	1339	 18 
103486	383560	320601	24	645	 17 
103482	389924	320601	31	1125	 16 
103483	385111	320601	30	900	 2 
104599	381203	320601	939	38729	 0 

103741	385609	325011	39	1272	 98 
103737	386220	325011	35	975	 93 
104836	382154	325011	943	39064	 91 
104825	383153	325011	49	1314	 85 
104884	381220	325011	946	38990	 75 
104820	382053	325011	945	39068	 65 
104816	386354	325011	33	1083	 63 
103732	385808	325011	43	1678	 58 
103697	393917	325011	942	38843	 57 
103751	387032	325011	33	961	 47 
103846	383648	325011	951	39235	 43 
104890	381205	325011	945	39164	 41 
104866	382447	325011	922	38310	 37 
104826	387045	325011	31	900	 37 
104891	382009	325011	943	38795	 29 
103766	385221	325011	36	1131	 17 ***
104830	383000	325011	944	39137	 15 
103658	388043	325011	946	39191	 14 
103845	384135	325011	943	38690	 13 
104838	382921	325011	46	1335	 10 
103739	385771	325011	34	1209	 6 

103710	378344	322693	32	911	 96 
103708	379696	322693	33	750	 88 
103625	378380	322693	934	38884	 85 
104768	377094	322693	948	39213	 81 
103700	377462	322693	38	1379	 78 
104865	374942	322693	942	39178	 70 
103691	377266	322693	40	1858	 67 
103710	378908	322693	33	1155	 63 
104790	375966	322693	45	1356	 61 
103715	378224	322693	34	841	 60 
104775	376174	322693	46	1155	 58 
103705	379811	322693	33	1427	 57 
103713	383155	322693	27	1066	 50 
104759	376667	322693	952	39036	 49 
103712	379192	322693	31	1372	 48 
104828	374708	322693	944	39108	 40 
104796	375904	322693	947	39163	 39 
103688	381186	322693	37	1619	 37 
103704	377451	322693	35	1000	 28 ***
103708	379110	322693	33	867	 26 
104803	375336	322693	939	38860	 24 
103694	383859	322693	32	1442	 24 
103710	379215	322693	30	900	 16 
103696	378718	322693	35	955	 6 

103642	376015	324193	953	39695	 97 
103702	378900	324193	29	884	 91 
104786	373003	324193	945	39241	 90 
103689	373231	324193	35	1112	 86 
103680	374851	324193	30	652	 85 
103681	379318	324193	29	770	 77 
104809	372589	324193	947	39675	 59 
104781	373064	324193	948	39150	 57 
103678	376874	324193	41	1414	 48 
104859	372279	324193	949	39701	 30 
103688	373291	324193	953	39677	 25 
104787	372246	324193	950	39446	 20 
104761	375663	324193	17	912	 20 
103679	380568	324193	39	1413	 18 
103690	379256	324193	29	438	 14 
103693	373370	324193	32	904	 10 ***
104813	372105	324193	952	39761	 2 

103685	374271	324690	31	892	 100 
103681	372387	324690	34	1226	 95 
104838	368482	324690	949	39399	 88 
104800	369701	324690	949	39633	 84 
103677	376460	324690	36	1216	 64 
103696	369817	324690	2	62	 61 ***
103692	372590	324690	30	1070	 60 
103686	371634	324690	33	1138	 57 
103684	376160	324690	33	1138	 51 
103683	371260	324690	35	1486	 23 
103695	373353	324690	27	662	 20 
104813	368536	324690	942	39183	 16 
103687	375268	324690	26	903	 5 
104801	369054	324690	945	39158	 0 

104906	372978	325842	946	39328	 86 
104943	371366	325842	948	39827	 83 
104959	371606	325842	925	38640	 77 
103817	375715	325842	20	484	 76 
104922	372009	325842	951	39789	 73 
104926	371630	325842	960	40023	 70 
103825	373843	325842	30	1068	 66 
104908	372599	325842	14	659	 58 
103809	375108	325842	31	1142	 52 
103741	374989	325842	957	39687	 50 
103758	375170	325842	956	39581	 49 
103803	377329	325842	32	1241	 49 
104930	371773	325842	953	39792	 47 
103759	377874	325842	952	40072	 43 
103814	374791	325842	26	1035	 40 
103826	373116	325842	8	1017	 24 ***
103812	375282	325842	28	882	 20 
103812	377317	325842	30	954	 9 
104967	371283	325842	948	39199	 8 
104902	373002	325842	954	39757	 0 

103798	373619	326132	952	39985	 100 
104940	367641	326132	951	39865	 88 
104944	368433	326132	949	39967	 87 
103810	368879	326132	10	464	 75 ***
104956	367614	326132	945	39337	 66 
104935	368751	326132	948	39947	 65 
103782	373976	326132	950	39942	 65 
104918	368494	326132	949	39953	 61 
103805	370308	326132	35	1110	 61 
103801	370796	326132	36	1655	 45 
104932	368763	326132	947	39777	 44 
104942	368655	326132	923	39250	 39 
104951	368020	326132	944	39238	 34 
103805	374076	326132	31	1382	 34 
103807	369818	326132	32	943	 31 
104932	368063	326132	951	39743	 26 
104960	367036	326132	946	39593	 26 
104907	368694	326132	950	40208	 16 
103767	375976	326132	952	40288	 15 
104908	368669	326132	950	39424	 5 
104973	367725	326132	922	39193	 1 

103676	367368	324971	35	955	 97 
104852	363029	324971	923	38875	 92 
103677	364988	324971	37	947	 84 ***
104803	363428	324971	947	39981	 82 
103676	368029	324971	34	832	 80 
103668	365867	324971	39	1258	 78 
104814	363373	324971	951	39522	 75 
103677	366896	324971	26	697	 75 
104752	363687	324971	41	1255	 68 
103679	366611	324971	35	909	 66 
103670	365841	324971	38	1055	 64 
103673	365402	324971	37	991	 59 
103668	365339	324971	45	1579	 58 
104845	362741	324971	948	39553	 47 
104791	363645	324971	946	39609	 32 
104797	363032	324971	954	39897	 31 
104796	363488	324971	944	39782	 27 
104218	364761	324971	946	39605	 26 
104805	363428	324971	915	38794	 22 
103682	366465	324971	33	1122	 21 
103653	367802	324971	945	39533	 19 
104825	363263	324971	947	39238	 17 
104837	362914	324971	944	39820	 17 
103673	366232	324971	36	1076	 10 
104750	364123	324971	39	1424	 8 
103652	371475	324971	950	39639	 6 
104762	365044	324971	36	1175	 2 

104730	362093	324325	952	39764	 90 
103617	365598	324325	16	632	 74 
104693	362601	324325	40	1083	 68 
103608	364102	324325	27	1004	 61 ***
103601	367500	324325	955	39333	 59 
103599	366454	324325	957	39039	 35 
103617	363561	324325	38	1018	 27 

104661	358258	325358	961	39420	 99 
104662	358230	325358	962	39567	 98 
104720	357982	325358	959	39240	 97 
104693	358272	325358	956	38723	 90 
103535	361822	325358	41	1247	 72 
103539	361693	325358	32	754	 67 
104696	358068	325358	963	39607	 51 
103542	363027	325358	30	538	 43 
103522	364871	325358	960	39186	 41 
103543	358715	325358	8	168	 28 ***
104690	358298	325358	955	39356	 24 
104692	358097	325358	961	39396	 8 

103739	362390	329073	36	942	 100 
103734	365866	329073	36	1078	 86 
104860	359214	329073	933	38758	 82 
104919	358281	329073	962	39678	 81 
104835	358889	329073	968	39829	 80 
104875	358481	329073	955	39530	 79 
103747	361557	329073	35	1381	 75 
103740	363178	329073	24	756	 71 
103744	359328	329073	39	920	 70 ***
103739	359530	329073	37	886	 66 
103735	363285	329073	38	1017	 64 
104868	359106	329073	964	39831	 61 
103731	361466	329073	39	1438	 61 
103666	366650	329073	964	39661	 60 
103743	362754	329073	27	660	 58 
103746	362560	329073	35	1056	 55 
104874	359056	329073	965	39801	 45 
104806	360042	329073	11	420	 43 
104868	359067	329073	959	39365	 21 
103713	365801	329073	967	39758	 21 
104911	358311	329073	964	39564	 17 
103702	367732	329073	963	39419	 17 
103738	364498	329073	32	898	 9 
103739	363134	329073	34	986	 4 
104905	358331	329073	965	39401	 0 

103556	357955	325573	946	38610	 84 
103580	356205	325573	36	1001	 79 
103590	353510	325573	35	940	 69 
103539	355019	325573	960	39026	 66 
103520	353425	325573	961	38976	 46 
103582	353543	325573	30	1108	 40 
104705	350025	325573	961	39312	 39 
104757	350048	325573	955	39036	 27 
103576	350767	325573	37	1432	 24 
104707	349621	325573	957	38898	 19 
103515	355660	325573	959	39229	 6 
103545	358081	325573	950	38851	 3 
103590	350086	325573	8	321	 1 ***

103596	347243	324511	38	893	 96 
103611	342414	324511	4	37	 93 ***
103595	348378	324511	37	889	 88 
103585	343277	324511	45	1220	 82 
103601	347504	324511	28	705	 65 
104747	341901	324511	945	38455	 41 
104733	342184	324511	954	39290	 35 
103611	345140	324511	28	527	 33 
104740	341991	324511	951	39302	 18 
103504	346932	324511	950	38673	 10 
103619	342234	324511	6	501	 4 
103597	345056	324511	36	874	 3 

103742	345335	324533	21	206	 99 ***
103745	343721	324533	45	1148	 91 
103742	344841	324533	34	902	 90 
103725	344928	324533	46	1293	 82 
103740	343989	324533	44	1233	 75 
103736	341454	324533	49	1335	 58 
103638	346709	324533	955	38875	 57 
103638	348433	324533	954	39088	 56 
103748	344693	324533	20	577	 49 
103726	344911	324533	33	732	 35 
103747	342635	324533	26	655	 25 
103737	343500	324533	47	1203	 23 
103736	344007	324533	42	1078	 22 
103744	344348	324533	39	1006	 17 
103745	343516	324533	46	1435	 11 

103637	348349	324558	938	39247	 91 
104793	340331	324558	43	1017	 90 
103706	342890	324558	35	1154	 76 
104800	342104	324558	39	1244	 71 
103617	347012	324558	945	39396	 64 
103715	342706	324558	29	1099	 63 ***
103722	341922	324558	40	1504	 58 
103704	342668	324558	38	1060	 46 
103706	342367	324558	40	1144	 41 
104807	340212	324558	47	1513	 30 
104790	341603	324558	944	39371	 29 
104779	341645	324558	926	38465	 29 
103707	343911	324558	29	1055	 27 
104791	342179	324558	35	1155	 25 
103696	343833	324558	44	1290	 16 
103615	345800	324558	946	39369	 15 
103686	345093	324558	569	23400	 5 
103713	342071	324558	50	1592	 2 

103639	344944	325184	956	39932	 90 
103731	340101	325184	34	1082	 85 
103731	337272	325184	37	1098	 81 
104824	337135	325184	953	39834	 78 
103727	339588	325184	37	1196	 74 
104814	338108	325184	29	1425	 70 
103721	337512	325184	39	948	 57 
103729	340231	325184	35	1385	 46 
103708	342988	325184	948	39463	 42 
104882	336254	325184	949	39596	 40 
103737	338114	325184	30	834	 40 ***
104855	336534	325184	949	39843	 33 
104831	336622	325184	554	22986	 29 
103741	339673	325184	24	941	 27 
104810	337175	325184	953	39874	 23 
103698	342454	325184	952	39900	 12 
103731	338622	325184	27	832	 12 
103746	339811	325184	20	924	 10 
103730	340545	325184	33	976	 6 
103740	338023	325184	30	996	 4 

103746	339477	326861	951	39320	 96 
103754	337166	326861	953	39711	 89 
103712	340675	326861	956	39774	 74 
103794	335748	326861	31	960	 46 
103822	332033	326861	11	247	 35 ***
103759	338953	326861	949	39454	 34 
103792	335942	326861	35	1405	 30 
103801	334275	326861	29	915	 5 
103790	332860	326861	38	955	 1 

104059	334857	334865	38	969	 97 
104050	336249	334865	39	1192	 96 
103970	337046	334865	953	40179	 90 
105172	332167	334865	957	40295	 87 
104059	334954	334865	31	910	 81 
104057	336324	334865	36	885	 79 
104061	334997	334865	28	946	 75 
104056	336409	334865	37	1129	 57 
104057	332665	334865	42	1192	 47 
104057	334050	334865	39	1438	 42 
105180	332173	334865	954	40238	 23 
105114	332186	334865	572	23611	 16 
104063	333279	334865	36	1254	 11 
104067	332227	334865	4	164	 4 ***

