#105608	429805	330645	0	0	 96 ***
#105615	429559	330645	0	0	 93 
#105598	430043	330645	0	0	 91 
#105590	430487	330645	0	0	 86 
#105633	427773	330645	0	0	 83 
#105615	428361	330645	0	0	 83 
#104492	431478	330645	0	0	 82 
#104463	433272	330645	0	0	 76 
#105592	430338	330645	0	0	 76 
#105638	427615	330645	0	0	 63 
#105618	427868	330645	0	0	 46 
#105653	426818	330645	0	0	 41 
#104448	437287	330645	0	0	 27 
#104564	431057	330645	0	0	 22 

105365	424058	331743	979	41478	 100 
105481	418914	331743	970	41330	 93 
104362	424668	331743	976	41575	 89 
105376	423821	331743	980	41389	 88 
105464	418570	331743	980	41473	 85 
105403	425186	331743	20	664	 83 
104391	425298	331743	957	41120	 80 
105366	424229	331743	974	41338	 79 
105450	419948	331743	968	41401	 66 
105401	420692	331743	34	1314	 64 
105407	420497	331743	977	40724	 63 
105410	420050	331743	34	1091	 58 ***
104277	424784	331743	971	41237	 48 
105447	419608	331743	978	41410	 43 
104271	426428	331743	981	41451	 42 
105397	422007	331743	29	977	 37 
105401	420576	331743	33	1513	 35 
105384	423291	331743	979	41464	 28 
105409	421706	331743	32	1055	 28 
105383	427658	331743	956	40452	 16 
105377	421136	331743	981	41360	 4 
105384	421706	331743	554	24023	 3 
105466	419717	331743	974	41171	 0 
105409	424360	331743	26	948	 0 

104129	418825	330379	970	40906	 97 
105279	415828	330379	34	1041	 94 
105273	419087	330379	959	40402	 90 
105291	414410	330379	970	40906	 88 
105277	419381	330379	36	1319	 88 
105292	416264	330379	31	785	 78 
105285	420308	330379	31	953	 76 
104544	421400	330379	962	40715	 73 
105282	421426	330379	33	937	 72 
105351	412674	330379	964	40600	 64 
104286	423201	330379	963	39987	 59 
105349	412825	330379	968	40828	 59 
105301	413674	330379	487	20898	 59 
105295	421064	330379	29	740	 58 
105279	417633	330379	37	1330	 49 
104166	424239	330379	966	40639	 48 
105276	418800	330379	963	40724	 47 
105283	415828	330379	32	800	 44 
104697	420988	330379	953	40357	 43 
104120	420212	330379	967	40744	 40 
105299	417248	330379	30	1145	 27 
105280	415035	330379	34	875	 26 ***
105287	415791	330379	32	1029	 16 
104243	415899	330379	964	40641	 8 

103994	415513	322844	950	40404	 98 
105004	410151	322844	960	40540	 93 
105067	406949	322844	960	40258	 90 
104001	408557	322844	966	40619	 89 
105012	408648	322844	538	23045	 87 
104993	412582	322844	946	40245	 86 
105074	407105	322844	959	40273	 80 
105014	407133	322844	7	335	 79 ***
105081	404794	322844	961	40658	 71 
104258	411193	322844	961	40164	 67 
104016	413416	322844	958	39267	 61 
105009	409297	322844	39	1096	 55 
103987	412335	322844	962	40505	 51 
105035	406969	322844	966	40324	 51 
105005	408928	322844	552	23783	 48 
104993	413259	322844	958	40637	 38 
103831	412980	322844	968	40689	 36 
103867	413698	322844	960	40176	 35 
103881	412113	322844	966	40612	 34 
104985	408660	322844	962	40280	 34 
105080	406766	322844	962	40647	 31 
104996	410640	322844	956	40431	 24 
105051	405862	322844	964	40294	 15 
103836	412131	322844	967	40860	 7 
104015	412257	322844	961	40277	 7 
103968	410421	322844	964	40426	 6 

104832	399992	321079	25	835	 99 
104880	397053	321079	953	39971	 98 
104830	400597	321079	39	1023	 94 
104906	396713	321079	956	39709	 92 
104833	398897	321079	28	852	 89 
104919	397974	321079	949	39965	 83 
104879	397267	321079	956	39649	 83 
103819	403864	321079	938	39410	 77 
103757	402336	321079	952	39717	 70 
104862	398343	321079	953	39958	 70 
104884	396828	321079	957	39755	 69 
104821	400358	321079	932	39207	 63 
104840	398456	321079	41	1014	 63 ***
104835	398577	321079	39	1008	 61 
104081	401401	321079	955	39612	 58 
104897	396916	321079	954	39726	 56 
104817	403838	321079	949	40035	 53 
104828	400992	321079	39	1046	 41 
104820	402790	321079	951	39725	 35 
103678	406556	321079	954	39612	 34 
104813	399365	321079	956	39734	 33 
104865	398118	321079	927	38885	 26 
104820	399921	321079	955	39723	 25 
104856	397616	321079	959	39895	 17 
104828	401447	321079	22	589	 15 
103713	405445	321079	955	39488	 12 
104832	397682	321079	956	39798	 11 
104877	397165	321079	958	39927	 9 
103665	403789	321079	959	39801	 9 
104097	400587	321079	953	39619	 3 

104777	393035	321290	11	436	 100 ***
104755	397808	321290	36	1428	 98 
104756	394849	321290	34	1289	 96 
103118	400761	321290	955	39895	 95 
104268	398116	321290	941	39499	 91 
104735	393502	321290	947	39523	 83 
104766	395129	321290	31	906	 83 
104763	393394	321290	33	971	 82 
104047	397466	321290	946	39524	 79 
104747	393776	321290	943	38729	 77 
104757	396052	321290	31	952	 77 
104756	394581	321290	43	1409	 59 
104754	400309	321290	32	919	 55 
104762	393529	321290	40	1149	 48 
104801	390723	321290	946	39796	 46 
104776	395217	321290	8	158	 43 
104767	392513	321290	40	1088	 40 
104752	392309	321290	946	39366	 34 
104764	392962	321290	34	985	 32 
103621	391967	321290	951	39682	 30 
104780	391592	321290	953	39828	 24 
104024	398765	321290	927	39259	 20 
104749	396213	321290	37	1242	 17 
104769	393656	321290	13	570	 14 
104787	391270	321290	952	39854	 11 
104008	400760	321290	946	39248	 8 
103711	395138	321290	947	39509	 8 
104762	394247	321290	34	1157	 8 
104749	396578	321290	922	38710	 5 

104520	386917	318893	11	449	 98 ***
104548	386773	318893	922	38364	 90 
104519	389921	318893	32	679	 90 
104555	385798	318893	942	38687	 88 
104622	385414	318893	950	39486	 88 
103478	393055	318893	944	38875	 87 
104567	386388	318893	940	39038	 60 
104514	388144	318893	34	1009	 57 
104567	385936	318893	940	39239	 54 
103339	391683	318893	947	39127	 50 
103792	388283	318893	919	38579	 48 
104506	386165	318893	942	39038	 46 
103494	390416	318893	939	38841	 45 
104516	390381	318893	32	679	 44 
103354	388911	318893	946	39158	 35 
104504	388905	318893	33	930	 35 
104512	388400	318893	37	1349	 33 
103375	387979	318893	949	39519	 31 
103483	392397	318893	938	38864	 17 
103398	393355	318893	942	38883	 16 
104520	387783	318893	37	1059	 14 
104496	388192	318893	943	38719	 8 
104510	388899	318893	35	1197	 0 

104631	380386	320601	940	38837	 98 
104572	386036	320601	36	1199	 94 
104661	379796	320601	944	38967	 91 
104576	381077	320601	919	38441	 88 
104584	380433	320601	945	39037	 88 
104579	386230	320601	32	915	 86 
103405	386710	320601	948	39054	 84 
104551	384451	320601	936	38686	 84 
104573	384895	320601	39	1623	 80 
104564	383674	320601	946	39236	 79 
104040	386912	320601	943	38247	 79 
104536	384719	320601	946	39044	 72 
104579	385450	320601	33	1159	 65 
103451	389671	320601	940	38583	 62 
104582	386027	320601	32	919	 57 
103994	388660	320601	940	38732	 56 
104544	384781	320601	929	38415	 56 
104582	385215	320601	33	926	 56 
103463	388092	320601	941	39003	 55 
104573	383192	320601	938	38529	 54 
104570	382581	320601	949	39100	 54 
104576	386669	320601	33	949	 53 
104574	388092	320601	32	915	 52 
103824	389654	320601	934	38402	 48 
103020	389028	320601	941	38677	 46 
104573	385109	320601	34	924	 42 
104045	387508	320601	940	38571	 35 
104572	384276	320601	938	39057	 25 
104554	386536	320601	919	38341	 22 
104575	382110	320601	946	38902	 21 
103441	384763	320601	944	39067	 20 
104573	382243	320601	947	38974	 11 
104571	384287	320601	942	38713	 7 
104583	382091	320601	10	188	 6 ***
104576	384952	320601	37	1109	 2 

104080	389347	325011	942	38386	 99 
104829	387357	325011	35	1179	 94 
104892	382374	325011	942	38467	 91 
104821	387393	325011	940	38898	 86 
104819	389583	325011	925	38448	 85 
104080	390505	325011	932	38678	 81 
104830	386970	325011	924	38380	 79 
104059	388812	325011	943	38768	 76 
104890	381541	325011	946	38754	 67 
104844	382801	325011	942	38816	 66 
104114	386160	325011	943	38786	 61 
104828	387598	325011	527	21885	 56 
104844	384477	325011	42	1649	 53 
103691	386247	325011	944	38740	 50 
104899	382134	325011	945	38867	 49 
104875	382477	325011	940	38831	 46 
104222	384139	325011	941	38655	 45 
103806	391445	325011	942	38203	 42 
103828	385904	325011	949	38992	 42 
104838	384559	325011	45	1437	 35 
104843	384045	325011	939	38457	 34 
104847	384181	325011	38	1169	 33 
104887	382157	325011	947	39194	 15 
104846	386540	325011	36	1242	 15 
104814	383129	325011	950	39164	 14 
104821	386337	325011	940	38555	 13 
104832	386563	325011	529	22152	 12 
104848	383150	325011	19	568	 10 ***
104838	385225	325011	39	1797	 6 
103664	387287	325011	949	38863	 5 
103854	390318	325011	942	39017	 4 
104842	388565	325011	19	555	 3 

104789	378024	322693	20	793	 99 
104770	381137	322693	37	1208	 96 
104778	379666	322693	35	1234	 92 
104836	375880	322693	942	38609	 87 
104809	375822	322693	946	38971	 86 
104771	378581	322693	42	1604	 85 
104841	375239	322693	943	38802	 84 
104780	376645	322693	34	956	 84 ***
104777	377117	322693	50	1384	 81 
104779	382444	322693	34	1048	 72 
103750	377785	322693	943	39050	 71 
104854	373721	322693	947	39319	 68 
104758	376401	322693	528	22076	 67 
104867	373643	322693	945	38584	 62 
104210	381113	322693	932	38827	 61 
104780	380784	322693	31	1110	 59 
104780	376997	322693	33	982	 58 
104850	375184	322693	942	38683	 53 
103743	380405	322693	940	38694	 50 
103732	381345	322693	947	38852	 38 
104778	377259	322693	43	1587	 35 
104812	375887	322693	945	38482	 34 
104776	378066	322693	37	1061	 34 
104816	375753	322693	949	39291	 31 
104778	377069	322693	38	1314	 30 
104774	378521	322693	50	2277	 29 
104846	376144	322693	922	38350	 19 
104829	374167	322693	944	39066	 18 
104785	375922	322693	941	38697	 8 
103787	378420	322693	941	39128	 2 

104760	379506	324193	33	1167	 100 
104191	382079	324193	947	39540	 98 
103728	378257	324193	955	39597	 96 
104837	372546	324193	945	39264	 88 
104783	372934	324193	949	39616	 88 
103776	377007	324193	950	39580	 77 
103618	379386	324193	953	39646	 77 
104774	373633	324193	16	201	 77 
104211	379679	324193	941	38968	 73 
104779	373231	324193	953	39386	 70 
103653	381591	324193	949	39400	 64 
104847	372183	324193	947	39168	 63 
104765	373398	324193	21	740	 62 ***
104760	374983	324193	33	987	 60 
104793	371787	324193	958	39772	 47 
104759	375076	324193	41	1699	 47 
104732	373604	324193	950	39550	 46 
104836	371490	324193	948	39572	 45 
104753	375913	324193	946	38996	 43 
104200	373896	324193	948	39730	 41 
103716	384190	324193	945	39411	 40 
104818	371363	324193	954	39456	 40 
103656	380640	324193	951	39774	 36 
103767	378902	324193	951	39658	 36 
103759	378863	324193	952	39803	 26 
103766	373658	324193	953	39580	 22 
104792	372212	324193	949	39286	 21 
104735	372711	324193	955	39877	 18 
104765	375878	324193	31	922	 15 
103725	378989	324193	948	39422	 10 
104764	374862	324193	32	1166	 6 
104252	375985	324193	937	39183	 2 

104073	376129	324690	937	39059	 99 
104770	371875	324690	30	1132	 95 
104777	370863	324690	41	1097	 92 
104764	376026	324690	943	39531	 90 
104760	374252	324690	944	39263	 90 
104786	368566	324690	37	731	 88 ***
103770	380858	324690	942	39449	 86 
103664	377829	324690	945	39120	 82 
104740	373118	324690	946	39766	 81 
104779	368893	324690	946	39337	 81 
104756	374400	324690	945	39646	 78 
104762	373201	324690	944	39161	 77 
103687	373591	324690	952	39852	 76 
104767	374297	324690	31	1376	 73 
103663	377955	324690	944	39112	 72 
104782	371897	324690	29	1239	 70 
104784	370528	324690	31	894	 68 
104795	372670	324690	25	374	 67 
104784	368872	324690	946	39429	 66 
104794	373994	324690	28	762	 62 
104770	371864	324690	940	39552	 59 
104033	375596	324690	945	39339	 53 
104233	370403	324690	948	39700	 51 
104777	371133	324690	33	1181	 51 
104777	370404	324690	36	867	 49 
104778	373678	324690	29	890	 47 
104771	369652	324690	944	39522	 45 
104775	371133	324690	38	1013	 45 
104780	371471	324690	31	893	 41 
104728	375192	324690	946	39367	 40 
104778	370745	324690	35	1019	 35 
104807	368502	324690	946	39331	 31 
104791	377347	324690	26	852	 27 
103790	376643	324690	935	38984	 22 
103682	376208	324690	946	39296	 13 
103627	373705	324690	947	39714	 11 
104047	376087	324690	943	39623	 9 
103763	372461	324690	947	39424	 5 
103713	376041	324690	945	39339	 0 

104882	376190	325842	32	1672	 97 
104885	373164	325842	36	1354	 94 
104890	373320	325842	32	1155	 93 
104982	371640	325842	932	39182	 74 
104911	372126	325842	953	39679	 70 
104938	372582	325842	949	39662	 66 
104343	377687	325842	947	39517	 62 
104942	371841	325842	932	39398	 60 
104864	375774	325842	549	22605	 57 
103747	375780	325842	955	40006	 56 
104891	373847	325842	30	924	 55 
103837	378448	325842	950	39245	 52 
103872	373337	325842	950	39755	 49 
104931	371666	325842	950	39517	 49 
104892	373734	325842	31	1140	 48 
104897	372883	325842	30	896	 47 
104904	372771	325842	29	894	 36 ***
104895	373491	325842	31	1198	 35 
104924	371585	325842	955	39635	 29 
104919	372466	325842	952	39986	 29 
104946	370619	325842	954	39719	 19 
104300	379022	325842	561	23238	 16 
104898	373484	325842	6	388	 7 
104921	371998	325842	955	39659	 3 

104898	371357	326132	16	602	 99 
104909	367938	326132	947	39835	 98 
104892	369664	326132	35	1170	 90 
104986	367945	326132	944	39547	 86 
103872	370257	326132	952	40000	 86 
104900	369532	326132	37	1044	 84 
104885	368434	326132	951	39888	 83 
104886	369676	326132	35	1104	 79 
104898	371485	326132	30	909	 75 
104962	366896	326132	952	40166	 72 
104930	369287	326132	940	39635	 71 
104950	368172	326132	945	39845	 68 
104950	367925	326132	949	40102	 64 
104882	370709	326132	34	1294	 63 
104960	368570	326132	925	39502	 57 
104998	367054	326132	946	39734	 54 
104880	369402	326132	932	39433	 48 
104959	367532	326132	951	40030	 40 
104939	368632	326132	944	39582	 33 
104885	370205	326132	33	1198	 32 
104890	370885	326132	32	1183	 29 
104321	370732	326132	951	40195	 26 
104893	369712	326132	31	939	 19 ***
104947	367754	326132	950	40025	 18 
104967	367811	326132	948	40007	 17 
103727	372161	326132	949	39874	 15 
104932	367936	326132	947	40024	 15 
103759	373951	326132	942	39643	 14 
104885	371750	326132	30	909	 14 
103842	373143	326132	944	39460	 13 
103885	372109	326132	951	39911	 12 
104982	368139	326132	946	39620	 8 
104875	371539	326132	942	39397	 7 
104899	369255	326132	946	39780	 2 
104909	370971	326132	28	1015	 0 

104739	364972	324971	949	39458	 96 
104763	364114	324971	36	878	 96 
104766	364254	324971	34	527	 94 
104796	363307	324971	951	39965	 91 
104798	362284	324971	954	39975	 84 
104050	366368	324971	946	39582	 83 
104205	365444	324971	946	39208	 79 
104755	366724	324971	39	1160	 79 
104753	365209	324971	40	1197	 77 
104784	363648	324971	947	39725	 75 
104768	363656	324971	41	1060	 74 ***
104820	363019	324971	947	39772	 68 
104854	363011	324971	950	39567	 63 
103650	369433	324971	946	39460	 61 
104757	364445	324971	37	968	 61 
103998	366296	324971	949	39869	 60 
104840	363384	324971	923	39273	 59 
103726	366964	324971	948	39355	 52 
104761	363892	324971	42	1452	 52 
104757	364377	324971	951	39760	 51 
104222	367438	324971	554	23697	 44 
104744	365697	324971	48	1682	 43 
104787	363315	324971	942	39203	 41 
104750	366609	324971	40	1175	 18 
104804	363281	324971	943	39692	 5 
104760	365733	324971	16	818	 4 
104042	367856	324971	941	39214	 1 

104785	362434	324325	952	39888	 94 
104689	366138	324325	549	22832	 90 
104146	366980	324325	954	39494	 83 
103548	368489	324325	957	39655	 80 
104149	366639	324325	957	39356	 75 
103684	364569	324325	959	39725	 66 
103701	367060	324325	955	39919	 65 
104776	362263	324325	955	39336	 60 
104707	364385	324325	13	941	 60 
103530	367538	324325	958	39982	 59 
104754	362612	324325	963	40013	 57 
103563	364099	324325	961	39995	 55 
104683	362734	324325	568	22855	 48 
104150	367543	324325	951	39905	 42 
104752	362708	324325	957	39642	 39 
103583	369678	324325	948	39442	 36 
104675	366913	324325	952	39377	 31 
104678	365538	324325	956	39811	 29 
103542	370952	324325	954	39200	 27 
104169	366404	324325	957	39131	 21 
104697	362844	324325	28	1012	 18 ***
104705	364384	324325	14	591	 15 
103700	366221	324325	958	39422	 6 
103655	366586	324325	958	39545	 4 
104704	363214	324325	26	782	 4 

104624	359358	325358	34	900	 100 
104638	357304	325358	33	925	 91 
103590	362418	325358	958	39279	 88 
103876	361508	325358	960	39457	 84 
104651	357106	325358	32	956	 81 
103858	363149	325358	956	39623	 75 
104619	362268	325358	955	39070	 74 
104643	361335	325358	23	305	 74 
103505	362313	325358	963	39727	 69 
104616	363127	325358	957	39564	 66 
104630	360542	325358	29	1211	 65 
103649	366969	325358	951	39290	 61 
103587	365628	325358	957	39246	 49 
104635	361342	325358	22	288	 48 
104635	359260	325358	38	661	 45 
104641	360168	325358	29	779	 42 
103514	361951	325358	965	39671	 40 
104643	359688	325358	29	772	 36 
103864	364191	325358	955	39338	 30 
104636	360494	325358	28	1000	 30 
104634	359152	325358	961	39119	 28 
104636	359421	325358	31	817	 27 
103541	363277	325358	961	39540	 24 
104042	361759	325358	959	39559	 24 
104638	358729	325358	33	908	 21 
103626	361160	325358	961	39265	 19 
104607	364246	325358	953	39057	 19 
104621	360145	325358	961	39596	 16 
104640	357224	325358	30	787	 14 ***
104635	358731	325358	965	39761	 12 

104815	360590	329073	35	855	 100 
104141	361247	329073	965	39839	 96 
103775	361407	329073	960	39077	 92 
104867	358175	329073	958	39701	 90 
104815	363830	329073	42	1274	 90 
104260	364113	329073	542	22473	 89 
104827	359829	329073	30	553	 83 
103692	367098	329073	958	39520	 82 
104795	360654	329073	968	39921	 81 
104870	357785	329073	964	39486	 76 
104836	358884	329073	957	39317	 75 
104819	361677	329073	26	737	 74 
104802	362845	329073	957	39320	 72 
103650	365925	329073	962	39294	 70 
104805	362436	329073	956	39550	 67 
104805	361065	329073	966	39651	 59 
104817	360572	329073	32	465	 59 
103781	364832	329073	958	39643	 56 
104838	359361	329073	23	702	 56 ***
103783	363728	329073	956	39429	 54 
103731	364520	329073	959	39324	 54 
104819	360348	329073	32	839	 54 
104814	359230	329073	963	39798	 51 
104798	362245	329073	958	39278	 49 
104810	362913	329073	946	39077	 47 
104857	358508	329073	958	39191	 41 
103840	361338	329073	961	39647	 38 
104821	358957	329073	37	1103	 34 
104841	358659	329073	967	39841	 28 
104812	361253	329073	964	39756	 25 
104829	359402	329073	25	783	 25 
104827	359880	329073	26	591	 21 
104061	362526	329073	959	39685	 19 
104878	358211	329073	571	22929	 19 
103806	364677	329073	943	39142	 18 
104844	358706	329073	961	39599	 15 
104814	360068	329073	927	38486	 10 
104812	361729	329073	959	39175	 7 
104833	360096	329073	23	586	 6 
104824	359952	329073	32	809	 4 

104671	352234	325573	22	617	 96 
104109	353617	325573	952	38705	 95 
104666	354433	325573	39	1491	 94 
103628	355791	325573	954	38649	 91 
104674	349422	325573	37	1005	 90 
103930	354078	325573	953	38794	 87 
104668	351694	325573	961	39327	 86 
104672	350841	325573	23	925	 70 
104669	354336	325573	28	756	 66 
103653	358081	325573	946	38708	 65 
104670	352386	325573	33	979	 59 
103622	353997	325573	960	39164	 58 
103527	356935	325573	956	39144	 52 
104640	355236	325573	950	39029	 49 
104667	356576	325573	36	1266	 42 
104652	354454	325573	951	38963	 40 
104680	349552	325573	19	667	 38 ***
104666	351802	325573	956	38746	 37 
103515	356788	325573	961	39309	 36 
104666	352628	325573	949	38557	 34 
104665	351761	325573	958	38907	 34 
104669	351569	325573	962	39191	 26 
104659	354952	325573	945	38615	 17 
103556	354541	325573	955	38597	 10 
103672	351989	325573	956	39252	 4 
104673	349784	325573	24	867	 3 
104670	351553	325573	959	39126	 2 

104674	344643	324511	941	38561	 94 
104683	342713	324511	44	1176	 89 
103643	343607	324511	946	38704	 83 
103574	344574	324511	945	38872	 83 
104675	344280	324511	51	1691	 79 
104669	347402	324511	943	38993	 77 
104687	345537	324511	22	586	 75 
104686	343383	324511	41	1052	 74 
104651	349295	324511	944	38991	 70 
104741	341514	324511	950	38748	 69 
104671	345431	324511	36	1197	 65 
104679	344751	324511	39	955	 56 
104676	343497	324511	952	39003	 51 
104663	348302	324511	451	18751	 49 
104697	347136	324511	21	424	 47 
104689	344490	324511	35	852	 44 
104683	345293	324511	36	1100	 41 
104687	341793	324511	40	1304	 38 ***
104690	342847	324511	35	1210	 33 
104682	346045	324511	31	763	 26 
103559	348843	324511	950	39203	 22 
104660	349321	324511	942	38405	 18 
104682	345750	324511	35	916	 18 
104691	343602	324511	32	934	 16 
104656	348078	324511	944	38637	 14 
103580	343934	324511	953	38975	 12 
104687	342971	324511	37	1176	 9 
104714	341561	324511	945	39094	 7 
104684	345192	324511	30	851	 4 

104824	342811	324533	18	1199	 97 ***
104814	343079	324533	39	1067	 93 
104792	346930	324533	923	38279	 91 
104807	343118	324533	40	1445	 90 
103799	343973	324533	946	38639	 88 
104822	344867	324533	31	894	 76 
103741	347080	324533	948	39107	 73 
104800	344252	324533	944	38578	 72 
104035	345795	324533	945	38608	 71 
104810	343633	324533	35	875	 60 
104806	345844	324533	32	1221	 50 
104821	346931	324533	31	814	 46 
104051	345232	324533	942	38478	 45 
104819	341176	324533	53	2012	 41 
104813	342741	324533	40	1232	 40 
104816	343391	324533	37	1490	 38 
104789	346833	324533	941	38848	 37 
103756	346729	324533	943	38253	 34 
104818	345311	324533	34	1214	 34 
103786	345981	324533	953	39063	 33 
104819	341953	324533	38	1233	 20 
103679	344893	324533	954	39258	 16 
104820	345169	324533	33	1226	 5 
104799	343538	324533	948	38697	 4 
104800	343472	324533	42	1516	 2 

103610	343651	324558	951	39271	 100 
104769	346515	324558	931	38486	 96 
103669	345826	324558	942	39374	 91 
103611	347617	324558	943	39257	 90 
104768	345860	324558	939	38112	 87 
104775	341996	324558	25	525	 85 
104038	344525	324558	942	39060	 77 
104834	340288	324558	943	39247	 65 
104761	343321	324558	942	39032	 52 
104777	341809	324558	943	39323	 50 
104774	342224	324558	941	39103	 45 
103759	346989	324558	941	38656	 45 
104034	347386	324558	933	38737	 42 
104794	341632	324558	944	39484	 42 
104225	343332	324558	942	39227	 41 
103749	344142	324558	943	39371	 32 
104810	341174	324558	940	38937	 29 
104774	344479	324558	939	39228	 28 
104795	341833	324558	13	606	 26 ***
103718	344708	324558	942	39127	 25 
104769	346658	324558	928	38823	 17 
104769	343147	324558	944	39388	 11 
103755	343215	324558	945	39221	 11 
104795	343162	324558	20	604	 7 
104821	340099	324558	944	39089	 6 
104773	345062	324558	39	923	 2 
104770	345348	324558	938	38970	 0 

104817	337766	325184	33	887	 91 
104802	338398	325184	38	1198	 90 
104805	339871	325184	37	1126	 75 
104798	340081	325184	946	39104	 73 
104815	338722	325184	28	794	 73 
104813	336926	325184	36	1021	 63 ***
104813	337171	325184	35	1121	 61 
104814	340482	325184	19	222	 60 
104788	340730	325184	944	39375	 54 
104868	336236	325184	951	39843	 51 
103617	341731	325184	948	39708	 50 
104818	338707	325184	17	126	 45 
104816	340400	325184	21	720	 42 
104803	339970	325184	34	881	 41 
104812	338179	325184	949	39686	 40 
104960	336885	325184	949	39857	 39 
104811	338220	325184	949	39607	 38 
103773	340591	325184	953	39924	 38 
104800	340311	325184	930	39129	 38 
103777	341248	325184	950	39682	 37 
104811	338316	325184	33	847	 31 
103649	341425	325184	944	39381	 29 
103771	341859	325184	939	39516	 27 
104800	339275	325184	935	39009	 24 
104804	342705	325184	32	902	 14 
104817	336887	325184	37	1058	 13 
104771	338410	325184	950	39504	 12 
104817	338606	325184	32	930	 11 
104821	338293	325184	28	761	 9 
104792	341242	325184	943	39389	 8 
103799	338563	325184	947	39669	 5 
104233	341412	325184	946	39611	 5 
104808	338866	325184	25	450	 3 

104879	338052	326861	31	868	 96 
104932	331391	326861	953	39835	 95 
104885	335347	326861	35	874	 94 
102998	339772	326861	950	39107	 93 
104896	332629	326861	10	211	 89 ***
104851	337619	326861	565	23527	 84 
103853	337233	326861	932	38951	 83 
103833	337310	326861	952	39844	 77 
104890	334570	326861	20	820	 72 
104889	336188	326861	20	392	 70 
104893	332459	326861	40	1105	 68 
104876	334412	326861	36	1014	 67 
104886	337689	326861	31	868	 65 
104922	332174	326861	950	39797	 63 
103874	335829	326861	950	39776	 62 
104891	332901	326861	37	889	 60 
104868	336506	326861	948	39418	 52 
104858	336748	326861	939	39259	 43 
103847	337067	326861	956	39788	 42 
104873	335201	326861	949	39458	 41 
104867	335427	326861	949	39560	 40 
104877	336136	326861	35	1178	 39 
103712	339499	326861	949	39620	 37 
104889	335164	326861	31	868	 32 
104889	333325	326861	35	1056	 30 
104879	336757	326861	33	928	 27 
104881	336141	326861	32	929	 23 
104873	338079	326861	549	22739	 22 
104127	333582	326861	950	39302	 20 
104889	335345	326861	34	1177	 20 
104892	332618	326861	40	1113	 12 
104887	333935	326861	37	1255	 7 
103686	337441	326861	953	39556	 0 

105216	332784	334865	950	39771	 94 
105136	334441	334865	38	927	 85 
105113	336944	334865	946	39820	 84 
105132	334503	334865	37	1158	 84 
105111	335306	334865	952	39977	 83 
105124	335703	334865	38	1141	 82 
105140	333636	334865	35	885	 81 
105176	332529	334865	951	40044	 77 
104411	335515	334865	955	40122	 77 
105139	334735	334865	29	738	 76 
105123	335931	334865	948	40030	 75 
105121	336625	334865	945	39924	 68 
105136	333326	334865	926	39512	 66 
105103	333990	334865	955	39840	 59 
105140	332859	334865	952	40058	 58 
105129	335656	334865	34	1120	 57 
105117	336307	334865	947	40050	 56 
105197	332177	334865	959	40327	 55 
105106	337396	334865	944	40093	 53 
105131	333689	334865	958	40472	 50 
104160	336200	334865	959	40077	 46 
105145	333126	334865	14	226	 41 ***
105143	336571	334865	21	479	 40 
104123	338943	334865	951	39986	 36 
105113	334088	334865	954	40398	 34 
104073	337734	334865	954	39846	 34 
105141	334232	334865	33	1321	 34 
104559	336495	334865	953	40094	 30 
104341	336840	334865	956	40283	 26 
105108	335919	334865	954	40068	 22 
105135	336260	334865	28	718	 21 
104342	338169	334865	951	39974	 20 
105104	338691	334865	944	39817	 18 
103945	337451	334865	955	40050	 18 
105113	334152	334865	950	39873	 17 
105098	336384	334865	950	40163	 16 
105111	335710	334865	950	39734	 16 
105154	332856	334865	958	40442	 12 
105134	333555	334865	41	1063	 4 
105110	336016	334865	950	39513	 2 

