#36	2304	80	160	80	864	320	192	160	4144	
#36	512	244	352	0	0	3744	2936	192	324	
#240	0	80	0	0	512	796	4760	1632	320	
#756	112	4	192	2496	0	324	160	240	4056	
#912	164	0	2372	592	436	436	400	0	3028	
#116	0	384	352	160	276	160	5452	1440	0	
#484	80	192	0	160	2192	960	112	160	4000	
#404	2548	736	388	240	0	160	3432	0	432	

272	80	320	272	404	384	160	640	5020	0	
324	4	64	720	432	80	0	80	3156	2692	
272	192	432	432	920	596	560	272	3876	0	 ***
192	0	1056	864	720	304	240	764	0	3412	
1408	196	160	1844	1376	0	160	1992	0	416	
272	240	516	272	776	512	992	1600	2372	0	
192	192	0	0	320	112	400	320	3092	2924	
192	672	112	480	224	740	84	80	80	4888	
416	320	192	320	32	0	1076	80	160	4956	
464	388	240	560	244	36	800	32	4436	352	
84	224	240	352	816	0	32	400	4812	592	
272	160	512	352	184	320	752	4200	800	0	
240	512	564	112	288	80	40	800	4884	32	
84	304	272	320	0	0	112	3204	2264	992	
80	308	0	944	512	680	864	160	4004	0	
32	0	4	240	480	2208	0	3128	260	1200	
352	32	512	944	64	160	400	36	4968	84	
272	160	388	272	824	480	1520	3204	432	0	
400	304	0	324	148	272	320	0	4776	1008	
356	320	464	432	0	400	240	0	4844	496	
192	672	912	1088	192	228	952	160	3156	0	
1440	0	384	432	512	244	0	464	356	3720	
0	160	240	340	352	272	320	576	4968	324	
32	240	1008	352	0	240	352	80	320	4928	
240	224	464	592	116	352	3024	2348	192	0	
400	0	1488	0	432	192	640	0	1256	3144	
480	240	32	592	192	80	32	144	2512	3248	
32	352	224	320	80	192	0	32	1648	4672	
320	192	436	592	824	560	240	320	4068	0	
240	160	468	304	264	512	240	160	192	5012	
80	160	320	512	112	272	4848	80	224	944	
0	240	112	0	80	480	672	272	2300	3396	
352	192	192	400	480	164	224	4028	1520	0	
240	240	468	592	824	320	400	4244	224	0	
192	144	192	0	560	0	240	596	512	5116	

32	160	144	1104	0	240	2588	1184	640	1972	
1312	320	112	592	640	64	0	992	416	3616	
240	272	464	272	888	756	1232	240	3700	0	
112	352	992	336	320	272	1724	160	3204	592	
112	192	112	384	856	752	2144	3080	432	0	
240	192	432	240	216	468	1312	3860	1104	0	
320	544	432	32	112	1392	4656	464	32	80	
192	160	112	352	64	320	1392	352	4604	516	
304	192	432	352	888	596	1376	1904	2020	0	
192	160	836	116	480	224	384	2288	0	3384	
240	224	464	272	852	1552	560	320	3580	0	 ***
192	272	272	352	752	112	0	144	4780	1188	
2208	160	816	32	0	192	240	640	2784	992	
592	84	36	512	112	752	112	704	4760	400	
352	656	592	800	0	192	676	192	4524	80	
68	0	480	388	80	592	464	4888	704	400	
1124	112	704	1568	0	480	0	240	2756	1080	
240	192	464	352	248	432	2772	3252	112	0	
304	560	0	388	544	912	320	352	80	4604	
384	224	544	400	224	0	2516	0	484	3288	
80	1124	464	0	192	592	112	224	4844	432	
256	544	192	84	112	1792	0	1080	3844	160	
80	0	144	144	2048	784	80	640	0	4144	
144	1072	384	0	80	672	272	112	4576	752	
384	720	144	224	160	0	32	1028	4300	1072	
1844	432	144	80	384	32	224	4492	0	432	
240	80	864	256	868	352	112	272	4584	436	
320	224	432	304	888	436	1200	560	3700	0	
272	832	0	1312	192	192	3196	480	1588	0	
352	32	192	32	352	592	0	4000	1296	1216	
80	32	432	592	152	352	560	880	948	4036	
240	192	464	272	248	756	1312	3828	752	0	
672	148	0	160	196	0	832	3540	2020	496	
240	192	432	272	248	1076	624	880	3700	400	
272	0	1200	512	800	80	480	752	3936	32	
160	0	0	320	96	192	560	880	3348	2508	
272	752	464	672	168	436	592	2496	2212	0	
1200	192	432	272	920	436	560	272	3700	80	
0	80	80	384	192	400	1184	952	4600	192	
0	96	192	0	592	160	3428	144	2748	704	

544	192	0	0	1072	224	5060	160	512	1616	
240	224	464	272	736	1552	5268	320	304	0	 ***
64	112	1504	352	480	272	4372	1584	320	320	
32	352	240	1440	512	1328	640	1424	3412	0	
1040	224	432	272	176	1552	560	992	4132	0	
880	224	1136	432	128	1552	560	320	4148	0	
112	672	304	1760	2676	1808	1296	752	0	0	
272	64	464	272	64	2768	4084	1120	272	0	
224	144	1472	480	0	864	160	192	5012	832	
992	224	544	752	192	1072	1232	32	4340	0	
192	576	192	320	912	80	0	192	5380	1536	
432	272	192	784	416	320	352	992	4980	640	
272	64	1264	272	64	1552	5268	320	304	0	
0	96	3220	400	912	32	1392	0	2608	720	
0	0	272	64	112	704	1344	1760	4692	432	
240	1504	544	272	336	1312	752	320	2500	1600	
784	320	1488	800	0	224	400	0	3812	1552	
720	64	464	272	64	1472	5060	352	912	0	
1104	96	0	912	944	64	800	912	3668	880	
240	64	1104	432	224	1392	1424	320	4148	32	
1040	864	784	80	544	160	272	144	4932	560	
992	432	80	240	0	240	576	208	5092	1520	
80	160	960	112	832	1184	688	272	4340	752	
544	192	880	384	480	304	784	1536	4276	0	
80	64	464	272	224	2208	1584	960	3524	0	
0	144	112	112	1440	800	160	384	5124	1104	
240	64	464	272	64	1552	5268	1232	224	0	

0	3008	144	672	272	240	0	4832	480	0	
32	320	0	160	976	800	4384	960	1072	944	
1600	240	640	0	0	0	0	2832	3696	640	
432	800	2640	0	2624	0	112	0	2016	1024	
80	144	352	304	1376	1312	5488	240	352	0	
0	0	3392	800	800	320	0	1072	160	3104	
0	912	0	112	1440	1152	544	720	4768	0	
192	0	800	400	2032	0	1072	0	5152	0	
128	192	0	1120	880	720	4896	688	320	704	
352	64	352	192	736	1392	5488	160	912	0	 ***
1888	272	2000	800	416	320	3776	144	32	0	
80	144	352	448	736	1392	5520	80	896	0	
320	64	144	720	80	1472	4800	144	1072	832	
320	384	0	0	1360	384	4272	1104	1184	640	
432	1456	80	144	1312	1680	4240	240	32	32	
3216	800	640	0	1104	320	864	0	2000	704	
832	592	1344	2896	80	464	2576	0	832	32	
896	992	1392	144	1152	512	3664	0	0	896	
960	160	704	1008	880	0	5040	304	352	240	
384	144	80	32	944	320	5440	1440	512	352	
32	112	224	0	480	0	4672	2464	672	992	
400	2896	832	320	32	1024	2368	832	704	240	
560	672	512	32	192	1440	5584	304	0	352	
672	1216	112	1376	752	0	3696	640	512	672	
256	32	0	80	352	496	5408	800	1152	1072	
144	1920	32	80	0	992	4240	1280	960	0	
80	64	352	272	1376	1392	1440	496	4176	0	
80	64	352	192	1696	1392	5488	112	272	0	
752	400	32	144	1536	0	4960	0	1152	672	
960	0	704	944	352	320	5200	32	784	352	
400	592	512	1280	32	1792	4720	0	256	64	
1440	160	80	1072	0	128	0	2144	4624	0	
800	1152	0	0	160	32	5104	864	1376	160	

432	1600	224	0	400	96	4272	0	736	1664	
720	320	1792	32	112	640	2496	2432	0	880	
1488	1824	1152	384	0	0	896	400	0	3280	
272	160	1056	464	1472	80	4144	704	1072	0	
912	1312	672	160	752	0	1792	432	0	3392	
80	416	160	592	784	992	3824	1872	704	0	
640	1520	752	0	160	112	3024	32	2624	560	
0	992	976	464	592	1360	3184	960	0	896	
400	704	80	816	1152	0	3680	1232	240	1120	
240	832	320	0	960	704	0	1024	592	4752	
0	752	960	960	0	400	4336	80	1616	320	
960	592	160	112	1952	992	3424	320	240	672	
272	192	912	320	320	944	0	1488	4976	0	
240	272	160	832	1520	2736	512	432	2720	0	
1312	160	832	272	912	720	960	0	1712	2544	
272	1840	0	320	784	1344	2832	1200	0	832	
592	64	992	192	736	1552	1600	192	3424	80	
80	0	1152	0	432	352	912	2016	4480	0	
2448	0	912	80	0	640	1648	0	688	3008	
384	304	432	192	944	1392	3744	1200	832	0	 ***
512	784	352	80	704	1312	4128	160	912	480	
384	528	560	800	704	912	3984	752	800	0	
160	0	752	80	1904	1232	0	512	1248	3536	
0	240	2464	0	752	1184	3216	352	1216	0	
784	720	160	112	112	80	4080	544	2112	720	
400	272	624	112	80	112	5072	1104	256	1392	
672	144	352	192	896	1232	3744	320	1232	640	
480	880	672	1648	992	0	2544	720	864	624	
192	624	2496	704	896	800	2672	0	80	960	
224	192	400	112	1680	304	3824	0	1888	800	
432	1104	192	0	0	544	3216	912	2144	880	
512	144	432	304	736	1232	3584	848	1632	0	

32	1392	432	320	192	704	3088	144	384	752	
720	32	240	0	512	1312	3200	1024	400	0	
0	112	640	0	400	160	3552	1280	1232	64	
320	240	320	160	0	304	640	912	2848	1696	
160	32	272	0	160	672	3920	160	1904	160	
192	400	160	160	0	1520	0	2336	2288	384	
160	672	272	0	1312	352	2672	640	1200	160	
80	0	784	0	160	880	3888	192	272	1184	
80	0	576	1280	1104	720	2656	352	0	672	
0	304	1072	1200	0	160	3200	0	944	560	
144	0	0	832	112	720	2176	320	880	2256	
384	224	432	224	192	592	2928	1360	864	240	
304	224	112	672	256	592	3248	1200	832	0	
304	224	304	160	192	592	1376	1200	3088	0	
704	1312	560	80	240	640	0	272	160	3472	
944	1392	32	80	192	0	2352	1104	0	1344	
304	224	432	160	192	592	1376	3296	864	0	
384	224	432	192	224	592	2848	1552	992	0	
160	32	112	0	80	0	3440	1616	1280	720	
0	960	0	672	1696	1472	1936	0	512	192	
80	32	880	352	0	240	2720	1312	32	1792	
384	224	432	192	224	592	2944	1424	832	192	
112	192	352	0	1392	800	2096	0	1312	1184	
304	1648	400	160	192	512	2032	1360	832	0	 ***
560	160	160	0	0	800	384	3856	1520	0	
304	224	144	192	224	592	3728	1200	832	0	
624	0	960	0	320	400	1040	240	3424	432	
304	224	112	704	224	592	3088	1360	832	0	
304	224	112	192	192	592	1376	1360	3088	0	
336	224	112	192	192	592	1568	1200	3024	0	
640	400	832	0	880	512	2560	432	0	1184	

160	352	1968	800	192	272	356	484	2676	320	
1312	0	160	352	1700	320	0	1684	1700	352	
224	196	480	160	328	480	1120	1344	3248	0	
304	244	564	784	160	320	3028	1312	864	0	
240	484	1088	404	0	672	512	2788	1392	0	
272	0	0	516	80	1648	0	784	2788	1492	
0	0	560	2000	0	1040	1268	1184	356	1172	
2100	160	672	912	484	0	836	0	720	1696	
304	284	320	160	320	160	3600	1280	1152	0	
112	1040	244	320	400	112	3444	80	672	1156	
784	320	4	160	164	352	3572	1392	832	0	
960	160	112	4	160	964	3604	224	1392	0	
308	244	112	160	1616	160	2304	1364	1312	0	 ***
192	160	40	960	0	160	4208	784	0	1076	
176	80	1024	804	436	848	0	800	3412	0	
464	1584	160	164	160	272	2208	1764	804	0	
80	320	1284	192	0	112	160	560	4084	788	
112	112	1568	480	0	948	0	640	884	2836	

640	0	1952	320	1232	992	324	36	2980	1200	
160	640	432	704	80	484	756	2676	3744	0	
1268	320	112	80	1152	160	1636	1364	1280	2304	
192	1104	1040	0	2692	1440	552	0	512	2144	
0	1680	240	360	1072	1344	1380	2496	1104	0	
388	560	160	160	432	240	5172	1364	960	240	
240	1360	512	752	160	1268	3108	160	484	1632	
308	1124	432	160	432	160	4224	2356	480	0	
388	244	672	0	672	272	2352	1364	960	2752	
308	400	400	320	2112	160	1316	2820	1840	0	
468	244	112	912	432	400	4224	1364	1520	0	 ***
2624	0	432	0	192	436	1440	356	1732	2464	
500	244	352	912	1152	2448	1552	1556	960	0	
388	240	480	160	672	320	2788	1364	3264	0	
0	2928	1072	2624	480	276	1700	356	240	0	
80	272	352	1004	1520	672	1760	3792	224	0	
0	880	752	0	1124	2704	304	2804	628	480	
580	164	192	960	352	560	1680	2196	2992	0	
800	640	0	0	832	112	1716	272	3864	1440	
388	240	112	640	352	240	1636	1364	3184	1520	

468	240	80	720	2208	400	2020	724	880	0	
352	704	640	164	0	276	0	880	3972	752	
468	388	144	1232	432	560	2912	724	880	0	
1184	1664	272	1060	800	244	0	1876	160	480	
468	592	304	640	432	240	3028	724	880	432	
352	1072	944	672	560	484	2296	960	0	400	
628	352	192	720	432	400	3076	1060	880	0	 ***
384	320	0	880	404	0	1588	512	196	3456	
1584	192	0	160	484	912	3008	0	564	836	
468	420	432	640	592	400	3072	836	880	0	
400	64	960	804	240	1040	932	724	0	2576	
80	320	832	320	560	240	3420	320	704	944	
0	1344	640	800	480	112	3144	400	628	192	
464	352	512	320	240	560	3536	1152	604	0	
272	432	112	400	272	840	3540	560	592	720	
196	400	404	112	512	160	3072	1412	1472	0	
1520	2288	484	196	0	960	2068	80	144	0	
304	2064	116	240	320	752	2756	0	628	560	
1316	224	0	1028	336	352	480	960	2852	192	
400	240	36	672	964	832	1104	0	3136	356	
468	400	112	720	592	240	3076	724	1408	0	
784	1828	592	192	624	564	2992	0	0	164	
560	2576	84	720	1024	400	1588	704	84	0	
512	1280	756	324	320	192	352	640	2884	480	
0	80	752	244	560	724	3092	864	992	432	
400	992	272	160	800	400	308	3488	920	0	
468	416	112	800	432	240	3076	756	1440	0	

1216	640	1028	832	0	320	3688	0	400	80	
80	280	484	1616	560	752	3056	80	560	736	
640	672	640	320	544	464	432	2948	0	1544	
0	160	0	240	752	756	3220	1060	1152	864	
628	272	224	1120	432	432	1268	3188	640	0	
628	240	192	640	432	400	1060	3236	1376	0	
224	1108	720	144	320	672	880	720	324	3092	
1156	512	676	384	560	148	2864	400	512	992	
240	432	560	480	272	480	2820	360	1376	1184	
660	240	192	720	432	416	2628	1764	1152	0	 ***
272	224	320	832	272	1440	1156	2736	356	596	
160	80	624	512	912	160	1032	912	912	2900	
788	272	192	640	432	240	2484	1284	1552	320	
240	0	1440	680	544	160	3140	560	736	704	
548	720	1152	32	320	276	1312	1236	2608	0	
452	756	880	704	432	592	3632	0	756	0	
352	832	628	864	520	800	672	880	0	2656	
788	432	640	640	432	240	1684	2612	736	0	
1152	448	0	0	624	680	3424	1104	548	224	
400	80	1072	640	352	160	2960	1596	272	672	
820	240	352	960	432	496	2884	996	1024	0	
512	640	160	1520	832	160	388	0	884	3108	
592	432	240	672	1120	80	3124	400	436	1108	
352	400	160	864	740	468	2724	0	1776	720	
568	160	832	0	544	464	864	3680	1092	0	
160	116	160	160	544	432	3988	240	2240	164	

352	164	240	240	480	0	3384	704	1280	1104	
80	560	800	240	992	424	672	3060	1120	0	
80	1200	0	0	512	2228	640	1064	1264	960	
240	324	320	432	480	352	3940	164	1376	320	
356	480	272	784	160	1024	3912	640	320	0	
628	480	160	640	432	752	2820	884	1152	0	 ***
2464	80	592	240	320	0	1596	2096	320	240	
548	240	240	720	672	304	1700	884	2640	0	
116	192	352	544	1440	1604	2176	480	1044	0	
1680	484	0	1072	2016	112	544	352	0	1688	
432	164	0	0	192	116	2864	2436	800	944	
160	32	432	240	564	32	3652	1076	480	1280	
720	480	512	992	84	1236	0	0	676	3248	
0	160	0	560	880	1072	1544	3136	320	276	
0	160	0	724	1184	308	1792	960	2500	320	
2848	1444	672	324	912	644	0	832	0	272	
1392	884	2112	720	0	352	1600	272	616	0	
628	240	192	880	592	272	2916	916	1312	0	
832	200	80	164	880	160	4176	544	912	0	
832	640	116	148	1200	116	3616	720	560	0	
548	240	160	640	432	80	1320	2944	1392	192	
560	480	320	1280	0	0	388	1188	256	3476	
628	240	240	640	592	564	2928	884	1232	0	
1956	832	0	704	548	560	2528	0	244	576	
400	352	0	480	592	404	3528	560	640	992	

784	560	192	320	432	400	2652	1280	1024	160	
1024	160	160	0	160	0	1472	240	496	4092	
676	0	1120	912	112	276	272	144	3300	992	
704	880	432	672	0	0	244	196	3764	912	
240	512	1152	2464	688	8	160	0	1984	596	
4	720	320	628	944	720	2576	432	1460	0	
116	1184	160	484	0	560	2816	1120	468	896	
708	480	160	400	272	784	2696	912	1392	0	 ***

32	352	1632	1044	404	724	3776	1424	148	0	
640	512	560	1776	36	720	1200	3588	504	0	
432	512	544	160	800	1120	4136	1048	32	752	
0	1152	672	80	0	1072	832	320	5248	160	
1124	400	80	640	432	68	4932	1376	0	484	
1156	324	80	1200	592	272	2168	832	2912	0	
360	800	224	480	752	560	3908	804	752	896	
912	464	168	192	432	320	4772	1360	720	196	
640	160	0	0	80	960	4844	752	496	1604	
944	400	880	320	192	432	3744	752	1872	0	 ***
160	0	192	800	484	640	1856	0	4892	512	
1860	352	0	80	192	1188	2080	3432	352	0	
240	1056	432	832	0	640	2708	3144	164	320	
720	272	672	720	160	80	3324	560	1184	1844	
512	244	80	1908	1760	1648	1268	2036	80	0	
112	1552	512	400	160	1056	3900	880	244	720	
760	480	160	320	912	304	1448	2480	2672	0	
1556	1440	480	480	224	272	3144	592	592	756	
356	464	0	384	1076	432	4500	4	1840	480	
784	240	1152	864	192	400	244	1232	0	4428	
516	960	400	320	912	512	1752	1508	2656	0	
160	112	640	0	80	1984	0	1712	1284	3564	
32	644	832	672	120	1040	4500	736	0	960	
756	992	80	404	960	1456	2584	1072	1232	0	

160	640	800	1812	32	244	4360	800	352	720	
400	516	912	320	304	112	3380	512	324	3140	
240	1104	240	724	224	880	2376	3860	272	0	
1024	240	884	480	592	512	1384	2964	1840	0	
144	320	804	196	1200	400	3448	672	240	2496	
944	596	2272	320	352	436	2408	672	1920	0	
912	160	964	1024	160	352	3368	512	1680	788	
624	320	400	640	672	564	4504	240	1476	480	
1264	592	880	320	752	356	3084	832	1200	640	
944	192	1040	320	32	992	3004	672	1764	960	
1104	320	880	832	192	352	3004	592	1200	1444	
1024	800	880	516	32	384	3020	2224	1040	0	
912	160	1280	404	864	432	3192	752	1124	800	
944	160	880	404	32	436	2808	2416	1200	640	
0	1156	96	960	352	160	4520	1472	164	1040	
912	640	960	324	384	432	3080	1268	1920	0	
784	160	2080	320	0	1300	1896	832	2548	0	 ***
804	1024	0	240	720	1940	1352	3536	304	0	
752	160	880	400	148	1300	2264	2176	1840	0	
944	160	884	400	992	432	1928	2980	1200	0	
944	1120	960	320	112	432	3036	1472	1360	164	
752	720	80	160	1360	32	4872	80	1544	320	
1232	400	960	832	672	432	3448	1224	720	0	
112	0	0	160	80	672	1268	1440	2920	3268	
112	404	880	720	672	752	3644	192	2544	0	
160	1344	0	788	720	320	3000	3104	244	240	
548	464	432	912	788	564	3220	800	2192	0	
1072	112	880	480	516	436	2296	1392	2736	0	
240	32	720	1536	400	112	3176	832	240	2632	
1904	240	1120	560	196	432	3036	592	1200	640	
0	0	32	432	160	112	804	160	4872	3348	
944	240	884	320	512	432	2344	3008	1236	0	
404	512	480	160	192	2004	3224	2112	480	352	
400	880	400	672	248	240	3464	960	432	2224	
160	0	80	720	352	0	2864	3484	0	2260	

1076	352	960	400	592	1108	4296	32	240	1024	
160	592	1828	0	672	720	5064	0	964	80	
1076	1280	160	640	0	80	404	880	5368	192	
784	160	1472	320	752	432	1620	3304	1236	0	
624	160	1600	400	112	1024	1620	3304	1236	0	
400	752	80	640	760	1392	352	5128	352	224	
752	272	1440	400	640	1428	2132	1028	1988	0	
752	880	1440	400	0	1428	1684	2260	1236	0	
996	1376	400	1312	0	0	1864	2372	480	1280	
992	80	192	160	384	164	3540	400	4088	80	
784	160	1520	320	720	512	1772	672	3620	0	 ***
960	0	544	112	80	116	5052	432	2080	704	
800	836	832	800	192	752	5228	640	0	0	
640	0	1988	80	32	112	80	5208	1152	788	
400	1360	0	1540	320	160	3924	36	0	2340	
1424	2000	640	240	1716	720	0	3260	0	80	
752	192	1600	1040	32	1428	1540	2260	1236	0	
788	324	224	2000	352	2240	1792	1556	804	0	
832	560	2080	432	0	1428	1460	1060	2228	0	
864	160	2160	400	80	1428	1380	1060	2548	0	
816	272	1520	320	0	352	1620	3304	1876	0	

800	0	0	0	800	1552	1040	592	304	4908	
752	480	240	240	1392	80	5404	784	624	0	
592	160	1840	148	1520	480	416	784	3416	640	
592	160	1232	0	80	560	3012	1056	3304	0	 ***
240	1632	160	160	0	672	5288	32	1072	740	
1200	0	1712	240	240	256	2960	2024	1364	0	
672	1712	32	32	752	960	0	1588	4248	0	
624	160	1440	0	1520	804	2724	192	1748	784	
1120	992	672	0	752	704	672	5080	0	4	
752	320	1840	320	720	480	416	864	1268	3016	
160	800	0	32	112	80	4760	160	2996	896	
624	160	1520	1872	1764	480	336	192	1748	1300	
0	116	1520	400	672	160	5848	272	816	192	
1748	160	1200	320	960	480	2724	352	1108	944	
752	160	1120	596	720	1120	336	1776	3416	0	
752	160	1200	320	1440	1120	496	2888	1108	512	
800	0	0	960	3028	0	3796	992	420	0	
640	640	960	0	0	960	4924	80	1120	672	
752	320	1280	480	1040	480	976	2920	1748	0	
752	1632	1120	0	720	804	336	272	3256	1104	
0	240	708	160	0	1712	4232	0	2880	64	
1440	240	0	832	480	640	4956	784	0	624	
1552	160	1200	320	880	480	496	832	1108	2968	
224	0	1440	0	0	0	3416	548	2736	1632	
144	0	400	320	1360	0	4648	68	2864	192	
1664	320	2000	352	480	480	576	2376	1748	0	
1280	320	0	672	384	80	4840	548	0	1872	
2820	1840	1200	0	880	480	336	1332	1108	0	
80	720	1472	32	1792	80	160	500	5160	0	
544	720	352	0	512	1632	5432	0	4	800	
752	276	800	192	80	752	5592	0	1152	400	
0	1280	512	320	0	912	5032	644	336	960	
80	1312	0	480	80	192	5240	752	1856	4	
80	80	1584	640	0	80	4536	720	2196	80	
80	1472	800	640	80	160	5500	1264	0	0	
1920	80	2756	144	192	0	4756	0	36	112	
1072	160	1360	0	912	560	976	192	1748	3016	
240	32	720	240	112	672	4440	512	2948	80	
272	1792	724	1664	272	0	160	0	5032	80	

1680	800	2472	0	0	1040	3492	240	432	0	
592	80	1232	0	320	884	2452	1104	3492	0	
752	80	1184	0	80	640	2700	1264	3456	0	
1280	640	720	240	544	0	0	544	5068	1120	
1600	240	1040	1796	320	0	4600	80	480	0	
592	80	1232	0	80	560	2256	32	2544	2780	
592	160	1232	0	320	880	1856	2732	2384	0	
192	160	1040	1472	0	432	640	912	0	5308	
720	320	1152	992	880	0	0	4572	720	800	
592	80	1232	0	192	560	2856	1424	3220	0	 ***
672	80	0	1476	240	1280	960	0	4488	960	
32	400	880	592	1472	0	0	800	5148	832	
592	80	1472	0	80	560	2176	32	2384	2780	
240	112	400	0	0	800	3024	1504	4076	0	
0	32	800	720	752	0	4956	320	672	1904	
800	560	0	320	1392	640	4028	80	2272	64	
160	960	1232	0	592	112	832	1152	5116	0	
320	0	1152	0	720	240	1344	0	1504	4876	
912	160	1392	0	80	560	1616	2732	2704	0	
992	960	320	240	240	0	192	5276	1872	64	
192	32	352	0	80	640	5116	1120	1104	1520	
592	160	1232	0	560	560	1616	1976	3460	0	
672	0	192	112	960	240	5132	0	816	2032	
192	320	1712	32	0	240	480	0	4636	2544	
560	192	32	112	192	160	2144	2784	3980	0	
0	112	160	992	592	0	4828	1280	1392	800	
1712	80	352	912	160	0	1872	1024	4044	0	
1792	80	160	192	80	960	320	1392	0	5180	
0	0	992	0	384	160	5052	192	112	3264	
592	160	1232	0	240	880	1616	2776	2660	0	
1200	0	32	160	640	1200	4988	240	832	864	
0	112	560	272	1792	640	352	0	4508	1920	

512	1440	84	1104	1040	0	2904	1556	80	0	
80	0	80	32	1584	32	0	1040	5228	644	
432	0	432	84	272	480	1664	1492	2756	1108	
1024	0	352	800	320	88	1584	224	2312	2016	
432	32	516	32	480	960	4268	1280	80	640	
800	0	752	1344	160	160	864	720	3920	0	
272	80	436	0	192	400	3056	336	2236	1712	
196	0	752	640	1240	80	0	0	4740	1072	
4	880	272	0	192	720	0	2096	3916	640	
720	0	432	0	80	804	304	3388	1952	1040	
352	172	1312	912	0	160	336	5236	0	240	
80	0	0	1532	640	912	3664	756	0	1136	
432	432	640	160	1044	0	3556	2344	80	32	
80	240	80	512	1392	112	1588	3692	1024	0	
160	320	80	84	32	80	1680	3520	1916	848	
160	112	868	1236	640	160	240	4568	400	336	
320	276	80	112	1360	720	2244	3176	432	0	
624	836	800	0	0	240	640	480	4620	480	
192	0	516	0	240	592	1616	2056	3508	0	 ***
224	80	432	720	240	560	1696	1260	3508	0	
272	0	464	0	160	480	2904	656	2228	1556	
192	80	432	32	204	480	2976	144	2788	1392	
160	1684	640	0	320	0	164	160	3328	2264	
912	0	432	0	272	512	1424	1256	3592	320	
352	320	80	880	116	80	80	2520	3540	752	
1680	672	0	0	432	244	912	0	2428	2352	
0	0	960	160	720	432	4860	480	324	784	
64	1124	160	916	0	400	1984	3352	0	720	
872	0	432	84	240	432	2464	1328	2868	0	
192	752	432	160	240	548	2176	2184	2036	0	
480	672	0	0	80	720	3460	1072	0	2236	
320	0	0	2640	160	244	2224	2940	32	160	
192	320	512	112	160	1120	1488	2700	2116	0	
1600	384	320	84	0	720	1424	0	272	3916	
1044	80	864	144	0	240	672	4532	1064	80	
192	0	592	0	520	480	1424	2484	2068	960	
624	720	720	320	724	0	2392	0	768	2452	
0	356	960	160	0	640	224	3824	2332	224	
0	720	720	164	832	80	3968	432	192	1612	
480	1716	356	992	0	640	2856	0	1680	0	
80	400	320	756	800	0	3584	276	1864	640	

0	0	560	480	0	0	708	832	5156	80	
1780	320	0	160	0	0	0	4804	592	160	
0	160	0	2468	0	832	0	4116	0	240	
0	80	32	0	160	240	880	5560	864	0	
400	320	496	0	1472	0	320	3896	752	160	
0	0	352	0	240	272	1312	800	4840	0	
0	0	352	0	160	272	4804	800	1428	0	
0	80	596	0	0	240	752	4180	1376	592	
0	320	80	640	1232	352	0	5032	0	160	
0	800	0	0	0	80	320	916	5380	320	
720	0	160	0	0	912	320	144	5080	480	
0	80	160	160	0	0	720	1348	5348	0	
0	32	320	0	80	944	160	5400	720	160	
0	0	432	0	240	432	1584	3540	1588	0	
0	112	0	0	992	160	1380	4692	480	0	
640	272	992	0	80	112	80	5320	320	0	
0	0	0	80	0	0	80	1200	4632	1824	
0	64	0	0	0	240	4964	0	1748	800	
640	0	0	0	112	80	0	5352	0	1632	
0	0	240	0	160	352	1312	3540	2212	0	
0	0	0	800	80	160	1312	5464	0	0	
1280	160	80	0	672	320	0	672	4632	0	
0	320	752	0	0	1232	0	800	4632	80	
0	0	0	80	0	592	192	5316	1556	80	
640	32	160	512	80	0	480	5352	560	0	
1652	32	0	0	2148	0	0	3264	720	0	
0	640	2580	320	160	160	0	0	3956	0	 ***
0	0	0	400	0	992	32	5400	992	0	
0	0	640	0	560	1700	4596	0	0	320	
0	0	272	80	160	272	1312	960	4760	0	
0	0	432	0	240	192	1312	800	4840	0	
0	0	0	0	80	112	1792	5192	0	640	
160	0	272	0	240	272	1312	800	4760	0	
2032	0	0	80	0	1700	3204	800	0	0	
0	0	272	0	400	272	1312	800	4760	0	

320	640	2152	244	352	1040	0	0	3680	352	
80	0	3256	960	0	640	144	400	3220	80	
1360	0	0	0	112	160	80	992	5272	804	
320	80	3144	880	720	640	0	0	2836	160	
560	80	2104	640	0	640	192	720	3684	160	
640	160	0	3080	0	640	0	0	4100	160	
800	640	0	560	0	1272	0	4788	0	720	
912	80	240	80	0	644	3208	2656	640	320	
0	3384	80	640	80	640	112	3684	0	160	
1392	1600	240	0	0	1320	0	0	4228	0	
1232	400	2184	800	0	80	160	80	3844	0	
640	80	720	80	800	512	2660	0	3288	0	
800	640	80	160	2552	80	880	0	3588	0	 ***
160	0	1960	0	320	0	272	880	4548	640	
0	672	720	960	160	80	720	0	5468	0	
564	80	2424	0	512	0	752	80	4368	0	
320	0	1360	800	320	0	0	0	5080	900	
0	1680	0	1040	4	0	5256	0	640	160	

832	640	320	0	880	720	752	0	4588	0	 ***
800	880	160	112	2116	672	1360	0	2632	0	
160	1360	884	0	0	0	64	832	4552	880	
880	1716	80	0	1540	960	3076	480	0	0	
0	32	720	720	436	800	0	160	4788	1076	
240	0	272	0	160	1364	1760	4232	704	0	
912	0	32	640	0	80	0	1908	2964	2196	
960	640	32	240	2436	640	832	0	2952	0	
996	0	0	0	2320	0	960	2356	0	2100	
32	240	960	80	880	0	2536	672	640	2692	
720	800	32	196	0	1040	1556	160	80	4148	
800	800	0	1508	160	80	880	0	4504	0	
32	240	0	2036	0	0	756	244	3712	1712	
720	304	224	0	640	1072	1284	0	0	4488	
0	80	0	240	0	2420	5512	80	0	400	

160	192	2692	0	0	1924	0	640	3752	0	
32	32	240	320	720	912	1312	0	5792	0	
832	80	240	992	720	672	1076	0	4748	0	
480	0	0	0	160	2340	0	640	3272	2468	
192	0	1104	84	0	0	736	0	5052	2192	
0	1696	0	0	0	0	1120	6316	228	0	
0	0	672	0	752	112	4440	640	2584	160	
832	32	160	160	720	644	992	0	5820	0	 ***
400	0	640	0	0	2964	0	1312	4044	0	
3508	640	272	800	0	0	432	0	3036	672	
192	0	240	32	720	672	1712	0	5792	0	
256	0	240	0	880	640	1392	0	5952	0	
804	880	0	0	1472	1600	0	432	4172	0	

512	0	80	0	32	160	960	0	2740	5084	
992	32	352	160	720	800	2016	116	4380	0	
192	0	0	160	0	3140	320	112	4764	880	
992	352	160	160	720	804	384	1860	4136	0	
160	1316	192	0	0	992	948	0	4440	1520	
192	0	356	272	1120	0	3232	432	3964	0	
192	1988	0	640	640	240	0	32	5516	320	
1940	1120	0	640	640	64	0	5164	0	0	
1760	1472	0	2032	160	0	320	0	3824	0	
0	160	592	1284	2320	0	80	0	4908	224	
0	752	64	1040	1520	0	1556	480	4156	0	
912	192	320	160	752	640	352	0	4380	1860	
2856	32	640	480	112	640	0	0	4808	0	 ***
996	224	560	320	640	640	1940	0	4248	0	
160	0	480	800	192	80	2480	112	5264	0	
0	1668	404	80	0	32	2512	800	4072	0	
320	160	0	160	1536	720	0	2452	4220	0	
0	0	160	640	832	160	0	1412	4364	2000	
0	320	1312	0	352	80	560	1120	5824	0	
0	0	0	544	240	0	0	2540	6244	0	

3304	0	544	672	160	1280	0	256	2152	2228	
3380	160	80	0	464	1236	3356	1920	0	0	
2168	1712	160	240	352	672	836	0	3032	1424	
3256	160	800	480	192	672	0	1524	2184	1328	
4	1520	1520	480	1360	0	512	5008	192	0	
2584	1152	992	32	160	1520	0	424	2820	912	
32	0	320	720	960	32	160	5652	800	1920	
3196	512	592	512	352	640	1472	0	3320	0	
2056	672	320	224	0	480	432	720	5372	320	
2468	1076	720	480	80	1280	0	1924	2248	320	
3088	32	832	724	112	640	1708	0	3028	432	
3304	800	560	1120	224	640	0	1332	2180	436	
1712	640	640	1556	144	720	0	0	5184	0	 ***
4	432	1280	0	304	560	800	112	3064	4040	
1700	320	192	1860	800	320	32	0	4732	640	
192	1952	320	464	2508	0	0	0	1120	4040	

0	480	160	112	676	788	960	1312	320	5276	
832	0	484	1472	64	1040	0	960	4592	640	
0	2416	1600	1712	0	1760	192	280	1484	640	
592	4	512	480	704	1520	0	0	6272	0	 ***
592	0	1156	480	64	1040	2724	0	4028	0	
320	224	2272	1552	0	592	80	80	4260	704	
1232	0	480	800	64	880	2528	4	4096	0	
800	160	80	192	32	560	3012	4284	644	320	
672	0	484	1472	64	1040	0	960	4716	676	
164	0	720	1988	160	2064	1280	3676	0	32	

