#17	0	6	40	56	0	167	182	26	253	
#21	17	43	53	18	49	216	57	0	273	
#33	101	10	70	131	50	52	26	247	27	
#16	24	22	26	8	16	316	112	40	167	

29	38	90	0	38	85	77	43	238	49	
51	0	88	20	4	0	13	52	176	283	
37	126	24	0	22	54	33	90	265	36	
52	2	6	68	56	18	40	32	123	290	
9	38	74	16	40	72	129	41	36	232	
8	38	36	22	43	44	26	68	306	96	
4	44	61	59	61	64	0	29	89	276	
38	23	28	24	43	69	93	42	86	241	
0	9	50	52	69	0	147	102	39	219	
24	25	3	66	46	60	93	62	68	240	
35	74	92	0	54	48	271	54	18	41	
54	66	19	20	42	33	155	19	0	279	
30	36	28	50	36	18	283	0	172	34	
0	48	64	6	20	38	38	200	234	39	
15	59	60	64	52	45	48	51	0	293	
10	15	0	0	20	30	160	31	229	192	
15	38	74	0	34	94	91	66	43	232	
22	31	21	36	70	53	115	45	0	294	
9	38	74	0	56	34	73	47	240	116	
32	125	38	25	40	84	210	0	0	133	
50	11	50	56	4	36	120	20	18	322	
33	38	74	116	38	48	233	43	0	64	
18	4	38	60	0	24	50	56	142	295	
21	41	74	2	38	74	287	43	50	57	 ***
26	40	78	0	40	78	71	43	240	71	
8	38	74	16	38	78	77	46	77	235	
9	44	44	2	35	43	252	188	70	0	
4	36	62	129	56	44	40	280	0	36	
56	0	73	24	108	53	258	0	69	46	
48	0	31	16	133	24	133	254	48	0	
13	56	74	10	42	48	205	171	0	68	
55	2	66	22	0	26	112	4	78	322	
25	37	74	0	38	88	96	59	36	234	

76	24	8	23	0	84	112	311	21	52	
93	2	16	54	22	42	286	70	0	126	
56	6	8	34	72	54	268	0	67	146	
20	37	42	4	67	78	97	43	193	130	
36	54	0	0	12	2	184	50	122	251	
60	105	40	12	20	10	52	84	36	292	
56	8	34	97	43	44	26	124	279	0	
48	38	34	16	30	64	273	36	58	114	
48	73	94	36	90	2	278	0	39	51	
21	36	42	34	34	40	271	47	82	104	
20	37	42	49	98	72	127	58	50	158	
46	19	0	14	8	20	321	58	147	78	
52	38	76	6	4	44	92	45	60	294	
20	37	58	2	68	74	272	43	54	83	 ***
22	67	42	0	122	77	129	43	163	46	
20	36	74	4	34	72	271	58	86	56	
2	74	8	119	20	4	245	30	71	138	
2	77	44	12	62	40	232	64	0	178	
11	28	4	27	21	66	271	127	86	70	
52	36	0	22	50	39	0	198	234	80	
0	25	26	27	71	20	294	132	36	80	
78	14	76	38	48	115	252	6	84	0	
8	47	13	51	22	54	282	50	150	34	
20	41	40	34	34	76	272	45	68	81	
63	34	20	56	18	37	48	53	98	284	
20	71	44	34	38	42	109	83	50	220	
12	30	68	104	22	8	34	106	45	282	
21	45	74	10	34	77	90	43	68	249	
6	57	19	56	0	57	108	262	104	42	
20	37	76	4	66	94	273	44	50	47	
26	62	48	68	10	68	258	123	48	0	
9	38	28	66	12	16	259	0	183	100	
58	18	82	0	28	6	195	256	0	68	
14	20	104	23	22	17	26	149	80	256	
21	45	42	2	66	76	108	84	50	217	
20	84	25	29	14	66	278	0	62	133	
20	93	44	2	34	56	310	42	68	42	
20	69	42	6	34	90	272	43	82	53	
28	57	34	74	8	78	165	216	51	0	
54	37	42	2	34	72	106	77	69	218	

20	28	70	34	74	99	261	42	38	106	
32	80	36	26	34	30	244	188	0	102	
40	78	32	16	86	8	287	74	90	61	
115	74	60	64	0	87	227	0	48	97	
22	36	66	2	64	50	296	74	70	92	
84	0	38	6	82	62	156	48	296	0	
42	6	104	32	68	22	300	110	32	56	
20	0	66	8	40	12	334	102	136	54	
28	44	90	10	68	40	73	42	262	115	
3	92	46	66	28	34	270	50	183	0	
13	22	46	82	54	68	305	20	46	116	
78	38	42	14	48	100	294	128	30	0	
34	4	38	0	50	98	276	40	66	166	
16	50	104	4	24	64	302	0	86	122	
48	16	66	40	54	18	286	32	20	192	
21	28	54	18	44	40	297	106	74	90	 ***
52	4	50	62	36	120	298	12	60	78	
6	80	4	86	58	50	344	108	20	16	
20	12	28	100	62	54	286	42	24	144	
40	50	68	44	54	72	296	84	0	64	
20	28	58	18	44	80	120	74	70	260	
21	62	58	10	52	72	297	42	46	112	
28	36	90	10	68	40	296	10	38	156	
68	38	86	34	66	44	282	10	70	74	
0	0	30	64	106	56	280	180	56	0	
52	28	90	34	92	42	297	11	46	80	
52	44	100	34	68	40	297	11	46	80	
58	14	6	84	4	46	293	125	48	94	
0	29	48	0	42	86	296	89	72	110	
0	48	12	68	51	80	307	66	44	96	
22	24	22	34	28	66	283	132	118	43	
21	28	58	50	84	40	107	42	262	80	

32	86	38	4	72	32	302	112	0	24	
58	8	6	34	66	18	322	102	60	28	
58	48	54	4	34	144	218	34	44	64	
0	36	50	58	32	26	290	158	52	0	
21	8	54	26	10	0	122	98	106	257	
76	60	26	18	48	10	287	0	38	139	
52	34	103	40	64	107	240	14	40	8	
22	16	42	88	52	166	198	92	10	16	
8	32	64	66	10	58	300	120	26	18	
64	0	60	44	6	32	280	174	0	42	
50	10	112	12	16	0	296	146	20	40	
16	16	58	22	10	0	291	98	70	121	 ***
16	8	54	18	13	0	291	138	70	94	
16	0	63	22	18	0	210	217	70	86	
32	16	4	42	36	0	292	164	34	82	
106	2	12	40	22	74	318	70	58	0	
72	0	6	30	0	40	184	296	74	0	
52	114	68	42	0	48	280	0	30	68	
88	0	42	166	18	46	52	22	236	32	
16	8	52	18	12	0	104	105	144	243	
6	96	8	4	8	16	186	44	48	286	
48	12	76	65	106	0	287	82	26	0	
44	18	78	52	0	42	0	152	22	294	
57	14	54	18	10	0	291	98	74	86	

16	12	40	52	16	0	242	114	43	118	
4	118	24	0	32	36	0	111	228	100	
141	60	44	6	108	40	0	144	0	110	
0	74	48	8	98	16	102	38	269	0	
0	26	40	22	16	16	224	128	181	0	
16	36	50	0	10	20	223	50	248	0	
44	22	12	56	44	50	253	0	12	160	
62	74	4	48	24	8	0	289	96	48	
28	24	42	14	8	0	243	106	50	138	
26	6	0	46	24	0	259	156	114	22	
20	20	44	34	0	0	274	96	108	57	
32	20	42	6	8	4	239	130	46	126	
16	22	26	82	72	54	243	0	70	68	
40	34	44	85	46	0	239	0	94	71	
0	66	10	54	34	0	267	102	68	52	
24	8	72	24	24	8	242	96	53	102	
20	68	34	2	38	0	289	32	32	138	 ***
12	62	42	0	24	36	10	40	151	276	
14	16	42	40	36	0	18	218	36	233	
40	54	0	32	118	0	52	207	150	0	

12	68	31	8	38	0	198	0	48	170	
21	70	34	2	38	0	260	62	0	86	
14	68	34	26	45	0	264	0	0	122	
12	69	32	45	38	0	237	0	0	140	
12	68	33	85	38	0	213	0	50	74	
22	68	32	2	38	0	263	54	0	94	
12	70	32	2	38	0	263	12	58	86	
14	68	24	0	38	0	138	0	207	84	
12	68	34	0	38	0	129	202	0	90	
12	68	24	0	46	0	136	207	0	80	
12	68	32	8	107	0	222	0	50	74	
12	69	40	0	46	0	236	0	0	170	 ***
12	70	34	36	50	0	214	0	0	157	
12	105	32	34	38	0	252	42	4	54	
81	68	32	0	38	0	224	0	56	74	
14	68	32	0	46	0	241	0	0	172	
12	68	32	0	38	0	143	0	202	78	

16	84	24	1	132	0	110	112	0	84	
12	69	20	7	42	7	90	0	103	213	
16	70	30	1	58	1	254	47	0	86	
108	68	20	16	38	4	103	40	19	147	
21	70	24	0	58	0	95	0	207	88	
13	80	55	8	134	0	153	0	0	120	 ***
21	80	21	0	38	16	148	26	0	213	
37	84	21	1	42	0	89	209	0	80	
12	69	10	0	40	10	122	202	0	98	
17	70	25	4	38	8	146	62	0	193	
12	72	21	3	42	7	107	0	104	195	
2	120	33	58	0	28	16	76	180	50	

5	124	34	0	76	24	258	0	90	88	
61	85	35	0	68	0	148	80	0	222	
29	114	41	0	54	52	269	0	0	140	 ***
61	88	35	33	42	0	258	105	0	77	

21	80	50	0	38	28	260	0	66	58	
21	118	39	0	30	68	233	0	0	92	
29	84	38	102	20	20	152	0	0	156	
53	48	50	52	28	45	20	208	29	68	
29	84	38	0	102	22	174	0	0	152	
24	3	17	2	64	15	14	180	206	76	
21	84	81	0	22	20	204	0	0	169	 ***
60	40	32	23	5	47	70	227	47	50	
29	84	27	135	26	20	150	0	0	130	
68	16	44	58	44	0	0	244	0	127	
29	84	45	0	20	20	256	0	88	59	

31	6	68	56	31	107	217	4	60	0	
40	76	42	11	4	20	123	0	56	208	
21	80	53	2	8	21	261	16	76	42	
128	96	75	2	42	20	151	0	0	66	
12	28	21	13	76	8	151	245	22	4	
25	76	73	0	7	36	115	184	0	64	
29	92	42	32	6	135	143	0	0	101	
41	84	63	111	7	20	124	0	0	130	 ***
23	84	58	0	21	22	122	0	44	206	
12	44	8	3	26	46	228	36	145	32	
21	76	47	26	20	22	120	48	0	200	
12	15	18	74	74	38	62	215	16	56	
32	19	16	56	13	4	29	44	228	139	
50	40	0	14	59	18	240	47	24	88	
21	112	60	10	39	36	137	0	0	165	
39	112	61	16	7	20	227	50	0	48	
23	76	63	16	6	23	126	48	0	199	
95	8	32	8	0	38	205	34	21	139	
23	78	59	3	8	20	257	73	25	34	
24	82	21	22	38	26	0	69	43	255	
54	10	8	0	7	56	125	253	27	40	
53	78	50	0	7	38	258	78	0	18	

46	82	158	9	7	16	137	0	0	112	
18	38	42	80	0	17	27	243	66	36	
22	28	3	14	16	12	132	256	21	63	
37	90	45	109	5	16	136	4	53	72	
29	84	41	50	21	45	82	0	0	215	
155	50	52	44	28	24	51	13	87	63	
149	40	32	0	23	31	9	189	64	30	
46	82	45	109	9	16	127	53	4	76	
37	82	41	111	58	28	81	0	61	68	
18	18	8	84	12	33	222	44	27	101	
32	53	35	0	9	40	246	32	54	66	
2	24	127	48	0	3	94	28	28	213	
9	20	34	34	9	35	255	120	19	32	
0	30	6	18	43	20	126	69	255	0	
27	14	10	22	133	76	0	106	0	179	
120	52	35	40	23	34	23	26	190	24	
6	35	29	140	64	12	132	34	47	68	
8	18	29	4	10	30	201	29	212	26	
43	86	49	4	11	16	233	0	0	125	 ***

31	82	41	4	16	16	236	66	0	76	
48	69	56	17	58	43	224	2	49	2	
48	88	41	44	11	30	85	0	0	221	
18	12	28	22	150	40	188	76	8	26	
30	86	40	4	14	16	235	1	53	89	
136	86	60	2	11	56	86	0	0	131	
18	4	16	19	41	32	6	258	18	156	
44	84	43	4	11	17	232	0	0	133	 ***
28	78	41	11	15	139	126	0	0	130	
27	84	76	3	45	16	101	0	0	216	

27	14	19	4	6	57	259	217	51	0	
4	66	26	12	5	26	316	15	36	148	
42	88	56	67	40	17	242	0	0	102	
36	116	168	0	10	33	174	56	0	61	
56	84	46	0	45	73	240	44	0	66	
24	80	107	16	17	27	291	0	0	92	 ***
12	20	20	8	64	20	229	86	14	181	
4	2	66	44	0	5	191	25	12	305	
27	72	38	26	12	21	266	96	36	60	

20	18	74	40	10	28	275	0	156	96	
20	20	109	28	19	33	261	125	34	68	
20	84	90	42	18	26	245	57	0	135	
27	48	103	20	16	107	261	1	66	68	
20	48	85	36	34	31	289	100	0	74	
28	16	120	17	16	51	261	38	118	52	
21	86	109	48	18	36	257	0	0	142	 ***
20	95	93	82	56	68	146	0	0	157	
45	16	97	63	16	32	256	22	0	170	
36	16	99	16	67	35	273	0	38	137	
82	16	16	19	72	0	249	0	40	223	
119	56	105	38	75	29	146	0	0	149	
20	10	98	32	16	34	282	38	136	51	
47	16	128	48	12	40	257	0	0	169	
20	16	85	16	20	29	259	151	33	88	

25	48	95	48	18	68	191	85	0	144	
4	4	14	44	60	0	262	194	79	61	
0	10	22	0	135	4	0	321	144	86	
33	54	26	72	50	10	190	58	53	176	
159	83	16	50	17	24	57	8	304	4	
25	124	105	52	18	36	125	0	0	237	
22	88	45	24	6	62	240	147	32	56	
27	84	129	48	18	39	245	0	0	132	
0	32	0	64	46	60	254	63	175	28	
21	68	105	48	16	35	261	36	0	132	
56	42	47	78	38	32	260	20	135	14	
53	84	105	50	14	38	248	0	0	130	 ***
21	52	105	48	18	35	265	74	0	104	
48	59	12	45	56	50	252	72	28	100	
37	31	20	72	4	5	254	55	80	164	
60	26	174	65	16	45	250	38	48	0	
37	24	40	16	10	0	219	15	301	60	
59	16	99	80	50	101	101	0	134	82	
46	159	94	38	0	49	0	198	128	10	
21	22	103	112	62	36	238	0	0	128	
14	55	15	40	96	20	230	20	69	163	
30	54	93	51	82	84	232	38	58	0	
28	90	60	19	59	38	299	39	14	76	
24	140	36	21	5	10	236	39	32	179	
16	99	106	124	0	4	56	233	0	84	
25	84	133	50	14	40	248	0	0	128	
32	62	0	6	6	107	310	156	21	22	
26	28	48	68	27	20	266	50	154	35	
2	32	56	137	88	24	36	52	6	289	
21	60	105	52	46	36	264	0	0	138	

54	0	48	40	2	36	320	132	26	30	
42	10	59	74	44	24	239	110	0	86	
43	54	75	32	12	116	241	0	0	115	 ***
35	12	56	36	10	53	144	43	221	78	
2	12	48	50	128	95	138	215	0	0	
16	2	56	8	32	9	336	12	24	193	
34	13	96	66	30	22	226	0	123	78	
90	32	12	0	58	8	280	5	41	162	
28	0	0	42	121	34	37	30	310	86	
37	18	57	50	16	29	128	227	48	78	
20	33	4	124	44	12	175	16	236	24	
8	0	24	0	0	131	45	74	216	190	
22	40	52	18	92	34	300	20	32	78	
47	15	65	44	106	37	117	0	0	257	
6	34	8	36	0	2	210	24	75	293	
18	4	8	20	40	52	314	38	162	32	
1	46	44	0	67	145	301	44	40	0	
4	32	4	16	16	51	12	258	12	283	
50	36	2	8	60	16	324	18	92	82	
38	0	52	16	4	48	144	293	80	13	
40	46	60	44	14	77	188	0	0	219	
63	16	32	60	40	11	309	44	20	93	
35	10	56	34	27	101	121	158	26	120	
1	112	17	24	0	48	281	145	44	16	
78	38	26	18	32	8	287	32	24	145	
46	10	57	54	14	21	179	8	221	78	
41	34	50	51	34	56	284	32	0	106	
38	14	98	34	46	44	176	0	0	238	
176	10	57	66	10	40	136	0	130	63	
6	8	54	9	4	56	332	0	161	58	
32	12	40	10	137	8	298	32	5	114	
46	93	34	0	21	22	284	143	0	45	
4	24	22	15	40	88	287	82	0	126	
42	16	0	40	40	64	339	0	18	129	
42	49	12	30	32	56	307	40	6	114	
118	16	20	34	2	103	0	24	70	301	
126	36	0	50	0	0	263	138	26	49	
127	18	0	120	28	32	58	24	0	281	
45	10	56	68	10	29	137	221	10	102	
40	48	32	8	48	24	291	30	119	48	

50	56	56	16	26	52	140	55	0	228	
12	82	26	50	0	28	287	6	64	124	
4	80	56	56	16	18	275	120	54	0	
32	24	72	19	52	114	284	0	18	64	
42	54	64	16	12	154	166	0	0	171	
84	8	0	58	46	8	288	36	36	115	
44	94	56	16	12	101	240	0	0	116	
46	18	26	48	44	102	283	34	42	36	
104	29	92	5	40	18	271	0	82	38	
58	32	8	18	4	56	309	46	148	0	
46	50	64	16	12	53	139	0	212	87	
4	32	80	76	0	0	78	72	23	314	
60	66	80	128	0	111	52	182	0	0	
34	8	78	50	0	0	156	319	0	34	
42	50	56	16	18	52	144	0	78	223	
50	70	56	16	14	73	170	0	0	230	
42	54	56	16	18	52	224	0	138	79	
6	32	16	20	52	46	279	64	110	54	
0	20	84	8	84	4	51	0	119	309	
0	28	94	68	26	55	310	22	0	76	
88	40	87	8	14	52	266	0	124	0	
42	54	61	16	12	105	158	0	0	231	
74	66	56	10	0	0	38	0	147	288	
4	68	32	34	96	0	12	287	8	138	
72	2	0	126	6	26	304	42	17	84	
46	96	60	16	12	84	239	0	0	126	 ***
55	60	68	78	12	124	166	0	0	116	
42	52	48	16	10	52	157	0	220	82	
42	50	56	16	10	60	224	0	68	153	
0	40	16	38	18	114	286	40	15	112	
74	26	52	20	2	44	296	42	0	123	
6	14	98	79	62	36	76	0	0	308	
16	24	106	87	38	16	272	16	104	0	
24	0	18	98	32	32	94	6	297	78	
40	0	34	36	12	92	259	42	116	48	
44	54	60	16	13	100	169	0	0	223	
0	0	20	14	26	0	240	294	54	31	
16	28	121	20	40	0	272	64	118	0	
6	92	4	4	40	102	308	95	18	10	
36	18	16	80	42	40	279	22	54	92	
102	0	8	12	30	52	312	36	73	54	

22	78	26	52	8	86	215	0	0	167	 ***
16	32	0	0	32	24	74	32	208	236	
36	0	29	64	44	36	131	0	296	18	
26	42	50	75	2	96	137	50	0	176	
6	64	116	4	4	113	261	0	20	66	
48	40	10	65	0	84	108	283	0	16	
5	88	8	44	4	36	288	127	16	38	
32	36	79	14	42	64	72	0	54	261	
44	4	8	68	60	17	213	16	32	192	
46	87	24	74	20	82	147	0	0	174	
18	42	58	16	2	60	180	0	109	169	
24	94	62	16	38	76	137	0	0	207	
0	3	38	129	32	46	0	0	156	250	
16	92	28	54	10	84	241	68	0	61	
20	151	24	18	6	46	196	0	0	193	
40	68	16	99	48	2	274	49	0	58	
16	14	0	138	96	7	10	0	114	259	
61	20	12	6	36	0	285	18	162	54	
126	18	112	44	0	0	208	42	0	104	
0	0	6	32	44	6	304	55	151	56	
22	4	8	54	0	34	281	60	64	127	
103	70	8	54	0	26	291	0	52	50	
12	64	75	72	0	58	67	36	40	230	

20	50	18	44	6	66	105	0	0	251	
12	2	0	44	38	52	304	8	16	84	
0	0	70	8	0	0	322	156	4	0	
36	56	4	0	0	20	283	8	4	149	
20	34	18	32	22	66	115	0	0	253	
20	52	18	32	4	74	109	0	0	251	
0	36	14	125	0	0	89	296	0	0	
44	34	18	32	4	66	73	38	0	251	
179	42	0	8	4	4	96	14	0	213	
8	0	0	0	4	64	236	0	248	0	
0	8	46	133	4	4	269	0	96	0	
0	0	0	12	0	58	314	0	0	176	
20	34	18	36	4	68	129	0	0	251	
20	34	18	32	6	74	125	0	0	251	
20	32	18	34	4	94	231	0	0	127	
22	34	18	48	12	70	105	0	0	251	 ***
0	14	4	2	8	16	154	0	48	314	
112	48	2	0	0	72	318	0	0	8	
16	32	36	0	0	20	177	21	8	250	
85	32	18	52	4	64	63	0	0	242	
0	0	0	0	48	8	134	330	40	0	

64	0	54	68	52	0	84	62	28	256	
88	4	32	136	10	0	88	310	0	0	
90	8	28	43	70	56	0	124	0	249	
16	32	18	72	21	100	86	97	0	226	 ***
46	41	10	32	16	32	126	0	147	218	
0	48	4	0	0	72	226	72	0	246	
48	32	64	36	8	16	125	34	0	305	
16	40	2	78	40	60	68	0	70	294	
8	0	4	12	2	32	271	64	32	243	
42	12	4	64	0	8	156	24	114	244	
32	32	8	66	40	8	97	0	100	285	
32	16	80	8	96	5	141	18	32	240	
52	0	16	59	2	24	98	76	96	245	
4	49	0	56	4	36	0	238	248	33	
54	32	36	72	53	60	58	0	50	253	
166	64	38	0	0	0	115	0	185	100	
20	71	52	52	0	80	52	0	52	289	
19	68	78	64	16	60	66	0	32	265	
36	50	0	96	0	48	0	148	290	0	
32	4	0	36	8	0	127	48	140	273	
43	2	110	0	0	4	122	44	94	249	
64	0	34	36	73	50	78	32	0	301	
8	40	34	76	44	12	57	24	92	281	
0	40	9	2	36	0	238	106	0	237	
20	8	32	0	52	8	236	64	0	248	
40	40	2	36	44	68	39	82	32	285	
40	72	0	48	91	0	42	0	54	321	

0	73	66	16	72	80	40	0	76	290	
34	44	0	0	42	44	108	106	81	254	
0	68	14	94	116	7	73	77	0	264	
0	4	8	74	34	32	0	54	279	228	
43	32	40	64	8	84	100	113	32	197	
0	20	72	76	40	8	121	66	0	310	
103	16	80	64	63	0	0	151	0	236	
11	73	110	16	0	71	32	76	43	281	
38	80	32	40	0	38	136	80	0	269	 ***
72	50	45	0	68	80	0	86	112	200	
22	64	8	70	50	116	70	88	0	225	
10	32	36	74	13	116	102	106	0	224	
44	0	34	4	45	40	122	0	190	234	
68	8	0	36	42	62	66	136	33	262	
10	34	10	76	113	88	70	88	0	224	
9	0	8	0	136	76	0	70	163	251	
69	64	0	40	0	118	0	0	129	293	
34	32	0	34	8	60	149	80	104	212	
4	76	0	82	64	0	112	4	104	267	
6	42	44	124	40	84	47	40	70	216	
6	68	12	64	50	84	70	128	0	231	
32	108	48	0	32	24	145	64	0	260	
0	47	1	14	34	100	64	76	113	264	
1	68	18	0	32	32	152	58	88	264	

10	17	44	0	66	32	110	48	0	355	
2	72	32	33	0	48	80	80	0	335	 ***
24	0	0	0	97	4	0	134	341	82	
0	4	0	110	8	136	112	40	0	272	
0	149	0	0	66	40	76	80	243	28	
8	32	8	118	32	123	16	32	64	249	
0	48	4	8	141	0	276	168	4	33	
0	34	128	104	64	0	272	0	0	80	
52	4	2	64	40	0	18	8	194	300	
6	68	48	69	0	38	106	56	0	291	
14	96	64	32	0	38	99	50	0	289	
10	72	40	32	0	42	91	48	0	347	
15	76	32	40	4	86	80	64	0	285	
0	0	66	0	0	142	229	230	7	8	
22	66	32	33	0	74	106	56	0	293	
142	96	40	4	0	6	16	40	40	298	
42	0	2	0	0	0	186	0	100	352	
6	22	0	0	70	40	0	104	282	158	
134	0	64	8	0	0	196	261	16	3	

0	70	72	0	0	0	142	48	0	311	 ***
16	16	0	78	8	40	0	0	152	333	
124	0	32	16	40	8	313	2	8	100	
32	36	2	40	0	10	125	0	72	326	
0	24	0	102	0	0	0	40	138	339	
14	0	34	74	16	8	145	0	16	336	
2	40	32	8	0	52	107	72	0	330	
0	0	52	8	24	40	110	40	40	329	

0	44	78	0	16	0	112	67	113	284	
16	46	72	0	8	32	135	48	74	283	
36	34	93	3	4	0	76	174	0	294	
0	34	72	32	0	0	114	100	89	273	
32	162	90	115	71	0	0	208	36	0	
0	90	78	32	0	4	266	82	0	162	
4	34	107	8	4	6	110	112	0	329	 ***
68	24	2	96	0	0	199	0	56	269	
2	59	76	0	1	4	139	262	0	171	
8	32	78	12	32	0	141	95	0	316	
145	41	72	0	0	36	130	86	0	204	

20	34	103	0	4	70	106	180	0	251	 ***
112	119	44	73	0	0	142	172	106	0	
57	38	40	0	5	56	106	243	0	223	
73	40	152	0	56	0	169	89	189	0	
36	32	43	0	4	23	158	272	0	200	
48	16	0	0	64	8	178	297	108	49	
4	34	41	0	36	108	131	194	0	220	
121	9	17	35	108	34	133	311	0	0	
0	66	42	0	31	54	209	173	0	193	

