#432	112	2228	0	0	192	0	240	4096	1040	
#196	400	112	160	0	192	3836	240	80	3124	
#0	0	168	240	32	676	3024	3656	112	432	
#112	116	320	80	320	68	3320	112	3728	164	
#160	0	160	0	516	480	3892	512	2476	144	
#84	320	192	320	0	2224	4112	656	192	240	

592	160	352	0	0	528	1560	4120	0	240	
0	384	484	624	256	400	676	196	4532	0	
80	0	80	864	384	144	800	164	2344	2692	
160	0	80	160	128	112	720	548	2668	2976	
0	0	0	2192	272	32	3280	432	512	832	
80	0	192	240	32	64	720	1312	4672	240	 ***
256	160	160	192	160	480	512	160	4172	1300	
480	432	176	0	400	272	352	112	4940	388	
400	32	80	880	112	32	752	244	4620	400	
80	0	160	832	64	32	832	3096	1704	752	
160	400	80	800	64	64	784	164	3036	2000	
0	192	240	0	32	176	912	5324	512	164	
160	0	356	464	272	192	992	32	160	4924	
112	192	112	112	272	480	32	2016	4224	0	
480	0	352	0	192	32	1280	880	4216	120	
80	0	80	832	64	144	1072	3096	1784	400	
480	160	320	512	32	0	352	1352	4184	160	
112	32	80	160	64	32	832	3124	2796	320	
80	0	240	800	64	432	752	244	2248	2692	
192	436	0	720	32	592	0	1044	4312	224	
144	0	80	240	112	32	560	1044	2648	2692	
352	192	592	160	0	112	3332	352	240	2220	
112	416	400	400	0	192	512	4640	880	0	
0	144	0	560	148	0	468	1312	1568	3352	
224	276	560	560	224	0	272	192	4860	384	
1536	1584	80	196	276	0	1636	0	304	1940	
176	0	160	0	580	192	1120	704	744	3876	
112	0	592	276	240	160	96	432	5044	600	
80	0	80	800	64	32	864	1080	1704	2848	
32	192	192	432	432	80	752	0	4556	884	
192	112	404	160	160	240	192	1808	4284	0	
80	0	80	240	64	32	912	3188	2716	240	
80	32	80	880	64	64	832	164	2296	3060	
160	0	352	0	0	352	400	2380	3556	352	
160	80	112	1024	912	80	4340	764	80	0	
272	0	80	800	64	32	720	1144	1544	2896	
112	112	80	880	96	352	720	520	3480	1200	

80	0	192	240	672	576	560	5008	496	240	
800	32	192	240	352	64	720	1184	4288	192	
1744	592	240	592	596	0	432	0	3644	224	
80	0	272	240	384	64	1200	4792	872	160	
1264	116	64	480	192	1472	544	1236	2696	0	
112	752	192	240	32	64	880	352	5280	160	 ***
112	0	192	240	32	64	800	5108	1356	160	
80	0	272	880	32	64	752	2928	2896	160	
80	112	192	592	32	64	560	2032	4240	160	
320	0	912	432	96	640	0	80	1400	4184	
320	116	112	1008	352	272	2792	384	2708	0	
112	0	192	240	32	64	560	1572	2092	3200	
240	592	432	144	32	32	400	2536	3656	0	
304	0	320	1488	0	1136	512	0	352	3952	
224	144	0	80	704	352	1424	592	3984	560	
400	0	192	944	32	176	560	992	3184	1584	
324	384	164	912	0	32	192	800	4292	964	
2000	32	480	1668	464	0	640	2032	748	0	
80	0	192	320	64	64	880	1632	1980	2852	
496	320	32	640	416	0	32	2048	3920	160	
80	0	224	240	32	64	640	2292	4300	192	
592	240	480	224	0	0	224	5008	624	672	
112	1716	1184	352	192	0	0	496	400	3612	

112	912	832	880	0	0	1040	1152	4420	32	
352	224	592	368	800	1680	432	512	4420	0	
112	752	192	272	0	320	1520	1152	4420	640	
1456	112	80	240	0	560	832	4724	1376	0	
1600	352	64	64	480	192	4996	320	0	1312	
672	320	352	0	64	912	1152	592	816	4500	
0	672	3028	80	992	64	1744	112	0	2688	
0	192	80	64	864	400	352	1312	672	5444	
720	320	192	1232	192	1072	224	4372	864	192	
832	2452	752	944	432	0	0	3296	112	560	
832	384	144	1648	0	352	512	1440	4068	0	
0	0	880	592	1200	1232	32	480	1104	3860	
224	1952	1280	480	160	400	352	480	3892	160	
0	352	832	1824	496	0	832	3972	912	160	
112	64	672	1280	0	560	480	4436	752	1024	
1024	320	432	176	672	80	880	656	5140	0	
800	64	144	0	160	976	5060	640	1344	192	
304	752	192	240	0	32	1520	1152	4548	640	
0	464	400	0	1508	0	64	1120	912	4912	
752	2048	192	880	0	0	880	1440	3028	160	
112	160	32	576	592	0	832	992	5092	992	
672	0	192	624	800	336	832	0	5492	432	
800	544	880	144	192	192	0	592	1136	4900	
864	1632	304	192	1024	720	160	0	3972	512	
384	32	480	192	1744	0	320	272	672	5284	
896	464	1968	160	944	272	4276	0	400	0	
224	640	352	384	672	672	3412	512	2512	0	
0	496	400	0	1232	240	1024	384	4292	1312	
144	480	64	880	0	0	5076	1392	1040	304	
112	944	192	240	0	0	880	352	5700	960	 ***
112	352	512	1136	0	0	2692	704	2960	912	
112	752	192	400	640	192	880	992	4420	800	

112	320	160	432	0	1168	1552	0	4528	1376	
672	736	800	0	64	640	432	0	3936	2368	
1344	112	400	720	992	0	224	224	4752	880	
960	0	0	0	160	544	4752	1632	1424	176	
1712	1680	0	320	0	1632	64	192	4048	0	
1728	0	1392	160	384	32	1152	1120	3680	0	
192	320	1632	304	352	1440	32	192	4224	960	
0	704	32	320	672	144	1472	1040	5040	224	
112	1184	0	160	0	944	1280	2928	2240	800	
112	912	0	160	0	640	880	320	4928	1696	
32	720	720	1120	0	352	640	0	2128	3936	
144	0	0	800	400	1152	160	0	1872	5120	
192	112	704	352	400	320	992	1136	5440	0	
112	1584	32	240	0	0	800	992	4848	1040	
240	1792	0	1728	192	1184	736	0	3776	0	
160	80	1440	160	1040	160	4368	0	2240	0	
800	0	672	0	192	1184	896	272	5280	352	
32	2592	720	192	0	1888	1136	0	1488	1600	
192	912	32	192	0	240	1280	992	4848	960	
0	512	0	800	640	1040	1792	4752	0	112	
80	160	0	80	32	80	2560	0	5264	1392	
400	880	992	32	640	0	160	3968	2496	80	
80	144	832	160	384	1152	32	640	4592	1632	
0	240	0	0	640	64	160	2304	4464	1776	
640	1152	800	32	336	0	480	432	4976	800	 ***
272	224	400	112	736	640	800	112	5488	864	

64	160	0	1360	1072	192	0	1776	3696	1104	
32	112	0	0	800	240	352	1280	4816	1792	
800	1824	960	32	560	320	480	32	3584	832	
2528	1712	272	928	160	1520	176	0	2128	0	
880	320	192	1328	784	0	0	3072	1680	1168	
1584	640	32	0	480	0	224	3872	1840	752	
80	1152	80	224	544	960	80	1072	4592	640	 ***
320	240	224	640	192	1120	800	2256	3072	560	
1984	640	192	160	80	720	880	480	336	3952	
1424	0	800	192	784	0	3872	992	80	1280	
640	1232	880	32	496	240	720	1152	3520	512	
1520	400	80	640	0	832	704	672	4096	480	
0	272	800	0	480	320	1184	592	3936	1840	
480	144	1584	1200	0	496	0	672	2816	2032	
192	352	32	1056	1440	32	240	2672	3408	0	
80	304	240	0	960	512	1120	1120	4656	432	
0	880	1552	992	3488	352	352	64	1744	0	
192	400	32	400	160	80	1600	2112	4128	320	
640	864	464	1392	1344	1264	0	304	3152	0	
1072	2064	0	240	64	544	1328	992	3120	0	
0	992	336	2400	176	192	0	4144	544	640	
1760	1136	1024	0	240	672	1552	2896	144	0	
800	0	992	480	1232	1392	704	112	0	3712	
640	560	304	80	512	80	800	3328	720	2400	
304	992	272	1312	944	32	0	0	1632	3936	
720	1312	800	32	336	160	800	368	3920	976	
1472	480	480	416	0	624	2512	0	3088	352	
800	1552	1200	0	304	0	1392	144	3632	400	

0	480	112	224	672	960	80	1040	3872	0	
160	480	80	224	192	800	80	1472	3952	0	
0	480	80	224	320	1216	112	1472	3536	0	
1280	0	240	0	0	224	1200	1392	3104	0	
0	400	1120	1312	880	560	0	32	3136	0	
320	0	0	800	512	1472	1136	0	3200	0	
240	480	80	224	160	800	80	1072	4304	0	 ***
0	832	240	224	160	800	80	1072	4032	0	
160	480	80	224	672	800	80	1072	2048	1824	

0	592	640	1284	2048	192	372	0	2292	160	
240	640	84	224	160	800	80	1232	1544	2576	
516	0	0	992	164	0	964	1440	2240	1264	
0	1728	160	192	1756	240	0	320	2880	304	
244	400	160	628	352	800	164	1264	3568	0	
352	116	992	2280	0	160	2208	0	0	1472	
404	0	884	624	640	0	2884	720	1424	0	
544	804	896	356	0	480	0	1876	2080	544	
320	560	320	224	832	0	192	1964	160	3008	
240	400	84	304	400	800	400	912	4040	0	
304	0	152	320	320	1120	0	2768	2436	160	
160	400	80	864	160	800	160	996	3960	0	 ***

2196	144	192	0	2420	1120	0	2064	388	1152	
160	1024	192	2448	800	880	160	992	3020	0	
752	400	80	352	160	1440	960	3184	2348	0	
160	1600	80	576	320	800	320	1556	1720	2544	
160	480	80	624	160	1280	832	1472	4588	0	
160	400	80	1184	2240	800	560	1956	2296	0	
0	304	272	1552	832	676	3732	404	1904	0	
1200	400	800	352	720	800	240	832	4332	0	 ***
800	1424	724	0	160	516	3476	1264	1312	0	
32	836	0	2352	400	564	1796	0	2336	1360	
1376	240	1044	1440	224	2228	944	0	0	2180	
160	400	160	1920	160	2096	160	1632	2988	0	

720	432	160	416	800	0	2176	192	2844	0	
400	320	336	2128	800	0	560	352	2844	0	
720	320	192	640	480	352	80	2032	2924	0	
640	352	320	416	2416	0	400	352	2844	0	
560	320	320	464	800	320	80	2112	2764	0	
144	2008	404	0	464	384	160	1504	2672	0	
560	1904	80	352	640	640	480	304	2780	0	 ***
720	320	384	352	880	0	864	1344	2876	0	
656	1316	560	1728	112	752	2456	0	0	160	
560	480	320	432	672	160	80	192	2796	2048	
880	320	160	464	800	320	80	368	4348	0	
720	320	320	432	672	496	80	352	4348	0	
560	1904	512	512	640	0	160	448	3004	0	
720	320	160	352	800	0	240	340	1912	2896	
560	320	352	432	640	160	240	2032	3004	0	
560	320	320	432	640	160	2048	384	2876	0	
560	400	352	352	2416	0	80	352	2764	464	
560	400	320	384	880	960	80	272	3884	0	
560	320	496	512	672	0	80	2176	2924	0	
560	320	320	672	672	2064	80	192	2860	0	
560	320	320	512	640	800	80	724	3784	0	
560	400	400	464	640	416	80	352	4428	0	
560	320	320	512	752	960	112	192	4012	0	

308	592	548	3200	240	320	1700	1296	0	0	
480	640	0	224	640	640	1040	2544	1852	144	
2128	1428	560	1300	672	0	400	256	1460	0	
992	480	80	224	2256	640	736	304	2492	0	
784	2096	480	400	320	192	2316	1232	112	272	
480	528	80	192	640	640	800	272	2332	2240	
480	2080	240	32	672	1280	752	272	2396	0	 ***
672	320	0	708	0	752	3204	324	1440	784	
592	2080	0	672	640	640	480	624	2476	0	
560	480	80	512	720	672	736	2208	2236	0	
512	512	272	592	640	640	800	528	3708	0	
2576	1584	240	80	836	0	356	2192	340	0	
0	720	0	596	432	256	1028	884	3456	832	
1360	0	752	1428	80	240	580	3124	480	160	
388	272	192	320	0	192	352	2072	880	3536	
1344	560	196	352	0	1312	196	2784	1424	36	
960	352	192	416	640	880	480	1072	3212	0	
0	2048	436	1072	512	324	2692	656	464	0	
576	480	112	912	640	912	2096	272	2204	0	
0	468	832	1236	352	640	0	2596	1360	720	
784	1264	276	272	0	240	324	2548	2064	432	
832	320	80	192	1872	944	864	192	2908	0	
560	480	80	1952	704	640	480	1104	2204	0	
512	2080	80	512	1120	640	512	304	2444	0	

416	1472	512	240	400	80	2420	644	1120	644	
0	464	1840	480	356	2152	624	1152	880	0	
640	2064	272	272	672	1280	640	324	1784	0	
1204	1632	1472	960	576	0	80	1752	272	0	
480	400	240	112	752	1280	832	2116	1736	0	
144	0	192	0	2292	1120	1120	240	2356	484	
0	0	1316	560	400	884	912	416	2868	592	
560	404	2144	112	672	1280	640	560	1544	32	
480	2112	560	192	992	992	640	560	1420	0	
644	720	1440	0	1440	1056	0	836	752	1060	
320	192	3192	560	0	756	432	864	0	1632	
4	160	560	0	304	640	1636	160	3860	624	
0	592	560	1312	160	328	480	3540	224	752	
400	0	0	804	320	32	2164	656	388	3184	
480	356	160	32	864	1360	832	2128	1736	0	
560	512	160	32	832	1280	640	2160	1772	0	 ***
672	720	1504	32	752	1280	720	480	1788	0	
720	160	1584	112	832	1280	800	560	1740	160	
480	416	240	112	992	1280	2208	480	1740	0	
0	2480	32	404	432	0	352	1204	1924	1120	
640	1648	992	464	1232	1464	0	512	0	996	
880	244	0	1600	832	836	240	2852	464	0	
560	352	192	192	752	1360	640	2192	1708	0	
1812	544	564	996	1312	0	1232	0	144	1344	
480	656	400	64	672	1360	2208	400	1708	0	
320	2848	1444	0	640	400	224	632	688	752	
560	2208	160	32	672	1440	720	388	1768	0	
320	2368	592	592	720	1124	1492	320	180	240	
672	2784	172	1072	320	160	592	1696	400	80	

560	628	352	160	480	320	3736	160	1216	192	
384	512	0	64	784	1312	960	2128	1660	0	
2036	512	0	192	784	1280	912	432	1656	0	
304	912	0	32	736	1040	992	2128	1660	0	 ***
464	544	80	32	1232	1280	640	2224	1308	0	
352	832	32	32	704	1312	752	2128	1660	0	
624	512	0	32	672	1312	2288	400	1964	0	
592	672	0	96	864	1280	640	1952	1628	80	
2032	512	160	32	672	1440	640	400	1916	0	
304	912	0	32	2272	1744	640	560	1340	0	
560	240	32	432	640	432	196	272	2288	2712	
272	512	0	32	672	1616	784	2128	1628	160	

160	704	0	408	272	912	272	2656	1280	2872	
240	352	32	352	1344	1040	2136	2784	504	752	
628	1152	0	36	3184	2320	800	752	664	0	
800	240	544	356	1856	880	3804	400	656	0	
948	800	1072	80	320	240	912	3980	1184	0	
592	432	80	32	736	1872	800	3760	1232	0	
320	112	84	32	112	112	2160	3972	1524	1108	
272	1152	640	736	708	1040	2480	1364	1144	0	
0	160	480	512	1152	80	1120	4752	0	1280	
1232	352	0	32	704	1040	1040	2368	2684	84	
880	352	0	32	624	1040	720	4308	1260	320	
244	160	400	672	720	160	1504	5532	32	112	
240	436	192	192	1104	1040	800	3504	984	1044	
912	416	0	704	1508	1040	1440	2368	1148	0	
1232	352	0	672	1664	1108	804	2368	1336	0	 ***
240	192	32	1952	640	560	32	720	1920	3248	
240	992	0	2192	1268	1120	1280	720	1724	0	
112	80	1840	4	432	0	4684	672	640	1072	
432	432	272	808	80	992	320	3976	864	1360	
240	352	4	864	1184	1040	4020	1120	392	320	

672	272	864	272	0	352	2992	3336	840	320	
1072	280	0	832	2272	1076	800	2848	740	0	
320	32	160	80	432	80	2316	3648	804	2048	
804	0	352	0	320	0	800	3620	2584	1440	
480	0	32	112	352	32	4936	1344	1592	1040	
800	32	720	80	1712	36	2732	2928	480	400	
720	992	400	480	352	164	2064	3304	640	804	
1120	432	1760	276	0	80	0	2692	2756	804	
4	1924	0	1200	0	160	880	4516	596	640	
640	1600	4	80	720	544	672	3132	1616	912	
944	80	568	192	80	320	592	1728	1316	4100	
320	352	80	112	800	160	3064	3368	112	1552	
160	356	64	80	36	320	240	2856	2224	3584	
388	2192	0	960	0	1408	160	3580	720	512	
720	32	1264	916	0	804	272	4360	1312	240	
160	0	0	0	0	1940	640	3576	2932	672	
320	352	0	832	1536	4	436	1392	0	5048	
1040	384	0	1472	2544	1236	800	1536	908	0	 ***
84	164	400	224	160	992	1744	2692	2740	720	
1040	352	0	752	2596	1076	480	1812	304	1508	

400	304	0	2144	2228	676	720	1620	1988	0	 ***
400	304	0	3072	2068	1348	864	676	1348	0	
32	960	32	352	0	0	160	4760	3752	32	
112	0	432	1696	0	1796	904	640	3108	1392	
484	304	0	3104	1872	596	720	2416	584	0	
560	304	80	1440	1824	596	3432	1232	372	240	
400	976	80	1472	3652	676	720	752	1352	0	
432	384	0	1472	3860	596	720	672	1944	0	
400	384	644	1712	2020	596	1392	1664	1268	0	
804	1664	912	800	0	1828	1136	0	1816	1120	
484	304	704	1472	2144	596	1360	1584	1432	0	
1072	32	400	672	240	80	0	5036	0	2548	
32	2068	112	384	800	1392	724	800	3768	0	
512	1536	0	1472	2868	596	720	624	1752	0	
272	84	64	80	1552	800	2820	272	0	4136	
400	304	0	1952	3092	596	800	1664	1272	0	
400	384	32	1600	1664	1316	640	592	388	3064	
640	304	0	1552	2704	628	720	672	2860	0	

80	720	0	704	320	1200	336	4232	2324	80	
752	304	0	2272	672	512	832	1904	2748	0	
832	800	432	1440	80	32	480	5080	788	32	
320	672	640	2112	64	80	704	112	836	4456	
720	2576	0	2112	832	1232	1360	616	548	0	
400	624	0	2112	672	1232	672	544	596	3144	
832	1312	80	0	320	0	1232	1300	4920	0	
720	672	0	432	32	0	2304	720	4476	640	
400	944	0	2432	352	512	1588	3220	436	112	
1680	80	160	1028	80	80	160	3368	0	3360	
400	944	0	2464	352	1028	1748	1792	436	832	
1040	304	160	2112	352	1152	320	1460	1796	1300	
992	800	0	512	112	80	960	4280	1556	704	
80	80	112	1360	64	400	1060	4808	2032	0	
1556	800	240	884	0	0	1344	352	4820	0	
640	144	320	2144	1504	1152	2164	1460	468	0	
800	720	0	0	160	192	3336	4148	640	0	
400	304	0	2144	1316	1232	2272	1460	868	0	 ***
1392	720	0	640	432	4	752	4440	0	1616	
160	752	1760	1632	0	0	452	112	5128	0	
224	272	992	32	800	720	320	4472	2004	160	
896	672	0	0	160	0	512	0	5672	2084	
784	832	0	112	0	640	1952	4712	804	160	
400	1072	0	2112	352	752	1152	1460	468	2228	
80	272	640	800	0	564	800	4728	912	1200	
400	304	0	3072	1072	1304	944	672	2228	0	
864	0	80	644	992	32	880	4984	1040	480	
1040	720	160	960	304	0	640	4312	1028	832	
432	304	0	1792	832	672	2500	352	3112	0	
160	160	80	1360	480	1040	0	3704	1152	1860	
640	112	0	1440	0	752	160	4360	240	2292	
992	880	384	80	1280	320	0	4488	0	1572	

400	1064	80	2112	992	1556	2384	704	864	0	
400	384	0	2112	512	1392	1792	704	2860	0	
720	304	0	2112	1072	1232	1552	704	2460	0	
1152	0	544	1312	320	960	400	5116	0	352	
0	592	1280	32	0	640	4092	2208	80	1232	
192	320	752	160	352	1396	672	800	320	5192	
992	32	272	880	400	1440	112	4828	560	640	
992	80	960	1480	352	0	1040	304	4948	0	
960	560	160	320	640	464	0	0	1504	5548	
160	272	1040	672	112	80	0	640	2768	4412	
400	304	160	2112	592	1232	1472	1388	432	2064	
400	304	0	2112	992	1232	1232	672	432	2780	
400	624	0	2144	1120	1236	2304	1432	896	0	 ***
400	544	0	2112	992	1232	2032	1388	1456	0	
0	0	0	480	1392	0	1040	3708	1872	1664	
1552	800	564	964	1440	1072	0	3732	32	0	
0	1632	1232	0	160	240	304	4956	1632	0	
640	0	192	1040	1680	1464	0	992	240	3908	
32	0	112	912	80	1280	800	4620	1600	720	
960	112	0	2276	0	720	32	4312	1632	112	
0	352	720	192	80	112	4444	880	2416	960	
400	0	1360	240	1232	160	0	4828	304	1632	
720	304	0	2112	992	1232	1632	704	2460	0	
1120	64	752	192	720	160	2004	4712	432	0	
1344	672	320	0	1440	0	4284	0	2096	0	
560	464	0	2112	992	1232	2512	1388	896	0	
320	960	832	32	32	1200	2432	4348	0	0	
480	384	0	480	0	1360	1744	4796	672	240	
400	304	0	2192	992	1312	3192	740	1024	0	
400	32	0	1396	1184	2064	240	4120	0	720	
880	544	1040	960	0	160	304	4076	2032	160	
0	0	512	592	0	352	1280	4396	2304	720	
1632	80	320	1440	32	240	160	5340	240	672	
0	432	160	3508	228	800	992	432	3604	0	
400	304	0	3020	992	1232	2192	992	1024	0	
400	580	0	2112	992	1268	2272	1636	896	0	
672	432	560	1632	1560	80	5060	0	0	160	
2116	400	0	80	1392	640	4424	112	0	992	

1236	592	752	832	560	1232	1236	1272	1008	0	
352	672	0	912	160	1264	1672	1588	2100	0	
4	640	1072	384	0	1120	160	960	4268	112	
880	0	432	624	324	32	0	3112	2884	432	
160	704	80	832	752	1392	3276	788	736	0	
80	320	4	240	432	1120	3524	1864	176	960	
800	400	80	944	640	1232	192	1268	464	2700	
1440	0	948	112	32	0	432	3644	800	1312	
160	752	0	912	1360	1396	2304	868	968	0	
240	160	1632	512	720	0	672	3952	192	640	
192	0	112	308	0	1452	1472	4064	480	640	
0	240	304	160	80	144	4284	1588	800	1120	
160	672	32	832	480	1312	1664	1200	2368	0	
400	1232	0	1224	160	1232	1184	756	2340	192	
112	64	0	0	400	2180	3964	720	240	1040	
0	0	804	960	32	884	3064	2624	240	112	
32	400	0	752	192	1528	768	1928	240	2880	
192	1312	1264	832	160	1264	1472	836	1388	0	
1404	1204	0	0	720	640	1536	2864	352	0	
1792	320	208	80	1124	192	112	1936	2956	0	
80	80	32	432	0	196	4352	2264	1040	244	
160	240	1436	800	912	64	3504	80	800	724	
1200	384	720	0	272	0	4780	960	404	0	
192	672	0	912	720	1232	1584	756	2652	0	 ***
160	1792	1264	832	160	1324	1376	948	864	0	
160	432	0	832	320	992	832	1348	1016	2788	
112	0	432	80	192	80	3832	3592	160	240	
352	592	0	1188	272	1264	2600	1396	1056	0	
0	160	116	640	640	192	2736	1744	2492	0	
192	592	0	832	1320	2196	2048	756	784	0	
436	320	112	352	800	880	784	484	4552	0	
0	400	1200	0	240	160	3016	2964	644	96	
704	704	160	816	960	0	2144	2080	0	1152	
240	1404	800	160	320	160	432	80	1316	3808	
320	760	400	2352	480	944	1072	1272	1120	0	
1236	1392	224	720	832	0	704	2972	640	0	

800	272	0	272	164	320	1040	0	4788	160	
112	160	640	160	0	1312	32	80	5320	0	
272	1120	0	400	80	80	640	404	4580	240	
32	400	0	240	400	240	912	516	5076	0	
160	240	912	0	0	672	320	884	4628	0	
720	160	0	0	80	400	800	752	4904	0	
320	0	160	672	0	0	516	4052	2096	0	
1264	352	320	640	160	0	160	4920	0	0	
0	0	912	0	240	1120	80	5464	0	0	
32	480	0	400	240	80	1024	484	5076	0	
32	400	0	240	240	80	2304	3336	1184	0	
512	164	32	80	0	32	1024	80	5092	800	
640	80	0	0	32	0	5352	1392	320	0	
0	1360	1184	160	0	160	0	0	4952	0	
0	80	3012	0	480	640	2964	640	0	0	
192	400	0	436	240	80	4880	484	1104	0	
0	0	80	80	992	0	960	320	5384	0	
1760	0	0	160	80	320	0	784	4712	0	 ***
32	400	0	240	240	80	1184	644	4996	0	
112	80	0	192	0	1280	960	756	4436	0	
32	400	0	400	240	160	3876	1044	1664	0	
32	560	80	80	160	80	1552	4008	1264	0	
32	400	0	240	240	160	1552	484	4708	0	
0	400	640	404	320	0	160	3152	2580	160	
0	400	160	720	80	0	432	756	5268	0	

0	0	240	720	0	640	1040	2340	3640	160	
320	564	800	32	992	800	0	32	5240	0	
84	160	640	640	80	240	640	32	3176	3088	
952	80	80	960	0	160	4240	2308	0	0	
880	0	32	160	80	240	160	1312	5276	640	
404	1632	0	0	880	400	0	320	4984	160	
80	400	640	640	0	0	884	160	2640	3336	
2400	192	0	400	80	1120	0	112	4476	0	 ***
752	2184	880	160	160	4	80	3920	0	640	
2432	320	0	0	80	400	160	432	4956	0	
0	320	400	0	1824	880	400	0	4956	0	
272	0	112	0	0	320	0	0	1988	6088	
2440	32	4	0	160	400	960	720	0	4064	
80	0	0	800	800	80	0	3304	3636	80	
512	0	0	1600	160	640	0	0	5068	800	
0	160	992	80	720	720	0	0	832	5276	
352	80	0	912	240	0	1120	1312	4764	0	
1200	320	0	160	32	240	720	192	4636	1280	
0	240	80	720	0	160	3604	0	640	3336	
240	1280	272	240	0	0	1348	0	5400	0	
112	880	0	592	4	80	720	752	5368	272	
0	720	640	240	160	0	960	164	5304	592	
720	0	244	320	240	576	720	880	5080	0	
240	832	800	80	0	0	880	880	4988	80	
1760	320	0	920	400	960	0	176	4244	0	
2480	0	112	320	84	320	0	944	4440	80	

1072	112	0	880	672	1956	0	0	4040	0	
2000	800	2100	272	80	800	0	0	2648	32	
752	2068	884	160	880	0	720	80	3188	0	
2032	36	480	436	0	0	0	320	4704	724	
800	720	2068	272	160	1680	0	80	2952	0	
0	160	3092	1684	0	640	0	2292	864	0	
80	2004	32	800	0	400	192	80	4068	1076	
832	0	352	112	0	80	1040	2160	4120	36	
1280	0	80	160	800	0	2740	1908	1764	0	
80	0	640	32	640	1748	1440	0	3832	320	
1440	0	1092	160	0	884	4836	0	0	320	
640	84	0	32	1048	320	912	752	0	4944	
1152	160	884	672	0	352	240	4	5264	4	
3120	272	192	736	0	1120	0	192	3100	0	
3264	112	880	880	0	964	0	0	2600	32	
1280	240	32	400	1280	1200	0	112	4108	80	
0	720	1360	32	484	800	5064	112	160	0	
112	0	1712	640	0	112	160	1632	4364	0	
80	32	0	2276	32	0	992	80	5000	240	
2080	112	112	400	0	1120	720	80	4076	32	
1440	160	0	320	0	960	1520	80	4252	0	
384	0	784	0	168	0	1632	160	4484	1120	
112	832	0	1360	320	640	2212	0	0	3256	
164	160	560	912	884	0	0	3508	2544	0	
400	192	0	992	0	640	640	0	3352	2516	
672	192	0	916	160	0	1280	80	2864	2568	
0	640	0	432	1280	660	0	1920	3556	244	
1360	80	0	560	0	1152	832	80	4588	80	
352	592	0	752	0	1280	240	4552	324	640	
800	112	32	240	800	880	0	1364	4504	0	
320	32	0	244	704	640	1044	720	4388	640	
0	356	0	80	80	640	720	3348	0	3508	
1472	192	160	880	0	1792	0	160	4076	0	 ***
1312	832	404	1072	0	912	0	1664	2536	0	

672	356	160	1040	80	2144	0	720	4188	0	
648	0	320	0	1360	0	0	32	2240	4760	
32	1940	480	80	644	640	0	240	3832	1472	
640	0	1616	2296	0	320	0	0	4488	0	
0	1764	0	0	192	1568	1152	0	3852	832	
1072	0	0	1120	0	2892	240	0	3252	784	
320	0	0	640	0	1312	3180	160	3748	0	
640	4	160	832	160	1312	0	432	5820	0	 ***
0	1472	672	884	192	0	0	756	4228	1156	
1204	800	64	960	0	0	1908	84	4340	0	
192	160	192	720	640	1392	0	112	5952	0	
160	0	80	880	644	160	2520	640	3956	320	
192	80	480	1424	0	1312	0	80	5792	0	
1856	0	196	1520	0	0	0	224	4252	1312	
640	0	1556	804	0	160	640	240	4328	992	

640	0	352	832	160	880	0	832	5872	0	 ***
320	1280	0	2504	0	2144	0	592	2728	0	
2856	400	0	1316	0	752	0	3892	352	0	
1040	1424	352	64	1392	0	0	0	4096	1200	
0	1312	2308	384	1120	0	0	420	4024	0	
720	0	160	992	0	2932	4604	160	0	0	
800	80	160	1024	480	640	0	512	5872	0	
112	1668	960	0	0	2580	0	2776	1472	0	
640	0	160	960	3140	0	4476	0	192	0	
800	0	480	0	0	0	4340	672	32	3244	
0	0	192	992	480	912	0	3176	3816	0	
640	0	640	832	272	640	320	352	5872	0	
800	720	0	0	192	640	0	1136	5920	160	
160	0	160	832	240	832	0	2212	5132	0	
0	1440	720	32	0	480	6108	788	0	0	
2904	960	272	960	0	0	0	240	4232	0	
672	0	480	0	720	1840	32	868	4956	0	
80	32	160	2932	0	320	0	800	4604	640	

2548	0	320	880	384	752	0	912	4800	0	
0	0	468	992	160	1360	1232	1540	4844	0	
640	0	640	2344	224	1360	0	672	4716	0	
160	560	0	352	32	672	800	0	6116	1904	
0	752	320	800	480	752	160	560	4560	2212	
160	32	992	880	352	720	0	1200	6260	0	 ***
640	960	160	800	112	400	2068	5216	240	0	
512	676	0	1440	1472	0	0	2416	0	4080	
160	80	112	640	1312	800	0	6224	1108	160	
800	0	320	1440	192	720	1620	832	4672	0	
0	0	320	2292	352	720	2984	880	3048	0	
672	672	640	0	640	160	560	160	5060	2032	
992	0	432	912	228	1556	0	1588	4888	0	

0	400	960	32	1760	36	5360	0	672	864	
0	144	2372	964	352	0	0	1440	4812	0	
0	0	1984	2532	356	0	0	832	4380	0	
0	672	992	800	356	160	0	832	6272	0	
4	672	832	800	352	0	400	800	6224	0	
0	0	36	272	0	800	192	640	3016	5128	
0	672	996	800	352	160	0	512	6272	320	
0	0	0	224	2080	164	2956	1360	2820	480	
0	1340	832	800	352	1300	0	1120	4340	0	
0	0	1312	1280	272	0	320	644	6256	0	 ***
0	980	1064	1584	352	640	0	800	4664	0	
0	32	960	1200	36	480	2036	512	4828	0	
0	1588	992	1120	352	0	0	1656	4376	0	
592	864	672	0	1124	752	1280	0	4480	320	

