#480	512	0	4	144	160	388	2496	4156	0	
#356	272	192	244	244	32	4688	272	0	2040	
#272	272	80	168	1344	1408	1144	3140	512	0	
#240	560	256	732	304	0	1064	3904	1280	0	
#36	80	160	84	2432	192	32	320	4040	964	
#0	544	240	160	0	352	5692	0	1352	0	

352	80	320	276	160	144	160	192	5032	836	
112	208	0	480	400	160	80	4704	1408	0	
640	560	32	352	0	0	160	272	5024	512	 ***
240	64	80	916	112	192	720	80	384	4764	
400	160	272	0	432	320	64	432	352	5120	
0	80	32	308	512	592	384	2460	160	3024	
640	240	32	276	0	80	160	2144	1364	2616	
816	276	112	84	324	80	3876	1280	704	0	
240	0	192	160	304	480	304	948	1560	3364	
720	320	32	276	160	320	160	256	2660	2648	
320	96	320	320	80	1440	432	320	4192	32	
112	320	0	80	0	1520	0	592	2664	2264	
516	256	592	196	100	240	3284	1776	592	0	
160	0	400	192	68	240	0	1872	116	4504	
1568	240	4	400	112	0	4572	144	432	80	
80	112	0	80	0	1008	112	480	1024	4656	
272	0	116	112	240	404	352	640	2340	3076	
640	192	0	276	160	320	240	224	4984	516	
640	384	320	0	0	32	160	1860	240	3916	
192	400	80	192	276	272	1040	1620	400	3080	
672	240	0	388	0	0	320	336	2776	2820	
672	80	112	592	160	32	160	192	4960	592	
240	0	592	212	320	80	1208	1972	432	2496	
640	320	64	276	240	0	160	544	2628	2680	
80	0	0	512	480	0	1152	592	32	4704	
0	560	400	160	480	64	2032	0	1672	2184	
640	80	0	996	32	0	272	192	2520	2820	
160	400	32	320	544	0	992	4448	320	336	
656	272	0	0	224	32	640	1644	4084	0	
160	304	224	336	164	240	0	912	244	4968	
112	272	916	160	164	672	192	4116	948	0	
160	84	224	272	512	32	1124	0	2196	2948	
640	32	112	320	0	1488	4	4520	436	0	
352	0	436	432	148	32	320	2344	512	2976	
192	112	516	656	196	84	0	144	560	5092	
272	240	480	0	400	144	984	1792	0	3240	
240	80	32	176	160	644	1152	0	4568	500	
80	832	32	144	432	160	528	0	916	4428	
4	192	320	916	32	160	512	64	2228	3124	
3040	240	192	1784	0	0	160	1360	776	0	
80	240	112	276	352	512	80	708	240	4952	

640	320	64	352	0	112	160	3140	2924	352	
0	864	320	192	752	1520	160	0	3896	360	
352	320	224	1396	176	192	584	480	4340	0	
1280	400	32	272	0	32	160	192	5472	224	
640	320	32	352	32	352	160	192	3072	2912	
480	80	0	176	64	0	1184	4896	944	240	
640	32	64	864	468	400	0	420	4856	320	
560	1152	64	432	0	0	320	272	4912	352	
1104	384	704	1776	32	0	708	0	2516	840	
1280	320	64	592	0	0	160	112	5312	224	
224	36	160	1120	0	352	0	3156	2084	932	
640	320	32	352	32	0	3348	192	2396	752	
672	320	32	464	0	0	160	944	4640	832	
640	400	352	384	640	0	160	224	4752	512	
0	800	432	368	0	0	3460	400	2188	416	
640	320	32	784	32	0	800	192	4752	512	 ***
0	512	544	624	648	560	932	0	3732	512	
864	32	800	1300	0	544	352	3756	416	0	
304	912	320	400	0	640	112	4368	144	864	

640	320	192	704	32	0	160	1248	5060	1024	
160	160	512	848	32	1552	464	240	4692	720	
864	240	1264	0	720	304	0	3588	880	1520	
992	0	0	224	240	1152	2400	384	480	3508	
0	624	320	912	0	432	112	832	5444	704	
1280	320	32	1024	672	0	832	192	4836	192	 ***
624	80	64	112	512	656	0	2272	512	4548	
640	320	32	944	64	0	800	3572	2688	320	
640	1312	944	192	432	0	992	0	64	4804	
96	800	800	0	112	832	1216	0	544	4980	
192	64	112	832	80	768	0	2080	5092	160	
640	320	672	864	32	0	1440	192	4868	352	
560	32	160	1824	512	288	0	4468	0	1536	
160	352	224	160	864	832	0	5428	1040	320	
352	960	320	0	0	976	576	1504	832	3860	
1024	0	864	704	32	224	480	2192	3860	0	
1088	400	880	384	32	80	1584	32	0	4900	
320	832	912	640	160	112	1168	0	4564	672	
272	784	144	0	560	64	880	704	5412	560	
192	512	832	400	2628	384	2608	0	832	992	
640	480	32	1536	32	0	800	192	4836	832	
320	480	208	640	640	0	1472	112	416	5092	
32	704	160	112	672	240	320	4148	1968	1024	
1152	800	0	0	1152	1940	960	752	0	2624	
960	192	96	720	640	672	1744	0	4100	256	
240	1120	672	1072	0	176	864	4148	672	416	
112	640	2128	192	672	352	992	3972	320	0	
1264	624	640	704	352	640	352	0	4420	384	
304	448	640	672	1152	0	400	1472	4132	160	
1280	320	32	944	224	0	160	992	4404	1024	
800	320	32	704	32	0	800	752	5396	544	

32	1104	384	480	880	384	240	80	4368	1696	
1280	320	64	720	2896	0	672	32	3472	192	
1040	432	672	752	672	0	992	112	4784	192	
1040	320	32	1632	672	0	864	32	4784	272	 ***
0	0	784	640	192	0	3696	3392	224	720	
192	0	80	160	480	80	640	1680	4384	1952	
752	272	192	672	592	64	0	1824	5280	0	
1312	400	32	720	1312	0	3024	32	2624	192	
1040	64	720	224	0	624	1184	784	5008	0	
1232	32	496	544	192	800	2528	0	3824	0	
272	512	352	640	1152	0	672	4416	1632	0	
1824	32	1520	32	0	2192	32	0	3056	960	
1040	320	32	752	832	0	1552	192	4736	192	
0	960	960	2560	0	160	0	800	3168	1040	
320	0	1024	752	560	2624	832	0	0	3536	
432	1072	416	1472	0	32	800	224	5200	0	
0	480	1504	800	976	2848	0	1696	0	1344	
1152	320	32	752	672	160	832	112	4784	832	

400	480	112	1600	752	80	704	112	4144	1040	 ***
400	320	32	1600	992	160	784	0	4160	976	
960	912	720	592	960	192	320	144	4192	432	
560	1120	672	672	1120	176	320	0	3440	1344	
800	1040	112	2496	1392	0	704	0	2720	160	
320	1232	192	0	0	272	1056	240	2304	3808	
400	400	192	2160	784	720	784	240	3504	240	
560	1936	224	2272	1072	0	784	32	2064	480	
640	320	832	1840	1072	112	864	0	3504	240	
1152	480	640	0	1056	416	896	0	3408	1376	
240	672	32	0	1968	1712	752	0	3456	592	
272	880	0	224	1040	912	1520	384	4000	192	
0	1120	320	144	704	0	880	1920	496	3840	
400	320	192	2000	672	880	1024	32	3504	400	
1024	432	432	1472	336	960	3360	1408	0	0	
0	2016	80	1680	880	0	2656	0	1600	512	
0	640	1200	912	176	0	1344	1072	944	3136	
160	720	800	192	32	800	3040	0	3200	480	
0	640	1552	0	272	1184	2960	80	1120	1616	
0	496	0	992	864	320	2800	1840	1952	160	
0	384	1104	320	480	1312	3200	1520	1104	0	
592	1280	80	272	2096	640	1088	160	3216	0	
384	1152	400	32	464	640	1072	880	4400	0	
512	912	160	192	1520	0	640	4576	0	912	
800	720	224	624	0	992	0	1040	1248	3776	
112	240	720	240	160	1600	192	3248	2912	0	
672	832	560	0	32	960	464	1360	3440	1104	

400	480	0	1440	112	160	2320	80	1536	912	
2032	32	0	400	80	480	3056	960	400	0	
624	0	80	240	1600	0	0	400	1936	2560	
0	1200	0	2112	528	0	64	80	2576	880	 ***
384	160	320	0	0	0	2496	1264	2240	576	
400	480	160	1440	112	0	288	240	3280	1040	
320	480	32	1440	112	0	224	432	3360	1040	
832	32	1440	80	944	80	240	0	3792	0	
400	480	32	1440	112	160	224	144	3344	1104	
400	480	0	1440	224	0	2320	112	1584	880	
400	480	160	1440	112	0	64	112	2144	2528	
0	256	432	192	192	1536	0	672	3056	1104	
80	0	80	240	160	112	352	3200	3024	192	
400	480	32	1440	112	0	192	272	3280	1232	
0	352	240	752	0	320	256	2064	3024	432	
0	528	880	32	240	1280	0	1056	2992	432	
400	480	0	1440	272	0	96	80	2144	2528	
400	480	0	1600	112	0	64	112	2144	2528	
320	640	80	192	288	80	1296	1040	3504	0	
400	480	32	1440	272	0	64	80	2144	2528	
320	480	32	1440	112	0	704	80	1744	2528	

0	560	4	1204	272	0	192	224	3924	1200	
32	80	0	432	752	2340	960	0	560	2424	
32	480	0	1124	1808	160	32	244	2788	912	
80	944	0	400	724	868	1108	2096	1360	0	
228	676	672	864	0	0	800	1504	2080	756	
720	720	1392	1440	1232	0	228	192	1656	0	
0	384	4	1200	436	0	432	2208	2036	880	
352	1392	404	2144	800	0	80	0	1688	720	
4	480	0	1120	112	272	64	720	3924	884	
0	164	564	1200	192	164	32	2256	2128	880	
0	164	160	1440	192	0	224	2212	2308	880	
160	160	0	1524	112	0	100	2256	2388	880	
1140	0	1776	164	0	0	1120	1860	1488	32	
0	160	112	1284	1568	0	32	996	2228	1200	
0	160	224	1440	196	0	32	80	4244	1204	 ***
576	1908	400	240	160	1144	0	1888	1264	0	

0	0	320	2000	1156	80	0	400	4836	884	 ***
1360	0	480	1120	436	0	0	160	2692	3428	
120	1472	752	1348	2832	1152	0	400	0	1600	
160	1360	160	1280	276	160	32	2384	2980	884	
240	400	32	832	400	168	80	1312	1584	4628	
0	0	2464	2240	196	0	272	688	1972	1844	
640	80	640	1520	196	0	0	400	5080	1120	

0	0	320	1040	672	80	1648	720	3020	240	
2128	160	1760	960	192	0	240	1996	0	304	
0	0	400	1360	516	320	64	432	4244	404	
0	0	320	2624	544	240	0	240	3132	640	
564	912	1284	240	0	1152	916	0	2160	512	
0	0	480	1200	592	80	0	320	4716	352	 ***
624	320	392	2272	1184	480	0	1988	0	480	
0	496	80	164	432	0	1204	3824	1264	276	
0	0	320	1232	432	240	272	432	4380	432	
884	160	0	320	0	512	1312	728	3488	336	
912	1152	672	864	0	1972	0	676	644	848	
0	0	480	1040	784	80	0	240	2988	2128	

416	32	720	1200	592	400	0	240	4124	480	
240	272	2056	1312	0	304	0	2292	1008	720	
0	0	512	1040	752	80	0	1008	2844	1968	
80	0	800	1232	720	112	32	1104	3964	160	
832	320	960	912	0	232	3760	0	480	708	
0	480	160	0	480	1156	3204	720	820	1184	
0	192	560	1120	592	432	0	2576	2572	160	 ***
352	592	0	404	192	592	3732	720	1620	0	
32	80	800	1280	592	80	0	976	4012	352	
32	0	480	1504	560	112	0	944	3276	1296	
0	352	916	480	644	0	3920	244	672	976	
32	1056	480	1232	912	400	0	240	3212	640	
0	0	352	1072	880	80	0	1060	4072	688	

2672	80	432	400	964	0	1344	0	1352	704	
320	320	0	272	1152	240	2824	400	2420	0	
0	192	480	1360	560	480	192	2784	1660	240	
0	240	640	1120	2160	320	0	1648	1660	160	
320	192	560	0	240	2324	272	2152	1456	432	
432	480	484	512	0	880	784	0	3220	1156	
0	272	272	1120	720	320	2660	560	1704	320	
0	192	640	1232	560	320	160	2868	1816	160	 ***
1120	400	436	708	964	560	0	2944	624	192	

560	1380	480	160	484	1216	640	2772	0	112	
2500	784	752	32	520	864	880	720	640	112	
2144	1504	324	0	80	384	304	592	1956	516	
0	32	640	1392	720	352	1440	1572	1464	192	
512	432	1600	672	356	752	356	2532	592	0	
624	480	1216	160	2308	0	224	836	1956	0	
160	192	704	2672	672	320	0	708	2136	240	
160	112	672	1392	560	320	112	2820	1496	160	
0	64	640	1264	640	320	0	908	3648	320	
336	240	480	0	400	308	3092	592	1076	1280	
0	1328	640	1344	592	480	240	1560	1460	160	
192	224	640	1312	816	1552	0	704	2136	228	
32	0	640	1264	560	400	352	1604	2760	192	
0	160	160	560	352	1040	2336	2292	664	240	
0	112	640	1232	720	816	32	2564	1368	320	
0	64	800	1392	672	896	0	1028	1464	1488	
80	32	640	1232	640	640	160	2828	1392	160	
64	32	720	1232	560	160	160	2836	1880	160	 ***
160	596	320	160	576	272	992	880	0	3848	
0	192	672	1424	704	320	32	1516	1456	1488	
1824	400	1840	0	320	708	608	1940	164	0	
0	32	640	1232	592	352	80	1124	3432	320	
192	64	640	1232	640	400	32	2664	1460	480	
0	1328	720	1200	560	1184	0	676	1976	160	
2032	324	1204	640	544	432	1680	80	804	64	
0	80	640	1264	2112	320	0	772	1464	1152	
0	64	672	1312	2288	432	0	1100	1456	480	

880	1392	624	992	360	80	516	544	4148	0	
32	32	400	1872	2352	512	0	1128	2408	800	
80	196	320	784	0	0	352	4852	2232	720	
64	32	640	2032	560	160	420	3396	1748	484	
160	240	164	2000	320	640	2404	352	3256	0	
0	240	0	192	404	112	5772	1904	752	160	
912	324	160	0	1600	560	224	3748	944	1064	
84	0	272	800	672	1120	704	464	4780	640	
144	112	400	592	1840	320	0	596	4328	1204	
1024	0	1616	752	400	1040	0	320	96	4288	
720	112	1152	240	708	80	352	4940	912	320	
112	1024	1648	1072	560	160	0	2112	2016	832	 ***
64	384	400	1872	720	320	0	756	2140	2880	
432	672	400	2512	804	160	160	2824	1380	192	
112	32	720	1264	1280	160	852	1120	3192	804	
1360	592	516	608	1200	196	320	2948	1796	0	
160	32	3472	1200	560	0	512	3132	80	388	
480	880	160	1584	640	112	1392	3452	752	84	
672	32	480	592	560	800	1252	3016	1460	672	
352	1280	1312	516	640	1000	544	2448	1444	0	
160	400	192	1472	1056	1984	968	280	3024	0	
352	112	160	432	752	160	832	3348	1464	1924	

80	480	672	832	80	0	640	1040	5452	644	
752	1056	1344	912	560	164	0	2596	1544	992	
1456	1712	880	112	2020	480	0	2440	0	820	
112	32	1280	912	560	240	84	1872	3356	1472	
640	160	644	352	240	80	640	3656	2976	532	
116	32	1280	1424	560	240	320	1924	3160	864	
272	672	1280	352	912	244	0	2932	2344	912	 ***
1792	1376	0	0	720	0	32	160	2680	3160	
640	352	752	880	80	4	1440	0	4696	1076	
164	672	592	1280	0	0	272	3168	276	3496	
112	1232	1280	1156	560	160	0	1424	3164	832	
192	32	1440	272	884	272	0	1844	1624	3360	
112	992	1312	832	672	160	0	2440	1544	1856	
192	36	1668	992	560	160	0	1920	1544	2848	
112	224	1440	272	1220	800	0	2516	2504	832	
0	640	800	1024	0	352	4264	2040	160	640	
0	1616	880	0	192	1744	2320	0	800	2368	
192	112	1280	240	560	160	160	1280	5100	836	
0	1844	1392	0	516	1152	800	672	2804	740	
192	32	1120	276	1988	240	0	1952	1704	2416	

352	704	1120	1588	1584	244	0	1348	2868	272	
272	672	1280	432	992	324	0	3064	2100	944	
272	3264	1280	464	912	324	0	1432	1860	272	
992	832	0	564	1552	240	240	4680	0	980	
272	672	1120	832	944	324	0	1440	4172	304	
0	512	708	32	240	80	5404	80	80	2944	
320	0	416	0	4	800	3516	880	1712	2432	
304	672	1120	272	832	244	2984	1280	1956	416	
1872	672	160	0	224	1280	240	164	960	4508	
272	672	1760	192	832	520	1268	2832	1220	512	
272	1312	1280	512	1824	276	80	3032	1220	272	
352	672	1760	224	912	244	80	1392	4172	272	
324	0	96	400	800	1152	672	512	5244	880	
80	644	752	80	0	80	672	5288	272	2212	
0	432	1280	0	560	1792	292	512	3828	1384	
1120	400	676	400	736	1956	432	1392	2968	0	
352	672	1280	352	1024	884	0	3032	2180	304	
272	752	1280	624	944	244	0	2148	2148	1668	
32	1040	80	1312	2040	192	192	400	160	4632	
1840	704	436	32	1712	480	308	3028	1540	0	
800	384	144	832	548	276	1924	3632	1540	0	
1232	672	1280	352	912	244	0	3032	1940	416	 ***
352	672	1952	352	944	324	80	3032	2020	352	
160	244	272	0	1344	1984	0	3504	1848	724	

0	1552	320	272	240	672	1104	5084	752	0	
1472	832	32	832	432	0	320	1556	0	4520	 ***
3104	0	672	160	640	1156	0	112	0	4152	
240	352	320	240	64	0	0	0	2980	5800	
400	832	800	724	1136	400	0	4984	0	720	
1040	832	320	112	832	1348	0	2320	992	2200	
0	2160	0	0	0	404	32	3640	2816	944	
800	0	0	160	800	0	1056	4360	640	2180	
1520	1344	320	112	512	1044	0	2596	832	1716	
1120	752	320	32	672	2712	0	912	432	3044	
640	752	320	832	80	640	800	4984	916	32	
0	64	0	720	160	80	1316	4600	2864	192	
0	240	32	880	1760	32	240	5352	1380	80	
2212	2164	0	0	192	0	3892	0	704	832	
1040	756	1440	752	512	916	0	2624	832	1124	
240	672	80	0	592	4	1472	5112	160	1664	
1040	672	960	192	512	884	0	2000	944	2792	
1040	1032	1120	112	544	244	0	2672	2384	848	
160	0	512	1152	0	80	352	5496	0	2244	
512	0	1136	672	512	80	1520	4684	880	0	
2240	672	480	464	1428	244	0	1988	1104	1376	
240	752	80	192	160	480	32	3944	4116	0	
0	0	1712	240	352	2916	1060	160	3556	0	
1040	672	720	512	1392	276	0	1312	864	3208	
32	720	752	0	160	512	400	5528	1652	240	
304	640	32	192	80	320	1472	4280	480	2196	
80	4	1520	80	0	960	1024	4792	112	1424	
672	0	160	1280	160	32	0	5036	1952	704	
672	1312	192	800	0	320	512	4364	992	832	
1040	752	480	512	512	916	0	3076	832	1876	
1200	1632	640	192	512	276	0	1280	1472	2792	
800	80	480	160	880	672	0	4664	676	1584	
560	144	672	3520	0	240	0	3352	752	756	
1424	640	0	160	880	676	1808	4088	320	0	
1040	672	320	112	2820	244	0	1872	1872	1044	
192	1280	32	0	240	0	784	4392	1316	1760	
1120	672	992	112	512	244	3016	1840	832	656	

2432	272	112	836	144	0	784	1760	0	3816	
2080	0	1360	1268	0	1592	3664	32	160	0	
240	0	640	880	1120	320	2852	4072	0	32	
1568	240	992	432	0	0	800	800	5084	240	
400	0	704	1956	1600	640	4504	192	160	0	
240	160	1200	1412	160	0	676	160	4868	1280	
640	352	224	960	832	160	0	4752	0	2236	
80	720	352	112	640	0	32	3216	400	4604	
224	0	80	80	0	1440	2240	1280	352	4460	
0	3136	864	1264	864	0	840	2388	0	800	
1072	1392	304	240	240	0	880	1520	4508	0	
400	32	960	400	0	160	4908	2432	864	0	
992	432	752	1200	0	112	1072	0	4764	832	
560	512	0	1468	0	80	160	1824	720	4832	
480	752	272	1524	0	0	1600	1200	192	4136	
1040	912	0	80	400	832	112	1312	800	4668	
992	640	0	432	1120	432	672	944	160	4764	
1424	80	400	240	0	432	2480	832	4268	0	
640	80	1120	160	1072	80	480	5212	192	1120	
1552	832	32	832	112	0	1880	1120	0	3796	
272	32	1632	864	1440	160	1472	0	0	4284	
1472	832	32	832	112	0	2472	1360	0	3044	 ***
1472	832	32	832	192	0	712	2836	0	3248	
832	592	480	2644	0	192	80	5144	192	0	
0	0	832	1712	800	592	0	3928	320	1972	

400	160	192	0	1312	640	272	1392	964	3388	
36	0	80	720	112	676	3032	992	192	2880	
1312	192	80	192	192	0	1532	1360	1312	2548	
112	0	0	596	640	960	800	736	0	4876	
160	1232	880	0	1040	112	112	112	240	4832	
1392	272	400	1024	784	0	1236	1744	0	1868	
1508	192	0	432	752	160	2156	1232	0	2288	
32	1472	1028	640	192	0	0	5116	240	0	
64	80	0	704	400	1520	1364	560	160	3868	
1716	0	116	1184	0	160	0	1680	3720	144	
2304	192	1316	192	200	0	1380	1200	0	1936	
1364	80	240	0	160	1040	644	192	32	4968	
868	80	160	80	80	1124	1348	1040	0	3940	
224	2084	1716	80	480	512	336	0	0	3288	
752	1236	720	224	992	404	272	240	320	3560	
1312	272	0	192	112	640	2580	1640	0	1972	
244	1040	404	80	0	80	1872	1312	320	3368	
160	1236	224	1312	0	240	192	80	720	4556	
800	400	1364	80	196	160	2712	96	0	2912	
1952	192	240	272	816	0	1908	1324	0	2016	
1280	388	192	1072	112	80	1076	1200	0	3320	
160	0	432	1280	436	644	0	3096	320	2352	
2196	1160	724	432	0	80	240	320	0	3568	
1312	192	160	304	112	0	484	1200	3068	1888	
1392	272	1236	440	752	0	1140	1280	0	2208	 ***
320	960	720	272	80	32	1952	80	276	4028	
4	320	720	160	880	672	1792	1216	80	2876	
1452	0	884	32	192	720	0	160	976	4304	
1040	32	960	0	240	0	516	912	960	4060	
32	0	800	400	160	352	1040	640	1124	4172	
1104	80	0	80	1280	640	1840	164	160	3372	
720	720	0	80	84	32	320	1168	320	5276	
0	560	80	468	4	1520	3128	192	640	2128	

720	400	80	160	752	0	4824	480	0	400	
672	0	160	0	0	160	1280	560	32	4952	
32	0	2340	960	80	960	192	80	160	3012	
720	32	0	0	0	0	0	1312	320	5432	
752	320	0	160	752	0	4792	640	0	400	 ***
0	564	432	1508	0	0	0	800	464	4048	
752	240	0	320	752	0	740	640	0	4372	
720	240	0	240	752	240	548	560	0	4516	
832	240	1348	160	752	0	820	640	0	3024	
0	240	0	0	0	160	800	1684	960	3972	
720	240	160	80	752	0	1188	640	0	4036	
0	32	2740	560	320	160	0	640	640	2724	
0	0	0	0	160	0	4068	304	0	3284	
720	240	0	160	752	160	4824	560	0	400	
720	240	240	160	752	0	4824	480	0	400	
0	80	224	0	400	880	980	960	0	4292	
320	112	80	80	0	160	1152	320	324	5268	
832	240	0	80	752	0	1188	720	0	4004	
832	160	80	0	804	480	80	352	240	4788	
1872	32	0	640	240	80	32	0	0	4920	
0	672	320	0	80	0	1424	80	320	4920	
720	240	160	240	752	0	4824	400	0	480	
320	800	0	320	0	160	32	752	320	5112	
80	32	0	320	404	0	1472	160	0	5348	
320	112	0	80	0	800	720	400	80	5304	
80	0	160	80	80	0	1152	640	144	5480	
720	240	0	320	752	80	468	1200	0	4036	
752	240	1348	80	912	0	1188	560	0	2736	
160	0	900	0	1472	640	308	560	0	3776	
240	0	912	672	0	0	80	240	192	5480	

720	880	324	0	80	0	0	2256	944	3576	
480	0	272	800	596	0	4432	0	320	1880	
0	0	960	640	320	164	3864	0	2672	160	
0	1600	432	160	640	0	5320	324	304	0	
4	160	80	160	0	960	5160	352	1472	432	
880	80	1360	160	720	0	4508	640	32	400	
800	720	160	880	0	160	3496	0	2564	0	
80	960	0	0	320	564	5176	1440	160	80	
80	320	0	0	80	0	5752	800	1392	356	
2392	832	0	0	160	160	720	640	3876	0	
0	240	320	112	0	0	3272	0	3876	960	
804	0	160	192	912	400	0	3216	3096	0	
240	240	0	0	640	0	5304	1360	192	804	
0	32	0	1396	80	160	5208	0	1904	0	
400	80	960	80	80	192	4952	320	112	1604	
240	1920	160	192	4	0	2944	3160	0	160	
640	160	0	512	640	2248	800	0	0	3780	
720	160	276	240	800	0	4312	400	640	1232	
0	0	32	320	0	400	1872	0	1360	4796	
240	192	0	164	0	1784	4656	0	912	832	
720	164	640	0	880	672	4008	400	0	1296	
720	80	80	160	1440	160	4280	512	0	1348	
272	0	160	0	32	1200	4956	160	480	1520	
0	240	0	0	80	160	320	3416	4564	0	
1072	708	880	0	160	0	4888	1040	32	0	
84	80	0	0	0	0	6024	400	240	1952	
80	160	0	0	964	0	3880	512	912	2272	
720	0	0	0	272	0	0	2528	4296	964	
1040	320	436	32	0	720	5032	320	640	240	
1240	320	0	80	1440	0	3988	400	0	1312	 ***
240	160	36	640	1712	432	5240	0	0	320	
800	800	80	160	880	672	4508	560	0	320	
80	720	0	160	192	640	3288	3380	320	0	
320	0	1428	0	1428	0	3440	0	1040	1124	
2392	160	0	0	720	1040	3636	0	32	800	
880	0	320	720	0	0	0	116	1392	5352	
244	0	80	240	672	0	3976	0	2208	1360	
224	0	2952	0	0	4	4720	80	800	0	

404	720	80	2176	1440	0	2440	640	0	832	
32	0	884	1216	0	160	0	640	0	5800	
0	80	0	0	800	640	2212	0	640	4360	
32	640	80	644	1712	1444	3028	0	1152	0	
0	1120	832	0	644	0	4280	1504	320	32	
116	160	112	320	1440	0	4712	80	0	1792	 ***
0	720	0	672	800	80	4404	1384	432	240	
832	1240	80	1360	272	720	2948	1280	0	0	
0	32	276	160	352	80	4804	0	0	3028	
720	32	0	0	0	240	4148	880	1604	1108	
1352	240	0	1364	912	0	0	3440	0	1424	
404	320	0	800	2976	0	2600	720	80	832	
84	320	32	720	2080	0	3960	80	0	1456	

0	1120	0	1088	0	0	1508	4812	0	832	
480	0	0	800	800	0	2496	0	0	4784	
276	160	32	160	964	0	6148	144	0	1476	 ***
0	2276	164	0	2468	800	3012	640	0	0	
0	0	0	0	960	864	0	6096	1440	0	
64	884	640	4	272	0	4152	2672	672	0	
0	80	160	160	672	1716	4072	672	0	1828	
400	1280	0	0	320	0	4524	160	64	2612	
0	644	912	1956	0	160	0	960	864	3864	
32	0	160	160	320	640	4152	324	800	2772	
880	80	192	2036	0	800	4216	160	352	644	
1364	0	720	32	2000	324	3392	160	64	1304	
320	2628	0	160	80	0	160	4268	1312	432	
1872	36	1520	32	640	864	4236	0	0	160	
644	0	32	320	0	800	2628	0	1440	3496	
84	0	0	640	1344	0	4276	592	1908	516	
0	0	352	704	2420	0	4568	1316	0	0	
160	0	0	672	640	2772	3976	0	832	308	
1600	32	0	400	720	0	3992	0	836	1780	
0	160	240	0	1520	800	3528	0	32	3080	
436	32	36	2772	0	0	3540	272	0	2272	

192	160	32	320	996	0	6248	624	0	996	
880	0	0	2432	160	160	3252	0	192	2492	
880	160	0	2820	160	160	32	160	0	5196	
0	0	1280	32	192	80	0	1424	6240	320	
240	0	3240	0	0	800	2356	2436	496	0	
1376	0	832	4	1840	320	4924	272	0	0	
320	1440	2904	160	0	160	4344	0	240	0	
0	432	0	512	800	160	4120	2904	640	0	
0	0	192	0	2000	0	0	1760	5296	320	
196	80	32	320	1444	0	6680	144	0	672	
352	640	0	0	480	0	4524	2996	0	576	
192	0	320	0	320	640	4492	1664	160	1780	
160	640	224	800	0	160	4760	0	2824	0	
352	640	400	160	240	800	4440	596	660	1280	
0	1040	80	0	160	640	5852	1316	0	480	 ***
1636	672	480	0	0	160	4472	1828	0	320	
192	160	64	400	884	320	6328	420	0	800	
992	480	0	160	0	1872	0	2240	0	3824	
32	0	160	240	960	0	4588	2788	0	800	
960	992	160	640	160	1232	3964	340	960	160	
836	320	32	160	596	160	6680	144	0	640	

32	1040	80	80	960	800	5812	960	0	832	 ***
0	1200	0	112	160	640	5728	1636	0	1120	
0	1360	0	0	708	800	4556	2660	0	512	
0	752	0	320	832	640	3280	2084	0	2688	
0	1840	160	112	160	640	5940	1072	0	672	
32	1104	0	0	320	880	6068	1392	0	800	

0	640	0	32	1280	640	5860	960	0	672	 ***
0	1120	160	0	880	0	5812	960	0	1152	
36	992	720	0	960	804	4776	1280	0	516	
640	960	0	0	880	0	4980	1952	0	672	
704	960	0	0	880	4	5904	1120	0	512	
32	1284	880	0	960	0	3688	320	0	2920	
0	3508	160	320	1856	1460	0	1072	0	1708	
32	968	0	0	800	1168	3572	1760	0	1784	
32	2376	720	0	880	0	4728	836	0	512	

