#88	432	64	240	704	2276	800	916	2820	0	
#480	0	548	272	432	148	192	240	5788	240	
#512	480	320	192	0	240	0	2324	240	4032	
#116	0	436	164	160	512	4016	560	2376	0	
#432	400	144	244	160	36	0	32	3896	2996	
#736	144	548	596	352	0	4	5124	352	484	

224	160	0	512	400	224	0	4304	0	1728	
404	164	544	160	272	192	240	4664	912	0	
64	320	80	352	416	400	272	112	1040	4496	
64	80	112	244	484	976	1988	0	576	3028	
240	0	192	544	32	240	320	2332	352	3300	
144	272	432	224	0	80	240	80	3468	2612	
640	512	32	0	512	276	240	1716	112	3512	
640	1360	2160	272	0	112	144	320	0	2544	
640	480	160	80	272	1376	0	80	3280	1184	
160	116	32	352	0	276	160	272	656	5528	
400	272	464	160	240	384	240	232	192	4968	
384	352	272	160	112	80	0	80	2908	3204	
644	324	576	160	336	624	784	100	800	3204	
1456	480	0	352	112	240	112	112	2460	2228	
0	0	112	576	832	480	4804	340	168	240	
432	0	1888	112	408	512	352	2196	0	1652	
1040	400	260	0	112	192	304	356	112	4776	
512	112	112	192	80	640	3284	0	432	2188	
436	324	608	160	272	272	240	1796	240	3204	
480	276	560	448	32	592	0	240	32	4892	
400	432	112	272	112	320	0	2348	272	3284	
0	192	400	432	240	320	2948	0	1820	1200	
240	272	352	112	416	240	80	1204	920	3716	
160	192	116	308	32	320	352	480	352	5240	
112	112	4	320	272	224	1476	192	160	4680	
592	192	400	164	352	0	1904	160	80	3708	
352	160	388	192	320	592	4924	432	192	0	
240	112	160	116	640	36	240	1136	0	4872	
192	240	36	624	272	400	560	116	192	4920	
404	192	464	160	320	272	640	1704	192	3204	
4	80	192	240	592	736	856	432	0	4420	
740	324	464	160	304	592	784	100	880	3204	
320	32	320	192	496	0	64	5216	112	800	
240	0	80	272	112	240	468	672	920	4548	
400	352	240	304	352	704	0	228	80	4892	
404	0	576	160	352	272	240	356	320	4872	 ***
0	1988	0	320	352	1840	80	2588	272	112	
564	324	496	432	304	592	384	100	1152	3204	

784	384	192	944	32	672	4576	160	160	160	
404	0	576	240	416	192	160	996	320	4760	
1152	1376	32	320	80	144	192	3856	912	0	
160	512	416	1024	432	1072	240	392	0	3816	
544	672	112	160	196	112	160	416	992	4700	
404	0	544	160	704	224	800	356	320	4552	 ***
0	176	352	400	80	112	4148	2012	160	624	
880	80	352	80	176	944	192	408	352	4600	
80	80	320	32	1136	464	352	4320	800	480	
832	160	160	112	224	64	240	608	640	5024	
756	0	576	192	992	192	240	356	160	4600	
992	400	560	96	0	0	1136	496	1020	3364	
224	112	420	752	192	0	1316	0	192	4856	
436	80	896	192	352	832	160	356	160	4600	
516	0	896	832	352	192	160	356	160	4600	
404	0	896	832	432	192	160	356	192	4600	
256	80	144	320	352	84	1000	1104	0	4724	
36	512	352	240	164	0	4004	1024	1700	32	
272	320	112	1940	432	272	80	1152	3340	144	
320	788	720	0	144	512	432	228	320	4600	
320	624	1152	0	224	304	1576	3076	788	0	
80	384	160	640	176	80	160	740	880	4764	
624	880	308	272	112	32	0	864	4700	272	
400	0	576	192	384	352	480	388	320	4972	
436	0	896	800	352	192	192	436	160	4600	
400	0	544	432	192	272	160	352	2272	3440	

880	0	1696	832	64	0	3380	112	432	1984	
352	832	64	480	1120	560	832	0	1136	4004	
160	80	192	1920	0	400	864	3636	2128	0	
272	512	1104	0	640	976	112	320	304	5140	
352	192	0	1120	720	592	3492	624	2288	0	
32	640	832	144	320	512	0	320	4756	1824	
0	0	464	80	1104	256	2432	592	320	4132	
624	1312	944	0	912	240	240	3588	0	1520	
1120	720	0	192	32	352	784	816	992	4372	
240	160	576	80	1264	864	800	352	160	4884	 ***
224	432	960	2900	0	0	2912	896	704	352	
1760	112	352	512	1824	0	640	32	4148	0	
240	432	0	224	352	2016	4196	624	1296	0	
816	0	2804	0	112	912	624	32	2688	1392	
832	0	80	672	2080	192	144	256	0	5124	
544	352	112	992	912	864	224	800	4580	0	
1040	0	576	160	464	384	960	352	320	5124	
400	0	544	160	656	864	800	512	320	5124	
384	832	352	160	800	112	1392	4484	864	0	
304	832	624	912	0	0	736	480	2624	2868	
160	64	320	1824	80	144	1120	656	5012	0	
496	1008	352	720	192	32	4500	0	0	2080	
2768	160	240	1024	0	160	512	400	752	3364	
480	0	64	192	432	464	1744	592	112	5300	
304	400	512	32	2304	2500	80	2576	672	0	
400	0	544	160	704	224	1440	576	1600	3732	
0	800	0	272	944	480	4324	432	416	1712	

640	176	0	0	1776	0	528	1152	1520	3856	
32	160	496	80	1152	864	800	992	320	4752	
432	1920	32	0	160	0	208	1744	464	4688	
64	0	816	32	32	800	1440	352	992	5120	
592	1856	352	640	160	896	4288	0	0	864	
0	1872	112	112	1424	480	0	544	0	5104	
0	320	496	160	1152	1504	800	352	160	4704	
992	720	304	1024	1152	784	0	4288	0	384	
1984	32	432	928	0	480	1072	192	0	4528	
832	640	640	0	256	544	4752	720	1264	0	
64	0	416	2128	384	720	480	800	4384	272	
1792	160	2800	0	80	112	160	1168	3376	0	
784	64	240	0	0	1200	464	4640	784	1472	
320	800	864	80	0	160	1264	2624	3536	0	
160	192	1376	0	1072	0	4384	240	992	1232	
0	160	496	80	1232	784	1440	512	192	4752	
640	512	480	480	864	80	304	192	816	5280	
32	320	1632	0	880	880	32	144	992	4736	
32	1760	192	1024	0	768	480	3760	0	1632	
0	1552	960	160	32	880	640	0	1776	3648	
0	160	416	80	1344	784	720	320	160	5664	
32	352	224	64	960	256	1600	352	720	5088	
160	0	928	96	352	480	400	992	1920	4320	
720	656	64	0	512	864	912	672	832	4416	
112	832	0	32	224	704	160	1552	1424	4608	
112	160	496	240	1152	784	800	992	160	4752	
352	0	256	432	1712	112	5648	352	784	0	
320	480	80	832	1104	160	0	1280	0	5392	 ***
1280	64	992	352	1344	2128	1040	2448	0	0	
320	1152	592	0	656	0	160	2368	800	3600	
1120	1200	0	80	256	2656	192	3712	0	432	
160	384	272	800	0	1072	1152	0	4816	992	
0	800	544	704	320	224	192	352	1264	5248	
352	192	288	720	480	2256	864	1072	0	3424	
1040	512	992	0	416	112	4288	1488	800	0	
880	1152	352	1632	272	2080	0	2768	0	512	
0	400	1136	80	1152	816	800	352	160	4752	
928	160	416	0	1280	784	912	320	992	3856	
0	192	576	720	1152	784	960	352	160	4752	

720	560	400	1232	1264	160	0	3392	0	1696	
160	800	720	320	0	0	1056	1264	4144	960	
32	976	0	752	832	2496	2256	160	0	1920	
80	1312	240	1504	944	160	80	640	160	4304	
752	480	752	832	1264	240	0	1040	0	4064	
0	0	592	960	960	960	80	752	224	4896	
0	720	112	832	1424	240	80	1264	0	4752	
400	32	592	224	1792	944	1584	704	80	3072	
720	304	320	800	80	0	832	0	4736	1632	
1776	32	912	1536	320	160	1792	2896	0	0	
928	0	1232	2512	352	0	240	3136	1024	0	
0	240	0	160	752	320	960	720	3712	2560	
832	320	160	992	1072	480	80	640	3120	1728	
0	800	80	1552	1952	1440	0	0	0	3600	 ***
160	720	160	992	1744	240	192	944	768	3504	
80	480	720	992	1824	320	0	1104	0	3904	
160	1504	1520	112	352	0	704	0	3776	1296	
0	560	240	1152	1104	160	160	1424	640	3984	
0	1520	80	0	1216	336	720	1024	1376	3152	
480	480	240	752	2000	240	0	672	704	3856	

0	1312	80	1552	592	400	80	0	192	3232	
0	832	80	1552	592	752	1424	0	0	2208	
176	752	1104	400	384	32	2144	2448	0	0	
0	800	272	1552	560	432	0	0	0	3824	 ***
0	1040	80	1392	480	672	0	0	32	3744	
0	1312	80	1392	624	400	0	0	0	3632	
0	720	80	1552	592	480	224	0	0	3792	
160	832	80	1552	592	400	0	0	0	3824	
240	32	560	240	304	0	2592	0	3472	0	
0	832	80	1552	592	400	160	0	0	3824	
0	960	80	1552	592	432	0	2336	0	1488	
0	800	592	1552	400	400	1824	0	0	1872	
160	1312	80	1392	400	400	0	0	0	3696	
0	800	80	1392	400	400	160	0	2336	1872	
0	1360	80	752	560	400	80	2336	0	1872	
0	800	80	1392	480	400	32	2336	0	1920	
0	400	240	0	1104	400	2832	0	2304	160	
0	800	240	1424	320	400	0	0	0	4256	
0	800	80	1584	592	400	240	0	0	3744	

1176	196	0	160	2016	432	1072	0	832	1696	
240	880	240	1312	400	1648	1252	0	0	1608	
1968	160	1476	804	84	432	0	0	432	2224	
64	1120	1668	1316	752	432	84	0	0	2144	
84	804	564	1504	400	512	0	240	0	3472	 ***
0	804	240	1552	720	464	0	500	0	3300	
80	880	248	1312	592	432	0	1252	0	2784	
640	1088	640	672	592	756	2144	0	1048	0	
640	480	0	64	992	276	80	400	3408	1240	
160	912	240	1876	676	1348	112	0	0	2256	
320	336	240	80	0	1476	2340	0	240	2548	
0	1344	304	1312	800	436	564	0	2292	528	

276	160	0	864	880	192	720	164	2116	4304	
464	164	192	432	564	0	0	1396	4128	2336	
880	240	720	408	0	1072	480	304	3828	1744	
244	484	244	1664	480	512	320	1264	0	4464	
644	516	976	1392	0	560	2768	992	0	1828	
676	1524	244	1712	320	512	0	240	2512	1936	
240	1284	484	1632	400	832	0	3184	400	1220	
0	1280	992	0	1504	672	112	1012	2004	2100	
160	884	404	1520	400	832	720	400	0	4356	 ***
352	1040	432	1072	164	276	0	240	2064	4036	
836	64	272	404	0	1284	1600	240	1200	3776	

320	1072	244	800	400	992	80	400	0	3432	
512	352	0	320	0	1280	888	480	1668	2240	
400	1648	284	800	784	320	2704	800	0	0	
592	2176	1152	80	864	0	532	1288	1056	0	
160	884	276	880	720	832	400	624	0	2964	
352	160	84	0	352	388	0	3700	112	2592	
2452	400	320	0	0	1232	836	240	400	1860	
596	0	416	1392	440	0	1120	912	2864	0	
628	80	32	320	1104	804	272	3028	832	640	
480	0	160	960	240	0	752	680	1040	3428	
320	720	240	880	400	992	80	480	0	3628	 ***
160	2336	240	880	400	672	80	592	0	2380	
160	1124	244	1040	400	832	336	560	0	3044	
192	880	244	960	400	832	240	560	0	3432	

480	304	280	356	752	320	2976	0	400	2336	
0	800	196	1364	720	160	144	352	3492	976	
1824	480	480	4	836	1072	2852	272	384	0	
1024	240	544	192	644	836	2272	1972	480	0	
468	400	84	2064	784	560	112	1424	0	2308	
160	868	144	2336	436	1664	480	1360	756	0	
432	944	648	944	240	0	784	560	2900	752	
228	1472	916	548	560	304	960	1232	1984	0	
144	192	836	912	1152	32	400	484	640	3412	
320	560	672	352	240	240	704	820	516	3780	
352	752	352	880	720	1072	0	640	0	3436	
356	480	1664	0	628	960	480	784	2532	320	
992	320	192	1216	164	880	240	984	0	3216	
112	432	544	160	244	832	1152	0	1684	3044	
240	752	192	1024	400	832	0	1332	0	3432	
240	1040	32	240	720	1120	0	1156	0	3656	
0	0	432	560	724	2000	232	3072	480	704	
272	2256	240	880	400	832	32	1652	0	1640	
0	1184	656	2256	544	1044	272	788	1460	0	
480	832	192	160	752	80	1776	112	168	3652	
704	704	352	1048	2052	384	1216	1344	400	0	
240	720	272	880	752	832	384	2320	0	1804	
352	720	192	976	400	1024	0	1136	0	3404	 ***
1768	752	388	512	992	0	0	1648	240	1904	
240	512	160	880	400	1312	0	2912	384	1404	
352	1024	192	1200	432	1424	0	480	0	3100	
400	720	640	880	400	832	832	352	0	3148	
0	1104	564	0	240	2576	1040	304	2020	356	
320	164	384	352	320	308	592	0	1444	4320	
996	320	432	544	112	436	3328	1636	400	0	
1312	832	0	564	0	1040	1588	1024	580	1264	
560	160	480	432	84	328	3040	0	304	2816	

512	480	192	2448	400	800	692	432	0	1992	
240	84	112	0	0	1588	720	304	960	3940	
512	944	192	640	560	832	0	1216	0	3052	
0	160	640	0	4	1636	592	1268	352	3296	
352	784	192	720	400	880	0	912	64	3644	
352	432	272	720	560	800	80	2948	0	1784	
432	2208	352	704	400	800	192	1076	0	1784	
512	480	192	800	400	800	1488	1572	0	1704	
352	560	192	800	400	880	240	2864	0	1660	
352	896	192	880	480	880	192	1076	0	3000	
512	144	724	560	240	1312	624	160	0	3672	
352	704	192	640	480	800	160	1184	0	3436	
384	400	240	720	480	800	0	240	672	4012	
224	560	192	160	352	720	720	1556	484	2980	
464	480	192	640	560	880	80	1568	0	3084	 ***
1072	240	720	512	760	2176	0	960	0	1508	
160	640	720	0	320	384	3192	32	32	2468	
2112	784	752	1232	320	0	472	0	0	2276	
896	400	192	720	720	800	0	1108	112	3000	
196	640	1280	32	480	0	0	480	1540	3300	
352	640	192	1936	480	944	480	896	0	2028	
644	144	596	560	672	912	0	560	0	3860	

644	320	308	272	400	704	112	2836	720	1488	
272	192	352	272	564	0	2308	560	516	2768	
592	272	0	820	0	912	884	352	80	3892	
464	160	192	912	560	1632	304	624	0	2956	
720	192	256	400	0	80	324	1472	1892	2468	
496	196	192	672	560	1040	160	1536	0	2952	
516	1232	208	1444	832	480	2384	436	272	0	
464	160	192	928	992	912	80	992	0	3084	
164	400	480	64	352	0	484	2852	2016	992	
708	752	1680	356	516	272	1216	2064	240	0	
112	0	480	592	672	352	4132	568	896	0	
352	84	832	240	432	160	272	276	3940	1216	
400	240	356	256	384	324	544	1396	1184	2720	
432	512	80	944	896	996	640	240	0	3064	
240	320	240	388	672	672	192	756	432	3892	
384	320	752	160	240	80	32	2384	3020	432	
752	1152	432	996	424	560	272	2704	512	0	
624	320	228	512	560	880	80	1568	32	3000	
320	640	112	36	320	1072	592	468	3940	304	
320	112	324	960	160	1600	736	356	640	2596	
64	516	200	640	704	720	0	1024	160	3776	
160	80	32	752	192	256	1872	480	552	3428	
432	320	480	624	164	384	0	1060	404	3936	
320	160	80	196	320	224	1712	480	352	3960	
480	320	1492	560	240	480	544	2660	1028	0	
496	160	224	560	720	880	80	832	0	3852	 ***
356	240	0	308	240	160	1552	388	544	4016	

1136	160	192	560	2484	720	320	624	1348	1992	
720	640	244	384	160	480	1184	4972	80	672	
768	804	1472	720	1488	720	480	320	432	2332	
320	356	1200	880	0	32	944	832	0	4972	
576	80	196	560	1360	1440	80	960	2340	1944	
500	160	352	752	400	720	80	1120	1380	4072	
1136	160	192	560	2480	1360	80	1040	420	2108	
816	240	832	1240	400	2112	80	240	0	3576	
272	160	580	1024	880	800	624	0	5196	0	
1860	720	832	560	400	720	2016	560	0	1868	
784	1040	384	0	2096	160	4396	196	480	0	
976	1748	800	404	240	640	2624	880	0	1224	
2964	160	944	1844	720	720	80	640	0	1464	
816	160	2032	560	1712	720	80	1236	0	2220	
1408	168	192	720	480	752	80	864	1680	3192	
656	1248	1472	560	1040	724	80	640	0	3116	 ***
1168	1968	352	1204	400	1360	160	432	0	2492	
320	1312	240	400	80	640	868	160	5436	80	
496	640	192	720	1072	720	1552	1840	0	2304	
1104	160	436	560	400	3392	160	992	0	2332	

1792	800	2016	1600	0	160	144	3088	320	0	
688	320	1280	592	880	644	164	1440	1680	2232	
192	1072	80	84	400	0	640	2340	3736	1376	
528	320	1280	480	880	564	196	720	2280	2672	
656	720	1920	564	1072	724	80	720	0	3464	 ***
240	192	4	640	788	272	800	880	1552	4552	
1280	192	432	320	704	0	2592	632	512	3256	
0	1408	832	0	320	400	756	1040	3448	1716	
244	192	672	0	512	400	2568	720	948	3664	
784	0	724	160	84	880	512	4008	272	2496	
656	320	1668	560	1280	720	1028	1120	0	2568	
576	832	1920	480	960	564	1828	560	0	2200	
576	320	1280	1552	884	724	1220	1360	0	2004	
624	1504	2072	560	880	724	720	640	0	2196	
948	320	644	464	800	724	0	560	2628	2832	
1008	320	1280	560	800	724	1072	560	1288	2308	
356	160	352	400	1360	1188	752	3332	2020	0	
656	1360	2440	560	880	724	80	832	0	2388	
352	480	32	352	720	592	720	200	1680	4792	
192	800	800	2192	1040	544	2088	1476	788	0	
1536	160	0	0	4	992	832	3016	420	2960	
592	272	0	720	1136	2752	1480	1376	0	1592	
1072	80	352	480	880	356	912	784	2004	3000	
1056	400	1280	564	1040	724	80	1232	0	3544	
1280	240	720	144	1156	0	320	2840	480	2740	
1716	1808	752	880	320	880	1064	2068	432	0	
832	1152	160	1508	800	320	384	2632	2132	0	
0	1152	912	512	752	0	1316	2116	2600	560	
800	112	640	0	800	2020	660	640	4088	160	
0	112	832	640	1360	192	272	2508	1556	2448	
512	960	624	720	640	388	1748	1520	0	2808	
1440	912	112	240	112	84	628	112	1040	5240	
964	1604	0	192	592	1040	2048	512	480	2488	

1072	1344	960	192	756	308	192	628	240	4388	
640	116	192	0	512	644	1024	2512	480	3960	
1072	752	704	512	720	1792	0	192	996	3340	
800	324	1024	320	2176	832	240	404	864	3096	
2256	320	544	640	880	1428	624	240	3148	0	
404	240	1504	592	512	160	752	2976	2940	0	
544	640	1280	644	1184	644	112	1520	0	3512	 ***
496	640	1280	516	992	1204	228	640	3076	1008	
0	192	644	2004	320	112	240	192	1952	4424	
1000	944	912	0	0	2116	880	3220	352	656	
624	1072	400	1312	1600	432	2364	0	192	2084	
272	800	240	232	352	832	1232	912	1792	3416	
608	640	1360	1284	1072	644	1748	720	0	2004	
240	276	880	464	272	1040	0	1440	2064	3404	
80	1392	560	916	224	1440	1376	84	0	4008	
832	144	992	1156	724	400	224	1712	272	3624	
400	80	80	640	0	160	2416	928	560	4816	
160	164	80	240	640	672	2032	640	320	5132	
832	464	880	916	624	836	880	784	800	3064	
432	1552	752	388	2144	1188	592	1552	1480	0	
464	640	1280	564	944	724	3464	640	112	1248	
544	640	1280	516	912	1124	112	560	3224	1168	
1044	672	720	112	272	192	0	640	2836	3592	

1316	384	32	0	0	960	2468	4196	640	0	
352	512	640	1352	944	320	1220	1552	0	3104	
320	0	0	864	0	112	2708	752	880	4360	
160	320	640	324	1264	0	672	1280	3680	1656	
960	240	640	164	784	32	1888	4216	0	1072	
0	320	0	2336	272	752	0	672	1316	4328	
352	960	960	0	992	240	0	788	5672	32	
400	32	432	720	32	1440	4	1040	800	5096	
80	0	400	160	880	560	500	1392	640	5384	
640	1632	320	320	0	160	5384	80	468	992	
352	1632	864	160	0	1952	320	640	0	4076	
800	0	80	160	352	32	1472	0	2112	4988	
320	640	80	0	400	0	1472	192	1984	4908	
0	960	544	0	880	1280	224	240	1120	4748	
960	0	672	960	0	272	340	1984	912	3896	 ***
240	0	864	0	0	1264	5196	0	720	1712	
224	320	640	804	944	480	3208	2112	0	1264	
416	320	640	244	944	560	592	2000	2264	2016	
64	2328	1344	960	160	1280	0	3540	0	320	
576	320	640	164	944	560	1232	1360	2184	2016	
224	2196	640	804	944	1632	1380	1200	0	976	
0	160	720	384	192	1920	0	2452	240	3928	
544	320	832	84	944	560	2308	2436	0	1968	
800	272	1584	160	432	36	1584	0	0	5128	
384	1040	640	356	944	1360	2016	1360	0	1896	
624	352	640	804	784	560	2552	1680	0	2000	
864	960	640	164	1024	240	2020	1920	160	2004	
320	880	1040	724	784	0	1728	4008	0	512	
640	480	0	832	0	992	160	32	1456	5404	
320	400	160	112	0	0	1424	4	5224	2352	

640	0	672	1280	0	352	2604	1824	912	1872	
1040	224	0	1520	0	1760	0	1732	0	3880	
80	160	0	0	320	112	880	4132	1264	3208	
640	0	672	960	0	272	1684	2904	992	2032	
640	0	1464	960	320	272	692	1744	2032	2032	
1200	80	144	112	480	0	1584	960	320	5276	
1512	0	672	960	0	276	800	1824	912	3200	
272	0	1312	800	192	0	1872	32	1120	4556	
0	800	160	320	80	192	672	1120	1616	5196	
160	240	0	864	1152	672	960	1504	0	4604	
640	0	672	960	1156	272	1688	1856	912	2000	
0	2352	752	788	0	1076	672	2928	0	1588	
560	640	640	160	1924	880	0	1456	0	3896	
1440	800	0	720	784	0	3312	752	0	2348	
640	0	672	960	0	272	768	3372	1152	2320	
160	960	0	80	80	960	3392	320	160	4044	
960	400	400	1024	720	80	1440	704	0	4428	
80	512	0	160	32	240	240	3392	1040	4460	
720	0	672	1120	0	272	932	1824	2144	2472	
1460	480	1680	80	192	240	0	0	1776	4248	
160	960	160	0	720	868	400	560	5160	1168	
160	1120	880	800	112	544	32	2080	0	4428	
80	160	32	512	0	1024	640	2400	272	5036	
672	192	0	320	1760	0	992	0	3180	3040	
640	0	832	996	0	272	1088	3024	912	2392	 ***
640	0	672	560	0	352	2968	1744	912	2308	

640	0	832	352	672	512	1120	1588	720	2284	
880	80	924	160	0	1104	448	1776	1152	2196	
304	80	432	1104	400	1364	2876	0	2160	0	
80	80	320	832	968	80	2640	0	240	3480	
160	80	1280	192	240	112	4820	640	112	1084	
836	0	864	224	0	352	736	2304	1880	1524	
640	752	36	160	0	384	1920	1664	880	2284	
80	800	640	544	0	80	912	2084	480	3100	
1200	0	0	32	596	160	36	3120	192	3384	
640	112	192	240	0	396	2000	3184	752	1204	
640	32	192	240	0	912	1056	1984	1380	2284	
884	160	224	160	0	992	1872	1584	800	2044	
32	480	240	80	0	192	1076	1520	800	4300	
0	996	720	0	800	0	192	244	2640	3128	
880	112	1024	0	864	0	0	2816	2016	1008	
160	0	560	800	320	32	3420	1344	240	1844	
672	752	144	644	0	32	752	2612	160	2952	
672	1324	944	464	1124	80	0	1840	160	2112	
720	720	224	160	32	432	2844	1664	720	1204	
672	0	192	836	80	432	2088	1584	1360	1476	
1236	0	192	112	32	272	2168	2384	720	1604	
80	0	800	0	752	112	1024	1524	1392	3036	
32	160	0	80	240	1232	336	3892	1360	1388	
164	4	0	320	0	1184	192	2640	304	3912	
800	0	112	272	0	272	2408	1824	1268	1764	
400	0	832	480	0	1152	1436	752	0	3668	
1360	0	824	160	0	352	608	2416	1392	1608	
720	0	864	800	0	304	1956	1744	720	1612	 ***
640	640	64	912	0	512	1852	1664	720	1716	
640	0	304	868	0	1076	1360	2384	720	1368	
640	80	192	160	164	272	1440	3528	800	1444	
32	0	964	640	800	624	112	1216	0	4332	
0	960	0	240	792	1972	4528	0	228	0	
352	1120	640	960	32	1284	3740	432	80	80	
1436	1600	640	432	400	272	240	0	0	3700	
720	784	192	388	0	352	2136	1584	720	1844	
672	272	112	160	724	400	0	1952	80	4348	

112	0	80	480	0	0	1840	0	640	4664	
0	0	0	0	0	672	1440	720	0	4984	
1860	160	0	0	400	32	0	672	4692	0	
1136	720	0	0	0	80	5160	80	0	640	
720	0	240	720	0	304	336	1360	0	4136	
720	0	240	880	0	384	3828	560	720	484	
3284	0	0	160	160	720	0	0	160	3332	
720	0	868	800	0	304	3168	1440	0	516	
80	0	0	0	720	720	5112	880	304	0	
320	160	0	832	112	0	5320	752	320	0	
720	0	400	720	0	464	4228	560	160	564	
0	0	1988	32	400	0	4596	640	160	0	
720	80	868	720	0	304	3248	1360	0	516	
320	0	0	0	0	3300	880	512	0	2804	
0	0	320	0	1236	0	5108	0	192	960	
720	0	320	880	0	304	3828	1280	0	484	
400	192	80	0	80	1188	4916	0	0	960	
320	32	0	800	80	480	4504	0	0	1600	
80	112	32	0	0	720	5352	720	800	0	
240	32	1360	0	0	0	5272	0	720	192	
720	0	320	720	0	304	3828	1280	0	644	
0	0	80	2836	0	1936	0	2852	112	0	
240	960	0	0	1072	0	0	0	5032	512	
640	80	0	3748	80	320	160	1988	800	0	
80	80	240	0	112	640	4628	1556	80	400	
720	80	240	720	0	304	4708	560	0	484	
752	0	0	2612	320	0	3412	720	0	0	
1204	0	0	160	80	0	0	0	1360	5012	
1396	0	0	0	0	0	5156	304	960	0	 ***

640	800	0	320	160	960	2456	0	0	3444	
0	2744	272	240	80	80	880	752	0	3732	
1992	800	880	0	0	960	3828	320	0	0	
160	0	548	1844	0	0	2512	1428	0	2288	
0	80	0	0	1360	2348	0	320	320	4352	
464	1720	80	0	80	484	3360	0	0	2592	
1124	0	752	0	160	80	5160	304	1120	80	
0	2104	0	0	160	640	4964	640	272	0	
240	0	0	800	160	0	2740	1520	0	3320	
1240	1440	1472	0	0	80	3828	0	0	720	
32	80	160	0	0	800	3320	1604	0	2784	
160	240	640	832	0	160	3048	0	3588	112	
1312	80	0	3212	0	0	0	3376	800	0	
724	0	80	0	640	0	5064	512	1760	0	 ***
272	0	516	2624	80	720	4056	512	0	0	
160	720	4	0	80	160	5032	800	1584	240	

240	0	464	160	2272	0	2116	2568	912	0	
0	0	144	800	0	4	0	4328	2816	640	
640	0	672	960	960	0	836	0	256	4408	
0	240	80	0	160	1472	4040	1904	0	836	
640	0	80	112	80	2116	0	3464	800	1440	
800	148	160	672	0	0	0	3992	560	2400	
32	0	32	480	0	244	672	2452	4820	0	
64	640	84	112	800	0	2712	2160	2160	0	
640	160	160	64	880	0	4988	480	1360	0	 ***
112	32	1072	2100	640	0	3176	320	1280	0	
0	0	640	1636	0	640	800	2836	0	2180	
672	80	160	720	640	32	4588	400	1440	0	
1552	0	80	964	0	640	272	0	4824	400	
0	432	752	0	0	720	0	1552	80	5196	
160	0	80	800	720	2292	3048	320	1312	0	
160	0	192	1504	1280	0	2600	160	2676	160	
32	720	720	0	80	320	4108	592	2160	0	
160	0	80	80	720	2068	3432	192	2000	0	

992	36	3380	240	704	0	3140	868	0	0	
1424	0	0	512	0	0	4552	640	404	1828	
164	672	320	0	0	640	4328	2932	304	0	
960	704	2344	0	0	112	3332	1908	0	0	
3316	32	0	0	4	192	0	800	4296	720	
112	0	192	32	1280	0	4572	1252	1760	160	
32	832	352	1280	160	640	4460	84	80	1440	
112	320	0	192	724	1760	4632	32	1588	0	
880	0	160	64	1472	0	4204	160	640	1780	
640	240	80	704	880	160	6112	64	480	0	 ***
192	1040	32	640	192	2196	3784	1284	0	0	
80	320	100	0	0	3140	4244	0	320	1156	
644	880	0	640	512	0	4780	160	1744	0	
800	720	0	192	3060	640	0	0	3788	160	
224	160	0	720	0	32	4680	1040	2504	0	
112	352	0	240	160	432	6316	868	0	880	
1668	640	0	400	0	148	4196	400	1440	468	
80	324	0	352	240	672	4712	80	2900	0	
512	160	112	0	160	160	4344	3876	36	0	
400	0	0	672	1704	800	4232	912	640	0	
640	192	160	384	880	0	6112	192	0	800	
1312	320	160	256	1200	0	4332	1780	0	0	
0	0	0	0	160	640	1600	432	1440	5088	
4	0	1952	1520	160	0	3512	256	1956	0	
80	0	32	1440	1604	0	5076	744	144	240	
1524	752	160	0	32	0	2836	3624	432	0	
0	356	0	0	640	0	4108	960	800	2496	
752	80	0	0	32	192	4452	2776	0	1076	
32	1312	32	0	960	0	4280	644	2020	80	
160	4	1816	0	0	32	2212	4384	0	752	
80	160	1040	0	0	800	3172	3272	160	676	
868	272	160	224	1360	0	4236	1600	640	0	

2936	0	0	0	160	160	1152	192	4968	0	
276	0	1520	1600	1284	0	4552	0	192	144	
800	0	1040	320	1636	1696	0	4076	0	0	
800	0	0	0	0	672	3916	0	1072	3108	
640	240	32	640	560	160	4556	384	2356	0	
640	512	240	192	404	160	4924	944	1552	0	
592	672	0	1280	0	0	4448	1392	912	272	
512	164	160	992	0	800	4636	1344	640	320	
1552	1920	160	2424	0	0	0	2872	0	640	
640	240	80	704	80	672	6208	224	720	0	
480	352	1120	0	0	0	4044	832	0	2740	
0	320	912	0	640	2584	3560	992	560	0	
1444	0	0	0	944	1604	3560	384	1632	0	
32	404	80	1332	240	640	4424	864	1552	0	
756	0	880	0	400	484	4440	0	2256	352	
1924	80	160	0	320	0	0	0	1540	5544	
320	160	720	0	0	0	3216	0	836	4316	
32	320	0	672	0	0	6080	1664	640	160	 ***
0	192	0	2212	1760	480	192	0	4732	0	

112	160	720	752	32	0	5632	1124	1024	1040	
548	800	320	0	0	0	1476	800	5820	832	
1716	112	0	2112	512	1440	4032	480	0	192	
0	272	2824	1120	0	992	3868	880	0	640	
272	960	1040	0	0	1392	4544	2196	192	0	
480	32	640	0	960	224	3828	2320	2112	0	
32	240	0	992	240	32	5636	1600	1552	272	
800	244	784	2952	160	0	3652	320	1684	0	
144	164	0	672	0	32	5680	1520	1504	880	
1280	704	400	1120	1440	0	0	0	1920	3732	
0	160	320	832	160	676	4432	704	3312	0	
64	560	0	1312	80	0	5632	996	880	1072	 ***
32	160	112	1072	0	0	5600	1684	832	1104	
276	2620	1280	1840	80	352	96	4052	0	0	
960	800	0	1344	1440	0	4164	1424	464	0	

0	2984	80	0	672	672	5076	0	440	160	
64	240	0	1316	720	0	5836	996	720	192	
0	32	644	960	512	0	4480	1280	960	1216	
1120	240	0	1312	80	0	3860	992	2160	320	
2420	640	800	112	704	0	160	3536	720	992	
0	640	64	512	160	160	2068	352	5008	1120	
644	0	160	800	564	0	3924	2968	912	112	
912	1040	320	640	0	80	4064	356	800	1872	
32	640	320	0	640	388	4016	944	2064	1040	
1700	480	0	480	736	0	5532	84	192	880	
1824	880	192	4	0	992	3992	0	1760	440	
704	0	960	0	480	720	4332	640	112	2136	
640	1072	160	0	0	0	1120	1792	1180	4120	
64	240	0	1312	404	0	4196	1028	1876	964	
32	320	1312	1280	320	32	164	480	2768	3376	
192	240	0	1280	320	32	5584	1632	640	164	 ***
0	32	352	0	2064	1076	3804	160	676	1920	
320	2528	0	712	0	1940	1152	2632	0	800	
2212	320	644	1440	80	0	1760	3276	0	352	
0	1384	80	32	640	1200	640	2224	0	3884	
720	672	240	1856	0	960	3996	804	0	836	
564	0	672	1312	32	352	4364	0	2036	752	
112	800	0	1444	0	0	3904	1344	640	1840	
1856	880	948	960	320	1588	1296	0	2236	0	
80	116	0	0	2404	32	880	832	5740	0	
320	640	464	800	240	672	4260	752	1936	0	
1760	272	384	4	0	1712	4124	1584	244	0	
672	1364	724	720	1040	0	0	592	672	4300	
0	240	0	800	80	0	2804	1636	4364	160	
352	100	564	0	720	0	3816	592	3300	640	
64	80	3012	800	0	0	0	1508	2276	2344	
1664	960	1152	160	192	32	4652	0	548	724	

