#15	53	406	268	221	162	1023	652	930	0	
#0	511	496	295	16	229	825	989	278	91	
#45	286	45	0	445	168	230	973	515	1023	
#0	439	404	429	80	36	175	185	959	1023	
#274	158	42	446	183	8	1023	197	381	1018	
#320	72	431	130	393	23	980	171	187	1023	

30	152	415	290	126	270	732	1023	259	90	
0	168	194	37	511	270	390	841	0	976	
450	38	183	15	267	221	259	1023	863	68	
511	388	0	167	76	325	762	174	0	984	
298	209	190	415	229	383	0	351	1023	289	
315	194	313	423	233	490	0	336	60	1023	 ***
292	511	312	423	244	261	0	703	352	289	
320	221	198	415	221	276	0	1023	424	289	
292	149	191	453	343	511	0	788	288	372	
312	160	0	511	0	244	213	895	1022	30	
122	168	0	511	0	90	1020	263	785	428	
511	31	503	118	156	457	99	997	515	0	
290	224	511	445	221	269	0	965	104	358	
155	393	252	269	415	262	183	1023	301	134	
489	23	511	49	441	8	414	998	420	34	
76	2	141	160	0	0	376	1023	949	660	
42	397	61	194	442	417	1023	0	788	23	
141	511	0	370	0	30	644	977	100	614	
59	244	201	278	0	118	514	1023	557	393	
4	387	209	152	23	511	362	965	370	404	
152	495	374	103	126	294	278	0	1023	542	
70	35	63	457	45	381	393	279	1023	641	
298	209	194	415	221	261	528	1023	132	106	
271	331	12	350	511	396	18	500	998	0	
65	38	366	35	19	186	263	748	1023	644	
343	411	0	223	267	0	1023	282	141	697	
322	168	190	423	229	261	0	482	1023	289	
290	15	168	314	24	160	652	1023	726	15	
23	8	194	333	393	457	499	1023	91	366	
300	164	190	423	221	505	0	348	1023	213	
23	339	0	461	308	366	259	152	1023	456	
414	179	194	415	221	261	253	1023	367	60	
307	164	191	445	359	261	0	348	1023	289	
496	137	511	259	136	494	140	954	260	0	
292	176	198	415	251	381	0	362	1023	289	
209	511	406	301	433	0	0	267	924	336	
252	268	393	198	120	274	271	1023	90	498	
160	39	275	370	271	369	214	1023	297	369	
366	295	124	435	142	125	751	126	1023	0	

42	122	38	511	76	496	1022	163	175	806	
4	0	401	504	266	0	745	90	1023	418	
77	179	282	423	263	246	260	588	110	1023	
69	224	282	511	237	246	0	335	552	995	
153	488	0	306	511	38	0	491	974	490	
69	491	323	423	233	246	0	365	278	1023	 ***
146	209	282	431	233	246	0	580	301	1023	
53	262	366	259	21	467	502	262	236	1023	
83	374	0	272	441	164	1022	286	405	404	
293	61	8	511	140	183	404	837	1014	0	
69	164	282	423	229	306	0	365	1023	590	
84	179	282	431	233	246	0	641	332	1023	
0	0	509	468	106	38	760	105	1022	443	
511	0	309	244	138	12	463	502	259	1013	
275	95	8	221	194	55	940	0	640	1023	
393	59	152	342	19	319	381	282	481	1023	
57	312	278	397	45	76	962	301	0	1023	
0	511	80	130	42	0	959	323	384	1022	

92	427	335	149	198	197	492	178	430	1023	
302	263	84	0	511	335	549	1015	365	97	
61	491	411	391	233	366	0	503	42	1023	
350	476	197	408	351	244	248	181	45	1021	
166	511	278	91	53	0	998	434	0	990	
501	75	76	321	34	42	716	601	134	1021	
202	83	139	232	181	30	1014	618	0	1022	
419	174	8	305	289	121	310	464	408	1023	
490	305	0	0	8	42	158	1023	539	956	
316	129	404	244	431	0	484	273	220	1020	
106	468	411	472	259	366	0	129	289	1021	
0	38	494	335	334	30	141	122	1006	1021	
511	0	0	331	427	442	254	432	106	1018	
224	189	332	244	321	136	594	319	139	1023	
290	496	227	423	240	274	0	275	274	1022	
145	0	23	316	219	113	685	998	0	1022	
381	511	420	462	61	0	0	167	556	963	
30	175	479	83	205	286	532	709	1022	0	
91	301	290	113	60	79	926	0	640	1021	
267	122	243	8	288	19	404	1023	124	1023	
90	91	506	32	394	0	1023	969	416	0	
106	476	167	423	248	488	0	365	227	1021	 ***
4	289	88	395	290	403	308	480	244	1020	
305	510	167	361	351	274	0	488	42	1023	
95	503	80	336	310	324	259	4	587	1023	
122	327	8	72	274	205	0	961	532	1020	
171	426	34	426	278	153	275	424	312	1022	
358	511	496	355	0	274	213	212	81	1021	
8	174	126	349	450	23	708	369	293	1021	
456	465	242	130	339	511	113	363	902	0	

251	182	38	202	83	297	252	333	274	1020	
53	120	16	442	99	174	286	231	488	1023	
113	76	503	0	0	8	338	128	745	1021	
38	151	64	0	8	473	1023	213	962	0	
0	212	244	494	64	511	1000	251	0	156	
189	433	60	0	45	16	0	1017	149	1023	
180	182	451	452	16	511	0	0	512	628	
369	310	179	79	0	84	110	648	130	1023	 ***
12	334	338	220	274	267	301	60	103	1023	
106	262	137	164	42	488	0	365	348	1020	
0	0	173	441	316	73	145	240	521	1023	
15	136	90	75	60	45	1021	471	0	1019	
30	174	105	308	0	0	84	905	305	1021	
408	88	366	190	248	75	372	0	165	1020	
57	69	105	328	232	248	292	259	319	1023	
304	0	135	30	259	484	547	150	1023	0	
148	271	0	258	64	509	0	45	616	1021	
259	473	19	0	173	274	318	130	263	1023	
121	232	152	179	42	488	0	365	333	1020	
138	285	353	511	0	295	611	282	457	0	
313	304	45	95	106	248	392	220	186	1023	
182	256	511	271	311	0	362	0	834	205	
4	260	304	151	68	379	335	209	201	1021	
228	0	184	385	408	434	121	91	60	1021	
90	0	69	182	366	211	0	963	1021	30	
106	273	213	220	34	488	0	365	212	1021	
213	137	0	15	511	98	19	0	1013	926	

511	505	15	0	0	271	319	0	138	1011	
195	90	30	90	411	31	274	49	579	1021	
470	4	90	234	178	252	441	0	79	1022	
380	233	117	120	90	99	15	274	419	1023	
106	68	212	36	511	75	0	741	0	1021	
120	165	105	0	289	511	0	30	547	1003	
0	105	304	511	30	150	0	105	986	579	
290	60	68	386	90	139	425	274	15	1023	
511	165	418	49	364	60	121	0	68	1014	
155	45	60	60	0	470	106	822	30	1022	
380	511	102	143	0	114	668	578	0	274	
0	60	121	410	135	180	30	1023	30	781	
45	0	60	60	0	105	211	998	269	1022	
61	45	30	90	105	135	395	75	814	1020	
23	30	121	79	135	373	813	30	143	1023	
350	105	91	106	0	225	64	411	395	1023	
45	68	90	225	114	135	289	781	0	1023	
0	180	488	323	106	120	381	0	150	1022	
380	218	72	105	30	144	106	304	389	1022	
380	188	117	105	0	84	394	274	205	1023	 ***
212	440	144	57	75	319	384	117	0	1022	
151	394	189	0	23	505	0	152	334	1022	

0	0	150	90	0	120	274	30	998	1018	
150	136	75	244	0	60	0	943	49	1023	
304	45	45	0	165	511	1002	30	0	578	
180	45	0	121	0	349	76	0	1023	886	
150	98	6	0	305	75	704	45	274	1023	
410	68	98	120	0	84	428	274	175	1023	
380	98	98	75	15	114	424	278	175	1023	
380	68	64	511	0	69	366	274	175	773	
380	68	66	105	0	69	1023	289	419	261	
166	267	150	215	90	0	0	765	4	1023	
61	60	151	45	75	75	274	75	841	1023	
410	68	98	105	0	88	439	274	175	1023	
0	170	327	242	170	0	519	0	229	1023	
511	83	64	105	0	69	381	274	175	1018	
380	68	102	135	0	69	409	319	175	1023	
395	68	68	105	0	73	379	396	175	1021	
380	68	102	105	0	88	418	319	177	1023	 ***

511	60	113	49	0	69	892	319	190	370	
395	106	15	0	34	15	786	124	75	1023	
64	61	90	0	30	75	760	278	192	1023	
211	109	19	19	166	30	0	629	368	1022	
365	64	60	30	44	99	105	319	1023	464	
65	64	60	94	30	46	795	61	335	1023	
90	0	0	511	0	64	80	45	1020	763	
319	81	254	174	60	282	168	0	212	1023	
34	178	90	0	0	102	135	902	109	1023	
167	139	35	0	64	60	1023	75	0	1010	
0	34	49	139	83	0	761	165	319	1023	
0	0	45	507	120	0	1023	46	19	813	
45	511	105	0	90	0	331	425	75	991	
0	34	511	125	0	30	244	459	150	1020	
365	64	124	30	1	85	387	319	175	1023	 ***
30	398	331	9	54	241	115	0	372	1023	
388	94	94	30	0	65	105	319	1023	455	
369	72	94	121	0	95	195	349	255	1023	
444	109	49	90	4	8	15	75	756	1023	
49	120	511	45	0	0	259	444	170	975	
19	75	34	155	0	151	856	96	164	1023	
75	19	60	121	323	0	1023	0	94	858	
60	15	59	92	261	15	107	302	639	1023	
30	75	263	63	75	121	75	0	848	1023	
75	34	49	45	304	110	0	835	98	1023	
75	49	30	90	95	364	102	75	670	1023	
49	511	148	505	128	365	706	0	0	161	
381	68	113	75	0	95	412	349	57	1023	
338	102	507	165	226	0	106	91	15	1023	

135	76	385	68	113	233	27	968	15	1023	
365	67	102	53	45	325	462	419	182	1023	 ***
189	291	417	120	152	275	1023	364	212	0	
320	430	94	90	38	76	1023	580	30	362	
0	95	485	105	304	17	964	0	1023	50	
487	308	102	119	0	79	171	319	1023	435	
340	166	484	70	195	471	75	0	219	1023	
322	94	124	511	0	84	357	320	724	507	
447	139	212	0	93	188	1023	339	0	602	
292	274	64	0	98	150	274	730	1022	139	
76	89	68	297	156	60	165	334	775	1023	
327	169	511	365	212	259	90	90	1020	0	
373	60	346	47	0	137	178	644	235	1023	
125	2	31	297	218	169	0	304	874	1023	
304	75	73	42	17	220	1023	0	394	895	
105	319	42	68	125	90	91	800	380	1023	
511	394	242	49	102	0	1000	0	624	121	
203	288	0	183	72	75	503	632	64	1023	
373	60	132	75	31	16	1023	532	396	405	
94	494	463	15	430	113	152	259	0	1023	
365	60	134	53	0	15	566	605	1023	222	
440	338	94	152	0	152	98	1023	48	698	
365	96	102	235	0	115	1023	319	280	508	
274	120	94	272	269	278	27	686	0	1023	

33	135	145	425	312	174	308	338	0	1023	
53	76	47	426	0	139	72	648	409	1023	
199	0	0	16	68	64	880	148	495	1023	
140	316	403	72	123	197	0	376	243	1023	
72	75	108	252	120	187	34	259	763	1023	
61	108	160	327	79	136	49	102	848	1023	
138	93	79	30	106	357	341	373	353	1023	
0	199	23	334	94	8	75	1005	132	1023	
72	304	57	47	75	0	1022	294	0	1022	
105	38	84	47	381	68	319	0	1023	828	
202	75	30	264	30	92	304	152	1023	721	
0	0	183	136	248	75	234	730	1023	264	
395	14	87	432	123	137	0	333	349	1023	
34	487	70	384	167	0	1023	504	224	0	
45	49	511	61	380	105	580	186	0	976	
47	0	70	258	121	369	555	1023	371	79	
319	5	113	38	53	38	837	235	232	1023	
511	15	410	0	429	70	183	167	143	965	
338	157	0	0	140	166	235	282	1023	552	
158	342	218	94	8	129	804	117	1023	0	
0	334	93	90	380	103	211	659	0	1023	
10	0	175	289	511	45	0	835	915	113	
49	70	38	64	30	121	656	1023	442	400	
153	39	0	147	0	19	154	1023	1023	335	
323	411	91	61	154	68	547	110	105	1023	
380	0	45	120	70	197	312	167	579	1023	
0	45	379	84	94	34	221	419	594	1023	
388	65	117	99	0	320	98	1023	517	266	
23	224	246	38	53	92	676	400	1023	118	
129	411	98	68	0	72	1023	957	135	0	
138	365	45	0	93	103	120	79	927	1023	
350	65	102	38	32	274	652	175	182	1023	 ***
399	500	343	113	136	140	209	0	30	1023	
0	123	167	387	95	511	1022	99	19	470	
511	46	365	144	15	212	151	291	914	244	
327	0	69	511	398	46	0	469	1009	64	

145	0	158	90	389	49	125	83	498	1023	
15	19	79	73	219	38	83	244	767	1023	
306	60	102	38	40	68	144	305	1023	474	
75	111	357	79	15	98	94	511	197	1023	
79	47	233	90	319	30	53	99	587	1023	
69	121	19	61	241	112	289	343	282	1023	
190	252	20	235	83	100	304	0	353	1023	
60	109	390	121	150	30	263	115	299	1023	
320	90	76	181	52	35	353	370	60	1023	
457	64	102	38	70	30	355	39	382	1023	
23	145	74	2	91	30	394	75	703	1023	
372	189	214	197	93	30	175	0	1023	267	
61	37	49	0	200	34	124	194	838	1023	
105	54	102	15	60	61	793	115	232	1023	
27	8	19	0	508	22	175	558	220	1023	
486	45	72	130	45	109	507	143	0	1023	
144	152	87	142	109	379	216	0	308	1023	
15	395	511	174	38	244	1021	98	0	64	
57	42	128	83	304	0	99	1023	121	703	
118	121	0	511	379	257	144	733	0	297	
472	68	112	38	6	68	1023	328	60	385	
90	289	511	452	48	65	191	0	786	128	
23	249	166	87	61	182	1022	311	459	0	
446	60	104	68	36	30	372	65	356	1023	
60	112	15	281	0	0	803	83	1023	183	
259	64	159	69	35	30	148	299	1023	474	
106	51	64	8	46	83	746	288	145	1023	
46	79	77	106	76	30	1014	1023	105	4	
83	151	49	201	30	144	137	742	1023	0	
446	60	102	68	30	38	353	53	387	1023	
67	197	30	51	60	339	94	0	699	1023	
102	51	412	113	113	198	514	34	0	1023	
361	0	232	8	38	137	573	94	94	1023	
290	105	0	33	53	171	80	209	596	1023	
19	45	95	234	125	83	365	571	0	1023	
193	46	134	38	30	79	348	327	342	1023	
239	130	372	68	87	19	0	257	365	1023	
137	143	204	83	219	19	274	1023	458	0	
0	59	133	0	282	0	170	94	1023	799	
385	203	442	44	137	83	0	133	110	1023	
60	54	75	30	70	109	166	198	775	1023	
158	79	0	511	376	161	732	167	0	376	
170	91	38	68	140	30	0	565	435	1023	
68	182	136	196	274	15	98	294	274	1023	 ***

30	115	414	105	94	169	49	1023	380	57	
95	0	75	53	511	0	61	1021	567	53	
50	171	94	196	274	30	342	134	122	1023	
291	12	340	0	38	511	73	154	0	1017	
30	25	38	345	275	170	64	185	281	1023	
38	160	109	211	278	15	83	12	507	1023	
200	0	19	94	43	62	60	128	807	1023	
68	152	106	262	511	336	357	0	122	522	
38	152	94	182	274	60	83	393	137	1023	 ***
10	17	64	79	162	101	109	149	722	1023	
511	298	75	0	124	95	121	408	0	804	
53	182	94	196	274	15	68	134	397	1023	
152	70	110	75	19	25	932	0	30	1023	
64	15	66	13	125	50	197	45	838	1023	
0	119	95	511	83	68	110	0	452	998	
42	152	109	196	274	30	351	137	122	1023	
80	162	79	129	122	365	0	202	274	1023	

68	46	77	32	299	125	102	483	222	1023	
50	34	69	80	214	33	68	868	38	1023	
63	0	95	240	95	323	323	167	148	1023	
274	0	66	73	31	295	602	1023	113	0	
79	94	0	49	197	64	115	77	779	1023	
51	132	91	253	102	60	0	322	443	1023	
153	511	83	0	282	142	683	316	269	38	
509	0	0	27	28	200	343	191	156	1023	
40	192	4	511	65	40	0	1018	456	151	
34	80	193	36	158	124	1023	463	366	0	
88	113	72	179	47	53	128	774	0	1023	
68	30	65	335	67	254	324	160	151	1023	
201	83	32	77	23	34	1023	849	40	115	
45	141	34	12	0	77	45	953	147	1023	
57	152	94	167	274	105	331	138	137	1022	 ***
0	0	83	158	27	289	681	124	1023	92	
66	376	478	60	50	269	98	1023	57	0	
59	15	47	246	110	0	53	1023	882	42	
128	30	212	29	0	92	160	433	370	1023	

155	30	105	46	274	135	80	168	522	1023	
127	19	57	510	472	137	0	0	1023	193	
23	34	75	244	319	140	374	1023	0	306	
263	0	128	64	511	110	1013	15	402	32	
16	19	34	511	312	196	106	122	199	1023	
32	4	30	84	182	511	0	1021	207	467	
79	8	1	62	128	511	161	449	164	975	
23	30	60	124	328	75	209	168	1023	498	
81	80	61	233	0	16	856	124	1023	64	
511	498	160	102	269	116	67	685	130	0	
272	45	227	54	23	129	45	1023	0	720	
0	106	186	75	511	122	501	1022	0	15	
60	17	15	88	511	489	30	152	182	994	
23	30	171	316	339	75	1023	131	0	430	 ***
32	42	32	57	79	201	744	141	187	1023	
23	30	45	239	274	276	102	83	1023	443	
48	285	9	23	64	224	0	132	730	1023	
79	99	141	21	21	197	844	15	98	1023	
24	30	154	511	392	75	213	666	79	394	
0	146	109	113	31	199	82	158	677	1023	
79	64	60	4	187	23	1023	212	34	852	
87	30	51	254	15	94	72	140	772	1023	

75	75	511	109	189	197	122	1022	0	689	
23	30	141	352	83	92	1022	816	0	430	
19	47	331	226	45	75	1023	894	0	329	
23	45	232	305	445	96	276	1022	0	545	 ***
161	15	487	275	511	228	0	248	44	1020	
23	30	156	511	404	135	997	296	0	437	
145	106	511	232	387	79	205	368	0	956	
122	30	2	220	106	76	372	1023	15	1023	
76	152	30	188	265	0	1023	171	122	962	
53	34	368	367	379	75	1023	168	0	522	
198	126	140	34	318	30	66	1023	150	904	
207	193	102	176	128	0	1019	1023	0	141	
137	122	151	0	156	511	183	30	676	1023	
112	181	242	53	128	38	1023	277	34	901	
15	221	149	256	304	79	156	149	637	1023	
91	0	167	463	511	458	20	274	0	1005	
37	95	171	443	319	75	1023	597	0	229	
23	120	171	235	342	372	1023	194	0	509	
23	45	265	230	125	135	1023	75	873	195	
511	45	292	236	441	75	209	149	798	233	
511	0	99	21	474	218	506	145	0	1015	
23	254	216	286	319	75	270	1023	0	523	

83	61	0	250	124	376	259	1023	303	495	
23	45	201	246	445	511	660	552	0	291	
57	60	266	275	453	81	246	1023	0	513	
216	30	0	152	106	0	1021	196	247	1006	
137	156	383	76	0	182	1022	60	182	776	
106	355	231	75	140	252	422	1023	0	370	
122	175	282	136	393	30	512	1023	0	301	
34	197	96	23	202	206	90	1022	128	976	
19	181	205	4	0	68	924	1022	293	258	
23	45	255	510	460	81	216	518	0	866	
30	246	42	110	146	263	242	1022	81	792	
30	261	290	64	270	120	118	1022	246	553	
38	105	201	255	511	66	749	514	259	276	
0	319	0	319	122	4	1022	987	171	30	
511	0	87	122	45	128	1017	721	122	221	
182	511	15	305	324	182	121	1018	244	72	
125	4	60	64	205	366	285	650	192	1023	
144	94	507	53	117	465	262	1022	310	0	
0	395	0	15	0	220	227	1004	90	1023	
492	175	151	15	57	64	197	1022	801	0	
23	53	270	510	445	81	246	811	0	535	
0	199	109	197	233	118	267	1023	45	783	
34	121	327	469	0	209	400	1022	131	261	
19	224	90	511	10	73	304	0	744	999	
0	0	100	510	83	72	721	884	324	280	
234	214	503	504	52	6	125	1023	0	313	
23	45	255	305	475	93	216	1023	0	539	 ***
244	506	80	34	503	0	86	0	499	1022	
15	45	145	200	495	90	1023	514	208	239	
145	55	288	102	4	231	75	1022	233	819	

0	76	213	261	156	511	177	725	0	633	
8	15	226	229	160	511	198	510	819	76	
0	45	166	249	171	151	145	520	1023	282	
19	23	49	90	184	134	153	1023	209	868	
213	8	136	0	332	19	711	1023	173	137	
78	45	157	243	487	265	0	1022	83	372	
87	312	141	510	0	0	271	973	458	0	
2	23	164	275	156	91	271	596	1023	151	
8	45	327	301	235	93	506	1022	0	215	
61	76	168	271	145	95	150	578	1023	185	
183	231	75	0	0	0	105	152	983	1023	
68	45	224	245	261	114	260	512	0	1023	
12	49	262	511	293	167	201	528	0	729	
12	49	230	312	232	91	1023	592	0	211	
23	183	17	64	160	0	408	1023	874	0	
120	4	90	502	64	53	183	1022	46	668	
8	49	232	234	237	256	1022	533	0	181	
60	49	194	265	156	91	141	1023	557	216	
0	511	289	245	171	158	141	590	492	155	
137	427	15	387	126	151	231	1023	58	197	
55	0	380	125	259	72	671	1023	0	167	
30	323	511	311	69	84	357	145	0	922	
212	34	152	335	2	286	194	1022	170	345	
2	19	164	305	156	154	141	1023	613	175	
60	23	232	278	311	93	141	1023	143	448	
15	0	122	45	248	12	271	1023	165	851	
14	109	179	335	171	184	205	532	0	1023	
152	75	30	402	129	0	199	1023	198	544	
0	141	304	510	174	0	252	907	98	366	
0	75	151	256	156	212	145	584	1022	151	
8	45	511	322	256	76	749	589	0	196	
31	126	0	68	76	511	213	1012	199	516	
80	60	166	335	171	93	236	1023	0	588	 ***
69	45	228	245	511	107	190	838	0	519	
45	79	160	15	0	61	338	772	260	1022	
60	90	504	122	95	0	76	1023	155	627	
77	60	166	241	274	183	179	549	0	1023	
0	15	168	263	168	63	202	610	240	1023	
198	318	198	269	27	155	342	1023	0	222	
0	45	168	281	156	177	141	520	241	1023	
45	124	320	0	240	116	217	1023	0	667	
4	15	151	275	156	174	626	1023	177	151	
140	243	19	30	476	511	0	374	68	891	

68	30	341	277	34	89	202	1023	440	155	
68	60	168	305	34	98	202	1023	546	155	
89	23	60	129	181	15	391	1023	155	593	
68	19	282	38	211	122	148	1022	213	536	
68	30	511	275	34	74	202	576	734	155	
233	19	212	244	187	396	346	1022	0	0	
68	30	182	305	34	87	1022	550	196	185	
87	0	304	511	64	147	95	380	95	976	
76	91	168	511	57	89	236	576	0	855	
121	38	36	91	30	0	125	1022	216	980	
0	346	154	0	364	96	0	1022	38	639	
381	0	0	4	511	187	64	1022	274	216	
76	60	168	305	99	89	301	1023	0	538	 ***
106	60	174	247	34	89	549	1023	207	170	
151	231	4	121	0	0	154	1023	366	609	
2	297	23	12	60	90	1023	1023	129	0	
98	30	199	275	38	89	202	550	1023	155	
68	137	347	60	507	151	1022	0	59	308	
23	15	335	0	410	109	0	744	1023	0	
86	60	166	301	91	89	232	1023	0	611	
87	60	166	313	53	89	292	576	0	1023	
0	216	27	376	189	265	64	1023	105	394	
136	60	181	305	57	89	232	576	0	1023	
68	30	181	275	34	74	232	584	1022	159	
182	94	60	15	62	273	396	1023	27	527	
68	30	226	275	34	89	202	1023	557	155	
76	90	168	301	57	127	236	581	0	1023	
4	334	247	122	32	220	60	1023	125	492	
98	30	168	275	34	89	549	1023	238	155	
206	209	267	395	64	115	151	1023	104	125	
431	12	4	140	0	160	153	557	179	1023	
194	167	4	15	53	440	0	1022	177	587	
68	60	175	305	34	95	202	548	149	1023	
122	270	27	124	91	275	90	555	83	1022	
221	23	90	105	8	179	146	1023	122	742	
68	30	196	275	34	101	202	546	1022	185	

76	45	166	230	21	510	877	772	0	143	
511	53	433	113	46	15	586	1023	60	0	
98	45	213	215	27	59	1022	554	0	607	 ***
114	15	181	185	19	134	301	475	393	1023	
106	15	166	200	511	119	146	734	0	843	
122	90	38	124	0	288	395	1022	107	654	
68	0	175	30	95	244	173	1023	142	890	
68	8	511	30	327	60	0	1023	645	168	
511	50	30	0	274	0	412	286	267	1010	
68	410	511	339	19	363	470	506	0	154	
511	0	84	200	451	8	46	711	0	829	
121	4	122	68	511	30	0	1007	88	889	
68	305	211	200	19	303	474	1023	0	237	
38	4	0	0	511	83	398	786	1020	0	
98	15	183	238	102	59	490	490	1022	143	
511	252	30	152	308	0	1021	69	0	497	
68	38	271	200	510	89	140	1020	0	504	
90	486	8	19	60	15	796	1022	0	344	
510	68	381	0	60	399	68	955	76	323	
304	60	23	441	510	0	309	72	138	983	
331	495	132	491	38	312	0	1022	19	0	
0	487	120	0	511	342	1023	23	334	0	
38	279	169	90	15	0	819	354	53	1023	
68	511	151	440	19	42	80	488	906	135	
68	30	226	170	49	59	264	1023	76	875	
12	90	0	124	0	304	305	32	951	1022	
301	0	511	456	360	4	154	886	168	0	
68	45	433	200	511	74	151	507	0	851	

90	30	60	4	0	138	925	65	0	1022	
0	0	0	98	274	511	414	0	15	1022	
60	0	15	0	143	126	282	613	75	1020	
0	0	30	60	30	60	1021	60	53	1020	
0	404	0	30	75	511	995	319	0	0	
220	15	45	53	23	12	316	525	102	1023	
102	0	45	53	53	27	438	525	1023	68	
98	0	47	128	61	14	316	647	0	1023	
289	351	0	30	53	15	60	182	334	1020	
334	120	30	0	373	19	415	0	23	1020	
90	126	45	53	23	12	354	540	1023	68	
0	0	152	30	479	0	274	0	379	1020	
120	60	0	0	60	395	678	0	1021	0	
190	15	0	60	0	60	959	15	15	1020	 ***
350	105	90	259	0	510	1020	0	0	0	
98	0	47	113	57	14	1022	525	0	458	
0	15	0	0	0	30	939	334	0	1016	
381	30	30	334	510	0	0	0	30	1019	
0	30	122	0	90	75	945	0	49	1023	
98	0	75	53	23	153	316	525	1023	68	
0	75	0	496	0	60	685	0	1018	0	
98	0	45	98	23	12	1022	647	321	68	
98	0	60	68	23	12	335	525	1023	190	
45	60	0	274	511	0	1019	0	0	425	
0	0	75	511	30	0	30	700	0	988	
98	511	184	113	23	14	316	525	0	550	
509	30	90	0	75	30	960	640	0	0	
136	0	173	128	27	14	308	525	0	1023	
0	30	0	235	30	0	0	0	1017	1022	
0	0	0	60	304	509	0	438	1023	0	
122	244	60	505	0	0	1023	91	289	0	
132	0	45	53	38	12	316	647	1023	68	
30	0	259	30	15	0	0	0	980	1020	
60	260	30	202	45	130	1022	75	64	446	

510	0	135	350	0	128	0	1004	0	792	
105	365	60	30	319	0	0	323	694	1023	
190	297	0	120	19	304	579	319	69	1022	
244	0	137	0	0	510	624	357	60	987	
309	349	55	0	400	60	0	0	1023	723	
75	68	76	488	0	244	60	1022	567	319	
274	0	15	244	75	212	511	0	566	1022	
61	486	30	75	488	259	501	0	0	1019	
0	0	0	313	312	274	533	366	98	1023	
182	30	61	319	319	60	864	15	47	1022	
30	244	46	0	272	30	0	726	548	1023	
0	320	426	0	60	289	553	0	249	1022	
60	0	45	120	244	276	1023	816	0	335	
227	320	0	60	15	320	593	259	105	1020	
312	248	510	105	342	399	0	0	0	1003	
30	365	274	138	0	135	954	0	1023	0	
510	90	0	53	0	61	790	0	488	927	
364	0	343	75	122	274	430	0	289	1022	 ***
289	0	346	61	182	113	372	533	0	1023	
19	510	304	304	404	121	304	0	0	953	
124	289	122	334	129	15	884	0	0	1022	
456	75	15	60	0	128	853	271	39	1022	
503	0	90	137	90	381	0	696	0	1022	
15	0	339	15	15	0	995	456	61	1023	
167	343	98	75	244	120	823	15	15	1019	
335	0	182	83	30	244	0	1023	0	1022	

15	30	15	244	282	308	372	199	724	1023	
364	488	0	0	0	0	60	1023	305	972	
394	274	244	75	122	350	260	8	464	1021	
334	72	244	327	122	335	282	0	473	1023	
30	365	320	105	15	120	983	0	252	1022	
334	0	244	511	152	282	0	770	655	264	
334	0	248	511	182	282	558	0	350	747	
372	19	68	0	274	290	0	888	278	1023	
496	244	61	0	511	71	0	760	68	1001	
334	244	373	75	122	334	260	8	441	1021	
319	8	75	471	0	124	828	364	0	1023	
63	128	244	331	182	289	693	0	259	1023	
248	411	244	312	150	92	427	305	0	1023	
0	0	364	305	511	484	0	549	0	999	
432	511	304	60	122	283	524	0	335	641	
305	0	79	488	0	8	0	953	357	1022	
354	366	511	60	122	504	0	274	402	619	
381	30	511	199	334	0	147	0	732	878	
0	90	0	349	256	342	142	272	738	1023	
469	0	244	83	126	312	1023	0	335	620	
350	17	312	323	122	364	427	0	274	1023	
496	130	0	105	0	263	334	831	30	1023	
402	8	511	60	122	334	335	30	518	892	 ***
402	259	244	83	182	335	282	0	402	1023	
182	15	75	373	260	511	304	0	469	1023	
53	27	152	0	308	0	881	0	768	1023	
0	241	55	34	76	500	526	757	0	1023	
394	8	282	75	152	305	449	244	282	1021	
342	60	342	60	122	274	274	305	411	1022	

0	334	0	504	0	0	60	0	1023	882	
162	8	319	90	0	304	320	75	503	1022	 ***
15	244	106	511	8	335	122	60	394	1008	
38	0	511	0	0	331	293	313	484	833	
23	274	472	0	43	91	398	160	319	1023	
144	15	373	181	0	68	0	0	999	1023	
15	15	327	0	364	180	560	69	252	1021	
15	0	241	244	0	511	742	30	0	1020	
511	15	60	60	8	274	854	0	83	938	
511	0	60	0	0	244	297	620	60	1011	
60	511	316	0	151	64	388	0	290	1023	
0	15	475	334	349	511	0	0	275	844	
60	252	121	0	0	511	274	1016	486	83	
377	334	0	263	0	168	0	60	578	1023	
0	274	135	76	0	282	0	72	941	1023	
510	486	0	72	15	45	30	335	304	1006	
0	259	502	60	274	244	197	133	111	1023	
433	15	244	79	244	158	61	548	0	1021	
289	8	60	202	0	248	244	0	729	1023	
46	490	282	30	495	0	60	377	0	1023	
304	486	61	15	511	90	252	0	75	1009	
128	0	274	60	4	394	61	282	578	1022	
242	511	244	121	274	0	0	357	60	994	
8	0	121	278	23	0	485	1023	0	865	
61	506	0	30	0	488	543	16	136	1023	
0	60	30	0	0	365	316	1009	1023	0	
124	106	0	92	30	479	0	289	660	1023	
488	98	75	488	473	91	0	69	0	1021	
98	503	362	0	30	0	76	586	125	1023	
511	0	479	426	404	85	60	0	0	838	
0	4	135	304	0	129	670	538	0	1023	
57	470	511	0	15	248	0	182	376	944	
106	511	274	305	8	244	137	304	76	838	
0	312	0	274	0	0	0	1023	180	1014	
502	394	319	0	510	0	61	0	0	1017	
174	15	0	49	244	0	419	548	331	1023	
289	0	325	60	53	511	60	501	0	1004	
319	8	124	0	511	244	60	61	479	997	

61	60	319	30	15	60	107	381	488	1023	
0	90	304	508	61	30	135	0	395	1021	
0	15	244	0	94	105	136	150	777	1023	
211	61	0	501	75	23	503	147	0	1023	
68	509	274	30	0	0	121	443	76	1023	
485	0	510	60	0	424	60	1005	0	0	
196	252	490	165	196	114	109	0	0	1022	
132	0	219	45	342	0	105	419	259	1023	
105	90	114	0	368	508	0	0	336	1023	
0	30	0	75	61	511	845	0	0	1022	
60	8	334	61	0	60	254	75	669	1023	
121	511	0	90	365	90	0	0	361	1006	
409	45	0	60	0	0	0	1014	1016	0	
30	0	394	0	511	334	0	989	286	0	
30	0	511	15	335	488	60	91	0	1014	
0	91	510	0	0	0	299	0	1006	638	
87	45	244	380	45	120	555	30	16	1022	
511	0	120	0	60	409	335	0	90	1019	
30	0	485	334	136	511	30	0	0	1018	 ***
105	15	163	0	282	0	671	0	286	1022	
60	0	15	61	0	61	90	273	961	1023	
75	12	319	129	62	357	166	402	0	1022	
135	0	78	68	289	394	0	557	0	1023	
45	511	364	0	0	274	0	1002	0	348	
0	75	0	488	121	75	38	725	0	1022	
180	0	509	30	15	289	133	0	365	1023	
120	264	0	502	252	0	0	166	218	1022	
60	478	150	15	503	45	61	115	95	1022	
122	0	395	0	105	368	62	0	470	1022	
0	23	0	61	124	30	966	122	196	1022	

511	137	30	64	428	427	60	61	0	1000	
168	0	452	334	91	443	45	162	0	1023	 ***
45	0	334	349	217	398	83	0	271	1021	
484	501	456	0	121	0	34	0	1023	99	
473	208	124	0	114	428	0	348	1023	0	
83	60	150	456	0	309	212	425	0	1023	
0	75	497	297	504	0	159	1022	164	0	
244	60	83	90	0	8	1023	337	30	843	
87	79	336	0	0	110	1023	993	0	90	
34	329	0	145	304	0	332	0	551	1023	
87	0	398	490	49	417	254	0	0	1023	
30	42	211	334	90	190	690	4	105	1022	
0	60	23	228	259	30	666	65	364	1023	
34	8	364	398	92	398	401	0	0	1023	
49	0	175	365	95	394	304	313	0	1023	
163	4	109	411	76	87	0	845	0	1023	
15	220	178	210	350	4	65	90	563	1023	
75	171	38	30	30	482	166	578	125	1023	
45	0	342	334	106	406	406	57	0	1022	
75	98	90	0	143	305	1023	789	0	195	
30	430	4	0	90	0	61	79	1001	1023	
19	15	0	174	0	135	803	248	301	1023	
511	484	0	172	12	0	0	92	1008	439	
120	60	0	90	87	80	1022	304	955	0	
0	133	486	424	150	471	0	16	15	1023	
90	68	15	313	511	0	181	0	563	977	
124	0	156	0	91	143	68	1019	94	1023	
282	0	0	240	91	379	540	0	163	1023	

103	304	441	511	380	366	0	121	0	1015	
209	244	444	151	122	233	502	263	50	1023	
0	409	15	335	0	511	162	175	612	1022	
412	244	436	274	91	368	1023	155	0	238	
274	30	359	511	372	0	1016	505	122	52	
45	0	0	201	167	90	267	1012	436	1023	
168	0	484	274	335	361	61	319	216	1023	
4	0	388	511	0	0	402	338	576	1022	
511	30	304	111	151	244	811	60	0	1019	
0	409	0	0	511	97	464	608	157	995	
60	186	12	305	493	368	532	263	0	1022	
120	12	60	232	0	90	631	305	768	1023	
121	235	374	274	155	324	0	19	716	1023	
472	0	391	511	91	413	289	231	0	843	 ***
412	334	254	274	106	421	274	143	0	1023	
159	334	486	494	124	0	0	370	252	1022	
30	289	267	121	250	469	259	381	152	1023	
346	0	90	319	105	0	894	15	449	1023	
168	244	391	274	377	469	30	143	122	1023	
0	488	443	494	0	61	395	60	277	1023	
120	453	244	293	38	220	75	196	579	1023	
490	338	132	30	0	334	0	0	894	1023	
167	0	30	381	79	319	1023	350	30	862	
60	98	75	42	61	447	1023	537	898	0	
304	387	12	506	411	511	182	928	0	0	

