#28	41	12	48	37	2	143	281	52	103	
#6	53	7	60	73	40	232	229	47	0	
#55	32	46	51	72	37	19	301	134	0	
#39	39	36	140	17	0	261	21	88	106	
#68	38	16	32	65	32	6	248	14	228	
#46	51	6	20	42	16	60	55	260	191	
#68	52	33	68	14	37	138	0	305	32	

25	32	29	42	64	50	0	243	111	91	
76	54	69	19	20	0	21	294	110	24	
0	58	45	58	44	53	32	298	43	56	
40	5	56	64	50	25	22	289	94	42	
0	24	56	52	54	26	148	297	20	10	
0	2	24	20	36	0	192	262	132	19	
3	39	21	52	52	68	58	47	286	61	
36	16	24	62	64	36	158	290	1	0	
16	48	56	88	2	6	0	97	84	290	
47	48	25	26	72	55	81	297	0	36	
20	28	66	32	58	49	227	23	0	184	
5	32	25	40	50	68	270	62	63	72	
11	34	23	76	34	68	47	50	155	189	
8	8	0	72	164	20	28	104	32	251	
59	72	65	56	29	0	61	257	42	46	
6	50	21	60	54	68	30	239	95	64	
13	34	21	78	34	68	49	239	93	58	
9	4	30	18	38	64	2	238	88	196	
16	0	12	18	34	8	50	279	64	206	
5	33	25	72	34	70	270	43	61	74	
66	77	6	44	5	0	58	82	69	280	
56	6	37	36	53	86	55	81	277	0	
40	26	62	60	62	54	118	249	16	0	
22	20	16	13	42	10	127	308	39	90	
5	34	29	60	52	71	30	121	53	232	
71	19	64	52	46	40	298	49	0	48	
47	40	54	35	37	59	76	0	291	48	
4	34	21	64	34	38	232	93	95	72	
6	26	23	60	50	72	54	239	97	60	
4	5	66	17	62	80	78	233	0	142	
42	14	9	72	26	23	64	164	273	0	
27	22	103	67	0	12	105	233	118	0	
18	100	118	46	29	50	203	0	15	108	
4	30	34	87	126	12	56	82	0	256	
56	36	31	54	5	0	46	241	174	44	
49	22	30	128	6	0	88	4	271	89	
28	0	22	10	8	72	139	270	42	96	
3	42	23	52	50	68	49	47	295	58	
16	46	8	0	46	127	66	251	21	106	
1	27	73	52	34	68	46	301	21	64	 ***
26	5	44	38	12	44	40	283	38	157	
2	38	61	42	34	49	62	197	21	181	
28	31	12	56	111	20	128	10	291	0	
39	34	27	52	34	50	297	77	21	56	
6	40	21	52	50	70	144	42	73	189	
50	25	5	132	0	71	0	207	32	165	

51	18	8	112	0	20	240	69	0	193	
0	12	36	18	36	78	84	112	136	199	
43	70	12	36	0	22	86	12	163	267	
44	0	12	40	34	0	294	157	56	74	
64	4	62	32	32	6	127	304	58	22	
12	49	20	82	0	78	55	278	57	80	
0	42	0	39	86	60	102	249	66	67	
0	28	102	18	34	62	227	124	48	68	
48	32	5	50	50	32	34	71	106	283	
30	20	52	65	98	0	74	295	21	56	
36	34	37	33	26	28	66	285	80	86	
3	15	40	24	34	68	94	286	49	98	 ***
62	42	0	108	72	70	88	16	253	0	
0	12	128	50	40	62	106	201	48	64	
3	12	72	20	50	62	52	222	48	170	
1	12	43	53	34	72	76	190	48	182	
1	13	72	20	40	70	80	286	49	80	
4	14	36	50	34	67	79	188	48	191	
0	57	68	56	69	101	44	204	48	64	
12	34	96	11	53	59	54	263	129	0	
22	58	42	3	62	34	66	160	0	264	
4	6	34	56	0	58	309	96	114	34	
100	28	8	14	25	100	28	185	223	0	
0	22	36	50	34	65	80	189	48	187	
20	105	47	55	27	0	113	67	0	277	
14	35	22	50	38	39	95	303	67	48	
20	12	12	48	4	40	286	145	80	64	
36	38	82	26	79	16	144	242	0	48	

2	29	36	54	34	66	108	184	34	225	
104	48	24	0	64	16	336	114	0	66	
0	0	46	24	42	58	127	188	237	50	
4	46	40	24	82	68	84	310	48	66	
47	52	42	88	44	36	78	213	172	0	
2	4	36	30	34	62	114	300	48	142	 ***
70	64	52	50	94	56	40	290	0	56	
6	44	18	84	72	0	54	320	144	30	
8	8	18	68	80	42	110	264	22	152	
10	66	76	68	4	28	0	292	70	158	
60	74	0	80	46	0	289	19	186	18	
18	50	94	4	40	60	162	304	40	0	
145	12	88	38	48	26	136	212	16	51	
0	66	38	10	67	30	62	311	50	138	
36	78	22	32	44	20	54	302	82	102	
64	26	46	0	42	54	78	287	114	61	
22	64	8	68	14	0	19	243	208	126	
0	146	62	82	32	48	18	250	0	134	
70	76	24	52	64	0	34	320	56	76	
58	50	54	0	58	24	88	265	54	121	
12	68	6	16	60	48	52	337	124	49	
5	12	52	56	50	66	108	309	48	66	
74	54	18	55	56	88	28	283	116	0	
2	2	36	30	34	62	148	300	48	110	
149	76	48	0	47	10	246	148	48	0	
2	4	36	24	34	62	108	297	82	123	
0	60	8	48	100	84	140	22	0	310	
133	48	97	62	0	30	126	158	0	118	

0	0	16	52	80	50	32	0	284	188	
38	34	30	42	74	0	132	316	36	0	 ***
94	12	48	16	0	0	48	130	68	286	
30	82	0	52	40	16	116	68	4	294	
92	99	32	64	24	20	0	221	150	0	
10	4	34	30	34	38	74	239	44	195	
148	6	28	38	0	20	100	266	80	16	
74	34	22	34	74	92	0	0	296	76	
50	40	36	2	48	10	164	36	316	0	
154	32	88	64	10	6	0	206	20	122	
2	4	34	34	38	6	112	292	44	136	
88	40	18	0	36	80	70	318	6	46	
48	10	58	50	6	38	310	100	0	82	
96	20	10	54	42	16	0	268	196	0	
36	16	50	24	104	70	48	316	38	0	
2	66	102	8	74	4	58	294	34	60	
52	166	32	46	0	76	12	230	0	88	
10	38	54	52	10	38	84	296	56	64	

60	16	34	74	58	0	102	245	56	8	
16	36	4	40	6	8	68	267	200	8	
14	36	4	56	52	14	168	309	0	0	
48	26	16	50	34	0	126	249	66	38	
97	136	0	16	72	0	244	0	8	80	
38	24	46	58	90	4	100	245	48	0	
8	72	4	46	16	4	118	277	100	8	
6	36	0	18	12	74	170	0	299	38	
14	12	38	82	70	2	122	265	48	0	
2	40	146	44	4	40	4	253	26	94	
38	48	30	32	48	0	138	261	58	0	 ***
18	10	38	90	60	0	112	245	80	0	
6	10	44	50	76	4	110	0	301	52	
2	54	130	14	74	2	76	229	72	0	

6	50	30	28	40	0	70	240	85	24	
12	85	20	80	74	4	26	19	0	253	
6	46	12	12	109	0	104	217	67	0	 ***
0	50	83	21	40	0	102	200	77	0	
10	10	8	40	8	8	204	20	32	233	
32	0	0	62	9	54	0	68	98	250	
32	93	26	40	8	70	0	254	50	0	
6	46	12	12	42	0	112	132	211	0	
6	46	12	12	42	0	139	107	209	0	
6	48	32	28	48	0	104	240	67	0	
42	2	8	44	0	28	53	110	247	39	
122	48	40	10	0	60	16	14	223	40	
6	48	30	28	40	1	72	234	82	32	

5	55	9	24	112	0	57	200	53	48	
4	46	8	16	42	25	70	255	48	49	
0	48	25	8	102	0	152	160	68	0	 ***
7	0	0	61	138	10	211	84	8	44	
0	46	36	115	38	0	70	133	125	0	
10	118	8	0	73	4	71	150	62	67	
4	54	18	18	32	4	118	255	60	0	

32	82	9	12	86	0	133	130	215	0	
52	36	53	12	93	0	88	283	82	0	 ***
0	106	106	8	73	0	84	163	159	0	
20	42	9	8	74	32	76	270	100	68	

60	0	68	12	126	0	80	145	110	0	
101	0	21	12	73	0	151	169	74	0	
36	4	20	12	56	0	98	271	32	72	 ***
52	12	20	12	60	4	88	156	197	0	
52	0	30	12	68	0	80	157	202	0	
60	0	30	124	60	0	90	163	74	0	
105	0	20	12	66	0	80	155	163	0	
52	0	20	20	66	8	195	160	80	0	
20	12	28	14	60	0	84	277	42	64	
52	0	126	12	76	0	80	147	108	0	
61	10	120	12	60	0	88	176	74	0	
52	0	14	124	68	4	88	163	88	0	
52	0	30	12	64	8	195	160	80	0	
52	118	25	16	61	2	80	197	50	0	

18	20	26	54	0	93	0	247	78	44	
7	22	16	12	42	0	65	242	49	125	
12	20	16	13	40	38	82	261	32	66	 ***
0	6	26	8	40	0	97	250	65	88	
4	0	36	4	40	46	62	251	64	73	
8	16	19	14	42	0	191	126	76	88	
24	0	34	20	41	0	80	122	66	193	
6	4	16	34	64	6	66	244	90	50	
5	16	42	12	40	0	78	257	64	66	
20	0	32	19	42	0	76	124	68	199	
0	0	19	48	143	0	64	126	73	107	

20	16	12	0	36	0	94	254	99	36	
38	18	0	135	33	87	58	164	34	0	
12	16	48	5	48	6	76	258	32	66	
52	20	10	0	44	4	84	255	32	66	 ***
12	16	8	0	52	8	74	255	38	104	
12	20	16	0	40	0	124	247	40	68	
28	57	13	36	0	66	28	0	101	238	
12	16	8	0	42	0	74	174	193	48	
23	56	2	0	20	38	52	156	220	0	
12	16	16	4	44	2	116	259	32	66	
20	24	8	0	42	0	92	154	32	195	

22	12	13	22	17	43	205	212	22	0	
57	116	54	22	22	42	49	191	15	0	
16	3	17	26	44	46	133	254	29	0	
0	12	15	52	160	95	0	10	80	144	
35	116	0	98	10	23	59	48	179	0	
8	20	10	1	48	8	115	258	66	34	
40	20	10	0	54	12	72	258	66	36	 ***
11	44	10	0	20	22	58	172	38	193	
0	57	21	143	0	86	34	136	66	25	
7	20	18	0	44	4	207	142	32	94	
30	142	30	11	22	32	46	69	186	0	
4	128	61	38	50	13	24	216	17	17	
51	1	149	42	55	22	0	157	19	72	
13	22	18	0	46	9	105	252	35	68	

149	20	76	0	10	52	60	189	68	30	
32	0	0	0	148	44	10	142	0	278	
96	12	4	4	14	29	5	20	151	319	
35	48	7	86	33	59	139	204	43	0	
4	44	10	36	10	62	38	207	24	219	
20	5	10	16	44	28	106	256	125	44	
31	135	10	22	32	73	33	318	0	0	
4	26	34	83	30	16	80	281	56	44	
20	22	28	41	58	61	44	256	32	92	
12	28	52	12	9	36	10	319	0	176	
9	28	10	0	52	15	152	248	32	108	 ***
10	20	86	4	2	37	162	311	13	9	

57	49	115	0	18	16	185	139	0	138	
25	31	21	0	39	31	154	217	93	106	
13	30	11	0	18	61	152	212	88	132	
19	72	26	0	31	12	152	218	56	131	 ***
23	28	0	0	47	38	246	201	56	78	
9	32	12	48	78	16	155	222	69	76	
9	32	10	1	32	46	169	218	60	140	
36	32	8	20	65	16	296	235	0	9	
26	28	22	38	14	22	141	268	0	158	
36	0	34	36	52	0	28	293	68	170	
9	28	32	0	51	42	158	218	105	74	
11	28	13	0	52	22	166	207	113	105	
28	28	1	8	99	14	144	91	228	76	
9	94	0	0	18	66	135	150	40	205	
24	110	110	0	22	24	42	287	66	32	

68	18	96	78	16	26	51	297	16	56	
19	68	26	4	30	12	120	234	69	140	
20	24	112	0	48	0	42	53	259	164	
78	179	90	0	54	0	48	171	57	45	
63	9	17	6	0	53	82	262	46	184	
6	111	4	0	31	64	328	12	117	49	
15	74	85	55	63	12	110	75	138	95	
80	16	32	32	32	76	5	244	205	0	
20	28	33	24	16	35	16	324	38	188	
19	70	24	0	59	16	112	107	82	233	
19	77	24	0	31	12	122	234	68	135	
21	68	36	0	31	16	147	79	229	95	
19	68	26	0	31	12	234	91	110	131	
0	54	0	48	103	153	58	39	245	22	
52	0	22	2	137	4	170	257	58	20	
25	10	0	68	22	46	98	260	155	38	
15	68	56	0	99	16	118	183	70	97	
67	41	28	36	36	44	88	312	16	54	
19	68	24	4	31	12	120	225	124	95	
95	0	0	10	58	8	306	142	59	44	
19	68	26	0	52	80	112	180	70	115	
6	36	82	34	20	122	37	301	32	52	
14	0	16	20	133	54	14	217	190	64	
19	96	24	0	35	52	148	177	70	101	
19	36	34	0	30	44	128	236	102	93	 ***
84	22	19	49	24	20	197	277	30	0	
23	68	26	0	70	14	120	78	86	237	
29	68	24	0	34	12	124	79	225	127	
15	68	26	0	126	12	112	89	74	200	
78	51	9	36	50	60	68	272	98	0	

74	10	20	16	0	96	85	284	51	52	
18	12	28	0	46	44	62	172	63	243	
53	2	36	69	4	30	44	285	139	26	
18	12	35	0	94	71	92	231	44	91	 ***
4	122	22	54	62	18	16	291	34	65	
0	96	64	73	0	20	64	283	66	22	
36	12	16	68	32	14	148	286	42	34	
18	56	26	0	84	28	91	60	87	238	
20	12	32	0	44	76	54	106	221	123	
50	92	42	68	40	18	21	307	0	50	
18	102	64	0	6	0	0	308	120	70	
100	4	120	42	22	32	16	26	307	19	
12	35	42	42	81	20	64	312	0	80	
32	12	64	3	8	50	44	20	196	259	
2	102	18	48	40	5	317	28	128	0	
70	8	34	52	40	8	135	325	0	16	
18	12	34	32	30	44	108	90	221	99	
58	12	32	0	30	60	128	221	56	91	
18	12	69	4	30	52	62	234	68	139	
80	42	36	22	46	0	132	281	22	27	
12	86	54	16	38	0	0	307	64	111	
0	58	0	0	115	0	282	201	18	14	
50	12	70	0	30	30	62	122	221	91	
0	32	72	34	38	58	78	336	20	20	
14	12	24	32	26	63	62	235	127	93	
32	36	10	74	18	36	44	311	44	83	

14	12	24	8	88	17	249	55	130	82	
56	24	10	6	110	126	292	0	55	0	
39	14	96	0	26	0	200	34	270	0	
14	12	38	0	101	63	58	227	38	128	
44	10	34	16	0	4	190	293	13	75	
76	40	2	44	16	0	40	2	293	166	
128	30	8	111	32	54	52	228	36	0	
14	12	34	0	79	39	58	191	40	212	
14	12	38	0	109	54	58	145	40	209	
18	102	8	78	42	0	0	265	86	80	
60	4	0	22	24	94	63	36	259	117	
18	12	34	0	79	59	58	114	98	207	
32	44	32	2	56	36	152	8	277	40	
20	84	132	24	4	0	64	263	44	44	
116	52	76	60	84	38	0	240	13	0	
40	26	133	72	0	52	0	264	50	42	
70	14	82	6	93	14	60	305	35	0	
2	52	4	26	36	0	60	285	156	58	
18	28	42	0	79	54	58	227	83	90	
16	12	39	0	78	118	58	107	40	211	
82	2	60	48	32	2	46	110	0	297	
18	12	24	0	78	71	60	104	105	207	
14	16	123	12	44	0	70	299	91	10	
18	12	32	0	79	55	58	229	90	106	
72	38	26	56	42	16	0	291	134	4	
26	12	38	0	78	63	56	104	196	106	
32	18	72	48	44	0	283	96	86	0	 ***
84	24	8	0	16	0	34	325	134	54	
64	26	16	4	6	66	53	284	0	160	
18	12	74	0	97	87	58	227	40	66	
0	32	18	76	90	20	79	288	76	0	
27	16	38	0	83	55	99	235	36	90	
18	12	32	0	95	57	58	108	201	98	
0	18	142	40	34	38	118	281	8	0	
14	12	38	0	86	54	110	227	40	98	

84	16	2	0	47	32	168	67	0	238	
32	24	64	28	18	32	219	121	116	0	
38	16	96	127	0	70	0	241	0	66	
50	30	32	34	6	22	277	147	18	38	
40	8	96	60	15	0	129	185	121	0	 ***
36	29	66	20	12	0	225	72	194	0	
73	52	96	74	0	4	283	0	24	48	
71	48	40	8	0	28	286	38	125	10	
11	102	26	94	84	0	277	0	52	8	
107	20	0	0	56	97	243	0	70	61	
54	4	16	4	0	60	277	4	165	70	
50	11	69	82	112	0	232	38	60	0	
8	102	36	2	70	16	289	46	79	6	
36	30	4	16	0	8	241	196	20	103	
50	60	0	54	84	0	177	24	0	205	
34	16	68	22	8	68	225	133	80	0	

8	8	94	68	14	0	53	261	54	0	
104	0	0	0	4	8	308	116	0	20	 ***
8	24	96	60	22	0	7	41	302	0	
24	110	0	0	4	0	0	0	318	104	
28	8	44	52	66	0	281	32	35	14	
8	24	86	60	18	0	272	20	72	0	
8	12	96	60	10	18	253	25	78	0	
10	6	86	60	14	16	253	32	83	0	
8	8	96	68	26	6	272	20	56	0	
0	0	52	186	64	0	0	0	258	0	
0	0	38	0	200	56	16	218	0	32	
16	24	94	62	14	0	25	20	305	0	
64	0	24	32	20	16	276	118	0	10	
16	82	4	32	0	8	314	72	32	0	
10	4	92	60	10	0	21	259	46	58	
6	5	0	40	56	8	279	110	56	0	
32	50	133	32	52	0	253	0	0	8	
0	36	58	64	0	53	307	0	42	0	
20	86	0	0	16	0	318	36	84	0	
0	40	32	64	94	8	313	0	9	0	
0	0	40	0	0	0	316	36	168	0	
24	16	96	60	10	0	268	20	66	0	
89	36	0	12	2	0	325	96	0	0	
16	70	0	26	4	4	310	88	42	0	
0	14	96	0	36	0	306	16	0	92	
0	0	56	40	2	4	298	144	16	0	
179	16	0	4	16	32	233	0	24	56	
80	48	0	12	2	4	306	108	0	0	
32	8	84	76	10	0	39	259	52	0	
0	52	0	110	0	8	0	304	2	84	
8	28	0	0	32	0	168	310	0	14	

80	114	8	0	0	64	314	0	36	52	
8	64	40	77	0	12	64	0	330	73	
72	68	41	0	4	48	289	84	0	62	 ***
32	40	8	32	6	36	303	52	0	159	
48	158	80	32	0	40	44	0	64	202	
32	6	0	0	38	16	299	172	105	0	
46	138	0	68	42	80	249	0	0	45	
104	8	0	69	4	16	287	124	36	20	
56	92	0	0	0	10	32	244	234	0	
0	0	52	70	40	73	313	40	0	80	
36	28	32	32	56	0	255	0	113	116	
0	32	40	4	10	95	327	0	0	160	
0	36	0	72	32	0	299	68	16	145	
0	42	68	0	36	0	262	42	164	54	
102	0	4	0	42	112	272	116	0	20	
0	0	52	34	41	8	190	259	0	84	
174	32	36	40	0	44	106	0	236	0	
4	0	32	68	56	90	315	36	19	48	
64	8	88	16	162	0	0	104	226	0	
138	8	38	4	36	20	312	36	40	36	
73	4	52	0	4	48	287	116	0	84	
12	4	32	32	0	72	313	138	33	32	
68	14	4	47	104	0	135	0	296	0	
16	64	162	0	8	36	88	0	40	254	
8	0	50	64	88	32	106	320	0	0	
8	40	32	46	16	4	242	0	244	36	
30	48	32	0	0	64	30	328	136	0	
6	36	0	68	2	44	310	0	68	134	
98	8	6	52	4	40	288	84	32	56	
14	12	127	0	0	0	0	247	176	92	
16	40	38	16	116	0	318	44	32	48	
127	0	32	0	40	8	297	124	0	40	

9	0	0	6	102	133	250	37	0	176	
36	67	46	0	10	48	280	48	0	178	
44	70	32	35	68	33	284	71	0	76	
22	0	32	0	44	0	294	67	221	33	
65	64	34	32	0	48	282	0	54	134	
8	58	32	4	18	16	264	141	168	4	
14	179	0	0	32	0	235	174	11	68	
0	16	60	38	69	0	282	0	172	76	
98	8	32	64	0	40	268	54	49	100	
46	64	0	0	4	127	84	253	0	135	
136	81	66	0	64	0	96	0	36	234	
66	68	7	42	4	40	263	80	51	92	
64	0	0	64	0	72	281	0	40	192	
80	72	36	56	126	0	8	269	32	34	
68	71	0	36	0	79	265	33	95	66	
66	96	32	4	0	84	239	72	72	48	
74	100	32	0	123	64	194	70	0	56	
138	74	73	0	0	40	264	32	36	56	
2	68	8	0	32	34	273	76	220	0	
98	72	71	20	5	40	263	52	0	92	
0	104	43	0	30	4	272	48	67	145	
121	40	32	40	0	50	226	0	108	96	
66	95	23	0	8	72	239	116	0	94	
66	0	10	40	104	0	210	195	88	0	
0	16	12	0	8	66	215	64	76	256	
114	32	39	0	38	12	72	309	0	97	
0	42	101	80	147	0	0	0	142	201	
32	72	0	96	0	32	250	40	191	0	
6	66	68	0	4	80	296	87	42	64	
32	88	78	118	5	6	268	86	32	0	
95	68	0	64	4	40	276	38	40	88	 ***
0	44	60	0	4	32	274	84	107	108	
127	70	4	33	56	0	203	0	147	73	
44	66	32	119	44	40	271	0	38	59	

72	145	0	0	43	16	278	24	104	0	
64	48	0	34	0	44	156	67	269	0	
36	36	2	72	8	0	326	34	88	80	
0	16	32	38	159	1	74	0	262	100	
161	0	0	96	0	68	0	245	16	96	
0	0	97	0	24	0	144	0	68	349	
16	64	8	0	32	0	154	349	0	59	
101	2	4	0	103	0	242	37	0	193	
66	66	8	64	0	4	319	34	41	80	
36	64	8	80	0	0	310	32	40	112	 ***
36	36	4	96	16	0	334	38	42	80	
36	64	0	33	0	0	327	32	100	90	
42	36	0	82	0	2	326	70	8	116	
13	82	34	0	171	0	236	40	106	0	
32	48	0	50	0	0	303	35	8	206	
36	32	12	3	36	126	320	0	117	0	
0	100	126	0	44	77	245	42	0	48	
163	34	56	19	0	76	210	0	124	0	
0	1	126	14	142	40	275	0	0	84	
50	34	0	64	0	8	326	40	48	112	

12	0	40	113	2	0	332	32	48	64	 ***
10	49	8	40	0	132	256	32	52	64	
40	4	8	84	88	0	288	0	0	131	
2	132	18	110	137	0	0	244	0	0	
20	64	10	72	12	0	321	32	48	64	
32	10	12	4	8	40	285	252	0	0	
0	116	48	36	32	38	261	104	0	8	
116	9	30	0	0	82	260	0	132	14	
46	110	96	0	0	40	286	54	0	11	
0	0	14	0	0	64	243	48	274	0	
2	32	8	120	0	8	317	40	16	100	
124	74	48	0	0	0	207	0	168	22	
14	8	41	16	0	32	337	0	145	50	
0	140	9	0	0	0	0	348	8	138	
8	72	8	106	0	0	281	73	31	64	
4	64	18	80	16	0	313	40	44	64	
4	64	14	80	8	0	297	32	16	128	
8	165	12	34	8	16	304	32	64	0	
0	48	32	132	0	0	0	72	287	72	
140	0	0	0	88	12	283	42	64	14	
0	0	8	0	0	64	86	47	192	246	
0	0	128	16	0	152	269	6	0	72	
36	88	6	0	111	104	265	0	0	33	
4	0	0	8	112	2	246	14	257	0	

0	115	20	157	32	0	214	152	24	0	
8	32	24	32	118	40	341	118	1	0	 ***
40	36	10	32	24	10	272	54	204	32	
32	44	40	0	14	0	221	0	94	269	
42	54	34	0	172	76	131	205	0	0	
0	8	0	116	0	0	278	233	55	24	
40	33	42	0	8	37	302	12	0	240	
0	30	4	42	52	0	241	0	78	267	
0	34	4	28	0	32	196	36	139	245	
2	10	106	124	116	36	292	0	28	0	
40	64	48	52	0	4	4	322	180	0	
43	68	100	28	120	0	267	72	0	16	
80	0	56	20	28	16	0	58	267	189	
8	51	68	84	4	6	287	32	110	64	
12	0	58	84	0	0	291	79	32	158	
8	1	56	92	2	20	294	32	42	167	
24	24	0	32	32	36	64	229	0	273	
0	0	12	104	64	16	0	12	238	268	
28	0	90	0	0	82	303	108	53	50	
20	8	36	2	145	104	0	34	285	80	
8	16	78	90	4	0	293	36	36	153	
32	8	0	120	117	106	271	16	44	0	
24	0	42	22	4	36	270	76	240	0	
32	16	84	30	12	0	248	0	268	24	
20	8	58	0	121	0	0	0	271	236	
86	8	68	0	0	0	257	184	32	79	
0	80	70	56	0	8	268	8	140	84	

24	0	8	48	80	41	283	146	138	0	
26	63	0	88	0	37	0	227	205	122	
20	84	40	0	0	0	80	110	214	220	
0	0	66	64	105	87	56	0	170	220	
8	51	24	41	81	41	274	114	134	0	
16	72	84	107	103	120	230	12	24	0	
29	16	149	64	85	72	207	146	0	0	
11	0	65	65	117	39	244	99	127	1	 ***
76	16	24	64	97	41	290	83	45	32	
8	0	0	32	79	56	191	106	223	73	
20	17	8	32	81	41	271	146	49	103	
64	0	40	32	76	40	270	97	117	32	
98	16	8	65	117	41	192	115	116	0	
129	32	40	64	81	40	236	146	0	0	
8	65	8	32	83	72	265	82	49	104	
8	17	8	64	97	40	283	156	95	0	
0	68	64	102	106	0	0	93	259	76	

