#244	511	250	8	301	381	90	1021	924	0	
#240	57	153	208	343	256	1023	648	0	802	
#92	397	19	298	511	505	1012	805	91	0	
#290	365	68	91	164	130	1009	1023	590	0	
#134	391	427	19	511	39	378	199	989	643	
#492	181	191	164	244	96	1023	0	973	366	

116	8	164	187	259	151	640	411	1023	428	
267	158	0	308	282	60	137	1023	664	488	
138	68	264	313	244	122	518	304	1023	393	 ***
49	393	9	496	152	40	655	269	301	1023	
53	42	341	374	53	30	518	100	853	1023	
4	8	374	58	183	205	385	854	293	1023	
138	39	260	187	244	139	518	619	220	1023	
139	186	167	262	42	386	1023	899	283	0	
339	0	320	30	58	319	284	731	283	1023	
153	47	142	309	259	154	518	429	353	1023	
274	268	167	476	12	511	377	30	1020	252	
16	30	244	30	4	511	488	239	808	1017	
78	320	232	154	42	66	1023	984	488	0	
411	0	286	282	281	95	125	741	143	1023	
511	435	12	160	267	0	1016	648	323	15	
152	16	122	19	370	511	777	363	116	941	
297	4	27	16	282	59	354	430	895	1023	
138	24	134	187	259	276	533	415	1023	398	
247	472	30	492	0	4	23	1023	73	1023	
423	42	130	29	88	325	586	280	461	1023	
146	38	256	202	244	124	534	438	382	1023	
142	8	150	213	259	254	518	411	1023	409	
145	0	74	305	315	385	172	384	584	1023	
138	47	20	187	274	246	644	449	359	1023	
278	488	122	225	75	126	808	229	15	1021	
249	180	106	46	197	390	1023	0	291	905	
138	8	134	377	252	122	541	411	381	1023	
404	186	248	39	366	0	521	1023	280	320	
511	337	0	0	276	381	377	482	1023	0	
400	68	302	73	431	145	0	410	535	1023	
397	201	125	63	27	84	511	1023	956	0	
25	141	61	172	60	8	495	614	788	1023	
66	263	393	84	0	511	370	973	727	0	
460	0	184	328	164	374	167	337	350	1023	
404	45	72	450	49	29	0	420	895	1023	
164	335	61	0	167	397	219	1021	0	1023	
395	374	4	409	282	415	282	0	1023	203	
8	201	505	402	416	505	198	0	129	1023	
7	24	248	354	492	503	350	40	346	1023	
511	160	290	458	0	244	511	1023	190	0	
261	25	152	179	134	449	374	619	171	1023	

138	30	268	313	0	145	274	1023	683	577	
0	266	156	54	135	511	400	0	981	948	
251	45	73	463	177	157	716	546	1023	0	
196	45	260	427	366	130	274	289	1021	443	
138	30	260	313	252	160	274	533	468	1023	
91	282	0	283	19	0	682	1021	509	564	
60	507	152	316	489	301	0	199	1023	404	
108	128	268	343	244	122	335	304	1023	576	
261	73	457	511	382	0	644	0	988	135	
196	30	268	335	366	122	274	518	1021	321	
282	134	31	128	0	365	0	1023	937	551	
138	30	138	435	252	122	1023	289	403	621	
144	30	508	343	0	366	274	372	1022	392	
136	45	294	321	60	122	518	297	1021	637	
0	227	426	299	370	0	1023	190	852	64	
138	30	504	366	252	122	334	289	1023	393	 ***
122	373	69	239	68	327	628	0	1023	602	
230	8	199	511	0	327	602	990	584	0	
48	265	30	110	0	60	637	1023	404	874	

136	32	389	358	8	122	274	650	1023	529	
168	34	225	254	248	158	557	169	1023	685	
511	411	208	0	94	46	0	951	374	926	
395	0	0	84	186	361	649	778	45	1023	
0	419	30	365	0	331	171	991	1020	194	
196	30	374	403	68	122	338	411	1022	557	 ***
202	274	12	396	434	449	0	642	90	1022	
136	30	382	503	16	122	334	1023	411	564	
511	353	245	289	46	0	838	0	261	978	
264	91	349	0	293	128	1023	0	350	1023	
38	152	23	453	274	504	0	752	1020	305	
136	30	438	388	252	122	394	289	1022	450	
426	256	15	241	61	244	244	1022	0	1012	
60	282	46	274	87	190	0	1020	922	640	
282	357	328	0	0	369	129	916	117	1023	
106	0	231	381	8	443	320	1010	1022	0	
365	289	201	327	130	252	196	740	0	1021	
183	98	510	121	61	38	933	0	1021	556	
80	106	282	0	334	267	255	689	1021	487	
282	228	129	411	511	198	949	0	105	708	
136	60	374	437	8	366	456	289	1022	373	
30	335	287	60	304	0	969	396	119	1021	
15	205	152	282	64	46	95	1022	1000	640	
379	138	0	0	466	511	590	471	0	966	
90	298	142	114	304	353	867	0	1023	330	
69	425	312	265	244	172	761	1022	201	50	
23	304	511	320	434	49	154	917	809	0	
448	98	320	198	103	430	175	0	1021	728	
68	72	468	68	281	0	716	803	1022	23	
196	30	382	503	55	0	274	658	1023	400	
166	30	504	236	8	244	334	579	1023	397	

137	128	134	60	258	320	53	644	1021	177	
196	30	145	212	511	122	308	381	714	313	
120	75	190	227	68	122	399	396	1022	313	
120	30	130	363	68	122	353	381	1022	343	 ***
0	0	412	60	19	0	1011	1023	332	75	
45	122	15	15	91	15	304	302	1023	1000	
349	312	76	68	190	12	244	417	1020	244	
211	61	130	456	128	0	1023	137	473	313	
242	141	197	84	0	385	749	113	1021	0	
144	259	130	72	160	121	1023	0	1023	0	
73	297	137	426	124	0	565	1023	287	0	
511	374	150	15	0	458	4	0	994	426	
120	30	130	227	129	122	413	426	1022	313	
0	90	155	511	0	259	0	92	1018	807	
213	0	364	79	471	511	331	0	0	963	
53	376	144	265	0	130	609	335	1020	0	
0	182	417	144	405	511	0	253	0	1020	
150	30	130	227	68	183	338	411	1022	373	

60	45	145	226	83	152	323	289	1022	425	 ***
60	30	130	226	113	61	338	366	1023	423	
136	379	90	510	135	45	30	271	1023	151	
135	106	430	120	151	304	30	0	1023	471	
150	245	160	511	158	0	323	366	568	289	
90	154	60	0	0	38	121	335	950	1022	
60	60	160	316	113	90	338	274	1023	336	
105	511	175	301	128	0	338	259	557	396	
120	30	220	271	128	30	368	244	1023	336	
257	75	334	0	181	125	106	0	1023	669	
30	135	8	244	344	271	395	0	1023	320	
53	120	0	34	379	166	211	724	1023	60	
0	120	106	42	135	0	90	500	754	1023	
60	30	190	316	68	105	353	259	1023	366	
403	110	113	165	98	113	1023	745	0	0	
0	511	137	256	90	0	649	366	381	380	
0	75	180	113	35	0	226	120	998	1023	
60	75	105	45	15	90	1022	0	1023	335	
0	60	165	0	75	143	1023	15	989	300	
0	83	0	159	124	334	1023	288	729	30	
0	114	128	76	120	195	1023	745	369	0	
129	120	15	53	511	120	810	45	967	0	
68	150	91	4	83	304	303	746	1021	0	
90	109	61	289	195	0	60	1023	0	943	
90	151	53	94	0	418	0	165	776	1023	
45	45	319	60	61	241	45	1023	931	0	
319	124	121	0	15	90	715	135	1023	228	

60	45	122	211	23	30	1023	400	385	381	
511	15	0	60	15	106	984	624	365	0	
113	0	15	335	182	0	0	75	937	1023	
0	123	122	344	511	0	263	396	557	364	 ***
105	32	274	0	0	0	290	860	1023	96	
64	45	17	211	24	0	445	304	1023	547	
30	45	137	211	23	0	278	508	1023	425	
441	15	470	137	511	30	60	0	1016	0	
60	49	130	211	23	30	278	426	1023	450	
67	45	122	211	53	0	1023	411	382	366	
60	45	152	217	23	0	263	413	484	1023	
0	457	61	60	73	227	0	308	1023	471	
30	0	30	45	30	45	350	1023	982	145	
60	45	130	211	23	0	289	443	1023	456	
0	75	45	441	0	308	69	642	1023	77	
0	102	90	259	91	502	0	513	1023	100	
66	47	122	211	53	0	400	274	484	1023	
60	51	2	241	23	0	385	411	484	1023	
289	152	15	34	68	30	217	852	1023	0	
60	51	139	211	53	0	263	396	484	1023	
30	45	130	211	23	0	547	274	397	1023	

0	60	126	200	60	2	274	434	1023	394	
19	11	0	76	197	511	377	0	364	1018	
4	45	122	185	511	45	259	416	618	368	
15	124	0	60	124	98	806	1023	323	0	
275	117	125	181	0	0	502	213	1023	137	
157	395	511	196	180	0	49	70	1015	0	
0	53	126	196	65	0	334	1023	412	364	
121	165	79	511	334	0	274	0	938	151	
4	45	122	181	30	50	263	487	1023	368	
0	20	201	200	60	21	259	1023	424	365	
0	20	138	241	60	0	278	1023	449	364	
15	15	122	306	30	0	273	1023	425	364	
504	244	511	49	0	0	120	833	296	16	
0	15	20	246	511	0	259	713	415	394	
0	15	145	287	49	0	259	397	1023	398	 ***
511	291	121	319	15	308	0	595	413	0	

0	0	274	294	261	8	244	571	1023	368	 ***
495	0	45	196	72	0	244	426	542	1023	
160	325	158	184	511	132	0	772	0	801	
15	250	15	226	79	16	503	1023	548	368	
40	53	15	136	99	68	381	379	849	1023	
0	0	511	316	49	0	42	940	358	827	
183	8	426	249	51	0	0	304	1023	799	

0	0	274	143	227	8	1023	297	617	304	
511	30	386	417	47	0	426	1001	0	75	
0	0	289	234	201	78	18	712	1023	338	
0	0	274	511	205	38	244	312	624	685	
142	292	406	60	0	511	225	0	923	334	
0	0	335	204	212	8	244	571	1022	297	 ***
94	404	85	511	272	312	0	862	0	353	
0	106	32	65	79	0	299	1023	981	308	
0	0	274	212	182	38	42	755	1023	367	
368	17	0	46	0	91	940	317	1023	91	
409	226	121	148	0	511	0	368	618	492	
0	0	289	143	281	8	244	312	593	1023	

60	4	121	204	90	38	122	297	1022	602	
184	60	511	166	0	35	0	624	890	90	
0	5	97	267	98	8	244	281	537	1023	
259	0	128	212	92	16	374	197	1023	259	
125	51	105	402	0	65	1023	0	175	614	
0	86	36	0	106	113	1023	220	777	199	
0	20	106	198	212	50	244	1023	448	259	 ***
75	143	0	89	25	94	1023	190	921	0	
130	15	121	211	94	8	490	144	1023	324	
12	122	91	206	75	20	244	258	1023	509	
0	83	168	91	499	0	1023	57	195	444	
5	283	95	212	120	38	0	297	1023	487	
0	0	84	147	113	130	244	271	1023	548	

511	30	42	419	132	0	219	0	714	369	
60	30	0	160	109	91	921	42	1023	0	
0	19	91	221	197	293	284	1023	278	30	
0	30	106	198	511	34	0	1014	280	263	
78	153	136	0	289	379	50	274	1023	54	
90	121	255	49	0	105	342	2	1023	449	
0	34	39	198	214	34	1023	342	270	282	
0	19	106	217	197	34	259	1023	322	259	 ***
375	185	118	117	139	121	0	1023	72	286	

248	410	76	23	98	211	365	1023	0	23	
511	224	151	17	100	138	667	399	125	145	
511	178	190	0	30	97	53	320	1002	96	
0	4	106	247	231	42	1023	264	286	274	
69	214	457	86	83	138	68	1023	339	0	
109	64	321	25	511	0	282	166	999	0	
16	36	137	511	221	30	0	395	365	766	
15	23	115	247	197	40	263	1023	290	264	
0	9	106	225	214	34	246	205	1023	415	
172	45	63	0	68	87	1023	314	418	287	
0	511	106	247	208	64	522	278	282	259	
41	164	106	239	233	511	0	539	362	282	
4	2	108	225	201	49	293	294	1023	278	
0	34	23	213	53	154	830	1023	96	51	
0	19	109	217	212	111	248	1023	244	294	
0	16	140	239	228	118	246	192	275	1023	
15	4	106	217	216	79	277	1023	277	263	
20	4	124	217	201	19	274	1023	336	259	 ***
33	152	61	30	507	179	113	379	0	1023	
0	19	115	255	229	34	261	263	278	1023	
265	72	511	0	184	97	453	876	19	0	
0	4	106	221	212	43	385	192	1023	291	
30	12	106	221	214	49	248	1023	285	289	
0	511	124	193	201	317	0	403	347	381	
511	339	201	155	81	50	649	152	327	12	
0	19	106	225	511	34	245	309	286	742	
0	19	116	232	511	55	244	714	278	308	

109	286	87	109	44	19	772	89	1023	0	
16	4	45	277	511	109	124	359	774	319	
15	24	156	117	0	8	53	1023	952	190	
31	4	186	291	79	17	232	1023	260	415	
160	76	34	511	30	62	605	38	1022	0	
126	34	0	80	51	19	1023	977	83	145	
94	36	23	0	215	75	33	1023	235	804	
19	2	42	83	87	124	79	715	1022	365	
35	19	45	279	199	30	0	235	1023	673	
110	2	511	212	49	139	4	524	18	969	
77	134	136	152	78	21	38	1023	799	80	
31	511	380	156	83	15	0	711	325	326	 ***
155	38	45	277	266	32	0	416	286	1023	
61	64	45	337	161	15	385	1023	184	263	
32	4	75	347	154	15	266	297	1023	325	
196	59	209	107	197	433	79	1023	235	0	
61	9	474	254	60	0	66	1020	142	452	
51	96	62	506	75	19	355	1023	332	19	
76	10	62	402	79	75	274	1023	214	323	
46	242	411	83	60	171	87	1023	415	0	
30	45	49	511	328	511	121	191	752	0	
45	19	63	94	101	15	79	1023	326	773	

15	335	321	136	30	0	60	1001	1023	68	
212	510	276	124	79	21	0	833	338	596	
466	510	334	49	508	213	0	770	0	139	
30	23	257	511	79	167	263	531	987	141	
60	15	64	171	335	15	60	1023	1011	235	
34	15	259	253	79	49	518	426	1023	333	
91	75	257	76	371	49	0	1023	459	588	 ***
509	511	0	122	75	0	261	19	469	1023	
64	45	511	226	152	4	257	0	1022	708	
156	308	243	120	0	0	110	970	59	1023	
30	180	257	175	79	142	0	530	1023	573	
60	15	318	68	239	156	0	394	716	1023	
32	105	261	311	109	141	0	547	460	1023	
45	268	314	256	79	15	0	525	464	1023	
30	92	284	79	511	75	0	841	508	569	
122	60	121	510	0	95	1022	854	23	182	
0	511	90	0	76	494	912	122	121	663	
287	30	259	60	79	137	187	354	1023	573	
0	511	327	0	324	231	186	68	952	390	
61	141	242	68	373	32	0	1023	231	818	

106	83	242	510	190	49	0	717	549	528	
91	75	257	84	142	308	0	1023	402	592	
91	511	257	336	126	64	0	742	563	284	
105	129	122	72	317	152	442	1023	0	612	
91	75	242	91	130	57	0	729	1023	536	
0	510	209	137	76	274	1022	17	15	714	
45	122	68	0	126	105	1023	258	205	1022	
99	75	242	46	111	49	1023	705	560	64	
511	186	15	0	61	120	198	187	700	996	
91	75	302	31	111	91	181	1023	259	810	
91	135	257	99	270	53	747	1023	259	40	
106	75	302	39	126	49	504	710	1023	40	
324	124	27	45	475	155	75	639	1023	87	
15	308	72	259	0	152	89	1023	206	850	
0	79	145	0	68	510	317	325	509	1021	
244	106	80	53	333	511	68	562	1017	0	
106	75	257	76	389	109	0	1023	647	292	
91	90	257	122	130	49	0	807	406	1022	
15	410	137	124	511	198	31	530	15	1003	
310	85	440	15	213	380	309	1022	200	0	
182	79	273	222	198	320	203	1023	474	0	
235	75	257	76	126	49	0	1023	334	799	 ***
106	75	321	76	134	308	503	1023	380	48	
282	284	80	0	166	340	0	1023	710	89	

0	459	88	60	202	197	407	1023	316	0	
139	129	137	357	53	0	80	835	0	1022	 ***
498	0	430	61	182	511	0	27	122	921	
324	92	30	152	256	122	0	0	754	1022	
91	342	487	83	510	167	0	1000	0	72	
159	90	167	23	111	511	0	845	274	572	
0	260	122	244	0	156	17	1023	839	91	
243	366	0	137	87	0	155	1023	182	559	
250	383	167	23	81	124	0	1022	213	489	
159	87	167	8	79	511	0	640	175	926	
60	72	442	179	40	182	75	1022	550	130	
0	134	0	90	23	137	631	1022	635	80	
0	30	15	273	455	15	76	1022	607	259	
509	511	0	0	167	0	1023	244	202	96	
161	87	272	335	81	113	0	1022	213	468	
84	64	8	4	146	248	318	1022	259	599	
159	78	273	31	85	109	0	769	225	1023	
163	117	242	23	85	51	0	1022	859	190	
61	122	297	509	122	19	278	1022	0	322	
323	0	240	186	510	8	211	1023	251	0	
361	75	182	57	511	49	0	776	297	444	
69	79	137	76	293	45	8	1023	1022	0	
0	0	510	213	57	510	142	427	893	0	
159	75	205	85	217	53	0	708	228	1022	
4	323	205	0	61	507	160	1023	393	76	
53	60	126	268	141	152	152	1023	171	606	
134	4	511	252	0	262	252	1017	166	154	
312	0	30	372	183	15	0	1023	734	83	
72	501	23	121	0	30	107	1023	659	216	
161	83	228	329	85	113	0	1023	213	517	
220	169	197	31	83	53	0	704	273	1022	
220	263	167	183	129	77	0	1022	201	490	
204	149	312	511	0	30	0	984	460	102	
140	186	0	137	251	83	806	1023	126	0	
159	75	169	27	511	49	0	762	821	179	
65	368	126	0	335	0	98	1023	156	581	
167	75	231	23	85	49	1023	756	215	128	

229	90	145	239	27	0	426	480	0	1023	
214	0	338	422	0	511	1022	15	137	0	
45	0	60	495	242	30	748	1022	0	17	
479	45	98	465	0	0	331	121	1023	97	
160	0	292	511	166	60	1016	435	19	0	
308	63	159	511	145	0	190	19	1022	242	
60	252	88	109	87	139	0	901	0	1023	
8	434	45	27	136	0	137	755	95	1022	
42	0	137	8	0	150	801	120	378	1023	
0	511	364	208	133	0	1023	337	0	83	
102	132	57	76	173	0	157	940	1022	0	
175	8	92	141	0	259	1023	832	129	0	
102	106	83	254	0	16	704	0	1022	372	
79	53	0	511	0	252	63	609	75	1017	
259	72	42	511	0	0	394	168	198	1015	
151	261	366	12	91	491	19	124	121	1023	
194	60	0	60	151	434	68	647	23	1022	
155	8	358	45	0	304	640	127	1022	0	
182	8	120	309	155	134	513	1023	64	151	
149	129	137	235	23	0	546	418	0	1022	
49	6	173	281	185	61	882	0	0	1022	
139	129	137	235	23	0	1023	435	0	538	 ***
139	129	137	235	31	0	425	1022	0	541	
220	373	91	465	0	65	141	1022	282	0	
0	0	251	208	94	83	0	1023	210	790	

310	152	76	244	511	60	27	402	94	964	
252	0	30	79	260	224	1023	105	46	821	
124	69	274	175	31	0	275	389	1022	481	
271	0	0	511	60	159	731	87	0	1021	
15	125	139	0	509	400	267	45	317	1023	
154	99	106	273	87	0	183	1023	0	915	
419	69	0	511	83	38	639	389	0	692	
8	414	511	304	64	0	122	1017	400	0	
23	152	0	316	282	158	770	79	38	1022	
511	0	38	299	0	30	0	402	1022	538	
511	69	490	175	63	0	748	374	0	410	
511	30	191	0	30	364	308	27	381	998	
143	252	160	15	15	155	1023	98	130	849	
35	477	511	152	290	99	61	0	244	971	
83	511	456	38	98	399	175	31	30	1019	
124	99	0	175	267	60	674	1023	0	418	
31	159	171	30	0	8	769	128	522	1022	
30	511	416	124	0	69	297	19	445	929	
365	38	259	30	286	23	1023	149	0	667	
184	69	274	205	511	0	271	908	0	418	
120	119	60	280	25	15	1023	618	0	580	
23	0	290	364	124	64	0	1023	274	678	
510	505	316	75	0	15	69	152	244	954	
124	69	15	243	23	0	70	374	1023	899	
154	321	511	244	98	0	692	402	0	418	 ***
30	90	90	304	252	8	957	30	56	1023	
4	106	72	38	220	83	1023	155	274	865	
511	0	483	15	46	75	0	61	635	1014	
108	252	181	0	45	244	76	135	777	1022	
126	0	120	38	305	38	166	60	964	1023	
132	15	244	8	455	64	832	27	40	1023	
75	456	0	30	23	15	274	843	101	1023	
244	77	30	187	4	455	1023	153	60	607	

90	347	15	160	98	0	1023	319	122	160	
75	0	30	0	0	60	944	197	8	1020	
8	488	510	90	30	90	60	30	15	1013	
90	15	0	122	0	0	0	1016	75	1016	
94	454	0	160	98	0	1022	342	0	164	 ***
0	331	105	510	0	0	0	346	88	954	
94	317	0	175	220	0	163	342	0	1023	
90	313	0	191	98	49	121	449	0	1023	
109	313	511	160	98	126	163	342	0	512	
0	60	0	0	0	60	75	782	334	1023	
90	313	152	130	102	0	183	342	0	1022	
0	15	510	75	152	30	0	60	548	944	
0	0	0	0	15	0	962	335	0	1022	
90	313	0	160	98	152	1023	334	0	164	
90	313	45	282	102	0	1023	319	0	160	
0	30	53	0	60	124	955	90	0	1022	
30	23	8	274	0	30	165	167	614	1023	
109	313	0	252	98	0	183	357	0	1022	
373	38	381	4	94	60	30	45	289	1020	
501	8	0	471	289	30	15	0	0	1020	
0	75	152	0	274	0	463	274	75	1021	
90	313	30	175	98	0	1023	430	0	175	
152	349	0	45	0	30	15	692	30	1021	
30	15	0	45	511	0	425	289	0	1019	
30	282	0	30	0	90	663	80	137	1022	
15	0	15	30	274	0	886	60	31	1023	
90	313	0	190	98	15	213	394	0	1021	
94	313	511	134	250	0	183	334	0	515	
15	244	511	0	340	60	62	90	0	1012	
411	0	471	75	244	0	30	45	38	1020	

90	349	49	0	259	0	0	882	267	1023	
395	0	328	105	239	0	799	0	30	1023	
0	0	395	182	45	278	1023	0	737	259	
244	287	373	305	60	0	1023	63	564	0	
4	15	15	274	122	334	1022	816	195	122	
105	381	379	61	90	0	1020	349	252	282	
75	319	23	273	244	30	1023	0	932	0	
15	357	488	0	30	506	1023	424	61	15	
15	289	0	0	8	0	1023	563	916	105	
510	98	0	0	63	30	334	914	970	0	
0	30	312	389	244	0	1023	0	785	136	
333	0	274	45	139	289	0	817	1022	0	
60	23	0	244	510	0	1022	394	541	125	
0	8	0	398	507	61	1023	0	922	0	
282	15	151	30	30	145	1023	289	38	916	
267	424	30	38	6	122	949	1022	0	61	
60	61	0	76	304	510	336	610	0	962	
334	393	301	23	105	0	1023	304	304	132	
122	0	252	45	0	99	985	0	394	1022	
45	404	0	263	0	511	976	0	379	341	
90	400	60	122	120	68	1023	548	0	488	
90	381	252	274	165	259	1022	323	0	153	
290	0	274	0	15	135	1020	15	761	409	
0	289	244	0	8	30	91	1022	991	244	
410	328	349	0	305	0	1023	367	137	0	
34	385	244	0	488	0	1022	304	76	366	
30	400	0	0	414	0	1022	564	91	398	
441	0	0	0	330	244	0	528	1023	353	
105	457	94	252	0	90	1022	77	60	762	
511	465	0	8	165	0	849	548	0	373	 ***
213	23	19	60	492	68	1023	488	244	289	
105	449	259	61	120	68	1020	563	0	274	
30	334	0	61	23	60	1022	734	45	610	
175	0	510	0	444	488	907	0	274	121	
510	30	0	0	334	120	942	0	862	121	
151	244	319	319	0	0	0	46	817	1023	
301	0	259	91	75	0	1022	0	533	638	
68	0	511	244	0	248	909	376	563	0	

511	441	252	366	143	0	624	548	0	327	
8	0	511	511	0	274	0	914	0	994	
0	259	0	244	334	304	1022	0	60	989	
8	304	260	511	218	505	977	0	429	0	
0	143	98	0	64	0	1021	681	709	496	
509	396	16	68	165	0	1023	618	0	417	 ***
0	319	244	312	334	8	1023	832	110	30	
350	288	503	135	54	434	1023	425	0	0	
0	496	343	30	54	259	1023	0	0	1007	
319	252	488	0	0	160	1021	98	490	384	
511	282	244	447	346	0	0	949	0	433	
511	426	0	121	367	0	652	556	252	327	
278	426	252	68	225	0	1022	496	0	445	

0	486	488	501	0	0	208	1022	0	98	
60	0	0	121	90	0	1023	0	488	1021	
294	397	8	30	139	0	1023	519	0	393	 ***
0	511	278	0	508	90	990	304	0	122	
488	0	0	0	90	454	0	1011	760	0	
16	511	304	4	42	0	1015	355	556	0	
0	15	30	274	312	511	1000	68	0	593	
106	120	0	0	30	0	990	518	16	1023	
0	64	357	511	0	30	0	334	499	1008	
252	0	30	183	60	304	827	34	90	1023	
105	259	282	510	0	487	997	61	38	64	
511	0	75	252	195	34	1022	30	16	668	
91	511	0	30	15	244	30	969	128	785	
493	263	165	8	90	503	1021	0	0	260	
64	0	8	274	0	90	1023	0	394	950	
19	0	0	60	254	0	1023	130	993	324	
0	244	68	79	480	0	1022	666	244	0	
305	0	0	68	60	511	968	0	830	61	
180	252	0	289	319	0	1021	0	133	609	
0	30	289	0	196	334	1023	0	8	923	
294	381	12	511	0	0	468	534	0	603	

282	30	8	62	154	0	1023	582	0	403	
120	0	0	248	30	61	1023	0	45	1017	
120	30	0	511	30	305	15	518	0	1015	
0	0	364	15	45	30	0	977	1022	91	
335	0	511	0	0	334	310	962	92	0	
510	0	105	4	484	91	1022	328	0	0	
274	150	511	274	0	30	1001	0	304	0	
244	105	0	68	90	61	649	1023	304	0	
0	0	45	0	454	0	0	996	1019	30	
286	140	8	60	215	0	997	275	0	563	
106	60	0	0	90	0	1022	931	0	335	
45	0	30	0	91	60	1023	964	30	301	
30	60	91	90	0	30	976	244	1023	0	
343	60	45	274	62	90	1023	385	142	120	
0	120	15	0	30	60	1023	931	0	365	 ***
511	75	60	0	0	61	1013	764	0	60	
282	30	23	90	109	30	1022	380	0	578	
410	121	0	45	0	495	0	454	0	1019	
15	244	30	60	334	0	1022	718	0	121	
334	98	62	60	30	197	1023	69	395	276	
346	60	8	30	112	152	1013	519	0	304	

4	120	15	15	113	75	1022	822	0	532	 ***
0	135	0	19	30	60	1021	906	0	547	
0	150	0	0	225	76	631	1023	0	613	
0	96	0	30	102	60	508	1023	0	899	
0	210	149	12	30	60	1021	608	0	628	
15	128	0	0	45	99	1023	891	0	517	

0	60	0	252	265	304	1021	822	0	517	 ***
0	349	15	244	105	122	1022	822	0	562	
8	342	319	0	113	79	1022	852	0	506	
60	90	0	0	349	244	836	1023	0	639	
316	90	0	0	349	126	1021	837	0	502	
126	368	90	0	357	0	515	762	0	1023	
0	446	274	274	441	511	0	915	0	380	
4	98	0	0	334	507	511	1023	0	764	
4	511	319	0	227	0	613	819	0	748	

