#4	14	59	41	36	31	222	99	241	0	
#0	146	68	59	7	35	118	263	37	14	
#14	46	24	0	68	28	35	157	70	305	
#0	61	60	63	12	15	26	31	264	215	
#40	22	10	66	24	4	257	40	56	228	
#47	16	58	20	57	4	268	30	26	221	

16	28	58	47	18	50	115	291	34	30	
0	32	34	13	103	63	56	144	0	242	
64	6	24	8	38	52	36	289	139	31	
112	72	0	26	20	47	100	38	0	272	
50	62	31	58	45	57	0	49	293	42	
57	54	48	60	49	65	0	45	20	289	 ***
47	126	47	60	51	41	0	126	147	42	
62	68	34	58	43	45	0	190	145	42	
47	30	32	78	59	105	0	146	110	80	
56	24	0	117	0	32	40	171	241	6	
26	32	0	123	0	14	257	37	141	57	
108	8	68	22	21	64	44	282	70	0	
46	66	114	74	43	43	0	211	38	52	
25	62	34	41	64	41	24	301	58	37	
65	6	134	16	61	3	59	233	98	12	
30	1	22	28	0	0	75	256	179	96	
9	58	8	43	74	67	295	0	127	6	
22	144	0	50	0	6	100	258	25	82	
19	32	32	42	0	38	146	238	82	58	
1	53	35	28	6	103	52	245	96	68	
20	85	52	30	18	53	41	0	277	111	
11	18	25	62	10	56	57	43	315	90	
48	62	32	58	43	41	85	247	53	18	
46	50	6	46	125	64	6	92	252	0	
10	8	48	12	10	46	36	103	306	108	
52	64	0	58	38	0	264	52	57	102	
63	40	31	60	45	41	0	71	294	42	
42	4	28	45	9	26	90	240	195	8	
6	4	36	53	57	72	109	284	18	48	
51	38	31	62	43	73	0	49	269	71	
6	46	0	64	66	48	36	24	225	172	
63	46	33	58	43	41	35	206	148	14	
51	38	32	74	65	41	0	49	295	42	
68	24	107	52	22	68	36	272	38	0	
47	42	33	58	59	56	0	53	297	42	
72	110	57	46	66	0	0	53	209	74	
36	42	53	32	23	40	40	287	44	90	
23	10	42	50	42	58	53	301	54	54	
48	41	17	78	23	34	128	18	300	0	

16	16	20	108	28	66	237	38	28	154	
2	0	64	75	62	0	151	27	257	73	
26	46	39	60	65	33	37	79	47	279	
24	70	38	76	50	33	0	44	90	286	
30	144	0	80	80	10	0	110	192	65	
24	112	50	60	49	33	0	60	42	281	 ***
61	62	39	62	49	33	0	77	49	279	
22	60	48	40	7	75	97	40	40	282	
40	50	0	55	72	38	279	44	79	54	
52	28	2	107	22	24	66	173	237	0	
24	38	38	60	48	65	0	60	178	200	
28	46	39	62	49	33	0	110	65	279	
0	0	77	92	16	18	145	28	275	60	
111	0	42	32	19	4	75	98	36	294	
42	18	4	46	44	23	150	0	88	296	
58	23	24	82	6	42	52	46	80	298	
22	46	38	56	18	12	172	54	0	293	
0	130	14	23	10	0	240	60	55	179	

18	56	72	30	32	52	66	60	60	326	
112	38	12	0	126	48	88	263	60	25	
20	112	56	84	50	48	0	85	14	303	
76	104	32	56	64	32	34	60	16	298	
74	159	38	41	12	0	158	92	0	198	
108	34	16	46	18	8	128	100	20	294	
34	44	60	38	64	16	136	82	0	298	
62	56	2	40	50	50	43	88	68	313	
106	40	0	0	2	20	27	295	108	174	
56	28	68	32	64	0	70	62	66	326	
44	100	56	90	56	48	0	32	48	298	
0	10	102	78	80	8	22	32	144	296	
99	0	0	70	56	60	72	78	38	299	
50	62	52	32	48	56	110	56	19	287	
44	66	56	60	54	48	0	102	40	302	
22	0	6	60	66	50	114	170	0	284	
62	88	72	132	20	0	0	36	98	264	
8	36	100	26	52	40	106	96	308	0	
32	60	42	48	32	36	148	0	86	288	
38	16	48	2	80	10	66	182	66	264	
40	40	92	9	56	0	260	213	62	0	
44	104	24	64	54	64	0	60	60	298	 ***
2	52	14	78	46	90	58	84	32	316	
52	122	24	76	64	40	0	77	14	303	
18	68	24	54	84	70	36	2	90	326	
16	68	2	28	40	36	0	144	108	330	
30	80	8	70	42	26	40	108	66	302	
48	72	68	134	0	40	40	34	14	322	
2	48	18	84	64	6	118	88	46	298	
88	74	58	20	46	116	50	66	254	0	

38	48	18	30	20	54	34	98	48	314	
8	56	6	60	20	60	42	62	64	324	
50	10	76	0	0	2	74	66	136	288	
10	44	24	0	2	101	283	60	178	0	
0	64	32	94	34	134	252	58	0	34	
74	100	12	0	20	4	0	162	24	306	
82	36	62	122	6	138	0	0	136	120	
58	114	46	36	0	12	16	88	18	314	 ***
4	80	70	54	48	38	48	32	18	310	
44	76	20	30	22	64	0	60	100	286	
0	0	72	88	60	12	22	50	82	316	
4	48	48	36	32	6	134	94	0	300	
4	54	50	66	0	0	12	176	50	290	
64	42	48	26	34	14	100	0	80	294	
16	10	50	44	64	34	64	36	60	324	
64	0	60	16	36	72	80	68	306	0	
46	40	0	64	34	110	0	20	100	288	
52	67	10	0	66	48	90	18	38	313	
48	72	22	32	22	64	0	60	96	286	
43	82	84	114	0	43	204	50	82	0	
42	44	6	20	52	34	82	54	42	326	
48	36	168	38	70	0	62	0	230	50	
2	38	56	48	34	74	44	54	58	294	
46	0	90	54	60	82	28	12	32	298	
48	0	12	48	48	80	0	134	326	6	
44	78	30	60	18	64	0	60	56	292	
32	18	0	2	194	50	10	0	248	148	

159	122	4	0	0	80	44	0	46	198	
64	40	10	24	56	12	48	10	92	297	
132	2	12	76	32	34	76	0	26	263	
60	104	54	46	36	14	2	36	62	239	
16	14	59	14	120	22	0	158	0	250	
60	62	44	0	44	124	0	4	102	213	
0	42	64	128	4	62	0	44	221	88	
44	24	34	96	42	40	84	36	2	251	
107	58	94	22	72	14	22	0	26	238	
46	8	26	16	0	112	40	124	16	265	
64	125	48	68	0	20	188	80	0	60	
0	16	22	68	66	76	16	229	4	156	
12	0	12	26	0	44	54	148	116	241	
8	6	16	26	42	60	80	12	134	269	
4	16	40	36	44	54	150	12	44	253	
82	24	12	52	0	74	14	70	88	237	
12	20	36	102	18	58	44	128	0	235	
0	46	84	58	24	54	92	0	46	249	
64	102	34	42	16	44	14	40	54	243	
58	98	42	38	0	12	82	36	46	241	 ***
44	118	32	22	16	44	56	46	0	275	
32	100	54	0	6	106	0	46	60	249	

0	0	50	16	0	48	40	8	154	257	
64	18	14	32	0	14	0	162	13	256	
48	20	6	0	72	93	250	4	0	80	
68	12	0	20	0	76	10	0	201	186	
60	18	3	0	40	36	112	20	52	232	
66	34	32	40	0	12	96	36	42	215	
58	42	32	22	2	28	94	38	42	215	
58	34	14	118	0	10	77	36	42	184	
58	34	15	38	0	10	237	38	74	69	
28	36	52	66	36	0	0	110	2	243	
8	32	52	8	16	14	36	18	185	204	
66	34	32	38	0	14	90	36	42	221	
0	64	48	56	60	0	89	0	43	213	
79	36	14	38	0	10	83	36	42	235	
58	34	34	46	0	10	88	46	42	215	
60	34	16	38	0	12	82	52	42	237	
58	34	34	38	0	14	91	46	43	215	 ***

77	32	35	20	0	11	198	46	50	94	
76	16	8	0	11	4	157	56	20	215	
21	8	34	0	8	14	132	46	65	235	
70	27	9	6	34	16	0	90	74	237	
54	33	12	4	21	24	42	46	211	116	
26	10	8	44	8	13	155	8	56	235	
16	0	0	161	0	12	13	16	194	151	
58	12	80	42	20	50	56	0	36	209	
18	35	20	0	0	27	54	140	51	218	
32	47	8	0	34	16	275	18	0	133	
0	13	13	56	31	0	106	62	46	236	
0	0	16	73	24	0	257	7	4	182	
10	82	24	0	32	0	77	84	30	224	
0	6	108	33	0	8	32	102	42	232	
54	34	33	6	1	21	82	46	42	244	 ***
4	96	61	4	9	48	36	0	88	217	
65	37	29	16	0	10	42	46	213	105	
56	35	29	38	0	20	72	50	67	196	
102	44	21	20	2	2	8	16	109	239	
8	48	130	20	0	0	34	107	42	174	
9	16	13	50	0	36	165	35	24	215	
18	9	16	40	57	0	230	0	44	149	
10	8	21	25	45	4	23	96	120	211	
4	20	35	15	40	24	16	0	203	206	
24	9	19	14	40	16	0	177	21	243	
40	22	10	38	14	60	23	16	106	234	
13	136	29	107	24	97	128	0	0	29	
60	34	40	34	0	16	89	50	27	213	
54	32	73	62	64	0	32	14	4	228	

62	10	67	22	46	92	9	161	4	226	
54	36	21	18	24	51	128	58	40	269	 ***
29	49	90	48	61	39	249	82	52	0	
42	82	17	44	20	16	270	87	16	105	
0	45	104	40	50	9	193	0	250	8	
66	66	21	53	0	18	65	46	209	155	
48	62	73	21	86	74	26	0	91	218	
43	50	21	136	0	20	78	47	178	126	
114	53	49	0	18	74	204	46	0	141	
43	38	18	0	46	72	40	144	271	27	
10	47	36	48	25	20	64	68	134	247	
58	61	140	115	44	36	36	20	189	0	
58	32	53	21	0	24	58	152	66	235	
30	1	16	46	96	73	0	50	153	234	
44	34	13	10	5	58	248	0	95	192	
48	68	15	16	23	36	27	171	58	237	
139	100	72	7	53	0	186	0	124	18	
92	68	0	41	20	26	68	127	9	248	
58	32	25	36	17	9	240	111	64	107	
44	80	92	2	73	42	57	77	0	232	
54	32	38	12	0	8	136	100	255	64	
94	70	17	22	0	56	32	210	23	175	
54	39	21	66	0	37	233	46	99	104	
36	44	49	72	59	38	7	127	0	267	

9	32	35	88	54	48	45	66	0	224	
20	10	9	80	0	61	25	114	74	208	
80	0	0	3	22	15	140	33	91	217	
45	61	77	18	19	36	0	67	56	222	
19	18	27	36	50	25	7	36	138	245	
15	21	24	46	25	40	13	38	151	228	
25	43	24	4	16	68	58	76	63	224	
0	29	12	60	21	2	28	159	35	255	
27	48	14	21	10	0	236	88	0	157	
38	6	14	21	68	23	52	0	194	185	
32	10	4	41	8	35	56	24	205	186	
0	0	37	34	33	40	56	135	226	40	
68	5	45	114	33	18	0	60	56	202	
17	72	28	59	51	0	190	120	64	0	
12	17	93	27	74	40	91	42	0	205	
22	0	21	52	29	61	108	209	74	25	
58	2	38	20	14	7	124	60	37	241	
100	8	88	0	82	15	24	26	38	220	
57	45	0	0	53	52	36	51	199	108	
60	64	58	28	4	34	126	31	196	0	
0	54	43	20	84	23	39	120	0	218	
6	0	32	48	109	6	0	131	226	43	
7	17	16	34	8	30	93	244	68	84	
30	9	0	62	0	5	68	217	137	73	
52	60	12	8	51	14	110	31	32	231	
58	0	12	40	13	52	50	45	90	241	
0	14	74	14	37	9	53	64	102	234	
60	35	29	24	0	48	32	196	96	81	
6	69	34	18	12	37	118	57	232	18	
22	68	28	16	0	13	237	149	68	0	
23	60	12	0	17	21	42	15	171	240	
50	35	21	16	17	44	106	26	40	246	 ***
59	86	56	34	65	24	54	0	8	215	
0	58	32	76	29	130	177	16	3	80	
122	17	72	24	8	64	24	43	195	32	
50	0	25	148	100	14	0	100	151	13	

34	0	43	36	60	21	42	34	92	218	
4	4	20	18	47	12	25	32	166	252	
41	32	22	16	19	32	38	44	222	114	
36	22	72	17	2	34	29	95	48	225	
20	17	46	42	68	4	10	18	109	246	
16	32	4	8	84	39	56	65	39	237	
35	35	5	70	20	23	44	0	69	279	
32	31	69	28	42	4	41	28	115	190	
42	40	15	43	23	15	77	64	24	237	
62	34	21	16	35	12	79	12	77	232	
10	24	25	1	14	16	108	14	127	241	
85	51	36	80	13	16	47	0	216	36	
8	13	18	0	76	7	29	36	163	230	
42	14	37	8	18	8	154	37	37	225	
13	4	5	0	93	8	38	90	61	268	
88	24	23	39	16	41	79	21	0	249	
38	45	20	42	25	88	49	0	58	215	
2	84	145	48	8	69	179	20	0	25	
11	10	29	32	64	0	26	202	26	180	
23	21	0	94	118	74	40	131	0	79	
70	36	24	16	3	32	216	46	24	113	
40	56	114	111	14	22	46	0	144	33	
8	80	50	36	18	32	218	53	85	0	
60	32	22	32	19	12	75	14	71	243	
16	31	8	64	0	0	161	28	210	62	
34	34	47	30	19	12	39	43	223	99	
20	15	13	2	17	38	145	56	45	229	
22	34	29	24	36	6	173	223	32	1	
28	24	18	53	4	48	31	138	236	0	
60	32	21	32	16	16	70	10	84	239	
29	44	8	19	20	61	23	0	149	227	
41	11	77	48	34	38	109	17	0	205	
67	0	46	4	6	41	120	31	30	235	
56	44	0	6	14	30	34	45	125	226	
6	6	26	66	44	37	52	113	0	230	
60	12	20	10	8	13	86	69	68	234	
50	42	74	21	43	4	0	72	56	218	
40	49	33	32	34	10	48	218	116	0	
0	14	32	0	44	0	57	25	235	173	
82	82	95	11	18	38	0	20	19	215	
26	20	14	12	19	42	48	41	118	240	
69	17	0	111	64	51	125	26	0	117	
65	16	8	36	38	10	0	116	64	227	
20	36	33	72	44	4	30	54	48	239	 ***

8	24	94	40	26	35	20	226	72	22	
18	0	32	24	140	0	22	178	141	12	
18	42	24	72	44	8	64	20	16	259	
57	6	63	0	12	118	27	66	0	218	
16	9	10	84	49	46	26	69	44	214	
12	36	28	80	46	4	28	4	70	259	
33	0	6	30	17	30	18	54	133	246	
20	32	27	95	130	53	66	0	16	128	
12	32	24	64	44	16	28	60	24	263	 ***
5	5	25	23	78	27	42	22	124	216	
114	108	29	0	37	21	24	58	0	176	
20	44	24	72	44	4	24	20	60	255	
24	25	34	30	10	14	161	0	8	261	
26	8	31	5	28	14	48	20	125	262	
0	34	26	129	44	16	33	0	84	201	
14	32	32	72	44	12	70	20	16	255	
14	42	26	55	51	72	0	27	44	236	

18	8	27	17	48	30	46	84	57	233	
15	10	37	38	31	18	20	137	10	252	
18	0	26	48	44	57	58	54	34	229	
40	0	24	31	11	64	130	222	46	0	
33	29	0	20	30	30	31	29	150	216	
11	38	22	37	24	22	0	82	104	228	
49	158	32	0	40	59	111	63	44	12	
96	0	0	9	14	86	84	37	47	195	
13	80	2	134	19	13	0	190	78	39	
17	32	43	10	48	58	197	83	80	0	
36	32	24	32	17	16	24	141	0	246	
16	6	15	44	24	78	58	34	36	257	
46	36	11	21	8	10	262	126	17	31	
16	39	10	6	0	33	10	160	47	247	
16	32	24	56	44	32	62	20	24	258	 ***
0	0	36	58	8	48	119	41	218	40	
19	81	105	12	14	48	50	219	20	0	
25	8	17	50	37	0	12	220	185	14	
40	10	34	15	0	41	37	103	57	231	

31	16	44	16	40	56	29	36	127	259	
27	6	25	119	115	65	0	0	257	40	
6	18	28	69	68	33	112	201	0	119	
42	0	56	17	126	22	258	8	108	17	
5	6	10	107	56	89	26	16	53	286	
17	2	6	16	48	133	0	267	57	108	
38	2	1	25	19	207	53	82	29	198	
6	16	16	58	48	24	46	36	213	191	
39	14	20	111	0	9	173	17	253	18	
137	114	26	36	122	32	20	147	20	0	
96	14	68	18	8	36	16	272	0	126	
0	28	50	36	139	16	131	250	0	4	
32	3	4	20	138	126	8	24	48	251	
6	16	30	144	74	24	190	46	0	124	 ***
13	12	13	26	41	38	125	47	51	288	
6	16	12	70	40	77	42	15	228	148	
16	62	5	10	34	44	0	56	144	283	
38	26	25	7	7	52	152	4	44	299	
7	16	77	139	63	24	48	125	22	133	
0	25	54	58	16	45	30	46	122	258	
42	34	28	2	25	8	297	54	10	154	
27	16	15	78	4	30	26	46	139	273	

34	40	108	42	27	50	16	263	0	137	
6	16	25	126	40	29	228	128	0	119	
3	21	78	108	8	24	196	202	0	77	
6	24	38	138	86	28	56	210	0	131	 ***
57	4	102	140	124	38	0	34	11	207	
6	16	30	150	107	56	165	87	0	100	
22	32	81	111	104	25	42	118	0	182	
16	4	1	66	22	12	99	234	4	259	
16	24	8	88	75	0	218	30	40	218	
10	17	74	128	100	24	191	62	0	111	
37	18	44	14	82	16	27	189	58	232	
43	59	40	59	62	0	204	228	0	22	
20	65	56	0	27	84	24	12	133	296	
21	64	66	16	66	15	178	45	10	236	
2	44	30	124	64	25	24	24	203	177	
41	0	36	102	145	110	9	40	0	234	
13	50	30	150	68	24	165	148	0	69	
6	52	30	86	74	80	192	85	0	112	
6	20	43	110	42	56	191	15	178	56	
109	20	70	112	84	24	44	25	158	71	
148	0	18	7	90	67	93	28	0	266	
6	74	36	140	68	24	52	185	0	132	

35	25	0	72	17	74	62	241	90	106	
6	24	58	82	86	99	166	107	0	94	
16	28	68	110	90	24	52	214	0	120	
62	8	0	22	44	0	319	76	47	144	
24	34	99	12	0	48	281	16	48	160	
50	79	62	28	34	49	92	246	0	82	
37	36	91	68	56	10	127	236	0	61	
9	42	39	8	42	32	48	210	60	232	
6	62	56	1	0	18	223	263	54	39	
6	24	46	192	90	24	44	98	0	198	
10	65	10	30	39	38	80	210	31	209	
6	85	42	30	66	56	21	251	33	132	
10	56	58	85	151	20	120	96	36	90	
0	72	0	68	16	2	301	234	23	6	
99	0	40	16	20	66	284	146	16	35	
26	132	2	40	71	48	40	306	32	25	
41	2	32	26	42	48	68	112	53	298	
30	46	111	15	40	141	37	213	89	0	
0	80	0	2	0	68	56	247	46	223	
133	57	27	4	20	25	48	204	204	0	
6	28	68	193	86	24	52	143	0	122	
0	53	42	52	75	23	40	294	20	123	
18	18	67	140	0	57	56	286	43	37	
6	62	38	106	3	13	56	0	168	270	
0	0	51	141	44	17	140	179	58	92	
63	101	66	132	15	3	47	226	0	69	
6	24	44	138	94	30	44	214	0	128	 ***
32	91	11	10	72	0	17	0	156	333	
2	24	28	78	92	27	219	96	80	76	
24	21	56	34	2	69	34	233	61	188	

0	16	58	113	30	108	58	144	0	161	
4	8	65	106	28	107	26	96	236	12	
0	24	33	108	34	61	22	99	221	86	
10	8	22	38	49	21	57	230	40	213	
28	4	48	0	48	6	164	287	85	18	
13	24	27	34	88	88	0	286	44	84	
40	46	20	204	0	0	46	243	89	0	
1	12	32	110	26	29	90	115	233	40	
4	24	81	136	64	30	80	209	0	60	
33	16	34	116	24	31	25	130	221	58	
24	62	36	0	0	0	52	62	136	316	
36	24	64	106	70	39	46	97	0	206	
6	26	71	176	46	45	32	152	0	134	
6	26	66	118	38	29	210	137	0	58	
8	24	5	34	22	0	65	342	188	0	
64	2	36	92	34	22	24	293	15	106	
4	26	67	96	64	84	191	106	0	50	
32	26	48	117	26	29	20	200	140	50	
0	105	74	106	34	40	20	137	130	42	
24	56	4	102	18	56	56	296	26	50	
27	0	74	42	36	38	162	246	0	63	
16	68	120	90	12	19	82	24	0	257	
56	6	26	78	1	97	46	203	30	145	
1	10	32	138	26	42	20	220	150	49	
32	12	67	107	84	30	20	198	46	92	
2	0	16	6	34	6	89	293	63	179	
7	57	40	142	30	55	34	105	0	218	
24	34	16	55	42	0	106	287	26	98	
0	22	64	171	59	0	36	250	38	48	
0	40	25	112	26	69	22	133	221	40	
4	24	115	142	75	27	136	111	0	54	
14	18	0	36	12	107	28	300	53	120	
42	32	33	142	30	30	34	202	0	143	 ***
12	24	66	106	131	36	34	167	0	112	
12	38	29	4	0	8	82	142	38	335	
32	38	70	16	26	0	12	285	46	163	
15	32	33	104	73	70	28	115	0	218	
0	8	34	124	32	22	28	148	75	217	
28	102	91	41	8	68	75	206	0	69	
0	24	34	126	26	50	20	99	93	216	
18	66	44	0	67	31	36	277	0	149	
2	8	25	122	26	47	136	218	64	40	
46	56	10	4	68	147	0	52	32	273	

36	16	91	131	10	29	28	202	94	42	
36	24	34	138	10	34	28	189	144	42	
35	8	32	44	54	8	90	211	42	155	
36	6	50	8	88	16	68	279	30	98	
36	16	83	130	10	25	28	129	180	42	
118	10	36	32	26	72	84	301	0	0	
36	16	40	138	10	28	176	115	70	50	
40	0	56	119	34	21	14	76	26	293	
40	41	34	180	17	29	34	121	0	183	
40	18	7	44	12	0	42	293	66	157	
0	76	76	0	96	22	0	275	10	124	
126	0	0	2	140	26	34	249	36	66	
40	32	34	138	20	29	49	199	0	138	 ***
48	32	37	107	10	29	102	189	75	50	
48	62	2	58	0	0	51	309	48	101	
1	48	6	6	32	48	206	288	44	0	
44	16	51	130	12	29	28	115	212	42	
36	18	62	32	74	52	285	0	15	105	
8	2	52	0	118	52	0	177	270	0	
45	32	33	136	27	29	32	206	0	139	
45	32	33	142	16	29	64	121	0	197	
0	58	10	119	62	80	30	175	19	126	
64	32	37	138	17	29	32	121	0	209	
36	16	37	130	10	25	36	133	212	44	
48	50	32	2	21	76	60	301	10	79	
36	16	57	130	10	29	28	196	135	42	
40	48	34	136	17	41	34	124	0	205	
2	80	76	16	5	60	32	284	58	66	
52	16	34	130	10	29	106	189	71	42	
32	111	38	84	22	59	44	202	41	46	
58	6	2	46	0	22	57	132	71	285	
54	32	2	4	22	94	0	271	84	116	
36	32	38	138	10	32	28	114	49	202	
16	68	10	54	14	44	44	94	38	297	
34	8	48	52	4	28	53	204	65	183	
36	16	41	130	10	35	28	113	212	58	

40	12	27	90	7	114	184	124	0	56	
76	10	115	36	22	4	104	255	32	0	
40	24	42	88	8	23	150	116	0	163	 ***
46	2	29	86	6	55	48	78	123	181	
44	8	33	86	81	55	51	112	0	184	
16	42	8	66	0	41	88	188	24	181	
36	0	39	4	38	32	48	148	24	285	
11	4	105	8	72	32	0	292	92	38	
99	14	16	0	48	0	62	92	38	285	
36	78	81	136	6	87	80	88	0	62	
127	0	18	83	95	4	16	108	0	203	
28	2	16	26	123	4	0	227	32	196	
36	49	39	86	6	55	106	183	0	94	
8	2	0	0	143	40	53	174	234	0	
40	8	30	92	44	23	111	86	164	56	
149	36	16	20	66	0	267	18	0	82	
36	14	89	86	72	35	54	157	0	111	
24	112	2	4	20	8	178	251	0	55	
70	24	50	0	32	70	36	288	14	70	
64	32	6	84	70	0	42	25	39	292	
72	87	70	90	8	48	0	273	6	0	
0	78	64	0	104	72	260	8	68	0	
12	44	72	48	4	0	139	48	12	275	
36	105	25	112	6	18	20	85	195	52	
36	10	65	78	10	23	80	183	18	151	
6	36	0	43	0	52	40	17	174	286	
45	0	105	96	50	2	51	273	32	0	
36	24	77	86	81	25	56	83	0	186	

40	6	12	2	0	22	155	30	0	293	
0	0	0	38	36	78	82	0	2	324	
12	0	2	0	64	18	38	95	36	295	
0	0	16	20	4	32	148	32	12	296	
0	60	0	8	10	168	246	68	0	0	
56	4	8	10	6	6	50	107	48	265	
42	0	8	10	14	10	66	107	271	32	
40	0	9	46	18	7	50	123	0	267	
44	56	0	16	12	4	8	48	80	292	
68	44	16	0	68	3	62	0	8	291	
40	18	8	10	6	6	58	111	271	32	
0	0	20	8	82	0	40	0	86	324	
58	12	0	0	12	66	102	0	310	0	
42	2	0	32	0	8	146	8	4	318	 ***
48	36	40	34	0	149	253	0	0	0	
40	0	9	42	16	7	185	107	0	154	
0	4	0	0	0	8	160	68	0	320	
52	4	16	72	167	0	0	0	8	241	
0	4	16	0	36	40	134	0	12	318	
40	0	16	10	6	28	50	107	271	32	
0	36	0	97	0	12	100	0	315	0	
40	0	8	22	6	6	226	123	97	32	
40	0	12	14	6	6	56	107	271	48	
12	32	0	36	102	0	296	0	0	82	
0	0	34	127	4	0	8	116	0	271	
40	103	29	42	6	7	50	107	0	176	
179	4	36	0	28	8	209	96	0	0	
52	0	27	46	8	7	46	107	0	267	
0	8	0	62	4	0	0	0	172	314	
0	0	0	32	44	84	0	75	325	0	
16	32	12	85	0	0	323	40	52	0	
50	0	8	10	10	6	50	123	271	32	
8	0	34	4	8	0	0	0	208	298	
32	40	8	30	20	20	225	36	22	127	

73	0	52	52	0	68	0	307	0	116	
40	76	12	8	68	0	0	65	98	301	
42	44	0	64	9	40	76	72	24	297	
32	0	24	0	0	155	108	78	32	239	
41	72	17	0	58	32	0	0	330	118	
36	20	16	64	0	32	32	236	164	68	
42	0	4	32	36	56	70	0	177	251	
14	108	4	40	64	36	106	0	0	296	
0	0	0	44	54	36	98	77	42	317	
40	6	8	68	72	8	143	8	21	294	
4	32	14	0	68	6	0	175	96	273	
0	44	80	0	32	48	117	0	87	260	
32	0	12	64	32	43	241	190	0	54	
60	42	0	32	8	46	104	40	44	292	
68	33	159	44	64	78	0	0	0	222	
12	72	40	22	0	44	169	0	309	0	
145	40	0	16	0	8	175	0	64	220	
84	0	48	40	16	40	63	0	42	335	 ***
44	0	63	8	48	48	78	76	0	303	
10	107	40	64	56	40	48	0	0	303	
65	44	16	68	36	4	195	0	0	240	
84	34	4	32	0	42	116	45	14	297	
68	0	40	26	40	56	0	121	0	317	
8	0	49	4	8	0	189	84	12	314	
28	50	42	40	32	40	108	8	4	316	
50	0	48	24	4	32	0	181	0	329	

4	8	4	32	46	66	98	32	210	213	
96	64	0	0	0	0	32	246	40	235	
108	40	32	40	16	52	38	4	90	293	
76	38	32	76	16	48	40	0	85	302	
4	72	72	44	8	64	144	0	34	271	
76	0	32	147	24	42	0	169	120	103	
76	0	34	138	48	44	81	0	52	240	
98	6	34	0	40	46	0	162	41	286	
68	32	8	0	116	36	0	152	36	265	
76	32	74	40	16	72	38	4	68	293	
68	2	36	96	0	50	123	76	0	262	
9	48	32	71	48	48	153	0	36	268	
34	60	32	66	72	43	66	40	0	300	
0	0	96	40	118	100	0	82	0	277	
118	128	64	32	16	43	70	0	48	194	
40	0	38	64	0	2	0	193	80	296	
83	113	71	32	16	72	0	40	58	228	
76	16	71	81	72	0	23	0	96	278	
0	44	0	76	35	70	46	42	136	264	
144	0	32	44	18	52	198	0	48	177	
82	5	68	74	16	80	56	0	40	292	
66	18	0	48	0	42	48	209	8	274	
110	4	71	32	16	72	44	8	72	284	 ***
110	36	32	44	48	48	40	0	59	296	
48	4	40	76	38	70	64	0	140	233	
20	7	50	0	66	0	184	0	152	234	
0	104	17	9	36	69	78	136	0	264	
108	2	44	40	24	40	86	32	44	293	
80	32	74	32	16	40	36	40	60	303	

0	72	0	82	0	0	14	0	338	176	
79	2	68	48	0	64	42	20	68	291	 ***
4	32	45	139	2	48	16	32	112	252	
12	0	102	0	0	71	49	51	156	241	
4	40	101	0	15	16	106	26	68	306	
69	4	115	64	0	34	0	0	155	241	
4	2	54	0	88	96	100	12	34	292	
4	0	86	32	0	136	147	8	0	269	
147	4	24	32	2	40	112	0	39	282	
147	0	16	0	0	32	46	132	32	277	
14	72	67	0	48	34	109	0	44	294	
0	4	106	80	84	122	0	0	41	245	
32	35	40	0	0	141	48	236	112	38	
60	80	0	37	0	28	0	32	156	289	
0	48	68	12	0	44	0	35	256	219	
132	112	0	35	4	12	8	48	64	267	
0	34	101	32	48	32	52	44	49	290	
118	4	32	35	32	74	26	80	0	281	
52	2	32	35	0	33	32	0	234	262	
19	114	42	8	80	0	32	85	0	302	
64	104	8	4	120	40	34	0	36	272	
66	0	40	32	1	96	8	42	102	295	
72	123	32	40	40	0	0	78	32	265	
4	0	48	41	8	0	136	235	0	210	
8	114	0	8	0	64	127	6	53	302	
0	32	8	0	0	72	59	267	244	0	
65	20	0	41	8	104	0	44	98	302	
64	42	34	64	159	16	0	23	0	280	
42	66	83	0	8	0	12	114	52	305	
110	0	107	113	58	41	32	0	0	221	
0	1	68	64	0	26	112	188	0	223	
17	112	106	0	4	34	0	48	79	282	
51	146	40	40	2	32	20	64	37	250	
0	58	0	40	0	0	0	236	96	252	
106	112	68	0	154	0	8	0	0	234	
54	2	0	18	32	0	151	96	55	274	
44	0	45	32	16	148	24	116	0	257	
68	2	49	0	122	32	32	8	104	265	

8	12	68	16	2	32	20	131	64	290	
0	40	64	136	8	16	48	0	60	271	
0	2	32	0	49	22	44	72	126	296	
80	8	0	108	26	4	68	55	0	294	
26	100	36	8	0	0	32	133	10	298	
120	0	138	12	0	120	32	221	0	0	
60	34	65	84	48	42	45	0	0	265	
67	0	74	12	82	0	38	62	36	272	
22	40	20	0	97	136	0	0	59	269	
0	8	0	34	8	161	142	0	0	290	
32	2	70	33	0	32	64	20	120	270	
40	118	0	20	64	38	0	0	79	284	
106	10	0	32	0	0	0	154	341	0	
8	0	104	0	145	68	0	277	41	0	
6	0	143	2	48	64	32	16	0	332	
0	12	179	0	0	0	101	0	223	128	
39	10	32	64	18	48	106	8	4	314	
100	0	64	0	12	116	44	0	40	267	
8	0	118	80	26	151	8	0	0	252	 ***
28	4	52	0	50	0	205	0	43	261	
32	0	4	8	0	21	32	95	168	283	
24	3	58	26	33	78	50	108	0	263	
46	0	13	34	42	96	0	163	0	249	
10	173	80	0	0	40	0	240	0	100	
0	26	0	64	24	34	10	172	0	313	
96	0	102	16	2	42	23	0	72	290	
64	37	0	92	34	0	0	38	100	278	
32	110	72	4	66	8	8	29	17	297	
20	0	78	0	44	81	33	0	132	255	
0	4	0	8	65	8	172	45	60	281	

160	55	4	34	121	68	32	8	0	232	
32	0	112	80	16	133	12	61	0	268	 ***
16	0	70	82	34	113	32	0	108	259	
140	138	88	0	53	0	8	0	259	28	
92	80	57	0	28	113	0	59	285	0	
38	32	64	96	0	41	58	117	0	268	
0	28	121	44	132	0	50	302	37	0	
32	32	32	38	0	4	228	77	10	261	
32	38	117	0	0	22	282	185	0	38	
17	49	0	69	48	0	60	0	222	249	
33	0	104	114	18	118	82	0	0	245	
16	22	76	76	40	34	128	2	42	278	
0	32	6	63	40	4	210	10	96	253	
10	4	86	106	17	114	117	0	0	260	
12	0	30	91	18	112	56	131	0	264	
53	2	42	64	10	42	0	230	0	271	
8	68	65	104	52	2	10	18	98	289	
36	30	8	16	10	122	50	104	41	297	
12	0	73	80	24	118	92	23	0	292	
28	36	40	0	70	40	296	114	0	90	
8	73	2	0	40	0	8	14	309	260	
10	4	0	62	0	54	168	34	112	270	
119	142	0	41	6	0	0	37	239	130	
44	32	0	40	32	18	294	56	198	0	
0	26	112	128	56	107	0	7	2	276	
40	35	4	44	145	0	70	0	90	286	
58	0	25	0	16	76	36	170	38	295	
44	0	0	114	12	92	106	0	68	278	

55	48	80	162	76	48	0	40	0	259	
56	32	114	40	16	116	70	35	23	266	
0	96	4	56	0	93	78	38	129	274	
64	32	134	48	16	93	248	53	0	80	
48	16	60	119	100	0	296	100	16	13	
10	0	0	105	26	40	43	205	59	280	
32	0	105	48	48	87	16	66	90	276	
2	0	84	97	0	0	106	81	144	254	
155	16	64	43	48	32	133	32	0	245	
0	116	0	0	134	43	92	128	27	228	
20	49	5	40	126	90	108	42	0	288	
56	5	32	59	0	40	85	40	201	250	
40	74	50	40	50	74	0	4	220	216	
96	0	104	116	16	117	44	59	0	216	 ***
64	80	86	48	24	119	40	50	0	257	
52	76	112	126	46	0	0	49	34	273	
16	52	38	32	83	118	40	80	24	285	
77	0	40	46	42	0	196	4	110	253	
32	32	104	48	67	148	8	56	16	257	
0	64	86	151	0	8	88	32	84	255	
56	99	32	46	20	68	34	54	80	279	
97	73	46	6	0	80	0	0	204	262	
32	0	16	50	37	66	225	52	8	282	
32	44	36	14	8	83	223	84	244	0	
64	92	6	111	56	100	82	257	0	0	

