#9021.53	25572	29325	0	0	 76 
#9643.21	23438	29325	0	0	 73 
#9395.02	25381	29325	0	0	 72 
#9616.16	25015	29325	0	0	 38 
#10207.4	22486	29325	0	0	 25 
#10215.6	21312	29325	0	0	 9 

10100.7	18945	25246	59	2237	 99 
8403.86	21165	25246	79	2635	 97 
10098.9	16783	25246	62	2578	 95 
8419.93	21693	25246	76	2742	 93 
9027.63	19053	25246	45	1154	 89 
9016.43	20018	25246	46	991	 86 ***
9040.18	26211	25246	25	726	 84 
9030.82	22874	25246	36	818	 81 
9021.47	24361	25246	30	869	 78 
8689.07	20947	25246	79	2785	 77 
8682.28	20856	25246	83	3002	 76 
8915.75	20516	25246	61	2706	 76 
9040.76	24083	25246	21	595	 74 
10104	17536	25246	59	2133	 62 
10118	19017	25246	54	2249	 60 
8467.07	21265	25246	66	2702	 60 
9018.93	18122	25246	81	3103	 58 
8697.08	19302	25246	72	2789	 58 
9285.23	18494	25246	72	2512	 52 
10096.8	17831	25246	62	2068	 52 
9024.83	19049	25246	79	3106	 51 
10089.6	18358	25246	74	2469	 37 
10108.5	23794	25246	32	875	 37 
8904.74	19255	25246	81	2983	 36 
10089.3	18393	25246	77	2554	 36 
8688.48	20244	25246	82	3118	 35 
9025.87	20342	25246	41	1181	 35 
10096.6	17033	25246	68	2513	 34 
10091.7	18450	25246	62	2664	 31 
9022.53	21046	25246	41	945	 29 
9485.53	14442	25246	78	2827	 28 
10108.7	22763	25246	32	888	 28 
9024.39	19506	25246	43	1189	 26 
8918.92	20304	25246	54	2261	 21 
9024.42	20014	25246	42	1186	 16 
8230.7	24643	25246	78	2957	 14 
10101.6	18667	25246	59	2405	 12 
10095.5	18523	25246	61	2549	 12 
8903.43	17060	25246	82	3144	 2 

10136.4	15824	26494	80	2546	 100 
8732.06	19550	26494	79	2580	 99 
10138.1	19188	26494	6	296	 74 
9061.22	18376	26494	20	373	 73 
8481	21829	26494	75	2720	 72 
9070.08	18316	26494	10	285	 65 ***
9066.28	19389	26494	6	295	 62 
10140.4	16482	26494	48	2112	 52 
9547.66	16042	26494	82	2863	 46 
8949.19	19303	26494	77	2653	 45 
9061.13	16562	26494	25	770	 43 
9058.19	19457	26494	6	296	 41 
8944.4	17845	26494	80	2914	 39 
9542.17	16346	26494	54	2161	 39 
9048.51	18025	26494	50	2276	 37 
10135.5	16112	26494	49	2249	 11 
9055.08	18962	26494	49	2096	 6 
8736.82	21610	26494	77	2641	 2 

10265.8	15521	29672	37	1935	 99 
9476.87	13705	29672	75	2717	 98 
9195.43	16279	29672	7	302	 97 
10279.1	15723	29672	8	335	 92 
8402.58	18116	29672	62	2419	 89 
10268.8	14360	29672	40	2141	 83 
9186.2	14102	29672	42	2353	 70 
10262.8	15114	29672	38	1655	 68 
8862.71	16013	29672	75	2796	 66 
9456.48	15148	29672	40	1957	 65 
9197.94	15559	29672	9	343	 63 
9662.97	15346	29672	38	2103	 58 
9061.05	15447	29672	48	2143	 58 
10271.5	15022	29672	37	1731	 54 
9191.46	15707	29672	14	552	 53 
8569.99	16551	29672	44	2193	 38 
8392.68	18147	29672	47	2071	 27 
9084.22	14939	29672	76	2658	 26 
9186.07	16345	29672	42	2003	 25 
10261.7	13545	29672	44	1883	 25 
8277.79	18183	29672	71	2383	 21 
9193.08	15573	29672	9	228	 18 ***
10255.5	15239	29672	38	1934	 16 
9197.05	16269	29672	6	287	 12 
10261.8	15138	29672	39	1629	 10 
9175.51	14630	29672	43	2193	 6 
10263.1	14724	29672	38	1729	 4 
9464.19	14608	29672	40	2124	 3 
10255.4	15289	29672	38	2048	 1 
9098.03	14489	29672	71	2422	 0 

10115.4	11369	29293	29	1377	 97 
10109.9	11430	29293	31	1685	 95 
8500.15	10954	29293	38	1926	 94 
8119.03	12345	29293	70	2424	 91 
8453.2	10231	29293	69	2623	 90 
8237.81	11528	29293	37	1803	 85 
7982.23	16068	29293	67	2682	 84 
9323.11	10817	29293	33	1541	 81 ***
10124.6	11929	29293	27	1332	 79 
9043.18	12058	29293	1	15	 75 
8911.11	11163	29293	32	1822	 72 
9034.94	10018	29293	36	1958	 67 
8496.68	11386	29293	34	1749	 64 
9044.2	12011	29293	30	1738	 61 
10111	11787	29293	30	1555	 60 
8337.04	10848	29293	71	2370	 58 
8435.97	12426	29293	36	1955	 55 
9309.78	11827	29293	31	1431	 53 
9043.55	12200	29293	0	0	 44 
8141.72	15070	29293	69	2424	 38 
10112.8	11451	29293	28	1621	 30 
8264.99	11393	29293	72	2728	 17 
10116.2	11154	29293	30	1677	 14 
9523.41	10913	29293	32	1655	 9 
8447.16	10486	29293	70	2310	 8 
9045.33	11993	29293	5	31	 8 
8438.78	11030	29293	70	2550	 4 

7350.63	13689	27923	53	1956	 81 
10017	11480	27923	34	1654	 80 
8945.2	12868	27923	31	1406	 75 
10037.5	12025	27923	8	484	 67 
7856.81	14379	27923	43	1526	 64 
8141.87	10496	27923	42	1789	 62 
8349.62	10076	27923	63	2234	 58 
10019.3	11338	27923	31	1177	 58 
8964.61	10806	27923	38	1841	 51 
9203.91	12524	27923	29	1352	 48 
8160.75	13651	27923	33	1011	 44 
9414.83	10106	27923	58	1947	 43 
8594.89	11710	27923	32	1306	 34 
10005.4	11577	27923	33	1680	 32 
10011.4	11602	27923	32	1634	 32 
9211.74	11746	27923	31	1432	 28 
8934.63	13190	27923	31	1415	 23 
8343.24	13295	27923	35	1734	 21 
10034.5	12065	27923	6	393	 20 
9223.22	12132	27923	6	439	 15 ***
8951.25	13260	27923	29	1522	 10 
8142.01	13700	27923	36	1725	 9 

7833.58	9857	23299	37	1810	 100 
7960.87	10134	23299	31	1309	 91 
7969.65	8649	23299	62	1837	 90 
7363.22	9621	23299	59	2239	 74 
9040.36	10626	23299	30	1323	 72 
9049.28	11582	23299	3	49	 61 
9859.28	11330	23299	4	79	 60 
9048.26	10384	23299	18	485	 49 
9053.41	9735	23299	30	1089	 37 
7966.02	9357	23299	32	1460	 35 
9853.03	9025	23299	43	1831	 29 
9048.93	11611	23299	3	49	 27 
7367.35	12151	23299	35	1575	 22 
9047.56	10391	23299	7	92	 16 
9048.36	11378	23299	4	75	 10 
9044.35	10719	23299	5	201	 4 
9048.29	12291	23299	3	38	 2 ***

9037.18	12686	22329	28	784	 92 
9022.69	11526	22329	39	1725	 88 
9015.58	11856	22329	34	1307	 88 
8753.23	11544	22329	38	1569	 83 
9838.85	11151	22329	36	1212	 83 
9823.29	11312	22329	34	1402	 80 
7815.61	11284	22329	58	2239	 76 
8763.21	13037	22329	32	1410	 64 
8208.3	13635	22329	41	1889	 63 
7945.92	11235	22329	51	2029	 63 
8410.7	12216	22329	41	1782	 63 
7812.33	11741	22329	53	2165	 60 
8215.15	12811	22329	41	1774	 56 
8424.54	10043	22329	43	1732	 54 
9834.76	11826	22329	11	162	 54 ***
8763.56	12916	22329	30	1462	 53 
9034.31	11819	22329	31	958	 53 
9027.93	14227	22329	14	605	 40 
9842.56	11561	22329	32	1203	 33 
8229.33	12401	22329	44	1676	 28 
9013.86	12824	22329	33	1520	 25 
7938.67	11312	22329	53	2069	 20 
9824.02	10531	22329	42	1720	 14 
8747.7	11874	22329	34	1472	 4 
8744.25	12574	22329	39	1874	 4 
9828.9	11750	22329	33	1421	 3 
7700.41	15722	22329	57	2318	 1 
9029.11	13043	22329	5	162	 1 
9033.88	10915	22329	37	1539	 0 

10121.1	14214	26894	33	1561	 100 
10112.7	14345	26894	3	53	 99 ***
8938.6	14915	26894	63	1931	 90 
10126.8	14095	26894	32	1114	 89 
8454.04	14818	26894	64	2331	 88 
9315.75	14392	26894	26	874	 87 
9049.28	15080	26894	36	1518	 85 
9312.65	15438	26894	34	848	 80 
8247.36	15275	26894	59	1757	 78 
9315.08	13545	26894	67	2143	 75 
10111	13885	26894	35	1479	 72 
8954.56	14373	26894	68	2387	 72 
9309.01	15573	26894	18	599	 72 
9026.58	14953	26894	38	1674	 57 
9033.44	14069	26894	62	1878	 56 
10117.5	13441	26894	34	1460	 48 
8269.44	15137	26894	64	2286	 37 
9521.91	13743	26894	36	1369	 33 
10122	14165	26894	31	729	 32 
9052.66	14481	26894	35	1595	 17 
9315.15	13044	26894	38	1107	 16 
9319.37	14383	26894	33	1130	 11 
9312.86	15568	26894	29	636	 5 
9037.32	14484	26894	38	1478	 4 

8829.85	12306	24404	46	1968	 98 
9093.68	12163	24404	44	1883	 94 
8707.94	12446	24404	46	1840	 92 
8845.31	13045	24404	43	1883	 84 
9905.1	12711	24404	39	1940	 82 
9905.42	12454	24404	37	1792	 68 
9910.47	11759	24404	42	1984	 56 
9300.18	11842	24404	47	2263	 54 
8022.68	12804	24404	63	2434	 54 
8827.56	11676	24404	57	2374	 54 
9904.97	11409	24404	60	2415	 52 
8712.28	11892	24404	67	2544	 48 
8837.54	13253	24404	45	1977	 47 
7917.83	12296	24404	68	2238	 47 
8837.56	12874	24404	44	2115	 46 
9314.82	11453	24404	67	2628	 44 
9909.56	11719	24404	43	2003	 44 
9118.05	12128	24404	43	1721	 42 
8509.09	12984	24404	55	1809	 39 
8737.69	12364	24404	64	2503	 39 
8232.41	13274	24404	45	1693	 38 
8233.38	12119	24404	68	2674	 32 
9909.57	11326	24404	65	2367	 29 
8499.93	12656	24404	62	2232	 27 
9915.06	11526	24404	39	1702	 24 
9306.2	12751	24404	40	1640	 21 
9308.69	12047	24404	41	1762	 19 
9113.61	13408	24404	28	941	 19 
9924.63	11298	24404	66	2362	 13 
7916.4	12212	24404	70	2719	 12 
9099.06	12550	24404	42	1931	 5 
9911.31	11725	24404	8	346	 5 ***
8849.67	12992	24404	40	1725	 2 
9321.28	11649	24404	59	2249	 2 
9941.25	11013	24404	67	2566	 2 
8243.16	12260	24404	67	2614	 1 

9265.71	12668	24831	44	1671	 99 
9854.89	12640	24831	37	1518	 97 
9873.64	13308	24831	30	1110	 89 
9872.79	12678	24831	33	1506	 88 
9865.04	12465	24831	36	1479	 85 
9860.78	12310	24831	44	1700	 83 
8781.82	14296	24831	46	1444	 83 
9875.54	12121	24831	46	1491	 80 
9867.21	14035	24831	17	828	 73 
9870.45	13701	24831	12	807	 72 
9859.72	12719	24831	35	1419	 68 
8811.63	12976	24831	59	1828	 65 
9048.08	12908	24831	35	1490	 64 
9866.31	12960	24831	34	1299	 62 
9043.46	13689	24831	36	1656	 58 
8793.1	13424	24831	38	1677	 55 
8790.93	13527	24831	42	1613	 53 
8822.32	12223	24831	62	1750	 49 
9053.01	12364	24831	49	1903	 49 
8191.55	15378	24831	55	2133	 48 
9879.15	13409	24831	28	989	 47 
8818.83	12899	24831	66	2226	 45 
8687.63	13026	24831	61	1948	 44 
9869.32	14201	24831	14	768	 43 
8249.95	14023	24831	53	1531	 42 
9877.68	13679	24831	29	1143	 42 
9859.11	13185	24831	33	1337	 41 
9878.42	11892	24831	61	1724	 38 
8676.78	13145	24831	60	2078	 32 
9869.41	13917	24831	15	781	 30 
8785.52	13766	24831	46	1748	 26 
8795.1	13336	24831	48	1825	 24 
9269.38	12905	24831	40	1308	 23 
9267.73	14317	24831	33	1121	 17 
8779.18	14607	24831	44	1501	 16 
9865.57	12194	24831	39	1615	 16 
8799.43	13078	24831	44	1668	 14 
8684.79	13127	24831	62	1981	 14 
7641.72	13178	24831	58	2022	 10 
8814.94	13199	24831	37	1383	 10 
9860.78	12374	24831	38	1508	 9 
8195.12	14151	24831	53	1955	 7 
8786.52	14042	24831	40	1734	 7 
9866.55	12318	24831	34	1445	 3 ***

9857.94	12147	23425	66	2016	 98 
8437.21	12971	23425	66	2047	 98 
9837.92	12488	23425	6	445	 92 
7957.31	14179	23425	62	2063	 80 
9833.49	12879	23425	39	1233	 70 
9836.72	12605	23425	6	338	 68 
9230.3	13807	23425	41	1634	 54 
8767.63	14314	23425	22	929	 44 
9835.05	12621	23425	6	231	 39 ***
9832.37	13334	23425	42	1635	 36 
7978.93	14203	23425	60	2100	 35 
9838.73	12306	23425	7	460	 24 
8756.26	12535	23425	44	1851	 19 
9833.09	13226	23425	41	1695	 19 
8158.56	13004	23425	47	1868	 9 
9837.24	12411	23425	9	472	 1 
8759.97	13826	23425	39	1702	 0 

9835.77	16974	23944	40	856	 100 
9836.01	14992	23944	47	1745	 99 
9235.58	16161	23944	41	1455	 90 
8051.12	16295	23944	68	1941	 83 
9237.93	15488	23944	47	1745	 83 
8758.79	17255	23944	50	1569	 69 
9069.18	15615	23944	66	1969	 65 
8645.32	17366	23944	55	1981	 64 
8775.19	16118	23944	64	1888	 64 
8655.94	15969	23944	72	2291	 52 
8760.87	16280	23944	42	1633	 39 
9832.77	15538	23944	42	1438	 33 
9852.81	14919	23944	70	2193	 27 
9025.84	15693	23944	45	1849	 27 
9838.21	15189	23944	2	248	 24 ***
8644.37	16937	23944	65	2196	 20 
8673.76	16921	23944	65	1896	 19 
9037.63	15666	23944	70	1903	 19 
9030.23	15673	23944	44	1714	 5 

10017.8	16137	25835	12	562	 98 
7868.57	15267	25835	66	1871	 97 
8940.52	15988	25835	31	1173	 96 
9433.84	14103	25835	64	1830	 90 
10007.5	13652	25835	36	1163	 83 
8937.22	12902	25835	66	1729	 82 
10015.8	12602	25835	48	1289	 80 
10013.3	15247	25835	23	935	 76 
9218.77	12827	25835	66	1801	 67 
8864.86	18026	25835	65	1755	 63 
8958.78	14181	25835	59	1414	 61 
8351.8	11829	25835	68	1796	 61 
10013.1	13074	25835	51	1436	 60 
8941.66	16243	25835	24	805	 54 ***
10007.3	14119	25835	41	1532	 42 
10016.2	14936	25835	28	1056	 42 
8934.64	14793	25835	42	1540	 41 
10014.3	13535	25835	38	1491	 41 
10028.8	14847	25835	35	1363	 35 
9416.02	14781	25835	45	1518	 23 
10024.4	12528	25835	64	1359	 2 
10011.6	16327	25835	16	1085	 2 

9089.54	12929	27228	64	2194	 98 
9069.79	17967	27228	21	951	 95 
9080.18	17383	27228	26	1068	 91 
9073.7	17761	27228	19	822	 90 ***
9086.02	16747	27228	54	1806	 88 
9074.03	19184	27228	18	296	 77 
9081.6	17531	27228	20	1035	 61 
10135.6	13640	27228	62	2083	 54 
9333.66	15700	27228	52	1645	 52 
9080.29	18212	27228	16	571	 43 
10150.3	17357	27228	50	1953	 36 
8279.55	18383	27228	60	1649	 36 
9343.53	14680	27228	54	1845	 35 
10158.3	16347	27228	49	1726	 33 
10151.6	17164	27228	38	1226	 30 
8471.37	15847	27228	57	1973	 26 
9081.17	18223	27228	13	507	 19 
9077.84	18635	27228	16	601	 16 
10157.3	16641	27228	28	1042	 13 
10178.1	17329	27228	25	965	 10 
8480.42	14845	27228	56	1740	 9 
9081.17	17547	27228	16	748	 0 

9562.33	18115	26361	58	2524	 98 
9089.69	18758	26361	20	872	 98 
9091.32	19035	26361	6	156	 87 
8749.89	13918	26361	72	2661	 85 
9363.22	14862	26361	64	2572	 85 
9104.3	17889	26361	60	2560	 77 
9101.5	18335	26361	60	2275	 73 
10158.5	18346	26361	54	2471	 69 
9363.87	16039	26361	59	2555	 67 
9082.54	18926	26361	19	541	 64 
10159.5	17562	26361	54	2290	 60 
10172.7	17370	26361	49	2411	 47 
10175.6	18743	26361	25	1195	 39 
8968.5	14158	26361	66	2228	 38 
9578.22	12846	26361	72	2479	 38 
10183.4	13637	26361	71	2261	 38 
10152.9	14446	26361	61	2059	 37 
8990	19282	26361	62	2303	 37 
8147.1	14216	26361	67	2166	 35 
8992.05	18523	26361	63	2512	 29 
9091.12	18886	26361	19	383	 25 
9566.88	15869	26361	56	2471	 24 
9364.04	15232	26361	59	2450	 24 
9079.74	16586	26361	62	2635	 19 
8962.41	19287	26361	62	2207	 8 
9112.25	18284	26361	58	2348	 4 
9085.34	19170	26361	3	62	 4 ***
8269.97	14260	26361	65	2134	 3 
10163.7	17431	26361	28	967	 1 
10163.3	17181	26361	53	2520	 0 

8413.29	17305	28254	26	854	 99 
10102.1	15131	28254	44	1207	 98 
9493.83	16685	28254	29	997	 97 
10081.9	15401	28254	52	1944	 96 
9288.56	12488	28254	58	2204	 91 
9015.23	13452	28254	57	2220	 90 
7286.85	13634	28254	65	2011	 81 
10093.7	16670	28254	29	997	 81 
9024.43	17956	28254	7	335	 74 
10099.1	16497	28254	30	1014	 72 
7657.4	11753	28254	61	2022	 68 
9018.26	18061	28254	22	633	 68 
9019.94	18041	28254	23	762	 67 
9021.84	17732	28254	22	854	 65 
8082.53	12587	28254	58	2174	 63 
10099	12411	28254	57	2189	 62 
9023.3	17467	28254	25	954	 62 
10103.4	17466	28254	17	540	 61 
9516.02	16760	28254	26	934	 59 
10099.8	11933	28254	57	2251	 58 
8420.68	14257	28254	57	2069	 57 
9026.7	12973	28254	56	1822	 57 
10095	15292	28254	50	1849	 55 
10093.7	17006	28254	18	611	 55 
10102.8	17605	28254	14	321	 51 
9478.97	12872	28254	53	2167	 49 
9014.52	18106	28254	21	625	 48 
9283.85	13949	28254	53	2149	 46 
8691.32	11444	28254	63	1966	 43 
9497.85	16642	28254	30	986	 40 
9030.66	17355	28254	21	793	 36 
9486.81	12434	28254	57	2164	 35 
9018.8	18060	28254	7	204	 33 ***
9021.15	17904	28254	18	363	 29 
9269.45	12299	28254	60	1660	 28 
9289.94	11715	28254	58	2296	 28 
9010.95	18320	28254	20	626	 28 
9483.37	16969	28254	25	779	 27 
9040.17	16924	28254	54	1878	 23 
9486.54	17142	28254	24	702	 14 
8209.87	15030	28254	56	2021	 10 
10092.7	17625	28254	17	610	 9 
9012.53	13866	28254	55	1619	 6 

10091.4	16869	27773	19	605	 95 
10083.5	17141	27773	19	576	 93 
10072.4	16449	27773	54	1521	 91 
10078.6	13669	27773	56	2155	 90 
10090	16342	27773	30	1048	 90 
7816.44	12076	27773	59	2267	 82 
10082.6	17135	27773	27	988	 80 
9469.35	13376	27773	58	1700	 77 
8999.8	17959	27773	16	450	 73 
9259.67	12026	27773	59	2180	 68 
7597.14	13864	27773	60	2265	 65 
8887.15	11423	27773	65	2135	 63 
9000.11	17452	27773	7	117	 61 ***
10086.1	17026	27773	17	583	 59 
8460.66	13816	27773	57	2195	 57 
8877.58	12009	27773	60	2276	 56 
10086.1	16502	27773	28	1018	 55 
9003.07	11096	27773	72	2424	 52 
6990.4	13946	27773	70	2204	 52 
9000.81	17290	27773	9	71	 49 
8997.4	17902	27773	18	540	 48 
9475.99	16600	27773	55	1700	 46 
9000.45	17269	27773	17	480	 44 
10082.2	16348	27773	29	1033	 39 
10085.7	13408	27773	57	2121	 38 
10085.7	17208	27773	17	583	 33 
8999.06	17619	27773	17	483	 29 
10090.7	12607	27773	58	2246	 26 
10084.6	16527	27773	20	606	 24 
10097.3	16279	27773	53	1776	 22 
9252.75	13543	27773	57	1622	 21 
8997.07	14142	27773	56	2194	 17 
10076.3	17176	27773	24	595	 16 
10067.6	13728	27773	56	1639	 14 
10072.9	14623	27773	54	1841	 14 
10082.3	16525	27773	28	1018	 13 

8949.39	12828	24667	22	905	 99 
8849.78	10520	24667	55	1939	 97 
8945.91	14140	24667	15	527	 97 ***
10020.6	12689	24667	28	789	 96 
8943.28	13920	24667	22	650	 91 
9208.04	10857	24667	51	1707	 89 
9412.93	9854	24667	48	1423	 88 
8955.22	10124	24667	57	1693	 87 
8401.33	10532	24667	55	1793	 85 
8968.55	13482	24667	21	879	 76 
8351.31	11348	24667	40	1208	 71 
8934.79	10806	24667	54	1439	 61 
8953.38	13692	24667	17	782	 61 
7410.64	11414	24667	62	2052	 44 
10028.2	12800	24667	22	933	 38 
8155.57	10209	24667	61	1990	 37 
8955.79	13543	24667	16	333	 37 
8955.64	10461	24667	55	1771	 29 
9227.16	9236	24667	57	1960	 27 
9208.57	9580	24667	56	1941	 27 
7776.06	10223	24667	56	1924	 24 
7432.29	9171	24667	63	2012	 24 
9211.82	10178	24667	53	1602	 23 
10042.5	12636	24667	32	1034	 5 
10027.3	13711	24667	14	530	 4 
8597.84	8790	24667	58	1720	 0 
8243.06	9998	24667	58	1747	 0 
8951.16	14006	24667	20	605	 0 

7925.31	7348	20742	48	1233	 98 
6926.49	6277	20742	52	1640	 91 
8399.08	6246	20742	53	1440	 91 
8608.83	7147	20742	48	1300	 90 
6355.58	6543	20742	58	1508	 87 
9818.52	9371	20742	26	762	 84 
9229.1	9199	20742	37	1019	 75 
8136.24	9777	20742	22	694	 71 
9222.45	6427	20742	50	1781	 67 
7937.91	6597	20742	51	1553	 66 
9831.5	8707	20742	39	1057	 64 
6718.57	6552	20742	53	1666	 60 
6145.1	6694	20742	64	1671	 60 
8401.88	6120	20742	53	1436	 60 ***
5676.09	6963	20742	59	1797	 55 
8142.57	9858	20742	19	455	 52 
5904.53	6771	20742	50	1567	 49 
6854.84	5530	20742	60	2026	 42 
7318.63	7456	20742	49	1331	 33 
9230.29	8962	20742	37	1019	 31 
5540.1	7022	20742	61	1629	 30 
9228.77	9479	20742	29	632	 29 
9228.36	9199	20742	38	1034	 14 
6257.31	6547	20742	56	1897	 12 
6724.72	6375	20742	56	1910	 11 
8761.42	9490	20742	24	697	 9 
6768.86	6353	20742	57	1494	 7 
8140.99	9702	20742	23	610	 5 
5636.68	6980	20742	57	2000	 4 
5745.16	6507	20742	65	2155	 3 
7013.59	6006	20742	54	1930	 2 
9230.26	9074	20742	37	1019	 2 
6242.14	6748	20742	55	1909	 1 
9829.33	8632	20742	46	1302	 0 

6490.55	9930	22469	56	1852	 100 
8159.6	9934	22469	18	1070	 99 
9443.63	10773	22469	8	213	 99 
7822.82	8424	22469	41	1234	 93 
7090.67	9410	22469	57	1845	 93 
9244.07	7991	22469	59	1890	 92 
8359.87	8964	22469	30	1360	 87 
7890.83	10962	22469	19	804	 87 
8228.71	10006	22469	17	721	 86 
10039.2	10179	22469	8	235	 86 
8148.29	9687	22469	26	1177	 81 
7561.37	11122	22469	19	780	 78 
8371.1	8400	22469	53	1472	 75 
9446.02	10266	22469	9	295	 73 
6838.09	11432	22469	45	1518	 66 
6975.95	10880	22469	53	1312	 66 
7572.61	8764	22469	38	1009	 59 
8368.72	9162	22469	12	629	 50 ***
8366.58	9402	22469	19	834	 48 
7895.94	9694	22469	23	1105	 39 
7893.23	9969	22469	26	932	 30 
9238.8	10948	22469	10	465	 13 
7286.3	10142	22469	20	1078	 11 
8625.88	8890	22469	18	526	 11 
10048.1	9927	22469	7	174	 11 
7282.74	10514	22469	23	1138	 6 

10130.1	8878	22941	31	1987	 99 
7119.73	9274	22941	52	2330	 95 
10151.9	9934	22941	6	293	 94 
9066.36	11113	22941	17	335	 90 
9067.98	10328	22941	19	1497	 84 
8472.9	9700	22941	41	1030	 82 
8465.74	11011	22941	19	320	 77 
8254.88	10792	22941	21	1683	 76 
8252.43	10556	22941	37	1825	 69 
10152.6	9854	22941	6	293	 64 
8252.16	10793	22941	22	1581	 62 
9059.42	10420	22941	19	1142	 61 
9063.98	10896	22941	18	1440	 60 
6781.87	9701	22941	48	2329	 53 
9098.63	9714	22941	21	398	 48 
7644.01	10880	22941	27	1894	 43 
9090.16	9712	22941	30	851	 42 
8260.79	10075	22941	23	1287	 36 
8932.5	10050	22941	21	1741	 36 
8477.94	10135	22941	20	293	 35 
9069.01	9890	22941	7	295	 34 
8726.73	9895	22941	22	1797	 26 
10153.4	9491	22941	7	164	 24 ***
9071.98	10057	22941	6	265	 19 
9062.25	9781	22941	38	1918	 16 
7437.39	11614	22941	24	1351	 15 
8463.89	9812	22941	24	1820	 14 
10147.5	9638	22941	9	582	 14 
10151.9	9765	22941	7	522	 8 

6176.42	8057	21496	64	2536	 95 
9273.16	10143	21496	7	290	 90 ***
10075.7	8442	21496	44	2273	 89 
7859.42	10731	21496	27	923	 88 
9270.04	10213	21496	25	1339	 82 
7122.17	10711	21496	35	1718	 78 
9259.83	10249	21496	23	1610	 73 
7585.78	8793	21496	41	2230	 70 
9007.21	7952	21496	52	2303	 70 
7864.68	9326	21496	35	2060	 70 
8193.05	10580	21496	28	1893	 65 
7322.79	8898	21496	47	2283	 60 
8471.25	8376	21496	63	2513	 60 
7590.85	9725	21496	31	1961	 60 
7590.71	9855	21496	37	1894	 60 
9499	9839	21496	23	1622	 59 
9480.9	9388	21496	24	1290	 56 
9005.13	10732	21496	24	1738	 55 
8183.54	8942	21496	33	1763	 55 
8196.34	10328	21496	29	1953	 52 
9009.73	9179	21496	31	1987	 48 
9476.16	9991	21496	10	564	 45 
8206.88	9485	21496	29	1935	 39 
7580.52	10442	21496	46	2188	 32 
8667.28	9382	21496	31	1975	 29 
6661	8502	21496	61	1973	 28 
8392.77	10452	21496	28	1945	 27 
7924.81	10698	21496	28	1849	 21 
8467.23	10519	21496	26	1777	 20 
7340.36	10969	21496	30	1741	 20 
7583.4	9144	21496	43	2145	 17 
8206.4	10930	21496	23	1361	 15 
10099.3	8321	21496	51	2304	 6 
6168.94	8663	21496	50	2369	 6 
6329.86	9315	21496	49	2328	 5 
8657.55	9658	21496	27	1719	 4 
8396.85	10708	21496	26	1927	 2 
9270.52	10089	21496	26	1690	 1 

9991.69	10936	21882	19	651	 97 
8317.59	9508	21882	25	1606	 93 
8572.85	10540	21882	21	1332	 91 
8313.2	10385	21882	24	1637	 85 
8382.62	10335	21882	24	1636	 84 
6347.94	8944	21882	58	2091	 84 
7847.29	11306	21882	22	1545	 83 
8592.33	11506	21882	19	1268	 81 
7025.52	11231	21882	29	1629	 76 
6621.51	7105	21882	42	1669	 75 
9185.77	11683	21882	16	608	 61 
7245.01	10070	21882	31	1676	 59 
5512.52	8110	21882	63	2286	 55 
6325.44	8889	21882	62	2256	 54 
8320.62	8659	21882	40	1905	 53 
5906.96	10602	21882	58	1921	 51 
9990.74	10233	21882	24	1596	 50 
7517.09	9559	21882	27	1607	 38 
7244.23	9055	21882	32	1486	 38 ***
7292.68	11352	21882	28	1402	 28 
8573.09	9453	21882	29	1428	 28 
8914.46	11306	21882	19	1225	 27 
7231.66	9597	21882	32	1781	 25 
6251.24	10192	21882	53	1867	 24 
7701.56	9166	21882	30	1747	 22 
8330.04	10723	21882	20	1044	 22 
7506.02	10416	21882	24	1637	 12 
10012.6	9814	21882	24	1597	 11 
7506.82	11596	21882	22	1545	 2 
8778.95	10328	21882	23	1628	 1 

9086.11	10722	24549	47	1624	 99 
8471.79	12376	24549	16	278	 98 ***
8462.73	12689	24549	18	388	 95 
7498.67	12983	24549	63	2352	 89 
7089.39	13139	24549	63	2351	 87 
8258.32	11682	24549	35	1612	 86 
7556.88	13182	24549	57	1942	 82 
9330.56	9874	24549	51	2146	 74 
7467.93	13137	24549	61	2292	 73 
7647.78	12027	24549	44	1711	 69 
7392.36	14183	24549	25	436	 68 
10144.7	11549	24549	30	1429	 61 
9532.73	11403	24549	32	1616	 61 
7985.14	13216	24549	19	399	 59 
8455.02	12881	24549	22	727	 58 
7981.62	13222	24549	32	1429	 57 
10148.7	11484	24549	31	1845	 56 
10137	11626	24549	30	1638	 54 
8460.54	13788	24549	18	583	 33 
8263	11297	24549	62	2108	 28 
8518.44	11139	24549	33	1605	 14 
8717.98	12043	24549	28	1444	 11 
7685.39	12015	24549	64	2412	 7 
8353.13	11286	24549	63	2382	 7 
8471.57	12307	24549	24	670	 7 
8249.24	11762	24549	39	1711	 7 
8727.46	11775	24549	27	1664	 6 
7854.49	12827	24549	39	1699	 4 

8110.95	10202	25922	52	1984	 100 
10271.4	10384	25922	31	1564	 98 
8843.68	10346	25922	37	1430	 96 
9206.39	10426	25922	33	890	 96 
9463.94	9624	25922	65	2481	 94 
9038.92	10509	25922	35	1567	 91 
9660.35	10828	25922	15	658	 89 
8031.49	11020	25922	31	1550	 85 
9197.11	10101	25922	54	1924	 82 
8249.51	10938	25922	47	1623	 82 
9170.71	10536	25922	27	1309	 79 
9442.91	9662	25922	43	1840	 77 
9187.86	10212	25922	38	1277	 77 
8595.48	10985	25922	9	180	 76 ***
9196.95	10866	25922	7	351	 69 
8387.31	10734	25922	29	1575	 66 
10255.7	10415	25922	28	1281	 62 
8846.48	10707	25922	32	1605	 58 
10268.1	10814	25922	5	92	 58 
8853.22	10641	25922	34	1406	 36 
10267.5	9931	25922	32	1548	 32 
7302.27	11149	25922	33	1508	 23 
9644.72	9402	25922	51	1714	 9 
9070.45	9788	25922	68	2499	 5 
8001.91	10314	25922	62	2330	 4 

