#271	327	30	62	489	511	83	1021	936	0	
#478	0	507	226	445	290	78	289	1023	394	
#137	297	162	446	244	152	248	1023	49	972	
#282	250	374	271	19	505	1023	182	824	0	
#335	38	309	450	278	138	0	137	1022	1023	
#506	401	423	461	465	0	127	1023	223	101	

285	30	4	223	168	206	2	954	492	1023	
339	73	83	269	401	75	404	1023	472	248	
511	274	130	98	298	95	290	271	397	1023	
264	12	39	149	188	174	874	0	664	1023	
304	122	320	66	252	183	158	659	300	1023	
153	297	48	72	0	263	564	252	715	1023	
207	342	17	0	313	326	401	251	507	1023	
213	455	511	282	0	160	528	335	0	903	
106	212	15	252	168	511	0	145	1011	967	
158	20	15	160	0	50	747	307	907	1023	
337	42	68	391	393	106	160	341	526	1023	
164	449	403	141	286	259	2	19	641	1023	
364	84	84	398	413	124	269	46	582	1023	
511	91	0	45	282	320	23	637	468	1010	
0	0	149	164	338	352	1022	173	404	785	
437	0	511	274	419	87	56	625	0	978	
216	312	405	0	260	279	545	192	156	1022	
142	42	511	145	274	351	1023	0	290	609	
349	84	95	391	397	212	160	268	408	1023	
87	43	61	398	503	89	610	76	497	1023	
305	68	278	81	145	60	0	895	532	1023	
126	42	79	287	313	274	1023	0	297	946	
71	46	316	145	65	76	381	300	964	1023	
185	145	260	83	496	68	404	384	339	1023	
500	45	4	280	328	287	558	191	171	1023	
209	404	160	404	338	0	1023	65	252	532	
314	63	46	65	343	456	1023	809	268	0	
325	156	18	139	348	500	320	558	0	1023	
38	76	256	376	43	339	310	406	520	1023	
341	73	68	391	408	212	198	265	408	1023	
250	8	160	304	115	502	155	870	0	1023	
506	84	68	391	405	120	269	46	475	1023	
91	19	156	53	65	122	988	1020	264	609	
289	4	137	350	386	276	428	312	182	1023	
45	210	290	314	229	335	245	174	522	1023	
463	8	91	391	405	90	404	51	461	1023	 ***
0	511	0	423	400	511	141	904	106	391	
356	80	76	468	405	120	307	46	506	1023	

259	54	31	494	502	441	1023	278	305	64	
461	8	91	406	177	75	396	353	461	1023	
285	511	498	35	30	31	160	1021	880	0	
30	103	241	426	292	490	396	202	248	1023	
320	194	42	153	80	286	276	674	403	1023	
461	8	76	391	199	327	212	293	461	1023	 ***
248	43	282	460	252	396	1023	322	61	364	
135	252	38	263	409	235	320	170	606	1023	
19	15	156	252	400	478	408	1022	441	260	
94	69	185	34	292	138	73	865	678	1023	
499	8	91	399	221	75	411	415	309	1023	
407	60	434	20	0	0	811	366	330	1023	
428	262	244	239	267	246	174	0	568	1023	
469	23	121	399	161	135	396	293	431	1023	
484	8	121	459	161	75	396	293	431	1023	
461	8	121	459	176	75	396	293	439	1023	
35	380	401	156	85	408	595	368	0	1023	
256	312	404	412	406	0	1023	350	280	8	
450	396	23	511	316	57	130	635	782	151	
351	102	456	0	397	225	301	287	309	1023	
343	457	367	366	183	57	292	1023	363	0	
156	111	274	96	168	137	522	584	380	1023	
357	338	362	221	267	130	0	340	1023	413	
459	8	91	399	169	105	426	310	461	1023	
469	8	121	451	161	75	404	308	431	1023	
457	4	76	412	146	90	152	289	1023	802	

255	0	474	159	20	0	989	263	338	1023	
45	110	23	304	456	434	133	0	994	1022	
30	30	24	511	122	45	747	996	1016	0	
293	221	124	488	304	159	382	214	313	1023	
38	191	122	364	334	213	1023	268	968	0	
8	60	258	408	167	305	0	274	1021	1020	
244	122	61	374	232	331	834	212	88	1023	
114	511	163	0	228	76	520	1008	0	901	
120	395	366	27	496	81	357	434	222	1023	
320	19	80	374	510	387	334	289	187	1021	 ***
290	415	426	511	0	0	931	675	205	68	
210	260	160	343	511	244	743	141	909	0	
176	331	0	84	45	511	1017	363	994	0	
178	0	511	0	260	105	457	618	552	840	
98	370	152	308	310	69	411	782	0	1021	
484	465	138	228	144	124	64	853	1021	0	
395	4	80	267	176	479	349	533	217	1021	
335	4	76	389	439	387	334	319	217	1021	
46	125	114	15	334	411	517	1022	937	0	
221	87	106	259	0	0	509	427	889	1023	
396	394	343	303	38	27	349	648	1023	0	
357	423	34	68	397	259	1022	4	0	957	
511	305	197	132	0	278	709	165	205	1019	
362	0	23	192	304	438	207	198	774	1023	
343	308	115	253	511	508	274	1012	197	0	
335	4	76	389	199	327	516	316	337	1022	
0	87	0	347	379	304	1022	179	450	753	

64	57	366	0	508	0	141	250	524	1022	
259	19	65	130	490	143	212	349	244	1021	
419	241	8	0	30	0	61	485	667	1021	
504	0	475	252	8	120	303	91	159	1020	
358	511	42	83	61	361	1006	0	0	510	
0	256	160	27	511	306	0	343	366	963	
244	80	65	160	490	188	212	289	183	1021	
505	75	207	372	410	228	0	1021	0	114	
329	12	243	511	0	335	364	152	0	986	
94	182	304	0	89	75	1020	197	971	0	
12	0	480	511	168	319	319	90	945	88	
173	305	511	0	15	263	61	613	991	0	
231	16	76	0	0	166	327	1021	945	150	
30	121	94	259	122	30	244	1010	1022	0	
183	38	170	0	120	0	1021	335	159	906	
244	19	187	130	398	113	272	350	198	1021	
182	99	60	171	388	152	73	675	109	1023	
130	197	409	0	90	220	259	175	430	1022	
15	195	69	228	0	339	167	1021	0	898	
0	511	216	61	8	212	60	0	899	965	
244	15	50	130	444	113	578	30	305	1023	
8	38	206	30	254	164	608	282	319	1023	
15	122	143	20	164	457	289	521	180	1021	
90	503	500	0	156	235	243	79	105	1021	
19	212	0	252	73	181	183	840	152	1020	
289	19	65	191	490	113	212	349	183	1021	
442	0	68	186	173	34	1023	492	514	0	
476	91	30	502	311	15	366	120	0	1021	 ***
242	19	461	34	511	510	255	900	0	0	
190	296	105	0	84	0	65	561	609	1022	
120	120	0	385	338	511	191	948	0	319	
274	412	160	109	0	174	175	0	1023	605	
0	319	212	205	126	301	313	289	144	1023	
103	42	72	197	171	511	628	281	0	927	
441	53	227	0	54	156	1021	768	212	0	
273	139	282	511	310	470	0	611	0	336	
244	110	125	130	490	128	212	289	183	1021	
511	137	50	0	425	113	242	274	273	907	
244	34	95	190	490	113	273	289	183	1021	

456	106	105	165	204	15	244	1022	0	453	
30	121	75	365	0	0	875	176	1023	105	
15	155	0	90	181	511	1020	259	0	539	
259	226	60	511	281	15	381	60	313	664	
511	91	105	136	371	45	366	349	0	796	
0	0	105	136	150	150	15	857	335	1022	
244	136	45	136	356	45	396	389	0	1023	
60	8	136	68	233	109	768	106	259	1023	
75	90	90	365	15	0	125	0	1022	988	
469	259	511	252	60	30	224	965	0	0	
113	0	402	511	99	0	290	876	479	0	
0	60	0	15	90	45	90	456	1023	991	
471	106	45	166	296	45	274	60	1023	284	
244	151	30	470	402	511	366	0	0	596	 ***
15	136	60	440	371	45	289	122	269	1023	
259	91	137	166	401	45	244	404	0	1023	
274	196	165	30	136	0	140	0	1022	807	
244	123	90	166	311	15	274	403	121	1023	
0	180	30	0	136	125	90	173	1013	1023	
366	91	90	90	379	30	244	75	382	1023	

0	511	30	226	266	75	259	244	277	792	
244	167	30	228	267	511	739	0	0	494	
61	511	147	62	90	8	827	974	0	0	
244	151	75	470	258	94	366	0	0	1022	 ***
244	201	30	165	243	511	244	0	381	661	
244	511	30	409	281	79	244	0	0	882	
244	142	30	470	266	90	415	0	0	1023	
277	166	30	470	272	75	367	0	0	1023	
274	15	510	60	90	0	712	0	1019	0	
249	166	30	470	268	75	399	0	0	1023	
244	181	30	226	266	96	244	1023	123	247	
244	151	511	439	228	75	666	0	0	366	
274	511	30	409	228	75	366	0	0	787	
244	151	30	165	228	79	396	0	1023	364	
0	200	30	349	136	75	503	1023	0	364	
244	151	30	165	243	77	381	1023	0	366	
0	106	289	0	166	45	1023	0	990	61	
246	151	60	424	213	75	488	0	0	1023	
244	151	30	485	266	81	400	0	0	1023	

501	324	0	30	511	64	226	0	353	564	
274	181	60	379	228	511	617	0	0	323	
511	30	189	441	38	60	0	0	364	940	
511	181	259	139	292	94	507	0	0	590	
278	155	94	154	228	109	244	289	0	1022	 ***
244	157	60	226	273	98	244	248	0	1023	
259	166	68	135	262	94	244	322	0	1023	
64	511	90	120	365	225	746	0	452	0	
60	338	0	19	212	64	30	60	1022	768	
274	185	60	245	281	511	382	0	0	635	
60	94	45	15	0	402	870	0	64	1023	
0	511	71	135	181	98	323	244	923	87	

110	15	0	109	349	60	486	27	864	1023	
247	34	46	76	384	244	0	187	802	1023	
471	60	117	68	0	135	106	121	1023	942	
293	148	188	169	480	105	274	363	0	1023	
340	370	143	276	0	145	1023	364	0	382	
511	172	64	306	335	105	244	45	837	424	
291	200	88	165	106	135	492	1023	182	361	
0	425	257	0	212	87	171	630	238	1023	
282	155	446	143	99	135	578	182	0	1023	 ***
105	121	129	486	34	88	0	291	766	1023	
338	19	182	94	0	376	776	62	173	1023	

343	174	430	83	99	165	396	182	0	1021	
75	63	0	106	0	394	136	368	728	1023	
320	238	180	511	380	75	855	334	0	0	
353	511	196	15	129	0	217	819	653	0	
38	155	438	83	175	135	365	483	0	1021	
101	30	19	0	70	202	0	1023	507	941	
511	496	61	0	0	165	154	411	75	1020	
102	0	79	232	321	0	954	182	1023	0	
331	274	17	78	511	102	60	1013	387	120	
334	0	274	136	92	0	189	221	624	1023	
297	90	426	83	99	165	274	441	0	1018	 ***
282	511	412	83	99	120	274	617	0	495	
38	185	431	113	99	379	381	244	0	1023	
290	151	430	98	99	135	335	334	0	1021	

66	72	57	51	144	294	1023	0	60	793	
0	83	77	188	471	15	60	80	1023	563	
283	60	60	248	99	507	1023	201	79	0	
128	51	335	23	159	170	1023	565	106	0	
83	106	14	344	429	74	267	220	0	1023	
15	189	164	511	188	477	553	296	167	0	
49	418	98	135	45	0	434	156	1023	202	
69	226	368	225	68	83	151	347	1023	0	
55	76	158	158	399	15	60	294	323	1022	
76	125	201	60	268	60	191	480	76	1023	
179	102	175	83	129	180	244	75	370	1023	
49	220	511	0	125	139	45	441	1000	30	
128	91	20	273	53	113	289	570	0	1023	
45	99	96	42	80	98	533	0	544	1023	
289	98	38	143	224	151	244	350	0	1023	
45	242	9	23	129	219	244	376	250	1023	
0	0	118	60	113	511	72	1013	427	246	
297	511	60	83	99	150	256	647	0	457	
0	254	250	511	79	348	31	832	255	0	
60	273	22	30	510	16	580	23	23	1023	
109	79	118	189	511	98	197	977	282	0	
52	90	53	83	137	272	353	1023	0	497	
423	90	38	147	99	221	244	275	0	1023	 ***
282	414	106	54	155	0	0	1023	61	465	
45	83	30	83	99	195	246	1023	286	470	
74	147	38	113	229	220	366	350	0	1023	
317	90	100	87	99	150	397	297	0	1023	
0	158	65	0	64	511	133	197	1005	427	
53	19	83	49	33	203	136	0	961	1023	
270	30	64	90	27	331	1023	229	496	0	
162	143	0	113	0	242	1023	120	95	662	
128	15	75	106	38	162	958	0	55	1023	

194	75	40	511	99	135	343	316	0	723	
23	34	34	122	4	213	106	64	813	1023	
438	132	38	60	116	153	244	232	0	1023	
0	65	105	0	4	226	117	793	103	1023	
179	102	38	75	99	150	244	132	394	1023	
179	64	54	75	116	135	252	1023	248	290	
442	511	53	79	99	135	629	204	0	284	
447	75	38	75	99	135	1023	269	0	275	
423	75	38	83	99	152	274	1023	0	269	
423	132	38	94	116	143	263	204	0	1023	
68	33	76	494	91	146	368	137	0	1023	
183	116	38	60	107	137	385	387	0	1023	
183	60	47	68	114	126	244	30	541	1023	
40	201	45	60	110	71	75	488	323	1023	
442	75	39	60	116	152	252	277	0	1023	 ***
490	23	102	100	100	511	0	785	0	325	
15	64	83	0	48	112	948	4	139	1023	
511	115	270	169	30	252	73	0	0	1016	
256	60	38	75	129	139	244	216	256	1023	
31	124	174	137	60	0	0	354	533	1023	
179	90	38	511	107	163	293	682	0	373	
110	31	68	360	504	128	0	90	122	1023	

142	38	320	64	80	259	19	396	136	1023	
55	71	160	45	83	0	1023	113	81	846	
78	40	5	171	126	139	849	38	8	1023	
198	45	42	124	114	244	305	382	0	1023	
76	69	80	60	0	18	64	242	845	1023	
451	61	38	72	114	182	271	265	0	1023	
77	373	72	219	147	111	1023	280	175	0	
442	45	27	125	201	168	252	194	0	1023	
70	47	186	16	68	0	114	1023	231	722	
261	116	511	57	146	49	133	1022	182	0	
24	1	186	79	90	109	1023	117	848	0	
45	19	100	43	201	61	60	53	1023	872	
60	62	64	421	42	76	125	171	433	1023	
67	334	15	136	158	260	327	157	0	1023	
30	337	23	46	129	510	37	136	206	1023	
75	32	94	15	76	15	9	1023	933	205	
99	291	106	140	87	79	293	1023	359	0	
215	75	46	60	118	152	253	281	254	1023	
91	60	41	12	61	158	781	209	1023	41	
47	32	79	471	19	511	94	83	121	1020	
9	83	35	511	239	115	0	393	69	1023	
15	8	6	143	25	168	886	90	113	1023	
55	30	49	510	32	79	0	601	98	1023	
60	152	15	41	78	49	930	54	75	1023	
60	47	511	70	48	72	231	1021	417	0	
450	49	43	62	133	152	252	313	0	1023	 ***
46	23	3	65	49	177	951	57	83	1023	

146	49	39	60	511	242	328	93	258	812	
75	60	49	49	154	167	182	1023	8	771	
284	113	159	75	511	120	297	177	421	381	
171	42	135	91	0	8	277	791	0	1023	
101	19	169	60	314	197	252	111	1023	292	
88	49	301	107	55	126	252	145	392	1023	
146	49	39	182	511	182	252	130	595	452	
162	188	99	136	53	511	252	406	0	731	
175	30	96	154	83	219	758	0	1023	0	
429	75	220	60	55	122	1023	127	0	427	
486	109	42	0	511	23	979	51	337	0	
131	511	123	49	23	90	1022	100	0	489	
511	34	153	184	85	120	252	878	0	321	
116	55	511	64	299	120	252	294	0	827	
343	61	39	319	68	126	252	138	169	1023	
147	199	161	60	113	132	252	451	0	1023	 ***
154	511	300	250	53	182	267	444	0	377	
152	124	30	64	8	186	867	65	1023	19	
84	144	40	75	117	122	1023	464	0	469	
140	49	125	60	297	511	267	744	0	345	

508	121	511	373	248	137	34	1021	36	0	
160	49	246	186	83	96	294	329	523	1023	
76	113	137	23	107	0	182	996	1023	332	
124	49	120	60	227	81	35	371	900	1022	
145	232	180	64	386	252	252	455	0	1023	 ***
76	34	4	184	511	48	243	92	790	1007	
170	276	110	45	86	0	939	139	201	1023	
122	510	105	0	62	201	209	527	1019	234	
34	426	190	0	75	60	942	79	160	1023	
117	0	205	36	19	94	235	925	335	1023	
145	49	310	182	227	126	637	290	0	1023	
115	109	182	197	262	81	832	188	0	1023	
137	49	120	304	235	126	1022	293	248	455	
285	398	511	60	86	127	560	203	0	759	
330	49	64	64	75	108	0	310	966	1023	
190	49	120	228	75	126	119	188	871	1023	
92	141	75	289	202	147	250	770	1023	0	
267	230	309	60	105	128	256	611	0	1023	
182	62	15	44	201	456	169	184	653	1023	
38	105	511	328	355	233	1000	165	254	0	
511	15	0	124	4	227	95	1018	82	913	
94	38	134	120	387	304	528	361	0	1023	
139	15	45	57	212	38	268	209	983	1023	
511	79	124	64	137	126	252	553	248	895	
296	77	81	278	147	0	44	988	55	1023	
410	511	85	108	62	227	429	960	197	0	
218	383	15	333	109	86	114	709	1022	0	
0	300	118	105	511	0	376	263	932	384	
105	30	60	0	243	511	598	182	999	261	
124	30	136	140	250	34	65	1007	181	1022	
225	138	233	107	79	85	826	273	0	1023	
185	511	30	80	263	134	614	30	122	1020	
387	290	0	45	304	105	1023	70	49	716	

138	173	124	152	87	336	321	591	30	1022	
182	55	38	244	175	186	174	771	127	1022	
176	323	341	419	142	511	0	169	125	768	
83	293	243	30	284	245	413	68	292	1023	
244	160	99	207	349	313	380	199	1023	0	
324	34	267	334	49	36	214	1022	694	0	
127	201	120	79	164	222	256	782	0	1023	 ***
100	201	120	72	120	267	279	196	1023	596	
488	80	64	511	152	42	267	65	317	988	
130	123	372	0	0	511	264	1021	211	342	
144	126	45	158	511	484	640	0	263	603	
205	144	151	187	45	342	257	417	203	1023	
135	201	128	139	141	222	1023	226	0	759	
193	413	105	121	53	227	0	282	557	1023	
8	387	199	502	282	225	208	141	0	1022	
101	160	183	136	109	282	286	488	206	1023	
45	137	8	304	0	23	546	661	228	1022	
183	19	8	60	184	319	1019	64	95	1023	
133	94	235	241	504	347	105	87	205	1023	
293	511	120	76	267	333	598	580	196	0	
118	201	120	64	119	230	1023	196	267	636	
118	201	120	68	111	511	16	185	1023	621	
102	319	213	19	84	76	0	182	956	1023	

511	46	15	0	0	273	702	1023	182	0	
84	236	62	511	119	181	178	538	0	843	
244	122	0	121	0	19	879	205	140	1022	
61	164	60	95	147	122	64	252	764	1023	
184	152	60	34	102	126	507	1023	0	564	
6	126	244	479	446	194	0	64	171	1022	
404	182	136	4	491	38	244	104	1023	126	
381	130	377	75	15	307	4	342	98	1023	
30	244	84	61	502	228	128	391	62	1022	
182	219	30	450	0	61	1023	152	515	120	
343	500	483	15	0	511	76	60	0	764	
105	0	496	65	84	137	158	0	684	1023	
476	60	259	0	88	0	391	187	268	1023	
0	98	57	0	258	120	64	313	819	1023	
334	0	68	105	0	446	69	533	174	1023	 ***
73	0	506	126	0	182	1023	0	75	767	
73	171	60	94	119	268	1023	343	0	601	
138	171	62	42	119	203	61	331	603	1022	
23	476	511	140	396	120	0	743	0	343	
155	171	60	34	119	203	117	271	600	1022	
73	510	60	94	119	355	711	256	0	574	
0	137	90	263	65	318	0	818	38	1023	
126	175	81	19	119	203	630	377	0	1022	
197	88	511	160	175	267	333	0	0	1021	
88	239	60	103	119	326	523	271	0	1023	
161	175	60	94	106	203	633	297	0	1023	
133	231	64	34	129	173	299	605	61	1023	
122	213	98	83	102	122	481	1023	0	508	
60	217	246	91	0	163	183	130	639	1023	
274	91	137	45	0	0	269	126	1023	787	

304	0	68	135	0	332	1023	222	178	397	
98	73	126	165	0	333	246	595	0	1023	
152	65	0	0	45	12	258	790	315	1022	
308	0	68	105	0	324	251	1023	182	398	
304	0	511	105	30	326	159	214	611	399	
250	15	20	34	221	246	524	98	228	1023	
511	0	68	105	0	328	152	466	174	855	
84	0	379	202	49	0	519	248	155	1023	
0	75	65	34	137	69	64	169	1023	1023	
15	76	0	231	475	68	108	664	0	1022	
304	0	68	105	511	324	550	229	174	394	
0	393	510	224	0	511	68	437	0	516	
502	182	60	15	511	129	0	243	0	1017	
242	121	0	197	102	126	761	87	0	1023	
304	0	68	105	0	326	148	1023	238	447	
61	90	0	8	130	94	903	289	61	1023	
151	38	106	506	441	141	181	72	0	1023	
252	68	126	61	15	91	27	898	98	1023	
312	0	68	135	0	326	172	220	404	1022	
511	75	326	137	65	76	0	4	456	1009	
45	90	61	0	190	510	259	68	1023	413	
156	105	129	94	16	99	137	900	0	1023	
8	45	15	499	0	110	304	561	94	1023	
68	34	0	274	291	0	158	0	1023	811	
304	0	98	117	0	324	224	395	174	1023	 ***
304	4	68	61	0	334	1023	214	174	477	

304	0	98	60	68	292	224	672	100	1022	
350	30	129	30	0	308	571	218	181	1023	
319	8	99	511	304	154	888	0	557	0	
274	19	194	364	102	30	682	0	153	1022	
34	130	120	76	45	12	940	60	400	1023	
343	0	511	44	0	210	363	274	789	306	
304	98	510	30	0	218	349	210	115	1006	
34	102	60	84	0	130	136	937	335	1022	
163	0	4	8	76	415	145	698	308	1023	
304	274	38	60	0	510	277	997	104	276	
304	259	38	60	0	262	119	267	508	1023	
361	259	46	30	0	292	521	180	128	1023	
510	60	426	8	0	190	383	143	121	999	
0	171	90	0	105	0	289	545	618	1022	
109	16	511	0	117	0	0	352	793	942	
19	0	68	364	274	15	1022	134	69	875	
159	76	23	91	122	259	351	587	149	1023	
68	511	243	103	158	137	0	487	267	866	
334	68	46	30	15	511	1019	214	98	505	
312	0	38	511	30	484	785	184	158	338	
511	0	38	282	15	202	815	282	342	353	
256	0	166	0	94	274	138	610	280	1022	
137	282	0	30	31	261	60	881	135	1023	
34	248	0	30	122	140	31	848	364	1023	
334	0	38	46	0	446	361	240	1022	353	
45	0	113	426	0	160	1023	100	0	973	
394	0	511	30	0	210	356	293	203	843	
334	0	511	334	0	210	296	218	98	839	 ***
304	304	25	511	0	247	793	214	98	344	
304	0	76	511	0	304	217	544	98	786	
304	30	38	274	64	202	232	1023	106	567	
4	0	94	60	105	510	264	781	0	1022	
0	90	0	75	511	505	989	0	670	0	
171	106	60	159	8	511	888	297	259	381	
511	150	60	49	90	434	313	244	0	989	
334	511	38	91	0	210	794	184	342	336	
72	42	16	15	72	277	0	821	503	1022	

504	0	30	289	4	122	302	0	60	1023	
0	0	0	0	0	90	1012	212	0	1020	
511	15	0	0	289	8	0	501	1010	0	
500	90	0	0	0	15	1014	30	0	685	
334	0	60	319	0	210	205	183	0	1023	
334	0	60	349	0	225	1021	198	98	49	
511	0	0	30	411	90	0	0	282	1010	
334	0	511	334	0	210	579	183	8	175	
30	0	0	0	90	90	1023	914	61	126	
75	274	0	227	38	0	1023	667	30	0	
334	0	90	441	0	275	1023	76	31	64	
0	0	511	15	105	0	1018	426	259	0	
334	15	511	319	0	210	579	183	8	175	
396	0	0	0	244	511	105	76	0	1002	
0	122	90	0	487	0	1022	0	35	578	
334	0	75	349	0	210	1023	172	0	171	
45	30	30	0	30	476	1023	0	0	700	
30	130	0	120	15	60	1021	0	0	958	
30	38	15	0	0	334	1020	807	90	0	
45	496	505	0	0	0	1023	0	212	53	
334	0	75	319	126	210	1023	166	0	81	
0	0	30	511	0	497	0	1022	274	0	
45	90	0	0	507	0	0	0	1022	670	
304	30	0	510	15	30	381	974	90	0	
263	30	60	0	263	64	1023	212	137	282	
334	15	60	319	0	332	1023	76	4	171	
439	0	0	510	30	0	1021	90	0	244	
506	0	0	30	30	0	0	0	745	1023	
499	0	0	122	0	0	1022	68	623	0	 ***

304	227	0	304	305	120	1023	0	0	636	
0	510	304	76	30	503	334	320	0	842	
510	90	120	0	0	90	790	831	488	0	
45	0	510	498	0	0	793	164	0	909	
0	252	0	0	394	511	0	339	411	1012	
462	510	8	0	30	308	1022	0	0	579	
414	0	327	122	259	8	1022	68	440	259	
122	511	0	0	15	60	863	548	800	0	
38	0	0	121	274	0	810	653	0	1023	
511	181	508	0	0	130	1022	4	0	563	
252	259	289	0	0	121	1022	192	0	784	
305	23	60	83	0	152	1022	0	1000	274	
452	381	0	511	244	0	0	982	349	0	
415	0	15	122	304	0	1023	83	957	0	 ***
45	0	362	451	396	90	1022	553	0	0	
259	75	370	0	8	61	1023	94	982	47	

319	0	108	274	215	0	1023	679	594	0	
0	0	20	90	0	370	244	1021	919	548	
304	0	190	349	403	0	648	0	295	1023	
0	76	503	0	30	387	1023	614	0	579	
60	0	8	389	259	511	0	989	327	669	
121	35	511	69	0	0	0	1023	693	760	
248	0	8	434	488	73	68	1023	870	0	
256	60	19	138	327	0	1023	432	957	0	
60	61	274	138	342	0	1021	434	882	0	 ***
145	253	128	511	304	0	593	426	852	0	
0	488	304	511	0	304	365	975	0	265	
68	8	267	197	304	8	1021	426	913	0	
402	0	15	511	0	304	677	0	1006	297	
0	511	198	0	0	312	0	421	747	1023	
305	0	15	212	319	511	701	289	860	0	
61	0	275	304	364	0	881	30	1023	274	
8	75	75	122	496	84	1022	373	957	0	
305	0	15	130	319	511	730	282	920	0	

372	12	480	198	327	0	797	617	0	0	
391	0	244	198	0	0	1023	60	354	533	
34	312	274	0	0	60	1008	1023	92	0	
479	76	511	0	0	274	1000	463	0	0	
511	8	0	0	492	38	0	121	826	807	
23	0	282	259	486	0	1023	244	181	305	
8	419	75	364	61	60	1022	141	259	394	
31	91	0	282	72	173	1023	618	513	0	
107	0	274	138	463	0	1023	15	548	235	
60	76	259	198	342	30	1023	511	304	0	 ***
282	166	8	60	38	511	1004	734	0	0	
503	91	268	0	0	511	1008	0	30	392	
186	105	0	304	99	244	1021	30	814	0	
334	75	0	69	511	304	244	244	870	152	
46	274	122	75	0	16	1023	593	654	0	
16	282	0	290	274	476	1019	361	0	85	
177	62	0	441	0	272	1023	99	394	335	
8	64	0	38	313	319	1022	259	780	0	
327	61	23	0	30	32	1023	929	378	0	
45	0	244	312	434	90	1021	353	304	0	
60	69	274	168	342	0	1023	289	488	90	
137	97	274	177	372	0	1023	235	488	0	
0	0	0	488	30	60	998	60	150	1017	
4	0	188	165	305	0	1023	295	823	0	
8	0	252	150	154	0	1023	652	31	533	
169	83	305	0	252	0	1023	925	46	0	
0	316	244	0	60	0	1021	151	90	921	
90	138	0	0	4	282	1023	890	0	376	
496	341	8	0	90	0	1021	308	524	15	
30	4	491	0	0	8	1023	920	0	327	
15	30	105	244	244	90	1023	675	305	72	
108	77	274	168	402	0	1023	203	548	0	

511	0	0	0	274	61	211	533	954	0	
57	0	409	424	511	0	1014	0	76	53	
121	0	150	30	511	508	244	980	0	0	
90	0	0	0	244	319	1019	0	196	676	
60	76	259	60	366	30	1023	327	343	0	
304	136	60	45	49	305	1022	121	502	0	
114	75	0	120	0	0	1022	718	442	53	
312	34	61	98	0	90	1023	531	304	91	
470	455	30	511	0	0	0	1018	0	60	
60	76	259	76	252	136	1022	543	120	0	
365	289	120	0	0	0	1023	136	0	611	
0	304	120	0	60	511	1018	410	121	0	
154	0	0	0	110	511	978	145	646	0	
15	114	259	159	282	121	1023	357	214	0	
453	0	120	0	45	64	1023	0	276	563	
511	30	274	0	60	0	0	0	673	996	
91	274	334	0	0	0	720	0	102	1023	
15	60	0	312	0	0	1019	1017	60	61	 ***
0	45	244	511	211	304	289	0	940	0	

23	30	68	327	20	0	1023	597	464	166	
121	205	30	0	0	0	880	121	1023	338	
410	19	0	509	471	150	1023	60	0	76	
244	400	511	151	244	137	851	120	0	60	
95	106	120	0	0	261	1022	825	289	0	
91	15	90	0	128	49	1023	1001	321	0	
15	38	0	342	30	15	1021	638	169	450	
98	49	83	511	431	0	976	297	273	0	
31	34	123	312	0	4	1023	638	417	136	
120	80	304	242	502	0	0	0	447	1023	
0	30	91	242	15	109	1023	316	892	0	
19	198	0	372	8	0	1023	597	83	418	 ***
15	30	16	350	0	0	1023	657	445	182	
339	511	181	436	30	77	264	880	0	0	
120	487	0	150	154	0	1022	685	100	0	

0	511	503	0	258	320	958	0	50	641	
19	167	0	376	68	244	1023	597	190	557	
0	252	152	214	304	0	1023	730	144	422	
227	167	244	372	8	0	1023	837	272	91	
511	426	75	17	434	0	65	1015	319	379	
488	60	30	64	34	61	1023	34	961	486	
64	488	30	243	83	0	934	1023	120	256	
388	349	60	308	0	8	1023	49	197	859	
15	182	45	0	305	47	1023	392	1005	227	
511	289	244	305	206	0	1012	12	76	586	
443	129	290	8	0	511	1007	0	668	185	
506	492	334	0	228	75	1023	60	12	511	
60	120	274	0	366	0	521	688	189	1023	
19	167	0	372	42	0	1023	850	245	523	
4	91	124	364	274	15	27	441	1023	878	
19	167	0	364	30	8	1021	897	426	309	 ***
0	4	312	0	489	365	1022	427	76	546	
297	511	0	80	0	431	978	823	0	121	
511	274	64	501	137	0	454	1011	0	289	
244	511	496	15	60	250	60	634	0	971	
75	319	40	459	0	90	1023	369	0	866	
110	244	511	402	137	282	1021	0	440	94	
141	319	0	398	122	0	1023	633	304	301	
485	495	152	334	30	420	1023	0	302	0	
9	394	244	0	511	15	342	216	1022	488	
91	182	50	198	290	308	1023	327	772	0	
166	291	378	126	0	173	1023	791	293	0	
323	484	194	197	102	0	0	110	808	1023	
122	167	0	319	8	0	396	901	1023	305	
80	269	72	0	319	0	1023	212	962	304	
141	12	505	90	122	0	0	1011	497	863	
490	490	399	30	23	15	1023	0	331	440	

