#8787.92	25397	29325	0	0	 90 
#9126.83	24025	29325	0	0	 74 
#10233.9	23054	29325	0	0	 62 
#10208.4	23262	29325	0	0	 17 

9298.81	20244	25246	34	753	 100 
8680.51	18998	25246	64	2725	 99 
9303.57	17030	25246	85	3171	 95 
10079.4	16444	25246	59	2688	 95 
10092.5	20260	25246	12	406	 95 
10093.5	16324	25246	80	2828	 94 
9009.12	19867	25246	62	2540	 86 
10086.9	19319	25246	42	1611	 83 
8672.88	21326	25246	55	2562	 81 
10081.5	18351	25246	51	2150	 80 
9306.11	19677	25246	33	1118	 79 
9012.14	18187	25246	60	2381	 78 
9018.89	17883	25246	67	2641	 72 
9500.78	16933	25246	85	3161	 67 
9011.82	19027	25246	60	2737	 65 
8667.4	22043	25246	54	2517	 63 
9283.5	22083	25246	13	352	 62 
9001.82	20700	25246	53	2504	 49 
9288.38	20167	25246	37	1068	 47 
7950.79	24420	25246	69	2779	 46 
10085.1	16531	25246	51	2456	 44 
9027.53	21140	25246	33	1224	 40 
9267.97	19602	25246	56	2450	 40 
10104.7	17507	25246	29	487	 30 ***
9295.31	20316	25246	36	765	 28 
10092.2	19702	25246	17	416	 27 
8900.85	18891	25246	70	2292	 25 
9022.57	17532	25246	83	2899	 25 
8425.58	20408	25246	66	2285	 22 
8299.72	18491	25246	84	2899	 22 
9024.96	23470	25246	45	1335	 21 
9276.11	17418	25246	54	2442	 16 
9284.83	20883	25246	8	332	 13 

9339.6	17131	26494	79	2480	 100 
9066.09	17963	26494	46	2140	 99 
9059.01	21277	26494	55	2376	 95 
10144.5	19375	26494	38	859	 95 
8723.42	18943	26494	74	2692	 94 
10150.6	15829	26494	79	2708	 94 
8952.45	16783	26494	85	2781	 89 
10148.1	16930	26494	41	2104	 89 
9087.74	20069	26494	44	2328	 82 
10145.2	17127	26494	6	337	 74 
10144.3	21246	26494	32	691	 70 
9539.73	17862	26494	41	1523	 69 
10144.3	17187	26494	73	2516	 64 
10149.7	16777	26494	3	49	 64 ***
9345.56	22274	26494	35	775	 62 
10153.1	16732	26494	6	41	 61 
10141.4	17597	26494	54	2109	 55 
9065.02	18488	26494	54	2323	 55 
10138	19428	26494	39	1891	 53 
8464.78	17466	26494	80	2392	 53 
9538.81	20747	26494	42	1682	 53 
8964.34	21854	26494	57	2431	 53 
10144.4	16540	26494	44	2179	 51 
10147.5	16950	26494	4	53	 49 
10137.9	17217	26494	77	2567	 45 
10144.6	18746	26494	37	803	 35 
10137.3	16141	26494	82	2979	 33 
10143.9	19578	26494	38	867	 32 
9336	17284	26494	69	2874	 29 
10155.1	16175	26494	7	309	 26 
8957.97	22356	26494	52	2147	 20 
9061.15	19603	26494	46	1904	 18 
8265.5	19659	26494	71	2640	 14 
10142	16748	26494	81	2682	 13 
10140.9	20754	26494	35	708	 12 
9068.48	18379	26494	45	2054	 11 
10158	14386	26494	11	278	 11 
10153.8	16684	26494	3	49	 9 
8955.44	21906	26494	62	2438	 7 
10144.3	19033	26494	39	837	 4 

10275.6	15179	29672	17	843	 100 
9198.5	16300	29672	54	2355	 99 
10281.6	13794	29672	43	2058	 98 
8406.66	18091	29672	50	2444	 96 
10275.6	15451	29672	10	832	 94 
8481.22	14732	29672	68	2137	 88 
10282.4	13288	29672	41	2037	 87 
9670.41	13939	29672	42	2331	 82 
10280.6	14616	29672	34	1274	 79 
9083.92	16912	29672	45	2252	 78 
10268.9	15852	29672	37	1738	 76 
9087.4	16790	29672	39	1368	 75 
9454.1	16399	29672	40	1751	 75 
9201.03	13949	29672	45	2105	 67 
10270.8	14887	29672	41	2129	 67 
10272	15457	29672	8	356	 57 ***
10275.5	14260	29672	40	2269	 53 
10275.9	14670	29672	38	2003	 53 
10264.1	15902	29672	39	1604	 48 
9203.9	15135	29672	42	2167	 47 
10263.6	16732	29672	32	900	 46 
10277.6	15050	29672	8	585	 45 
10277	15149	29672	6	332	 40 
10288.4	14595	29672	13	884	 34 
7867.54	18326	29672	49	2180	 24 
10284.9	14690	29672	8	585	 24 
10288.7	15148	29672	7	341	 20 
10268.3	16301	29672	38	2015	 19 
8857.07	17091	29672	44	1905	 15 
9666.47	15118	29672	40	2201	 12 
10269.4	15614	29672	37	2076	 12 
10274.6	15439	29672	36	1277	 7 

9060.63	10947	29293	37	1838	 85 
10126.7	11991	29293	29	1161	 77 
10140.5	10660	29293	49	2304	 71 
8330.61	13136	29293	36	1736	 69 
9303.84	12890	29293	24	624	 64 
9054.42	12139	29293	34	1855	 63 
10149	10180	29293	51	2427	 61 
10132.5	10354	29293	50	1892	 59 
10132.9	10678	29293	32	1377	 58 
8453.81	10877	29293	38	1721	 47 
9330.78	11016	29293	31	1384	 44 
9312.69	12060	29293	3	25	 44 ***
9312.23	12212	29293	4	85	 43 
8713.03	13478	29293	13	436	 39 
9309.56	10758	29293	33	1532	 32 
8936.61	11202	29293	36	1605	 32 
7518.38	10166	29293	64	2119	 32 
8260.64	12879	29293	38	2051	 30 
9538.29	10093	29293	66	2558	 29 
9303.37	13270	29293	33	734	 29 
10116.5	10312	29293	62	2196	 23 
8129.95	12302	29293	39	1831	 23 
8232.28	11412	29293	63	1810	 21 
9320.39	12135	29293	1	8	 13 

9209.14	11630	27923	7	159	 95 
8143.05	11115	27923	62	2219	 90 
7890.52	13526	27923	62	1872	 88 
8235.87	10972	27923	63	2333	 87 
8225.28	12097	27923	37	1788	 71 
8020.75	11496	27923	40	1883	 70 
8940.01	11905	27923	32	1686	 70 
8955.26	10861	27923	64	2405	 57 
9211.38	12698	27923	3	128	 57 
8608.72	11849	27923	37	1387	 52 
8404.6	11991	27923	33	1680	 41 
10022	12510	27923	3	128	 24 
8944.11	12376	27923	31	1577	 17 
8141.33	13501	27923	34	1584	 17 
8614.63	12908	27923	30	1249	 14 
10025.8	11528	27923	7	159	 13 
9216.36	10360	27923	27	1515	 12 ***
9207.88	10609	27923	59	2087	 4 
9203.39	11211	27923	58	1901	 3 
7421.8	14495	27923	62	2138	 3 

7968.26	9433	23299	20	771	 100 
7975.25	9932	23299	6	526	 95 
6892.33	10804	23299	8	389	 93 
6891.04	10774	23299	13	340	 89 
7975.6	9388	23299	15	820	 86 
7974.3	9954	23299	6	522	 85 
9053.44	9611	23299	6	522	 82 
7162.19	9020	23299	32	965	 74 
7163.17	8200	23299	28	1084	 67 
7162.25	8599	23299	32	1011	 62 
7975.28	9803	23299	12	756	 55 
6079.91	9637	23299	17	257	 33 ***
6890.62	11687	23299	14	212	 27 
9061.68	9455	23299	10	695	 26 
7175.15	9662	23299	13	770	 21 
6078.64	9483	23299	19	505	 18 
7163.53	8286	23299	26	947	 16 

7956.47	10472	22329	25	973	 85 
8753.78	11061	22329	22	788	 79 
8763.59	10742	22329	17	565	 70 
9853.27	10330	22329	32	1156	 58 
7143.27	11268	22329	29	1000	 53 
6878.55	11488	22329	16	459	 41 ***
7947.21	11444	22329	23	991	 40 
7957.89	10390	22329	30	1008	 17 
7948.58	10632	22329	32	1066	 16 
8756.62	11718	22329	13	552	 14 
8755.39	11402	22329	18	735	 11 
9042.6	10136	22329	59	2125	 7 

8241.8	13021	26894	21	693	 93 
7426.48	13281	26894	30	1065	 48 
7162.41	13331	26894	17	342	 47 ***
8245.4	13119	26894	19	905	 32 

8039.26	11406	24404	12	784	 93 
6962.41	11639	24404	9	574	 86 
7765.16	11584	24404	19	529	 75 
9929.86	10607	24404	67	2664	 72 
6955.04	12288	24404	18	394	 62 
9910.87	11116	24404	66	2420	 59 
6958.22	11694	24404	12	528	 57 ***
9926.76	11109	24404	64	2152	 50 
7765.61	11564	24404	29	579	 19 
6952.23	12484	24404	66	2308	 17 
8039.85	11352	24404	16	808	 16 

8684.31	12658	24831	49	1831	 90 
8798.03	12598	24831	28	1089	 79 
9886.78	13173	24831	20	908	 67 
7750	13399	24831	23	816	 63 
9874.9	11429	24831	63	2195	 60 
7999.06	12739	24831	25	1020	 58 
7727.7	14161	24831	24	824	 54 
7729.48	13525	24831	23	785	 48 ***
7989.46	13737	24831	20	920	 43 
9873.36	12007	24831	42	1625	 40 
8796.83	12722	24831	21	880	 38 
9871.05	11983	24831	64	2181	 36 
9867.7	12061	24831	62	2029	 36 
9274.77	12209	24831	40	1314	 32 
7727.26	14367	24831	26	893	 30 
8816.25	13673	24831	14	850	 26 
8799.4	13671	24831	19	918	 23 
9068.4	12250	24831	45	1561	 20 
9888.23	13358	24831	18	919	 20 
8791.24	12548	24831	55	1653	 17 
9063.99	12447	24831	64	2188	 13 
8002.88	13286	24831	20	925	 9 

7717.85	13283	23425	27	870	 95 
9042.44	13171	23425	66	2280	 91 
9842.38	12427	23425	67	2269	 89 
9863.25	13548	23425	11	543	 88 
7691.83	14909	23425	25	518	 86 
9877.12	12895	23425	58	1633	 82 
9062.24	12609	23425	65	2250	 67 
9863.27	14379	23425	10	532	 56 
8782.82	14745	23425	13	623	 50 
9840.44	13071	23425	59	2140	 49 
9043.41	13249	23425	52	1852	 49 
9040.49	13203	23425	65	2040	 31 
9846.51	12928	23425	55	2034	 27 
8043.94	12837	23425	67	2312	 14 
7679.16	14485	23425	63	1792	 13 
9871.12	12835	23425	62	2007	 9 
9848.34	12996	23425	47	1830	 1 
9844.86	12401	23425	63	2168	 1 
7699.25	13616	23425	15	612	 1 ***

8780.25	15871	23944	5	372	 87 
9869.24	14410	23944	40	1373	 84 
7696.73	17293	23944	23	710	 75 
9850.74	14350	23944	58	1835	 73 
9859.8	15704	23944	6	377	 50 
7718.89	15137	23944	25	715	 38 
9837.64	15024	23944	68	2098	 35 
7699.72	16257	23944	4	37	 20 ***
7698.56	16777	23944	18	429	 19 
7698.25	15852	23944	23	589	 2 

8826.6	13353	25835	45	1590	 94 
10023.6	12847	25835	46	1513	 90 
7882.7	15494	25835	8	436	 75 
8175.56	14735	25835	31	810	 49 
8154.64	16175	25835	5	441	 47 
7886.13	14981	25835	6	195	 30 ***
10015.4	14324	25835	43	1498	 23 
9200.8	11036	25835	64	1321	 23 
10035.7	14244	25835	44	1517	 18 

9079.52	16704	27228	21	1149	 93 
10167.3	17901	27228	5	639	 81 
9090.98	17598	27228	13	266	 72 
10173.3	17764	27228	6	823	 57 
9088	17825	27228	8	888	 50 
10170.7	17529	27228	8	674	 44 
8014.53	18056	27228	2	31	 43 ***
8014.41	16985	27228	31	1059	 39 
9083.54	17966	27228	19	1061	 35 
9084.4	17962	27228	6	371	 31 
8262.85	12824	27228	44	1792	 26 
8025.49	16591	27228	30	844	 25 
10164.8	16602	27228	20	1106	 14 
8008.82	18670	27228	18	1031	 9 
10161.2	17318	27228	11	989	 6 

9097.41	18625	26361	23	866	 99 
9347.46	16998	26361	57	2424	 98 
7668.37	13221	26361	75	2659	 93 
10166.5	16748	26361	57	2015	 93 
10199.4	12955	26361	75	2740	 89 
8025.74	18878	26361	14	543	 89 
10179.5	17092	26361	50	2172	 84 
8029.41	18871	26361	5	81	 79 
8962.3	16251	26361	59	2553	 69 
9101.7	18469	26361	5	341	 69 
10181.3	16693	26361	54	2366	 65 
8029.8	18812	26361	3	42	 62 ***
9100.7	18182	26361	6	554	 41 
10172.2	17001	26361	56	2572	 40 
10162	17547	26361	56	2288	 40 
9000.67	18364	26361	54	2404	 37 
9359.02	14244	26361	64	2233	 36 
9103.86	18037	26361	31	1273	 36 
8315.77	17065	26361	73	2557	 35 
8016.2	20019	26361	23	757	 30 
10162.9	17101	26361	55	2421	 23 
8988.77	17878	26361	58	2058	 14 
10182.6	16559	26361	57	2043	 14 
10178.8	17648	26361	50	2011	 11 
8299.47	17062	26361	74	2695	 11 
8029.95	18736	26361	5	87	 10 
9571.87	14261	26361	59	2536	 9 
10172.4	17010	26361	52	2358	 9 
10158.5	13318	26361	68	2535	 4 
8020.73	19028	26361	3	72	 3 

9501.98	12887	28254	46	1996	 98 
9021.53	16368	28254	20	577	 96 
7950.3	16486	28254	13	202	 91 ***
10099.8	15960	28254	32	1007	 83 
7820.95	14751	28254	69	2421	 82 
10087.5	12633	28254	52	2014	 78 
9026.8	16387	28254	19	577	 70 
9289.48	12952	28254	49	2125	 69 
8888.92	11838	28254	73	2463	 69 
10101.2	14874	28254	29	1028	 66 
10096.9	11949	28254	62	1825	 65 
7862.33	14107	28254	67	2003	 62 
10102.5	12726	28254	48	2023	 56 
7935.29	16940	28254	26	695	 54 
9267.25	11995	28254	59	1714	 52 
10090.7	12788	28254	50	2182	 52 
8094.53	12124	28254	54	1947	 51 
10077.4	11344	28254	68	2350	 49 
10096.8	12534	28254	49	2084	 43 
9500.77	11883	28254	64	2017	 41 
7939.57	17532	28254	19	515	 38 
10100.5	12803	28254	47	2004	 37 
10098.3	16150	28254	32	1036	 36 
9297.28	12979	28254	48	1915	 34 
10101.6	13789	28254	44	1905	 34 
10101.3	15904	28254	27	995	 28 
9022.68	13056	28254	45	1904	 21 
7938.93	16191	28254	21	605	 21 
9044.12	16158	28254	31	1033	 18 
9014.59	13121	28254	51	2118	 17 
10095.7	12067	28254	57	1910	 17 
8222.15	15108	28254	52	2074	 17 
9009.2	13282	28254	49	2033	 17 
8410.37	13300	28254	48	1984	 17 
10098.1	13942	28254	44	1832	 13 
9016.29	12051	28254	66	2160	 11 
7890.25	12783	28254	60	2351	 9 
8416.75	11930	28254	68	2350	 5 
10099.9	15843	28254	32	1036	 4 
10104	11723	28254	49	2144	 2 

9002.37	15101	27773	29	791	 91 
9271.07	13110	27773	52	1836	 90 
8891.69	12994	27773	56	2084	 87 
9007.93	11612	27773	55	2006	 85 
7927.04	16357	27773	14	455	 81 
9477.63	12955	27773	52	2087	 80 
7934.75	16225	27773	5	74	 76 
10083.4	14083	27773	50	2199	 71 
9023.02	13835	27773	51	2114	 69 
8884.52	13093	27773	54	2205	 62 
9009.84	15101	27773	28	1018	 60 
8449.51	11943	27773	70	2159	 58 
7015.53	14937	27773	68	2341	 58 
7385.66	12093	27773	73	2229	 56 
9000.19	15285	27773	27	746	 51 
7924.75	15987	27773	17	554	 50 
9009.08	15422	27773	17	545	 47 
10075	13279	27773	51	2053	 46 
8388.21	12646	27773	69	2142	 44 
8405.54	13188	27773	52	2031	 43 
7823.76	14109	27773	64	2324	 41 
7922.15	16011	27773	19	618	 41 
7382.9	12704	27773	69	2124	 40 
9268.65	11554	27773	75	2530	 37 
9477.34	12801	27773	54	2210	 36 
7935.16	15676	27773	8	154	 34 ***
7934.61	16195	27773	16	448	 30 
9007.1	14468	27773	29	1045	 29 
9004.19	15447	27773	17	331	 28 
9473.01	12861	27773	54	1896	 27 
9006.17	14534	27773	51	2054	 27 
7912.18	13703	27773	67	1944	 21 
8893.69	12012	27773	58	2096	 20 
9472.48	11441	27773	75	2478	 17 
9479.04	12327	27773	54	2231	 17 
7922.69	16490	27773	17	509	 16 
8059.12	12769	27773	65	2353	 13 
8085.22	13149	27773	56	1982	 13 
10086	10559	27773	56	2218	 3 
10076.3	12928	27773	51	2064	 0 
9483.73	12472	27773	52	2206	 0 

7869.52	13717	24667	10	443	 97 ***
8600.92	9546	24667	61	1599	 90 
8347.92	9169	24667	62	1812	 89 
8948.21	12385	24667	24	751	 86 
8964.7	9296	24667	44	1701	 85 
8143.58	9748	24667	61	1705	 76 
10031.5	10049	24667	42	1708	 73 
8947.1	9873	24667	55	1536	 70 
10016.5	9207	24667	52	1816	 65 
7874.83	12956	24667	18	605	 57 
8946.74	11760	24667	26	1004	 56 
7875.83	12387	24667	17	601	 55 
7251.95	9822	24667	62	1999	 48 
8957.26	13665	24667	10	694	 43 
7877.92	12665	24667	14	291	 42 
8955.47	9309	24667	44	1508	 38 
8330.29	9570	24667	59	1992	 36 
9218.47	10145	24667	43	1580	 26 
7352.56	9919	24667	48	1648	 26 
8814.78	10197	24667	41	1716	 24 
9205.47	10173	24667	42	1717	 22 
8153.98	9892	24667	45	1581	 22 
9219.73	10622	24667	39	904	 19 

7664.48	9423	20742	26	516	 95 
9222.16	7499	20742	36	1391	 93 
5813.71	6794	20742	44	1876	 88 
8209.73	8313	20742	36	1128	 82 
7661.8	9954	20742	25	527	 74 
7664.69	9413	20742	26	516	 66 
5332.73	5882	20742	63	2110	 63 
8745.52	9347	20742	27	576	 61 
8166.63	6077	20742	59	1592	 57 
5534.67	6146	20742	54	1893	 54 
6953.7	6280	20742	47	1791	 50 
5043.33	6920	20742	46	1629	 44 
7661.68	9442	20742	26	516	 44 
7661.76	9441	20742	26	516	 42 
7668.91	9804	20742	22	659	 30 
7662.44	9484	20742	25	394	 18 ***
8127.54	6261	20742	53	1579	 16 
6069.71	6302	20742	38	1556	 8 
8201.98	6267	20742	51	1829	 7 
7672.83	8956	20742	32	733	 5 
6013.11	6125	20742	60	1755	 2 

8641.4	10694	22469	25	1236	 95 
6977.53	8648	22469	59	1845	 89 
7894.09	11008	22469	29	1375	 81 
8965.97	12828	22469	12	289	 81 ***
8969.31	11505	22469	16	468	 72 
6740.12	8891	22469	31	1440	 70 
8971.7	9510	22469	28	907	 69 
8960.47	11412	22469	18	728	 65 
9433.18	8143	22469	35	1412	 63 
9231.23	9312	22469	28	1387	 63 
8962.03	10222	22469	25	1113	 59 
10053.7	10169	22469	25	1214	 48 
9443.08	10237	22469	24	1219	 44 
8372.93	8166	22469	59	1845	 43 
8973.51	11959	22469	12	374	 39 
6572.7	11580	22469	58	1653	 38 
8163.87	11776	22469	27	861	 34 
8979.04	11302	22469	21	630	 32 
6371.22	10493	22469	59	1845	 30 
8625.38	10213	22469	26	1342	 27 
8435.61	11013	22469	25	1176	 26 
8366.29	10783	22469	27	1097	 21 
10044.3	11178	22469	18	589	 20 
7549.47	8538	22469	50	1305	 17 
8151.09	8298	22469	29	1372	 12 
10044.3	10993	22469	16	476	 11 
7557.07	9455	22469	30	1432	 0 

8466.44	10092	22941	33	1792	 98 
8726.81	10303	22941	26	1504	 96 
8459.49	10307	22941	29	1885	 95 
8448.46	8415	22941	57	2450	 94 
10147.6	11216	22941	23	677	 81 
8456.67	10271	22941	33	2101	 80 
7188.62	11956	22941	39	2202	 68 
9344.43	9516	22941	35	1640	 61 
8257.68	10593	22941	31	1338	 53 ***
8265.81	11624	22941	26	1789	 52 
9064.07	11976	22941	11	337	 51 
9060.83	12273	22941	9	303	 46 
8458.01	11072	22941	29	1464	 39 
9537.09	9660	22941	29	1720	 37 
9058.34	12199	22941	10	333	 37 
7639.4	10588	22941	33	2024	 36 
6575.08	8730	22941	43	2119	 32 
9537.54	8637	22941	28	1677	 28 
8727.58	9571	22941	37	1824	 24 
10144.5	11831	22941	17	735	 22 
9061.66	11940	22941	16	443	 11 
8264.03	9150	22941	42	2185	 4 
9532.51	10248	22941	32	1754	 2 
9327.29	10259	22941	32	1953	 1 

8176.34	10728	21496	24	1768	 98 
8182.93	9055	21496	11	250	 96 ***
6984.25	8305	21496	65	2551	 90 
7783.11	9295	21496	39	2066	 90 
8088.06	8534	21496	61	2468	 77 
10072.1	8378	21496	42	1936	 69 
8672.62	8447	21496	60	2156	 69 
6528.47	9158	21496	61	2217	 66 
9257.46	8663	21496	35	2013	 60 
8188.6	10260	21496	8	281	 51 
8196.57	10203	21496	7	266	 35 
8184.75	10229	21496	9	214	 24 
8999.56	10083	21496	8	449	 21 
7266.22	8026	21496	62	2262	 20 
8188.16	9939	21496	9	296	 19 
9292.03	8341	21496	43	2011	 12 
5950.12	9469	21496	25	1566	 5 
7580.74	9285	21496	60	2239	 5 
7885.64	8628	21496	60	2035	 2 

5888.41	8740	21882	21	1478	 88 ***
7221.49	8138	21882	23	1550	 86 
9414.05	7222	21882	60	1974	 74 
8096.66	9228	21882	17	1210	 72 
6079.35	7391	21882	25	1504	 58 
8303.4	7961	21882	20	1287	 51 
8097.29	9687	21882	2	34	 45 
8783.95	8809	21882	19	1237	 18 

7923.03	11440	24549	19	788	 84 
9335.54	11553	24549	17	544	 75 
8259.05	10684	24549	20	685	 74 
7921.33	11559	24549	14	550	 72 
7099.36	13118	24549	61	2335	 56 
7667.99	10949	24549	36	866	 49 
9064.29	9570	24549	18	593	 48 ***
7440.85	12098	24549	25	1532	 29 
8261.74	10666	24549	36	881	 26 
8251.09	12616	24549	8	340	 18 
7470.45	11326	24549	29	662	 3 

8372.92	9486	25922	12	432	 87 ***
7476.73	11192	25922	66	2251	 82 
8370.63	10378	25922	33	759	 64 
7474.74	12445	25922	59	2077	 61 
8367.32	9685	25922	35	604	 58 
8849.07	9430	25922	67	2469	 44 
8363.2	10794	25922	31	510	 40 
7997.65	10221	25922	66	2251	 28 
7768.37	10380	25922	36	1066	 27 

