#38	8	136	0	66	28	0	60	263	148	
#46	72	40	24	0	10	256	12	68	219	
#20	17	59	44	2	70	221	251	7	56	
#22	39	36	6	65	5	253	24	238	59	
#11	2	40	0	59	26	256	92	205	56	
#69	33	60	32	50	128	264	57	42	12	

30	28	52	0	0	76	167	271	0	63	
66	55	26	64	62	20	67	45	282	0	
4	34	6	76	20	8	156	43	128	212	
9	18	6	56	8	6	152	63	144	225	
0	0	0	136	38	35	243	39	74	122	
20	16	12	44	2	36	152	68	293	44	 ***
32	10	10	42	8	56	74	10	280	165	
25	39	46	0	69	18	66	22	299	103	
20	20	6	92	6	2	154	47	288	52	
4	18	10	74	4	18	158	235	96	70	
11	38	6	72	4	4	156	44	166	186	
0	27	12	0	50	60	115	320	78	25	
56	0	51	26	16	28	135	34	41	300	
22	58	6	6	62	26	34	195	278	0	
24	0	37	32	48	34	146	78	280	8	
4	18	6	74	4	8	170	235	100	68	
26	28	64	43	20	0	50	168	278	10	
23	20	6	40	4	2	158	236	150	48	
4	18	14	72	4	38	154	47	124	212	
61	41	36	38	50	46	0	117	269	29	
24	18	6	44	6	2	144	87	144	212	
20	11	64	9	0	40	242	34	76	191	
6	38	25	22	0	58	108	288	108	34	
0	28	33	28	11	0	59	115	187	226	
30	64	62	29	46	0	30	27	295	104	
114	106	5	45	47	0	122	0	50	198	
12	0	73	0	66	28	74	70	106	258	
38	0	32	49	13	41	42	70	303	99	
4	18	6	72	20	2	160	90	96	219	
2	10	10	22	75	4	54	64	285	161	
12	39	69	58	42	14	26	157	270	0	
4	18	6	44	4	2	165	237	147	60	
4	20	6	76	4	20	158	43	126	230	
8	48	54	2	0	66	20	181	258	50	
10	4	56	100	63	4	271	125	54	0	
16	18	6	72	20	2	152	95	88	218	
7	24	6	76	6	18	152	63	243	92	

20	16	12	28	34	62	144	302	49	44	
56	18	12	44	18	4	120	92	273	74	
128	78	44	46	33	0	56	0	246	80	
36	0	16	44	52	36	140	289	58	40	
100	9	21	56	10	74	112	99	230	0	
22	54	12	44	2	4	124	66	311	72	 ***
22	16	12	44	2	36	124	301	81	73	
36	0	16	76	2	36	122	156	227	40	
20	22	12	78	2	36	108	102	275	56	
51	0	64	22	54	34	0	38	172	276	
51	11	8	68	66	30	214	53	210	0	
22	16	12	44	2	36	112	115	121	231	
12	78	70	24	34	4	20	222	247	0	
18	0	64	114	33	91	44	0	98	249	
12	26	0	20	68	68	172	30	269	46	
36	16	12	98	2	12	108	82	182	163	
19	52	11	62	0	2	61	73	266	165	
120	34	74	111	56	0	98	141	77	0	
20	16	12	48	4	4	128	146	113	220	
26	34	3	34	40	0	82	186	264	42	
20	16	14	44	2	36	112	119	274	74	
62	28	72	28	0	0	12	315	128	66	
24	113	76	50	44	0	0	90	68	246	

6	62	42	76	16	0	132	90	282	66	
66	46	30	54	60	100	86	43	287	0	
6	54	10	46	0	48	124	90	282	112	
106	38	4	46	0	60	74	300	144	0	
96	34	20	68	26	10	306	48	0	164	
52	16	50	0	4	94	60	110	92	294	
0	34	179	4	82	36	172	40	0	225	
0	44	4	36	76	22	130	66	66	328	
36	32	10	94	10	54	28	290	160	58	
58	153	54	80	54	0	0	243	70	60	
74	20	42	118	66	18	44	139	251	0	
0	0	60	62	60	118	34	44	154	240	
12	135	64	56	8	52	98	56	267	24	
18	68	42	128	26	0	74	266	110	40	
6	4	50	80	48	28	40	282	150	84	
84	16	22	42	36	52	79	130	311	0	
58	20	24	64	26	71	303	64	100	42	
32	54	42	44	0	2	124	90	288	96	
0	24	68	0	119	48	116	58	46	293	
54	140	12	60	0	0	124	122	188	72	
6	8	34	46	62	64	74	86	310	82	
34	16	10	82	90	66	90	0	330	54	
56	28	44	8	43	42	0	94	146	311	
96	122	48	26	52	36	88	0	272	32	
20	50	24	10	128	0	112	30	82	316	
80	24	102	42	65	32	279	0	148	0	
12	32	50	68	50	34	252	74	200	0	
0	46	20	0	94	60	84	54	282	132	
24	56	4	60	0	0	320	102	158	48	
6	64	10	44	0	32	108	66	330	112	 ***
6	34	26	107	0	0	229	60	232	78	
6	70	42	52	32	10	92	82	282	104	

6	16	8	38	0	110	174	0	280	70	
34	38	56	0	4	32	54	16	251	217	
68	22	22	68	50	32	44	44	292	60	
64	0	0	0	8	76	292	82	138	42	
86	84	0	16	34	114	4	76	272	16	
120	2	70	56	20	2	87	88	257	0	
26	16	84	16	18	104	18	10	282	128	
0	52	2	16	36	8	138	100	306	44	
6	77	0	40	0	99	112	200	128	40	
6	62	0	40	0	64	93	48	300	89	
36	36	37	56	32	18	32	0	182	273	
8	0	32	40	20	74	24	0	192	312	
26	8	68	52	20	32	82	90	324	0	
6	96	2	44	0	32	88	50	300	84	
30	106	0	120	10	76	102	0	258	0	
8	4	72	8	84	8	288	32	198	0	
72	16	34	0	42	80	62	46	316	34	
2	154	36	10	0	132	58	0	130	180	
10	62	2	42	0	44	112	50	300	80	
0	26	0	56	64	68	188	292	0	8	
4	24	0	20	2	4	162	0	318	168	
36	92	50	2	32	0	8	266	212	4	
4	8	42	58	20	74	2	32	284	178	
0	12	2	0	48	4	8	164	276	188	
48	58	40	2	20	32	24	134	304	40	 ***
14	44	20	38	70	32	42	40	326	76	

4	40	0	68	54	58	0	122	251	56	
2	6	32	0	40	12	18	160	293	90	
40	92	48	2	28	48	24	50	242	79	
149	105	14	48	8	108	48	0	173	0	
44	16	10	68	72	0	0	229	100	114	
80	32	2	0	24	0	44	261	172	38	
4	58	4	12	28	48	36	150	281	32	 ***
16	12	12	32	10	56	60	168	227	60	
132	32	10	8	4	36	76	72	18	265	
72	0	72	10	40	0	261	50	4	144	
32	62	44	2	26	44	36	106	239	62	
76	20	4	32	32	42	36	114	273	24	
0	14	40	0	56	16	60	30	265	172	
24	8	80	97	0	58	0	68	196	122	
10	18	2	54	72	2	44	206	245	0	
4	16	12	0	48	58	56	152	285	22	
0	44	78	98	189	50	18	4	172	0	
10	20	2	20	8	4	80	186	275	48	
67	76	25	72	68	82	0	32	231	0	
54	120	0	12	36	30	84	82	235	0	
0	50	18	120	11	10	0	272	108	64	
88	58	101	0	28	66	86	202	24	0	
40	0	50	56	94	70	36	54	0	253	
32	28	16	4	58	4	40	241	36	194	
48	82	46	82	48	2	0	0	82	263	
36	67	40	2	18	40	40	68	259	83	
74	24	24	22	0	83	174	0	233	19	
40	78	60	0	16	32	107	58	242	20	

0	24	6	13	85	48	52	132	213	0	
8	24	4	12	11	40	52	170	252	0	
0	24	4	12	16	101	54	170	192	0	
64	0	44	0	0	12	156	73	224	0	
0	22	56	66	76	76	0	34	243	0	
16	0	0	40	26	74	138	32	247	0	
12	24	4	12	8	40	52	150	271	0	 ***
0	93	12	12	8	40	52	134	222	0	
8	24	4	12	85	40	36	102	116	146	

0	32	32	97	126	10	22	0	204	40	
12	32	6	12	8	40	36	110	92	215	
27	0	0	50	9	0	49	80	203	145	
0	120	40	10	94	12	0	16	223	48	
13	20	8	33	18	40	41	144	246	0	
18	7	82	140	0	8	202	0	0	106	
21	0	45	32	32	32	220	36	145	0	
28	41	46	21	0	72	0	129	197	29	
16	28	16	12	42	0	42	178	8	221	
12	20	5	16	20	40	116	78	256	0	
17	0	10	16	16	56	0	215	193	40	
8	20	4	44	8	40	88	99	252	0	 ***

145	8	10	0	143	88	0	189	21	95	
8	52	19	142	40	92	88	98	160	0	
89	21	4	18	24	72	128	211	132	0	
40	96	4	30	48	40	48	79	97	217	
9	56	4	32	8	64	158	122	246	0	
8	20	4	60	136	40	140	147	144	0	
0	16	16	79	42	84	249	53	160	0	
61	36	40	18	36	40	108	106	254	0	 ***
56	104	39	0	8	27	237	129	99	0	
34	43	0	118	20	45	98	0	208	133	
70	12	85	72	13	135	114	0	0	198	
8	20	8	133	8	142	57	130	193	0	

40	38	8	24	40	0	198	90	163	0	
20	32	20	135	40	0	125	66	163	0	
36	32	11	32	24	22	100	191	153	0	
36	34	16	24	141	0	116	87	147	0	
28	33	16	32	40	18	100	191	143	0	
57	103	21	0	24	20	9	160	207	0	
29	130	4	18	32	32	120	80	156	0	 ***
36	33	23	18	44	0	162	134	151	0	
66	99	28	131	6	40	175	0	0	56	
28	42	17	22	34	8	68	42	145	195	
44	34	8	30	40	17	100	68	260	0	
36	33	16	28	34	28	68	98	260	0	
30	130	30	26	32	0	104	94	155	0	
38	32	8	18	40	0	76	67	98	224	
28	33	18	24	32	12	108	191	155	0	
28	33	16	26	32	8	192	100	166	0	
28	36	20	18	141	0	68	50	144	96	
28	36	16	21	45	48	68	66	241	32	
30	33	30	26	34	0	100	197	151	0	
28	34	16	38	38	122	68	90	167	0	
29	34	16	26	32	42	68	119	235	0	
28	36	21	26	32	25	100	66	267	0	
29	34	16	26	45	48	70	90	243	0	

20	30	30	174	44	32	184	66	0	0	
25	32	2	12	33	32	100	203	99	42	
130	76	49	69	83	0	52	46	75	0	
50	27	4	12	142	32	102	64	147	0	
40	125	40	20	16	10	213	64	38	14	
24	30	4	15	32	32	90	30	122	201	
24	129	12	4	34	64	102	64	147	0	 ***
36	16	0	38	0	38	224	18	90	120	
30	129	0	34	32	32	56	101	148	18	
29	24	6	26	38	34	88	197	138	0	
26	26	47	30	32	32	76	80	231	0	
133	96	15	6	76	0	19	182	53	0	
0	68	0	31	22	16	69	45	236	93	
117	2	41	105	4	28	31	220	24	8	
22	16	45	16	0	10	34	145	45	247	
69	30	27	50	0	66	13	215	74	36	
48	18	12	22	32	60	72	72	212	32	
0	131	23	87	26	17	189	66	41	0	
31	24	8	47	32	48	195	64	131	0	
0	42	42	65	51	32	0	209	71	68	
72	80	17	16	0	12	50	205	106	22	
45	16	4	26	128	55	93	58	155	0	
28	27	4	123	36	33	58	138	133	0	
26	129	4	28	72	32	58	98	133	0	

25	113	42	14	20	4	195	33	56	65	
0	24	94	26	51	137	32	142	61	0	
34	129	14	16	34	64	64	67	145	0	
93	116	74	50	30	18	4	134	48	0	
24	20	14	9	39	66	90	198	107	0	
8	0	10	0	138	59	107	12	206	27	
0	0	70	28	24	45	113	22	219	46	
28	26	132	8	34	64	64	30	98	83	
24	131	61	13	50	52	64	78	94	0	
33	36	110	0	108	60	0	44	38	138	
17	13	171	29	0	89	56	108	0	84	
1	8	30	0	22	32	165	24	252	33	
0	46	44	98	8	19	24	243	46	39	
25	0	0	41	16	37	130	66	23	229	
24	20	8	5	61	68	74	200	107	0	
30	26	8	5	60	66	64	198	110	0	 ***
50	36	110	4	38	64	84	60	121	0	
36	8	115	8	42	64	90	30	118	56	
24	22	13	8	55	66	195	74	110	0	
0	149	37	24	40	0	34	61	164	58	
32	125	66	24	94	94	0	47	0	85	
46	13	0	124	76	61	12	210	25	0	
28	19	10	13	38	68	84	199	108	0	
116	30	29	84	66	0	79	0	8	155	
24	39	20	6	34	68	195	74	107	0	
16	147	77	0	34	20	78	34	121	40	
28	135	8	4	34	72	68	74	144	0	
16	143	31	78	38	58	77	18	14	94	
67	149	11	54	18	10	64	154	36	4	

28	34	20	8	26	19	254	24	145	10	
22	26	2	6	44	67	80	200	104	17	
133	26	0	15	42	64	112	73	103	0	
19	46	0	7	39	70	83	200	104	0	 ***
26	28	21	9	64	64	64	203	89	0	
20	42	3	5	37	67	70	200	106	18	
35	26	0	6	35	67	204	71	124	0	
32	34	2	8	45	66	64	191	103	23	
131	28	40	4	35	72	66	70	122	0	
20	48	0	4	138	93	67	110	88	0	
33	12	3	39	32	23	17	14	206	189	
18	26	1	4	36	82	73	200	104	24	

8	36	0	23	31	49	21	222	84	180	
16	34	2	20	70	52	147	227	47	39	
55	74	1	7	169	116	73	122	37	0	
40	13	28	37	132	64	249	54	37	0	
72	41	71	4	16	12	46	262	130	0	
33	24	5	5	39	97	73	262	116	0	
21	6	6	20	24	7	111	260	77	122	
33	59	32	43	54	52	214	106	61	0	
4	9	24	26	108	23	57	287	16	100	
65	18	0	5	38	52	86	212	157	21	
47	18	0	21	33	52	36	278	151	18	
13	8	22	50	36	8	157	331	20	9	
15	23	10	14	72	52	41	255	53	119	
49	22	2	55	78	54	104	212	78	0	
97	18	0	40	84	58	74	212	71	0	 ***
16	13	5	135	48	29	2	68	117	221	
14	50	0	136	67	56	147	71	113	0	
6	4	136	33	22	1	278	38	34	102	
23	25	17	46	4	68	18	259	110	84	
15	18	3	49	76	52	262	77	22	80	

34	32	47	34	0	34	214	245	44	33	
88	17	0	63	114	56	72	216	91	0	
32	3	8	6	25	40	199	255	41	108	
43	3	34	0	48	0	40	252	220	77	
26	18	34	10	34	3	287	69	184	52	
56	4	38	22	87	22	210	233	24	21	
36	66	22	24	20	25	188	243	34	59	
74	38	89	15	0	22	0	226	210	43	
17	137	16	110	16	8	44	269	68	32	
48	96	1	4	37	31	36	234	164	66	
52	4	30	13	4	16	46	192	101	259	
32	18	22	38	40	8	224	247	8	80	
24	20	20	6	4	32	28	220	118	245	
71	144	0	49	0	108	8	259	52	26	
52	5	115	66	0	43	14	260	134	28	
8	16	0	16	3	137	48	235	220	34	
32	18	33	44	117	1	96	86	0	290	
86	20	0	79	128	99	72	181	52	0	 ***
5	9	36	12	43	50	92	225	207	38	
86	19	2	42	132	55	24	198	16	143	

54	16	0	113	113	71	69	185	101	0	 ***
54	16	0	164	105	105	76	133	69	0	
18	48	2	18	16	48	10	305	255	2	
6	0	54	86	0	131	53	50	223	119	
60	16	0	164	94	67	70	219	32	0	
62	16	4	77	92	67	244	95	21	44	
54	50	37	79	190	71	68	103	70	0	
56	20	0	79	200	67	68	66	166	0	
54	20	33	91	103	67	102	187	65	0	
75	84	62	89	0	117	91	0	144	60	
59	16	36	79	108	67	100	183	74	0	
54	2	20	36	12	52	32	298	0	216	
34	123	6	54	40	102	53	40	270	0	
62	113	0	79	147	67	68	64	122	0	
30	21	20	6	115	40	214	14	0	262	
52	16	0	103	161	67	72	183	68	0	
54	20	2	85	84	103	66	62	21	225	
66	16	0	83	136	69	68	66	218	0	

4	52	0	40	16	76	20	279	165	36	
73	16	0	119	34	62	44	132	208	0	
44	40	22	90	20	34	24	301	77	36	
48	34	32	106	4	38	42	40	77	267	
72	135	0	110	42	98	68	133	30	0	
54	32	0	111	36	98	34	65	31	227	
58	98	20	0	16	0	80	119	297	0	
52	34	0	22	7	0	150	68	291	64	
52	48	2	128	18	62	113	234	23	8	
86	4	8	87	4	4	24	240	18	213	
54	48	0	129	18	89	91	193	23	43	
86	18	9	111	18	94	16	177	92	67	
66	40	0	26	6	54	64	277	117	38	
20	36	6	71	36	24	90	287	118	0	
116	40	44	93	0	0	72	36	287	0	
66	8	16	114	77	94	111	177	25	0	
56	36	0	0	24	26	242	256	48	0	
54	16	0	112	68	100	116	177	45	0	 ***
70	54	0	32	22	33	56	287	0	134	
8	38	121	115	16	16	46	24	304	0	
44	14	68	2	56	36	16	292	136	24	
95	50	0	0	8	0	26	32	319	158	
40	76	0	38	0	66	138	279	43	8	
55	54	2	111	18	75	58	177	25	113	
4	46	48	72	0	31	56	291	46	94	
54	16	0	159	86	109	48	71	145	0	
46	16	4	65	50	18	44	303	70	72	
52	52	10	48	19	0	48	279	138	42	
58	16	0	95	42	70	128	54	225	0	
57	8	20	70	24	54	0	251	74	130	
32	38	0	88	0	38	40	284	12	156	
66	92	22	4	64	16	0	292	0	132	

54	91	4	108	52	102	154	70	44	0	
54	20	0	107	27	92	94	70	215	0	
70	16	0	108	56	86	79	70	194	0	
60	48	62	66	50	48	22	304	0	19	
16	30	64	2	0	64	267	164	5	67	
10	16	86	40	18	90	36	42	32	309	
98	2	46	62	36	72	9	290	30	34	
82	6	48	113	20	0	100	16	294	0	
66	32	8	16	80	24	0	0	125	328	
8	14	72	35	38	4	0	32	194	282	
54	16	8	108	31	84	74	175	22	107	
54	16	0	108	53	84	62	68	22	212	
54	32	0	110	58	85	118	176	46	0	 ***
54	28	0	110	52	84	102	175	74	0	
33	0	16	42	72	2	52	249	129	84	
114	72	61	84	72	54	0	204	18	0	
48	98	62	0	8	12	16	301	134	0	
32	0	10	84	87	111	0	82	28	245	
2	2	22	78	36	82	40	285	80	52	
50	22	0	135	0	68	53	261	84	6	
32	20	36	28	6	6	283	44	175	49	
20	0	104	12	81	8	0	292	16	146	
70	16	2	108	52	84	82	71	194	0	
56	6	38	10	36	58	165	288	22	0	
100	36	32	0	88	0	281	0	142	0	
64	24	0	108	52	84	126	175	46	0	
32	50	42	18	2	62	188	267	18	0	
40	20	0	24	34	68	136	288	36	33	
54	16	0	112	52	88	231	73	53	0	
20	2	2	106	60	120	28	257	0	84	
46	28	84	52	0	8	32	267	136	26	
0	2	28	32	48	18	64	287	164	36	
120	4	16	72	18	14	24	316	29	66	
32	22	8	178	51	62	50	56	220	0	
52	16	0	163	52	84	110	150	52	0	
54	35	0	108	52	87	114	183	46	0	
34	22	28	98	115	55	302	0	0	25	
143	36	0	36	74	48	269	7	0	66	

79	30	38	44	30	84	127	168	54	0	
36	66	0	49	9	86	186	115	107	0	
1	32	88	68	0	88	8	48	283	38	
76	0	38	34	65	2	0	226	191	22	
26	36	4	44	40	92	235	107	70	0	
6	16	1	12	22	56	237	196	26	82	
56	20	4	48	33	117	10	131	24	211	
72	0	51	9	34	0	54	246	56	132	
26	38	0	49	69	93	148	79	152	0	
12	8	82	74	36	0	68	265	74	35	
10	0	6	65	0	111	138	266	24	34	
0	44	18	8	4	40	261	181	40	58	
26	34	70	45	25	88	84	162	120	0	
38	62	0	102	10	84	60	73	183	42	
38	4	0	0	20	129	265	38	108	52	
0	0	41	50	2	77	226	206	12	40	
18	20	0	75	42	96	40	196	12	155	
29	66	97	44	9	86	75	109	139	0	
109	93	0	0	36	32	115	217	52	0	
92	17	15	39	74	12	56	198	151	0	
4	5	2	22	0	43	258	205	68	47	
10	12	111	56	46	4	238	68	40	69	
108	20	36	0	16	0	291	50	133	0	
60	34	0	48	38	117	80	73	204	0	 ***
26	92	97	44	9	93	102	147	44	0	
56	22	2	45	17	72	42	103	154	141	
38	0	22	4	10	4	262	262	24	28	
36	30	0	100	47	86	196	105	54	0	
0	10	7	32	32	10	197	152	214	0	
61	30	0	44	105	133	168	73	40	0	
74	16	6	18	40	94	41	59	274	32	
0	36	60	0	12	40	223	226	33	24	
39	38	24	79	80	0	140	194	0	60	
12	109	40	8	16	40	70	4	99	256	
32	40	20	120	25	102	54	168	93	0	
98	102	12	36	44	0	72	210	80	0	

72	14	0	46	9	48	52	2	293	24	
38	8	32	40	0	98	18	4	322	0	
30	88	0	22	4	4	48	69	283	12	
50	20	0	14	20	32	63	61	300	0	
40	14	78	0	0	50	48	45	285	0	
36	8	16	0	4	20	40	134	302	0	
48	0	8	34	0	0	27	264	179	0	
96	50	16	64	8	0	24	302	0	0	
0	0	94	0	44	92	4	326	0	0	
50	42	0	20	13	22	54	59	300	0	
50	20	0	12	13	24	121	242	78	0	
26	9	2	4	0	18	105	38	302	56	
32	36	0	0	2	0	322	150	18	0	
0	100	94	56	0	8	0	0	302	0	
0	68	164	0	24	32	224	48	0	0	
26	20	0	75	12	22	258	59	88	0	
0	0	4	4	84	0	48	98	322	0	
88	0	0	8	4	48	0	120	292	0	 ***
52	20	0	12	13	22	62	83	296	0	
6	4	0	26	0	96	48	105	275	0	
34	36	0	20	13	28	258	87	84	0	
34	28	4	4	10	4	142	265	69	0	
50	20	0	12	28	26	80	59	285	0	
0	20	32	23	16	48	8	191	214	8	
0	20	8	36	4	0	38	135	319	0	

0	0	28	68	0	32	86	153	261	40	
16	61	40	2	82	75	0	50	310	32	
53	8	34	32	36	12	64	2	238	189	
86	36	4	80	0	72	271	119	0	0	
76	0	2	8	4	44	40	146	316	32	
53	82	0	0	76	36	0	80	300	41	
4	20	48	32	32	0	47	40	199	246	
120	42	32	20	4	88	0	86	276	0	 ***
38	133	60	40	8	1	100	256	0	32	
154	16	0	64	4	52	8	70	300	0	
0	16	70	0	124	44	116	0	298	0	
46	0	6	0	0	16	0	65	183	352	
149	2	1	0	8	20	112	117	0	259	
36	32	0	40	40	20	0	242	254	4	
74	0	0	112	40	32	0	32	306	72	
0	24	82	4	68	68	0	0	107	315	
18	6	0	78	60	32	56	130	288	0	
60	16	0	8	66	44	68	58	284	64	
0	44	4	36	0	40	234	0	64	246	
12	96	46	12	0	16	165	0	321	0	
70	44	0	62	1	4	100	54	319	14	
0	36	80	12	40	0	50	41	313	96	
52	0	45	16	44	30	68	108	305	0	
44	42	72	36	0	0	44	124	302	4	
120	16	0	84	20	80	0	90	258	0	
156	0	6	16	5	48	0	128	273	36	

54	70	32	76	34	118	0	80	249	0	
100	72	126	46	4	72	0	80	179	34	
70	125	45	72	44	48	36	36	237	0	
134	3	24	75	0	0	16	80	280	101	
40	68	125	14	40	116	0	116	194	0	
0	40	175	117	64	33	0	192	92	0	
36	101	2	72	0	21	58	36	267	120	
42	0	66	6	0	36	116	140	272	35	
64	0	4	40	88	0	225	129	163	0	
4	0	32	34	64	128	104	0	251	96	
72	0	93	40	0	96	284	64	0	64	
32	5	0	34	107	48	126	70	0	291	
90	8	96	82	0	50	44	33	309	1	
174	46	42	46	0	88	0	90	227	0	
166	38	76	44	0	100	0	80	175	34	
64	44	34	52	64	92	0	54	273	36	
64	36	100	18	76	40	301	70	8	0	
6	0	118	64	0	39	57	146	283	0	
20	34	32	135	34	32	50	4	296	76	
104	70	38	20	0	88	36	52	271	34	
72	40	32	16	32	80	108	52	281	0	
53	0	40	0	42	32	82	72	288	104	
6	74	0	100	16	32	203	64	0	218	
9	40	61	46	96	0	0	253	208	0	
20	58	64	50	0	32	64	0	213	212	
34	10	0	79	8	0	64	84	209	225	
32	32	0	22	65	85	0	176	256	45	
68	68	32	28	0	90	74	52	297	4	
50	30	0	70	0	64	76	294	65	64	
40	38	34	12	40	76	0	168	273	32	
33	34	0	13	68	32	117	36	284	96	
0	73	0	68	4	32	36	234	16	250	
74	42	40	44	32	122	0	88	271	0	 ***
72	74	71	87	0	78	0	164	167	0	

34	19	40	52	36	140	0	84	277	0	
35	0	17	0	100	0	0	34	194	302	
2	134	24	4	65	80	0	44	255	74	
64	0	114	147	64	16	0	0	277	0	
0	125	0	0	42	112	90	0	271	42	
102	0	0	89	0	176	44	0	231	40	
16	0	32	32	0	66	228	40	268	0	
32	1	40	42	40	98	0	102	327	0	 ***
0	74	82	46	10	0	0	39	276	155	
96	40	5	80	0	0	145	37	279	0	
10	8	42	36	64	102	0	86	334	0	
8	0	36	44	33	8	179	64	262	48	
10	4	56	72	32	98	0	84	326	0	
128	0	43	76	0	0	0	44	277	114	
80	0	114	41	32	8	64	12	281	50	

32	0	18	42	40	76	0	106	329	0	 ***
48	64	0	156	0	140	0	30	205	0	
173	20	64	68	0	38	0	230	50	0	
52	105	50	4	70	0	0	0	270	92	
0	98	142	20	88	0	0	23	272	0	
36	0	40	50	0	175	270	72	0	0	
40	4	8	52	56	64	0	90	329	0	
38	121	80	0	0	155	0	175	74	0	
64	0	40	80	185	0	264	0	10	0	
40	0	24	0	0	0	278	66	2	233	
0	0	10	50	57	78	0	238	210	0	
32	0	32	42	46	64	48	50	329	0	
40	68	0	0	10	32	0	155	330	8	
8	0	8	42	44	74	0	203	264	0	
0	72	36	2	0	56	340	137	0	0	
175	48	46	48	0	64	0	12	250	0	
34	0	24	0	36	124	2	125	298	0	
4	2	8	174	0	16	0	136	271	32	

153	0	16	48	52	70	0	129	246	0	
0	0	25	50	56	100	64	111	308	0	
32	0	48	147	44	100	0	98	245	0	
24	28	0	18	2	34	72	0	344	192	
0	38	32	40	56	70	8	60	297	113	
8	2	50	44	52	68	0	141	349	0	 ***
32	80	8	40	6	20	203	313	12	0	
26	35	32	72	106	0	0	172	0	271	
8	4	8	32	114	40	0	347	153	8	
58	0	16	72	42	68	83	74	301	0	
0	0	16	145	50	68	152	76	207	0	
34	34	32	0	64	8	28	8	308	198	
50	0	38	48	45	115	0	170	248	0	

0	36	64	2	88	35	312	32	34	165	
0	41	148	81	50	32	0	168	248	0	
0	64	100	156	54	32	0	138	224	0	
0	66	50	40	53	40	80	90	349	0	
1	34	42	56	50	32	84	120	349	0	
32	64	19	47	0	40	10	32	206	318	
48	34	51	40	52	40	0	74	349	80	
0	0	64	12	104	57	206	68	233	24	
0	93	42	40	66	99	0	174	254	0	
32	0	67	64	46	32	96	82	349	0	 ***
0	88	72	117	51	64	0	120	256	0	
0	2	48	61	67	72	103	107	308	0	
0	118	66	88	50	32	0	172	242	0	
30	92	66	0	73	70	128	0	293	16	

