#23	511	396	305	15	480	171	47	793	989	
#12	88	27	460	244	4	1023	1012	284	576	
#401	0	259	244	0	106	159	1023	868	670	
#282	291	131	396	511	0	61	169	933	956	
#349	164	122	511	473	294	286	526	0	1005	
#275	0	486	415	286	49	153	1023	799	244	
#293	15	320	244	142	511	654	27	518	1006	
#385	510	511	251	413	0	400	936	0	324	

457	12	206	172	464	442	551	60	1023	0	
160	4	16	437	195	19	250	263	1023	1020	
430	287	177	122	255	332	599	162	1023	0	 ***
324	0	511	489	445	431	289	147	0	751	
511	423	286	511	484	0	31	935	0	206	
423	296	78	106	365	83	536	1023	477	0	
73	410	122	0	30	267	408	202	1023	852	
194	131	149	175	301	410	500	252	252	1023	
385	274	156	152	256	0	475	503	164	1022	
438	99	23	77	295	263	323	625	1023	221	
278	297	42	206	167	0	387	171	1023	816	
423	279	314	114	61	298	668	1023	207	0	
176	249	327	274	421	381	273	248	1023	15	
378	291	161	45	0	0	275	1023	1013	201	
256	80	126	511	304	510	396	183	1021	0	
130	0	8	200	117	511	0	919	713	789	
335	8	423	210	145	289	550	263	1023	141	
430	279	174	106	121	313	1023	710	231	0	
38	358	248	67	408	339	396	0	1023	510	
116	278	203	228	244	94	396	0	1023	805	
38	76	205	221	408	50	600	766	1023	0	
511	0	354	342	225	277	0	434	416	828	
370	46	77	126	293	297	534	72	1023	549	
256	91	511	293	0	274	327	625	38	972	
415	168	68	136	278	427	1023	719	153	0	
312	374	511	122	197	277	370	0	256	968	
186	69	8	190	278	137	625	57	1023	814	
8	85	68	411	256	308	0	252	976	1023	
430	285	181	136	243	320	569	200	1023	0	
415	281	311	114	70	316	569	139	149	1023	
252	431	30	472	273	50	1023	15	305	536	
0	439	27	0	19	168	456	339	916	1023	
184	175	400	415	101	309	179	601	1023	0	
293	409	189	258	121	298	630	1023	166	0	
78	32	297	244	430	244	317	640	83	1022	

137	27	49	128	0	182	976	777	152	1023	
511	152	276	83	251	23	0	830	336	989	
415	302	185	107	251	347	423	398	1023	0	
167	282	252	176	152	103	308	427	1023	561	
408	287	147	251	247	343	1023	561	184	0	
415	287	177	91	187	332	682	1023	257	0	
31	65	362	17	145	448	1023	590	252	518	
182	187	167	57	382	454	399	282	1023	318	
438	287	177	123	251	332	458	362	1023	0	
31	149	210	161	66	183	799	829	0	1023	
415	295	183	106	243	418	355	413	1023	0	 ***
160	297	343	289	79	167	0	648	1023	445	
511	274	426	263	0	76	53	60	1018	770	
167	23	507	469	267	209	267	215	1023	304	
417	275	83	121	0	293	339	267	1023	633	
31	4	90	420	14	121	946	1023	84	718	
496	158	144	511	0	223	0	72	1023	824	
411	286	183	244	443	313	396	1023	152	0	
53	365	0	206	133	493	644	156	378	1023	
96	438	400	289	279	0	732	0	194	1023	
137	509	190	244	278	107	533	321	1023	109	
423	362	274	19	20	272	0	402	1023	656	
30	244	275	160	511	274	152	678	122	1005	
268	381	111	0	19	392	168	267	1023	822	
206	457	404	49	34	0	498	361	1023	419	
511	441	268	141	182	8	168	999	0	733	
60	19	354	93	361	289	518	425	1023	309	
430	295	177	114	251	317	415	429	1023	0	
469	140	366	511	30	46	809	61	1019	0	
46	130	312	19	282	90	0	1023	989	560	
400	257	177	136	164	298	111	580	305	1023	
415	287	185	351	191	347	438	1023	214	0	
113	390	0	141	149	0	335	1023	906	394	
415	287	177	351	191	377	127	214	1023	289	
77	0	334	225	505	496	441	90	1023	260	
393	0	0	38	264	282	213	235	1023	1003	
301	336	63	151	169	73	370	1023	965	0	
383	287	177	106	259	317	233	406	1023	260	
244	156	130	293	313	167	706	137	1023	282	
0	153	76	244	487	153	1023	397	799	119	

114	198	0	0	109	321	1020	877	670	212	
415	294	183	473	83	418	1023	411	221	0	 ***
511	23	159	258	247	286	1023	710	274	30	
496	313	76	391	323	285	182	432	1023	0	
505	294	53	350	51	418	229	598	1023	0	
475	294	247	121	42	433	231	655	1023	0	
396	430	288	511	497	511	319	569	0	0	
420	386	183	106	19	511	949	730	217	0	
49	175	311	217	244	458	61	293	1020	693	
128	286	355	335	411	220	265	500	1021	0	
404	466	60	30	266	34	0	507	1023	731	
487	53	38	472	183	30	103	342	1021	792	
420	264	258	228	263	433	1023	411	221	0	
0	35	511	297	250	130	486	0	1001	811	
0	0	46	23	404	76	1001	287	1021	663	
415	414	76	106	201	144	266	411	1023	465	
461	457	511	349	0	408	164	0	994	177	
460	260	427	350	19	296	1021	415	273	0	
494	20	488	510	511	30	327	125	903	113	
415	264	243	121	171	403	218	411	1023	252	
120	228	457	156	236	305	168	282	1021	548	
151	68	15	282	0	304	103	1022	1021	555	
8	15	90	145	129	505	386	203	1023	1017	
107	73	120	308	47	420	468	955	1023	0	
396	260	183	441	324	511	269	473	664	0	
0	297	152	38	181	365	145	652	1021	670	
415	264	427	106	19	296	1023	765	206	0	

0	298	38	75	450	60	732	1021	258	0	
130	30	244	30	178	75	1021	212	139	873	
318	95	60	0	122	0	0	1012	1021	304	
60	90	504	0	511	0	145	0	784	838	
400	50	38	472	265	143	1023	198	343	0	
0	0	467	90	125	30	0	822	381	1017	
244	288	0	34	410	509	76	351	1020	0	
76	0	75	167	336	4	1009	0	1021	244	
42	141	0	151	349	197	1023	801	152	76	
491	20	160	442	83	395	1023	167	151	0	 ***
511	341	257	334	57	30	1008	24	248	122	
400	33	38	511	83	182	973	137	575	0	
30	16	49	365	156	158	1020	35	967	136	
30	46	0	0	154	385	1021	188	926	182	
72	315	15	53	128	302	1021	511	263	252	
473	90	60	0	511	30	563	0	1000	205	
510	98	136	511	15	404	920	0	90	248	
286	265	132	419	403	131	1023	0	0	273	
304	49	72	388	216	0	1020	319	282	282	
191	46	15	259	368	274	1023	398	221	137	
130	167	38	0	499	0	1023	597	312	166	
60	511	258	76	130	113	920	106	689	69	
121	75	297	15	45	143	1023	957	0	256	
434	189	141	511	83	0	990	304	60	220	
64	12	126	259	80	313	1023	608	212	235	
42	180	259	15	0	105	1021	987	323	0	
400	20	38	457	143	395	228	228	1023	0	
400	20	160	442	173	227	1023	152	335	0	
163	182	8	397	159	0	1020	244	440	319	
212	0	327	269	126	282	1020	252	399	45	
60	90	396	120	256	196	1020	0	534	260	
181	15	30	411	0	286	0	989	1020	0	
121	368	0	248	45	130	1021	220	474	305	

75	150	290	0	75	38	1023	0	179	940	
150	30	511	15	19	60	1013	623	244	105	
511	241	150	343	0	0	381	121	0	1023	
68	15	395	79	508	30	1022	472	181	0	
379	199	510	30	90	0	480	60	0	1022	
30	148	15	220	91	380	1022	500	364	0	
304	150	79	0	30	45	1023	15	1003	121	
0	387	166	98	349	501	1023	91	0	155	
365	83	30	227	124	0	1023	128	182	608	
45	380	30	0	166	109	0	166	852	1022	
0	105	135	105	0	45	1019	15	981	365	
502	105	45	45	432	379	1021	90	76	75	
106	304	105	30	60	128	0	1016	1021	0	
30	60	30	136	211	511	75	700	1017	0	
135	45	109	68	144	364	152	0	730	1023	
75	511	0	91	368	143	1006	456	0	120	
294	16	98	289	83	196	437	60	1023	274	
30	0	158	0	110	90	364	997	1021	0	
511	0	166	15	0	60	1022	0	346	650	
506	76	68	274	143	151	1022	394	136	0	 ***
502	106	160	259	68	151	1023	45	151	305	
225	91	125	334	346	158	1021	349	121	0	
30	0	486	15	511	424	0	95	197	1012	
4	289	416	0	266	511	986	95	203	0	
105	90	61	30	45	274	1023	72	995	75	
60	53	144	45	30	16	1023	277	933	189	
277	31	38	320	143	121	1021	304	455	60	
45	364	68	511	174	0	999	75	368	166	
30	364	511	72	462	121	815	0	259	136	
301	60	60	23	195	334	1022	0	654	121	
90	502	53	0	0	83	1023	125	499	395	
277	290	68	350	83	121	1023	195	363	0	

252	247	68	30	411	79	1023	38	190	342	
334	15	30	0	105	511	998	551	136	0	
0	289	90	0	91	30	1023	911	227	19	
91	30	60	274	0	125	60	776	1023	241	
274	15	75	0	61	135	1018	30	1011	61	
76	289	45	15	0	211	0	1023	931	90	
30	444	60	0	180	45	1023	60	533	305	
30	0	113	0	61	151	1023	295	75	932	
30	0	144	150	212	501	1023	286	0	334	
244	66	120	135	0	64	1023	0	876	152	
51	0	0	166	38	136	887	30	349	1023	
502	50	68	289	64	76	1023	182	396	30	
472	46	38	511	83	76	923	150	381	0	
472	46	87	259	64	76	259	394	1023	0	
511	195	167	381	60	60	0	63	259	984	
144	271	13	503	293	0	1023	189	0	244	
472	46	68	259	64	76	274	1022	399	0	
144	46	68	274	68	198	1023	464	395	0	
30	15	45	0	30	0	1023	1023	424	90	
0	151	0	409	511	439	987	0	153	30	
274	8	136	49	6	45	1023	213	15	911	
506	50	68	274	68	76	1023	449	136	30	
49	38	339	0	167	75	1023	0	259	730	
472	511	60	259	64	68	684	426	136	0	 ***
90	274	15	0	0	480	594	1017	210	0	
472	46	53	511	68	76	923	150	381	0	
511	244	105	0	30	60	501	91	1017	121	
472	46	38	511	68	76	908	180	381	0	
472	50	38	274	64	76	259	424	1023	0	
243	46	38	511	308	76	411	150	897	0	
120	62	136	0	136	74	1023	380	0	749	

30	60	511	121	34	60	108	293	1021	335	
215	0	45	60	511	45	0	355	1017	325	
60	46	197	259	84	243	236	425	1023	0	
472	68	64	511	60	60	785	169	384	0	
45	64	204	95	0	121	310	1023	711	0	
81	0	244	64	15	511	0	385	1014	259	
0	0	90	511	0	139	1017	580	95	141	
511	305	140	122	353	0	111	0	90	941	
472	80	30	259	90	30	1022	165	425	0	
289	120	49	91	61	19	1023	30	732	159	
288	79	4	259	64	293	1022	428	136	0	
135	15	45	4	45	338	1023	34	934	0	
477	49	19	259	511	30	600	443	185	0	 ***
34	15	25	152	0	293	1023	846	0	185	
297	260	174	262	106	179	0	272	1023	0	
502	511	15	263	60	49	560	244	369	0	
274	91	185	30	1	19	30	121	1023	799	
45	274	511	152	0	147	0	60	383	1001	

511	0	499	45	394	128	34	506	813	113	
38	83	299	120	396	369	171	544	1023	0	
200	53	263	374	165	30	555	199	181	1023	
38	154	135	122	511	488	106	122	354	1013	
0	180	91	85	118	280	612	1023	654	0	
156	319	45	259	342	38	1023	199	151	511	
38	165	502	395	40	169	1023	45	356	310	
232	132	49	282	98	30	1023	553	644	0	
484	49	72	244	120	75	379	202	395	1023	
354	83	45	396	511	30	221	876	527	0	
491	49	141	511	98	55	831	443	424	0	 ***
511	0	115	0	47	109	394	88	769	1010	
133	49	46	511	194	443	414	858	395	0	
484	289	53	282	120	45	548	199	1023	0	
0	510	509	511	46	94	707	109	557	0	
8	176	350	136	180	75	806	1023	289	0	
0	151	242	0	250	511	657	659	261	312	
511	34	34	507	90	334	424	293	816	0	
320	182	0	0	153	30	809	338	1023	188	
507	45	19	304	90	160	309	199	1023	387	

369	47	138	319	511	99	663	383	364	0	
70	102	185	19	0	423	0	723	1022	349	
369	80	149	511	98	89	846	383	368	0	
143	511	105	486	106	73	0	1013	137	319	
369	151	164	304	98	38	1023	383	120	243	
324	240	159	456	306	64	1023	245	0	76	
155	63	156	319	342	99	1023	494	242	0	 ***
129	55	0	106	445	0	782	319	34	1023	
233	34	244	30	72	139	1023	0	812	306	
369	95	232	304	113	99	1022	413	246	0	
53	145	135	511	320	146	163	400	0	1020	
274	30	93	45	75	23	1023	335	135	860	
0	455	398	166	90	23	1023	197	126	415	
90	70	94	30	153	502	1023	424	507	0	
91	120	31	60	419	160	1023	297	166	526	
34	75	127	267	487	260	1023	477	143	0	
448	511	72	49	0	124	1022	274	393	0	
449	511	49	282	76	122	829	0	256	319	
383	63	0	147	83	75	164	784	1023	171	
91	76	19	338	178	220	870	0	1022	79	
369	75	141	319	159	38	1023	386	383	0	
490	511	250	25	502	57	1009	0	0	49	
86	511	34	379	372	152	861	242	256	0	
91	439	94	34	68	60	140	868	1023	76	
0	17	120	293	259	484	1023	158	166	373	
45	212	304	15	220	47	327	1023	700	0	
369	93	141	365	98	38	1023	393	373	0	

174	106	147	129	244	105	1023	0	358	274	
30	46	64	511	182	94	1010	30	75	518	
304	68	135	93	82	201	106	1023	0	548	
0	30	0	168	161	94	1023	234	489	361	
155	53	42	353	98	191	335	1023	310	0	
155	53	35	304	220	53	329	1023	140	248	
27	143	249	282	45	68	533	111	79	1023	
243	179	174	68	76	57	1023	289	342	109	
38	82	76	136	201	289	1023	290	212	213	
281	45	38	325	100	70	1023	321	357	0	 ***
45	49	30	133	45	241	162	1023	344	488	
15	15	97	68	196	30	480	157	479	1023	
294	55	34	304	102	38	1023	230	206	274	
182	4	501	127	64	15	1023	105	419	120	
91	121	368	15	198	53	457	234	1023	0	
143	186	140	331	82	76	1023	0	579	0	
38	411	204	165	134	105	344	136	0	1023	
224	89	75	304	342	38	258	1023	207	0	
196	107	0	0	130	88	1023	330	358	328	
83	30	113	77	82	30	1023	722	54	346	
220	171	51	338	100	99	1023	208	350	0	
205	236	259	268	90	65	64	0	350	1023	
109	60	45	120	120	30	1023	223	76	754	
79	114	17	216	188	102	707	0	1023	114	
281	15	174	0	85	331	368	1023	283	0	
61	288	38	137	109	54	1023	23	789	38	

91	156	64	34	102	0	1023	73	754	139	
15	61	91	30	312	110	135	1023	659	0	
30	151	0	0	319	511	68	1009	183	165	
47	34	92	58	171	79	1023	19	879	34	
72	87	64	98	62	396	1023	233	401	0	
270	68	34	308	100	106	1023	170	357	0	 ***
511	15	102	45	30	0	648	1022	30	33	
244	46	53	325	130	58	387	170	1023	0	
271	49	47	78	231	178	1023	99	460	0	
222	53	0	184	511	30	377	57	0	1002	
105	20	0	0	38	29	839	1023	90	292	
145	12	48	80	79	17	1023	798	60	174	
92	180	341	139	38	140	0	0	483	1023	
0	19	0	121	100	124	805	1023	50	194	
0	152	0	477	132	48	416	135	1023	53	
511	192	129	339	270	201	0	149	0	645	
204	117	511	304	0	87	166	415	632	0	
268	45	38	338	116	53	1023	174	381	0	
95	44	15	65	102	191	1023	105	796	0	
510	232	23	31	404	33	1023	120	60	0	
251	45	34	308	100	8	196	1023	193	278	
343	86	186	128	0	0	116	227	327	1023	
268	49	49	308	117	87	1023	170	365	0	
290	357	0	149	210	92	1023	0	173	142	
45	60	0	91	365	63	1023	494	75	220	

298	91	38	278	98	68	1023	211	113	259	
162	35	16	124	27	0	928	64	98	1023	
83	0	140	87	23	105	463	33	1023	520	
91	144	75	224	0	0	64	42	1023	814	
30	109	215	511	109	16	381	0	1009	97	
5	109	31	228	511	113	1020	103	357	0	
42	181	17	171	0	108	1023	685	86	164	
270	68	34	293	93	118	1023	176	402	0	 ***

4	55	162	113	179	102	1023	847	53	0	
184	87	197	511	12	79	365	997	106	0	
83	51	206	137	75	192	1023	119	8	644	
2	174	510	15	0	130	100	156	1023	428	
155	183	8	85	177	16	1023	804	0	87	
258	57	19	364	121	53	391	252	1023	0	
63	75	190	64	142	61	1023	215	610	95	
335	70	43	31	68	38	1023	823	73	34	
60	137	124	0	19	90	1023	83	122	880	
117	190	136	278	179	68	1023	115	432	0	 ***
19	4	167	96	175	60	899	0	1023	95	
476	50	0	15	34	511	371	1023	58	0	
45	133	57	94	127	62	1023	761	141	95	
75	43	66	75	38	265	1023	90	132	731	
329	40	136	461	306	511	407	340	8	0	
23	398	79	167	15	502	1023	91	165	75	
152	68	36	278	149	58	389	1023	385	0	
181	143	356	337	46	53	1023	85	190	124	
54	89	4	72	167	54	1023	4	885	186	
87	84	111	121	40	54	295	723	0	1023	
194	113	51	274	149	86	324	324	1023	0	
137	30	182	0	19	511	0	518	124	1017	
8	83	105	72	39	128	1023	742	2	336	
148	117	19	295	318	511	369	389	372	0	

15	60	369	511	15	202	996	231	522	68	
45	349	120	40	103	152	1023	98	156	903	
36	198	202	201	511	90	682	1008	61	0	
132	160	140	339	239	201	576	1022	180	0	
29	106	224	69	250	49	1023	98	156	985	
239	266	316	279	240	72	1023	115	439	0	
113	152	292	109	191	182	1022	53	744	131	
79	88	64	182	190	144	1023	36	772	411	
216	205	258	274	231	64	1023	416	120	182	
239	160	202	274	144	242	1023	97	458	150	
177	175	136	382	301	70	1023	85	242	398	
125	205	144	354	141	186	1022	583	105	124	
113	145	511	293	248	72	990	113	261	243	
117	145	136	310	141	220	1023	583	128	186	
4	170	16	107	49	282	1022	913	153	273	
113	281	144	35	241	190	1023	153	561	248	
106	269	439	274	126	510	287	143	835	0	 ***
83	505	0	30	77	511	1014	552	217	0	
98	145	258	284	187	510	820	339	348	0	
128	152	140	282	510	216	331	940	290	0	
117	391	144	30	171	70	1022	478	303	263	
511	197	15	183	128	15	1021	15	702	202	
143	222	151	113	201	315	1023	742	79	0	
134	0	0	34	30	202	504	135	927	1023	
160	49	359	167	197	94	1023	19	921	0	
156	322	122	91	75	30	1022	925	51	195	
119	115	202	135	511	400	910	333	264	0	
174	158	136	312	236	220	558	173	1022	0	
30	17	334	221	171	27	1023	133	167	866	
220	160	209	473	205	68	1023	85	120	426	
0	0	141	354	23	30	363	61	994	1023	
121	299	140	398	511	68	332	977	143	0	
188	201	91	152	36	192	1023	817	95	194	
45	109	64	245	38	29	1023	288	170	978	
30	122	130	94	156	0	1022	1005	122	308	

119	75	227	51	380	510	909	254	160	289	
69	451	511	244	197	70	1018	122	140	152	
491	120	61	304	126	381	308	98	1020	65	
106	269	383	274	202	323	243	1023	151	0	
76	269	410	289	150	368	238	1023	151	0	
38	216	259	62	331	511	459	953	92	53	
102	281	379	289	186	511	841	151	234	0	
102	344	379	282	126	511	255	824	151	0	
510	509	167	505	0	0	267	580	316	120	
220	19	189	15	205	271	972	45	1023	15	
106	269	396	30	194	334	295	327	1023	0	 ***
338	0	510	23	21	27	1023	438	515	79	
365	511	220	510	80	90	1016	60	122	0	
430	122	511	15	4	38	15	1017	716	106	
160	135	0	511	76	167	982	385	0	558	
506	477	182	198	511	94	0	867	0	139	
102	277	402	349	130	511	228	824	151	0	
232	49	177	257	297	511	245	226	980	0	
110	314	439	297	126	511	228	155	794	0	
365	269	447	289	141	511	213	155	584	0	
112	285	394	274	126	306	243	1023	211	0	

445	0	0	0	243	193	98	529	221	1023	
72	91	435	95	143	259	1023	105	529	0	
74	269	424	22	269	323	84	189	1023	75	
68	269	368	0	138	327	424	136	1022	0	 ***
99	162	61	15	122	64	1022	252	849	106	
170	0	511	145	80	31	699	977	139	0	
68	284	15	259	511	151	0	441	1023	0	
74	269	434	0	273	353	1023	28	196	102	
411	174	121	0	72	510	192	1022	0	250	
102	332	426	30	194	323	84	87	151	1023	
65	227	0	259	145	15	1023	259	657	102	
74	269	440	511	365	319	77	27	196	474	
0	267	278	38	75	61	1023	99	591	320	
202	269	368	30	217	321	1023	84	136	102	
98	269	355	109	194	379	76	249	1023	0	
100	269	364	30	266	379	91	1022	136	95	
123	244	0	136	511	0	1016	520	202	0	
60	308	343	0	126	151	1020	30	151	563	
102	330	378	45	224	319	135	1023	196	0	
98	456	349	0	194	353	76	44	1023	159	
246	69	101	30	0	505	1023	122	626	30	
181	191	0	227	221	60	1023	94	0	755	
177	271	364	30	255	319	91	87	136	1022	
196	126	269	0	0	0	1023	135	762	241	
34	0	328	154	154	0	1023	31	959	69	
511	331	441	34	172	319	100	648	196	0	
120	122	0	186	290	8	1023	152	0	851	
376	511	364	0	257	323	74	711	136	0	
30	192	143	4	455	385	400	121	1022	0	
264	319	88	0	60	510	1016	0	248	247	
231	203	121	322	15	201	1022	0	599	38	
244	120	160	152	8	511	1022	64	225	246	
274	250	122	91	130	80	1022	87	692	4	
130	137	258	186	0	8	1023	323	535	152	
30	437	121	60	8	183	1022	643	248	0	
180	19	511	171	385	0	948	0	382	156	
132	269	425	0	214	330	136	27	196	1023	
69	252	75	215	23	75	1022	106	907	8	
88	338	338	511	275	0	61	0	1004	137	

413	121	511	0	0	312	967	49	286	0	
68	139	368	0	179	361	336	185	1023	0	
98	137	357	0	134	312	405	193	1023	0	
300	60	197	69	91	0	0	79	1022	841	
211	313	124	511	30	0	986	263	221	0	
68	139	368	0	134	327	261	8	332	1022	
68	149	369	0	172	357	223	1023	298	0	
19	187	227	189	0	133	773	109	0	1022	
75	274	239	167	129	4	0	1022	659	90	
68	139	373	0	142	327	362	225	1023	0	 ***
308	12	0	511	279	288	151	0	1020	90	
12	84	140	216	151	0	0	127	1023	906	
68	139	406	0	134	327	256	8	298	1023	
191	23	292	0	122	75	729	204	1023	0	
0	130	125	72	72	122	1023	274	138	703	
87	168	0	152	132	75	1023	30	969	23	
15	90	242	0	316	278	87	609	1022	0	
34	122	353	0	476	282	147	4	219	1022	
99	145	398	0	134	327	200	1023	333	0	
105	94	426	95	198	0	78	1023	628	12	
45	4	130	0	8	430	1022	242	580	198	
68	145	368	0	195	327	200	333	1023	0	
72	366	65	23	186	152	1022	0	560	213	
19	88	321	496	0	76	301	8	1022	328	
274	34	12	274	30	25	275	713	1022	0	
0	45	30	510	107	370	1022	132	322	121	
325	15	286	210	65	0	592	143	1023	0	
232	137	61	160	8	166	736	136	0	1023	
0	0	128	0	201	21	1022	435	145	707	
68	145	368	0	165	357	200	1023	333	0	
139	0	8	61	304	384	1023	78	563	99	
0	30	99	297	456	182	34	0	1022	539	

60	425	34	177	120	0	1022	621	381	0	
30	0	15	510	429	15	610	166	999	66	
68	2	247	34	176	312	1022	237	301	441	
509	2	232	334	153	511	241	39	542	277	
46	4	507	15	60	113	1023	364	8	700	
487	0	98	511	38	289	365	81	971	0	
33	32	510	0	146	297	1023	58	516	225	
53	0	72	129	511	137	0	244	887	807	
8	397	90	0	20	312	0	931	1022	60	
90	0	83	0	252	216	88	1022	967	122	
34	283	511	372	0	61	208	945	0	426	
34	0	0	511	304	128	1022	76	244	521	
75	103	60	23	346	0	928	1023	278	4	
30	57	30	53	143	267	952	1023	285	0	
183	312	15	34	8	30	158	971	1022	107	
16	19	491	511	60	305	289	875	182	92	
91	153	15	38	394	334	621	1022	168	4	
331	132	220	0	0	274	60	709	1023	91	
23	2	281	0	146	335	515	515	1023	0	 ***
38	32	247	68	390	342	245	455	1023	0	
55	2	255	0	382	312	1023	88	486	237	
23	32	247	15	398	312	1023	24	289	477	
38	162	304	0	30	0	293	61	929	1023	
113	2	511	244	183	320	196	213	1005	53	
38	99	8	349	16	8	30	1023	794	475	
180	308	4	0	304	73	114	0	1022	835	
0	122	159	511	68	57	1022	750	38	113	
23	402	38	137	0	38	983	1022	0	197	
511	2	247	278	146	305	568	208	575	0	
25	510	247	38	146	339	534	790	211	0	
290	75	0	0	19	334	963	136	0	1023	
99	0	366	255	15	64	607	1022	130	282	
25	300	277	16	138	372	448	1023	241	0	
150	510	30	34	0	312	735	0	46	1023	
418	38	217	38	0	68	65	821	1023	152	
267	2	307	0	511	312	196	929	226	90	
129	90	68	30	323	0	1023	0	157	1020	
0	282	143	274	0	114	74	891	1023	39	
0	68	90	42	87	396	991	68	76	1022	
334	511	194	141	0	304	815	0	541	0	
30	45	274	109	90	0	1023	187	1022	60	

4	0	212	396	0	0	88	582	1022	30	
510	30	0	60	0	0	0	1022	697	15	
0	30	0	511	0	135	0	1003	0	655	
0	152	15	0	45	45	98	1023	956	0	
38	53	509	0	511	0	152	912	98	61	
0	0	232	122	146	294	199	319	1022	0	
0	4	232	0	138	297	1023	441	199	0	
244	8	102	0	4	60	105	1023	715	73	
0	60	274	60	471	289	0	1020	0	160	
0	90	0	0	0	30	152	986	1023	53	
75	0	304	0	0	444	30	31	1020	430	
0	30	15	30	0	0	216	1020	1023	0	
0	8	274	0	15	486	64	1023	312	152	
4	0	266	0	160	305	254	1023	322	0	
0	160	0	0	349	30	712	1023	60	0	
60	75	456	0	15	38	396	1020	274	0	
0	0	0	30	0	366	30	135	1020	753	
0	511	0	0	0	60	1023	0	635	105	
304	0	0	0	45	15	0	1023	0	947	
0	0	197	0	142	427	195	1022	351	0	
244	0	0	90	30	45	906	1019	0	0	
463	304	8	0	197	30	0	312	1020	0	
0	30	90	0	0	476	0	441	1023	274	
0	0	0	274	0	198	38	1021	773	30	
60	8	274	75	30	0	90	1020	777	0	
511	252	0	0	510	0	0	971	90	0	
0	60	510	441	30	274	0	0	1019	0	 ***
0	0	0	120	0	98	259	1023	712	122	
0	0	60	0	120	511	988	0	0	655	
0	0	201	15	138	290	197	471	1022	0	
4	0	247	0	146	397	199	319	1022	0	
0	0	0	0	274	30	947	1023	0	60	
30	0	327	0	146	290	199	319	1023	0	
506	0	0	274	0	511	953	90	0	0	
4	0	201	0	176	290	199	441	1023	0	

45	304	510	286	99	364	0	0	718	593	
374	0	510	120	244	60	31	380	697	503	
379	0	244	244	38	15	259	548	1023	169	
411	8	511	136	319	60	0	0	922	552	
75	30	510	304	0	304	75	441	662	518	
60	23	0	510	0	304	0	0	1001	1021	
319	60	0	136	0	511	610	964	244	75	
144	15	160	505	244	64	1022	660	60	45	
122	510	261	60	252	304	515	865	0	30	
501	394	289	244	0	510	0	0	981	0	
437	282	510	349	0	30	274	152	885	0	
60	259	334	8	212	114	910	0	1022	0	
319	60	259	426	511	252	471	0	621	0	 ***
259	0	510	0	442	244	75	98	987	304	
0	312	197	303	274	259	556	0	1018	0	
64	130	511	244	129	0	595	274	972	0	
76	0	379	90	304	0	0	244	1022	804	
0	302	244	418	4	0	1022	0	899	30	

327	60	335	366	342	312	449	0	1021	0	 ***
319	129	274	382	511	312	623	0	662	0	
23	494	511	0	0	0	260	323	1008	593	
349	511	15	0	481	379	784	693	0	0	
122	8	319	75	511	121	244	274	917	621	
275	0	54	0	30	511	1004	1022	316	0	
346	0	252	426	0	15	0	270	1023	880	
349	60	252	435	511	304	586	0	715	0	
510	0	0	0	503	0	632	305	244	1018	
252	30	357	15	342	0	698	190	305	1023	
68	334	8	404	0	403	698	15	259	1023	
319	365	244	511	30	496	349	0	898	0	
8	290	0	511	122	488	327	278	755	433	
319	61	279	0	304	494	734	0	0	1021	
0	252	488	289	0	511	972	503	0	197	

396	69	440	0	0	511	0	548	839	0	
8	15	320	396	312	113	616	0	1023	0	
83	15	320	379	312	312	361	0	1021	0	
60	0	0	0	30	511	244	60	967	931	
313	0	488	19	0	0	117	0	1023	843	
0	505	488	0	0	0	791	969	50	0	
244	244	68	0	83	19	1001	60	1023	61	
105	8	305	396	319	308	342	0	1020	0	 ***
106	0	304	0	0	510	244	623	1016	0	
468	304	297	121	0	0	49	0	1008	556	
38	0	320	374	312	75	661	0	1023	0	
61	0	320	366	342	304	387	0	1023	0	
338	136	244	0	158	487	0	419	1021	0	

75	0	15	0	15	30	395	0	1023	991	
137	8	350	274	319	121	274	38	1023	0	
45	0	244	30	0	510	30	23	1023	639	
166	38	305	274	319	94	53	272	1023	0	
274	467	313	0	0	159	128	0	1023	180	
297	0	51	84	120	0	863	107	1022	0	
45	511	0	60	60	289	244	259	985	91	
511	165	0	60	60	16	0	1000	732	0	
424	507	0	469	30	0	91	0	1023	0	
244	61	115	511	469	0	30	0	1023	91	
488	83	30	120	501	0	179	121	1022	0	
137	38	368	274	334	60	38	0	1023	272	
511	8	426	304	289	304	0	0	702	0	 ***
139	53	366	335	304	60	264	0	1023	0	
61	0	60	90	45	30	961	274	1023	0	
0	511	79	503	0	15	331	90	1015	0	
91	63	0	30	506	75	0	756	1023	0	
0	0	30	60	105	61	0	1010	1022	256	
0	30	128	0	45	30	868	181	1018	244	
0	244	0	151	304	0	0	1022	823	0	

502	0	404	334	412	120	0	54	243	649	
455	61	17	4	141	365	1007	668	0	0	
511	229	30	91	282	434	109	0	892	140	
499	15	426	304	293	76	0	672	251	182	
4	165	165	60	250	0	976	1022	76	0	
511	170	94	4	396	150	0	318	938	137	
5	0	45	68	90	4	61	1023	998	424	
511	183	408	430	312	60	237	0	577	0	
511	308	30	286	0	60	343	90	999	91	
511	251	426	304	274	120	0	535	267	30	
424	8	442	511	293	60	227	0	684	69	
502	202	411	364	308	60	0	589	236	46	
185	182	411	511	297	319	0	0	813	0	 ***
4	42	364	0	59	106	79	45	1023	996	
493	53	45	511	90	34	248	0	940	304	
31	195	91	47	511	0	0	0	854	989	

0	308	30	378	201	511	334	414	53	1012	
95	0	400	511	507	105	244	120	833	426	
0	511	272	406	0	257	930	542	263	60	
316	492	404	305	323	395	0	0	1006	0	 ***
72	244	511	305	263	349	867	0	630	0	
30	171	248	159	0	412	496	19	1023	683	
132	0	396	335	263	90	1023	248	754	0	
90	274	15	320	5	75	1023	852	308	279	
80	488	400	511	267	105	0	120	832	438	
34	0	79	511	396	459	608	1017	0	137	

