#9034.27	27211	29325	0	0	 83 
#9131.33	26075	29325	0	0	 82 
#9025.99	30810	29325	0	0	 80 
#9028.17	29524	29325	0	0	 61 
#10225.1	22749	29325	0	0	 43 
#9146.14	22844	29325	0	0	 43 

10090.8	17468	25246	40	863	 100 
9492.83	17273	25246	73	2863	 99 
10098.4	17229	25246	44	951	 97 ***
10081.3	18242	25246	61	2370	 96 
10079.7	17438	25246	65	2286	 96 
10081.8	19180	25246	57	2177	 93 
10086.9	21068	25246	20	361	 92 
8901.23	22220	25246	64	2191	 87 
9485.23	20192	25246	58	2350	 85 
10086.3	21330	25246	22	384	 83 
10104.7	16117	25246	71	2488	 79 
10082.8	17655	25246	63	2598	 79 
8904.45	23460	25246	60	2221	 79 
9487.41	17801	25246	64	2316	 70 
9303.88	16266	25246	78	3007	 67 
10078	17742	25246	69	2681	 66 
10080.5	20324	25246	52	2171	 64 
10092.8	17680	25246	39	833	 60 
9281.18	18530	25246	67	2587	 52 
10088.2	18013	25246	59	2178	 48 
10086.4	19692	25246	24	408	 48 
10093	17289	25246	41	841	 45 
9484.56	19980	25246	60	2485	 43 
10082.7	21386	25246	26	513	 43 
10087.6	16818	25246	68	2748	 42 
9010.81	21371	25246	56	2229	 39 
10083.1	18473	25246	29	502	 38 
9293.11	18458	25246	74	3024	 29 
7496.74	17265	25246	77	2847	 29 
9008.51	18553	25246	63	2295	 25 
8907.31	19796	25246	71	2660	 25 
10079.4	20589	25246	57	2154	 20 
8096.81	18734	25246	73	3028	 19 
9490.78	21399	25246	54	2440	 18 
9002.89	19549	25246	67	2562	 17 
8198.03	21704	25246	67	2533	 16 
9023.32	17998	25246	75	3082	 12 
9010.72	20124	25246	60	2247	 9 
10081.9	18615	25246	58	2469	 8 
8115.53	23082	25246	69	2534	 5 
10080.4	19252	25246	61	1997	 5 

9333.89	15010	26494	31	1242	 99 
8463.71	21213	26494	48	2131	 91 
8945.99	21020	26494	46	1988	 91 
10151.9	14612	26494	10	383	 91 
10136.7	17068	26494	25	665	 86 
8729.76	15798	26494	81	2850	 77 
9072.33	17998	26494	39	1521	 76 
10150.8	16833	26494	3	95	 75 
8272.51	21685	26494	64	2544	 50 
10152.4	14531	26494	10	276	 49 
8251.51	21666	26494	67	2532	 41 
10140.7	15771	26494	27	852	 36 
9340.48	17458	26494	6	596	 24 
10147.2	15983	26494	5	535	 16 
8744.19	18103	26494	62	2537	 12 
10151.3	15667	26494	3	49	 12 ***
9067.58	20158	26494	47	2163	 11 
8145.8	21314	26494	79	2933	 4 
9331.21	15944	26494	80	2691	 2 

10271.8	16512	29672	13	215	 97 
10268.4	15760	29672	32	1392	 92 
8396.66	19743	29672	71	2780	 86 
9060.41	14747	29672	79	2921	 83 
8861	15881	29672	40	2091	 78 
10278	14714	29672	6	96	 73 ***
9179.34	15612	29672	74	2688	 72 
10272.7	16057	29672	29	682	 69 
8391.25	17855	29672	74	2787	 65 
8377.43	16089	29672	75	2914	 57 
9186.04	16641	29672	39	2067	 57 
10278.6	14640	29672	5	199	 57 
9187.47	15587	29672	72	2556	 54 
9186.68	15756	29672	73	2783	 51 
8654.15	16391	29672	74	2384	 48 
8479.21	16439	29672	40	1934	 41 
9193.89	15313	29672	74	2797	 33 
9201.16	14985	29672	39	1970	 32 
9461.19	14943	29672	34	1692	 26 
9196.69	15088	29672	74	2548	 25 
10274.5	14894	29672	7	340	 25 
9451.56	14503	29672	69	2295	 21 
10266	13823	29672	73	2728	 13 
7781.85	20636	29672	78	2861	 10 
9196.91	16432	29672	39	1663	 10 
10286.8	13731	29672	75	2692	 9 
9096.25	15491	29672	78	2937	 8 
9207.03	16689	29672	38	1808	 7 
9469.93	13917	29672	37	1716	 4 
9467.48	17236	29672	9	664	 3 
10277.1	15468	29672	5	161	 2 

10127.4	11481	29293	28	1358	 99 
10132.9	11261	29293	20	496	 98 
10134.2	11741	29293	1	8	 96 
10128.6	11395	29293	2	23	 93 ***
8114.94	11432	29293	69	2626	 92 
10108.6	10477	29293	33	2151	 85 
10134.8	11025	29293	28	1440	 79 
9322.01	11698	29293	23	953	 78 
8128.77	10697	29293	29	1628	 65 
7856.61	13491	29293	40	1973	 56 
8122.2	10098	29293	67	2464	 56 
8264.12	9075	29293	50	2332	 54 
10128.1	11520	29293	2	38	 44 
7636.55	11920	29293	46	1838	 19 
7364.74	11862	29293	70	2652	 15 
8127.71	11893	29293	24	1136	 13 
7374.26	13524	29293	67	2538	 10 
10127.3	11547	29293	2	23	 6 

10022.1	11737	27923	2	23	 100 ***
10020	12452	27923	16	340	 94 
10041.5	11115	27923	31	1705	 93 
8957.78	13477	27923	26	1432	 91 
9227.09	13942	27923	20	676	 88 
8393.43	11857	27923	61	2256	 84 
10025.3	11704	27923	4	160	 75 
9234.75	12735	27923	17	596	 70 
10031.2	11507	27923	4	160	 67 
8144.42	13401	27923	42	1874	 59 
8942.32	11357	27923	27	1577	 57 
9425.13	11348	27923	27	1493	 50 
8601.27	12190	27923	59	2204	 50 
10024	11717	27923	3	145	 50 
7757.21	12450	27923	61	1861	 48 
8628.56	13401	27923	35	939	 46 
8606.01	12520	27923	56	2043	 33 
8945.01	9846	27923	33	1535	 31 
8618.02	10781	27923	61	1974	 31 
8819.96	12950	27923	55	1701	 26 
8227.96	13070	27923	60	1837	 25 
8833.13	11915	27923	29	1515	 25 
8831.27	12117	27923	27	1500	 24 
8130.74	10400	27923	63	2318	 22 
8124.61	13389	27923	57	2006	 21 
8829.49	11236	27923	59	2180	 10 
9223.33	11242	27923	29	1455	 1 

9855.83	9662	23299	27	844	 89 
8072.8	8800	23299	63	2137	 81 
7355.6	9981	23299	54	1964	 78 
8450.97	11005	23299	21	732	 78 ***
7429.68	11485	23299	41	1731	 76 
9043.67	11393	23299	7	327	 67 
9045.06	9998	23299	8	296	 64 
7600.89	9076	23299	38	1967	 60 
9855.87	11797	23299	5	161	 60 
9046.57	9767	23299	29	847	 56 
9039.4	10009	23299	22	745	 55 
8179.61	12018	23299	37	1728	 52 
9249.09	9071	23299	54	2237	 52 
9045.09	11074	23299	6	201	 47 
8444.75	11631	23299	31	1419	 41 
8182.14	10867	23299	37	1684	 39 
9038.84	10371	23299	22	745	 33 
9036.2	10497	23299	22	852	 17 
8663.2	9784	23299	32	1642	 15 
9039.17	10257	23299	22	745	 14 
9037.69	9829	23299	28	801	 1 

9231.87	10805	22329	14	489	 98 
8141.95	12248	22329	59	2281	 95 
9834.39	11402	22329	10	196	 90 
8038.77	12746	22329	49	1641	 82 
8225.63	12720	22329	46	1939	 76 
7856.48	13988	22329	51	2172	 72 
8421.6	9863	22329	29	707	 71 
7958.26	13130	22329	47	1923	 31 
9832.06	9991	22329	15	504	 31 
9234.47	10093	22329	24	690	 28 
8421.23	10257	22329	26	684	 27 
9020.75	9472	22329	25	648	 26 
8250.44	12384	22329	56	2150	 24 
8418.99	12360	22329	24	471	 9 
8420.44	10386	22329	15	473	 2 ***
7583.39	13533	22329	58	2311	 0 

8915.01	13110	26894	4	202	 92 ***
8708.84	13006	26894	28	835	 65 
7971.58	15987	26894	67	2350	 58 
10121.8	12583	26894	23	662	 54 
10099.1	12778	26894	61	2205	 49 
8114.48	14790	26894	35	1116	 48 
8233.87	13277	26894	10	968	 19 

8713.85	10410	24404	19	871	 92 
8057.28	12504	24404	68	2452	 84 
8714.43	12055	24404	8	404	 81 
8712.97	10991	24404	21	742	 53 
8046.62	12786	24404	51	2246	 49 
8714.91	9819	24404	5	83	 42 ***
7767.8	13591	24404	65	2278	 29 
8499.43	12729	24404	61	2271	 29 
8713.28	11687	24404	16	570	 29 
8510.36	12182	24404	45	2198	 20 
8042.07	12972	24404	62	2375	 19 
8706.66	9769	24404	22	788	 5 

9870.46	12635	24831	8	835	 93 
8001.76	13422	24831	55	1967	 90 
9259.55	11753	24831	32	964	 89 
9276.16	12901	24831	13	654	 85 
7988.48	13351	24831	63	1983	 84 
8457.46	13055	24831	57	1767	 79 
9269.81	11389	24831	26	490	 70 ***
8072.68	12793	24831	58	1865	 65 
9872.5	11691	24831	10	648	 59 
9866.93	12266	24831	18	715	 30 
8461.81	12305	24831	63	1983	 14 
8798.27	12983	24831	15	939	 9 
8663.67	11840	24831	21	746	 4 

7972.36	14692	23425	63	2255	 97 
8043.66	10866	23425	60	2138	 89 
9244.71	12313	23425	5	340	 85 
8165.34	13465	23425	22	626	 62 
9040.21	12595	23425	58	2194	 56 
9036.72	12388	23425	59	1766	 33 
9241.31	12964	23425	34	1271	 26 
9243.52	11759	23425	7	92	 20 ***
8781.4	12714	23425	40	1372	 13 

8789.13	15784	23944	46	1189	 100 
9879.54	14657	23944	72	2315	 99 
9068.39	15229	23944	68	2259	 87 
9244.58	15031	23944	21	782	 87 
8667.45	15957	23944	47	1604	 86 
7854.4	16067	23944	68	2219	 85 
8766.27	16827	23944	29	1118	 84 
9847.11	15948	23944	3	7	 83 
9243.4	14957	23944	29	864	 78 
9038.41	15654	23944	69	2281	 72 
9262.11	16072	23944	20	770	 71 
8772.7	17615	23944	27	981	 63 
9844.52	15237	23944	16	735	 51 
9242.94	16029	23944	42	1787	 49 
9245.39	16403	23944	10	131	 33 
9239.59	16569	23944	26	851	 29 
9845.24	15216	23944	5	44	 26 
9845.95	14929	23944	4	41	 20 ***
8756.36	15731	23944	69	2052	 19 
9238.83	16634	23944	24	791	 18 
7869.35	17740	23944	65	1637	 13 
9243.88	14921	23944	23	830	 12 
9845.54	15549	23944	4	40	 8 
8182.95	16079	23944	30	1187	 6 
9880.04	14847	23944	70	2178	 2 
9241	16248	23944	25	733	 2 
9246.15	16339	23944	19	323	 0 

8844.46	15765	25835	61	1795	 100 
10020.6	15169	25835	23	939	 99 
9211.56	13743	25835	42	1568	 95 
10023.4	15679	25835	19	575	 84 
8827.22	14006	25835	64	1813	 82 
9420.07	12470	25835	63	1191	 68 
9211.38	14317	25835	50	1319	 66 
10017.7	13089	25835	56	1376	 59 
8937.11	14826	25835	30	1150	 55 
10030.8	11936	25835	67	1796	 54 
10035.3	12697	25835	48	1582	 51 
8968.07	15521	25835	23	747	 51 ***
8935.56	15707	25835	24	943	 46 
10029.2	14450	25835	6	49	 37 
10021.8	14708	25835	28	1011	 23 
8842.89	17588	25835	58	1348	 14 
9235.05	13040	25835	61	1373	 13 
10031.8	13120	25835	49	1614	 9 
10024.9	16062	25835	17	620	 7 
8848.21	16092	25835	50	1227	 2 
8828.4	16113	25835	59	1677	 0 
10012.8	15228	25835	21	850	 0 

9354.85	13313	27228	53	1618	 99 
9097.96	18205	27228	14	464	 98 
8036.91	17420	27228	63	2166	 88 
10158.9	16865	27228	22	1059	 87 
10155.6	13146	27228	58	1975	 84 
10157.7	17319	27228	22	838	 81 
9081.92	17382	27228	18	739	 79 ***
8760.7	13105	27228	62	1850	 78 
9083.6	14947	27228	52	1692	 60 
8534.68	13398	27228	63	1772	 57 
9085.49	17363	27228	23	844	 51 
9069.9	18236	27228	26	1184	 45 
9078.96	17727	27228	21	863	 31 
9078.83	17733	27228	21	818	 25 
9079.96	18342	27228	20	555	 18 
9349.25	13070	27228	63	1879	 13 
8755.28	15557	27228	61	1840	 11 
10161.9	16371	27228	21	832	 11 
8770.71	17945	27228	59	1895	 8 
9074.2	17806	27228	25	953	 8 

9095.74	18277	26361	23	847	 85 
9092.33	18506	26361	4	500	 80 
9118	17898	26361	18	865	 76 
9089.44	15981	26361	53	1974	 70 
9092.54	17221	26361	25	864	 70 
9566.66	13374	26361	76	2571	 68 
9343.36	15364	26361	76	2754	 60 
10175.4	17062	26361	30	1276	 58 
9362.41	13605	26361	69	2383	 56 
10174.9	17900	26361	15	506	 56 
10183.4	17895	26361	8	888	 53 
10181.5	17558	26361	24	1095	 50 
10167.8	14339	26361	64	2492	 49 
9353.69	14448	26361	53	1892	 46 
8753.44	17385	26361	66	1980	 40 
8981.52	16790	26361	68	2389	 40 
9097.14	18051	26361	5	523	 38 
9088.07	18773	26361	17	498	 36 
10161.5	13437	26361	71	2210	 33 
8993.99	18334	26361	54	2328	 20 
8975.04	20033	26361	56	2407	 16 
9099.02	17990	26361	5	340	 8 ***
10183.8	17809	26361	6	767	 6 
8283.56	18612	26361	57	2459	 5 

8308.3	12922	28254	53	2174	 100 
8202.57	12196	28254	63	1677	 100 ***
8433.13	11341	28254	67	2140	 98 
7920.73	13154	28254	67	2114	 98 
7956.88	12826	28254	57	2193	 94 
9020.65	16774	28254	27	751	 93 
8694.42	14062	28254	43	1866	 88 
8685.16	14232	28254	47	1689	 88 
9034.35	16408	28254	13	505	 87 
9017.21	15693	28254	39	687	 85 
10108.4	12938	28254	48	1995	 82 
8889.2	12869	28254	53	2173	 77 
9489.17	12024	28254	50	2125	 76 
7906.01	12649	28254	69	1975	 75 
9032.49	16745	28254	17	534	 71 
10087.8	13140	28254	46	1838	 70 
9019.86	16793	28254	22	450	 69 
9033.45	16732	28254	14	732	 66 
9011.94	12737	28254	49	2097	 64 
8307.7	13211	28254	51	2067	 63 
9033.58	15794	28254	21	616	 61 
8898.37	11702	28254	55	1980	 60 
7709.4	13460	28254	63	2086	 40 
9016.87	17174	28254	22	404	 34 
9297.05	12529	28254	49	2091	 31 
10089.8	13110	28254	48	1826	 31 
9295.01	12693	28254	54	2079	 31 
8417.77	13232	28254	50	2101	 28 
9299.85	13811	28254	46	1961	 28 
9021.99	16847	28254	19	558	 28 
9025.85	16323	28254	25	464	 26 
9022.84	13184	28254	48	1883	 25 
8216.72	12572	28254	55	2143	 23 
8307.85	13145	28254	53	2224	 22 
9025.1	16565	28254	27	973	 17 
8480.01	14387	28254	47	1565	 7 
10110	15782	28254	25	963	 5 

8190.23	13797	27773	18	902	 99 
7493.07	13856	27773	74	2388	 96 
8397.45	12410	27773	70	2267	 96 
8476.38	12259	27773	70	2351	 93 
8284.27	12511	27773	71	2103	 90 
9273.86	11646	27773	78	2583	 90 
7911.11	13430	27773	51	1528	 88 
9259.19	11799	27773	34	1418	 79 
8647.87	12275	27773	37	1664	 79 
7616.14	15576	27773	72	2464	 70 
8081.09	12738	27773	70	1864	 57 
8072.39	13183	27773	73	2194	 57 
8192.76	12418	27773	74	2470	 54 
8652.59	11916	27773	47	2135	 42 
8449.4	12661	27773	43	2125	 37 
10080.4	12261	27773	31	1471	 30 
9467.12	12481	27773	31	1402	 29 
8080.56	12597	27773	74	2339	 28 
10083.8	11497	27773	71	2384	 23 
8186.42	13864	27773	15	817	 23 
7910.03	14064	27773	39	1683	 18 
8189.77	12733	27773	20	924	 11 ***
8189.56	13317	27773	19	528	 10 
8083.8	12904	27773	68	2237	 2 
7789.96	13546	27773	66	2213	 1 

10019.8	9499	24667	40	1664	 95 
9412.7	10503	24667	35	1279	 88 
9215.7	11142	24667	11	756	 85 
7728.38	9946	24667	40	1452	 80 
9210.77	9761	24667	43	1868	 80 
8133.97	12399	24667	21	919	 79 
8347.71	11361	24667	13	431	 75 
8039.52	9845	24667	63	2048	 70 
9408.35	10122	24667	37	1425	 69 
7543.99	9790	24667	66	1786	 66 
8162.3	11354	24667	19	620	 65 
9212.66	9480	24667	42	1850	 64 
10020.1	10479	24667	32	1328	 62 
8970.04	10945	24667	38	1561	 61 
10039.6	9545	24667	37	1803	 58 
8343.37	11222	24667	14	675	 58 
9208.47	10883	24667	37	1411	 55 
9218.55	9694	24667	41	1823	 51 
8955.26	11103	24667	31	1251	 50 
8145.46	12679	24667	20	819	 43 
8941.5	12005	24667	12	177	 36 
8339.36	9740	24667	60	2092	 31 
9242.79	9275	24667	44	1643	 24 
9209.54	11122	24667	26	977	 22 
8154.42	11425	24667	18	387	 11 ***
10018.2	9922	24667	37	1342	 9 
10014.6	10826	24667	32	1111	 8 
8354.51	8919	24667	45	1722	 8 
9213.76	10807	24667	38	1712	 7 
9410.89	9302	24667	42	1746	 7 
10019	10683	24667	34	1328	 4 
9417.5	10110	24667	39	1770	 1 
10020.5	9775	24667	37	1342	 1 

9026.73	8551	20742	32	571	 99 
7591.72	7058	20742	43	1487	 96 
9844.95	7069	20742	41	1442	 94 
6509.96	6921	20742	45	1550	 93 
7348.26	9113	20742	28	540	 91 ***
6522.93	9406	20742	43	1491	 88 
7331.78	9137	20742	23	697	 87 
8140.2	9234	20742	22	719	 79 
8765.55	10177	20742	16	436	 75 
6988.31	6463	20742	45	1731	 72 
7935.19	9467	20742	22	706	 61 
8155.21	7161	20742	42	1618	 55 
5307.99	5989	20742	47	1561	 50 
8154.78	8564	20742	31	556	 49 
7946.75	8601	20742	32	571	 46 
7320	7564	20742	42	1509	 43 
8998.93	6143	20742	45	1783	 42 
7332.5	9493	20742	22	717	 42 
9828.7	6806	20742	42	1640	 41 
7068.4	7957	20742	44	1701	 33 
7596.35	7248	20742	38	1396	 29 
7945.59	8591	20742	33	586	 18 
8411.81	6961	20742	43	1295	 17 
7316.37	7582	20742	44	1531	 13 
8403.5	7030	20742	43	1273	 11 
8396.03	6369	20742	44	1498	 11 
8141.34	9236	20742	20	622	 11 
7955.48	10407	20742	15	475	 7 
7939.74	8869	20742	36	1570	 5 
8417.23	6528	20742	43	1646	 0 

7351.38	8840	22469	57	1749	 96 
7561.42	10481	22469	37	1520	 92 
7777.17	9697	22469	31	1425	 91 
8065.64	9440	22469	29	1258	 91 
10047.8	9834	22469	28	1121	 86 
9264.43	10137	22469	13	341	 80 
7785.3	8018	22469	32	1464	 77 
9260.21	9839	22469	28	1357	 76 
7831.69	8628	22469	30	1433	 70 
7465.05	8689	22469	59	1661	 69 
7563.03	10944	22469	34	1485	 63 
7185.13	9475	22469	55	1792	 60 
8638.01	10051	22469	25	1282	 59 
6568.08	10567	22469	35	1471	 59 
10051.9	9883	22469	26	1060	 58 
8993.98	7944	22469	48	1441	 57 
8361.25	7771	22469	56	1619	 56 
9260.22	10835	22469	11	351	 52 
7546.57	9870	22469	50	1609	 51 
7564.69	10223	22469	42	1141	 51 
8980.61	10851	22469	15	304	 49 
8983.59	11568	22469	14	401	 45 
8643.42	10006	22469	28	1326	 43 
8645.13	7096	22469	56	1608	 42 
7263.43	11862	22469	29	1101	 40 
8433.89	10085	22469	16	548	 38 
7828.35	12268	22469	16	474	 37 
6964.97	10434	22469	58	1867	 33 
9252.33	9884	22469	26	1174	 26 
7577.31	10184	22469	18	746	 24 ***
10051.3	9345	22469	28	1350	 20 
8990.2	10688	22469	13	341	 20 
9452.47	8149	22469	29	1136	 9 
7577.25	11582	22469	31	1300	 7 
7579.85	8689	22469	46	1638	 5 
7347.93	9744	22469	54	1681	 2 
7560.91	11798	22469	32	1335	 1 
7463.85	10062	22469	50	1678	 1 

8277.68	9599	22941	27	463	 96 
6566.31	8572	22941	55	1974	 88 
7850.29	7336	22941	34	1994	 85 
7879.48	11453	22941	30	1926	 65 
7929.8	10378	22941	24	1419	 63 
8263.63	10497	22941	9	352	 54 ***
9555.37	10042	22941	26	1213	 36 
7896.69	12027	22941	27	1663	 32 
7383.31	10570	22941	31	2027	 31 
8539.61	10147	22941	25	1899	 30 
7195.23	12393	22941	54	1975	 19 
8748.62	10063	22941	25	420	 18 
8265.74	10588	22941	8	208	 17 

6800.08	10723	21496	61	2002	 100 
6971.03	9942	21496	52	2266	 94 
8195.43	9372	21496	6	167	 94 ***
7617.55	9513	21496	54	2051	 93 
5796.03	6893	21496	62	2177	 90 
8090.34	10636	21496	31	1980	 89 
8391.41	9059	21496	38	2104	 85 
7854.3	9274	21496	46	1964	 84 
7589.5	9664	21496	61	2490	 79 
9468.76	8643	21496	49	2017	 65 
9285.7	9217	21496	37	2085	 60 
9491.47	9322	21496	33	1847	 57 
9495	8294	21496	61	2025	 50 
7952.3	11126	21496	30	1838	 50 
7577.58	9850	21496	32	2184	 49 
8062.66	9692	21496	32	2097	 46 
7474.75	10563	21496	32	1842	 30 
7803.21	8721	21496	48	1952	 25 
7596.22	10993	21496	31	2032	 22 
7581.74	9803	21496	34	2133	 14 
7384.61	10829	21496	41	736	 3 

8107.93	12092	21882	7	53	 98 
7711.54	8828	21882	32	1707	 96 
8308.48	7051	21882	59	1970	 96 
7727.99	7229	21882	61	1798	 89 
6610.65	11987	21882	56	1644	 87 
7139.3	9890	21882	33	1511	 87 
6952.56	7944	21882	49	1651	 66 
8203.12	7849	21882	47	1401	 57 
6096.09	8537	21882	61	1798	 54 
8109.96	11170	21882	8	440	 53 
6697.93	8157	21882	34	1657	 52 
8582.73	8104	21882	28	1171	 51 
7992.28	7716	21882	50	1921	 51 
10007.8	10917	21882	26	1092	 51 
7509.58	8881	21882	27	1081	 41 ***
7321.04	9030	21882	30	994	 23 
8917.32	11121	21882	7	293	 23 
6428.17	10779	21882	57	1754	 17 
8109.21	8814	21882	32	1393	 15 
10015.4	9872	21882	26	1108	 10 
8925.72	10929	21882	8	242	 8 

9065.05	10761	24549	6	94	 76 ***
7863.67	10134	24549	8	139	 75 
7056.72	11947	24549	29	682	 65 
7855.19	11409	24549	30	518	 64 
8473.59	12458	24549	6	323	 63 
7654.55	11496	24549	11	170	 9 

7974	8442	25922	4	109	 77 ***
8581.5	8273	25922	5	331	 75 
8382.62	9991	25922	2	8	 69 
7769.63	8335	25922	13	273	 56 
7776.65	8734	25922	4	327	 49 
7564.8	9897	25922	32	626	 25 
7525.76	12609	25922	64	2043	 18 
7762.84	9376	25922	35	608	 17 
7581.11	9555	25922	30	536	 5 

