#80	272	192	160	320	192	3304	356	3464	0	
#0	2480	80	480	84	352	356	4152	84	272	
#272	240	480	0	352	160	352	1128	40	5316	
#0	244	240	272	192	240	112	232	4232	2576	
#160	84	144	320	160	80	3844	480	80	2988	
#272	248	160	80	164	64	3928	240	160	3024	

320	240	160	180	0	640	644	4792	32	544	
0	240	320	192	1008	916	84	1216	0	3576	
272	112	160	160	32	704	80	4716	832	484	
1456	720	0	192	400	276	80	272	0	4156	
352	880	244	144	516	160	0	320	4744	192	
464	720	244	176	596	0	0	240	308	4804	 ***
272	1712	244	176	644	160	0	1380	2772	192	
592	992	272	144	484	240	0	2336	2300	192	
272	240	244	544	484	1056	0	1732	2036	944	
480	80	0	1568	0	0	480	1592	3240	112	
512	224	0	1680	0	272	3544	84	1076	160	
1408	64	80	384	84	320	804	4344	64	0	
272	960	1536	464	484	192	0	2644	616	384	
120	192	32	160	272	84	160	5060	784	688	
0	112	2016	272	192	36	192	3304	1236	192	
592	0	80	544	0	0	984	3572	1508	272	
116	192	160	516	512	320	4856	0	768	112	
80	2340	0	32	0	112	672	3852	464	0	
304	0	272	192	0	720	2336	3216	352	160	
4	32	352	240	112	1024	352	3620	1416	400	
64	672	0	560	0	388	164	0	4488	1216	
192	240	416	272	192	160	164	196	5208	512	
304	880	272	144	484	160	336	3684	936	352	
240	304	80	272	1728	320	80	712	3816	0	
160	160	0	192	192	560	32	432	4992	832	
400	640	0	756	112	0	3932	352	976	384	
592	432	244	176	516	160	0	416	4824	192	
112	80	224	240	160	112	160	3284	3020	160	
112	0	384	352	164	480	1140	4568	352	0	
352	384	244	224	484	160	0	304	4024	1376	
112	240	0	304	640	0	80	160	2992	3024	
272	560	276	144	484	160	32	2564	2788	272	
352	400	244	464	596	160	0	304	4840	192	
80	160	1024	624	84	32	592	4844	112	0	
272	464	276	144	804	160	0	352	4888	192	
1316	1456	144	240	304	0	0	692	2616	784	
80	144	68	320	384	160	112	4772	712	800	
84	176	144	0	160	480	704	4972	432	400	
0	112	0	592	112	624	1232	0	4880	0	

272	0	320	1424	544	32	3024	752	224	1472	
0	0	224	496	912	0	1712	440	3848	432	
496	560	84	176	916	0	80	272	836	4644	
464	1040	112	400	624	0	0	240	480	4704	
272	2400	0	1232	528	192	0	1388	2052	0	
464	1232	320	176	596	0	0	560	160	4556	 ***
1184	880	84	208	596	0	0	240	228	4644	
432	832	0	160	64	496	932	84	480	4584	
752	32	0	704	480	400	4496	192	896	112	
384	480	32	1680	80	160	352	2012	2884	0	
464	400	112	176	592	640	0	560	1536	3584	
544	560	84	208	596	0	0	880	548	4644	
0	0	528	832	304	352	1152	560	4112	224	
1456	0	160	0	32	32	480	976	80	4848	
192	320	80	496	512	432	1056	0	160	4816	
112	384	160	992	80	192	80	272	624	5168	
416	272	80	144	352	240	1428	320	0	4812	
0	2020	240	420	144	0	3352	512	112	1264	

304	160	784	272	320	720	0	1136	192	5492	
1920	80	224	0	1776	320	416	3668	560	416	
384	1232	160	976	624	0	0	720	240	5044	
864	1072	320	96	592	0	32	1200	320	4884	
1456	2580	112	800	240	0	912	1024	0	2256	
1200	672	320	272	320	144	944	704	64	4740	
304	880	1184	432	1280	320	144	32	0	4804	
272	1120	32	160	352	992	192	720	352	5188	
1152	160	0	0	32	352	96	4868	1200	1520	
432	480	400	0	288	0	416	912	992	5460	
864	992	160	768	752	0	0	640	320	4884	
0	192	1072	912	960	160	80	624	576	4804	
944	0	0	736	160	240	1072	832	672	4724	
624	1232	384	0	240	1104	912	480	32	4372	
224	32	800	208	752	320	0	2000	160	4884	
112	0	112	512	1312	992	992	1088	0	4260	
576	608	416	2000	320	0	0	720	672	4068	
160	400	1024	512	704	144	1152	304	4980	0	
624	544	192	960	640	704	1216	0	112	4388	
112	0	640	32	1568	160	352	1536	1312	3668	
800	752	832	160	128	0	3652	2832	224	0	
864	1072	160	256	704	0	0	560	880	4884	 ***
0	400	256	912	272	1136	512	720	0	5172	
384	1424	160	816	592	160	0	560	240	5044	
320	80	432	432	1296	736	80	0	512	5492	
0	704	32	544	160	384	0	592	1520	5444	
560	640	144	432	192	192	144	1520	672	4884	
304	160	80	2352	0	160	480	352	256	5236	
32	944	32	1040	320	112	752	1088	240	4820	
800	512	832	80	240	1472	992	656	3796	0	

416	640	352	240	400	384	32	1632	320	5232	
144	1120	112	240	352	1184	144	912	0	5440	
992	192	480	0	0	32	800	1312	1120	4720	
192	880	432	0	32	1024	4400	864	1824	0	
0	1264	0	896	640	2016	3680	832	0	320	
1472	1344	240	0	400	64	0	944	144	5040	
1632	400	256	2096	64	2256	0	0	1888	1056	
480	1952	592	704	0	224	272	112	32	5280	 ***
32	960	752	736	640	112	272	640	336	5168	
864	1152	80	224	384	0	0	560	1680	4704	
0	0	1424	800	544	192	112	592	624	5360	
80	960	960	720	640	112	112	1232	0	4832	
80	1072	992	672	0	0	224	1872	352	4384	
272	816	0	176	0	272	1632	0	1600	4880	
304	192	992	224	912	0	944	80	560	5440	
640	0	1200	320	400	416	224	1360	5088	0	
896	112	0	960	672	1232	0	400	848	4528	
640	352	160	0	1312	320	1472	32	112	5248	
944	1072	112	256	384	0	0	560	1600	4720	
832	1280	992	1568	0	144	3888	352	592	0	
192	224	112	384	1024	0	960	752	512	5488	
640	32	2864	96	1072	0	576	0	3696	672	
0	112	480	960	672	816	240	736	800	4832	
576	0	1760	112	224	672	560	224	640	4880	
960	0	192	640	0	1600	0	416	5728	112	
864	1232	272	864	352	0	0	560	800	4704	
320	32	0	32	3728	992	192	0	3680	672	

2976	1792	80	0	0	1584	224	0	832	1936	
1264	800	192	480	480	224	320	192	720	4752	
1984	32	240	1520	560	32	560	0	480	4016	
560	2064	1072	912	720	272	32	80	272	3440	
320	272	1152	208	1648	432	0	1824	0	3568	
1200	1232	880	0	240	1728	0	80	1072	2992	
0	832	640	2128	80	1232	0	880	3152	480	
224	480	672	1584	832	784	1040	80	32	3696	
1088	1152	1232	432	800	272	432	0	512	3504	
912	160	512	320	0	1600	784	864	320	3952	
640	1760	944	1344	0	384	3312	320	0	720	
0	320	432	720	1312	1520	320	2768	80	1952	
240	0	240	512	0	880	1072	1040	2224	3216	
160	112	320	512	832	1200	960	240	1072	4016	
64	320	800	704	880	432	1392	240	864	3728	
992	480	240	1024	0	1472	240	672	1120	3184	
240	384	720	2032	352	1152	240	1248	0	3056	
0	912	704	512	480	1072	1168	0	912	3664	
640	2032	672	832	320	864	272	160	112	3520	
512	1952	832	752	0	224	992	80	592	3488	 ***
560	1712	624	384	320	224	432	896	0	4272	
640	1664	1072	0	112	1152	0	848	544	3392	

0	0	992	304	0	960	160	160	1152	3712	
1280	352	272	0	0	272	0	1312	192	3760	
320	400	112	0	1440	832	3632	80	0	624	
1360	240	0	400	0	864	192	0	2144	2240	
1200	336	32	0	160	720	624	400	704	3264	
672	672	640	784	0	224	1232	80	512	2624	
512	832	640	432	32	544	1232	112	512	2592	
512	672	272	1536	0	192	864	80	512	2800	
512	672	272	752	0	192	3248	112	512	1168	
544	64	1040	1280	720	0	0	240	32	3520	
160	640	1040	160	320	272	80	352	2128	2288	
672	672	640	752	0	224	1136	80	512	2752	
0	1216	304	800	1184	0	784	0	832	2320	
576	704	272	752	0	192	992	80	512	3360	
512	672	672	912	0	192	1104	272	512	2592	
544	672	320	752	0	192	992	80	512	3376	
512	672	672	752	0	224	1136	272	512	2688	 ***

496	640	676	384	0	164	2564	272	672	1712	
880	320	160	0	196	80	2008	1104	400	2432	
404	160	672	0	160	272	1040	240	1184	3448	
1392	516	164	112	672	320	0	480	832	3092	
432	644	240	80	328	464	832	272	2496	1792	
484	160	144	864	160	240	1472	160	480	3416	
320	0	0	2772	0	224	244	320	1984	1716	
512	196	1512	832	400	352	1072	0	384	2320	
352	676	400	0	0	500	1072	1152	996	2432	
640	916	116	0	672	320	4160	352	0	404	
0	244	244	1104	596	0	832	1232	272	3056	
0	0	320	164	480	0	3856	112	64	2584	
192	564	480	0	640	0	1088	1040	592	2984	
0	112	1488	644	0	160	0	1392	816	2968	
432	672	644	112	0	352	952	272	512	3632	 ***
80	1264	564	4	144	944	676	0	1104	2800	
628	724	564	320	0	160	832	272	2544	1536	
464	676	564	720	0	352	1424	352	944	2084	
1360	864	404	400	32	8	160	320	560	3472	
144	960	1840	400	0	0	32	1640	832	1732	
164	320	244	960	0	720	1620	656	144	2752	
352	164	320	800	484	0	3060	0	832	1568	
192	160	328	480	548	80	432	1744	1120	2496	
80	400	36	240	800	480	320	0	2976	2248	
480	164	356	272	160	304	0	1856	356	3632	
800	432	192	752	272	560	352	320	512	3388	
244	2224	500	1092	464	1280	1584	0	0	192	
504	672	800	672	0	272	1072	352	516	2720	
432	600	164	1232	1264	0	640	272	80	2896	

1232	192	672	432	912	1800	164	1280	80	2912	
432	672	404	352	480	320	1880	192	480	4464	 ***
548	320	1152	960	1184	68	3412	1312	720	0	
192	672	324	880	400	320	4264	432	320	1872	
0	884	1440	800	352	160	2436	0	3488	116	
352	672	404	992	0	320	1192	272	2464	3008	
276	1232	484	400	1712	512	512	0	1780	2768	
192	992	404	2064	0	400	888	272	2304	2160	
1632	1044	608	0	320	1472	2212	240	0	2148	
516	112	352	0	912	1440	160	1600	4068	516	
192	912	720	320	164	400	1264	720	1072	3912	
512	1204	2624	1952	560	80	720	384	1640	0	
512	640	404	400	0	160	1028	2064	992	3476	
576	0	320	248	1920	1444	0	352	1760	3056	
240	672	244	192	80	808	3728	0	1152	2560	
960	720	276	320	436	720	500	1792	512	3440	
2176	1360	1120	116	1044	0	2308	0	1200	352	
1800	1040	0	784	384	512	80	1232	164	3680	
512	640	484	720	320	160	3332	1232	320	1956	
864	960	1160	32	484	832	1120	1200	0	3024	
432	640	724	240	0	160	1716	672	3904	1188	
1232	752	324	112	0	1120	600	2608	432	2496	
432	752	404	992	0	720	3128	272	1552	1424	
80	880	964	1440	836	112	116	1232	0	4016	

112	640	660	1120	432	960	228	640	0	2948	
400	192	144	640	0	1204	484	944	832	2900	
1584	0	0	32	432	276	1156	628	832	2800	
884	548	864	352	352	400	0	676	800	2864	
356	352	512	80	992	164	116	80	1472	3616	
272	400	160	272	484	800	244	752	1380	2976	
160	832	432	80	320	704	808	880	596	2928	
0	240	240	560	404	32	560	1220	676	3808	
516	320	232	400	192	0	3456	1744	0	880	
752	112	272	400	720	436	400	0	2080	2568	
304	192	64	164	160	672	480	480	2216	3008	
0	0	400	672	4	800	1120	1696	2904	144	
720	64	884	1608	624	32	0	848	480	2480	
324	480	516	500	992	0	2000	1696	1232	0	
240	324	880	512	832	800	832	788	0	2532	
388	0	400	720	560	564	1200	2688	752	468	
512	4	752	400	272	116	864	1200	404	3216	
948	160	1104	0	992	272	160	192	728	3184	
484	800	0	0	1028	1040	384	356	2208	1440	
1200	624	756	512	80	672	1188	580	2128	0	
0	432	832	400	1000	436	432	1360	0	2848	
80	0	320	320	1424	112	0	1272	3408	804	
116	320	320	672	160	592	240	3940	384	996	
272	160	0	1232	0	84	1312	2484	768	1428	
384	240	240	160	968	272	1232	596	640	3008	
512	0	240	800	240	720	352	844	512	3520	
0	272	832	272	724	164	1040	304	1028	3104	
544	672	564	480	0	320	600	2032	960	1568	
112	1312	320	328	240	704	1056	164	3168	336	
432	400	544	320	0	228	3456	1000	1360	0	
116	560	240	0	320	388	832	276	1392	3616	
352	672	404	320	320	240	788	192	480	3972	 ***
516	708	480	672	1280	432	752	0	160	2740	
0	1120	320	880	548	1904	1668	304	36	960	
1968	320	800	480	160	960	464	192	2396	0	
352	0	480	2308	1344	272	0	1664	1076	244	

544	0	836	704	240	404	800	672	1104	2900	
80	32	384	304	564	240	436	0	2352	3812	
160	640	432	320	352	640	752	224	2960	1724	
720	400	784	324	32	672	564	864	640	3204	
384	320	516	832	720	80	192	352	1184	3624	
304	640	64	160	1664	720	480	596	84	3492	
612	36	32	1312	384	416	240	0	724	4448	
640	580	672	560	832	80	164	560	2068	2048	
192	800	276	480	384	240	1204	560	480	3588	
272	672	404	320	672	240	1204	176	848	3396	
192	160	408	0	272	320	1520	272	1524	3536	
1028	992	400	1508	224	320	820	0	2848	64	
160	192	320	0	1504	116	564	384	1632	3332	
832	272	676	160	352	160	1440	704	404	3204	
244	80	84	0	832	112	432	1104	1184	4132	
1120	480	436	756	320	804	544	32	0	3712	
752	880	352	772	464	1120	488	0	512	2864	
32	1040	2336	884	160	948	1920	400	0	484	
180	160	512	640	640	0	512	2244	512	2804	
436	356	0	1168	2160	1152	800	992	0	1140	
432	672	436	320	0	640	2756	272	480	2196	
800	480	1504	1808	224	432	868	0	1492	596	
160	1552	992	672	352	320	2768	344	1044	0	
192	640	404	640	320	240	1140	224	688	3716	
320	544	160	960	0	0	1776	560	2772	1112	
32	672	804	592	352	240	756	192	2960	1604	
400	272	244	32	276	752	1552	800	864	3012	
432	672	560	480	720	112	1744	2840	640	4	
496	480	352	724	80	960	532	1440	3140	0	
192	640	404	640	320	320	948	192	976	3572	
544	560	160	320	400	548	436	0	2516	2720	
804	192	880	864	672	384	1796	324	0	2288	
676	0	592	80	112	800	1636	596	544	3168	
432	880	0	80	272	240	644	884	1492	3280	
80	112	512	1312	832	676	400	1172	0	3108	
1184	240	32	192	160	228	1392	676	672	3428	
608	752	832	356	836	64	0	1120	400	3236	
784	916	580	640	324	160	320	2816	1664	0	
0	244	592	0	192	0	1108	468	3168	2432	
964	1632	1232	192	32	672	0	384	356	2740	
512	336	272	240	352	800	960	468	724	3540	
1316	324	0	1456	544	992	1152	192	0	2228	
1284	320	144	720	752	192	0	1592	224	2976	
400	384	596	1440	240	80	592	384	640	3448	 ***

160	392	1232	800	480	352	352	2980	800	400	
320	0	640	480	2048	0	408	1796	2096	160	
320	512	432	1440	240	160	640	32	320	3852	
480	80	560	0	240	1824	468	1312	0	2984	
320	160	192	1312	320	880	480	1344	560	2380	
240	400	512	1600	272	80	560	32	400	3852	
320	0	112	592	276	560	352	1072	996	3668	
400	320	468	1776	1824	400	672	0	320	1768	
240	320	432	1232	240	320	560	192	480	3932	 ***
80	80	484	436	1552	480	800	96	1440	2500	
1584	2000	480	0	708	404	480	192	0	2100	
400	560	432	1440	240	80	480	32	512	3772	
160	480	640	592	160	240	1492	0	160	4024	
512	160	592	32	512	240	640	400	880	3980	
0	628	480	1824	880	320	644	0	992	2180	
240	320	592	1440	240	240	704	80	320	3772	
272	784	480	1044	992	784	0	196	240	3156	

352	120	464	320	224	560	912	704	720	3428	
196	160	672	736	272	320	400	1076	192	3780	
320	0	512	516	832	484	480	1024	640	2996	
160	0	436	512	192	912	1860	2820	912	0	
644	564	0	384	224	560	544	560	1872	2452	
192	672	416	80	408	432	0	1280	1600	2724	
912	2900	640	0	144	1124	896	800	196	192	
1264	0	0	116	196	1664	1572	352	880	1760	
240	1536	0	2068	320	240	0	2100	592	708	
324	624	784	164	864	1152	2144	548	1200	0	
680	560	432	272	320	304	432	1152	0	3652	
280	112	224	240	400	1152	480	352	720	3844	
560	672	192	400	160	160	3900	896	320	544	
320	708	160	112	0	640	192	1488	756	3428	
272	320	432	1072	240	640	560	64	480	3724	 ***
0	0	672	1104	144	640	996	724	2784	740	
352	964	1348	240	228	592	992	2736	352	0	
440	160	320	544	596	0	240	2896	2384	224	
720	148	352	240	0	800	672	1396	464	3012	

516	320	880	272	160	1120	516	384	1520	3848	
512	80	484	1712	1552	1280	0	0	3484	432	
112	352	560	992	720	644	1872	2180	0	2104	
160	0	1104	324	1632	432	3932	160	1472	320	
36	112	160	1024	480	1760	512	0	720	4732	
320	0	112	240	640	1840	0	4128	752	1504	
720	32	0	480	0	3968	1040	672	228	2396	
112	320	320	1072	272	480	560	384	2480	3536	
720	272	384	2164	0	160	1748	0	3736	352	
1920	1584	144	704	2404	564	320	1816	80	0	
1600	272	1040	272	144	640	320	4096	0	1152	
0	560	640	720	1908	0	1908	3720	0	80	
640	32	80	352	2004	1716	160	160	640	3752	
112	320	272	2816	784	480	1744	820	0	2188	 ***
240	224	240	432	804	400	1168	880	640	4508	
112	320	240	1072	160	1204	800	224	2740	2664	
244	880	32	192	672	544	0	1072	1480	4420	
752	512	164	80	112	720	1440	80	800	4876	
112	320	1524	2032	544	480	560	1460	432	2072	
0	80	1072	1152	320	560	500	868	1396	3588	
800	640	560	32	164	80	4892	752	192	1424	
516	320	272	1232	80	560	480	864	1428	3784	

672	800	1376	832	160	672	0	4188	0	1220	
112	320	164	2112	800	560	2768	1172	0	1912	
36	400	912	2112	160	480	2036	2672	0	1112	
112	480	432	2672	720	516	752	2372	0	1864	 ***
1120	80	1000	2752	1620	432	0	32	80	2804	
112	320	272	2192	1396	1120	1252	1668	0	1588	
112	640	576	2144	1440	484	432	2228	0	1864	
0	80	0	992	432	240	1284	3112	80	3700	
320	160	160	1712	1124	0	2568	272	720	2884	
192	324	752	2144	1360	480	2048	1188	0	1432	
356	0	864	272	1312	320	480	1668	1152	3496	
464	1076	752	1108	1232	0	2404	2772	0	112	
80	1280	1120	0	196	532	160	240	1316	4996	
352	1280	992	320	1312	276	1184	192	160	3852	
32	480	272	2432	640	484	112	112	3964	1392	
708	0	720	1392	2096	1520	116	160	0	3208	
192	964	272	2592	720	480	1200	2228	0	1272	
112	1040	272	1640	752	960	2048	1632	0	1464	
112	400	192	2112	800	1120	1728	228	2200	1028	
1408	400	1072	2116	720	480	512	112	1796	1304	
2152	0	352	80	784	960	884	192	0	4516	
112	1120	384	2752	720	480	624	1572	0	2156	

644	436	0	1104	0	784	912	3380	1472	1348	
112	480	832	1552	720	1172	2272	1108	0	1832	
304	560	1024	2112	800	436	672	2468	0	1704	
912	160	0	112	880	0	5260	1520	596	640	
160	320	1316	240	0	640	4728	320	640	1716	
992	896	880	560	672	516	1136	3464	0	964	
720	400	1472	1280	464	192	1876	3128	0	548	
164	512	752	80	496	240	960	2420	1200	3256	
80	1232	800	4	0	352	3056	4044	400	112	
112	480	592	3588	800	436	512	944	0	2616	
192	964	176	560	752	80	1280	2084	592	3400	
112	1364	144	560	912	1120	388	3572	0	1908	
192	1120	832	1584	2500	356	752	912	80	1752	
0	800	0	720	320	32	4872	3108	116	112	
992	0	752	0	400	1312	4808	1460	0	356	
192	1848	32	160	752	640	800	5220	0	436	
804	0	640	512	512	0	992	896	720	5004	
592	880	1200	260	784	2484	64	2544	1272	0	
0	960	0	32	0	1040	800	3520	788	2940	
1968	1104	80	80	352	484	944	2036	3032	0	
112	560	1024	3616	720	436	672	1188	0	1752	
0	720	832	720	1120	436	112	4924	400	816	
320	352	676	2160	0	804	144	4712	832	80	
80	896	752	1040	32	244	480	0	2080	4476	
0	0	992	2352	880	260	1428	1904	512	1752	
912	2004	32	1936	224	0	900	3124	0	948	
112	480	544	2672	880	548	512	2468	0	1864	 ***
0	836	196	160	160	0	272	0	2784	5672	
32	480	224	1472	800	468	2704	912	1512	1476	
160	400	800	624	32	1044	672	3176	864	2308	

0	320	816	2148	240	1460	1104	1392	0	2516	
80	160	944	2080	160	1336	192	912	3892	240	
0	480	304	2032	320	1188	64	912	3016	1680	
160	112	432	752	640	404	1120	2820	432	3124	
240	32	960	0	272	80	2224	4488	1668	32	
240	480	196	352	800	1392	0	4744	800	992	
784	272	384	3908	0	0	240	3608	800	0	
0	192	304	2112	160	548	1392	1232	3256	800	
80	480	1252	2672	880	548	592	2340	0	1152	
640	320	336	2272	80	548	112	1552	3016	1120	
160	912	720	0	0	0	1040	1088	800	5276	
720	480	944	2032	1040	740	452	880	0	2708	
112	512	1028	3300	240	868	272	2272	0	1392	
112	480	948	2224	400	548	2468	1664	0	1152	
144	160	80	640	96	0	596	5880	2400	0	
1280	32	720	880	672	352	160	4872	228	800	
80	480	980	1856	884	1588	2064	1072	0	992	
640	480	624	2224	160	548	32	2184	2144	960	
0	1352	1136	2032	320	708	32	1632	1952	832	
160	160	80	1392	0	1120	1104	4876	432	672	
464	0	832	832	80	720	2224	3784	0	1060	
320	672	1712	1472	240	356	992	112	0	4120	
800	80	192	832	0	1904	512	2632	228	2816	
0	192	304	2672	160	788	32	2536	2352	960	
640	240	980	2032	1312	548	32	2148	912	1152	
32	0	0	112	32	80	1392	4600	1200	2548	
112	1124	464	2752	240	1028	304	1024	0	2948	
160	672	320	112	832	0	2080	4636	192	992	
0	112	640	3272	1124	0	32	3760	736	320	
0	800	144	2192	160	1348	64	1552	2936	800	
80	480	1848	2704	1072	516	1072	1152	0	1072	
272	0	0	640	240	1428	240	5016	720	1440	
832	640	304	2752	240	548	304	2228	0	2148	 ***
240	480	976	2032	2148	632	272	1632	0	1584	
240	720	196	80	0	160	992	1536	432	5640	
640	752	112	0	512	0	240	4392	880	2468	
276	640	304	2032	1072	1348	144	1232	0	2948	
0	160	336	2432	240	388	192	1872	1440	2936	
240	1632	1792	160	112	1248	1156	2664	0	992	
0	480	304	2384	160	948	32	912	1828	2948	
352	1280	240	0	944	592	352	4332	0	1904	
32	160	144	2352	160	856	1712	2548	1232	800	
912	800	160	80	384	2500	0	0	640	4520	

720	320	1336	2512	160	544	224	2308	1232	800	
720	480	304	2672	160	544	224	2068	2184	800	
656	80	640	800	1072	160	1152	2472	800	2324	
720	80	352	112	1760	0	1216	4684	272	960	
720	320	580	2512	160	464	224	1552	2824	800	
2304	192	720	0	160	800	992	4988	0	0	
720	320	372	2672	160	544	1784	1232	1392	960	
752	0	480	1608	640	64	272	880	512	4948	
800	800	304	3428	276	544	336	1392	0	2276	
800	352	80	880	240	0	832	4604	992	1376	
0	832	1472	0	1280	400	0	4604	112	1456	
2116	0	0	32	2352	160	640	3464	80	1312	
800	640	304	2672	320	544	624	2188	0	2064	 ***
960	640	384	2032	160	544	948	2068	1460	960	
960	912	32	1152	0	0	992	5160	0	948	
0	320	112	80	640	960	2400	4780	864	0	
880	320	624	2512	192	544	224	1232	2828	800	
720	32	512	640	496	1040	4492	0	192	2032	
112	32	400	0	2032	992	0	2320	4268	0	
880	640	304	2640	468	544	304	2388	0	1988	
804	640	304	2752	272	544	944	1392	0	2504	
0	800	192	1984	1152	1280	560	1476	336	2376	
1280	640	384	2672	276	544	304	1392	0	2664	
720	320	384	2512	160	464	384	1632	2780	800	
640	992	640	32	400	1136	560	5032	160	564	
720	320	784	2512	160	544	224	2152	1940	800	
800	960	304	2640	276	784	336	1392	0	2664	
0	960	1184	320	80	832	640	4700	1120	320	
1040	320	304	2512	160	544	1028	2068	1380	800	
272	2112	112	1008	400	1152	880	2588	752	880	
160	80	32	880	0	112	1120	1952	1376	4444	
720	640	0	80	384	1232	0	4204	1664	1232	
720	640	336	2672	160	624	224	1232	912	2636	
0	992	160	1040	272	192	880	912	704	5004	
304	112	960	1040	80	224	1040	2268	1280	2848	
720	320	464	2512	160	624	224	1232	2780	1120	

800	240	176	1712	80	1508	2344	788	0	1072	
560	192	1556	720	384	80	800	3788	640	0	
800	480	464	1664	112	432	976	1268	0	2524	 ***
912	32	224	1632	80	1072	304	516	2316	1632	
880	160	304	1632	840	1072	928	548	0	2356	
0	832	160	1280	0	120	1120	2024	432	2752	
720	0	404	80	720	0	944	964	96	4792	
196	80	1364	160	800	640	0	4904	144	432	
1160	240	320	0	320	0	272	1476	112	4820	
720	872	548	2592	80	1072	928	708	0	1200	
1800	0	336	1600	1236	80	304	484	0	2880	
560	0	0	512	1748	80	0	3084	544	2192	
720	284	416	1632	80	432	1456	1860	0	1840	
160	32	0	0	2092	800	80	2356	3200	0	
800	160	224	1744	832	432	1468	676	1312	1072	
2228	80	320	80	672	0	4136	304	0	900	
720	272	1424	1632	80	672	1056	1356	0	1508	
480	1280	32	32	400	160	2592	3308	0	436	
64	480	32	0	640	720	720	5072	272	720	
640	640	112	720	32	0	192	484	752	5148	
752	708	1360	832	160	320	0	4476	112	0	
0	592	1280	0	1244	800	3924	160	720	0	
240	224	1424	960	80	0	1076	272	240	4204	
720	1364	144	1520	80	352	368	676	2456	1040	
720	192	944	1472	160	432	1568	1836	352	1044	
112	720	0	836	0	400	160	320	1872	4300	
244	0	1320	960	304	32	992	4548	320	0	
720	480	544	1632	840	464	1088	596	0	2356	

800	112	240	0	0	112	1156	592	0	4804	
0	0	0	752	80	516	992	0	32	5444	
240	0	32	0	1280	0	112	596	720	4836	
0	0	320	400	80	640	656	640	240	4840	
0	240	0	160	192	3172	3332	720	0	0	
800	80	160	112	112	112	352	1124	832	4132	
800	0	160	112	272	192	352	1124	4164	640	
800	0	160	832	272	112	352	1124	0	4164	
240	480	0	320	224	80	160	640	960	4712	
720	880	320	0	720	36	240	0	160	4740	
800	0	160	112	112	112	512	1204	4164	640	
0	0	80	160	992	0	160	0	1072	5352	
1152	240	0	0	240	672	432	0	5080	0	
512	32	0	640	0	160	992	160	80	5240	 ***
320	720	800	32	0	2468	3476	0	0	0	
800	0	160	752	272	112	1972	1124	0	2624	
0	80	0	0	0	160	1552	720	0	5304	
80	80	320	800	2788	0	0	0	160	3588	
0	80	0	0	720	800	672	0	192	5352	
800	0	320	112	112	192	352	1124	4164	640	
0	720	0	1220	0	240	400	0	5236	0	
800	0	160	352	112	112	3092	1124	1424	640	
800	0	240	192	112	112	432	1124	4164	640	
240	640	0	80	948	0	4916	0	0	992	
0	0	672	1748	80	0	160	720	0	4436	
800	1344	240	752	112	112	352	1124	0	2980	
3412	80	720	0	560	160	2564	320	0	0	
1040	0	160	832	112	112	272	1124	0	4164	
0	160	0	912	80	0	0	0	1472	5192	
0	0	0	640	240	1040	0	516	5380	0	
0	0	240	1044	0	0	5348	784	400	0	
960	0	160	112	192	112	352	1124	4164	640	
160	0	32	80	160	0	0	0	2544	4840	
640	112	160	240	400	80	2996	720	400	2068	

88	0	1040	400	0	1360	0	5188	0	704	
800	864	240	160	720	0	0	644	352	5000	
512	224	0	1280	164	160	240	800	480	4920	
0	0	160	0	0	2584	880	912	640	3604	
164	800	320	0	160	640	0	0	5624	1072	
720	400	320	0	0	0	640	3128	2852	720	
192	0	80	0	720	800	112	0	3140	3736	
272	1504	80	800	0	80	1152	0	0	4892	
0	0	0	240	432	80	992	880	832	5324	
480	112	160	720	800	160	916	160	400	4872	
80	0	272	0	1040	112	0	2740	640	3896	
0	240	640	0	640	320	1632	0	1668	3640	
640	0	240	1280	0	192	3336	2660	0	432	
880	192	0	640	160	272	800	160	880	4796	
720	4	2584	880	624	912	0	0	0	3056	
240	800	160	112	0	880	1428	0	5160	0	
2424	800	0	320	0	160	2148	0	0	2928	
1040	0	320	800	0	160	596	0	192	5672	 ***
240	0	596	160	640	960	912	240	0	5032	
160	1404	160	640	160	800	320	0	0	5136	
1284	240	0	720	720	80	2496	0	0	3240	
720	672	80	640	0	832	400	244	272	4920	
80	0	800	512	800	160	0	1108	0	5320	
160	0	324	80	160	0	1792	720	224	5320	
240	352	832	800	0	800	240	160	80	5276	
352	0	640	480	80	0	0	1668	0	5560	

80	160	80	0	272	672	1312	320	3464	2372	
1280	0	0	0	0	0	640	2968	160	3684	
1520	160	0	800	0	400	112	80	832	4828	
880	752	0	880	0	320	160	0	500	5240	
80	800	800	880	160	1280	592	0	32	4108	
880	0	0	2516	160	192	0	1844	1120	2020	
880	0	32	2340	640	240	320	0	400	3880	
1312	112	672	0	160	272	0	1604	164	4436	
80	0	160	0	1508	672	0	1440	720	4152	
880	0	832	800	0	800	112	80	400	4828	
720	32	720	960	0	992	500	880	0	3928	
160	960	0	756	640	320	1744	0	80	4072	
32	240	0	672	1440	832	672	160	0	4684	
0	0	1280	160	1492	1312	0	352	0	4136	
1712	2148	640	640	0	192	84	0	320	2996	
160	0	752	0	0	32	0	2184	960	4644	
992	2128	404	640	0	160	0	160	164	4084	
864	320	404	1604	800	0	112	0	0	4628	
0	880	0	880	36	752	884	176	1120	4004	
2240	0	0	880	32	400	2184	0	320	2676	
992	80	720	832	0	960	160	0	160	4828	
32	32	0	960	0	192	276	2884	160	4196	
1552	80	404	640	0	800	240	160	160	4696	 ***
1552	80	0	880	640	320	160	0	192	4908	
640	80	800	880	112	112	640	0	2292	3176	
400	116	992	0	672	0	2384	0	1440	2728	
0	2080	320	164	704	84	272	1104	0	4004	
1520	32	240	800	160	160	752	0	240	4828	
960	640	832	640	0	160	80	160	240	5020	

0	800	0	672	0	0	272	0	6016	1600	
1556	32	720	960	0	640	192	400	80	4780	 ***
80	0	868	2260	32	320	0	640	1600	3560	
240	0	1316	0	0	756	324	340	2480	3904	
64	160	1360	0	276	320	1472	192	720	4796	
1344	80	2248	1280	0	672	0	0	820	2916	
80	32	432	0	1120	1920	992	240	32	4512	
80	0	1712	0	0	2180	1316	160	0	3912	
2280	80	480	640	32	160	0	0	756	4932	
2516	0	320	0	0	0	272	1344	640	4268	
272	480	676	0	960	672	1520	0	224	4556	
0	80	1424	960	1264	1716	0	0	148	3768	
640	36	800	0	0	2292	320	3240	1280	752	
544	960	0	84	0	224	0	640	2388	4520	
0	320	1360	240	0	240	0	676	4072	2452	
1924	1280	0	676	80	240	160	320	640	4040	
0	32	1360	640	320	0	720	864	948	4476	
2032	80	0	676	0	1472	512	320	0	4268	
400	32	640	340	0	4	0	0	3988	3956	
352	1312	192	160	960	0	640	1028	0	4716	
640	1120	160	80	1668	800	32	0	720	4140	
1312	0	160	640	4	1280	160	192	752	4860	
1120	1716	0	800	160	0	0	912	640	4012	
80	0	944	164	160	0	2080	3108	0	2824	
160	1584	0	160	0	0	1556	112	1028	4760	
0	640	160	0	0	800	516	4324	2920	0	
1284	400	0	784	160	1120	0	240	656	4716	
0	832	672	0	2836	320	0	436	0	4264	
832	32	1316	0	160	0	240	992	1024	4764	
1476	0	1460	1600	192	800	640	0	0	3192	
0	4	1360	640	0	512	640	3592	0	2612	
324	1600	1396	0	80	32	0	640	916	4372	
992	2292	160	160	32	0	80	640	708	4296	
0	512	0	160	0	0	0	2840	1920	3928	
1136	1600	720	0	2484	0	160	0	0	3260	
1072	32	0	352	0	0	2676	640	436	4152	
240	0	228	640	320	2244	480	1360	0	3848	
720	32	964	0	1716	0	640	160	1120	4008	

160	240	720	320	32	640	384	2548	0	4524	
0	800	640	2080	160	320	960	0	544	4064	
0	32	0	0	964	432	880	1440	1232	4588	
1600	160	0	1520	512	64	80	1076	0	4556	
512	1344	80	160	0	0	640	2004	192	4636	
1760	0	2036	240	0	1760	640	3132	0	0	
1200	32	0	1680	960	800	884	0	0	4012	
1316	0	1472	240	992	0	752	592	80	4124	
432	800	384	0	1284	2080	0	0	500	4088	
0	160	0	672	160	2660	912	0	0	5004	
640	32	752	640	0	640	1248	400	1120	4096	
800	1620	0	400	640	752	0	0	916	4440	
1472	192	0	640	0	0	0	816	6448	0	
160	0	1440	0	2312	720	0	4788	148	0	
112	0	2340	32	320	0	640	320	0	5804	
0	240	3028	0	0	0	1972	0	3048	1280	
756	192	0	640	352	960	1472	160	64	4972	
1284	0	1280	0	240	1680	224	0	800	4060	
160	0	1712	960	512	2276	160	0	0	3788	 ***
560	80	1024	0	352	0	3376	0	196	3980	
640	0	80	160	0	400	640	1844	1364	4440	
480	36	512	512	640	912	992	1520	0	3964	
912	0	240	672	192	1280	0	3172	0	3100	
192	2856	960	0	0	160	0	3504	0	1896	
0	512	0	0	480	672	192	2736	0	4976	
1920	0	1392	320	32	192	436	0	800	4476	
1280	68	0	1200	32	0	0	752	2000	4236	
640	1552	1440	80	32	160	160	544	324	4636	
384	0	912	0	880	964	640	0	1984	3804	
0	64	0	160	1284	160	1504	880	1200	4316	

2568	1072	80	672	1764	400	640	160	0	3240	
304	0	1552	960	320	2004	240	1188	0	4028	 ***
320	0	752	992	352	1604	640	0	2144	3792	
2160	2064	800	0	1040	0	144	0	3828	560	
836	1584	1124	0	544	1604	0	496	4408	0	
704	640	1280	1280	0	164	784	1668	0	4076	
0	560	1748	240	1984	0	992	4716	356	0	
0	640	640	752	0	80	2648	1204	192	4440	
624	720	2004	0	0	432	4316	1748	0	752	
324	320	0	1344	320	0	528	0	4296	3464	
644	0	1392	1312	352	1712	1576	0	0	3608	
320	400	1520	880	800	352	1248	32	832	4212	
0	640	112	916	160	80	3552	160	1280	3696	
160	80	1072	1472	320	1632	1988	0	0	3872	
224	0	272	1156	320	1600	480	2580	0	3964	
1044	32	800	320	192	832	0	3264	0	4112	
160	1040	1284	2080	400	0	192	352	672	4416	
720	272	160	320	192	1792	992	800	804	4544	
240	0	788	960	480	1712	1152	436	0	4828	
560	720	800	0	1392	160	4820	352	0	1792	
160	484	0	0	800	0	160	256	4868	3868	
192	80	0	1232	0	1072	1712	32	2240	4036	
1464	2192	0	756	112	0	0	720	3400	1952	
880	640	0	800	624	352	4836	480	1984	0	
0	512	1280	1920	1120	1460	0	84	32	4188	
800	676	80	240	2340	0	1376	0	512	4572	
1152	0	164	0	320	1520	720	1472	720	4528	
240	0	0	2272	240	1200	1072	0	1256	4316	

1072	320	640	2640	880	0	0	800	0	3732	
752	0	1632	800	0	2304	84	36	432	4044	
0	1280	80	480	0	784	1552	384	1284	4240	
304	0	2000	320	320	1204	3412	1012	0	1512	
320	320	516	1632	1360	0	4748	992	0	196	
192	0	0	2064	192	800	164	2148	192	4332	
304	0	1072	320	320	1076	304	672	1764	4252	
32	0	1040	880	0	0	1472	964	1920	3776	
2484	320	640	820	960	0	724	640	0	3496	
0	1680	0	0	1764	804	880	1280	148	3528	
384	644	84	160	1872	1152	1200	160	0	4428	
1120	36	640	836	0	800	64	160	3288	3140	
800	1128	32	160	992	832	0	32	3660	2448	
944	0	1392	1588	320	1684	240	836	0	3080	 ***
304	960	1360	320	480	1716	160	976	0	3808	
1024	880	1280	1872	864	0	0	4	32	4128	
320	400	112	640	1316	1664	160	960	160	4352	
868	0	800	192	832	0	2256	80	1528	3528	
304	0	1392	320	676	2320	160	1104	0	3808	
0	0	708	2292	0	160	1120	640	1344	3820	
1120	1300	0	272	400	1040	672	704	320	4256	
964	804	880	112	0	960	0	0	2372	3992	
320	0	320	32	724	672	2644	400	160	4812	
640	880	720	272	160	644	2612	384	3772	0	
640	1200	112	1360	144	964	1556	4108	0	0	

