#9038.28	26418	29325	0	0	 97 
#10208.3	24234	29325	0	0	 90 
#9022.38	31380	29325	0	0	 89 
#10230.9	22570	29325	0	0	 49 
#10211.7	23980	29325	0	0	 39 
#10218.7	22923	29325	0	0	 25 
#9035.73	28266	29325	0	0	 23 
#9035.82	27745	29325	0	0	 19 
#10214.2	23461	29325	0	0	 17 
#9137.45	25460	29325	0	0	 7 
#9413.83	24911	29325	0	0	 1 

10085.6	16175	25246	63	2078	 99 
8673.44	20400	25246	60	2725	 99 
10076	18709	25246	22	312	 96 ***
10075.5	19890	25246	54	2071	 92 
9011.53	20048	25246	64	2518	 87 
9272.64	17316	25246	56	2374	 77 
10078.8	18507	25246	23	326	 73 
8899.44	19503	25246	77	2945	 70 
8217.57	23753	25246	74	2509	 70 
9287.19	21803	25246	53	2402	 68 
10074.5	20047	25246	52	1959	 60 
9012.01	18549	25246	58	2114	 55 
9006.2	20279	25246	61	2218	 54 
9266.16	22077	25246	56	1804	 52 
8679.48	19563	25246	77	2904	 49 
8910.17	19498	25246	74	2827	 45 
9008.45	17766	25246	69	2849	 41 
7837.02	20285	25246	84	3161	 35 
8228.3	21027	25246	75	2950	 35 
9275.19	16528	25246	56	2215	 35 
10080.1	22280	25246	14	535	 33 
10079.3	18640	25246	22	322	 30 
9482.43	19915	25246	54	2435	 26 
10077.9	19229	25246	21	307	 25 
9022.15	18466	25246	64	2585	 22 
9010.65	23166	25246	56	2125	 19 
10075.8	19533	25246	22	322	 11 
8478.47	19769	25246	73	2705	 7 
9010.73	20620	25246	58	2466	 4 

10132.8	17085	26494	4	293	 85 
8271.05	17960	26494	77	2639	 84 
9049.55	20016	26494	44	2360	 82 
9334.08	19141	26494	24	785	 82 
9055.49	19883	26494	40	1866	 81 
9336.64	19587	26494	20	503	 73 
10127.2	17407	26494	3	49	 69 ***
10128.6	16720	26494	5	293	 68 
9336.16	15806	26494	40	921	 64 
8147.43	21270	26494	79	2670	 58 
9329.72	16132	26494	47	2082	 58 
8749.64	19349	26494	75	2823	 53 
9330.73	17476	26494	33	964	 52 
8478.48	24392	26494	56	2295	 44 
9330.17	15987	26494	35	1138	 28 
9058.13	16835	26494	41	1891	 27 
9048.54	20949	26494	49	1927	 21 
8025.34	26262	26494	83	2764	 18 
10126.5	17832	26494	5	68	 18 
9328.83	20123	26494	19	735	 16 
8458.79	21633	26494	62	2305	 7 
10126.6	17175	26494	4	293	 7 
9325.09	18031	26494	30	667	 6 

10258.9	15719	29672	7	76	 100 
10248.5	14710	29672	49	2497	 97 
9181.55	17482	29672	45	2405	 97 
10255.4	14595	29672	41	2049	 93 
9192.02	15181	29672	71	2660	 91 
8654.51	15396	29672	72	2553	 86 
9201.13	15378	29672	36	1431	 85 ***
8590.23	15488	29672	72	2571	 85 
10263.8	13655	29672	74	2651	 82 
9182.06	17014	29672	50	2460	 82 
10255.2	15126	29672	8	91	 80 
10253.1	17069	29672	8	50	 79 
9452.26	14351	29672	73	2599	 78 
8371.76	15329	29672	74	2589	 77 
9190.24	15696	29672	70	2393	 70 
10272.3	13379	29672	60	2473	 68 
10271.1	14094	29672	42	2132	 64 
9182.71	16586	29672	42	2223	 59 
9449.13	15295	29672	40	1951	 56 
8588.25	18996	29672	65	2413	 54 
9488.56	14676	29672	72	2422	 53 
9196.34	14961	29672	75	2903	 52 
9178.43	18021	29672	45	2266	 52 
9187.64	15887	29672	42	2096	 50 
8293.45	19744	29672	73	2409	 50 
8646.95	16092	29672	56	2077	 49 
9191.69	17173	29672	37	1463	 46 
8395.84	18019	29672	68	2583	 42 
9455.42	14809	29672	35	1839	 40 
10265.3	14564	29672	41	2146	 37 
10254.1	17002	29672	6	97	 32 
9185.06	15937	29672	40	1810	 26 
10258.3	14570	29672	38	1518	 19 
10263.4	14262	29672	77	2662	 13 

9041.36	12071	29293	8	363	 100 
7168.06	13460	29293	58	2426	 85 
10133.1	11571	29293	32	1456	 76 
7385.1	12441	29293	67	2570	 75 
9043.54	12208	29293	4	43	 68 
7919.31	11729	29293	53	2202	 50 
8242.5	14276	29293	34	699	 44 
8255.67	13627	29293	19	489	 43 
8245.92	14110	29293	19	467	 42 
10105.9	11865	29293	31	1456	 36 
8427.22	9909	29293	33	1738	 29 
8243.72	13031	29293	33	743	 26 
9048.24	11911	29293	5	43	 23 
9043.41	11927	29293	5	43	 18 ***
9043.53	11883	29293	6	165	 15 
7949.03	11401	29293	38	1748	 10 

7861.63	11525	27923	32	1406	 100 
8612.24	10560	27923	34	1955	 93 
10045.5	10309	27923	62	2378	 79 
8940.64	13458	27923	5	165	 74 
8939.91	12313	27923	7	97	 73 
10021.9	11647	27923	31	1361	 71 
10029.1	12548	27923	3	127	 66 
10008.2	11385	27923	32	1383	 64 
10021.4	12551	27923	3	127	 64 
8946.56	12304	27923	5	264	 62 
10017.6	10316	27923	59	1677	 58 
10008.8	12237	27923	29	1400	 54 
10017	11832	27923	31	1399	 50 
7551.51	15921	27923	54	1887	 41 
10018	10502	27923	32	1490	 38 
8139.94	12523	27923	7	158	 35 
9404.97	10519	27923	55	2093	 30 
8597.67	11167	27923	36	1543	 28 
9409.06	11979	27923	31	1552	 23 
7783.17	13472	27923	63	2288	 5 
9423.11	10432	27923	61	2028	 4 
8132.26	12430	27923	8	127	 3 ***

9029.63	9111	23299	34	1627	 98 
7719.53	9747	23299	68	2491	 94 
7970.66	10371	23299	17	485	 89 
7965.79	9464	23299	58	1793	 87 
7965.35	10397	23299	1	4	 70 ***
7964.59	11381	23299	1	8	 65 
8798.1	9446	23299	63	2081	 58 
6807.9	11239	23299	66	1988	 52 
9868.35	8919	23299	64	1729	 47 
7363.42	9786	23299	40	1652	 29 
9055.22	8690	23299	66	2446	 22 
9856.08	9064	23299	51	2277	 22 
7825.33	9671	23299	30	1720	 20 
7088.25	10499	23299	42	1834	 5 

7842.44	11138	22329	60	2264	 96 
8753.48	10259	22329	3	145	 88 
7940.66	12485	22329	33	1529	 84 
7946.13	11476	22329	27	1162	 69 
7337.35	11812	22329	43	2048	 49 
6767.37	10662	22329	61	2386	 38 
7952.88	9433	22329	19	615	 22 
8746.54	9396	22329	7	239	 1 ***

9037.38	14291	26894	23	468	 97 ***
9037.35	13293	26894	31	760	 89 
10113.6	15487	26894	11	252	 87 
9052.52	14197	26894	15	434	 83 
9042.23	12049	26894	30	722	 64 
10114.2	14750	26894	13	507	 59 
10117.8	14834	26894	10	958	 33 
9036.41	13782	26894	67	2350	 19 
8238.51	15620	26894	53	1916	 15 
9029.68	14914	26894	12	446	 14 
8955.01	14336	26894	67	2091	 10 
8452.77	14523	26894	39	1381	 8 
9039.35	12827	26894	24	618	 5 

7929.8	14301	24404	62	2154	 100 
8838.6	12320	24404	7	275	 91 
7664.78	12843	24404	68	2536	 90 
8827.99	11949	24404	22	740	 80 
7659.21	13725	24404	68	2582	 63 
8833.03	11869	24404	20	507	 49 
7924.68	13164	24404	67	2223	 47 
8833.98	11239	24404	20	481	 47 ***
8737.59	13844	24404	48	1934	 17 
8017.95	12220	24404	54	2219	 14 
8730.27	11945	24404	60	1957	 7 
8022.73	10926	24404	61	2588	 0 

9059.39	12214	24831	64	2253	 100 
8784.83	12861	24831	53	2010	 100 
9859.67	12073	24831	61	2145	 99 
9057.72	12448	24831	51	1826	 97 
9260.48	12403	24831	53	1923	 91 
9081.24	12129	24831	63	2018	 90 
8788.03	12551	24831	49	1621	 90 
8684.69	12860	24831	61	1921	 90 
8793.89	12832	24831	12	149	 87 ***
9282.89	12300	24831	60	2091	 81 
8793.36	12944	24831	12	256	 80 
9879.26	12554	24831	12	256	 75 
9872.09	11797	24831	61	2208	 69 
8702.22	12418	24831	58	1615	 64 
8655.01	12865	24831	52	2044	 61 
8685.39	13290	24831	51	1396	 60 
9873.35	11826	24831	23	1125	 54 
8076.73	13341	24831	51	1653	 53 
8785.9	13514	24831	50	2082	 52 
9866.11	12246	24831	17	959	 51 
9866.28	12028	24831	20	1141	 45 
8786.61	12861	24831	48	1843	 37 
7882.59	14461	24831	66	2272	 33 
9266.63	12454	24831	48	2013	 30 
8674.73	12350	24831	65	2028	 24 
8788.08	12544	24831	19	842	 19 
7989.49	13552	24831	64	2234	 18 
8488.68	12993	24831	62	2174	 14 
9868.35	12000	24831	17	959	 14 
8679.08	13626	24831	47	1197	 10 
9060.9	12429	24831	52	1836	 7 
9870.67	11960	24831	17	1020	 2 
8001.32	14008	24831	61	2193	 1 

8771.64	13423	23425	7	300	 100 ***
8160.45	14486	23425	43	1807	 94 
9031.98	12254	23425	48	1789	 94 
8759.73	14510	23425	24	802	 94 
7848.06	14607	23425	59	1986	 84 
8066.96	13274	23425	65	2235	 84 
8763.1	13029	23425	66	2302	 83 
9842.77	12842	23425	47	1783	 82 
7591.25	14583	23425	66	2062	 82 
7967.64	13406	23425	61	2152	 77 
7843.16	14882	23425	62	1874	 77 
8761.38	14446	23425	25	803	 76 
8781.33	13232	23425	25	835	 75 
8650.37	13646	23425	59	1880	 68 
7692.4	14079	23425	67	2299	 68 
7970.55	13909	23425	58	2061	 67 
8655.71	14046	23425	51	1870	 63 
8634.89	13137	23425	61	2140	 59 
8157.13	14575	23425	57	1808	 57 
8761.52	13650	23425	23	801	 56 
8658.82	13663	23425	49	1448	 55 
9855.71	13165	23425	44	1343	 46 
8770.08	13580	23425	21	598	 40 
8754.94	13461	23425	55	1797	 36 
8769.24	12955	23425	45	1769	 20 
8655.35	14357	23425	49	1627	 5 

8660.89	16966	23944	66	1523	 99 
8773.9	15973	23944	7	65	 99 ***
8755.43	16826	23944	66	2010	 98 
9855.27	14801	23944	47	1453	 96 
8771.17	15959	23944	22	683	 94 
9249.73	15237	23944	31	1278	 91 
8772.04	17083	23944	8	79	 88 
8775.2	15148	23944	60	1419	 87 
8158.97	17069	23944	67	2217	 87 
8670.88	17502	23944	50	1393	 78 
8763.5	16327	23944	68	2055	 70 
8655.61	16338	23944	67	1968	 60 
9843.02	15316	23944	29	1130	 59 
8769.33	16051	23944	63	1786	 51 
8254.26	17689	23944	62	1637	 45 
8765.53	16405	23944	25	836	 41 
9836.3	14972	23944	59	1550	 40 
8772.96	16144	23944	8	66	 40 
8754.97	15783	23944	69	2288	 38 
8435.84	17264	23944	63	1702	 35 
8647.65	15941	23944	70	2282	 35 
8769.53	14645	23944	72	2236	 30 
9852.64	14997	23944	26	1123	 27 
7716.59	17403	23944	68	2276	 20 
8774.11	15812	23944	8	70	 19 
7872.57	17082	23944	69	1919	 13 
8653.47	17228	23944	56	1556	 12 
8765.36	16061	23944	27	842	 8 
8763.74	16727	23944	24	821	 4 
8636.01	17126	23944	66	2183	 3 

8052.7	17871	25835	63	1732	 95 
8962.54	15411	25835	27	1050	 94 
10021.8	13108	25835	60	1726	 91 
8831.17	12083	25835	65	1386	 87 
8950.53	15419	25835	26	943	 85 
8849.12	13739	25835	52	1546	 73 
10023.6	15275	25835	19	1218	 68 
10026.3	16288	25835	7	307	 61 
8618.07	14963	25835	63	1853	 36 
10016.1	13116	25835	50	1563	 35 
8152.72	16169	25835	68	1870	 32 
10044.3	14224	25835	48	1538	 29 
9218.82	15187	25835	51	1434	 27 
8946.31	15945	25835	8	97	 23 
8351.47	15206	25835	28	883	 13 ***
10014.3	14985	25835	36	1481	 11 
10026	14289	25835	47	1446	 5 
9221.13	12940	25835	61	1339	 3 

9339.8	13864	27228	46	1381	 80 
8169.73	17984	27228	65	2142	 76 
9089.35	15436	27228	15	689	 75 ***
8486.84	17093	27228	25	942	 74 
9082.77	17876	27228	23	561	 69 
8484.78	18697	27228	16	1033	 67 
8497.55	18409	27228	15	525	 62 
10169.6	12869	27228	51	1495	 42 
9086.46	17295	27228	10	619	 25 
8757.69	13742	27228	58	1869	 21 
8475.56	16217	27228	29	1113	 18 
10168.3	16890	27228	11	679	 3 

9362.3	15920	26361	68	2575	 86 
8975.74	18117	26361	69	2509	 85 
9099.67	16329	26361	19	783	 83 
8963.63	19201	26361	56	2314	 78 
8037.78	19618	26361	64	2004	 78 
9092.93	16907	26361	22	642	 73 
8994.29	18329	26361	68	2591	 67 
9364.68	15609	26361	73	2626	 63 
9098.42	16639	26361	3	732	 57 
9096.11	16499	26361	20	934	 56 
9107.59	16469	26361	5	541	 53 ***
8992.33	18741	26361	61	2510	 52 
8289.56	19133	26361	72	2677	 49 
8983.66	17713	26361	75	2792	 43 
9101.5	16529	26361	10	177	 36 
10182.9	14950	26361	55	2350	 34 
9082.81	17903	26361	68	2487	 33 
10165.7	16086	26361	46	2196	 28 
10166.7	14111	26361	66	2399	 26 
8990.07	18713	26361	63	2434	 25 
10165.4	13528	26361	68	2477	 23 
8489.75	18950	26361	72	2799	 16 
9570.03	15509	26361	48	2211	 14 
8978.74	17725	26361	72	2479	 13 
9106.59	16628	26361	6	792	 6 
9367	14388	26361	67	2703	 0 
9371.63	14886	26361	60	2457	 0 

9033.76	15238	28254	4	267	 99 
8682.82	13709	28254	41	1802	 95 
9022.37	15005	28254	18	586	 91 
9504.51	12377	28254	44	1917	 87 
8409.9	13747	28254	44	2066	 85 
9018.65	15711	28254	22	922	 85 
10112.5	14950	28254	35	1108	 84 
8095.59	14753	28254	46	1836	 78 
9027.26	16528	28254	14	519	 75 
7396.58	13174	28254	64	2271	 69 
8209.4	13342	28254	46	2059	 65 
8411.95	11948	28254	46	2037	 65 
8685.47	13047	28254	45	1926	 65 
9281.32	12661	28254	42	1949	 46 
8104.12	14373	28254	40	1892	 45 
8474.76	11504	28254	67	2346	 45 
7701.82	13079	28254	65	1977	 38 
9033.76	15561	28254	2	259	 37 
9014.5	11507	28254	45	1959	 30 
9021.02	13088	28254	39	1903	 30 
9030.9	16341	28254	15	534	 24 
8694.93	12875	28254	42	1965	 19 
8903.4	12666	28254	40	1856	 19 ***
8080.44	12657	28254	68	2061	 19 
7815.61	13384	28254	52	2045	 14 
9013.52	16906	28254	23	953	 13 
8415.79	14222	28254	42	2045	 11 
7386.88	13796	28254	62	2103	 11 

8882.83	13573	27773	28	996	 95 
10089.7	11033	27773	74	2216	 87 
8282.4	14209	27773	24	979	 79 
8882.74	14506	27773	17	621	 78 
7485.61	13421	27773	71	2226	 76 
8883.61	13642	27773	26	987	 74 
8885.05	14099	27773	16	617	 63 
8882.88	13072	27773	28	1002	 56 
8206.96	13046	27773	46	1846	 46 
8384.38	12900	27773	77	2523	 46 
7832.07	13320	27773	65	2112	 46 
8667.74	12976	27773	45	2104	 45 
9012.77	12847	27773	43	1992	 44 
9262.54	11727	27773	74	2263	 39 
7813.69	15451	27773	63	2320	 37 
9016.56	12895	27773	41	1765	 34 
9283.16	12133	27773	70	2395	 34 
8883.91	13983	27773	17	621	 34 
8658.15	12845	27773	77	2579	 33 
9247.23	12640	27773	68	2119	 33 
8902.5	12717	27773	48	2140	 29 
8999.85	11778	27773	74	2489	 26 
8663.2	13209	27773	31	1581	 25 
7946.12	13398	27773	35	1527	 18 
8089.8	13183	27773	74	2159	 8 
8475.64	13148	27773	34	1732	 2 
7819.09	13042	27773	76	2401	 1 
9288.55	11570	27773	26	1084	 0 ***
8883.83	14018	27773	17	621	 0 

7340.15	10862	24667	65	2080	 99 
9212.85	9795	24667	29	1143	 94 
9228.21	10522	24667	17	842	 89 
9212.19	10093	24667	18	890	 80 
10032.5	11657	24667	16	804	 75 
8346.59	7803	24667	65	1840	 71 
7054.62	11302	24667	64	2016	 70 
8626.18	9866	24667	30	1313	 68 
7423.2	9973	24667	32	1144	 63 
10030.8	9814	24667	17	842	 56 ***
8029.15	11166	24667	30	1285	 45 
9214.85	8704	24667	42	1682	 27 
10052	11044	24667	15	506	 27 
8365.38	8984	24667	33	1701	 25 
10043.2	8674	24667	30	1366	 25 
10040.8	9628	24667	24	928	 24 
7618.27	9683	24667	68	2152	 23 
10029.5	10031	24667	21	901	 22 
10036.7	9711	24667	22	916	 17 
8410.02	9903	24667	25	1038	 4 

6529.92	6828	20742	37	1570	 97 
9033.9	6174	20742	38	1832	 93 
7146.9	6591	20742	37	1769	 83 
5802.74	6687	20742	40	1604	 81 
5435.7	7163	20742	56	1629	 77 
4880.99	8092	20742	64	2068	 74 
5318.73	6480	20742	62	1778	 69 
9022.3	8164	20742	13	297	 66 
7835.3	9585	20742	33	1088	 64 
5335.84	7948	20742	41	1859	 63 
9019.16	7838	20742	31	1440	 58 
7124.25	7043	20742	34	1734	 56 
8151.95	6541	20742	37	1776	 55 
6178.34	6241	20742	56	1673	 53 
7127.45	6856	20742	34	1681	 50 
5548.1	7741	20742	43	1886	 48 
8626.78	6715	20742	36	1802	 47 
8633.71	6407	20742	37	1806	 41 
7827.57	6420	20742	38	1814	 35 
8421.38	6816	20742	36	1771	 33 
7124.03	7107	20742	35	1497	 28 ***
7918.52	5951	20742	62	2031	 28 
6747.42	8017	20742	35	1695	 23 
9021.04	7914	20742	14	327	 23 
6413.42	6655	20742	38	1755	 20 
7587.35	6040	20742	63	2061	 18 
8637.33	6699	20742	36	1806	 18 
8149.62	6068	20742	53	1516	 14 
7545.88	6138	20742	63	2023	 13 
9023.51	7846	20742	14	327	 9 
8148.57	7826	20742	32	1710	 8 
9022.87	7886	20742	14	327	 5 
6270.25	7973	20742	39	1622	 4 
9224.5	6577	20742	36	1558	 2 

8373.98	9920	22469	21	1033	 93 
6638.44	7743	22469	59	1897	 91 
7568.95	10790	22469	25	1123	 91 
8167.01	11001	22469	10	464	 91 
8040.58	10379	22469	19	752	 87 
8057.1	9805	22469	32	1228	 86 
9454.64	8443	22469	37	1075	 85 
6716.22	9159	22469	34	1273	 84 
6488.59	8436	22469	53	1509	 84 
8979.29	9366	22469	19	689	 84 
8977.33	10017	22469	11	342	 82 
7372.6	10014	22469	31	668	 78 
8959.81	8115	22469	57	1845	 76 
8252.5	9830	22469	27	1159	 67 
8373.78	10200	22469	20	995	 66 
7909.63	9837	22469	25	1111	 64 
7757.48	9891	22469	22	1069	 61 
8634.44	8258	22469	52	1722	 59 
10043.6	8863	22469	20	788	 59 
8371.34	9965	22469	21	1044	 59 
7784.13	8815	22469	40	1397	 59 
6141.09	9999	22469	46	1377	 58 
8426.8	9624	22469	18	722	 57 
10058.3	9106	22469	12	586	 57 
7236.88	9019	22469	48	1640	 45 
8176.74	10327	22469	10	205	 41 ***
8170.83	10227	22469	20	1045	 39 
7628.52	11566	22469	17	378	 39 
8973.55	8724	22469	22	1044	 37 
8976.55	10519	22469	8	212	 37 
9260.52	9843	22469	17	484	 33 
7234.21	10457	22469	29	1086	 24 
7905.78	8319	22469	43	1399	 21 
8263.06	9467	22469	27	1053	 19 
8645.96	10538	22469	8	167	 12 
8440.84	9995	22469	12	571	 5 
8057.02	8234	22469	58	1815	 3 

8738.04	8407	22941	38	2078	 97 
7039.46	11299	22941	52	2339	 92 
9349.82	9882	22941	21	1491	 91 
9345.96	9151	22941	29	1876	 84 
9338.88	9909	22941	20	1454	 73 
8131.75	10926	22941	26	1730	 70 
8353.75	10359	22941	19	1531	 66 
7938.05	9182	22941	60	2521	 65 
8269.09	10775	22941	23	655	 62 
7715.5	11227	22941	29	1700	 51 
8253.55	11256	22941	22	1412	 46 
9087.92	10726	22941	5	535	 45 
8281.59	9906	22941	21	890	 38 ***
10157.8	9749	22941	10	537	 32 
7392.26	11117	22941	30	1903	 29 
10147.1	10239	22941	18	1294	 28 
8127.02	10179	22941	29	1852	 23 
9352.16	10485	22941	12	732	 22 
8731.69	11421	22941	18	1444	 21 
7937.46	11156	22941	27	1887	 20 
7199.2	9968	22941	38	2039	 17 
9077.71	11301	22941	4	265	 10 
8960.94	10083	22941	20	1660	 8 
9080.45	9690	22941	23	1538	 5 
8455.04	9183	22941	24	1586	 0 

8660.94	9358	21496	40	1890	 97 
7832.26	9675	21496	34	1800	 90 
7203.14	10672	21496	40	1949	 90 
7797.39	8900	21496	43	1490	 89 ***
8486.13	9459	21496	38	1958	 84 
7210.92	10667	21496	36	1870	 84 
8208.7	11340	21496	25	1833	 79 
9300.15	10779	21496	11	344	 71 
9288.47	11160	21496	18	735	 70 
8670.88	8725	21496	62	2401	 69 
7796.65	9065	21496	55	2373	 68 
9009.04	9622	21496	27	1679	 62 
9016.54	10205	21496	21	686	 60 
7583.41	10203	21496	38	1857	 56 
7816.67	11388	21496	33	1660	 55 
8091.35	8025	21496	65	2551	 51 
9509.54	9595	21496	30	1953	 51 
7474.87	8867	21496	60	2320	 51 
7352.01	9559	21496	51	2315	 51 
10091.7	10542	21496	19	656	 45 
7958.88	10060	21496	29	1692	 42 
7821.52	11064	21496	34	1827	 41 
7269.58	8794	21496	62	2354	 39 
8677.31	9567	21496	31	1628	 39 
8682.71	9430	21496	32	1898	 37 
7806.84	9701	21496	35	1963	 37 
7208.85	9253	21496	63	2476	 36 
9015.49	11344	21496	17	748	 33 
9014	11046	21496	20	900	 8 
7619.54	8728	21496	62	2354	 7 
8900.23	8677	21496	37	2021	 7 
8456.61	8451	21496	64	2429	 3 
6516.54	9735	21496	42	1924	 2 
6329.65	11225	21496	54	2389	 2 
7604.05	9837	21496	36	2135	 0 

8012.05	11350	21882	24	1134	 96 
8319.57	11908	21882	21	715	 94 
7850.19	7585	21882	60	1967	 93 
6320.11	10158	21882	41	1707	 92 
7121.27	8159	21882	37	1771	 90 
7068.83	8412	21882	62	2042	 90 
6077.45	11459	21882	63	2286	 82 
7716.92	9283	21882	36	963	 75 
8319.55	12052	21882	20	655	 68 
8339.3	8810	21882	33	1200	 67 
6124.26	9244	21882	59	2210	 67 
6898.08	9429	21882	53	1875	 63 
8321.24	11905	21882	15	358	 56 
8324.59	9107	21882	33	1508	 50 
8320.48	11893	21882	20	655	 44 
8781.62	7946	21882	59	2188	 43 
7043.8	8997	21882	51	2079	 43 
8113.15	9713	21882	23	1096	 42 
7742.25	10758	21882	26	1356	 36 
8581.15	7279	21882	61	2012	 28 
7331.08	10537	21882	36	1387	 15 
8329.1	8825	21882	21	1160	 12 ***
6631.96	9773	21882	43	1698	 10 
8320.4	12285	21882	19	351	 8 
7397.4	9687	21882	28	1453	 4 
7521.56	7902	21882	60	1997	 4 
7178.31	8048	21882	63	2286	 0 
7049.2	11644	21882	24	1293	 0 

8467.95	10891	24549	37	1806	 81 
8470.93	12475	24549	15	483	 70 
8475.74	11139	24549	35	884	 59 
8003.4	11653	24549	54	1851	 53 
7042.84	12058	24549	57	1920	 52 
9081.09	10695	24549	24	954	 52 
9072.31	10722	24549	15	476	 39 ***
8478.89	10962	24549	34	876	 34 
8470.7	12942	24549	31	635	 23 
8468.66	12763	24549	32	649	 20 
8276.28	11971	24549	45	2027	 18 
7185.84	12536	24549	39	1504	 16 
8978.16	10664	24549	34	1224	 12 
8472.9	11392	24549	29	795	 10 
8263.25	12601	24549	34	1644	 7 
6847.23	12516	24549	40	1751	 5 
8462.77	12442	24549	42	957	 3 

8583.1	11690	25922	35	1849	 100 
9190.61	9526	25922	32	597	 87 
9192.36	9217	25922	36	833	 80 
7162.54	12299	25922	59	2069	 75 
9181.98	10393	25922	24	416	 65 
9189.55	10243	25922	16	696	 50 
9189.15	11470	25922	7	63	 49 
7783.71	10277	25922	47	2225	 47 
9180.62	11179	25922	24	630	 42 
7590.77	11220	25922	63	2205	 34 
8384.75	10208	25922	54	1980	 31 
8385.84	11214	25922	46	2274	 31 
9178.33	10573	25922	29	712	 30 
9190.06	10233	25922	14	463	 26 ***
9185.2	10354	25922	32	597	 25 
9180.38	10970	25922	25	420	 24 
9180.56	10448	25922	25	664	 20 
8392.27	9556	25922	37	1063	 14 
10270.8	10991	25922	9	368	 12 
9191.96	10930	25922	10	633	 11 
9181.87	11223	25922	9	354	 5 

