#10226.8	22613	29325	0	0	 99 
#10211.5	23428	29325	0	0	 92 
#8808.52	25877	29325	0	0	 81 
#9405.49	23882	29325	0	0	 75 
#9139.98	25507	29325	0	0	 72 
#9625.82	23695	29325	0	0	 40 
#10212.6	23278	29325	0	0	 38 
#8362.7	28518	29325	0	0	 23 

8903.77	19531	25246	71	2630	 99 
10079.4	17696	25246	69	2683	 99 
8910.7	21262	25246	25	333	 98 ***
8420.63	22317	25246	71	2936	 97 
8230.07	24713	25246	84	3101	 90 
8908.95	25129	25246	46	1532	 88 
9277.25	18704	25246	70	2541	 87 
10084.1	17350	25246	71	2735	 78 
9278.46	16502	25246	73	2769	 76 
10102	19003	25246	64	1982	 76 
9283.36	18763	25246	69	2611	 74 
8912.22	20228	25246	45	944	 73 
10108.8	19502	25246	62	2291	 67 
8483.22	18826	25246	77	2365	 63 
8900.15	23789	25246	70	2215	 62 
8401.99	21650	25246	81	2986	 59 
10106.4	19181	25246	63	1993	 56 
8909.47	24315	25246	40	863	 50 
9016.82	19396	25246	67	2053	 47 
9017.15	19051	25246	64	2416	 45 
8901.05	22482	25246	65	2394	 43 
8420.06	23839	25246	69	2575	 42 
10093.2	20224	25246	63	2190	 40 
9284.18	17335	25246	72	2636	 37 
8905.08	22227	25246	53	1627	 33 
9027.46	18929	25246	71	2735	 29 
10082.6	18002	25246	65	2499	 28 
8995.19	19182	25246	73	2862	 28 
8911.32	20997	25246	27	365	 27 
10095	19729	25246	32	808	 20 
10098.5	15820	25246	76	2793	 18 
8671.49	18218	25246	74	2980	 17 
8905.67	20482	25246	67	2245	 16 
8910.93	20243	25246	45	1010	 10 
10079	18630	25246	71	2979	 4 

9319.38	17724	26494	78	2605	 93 
9069	17423	26494	82	2736	 90 
8960.69	20924	26494	5	57	 88 
10152	16796	26494	54	2194	 83 
8956.42	23817	26494	40	1143	 81 
8958.69	21289	26494	40	897	 76 
10148.3	16390	26494	77	2823	 75 
10144.2	17368	26494	49	1974	 72 
8960.3	23846	26494	10	206	 72 
9056.92	19273	26494	81	2952	 68 
8960.88	20131	26494	9	57	 68 ***
9068.63	18507	26494	55	2226	 64 
9356.99	17371	26494	66	2421	 63 
10150.8	17336	26494	51	1979	 58 
9344.19	18393	26494	48	1808	 56 
10134.5	16257	26494	80	2705	 55 
8265.86	21892	26494	66	2587	 53 
8959.47	20489	26494	44	1251	 53 
9532.29	16646	26494	80	2853	 47 
8254.34	22502	26494	84	2980	 45 
10160.5	17299	26494	53	2534	 45 
9077.06	19953	26494	53	1965	 44 
10133.5	16293	26494	80	2510	 43 
9341.36	17403	26494	56	2279	 40 
9347.8	17647	26494	54	2256	 39 
9085.24	18088	26494	79	2847	 39 
10147.9	19892	26494	45	1874	 38 
8960.39	20979	26494	6	58	 28 
8960.93	19863	26494	62	2454	 24 
9061.54	19358	26494	76	2655	 20 
10141.1	18065	26494	47	1221	 20 
8960.03	20830	26494	35	860	 19 
8735.33	19346	26494	78	2800	 14 
10157	20916	26494	7	361	 13 
9549.53	18230	26494	53	2275	 11 
8931.84	20293	26494	57	2466	 10 
8958.74	24761	26494	28	1372	 5 
10162.6	20748	26494	8	424	 4 
10145	16993	26494	56	2547	 2 
9538.53	16845	26494	73	2510	 0 

8853.94	14597	29672	75	2947	 98 
9086.72	17343	29672	37	827	 96 ***
10284.7	13678	29672	73	2544	 95 
9084.04	17773	29672	47	2282	 93 
9089.48	17370	29672	8	220	 89 
9096.21	17463	29672	6	97	 87 
8016.78	21523	29672	72	2471	 85 
9087.9	16479	29672	40	1105	 82 
10275.2	14903	29672	40	2056	 77 
9087.47	15549	29672	47	2231	 74 
9196.03	13808	29672	48	2161	 73 
10269.5	14478	29672	43	1931	 69 
9091.8	16551	29672	38	857	 65 
8602.62	15033	29672	66	2475	 57 
9056.46	15453	29672	50	2310	 56 
10286.8	17213	29672	17	620	 54 
8410.72	18392	29672	55	2378	 52 
9092.91	15129	29672	42	1135	 49 
10285.4	13635	29672	53	2372	 48 
10287.6	17269	29672	9	150	 40 
10288.3	14171	29672	45	2179	 35 
9455.32	15069	29672	45	1983	 30 
10262.7	15037	29672	43	2122	 25 
9075.14	16995	29672	49	2366	 21 
9084.29	18734	29672	24	878	 16 
9664.79	14494	29672	46	2209	 12 
9088.72	16381	29672	40	1116	 3 

8342.66	11103	29293	68	2667	 92 
10118.7	10971	29293	35	1872	 87 
7434.21	10303	29293	71	2713	 84 
7444.94	12745	29293	69	2592	 84 
8931.92	12296	29293	7	428	 83 
7852.17	12353	29293	69	2509	 82 
8333.63	11859	29293	67	2600	 81 
8443.63	9656	29293	61	2082	 79 
9521.31	10850	29293	40	2032	 76 
8935.86	12108	29293	4	54	 75 ***
10161.3	10289	29293	47	2096	 71 
8931.11	14076	29293	16	653	 71 
10119.6	10860	29293	38	1717	 65 
8709.73	12487	29293	38	2062	 63 
10132.8	10800	29293	32	1767	 63 
8263.26	11432	29293	68	2675	 62 
9068.67	10998	29293	54	2098	 62 
7987.65	12540	29293	39	1698	 61 
9322.69	11726	29293	33	1752	 57 
10124.5	11675	29293	31	1622	 54 
8501.3	11911	29293	42	2245	 50 
10155.4	10394	29293	52	2263	 50 
9053.53	11031	29293	38	2051	 50 
9331.51	10632	29293	45	2245	 40 
10118.3	12062	29293	32	1651	 35 
8127.96	12160	29293	40	1964	 32 
8931.62	13421	29293	37	979	 30 
8933.87	12280	29293	6	328	 25 
9316.24	11799	29293	36	1815	 24 
9537.49	11317	29293	33	1742	 17 
9053.42	11917	29293	36	1930	 15 
7040.47	11599	29293	70	2698	 15 
9534.48	11477	29293	35	1746	 0 

8137.64	12533	27923	37	1794	 100 
10041.1	10545	27923	56	2259	 100 
7344.29	13981	27923	65	2394	 100 
8833.79	12327	27923	33	1605	 98 
8147.53	11908	27923	60	2306	 97 
8822.62	12715	27923	32	1664	 96 
9231.38	10876	27923	34	1802	 92 
8356.16	13285	27923	34	1724	 92 
9213.62	11741	27923	32	1798	 90 
8125.3	11424	27923	64	2379	 86 
8616.11	11339	27923	34	1772	 83 
10037.8	11783	27923	30	1346	 76 
7751.73	12139	27923	61	2219	 71 
8824.39	10594	27923	63	2319	 70 
8942.48	11197	27923	61	2244	 67 
8357.94	11876	27923	50	2172	 60 
10031.4	12385	27923	27	1275	 59 
7414.34	11501	27923	63	2390	 57 
7545.48	12834	27923	55	1994	 56 
8834.31	12457	27923	6	461	 54 ***
10037.2	12345	27923	7	358	 51 
8832.51	12820	27923	30	1264	 46 
8339.42	11099	27923	63	2289	 40 
8037.23	14455	27923	47	1952	 39 
10026.1	11243	27923	33	1612	 31 
10020.5	12034	27923	31	1763	 29 
10027.3	12952	27923	5	629	 25 
9226.97	10797	27923	49	2161	 19 
8970.12	11066	27923	54	2246	 17 
8945.97	12073	27923	32	1605	 15 
8411.98	13229	27923	35	1938	 14 
8833.74	13334	27923	14	729	 9 

9868.1	10642	23299	34	1446	 98 
7854.81	10185	23299	44	1548	 89 
8450.62	10757	23299	33	1401	 89 
9041.72	9154	23299	66	1958	 83 
9048.36	9609	23299	36	1699	 81 
7970.82	9296	23299	66	2415	 81 
9052.98	10456	23299	35	1538	 74 
8438.12	9808	23299	38	1796	 73 
8174.62	11449	23299	39	1751	 70 
7975.47	9885	23299	41	1773	 70 
8639.89	9343	23299	58	2112	 63 
9866.89	12092	23299	6	297	 62 
8664.83	11964	23299	11	423	 53 
8665.84	11066	23299	32	847	 50 
8786.81	8084	23299	67	2461	 49 
7977.28	11634	23299	37	1870	 44 
8666.5	11051	23299	31	1046	 41 
8660.29	12527	23299	5	419	 39 
8229.41	9362	23299	44	1818	 38 
7581.97	12103	23299	49	1855	 31 
9853.22	9289	23299	41	1795	 30 
9867.33	12411	23299	4	68	 28 
7965.02	12874	23299	42	1810	 24 
8684.42	10748	23299	20	530	 24 ***
7042.71	9810	23299	65	2408	 13 
8664.94	11269	23299	8	453	 12 
9065.11	9219	23299	65	2431	 11 
8664.83	11870	23299	12	438	 7 
8664.23	11220	23299	32	847	 5 
8660.25	12116	23299	31	1183	 4 
7967.89	11135	23299	40	1705	 3 

9852.78	9642	22329	59	2384	 100 
8160.37	12094	22329	57	2249	 97 
8640.86	12388	22329	28	1396	 72 
8648.28	12491	22329	14	673	 69 
7834.65	12803	22329	55	2078	 64 
8154.35	11581	22329	59	2281	 60 
7822.9	12865	22329	41	1695	 57 
7963.76	12120	22329	59	2326	 55 
8645.78	10714	22329	15	703	 54 
9842.65	9740	22329	39	1950	 53 
8642.51	10829	22329	15	703	 50 
8640.19	10896	22329	37	1874	 35 
8645.41	10351	22329	18	487	 29 ***
7940.65	12303	22329	39	1700	 27 
7572.6	12410	22329	58	2311	 19 
8662.27	12200	22329	10	342	 17 
9841.07	10312	22329	59	2311	 7 
7953.11	11745	22329	60	2356	 2 

9540.2	13383	26894	63	2060	 98 
8926.49	14250	26894	56	2082	 97 
10118.2	13353	26894	28	1218	 93 
10121.6	13225	26894	55	1967	 74 
8326.96	16071	26894	60	1809	 71 
10120.4	13926	26894	18	1116	 70 
10130.6	13099	26894	43	1879	 69 
8927.82	14126	26894	19	945	 68 
10115.9	13472	26894	22	827	 65 
8926.55	14843	26894	20	511	 54 
8928.54	14181	26894	14	611	 44 ***
8716.69	14104	26894	68	2394	 43 
8923.76	16382	26894	28	975	 43 
8932.34	13461	26894	24	849	 41 
8356.38	15679	26894	45	1861	 38 
8925.2	14496	26894	65	2076	 30 
8715.03	15169	26894	62	2255	 26 
8927.62	14050	26894	27	1121	 5 
8714.61	14668	26894	65	2259	 3 
10118.5	13266	26894	27	853	 3 

8725.68	12529	24404	19	922	 98 
8028.46	12395	24404	69	2644	 87 
8726.42	13057	24404	12	584	 80 
8857.69	11368	24404	65	2522	 77 
9925.75	11997	24404	13	681	 74 
8853.63	11946	24404	57	2084	 71 
8722.03	12181	24404	22	938	 71 ***
8490.51	12064	24404	60	2293	 67 
8844.69	12085	24404	41	1934	 59 
8728.08	12992	24404	15	682	 51 
8833.16	12126	24404	57	2138	 49 
9915.76	11522	24404	46	1990	 49 
9331.65	11399	24404	47	2241	 46 
8720.11	12940	24404	39	1612	 44 
9911.08	11758	24404	45	1885	 39 
8718.12	12307	24404	44	1892	 37 
7940.8	12832	24404	61	2323	 33 
8859.37	11773	24404	53	2193	 29 
9325.11	11671	24404	62	1926	 26 
8834.46	11665	24404	65	2536	 19 
8724.86	12672	24404	20	750	 17 
7790.17	13047	24404	61	2521	 15 
8740.95	12166	24404	55	2094	 12 
9932.34	11355	24404	64	2330	 12 
9313.82	12069	24404	47	2189	 6 
8727.17	11976	24404	67	2443	 3 
8725.28	12658	24404	19	799	 2 

8807.56	12525	24831	44	1293	 98 
9869.59	12143	24831	50	1565	 94 
8799.83	12266	24831	56	2121	 93 
8662.1	13149	24831	43	1680	 90 
8675.85	12818	24831	22	1134	 81 
9873.52	12559	24831	23	1156	 80 
9872.94	12023	24831	63	1769	 79 
9884.52	11982	24831	50	1545	 77 
9872.77	12509	24831	45	1511	 77 
8677.82	13067	24831	14	520	 77 ***
9867.98	12481	24831	55	2101	 76 
9859.72	12177	24831	60	1771	 70 
9876.08	13212	24831	13	540	 70 
9884.67	12483	24831	44	1684	 57 
8690.36	12746	24831	58	2080	 53 
7603.75	13350	24831	47	1445	 52 
8797.69	12565	24831	64	2207	 43 
8682.55	13055	24831	21	873	 43 
8465.77	14947	24831	45	1434	 40 
9873.32	12143	24831	49	1855	 25 
8680.92	13319	24831	13	490	 24 
8794.6	12014	24831	65	2242	 19 
9867.79	12695	24831	43	1546	 17 
8791.32	12635	24831	56	1759	 17 
7870.71	12733	24831	60	2056	 14 
9873.24	12344	24831	46	1607	 8 

9033.4	13171	23425	42	1624	 88 
8651	13082	23425	65	2265	 86 
8438.08	14515	23425	60	2159	 86 
9844.79	12563	23425	44	1808	 85 
8649.16	14358	23425	45	1301	 81 
8652.94	13415	23425	5	52	 81 ***
9056.53	11876	23425	64	2172	 78 
8651.05	14888	23425	27	762	 75 
8651.3	13352	23425	45	1465	 71 
8167.95	14076	23425	65	2231	 64 
8427.97	13854	23425	61	1782	 58 
9842.4	13188	23425	40	1610	 57 
7688.98	14938	23425	64	2017	 57 
8638.73	13925	23425	60	1923	 56 
8642.53	13794	23425	64	1914	 54 
7716.87	14560	23425	61	1904	 47 
7868.76	13579	23425	67	2310	 46 
8651.07	13624	23425	7	72	 40 
8648.3	14446	23425	53	1891	 35 
8663.21	12537	23425	45	1674	 33 
9846.9	13344	23425	26	1157	 33 
8223.08	14136	23425	63	1987	 29 
8651.81	13399	23425	9	66	 24 
8185.37	15451	23425	51	1614	 21 
9241.12	13115	23425	43	1493	 12 

9854.99	15146	23944	8	337	 99 
9025.61	15129	23944	67	1828	 38 
9249.82	15126	23944	73	2330	 26 
8230.15	15798	23944	71	2052	 20 
8776.67	15378	23944	70	2026	 18 
8651.33	16400	23944	61	1744	 16 
9039.61	15271	23944	46	1593	 14 
8655.4	15694	23944	3	27	 8 ***

8835.69	16465	25835	44	1503	 99 
8838.77	14677	25835	66	1843	 96 
10027.7	15004	25835	43	1412	 93 
9226.89	12083	25835	59	1493	 90 
8951.37	15293	25835	49	1576	 90 
8834.98	16540	25835	20	709	 88 
10029.1	14866	25835	42	1417	 81 
10035.3	14142	25835	47	1607	 77 
9209	13400	25835	48	1672	 74 
8838.81	15318	25835	8	147	 71 ***
8942.49	12097	25835	62	1153	 67 
8242.68	13982	25835	67	1875	 56 
10031.2	14630	25835	46	1455	 48 
10023.4	14697	25835	45	1624	 47 
8838.43	15518	25835	65	1791	 45 
10040.1	13782	25835	40	1363	 43 
8830.38	16740	25835	22	953	 42 
10050.2	14969	25835	16	732	 38 
10023.2	15040	25835	44	1612	 25 
8939.69	14366	25835	66	1854	 23 
8836.99	15849	25835	27	836	 23 
8127.31	12080	25835	68	1894	 9 
10026	15076	25835	43	1539	 7 
8836.13	15981	25835	23	671	 0 

10164.9	12368	27228	57	1960	 99 
10153.9	16193	27228	48	1735	 99 
8965.4	17267	27228	54	1526	 97 
8968.9	18546	27228	25	913	 94 
10149.4	16490	27228	49	1951	 90 
8985.28	18840	27228	10	191	 89 
10167.4	16651	27228	20	1078	 87 
10155.3	16400	27228	44	1584	 81 
10173.1	17686	27228	6	404	 78 
10169.2	18454	27228	8	175	 77 
10163.9	18507	27228	7	374	 67 
10172.4	16405	27228	16	619	 66 
10172.4	16821	27228	15	587	 65 
10163.9	16984	27228	15	589	 64 
10154.4	16079	27228	47	1843	 62 
10168.8	18321	27228	11	368	 60 
8982.23	16493	27228	30	776	 49 ***
8369.95	15687	27228	59	1884	 46 
8969.22	17724	27228	32	814	 43 
8968.49	17486	27228	35	1216	 41 
10174.9	17177	27228	6	626	 39 
10169.3	14785	27228	51	1543	 37 
8972.54	16677	27228	17	1019	 35 
8935.59	14825	27228	60	2115	 34 
8967.93	16688	27228	48	1909	 30 
10166.2	15613	27228	44	1853	 23 
8965.02	18720	27228	52	1435	 19 
8968.42	17777	27228	32	1047	 19 
10149.8	15554	27228	50	1906	 18 
10173.5	17310	27228	6	400	 18 
8935.26	12994	27228	63	2052	 14 
8971.86	17612	27228	30	1035	 14 
10162.8	16366	27228	44	1740	 10 
10149.9	16415	27228	49	1876	 5 
9336.69	13683	27228	52	1916	 5 

10178.3	16917	26361	57	2517	 89 
10193.1	14581	26361	60	2481	 89 
10183.6	12745	26361	70	2386	 89 
8987.33	17706	26361	21	893	 84 
8987.17	18001	26361	23	923	 83 
10177.2	15987	26361	58	2261	 78 
8988.73	18006	26361	12	668	 72 
8993.05	17735	26361	11	698	 68 
8574.15	14688	26361	67	2472	 64 
10173.1	16369	26361	60	1806	 64 
8987.34	17526	26361	15	475	 60 ***
9579.68	15710	26361	61	2663	 51 
8994.65	14391	26361	62	2652	 46 
10192	14305	26361	68	2432	 45 
8486.42	15605	26361	66	2647	 45 
8044.86	13838	26361	74	2732	 45 
8989.43	17993	26361	12	713	 37 
8978.68	19125	26361	65	2376	 35 
8996.39	17976	26361	8	89	 34 
8999.4	17508	26361	8	303	 11 
8988.44	16992	26361	21	820	 1 

8075.68	11992	28254	72	2403	 100 
8907.87	12760	28254	53	1722	 100 
10117.1	16901	28254	15	258	 96 
8101.9	17424	28254	13	284	 93 ***
10101.5	12266	28254	55	1915	 91 
8316.47	12939	28254	60	2262	 88 
7829.46	12629	28254	61	1949	 88 
9303.61	16476	28254	22	926	 86 
8224.22	12174	28254	71	2425	 82 
10108.6	16467	28254	25	963	 80 
9494.65	12461	28254	52	1756	 73 
10113.2	16190	28254	30	1085	 71 
9506.26	12910	28254	50	1702	 69 
10120.6	16806	28254	20	863	 69 
8914.53	17034	28254	16	225	 68 
10113.8	16338	28254	27	939	 62 
7491.72	13354	28254	60	2315	 61 
9297.76	12617	28254	54	2003	 59 
8917	16823	28254	27	937	 58 
9312.32	16847	28254	18	240	 56 
9291.28	13508	28254	51	1787	 55 
8417.96	13035	28254	58	2170	 55 
10108.4	16451	28254	29	995	 50 
7672.84	13924	28254	57	1715	 48 
8686.57	13853	28254	52	1786	 46 
8935.15	16759	28254	24	968	 44 
8411.4	11760	28254	60	2315	 43 
8136.15	16737	28254	28	967	 36 
8910.14	11867	28254	56	1418	 35 
8216.51	13392	28254	56	2212	 33 
9027.13	12827	28254	52	1764	 33 
10104.3	11836	28254	56	2205	 31 
10108.8	12821	28254	48	1524	 31 
9295.38	13463	28254	51	1750	 30 
8911.59	12478	28254	55	2178	 29 
8236.17	13107	28254	55	1947	 28 
9295.41	16539	28254	29	999	 21 
10100.3	13284	28254	48	1520	 12 
8229.19	12427	28254	61	1877	 9 

7298.49	13302	27773	68	2366	 99 
8080.62	16828	27773	15	259	 89 
8080.95	15956	27773	17	357	 88 
8197.11	12372	27773	62	2053	 87 
8089.01	12777	27773	59	2264	 83 
9267.93	15167	27773	31	1045	 78 
8081.59	15845	27773	22	916	 74 
8178	12497	27773	74	2322	 70 
9012.54	12269	27773	66	2134	 63 
8080.62	16581	27773	13	166	 63 ***
8400.63	11864	27773	68	2069	 58 
8182.73	12634	27773	60	2040	 51 
9269.91	15185	27773	30	1043	 48 
8072.93	13571	27773	60	2039	 47 
9470.07	11111	27773	60	2122	 46 
9481.44	13061	27773	54	1793	 46 
8078.26	13481	27773	62	2048	 41 
9260.57	13424	27773	51	1356	 40 
8084.67	15489	27773	24	939	 33 
9284.47	12295	27773	63	2091	 27 
9259.05	13794	27773	55	1599	 27 
8081.04	16269	27773	16	317	 25 
8997.87	13720	27773	58	1878	 24 
9272.82	12426	27773	59	1840	 24 
8877.83	14020	27773	52	1887	 19 
9470.39	12701	27773	58	1964	 17 
8084.97	13754	27773	57	1928	 13 
8990.16	11554	27773	76	2400	 13 
8054.38	15302	27773	63	2199	 13 
8081.04	15889	27773	26	947	 13 
9478.35	12135	27773	57	1686	 10 
8389.13	12613	27773	61	2117	 10 

8029.79	10646	24667	57	1985	 100 
9418.39	9252	24667	58	1853	 99 
10022.4	12808	24667	15	768	 98 
10033	12474	24667	32	1078	 97 
10027.7	9545	24667	55	1874	 94 
8239.47	10219	24667	59	1752	 87 
9217.35	13006	24667	27	729	 87 
8339.16	10364	24667	58	1723	 86 
8140.6	11754	24667	50	1302	 86 
8613.76	11207	24667	50	1640	 84 
8150.55	10752	24667	51	1920	 84 
8814.56	9346	24667	63	2086	 83 
9219.64	9554	24667	56	1956	 82 
8821.65	10495	24667	43	1476	 74 
10025.4	10109	24667	46	1443	 72 
10035	9433	24667	51	1623	 68 
10027.1	9665	24667	45	1603	 68 
8421.78	9972	24667	51	1398	 68 
8016.4	13313	24667	10	396	 67 ***
8827.87	13412	24667	9	385	 65 
9212.65	13009	24667	21	605	 64 
10021	12910	24667	24	909	 61 
8410	9538	24667	59	1715	 57 
10037	13239	24667	12	189	 55 
10018.3	10362	24667	47	1448	 48 
8141.67	10510	24667	61	1823	 45 
9426.22	10341	24667	50	1785	 45 
8140.73	11406	24667	49	1827	 36 
8838.2	13202	24667	21	853	 32 
8838.09	13242	24667	17	804	 31 
7530.15	10969	24667	59	2016	 26 
9426.68	9686	24667	49	1769	 25 
8835.04	13259	24667	17	804	 22 
8139.3	10185	24667	66	1878	 19 
9230.21	11820	24667	41	1327	 19 
9220.34	12944	24667	17	828	 19 
8132.22	10288	24667	62	2072	 15 
8622.34	11351	24667	44	1342	 8 
9418.84	9041	24667	58	2012	 3 
6962.97	11186	24667	56	1358	 3 
9216.99	9898	24667	55	1736	 3 

7610.47	6620	20742	51	1641	 96 
6544.98	7490	20742	52	1720	 91 
5651.88	6143	20742	65	2151	 90 
7216.03	6667	20742	49	1605	 90 
8222.19	8494	20742	46	1562	 89 
7429.43	9164	20742	25	344	 82 
7219.33	9171	20742	38	859	 77 
9021.39	8573	20742	45	1516	 63 
7072.69	7146	20742	51	1937	 63 
7007.77	6100	20742	52	1641	 62 
7611.9	6557	20742	50	1576	 61 
6404.14	6299	20742	53	1671	 61 
8420.54	6828	20742	48	1656	 61 
7220.56	9933	20742	24	657	 57 
6617.41	7454	20742	48	1613	 54 
7833.33	6303	20742	50	1693	 53 
7204.11	7390	20742	50	1546	 51 
5931.18	7680	20742	54	1932	 51 
5653.39	6291	20742	55	1998	 50 
6618.44	9185	20742	27	738	 41 
6348.31	7622	20742	52	1930	 40 
6756.42	6988	20742	52	1865	 38 
6530.76	7919	20742	47	1575	 38 
7213.39	6833	20742	48	1583	 34 
7824.81	6904	20742	47	1549	 33 
5350.63	8060	20742	63	2014	 33 
5895.42	5671	20742	55	1402	 24 ***
7212.47	7087	20742	48	1586	 24 
5654.82	5839	20742	56	1757	 23 
7428.42	8899	20742	26	385	 14 
7220.3	9183	20742	26	359	 12 
6131	7021	20742	53	1938	 7 
7222.71	9254	20742	25	375	 6 
5555.16	6292	20742	57	1928	 4 
7218.9	9339	20742	25	375	 3 

7917.23	10380	22469	24	1202	 89 
9479.48	9504	22469	20	1132	 73 
9464.36	8611	22469	37	1355	 68 
7921.42	9813	22469	20	1211	 64 
9259.83	10133	22469	18	535	 64 
6477.47	9105	22469	36	1382	 57 
8651.87	8383	22469	60	1905	 56 
10058.8	7994	22469	60	1905	 56 
9004.46	8285	22469	60	1905	 54 
5919.45	9207	22469	32	1092	 51 
8082.06	10166	22469	16	715	 50 
7788.32	8497	22469	44	1495	 41 
7791.71	8825	22469	27	621	 38 ***
8658.99	9874	22469	19	1016	 26 
7186.42	9133	22469	25	865	 17 
8067.51	10815	22469	17	978	 4 
7567.8	9118	22469	34	1313	 4 
7577.19	8723	22469	56	1693	 1 

7885.96	9621	22941	21	649	 94 ***
7887.38	10106	22941	6	188	 91 
7736.89	10361	22941	35	1933	 86 
7083.93	11432	22941	55	2103	 85 
10147.1	8740	22941	31	2011	 71 
7539.01	9956	22941	58	2286	 70 
7655.86	11772	22941	43	2038	 65 
7886.13	9647	22941	8	248	 59 
7324.3	12012	22941	49	1815	 50 
9336.95	9318	22941	62	2583	 43 
9332.19	9335	22941	59	2202	 34 
7889.52	9430	22941	23	794	 31 
9541.75	9071	22941	37	2153	 18 
7174.27	10804	22941	59	2080	 6 
7664.87	9892	22941	60	2401	 0 

6210.93	10428	21496	55	2286	 95 
7804.42	8922	21496	6	372	 76 
7812.1	9540	21496	3	160	 73 
8058.25	8197	21496	45	2231	 65 
6783.67	9833	21496	30	1784	 61 
5873.35	7350	21496	64	2307	 41 
9279.56	7430	21496	39	1881	 41 
7810.58	8561	21496	7	99	 36 ***
6670.36	8638	21496	45	1956	 33 
7415.87	9244	21496	33	1783	 29 
7204.89	9304	21496	5	357	 24 
7206.27	9398	21496	4	113	 23 
7011.27	11100	21496	26	1629	 18 

7491.09	8114	21882	38	1901	 99 
8812.67	11235	21882	16	522	 96 
8587.3	8049	21882	38	1747	 95 
8813.52	11527	21882	13	486	 86 
7319.27	11436	21882	24	1385	 78 
7394.36	10960	21882	24	1568	 75 
9416.08	7696	21882	34	1762	 74 
7143.47	7654	21882	62	2256	 70 
6343.35	10545	21882	28	1664	 70 
8118.68	8405	21882	25	1654	 66 
8003.41	9527	21882	19	1369	 62 
8927.62	11412	21882	15	492	 31 
6672.85	9100	21882	33	553	 21 ***
7736.06	11406	21882	17	510	 20 
8199.09	8188	21882	23	1740	 16 
7407.4	10073	21882	23	1355	 12 
7119.96	10759	21882	25	1323	 11 
7709.97	8865	21882	26	1675	 4 
8594.89	8150	21882	21	1583	 1 
5709.45	7956	21882	40	1680	 1 

8492.75	13765	24549	21	745	 98 
7892.91	11221	24549	46	2153	 97 
9096.21	13637	24549	24	1397	 95 
9100.3	13423	24549	20	737	 88 
8156.19	11124	24549	62	2352	 63 
9103.34	11170	24549	32	1679	 39 
9536.32	10655	24549	62	2374	 38 
7908.27	14371	24549	18	669	 33 
9364.89	12218	24549	24	1565	 28 
9109.17	13157	24549	24	758	 23 
9100.49	13392	24549	20	616	 21 
9109.92	13199	24549	20	726	 20 
6815.94	11382	24549	27	502	 12 ***
9334.65	10661	24549	58	1944	 11 
9080.94	10776	24549	46	1925	 9 
7178.07	11140	24549	62	2349	 8 

9647.14	9668	25922	66	2454	 92 
9666.25	11393	25922	13	843	 89 
8882.6	9688	25922	52	2078	 88 
6925.05	10386	25922	15	396	 83 ***
7999.14	9888	25922	35	892	 80 
9462.07	9842	25922	38	2053	 79 
8472.39	10303	25922	31	1012	 75 
10262.3	9367	25922	65	2420	 46 
9194.73	11591	25922	14	667	 45 
8583.12	9700	25922	60	2152	 13 

