#190	34	511	0	492	157	0	442	983	921	
#284	419	278	152	0	31	978	69	496	1023	
#130	123	414	267	8	382	1023	982	32	369	
#152	293	206	12	443	20	990	156	1023	435	
#36	4	274	0	355	63	1023	621	950	404	
#507	177	393	213	370	511	965	236	282	76	

136	146	282	0	0	511	887	1023	0	402	
492	314	59	372	420	106	312	290	1022	0	
30	248	12	377	53	31	982	275	356	1023	
39	126	12	427	35	30	967	332	396	1023	
0	0	0	511	233	254	988	176	517	708	
152	122	35	313	15	263	967	186	1021	313	 ***
172	42	27	320	30	335	465	19	1022	955	
139	176	291	0	428	69	445	145	1023	671	
60	130	12	495	30	15	975	305	1022	343	
30	126	20	373	23	137	990	1023	288	377	
41	171	12	365	23	19	979	277	477	1023	
0	147	46	0	381	412	718	1023	473	187	
389	0	286	72	88	157	818	248	306	1023	
145	397	12	45	450	64	252	1023	999	0	
75	0	213	244	275	252	898	383	1023	24	
30	126	12	373	23	38	1005	1023	292	465	
64	175	450	185	134	0	282	1009	1023	65	
161	134	12	305	23	15	979	1023	407	328	
30	126	27	365	19	175	975	290	357	1023	
403	202	251	140	381	183	0	612	1023	192	
164	126	12	313	30	15	952	365	387	1023	
110	20	324	46	0	286	1023	160	557	861	
23	210	147	49	0	389	682	1023	617	247	
0	161	245	90	46	0	320	526	1023	976	
217	402	316	108	301	0	175	151	1023	694	
511	451	17	320	287	0	512	0	308	981	
56	0	505	0	333	191	276	396	607	1023	
274	0	65	290	61	276	283	484	1023	631	
30	126	12	365	145	15	991	392	288	1023	
8	60	45	46	468	30	248	488	1023	971	
27	276	415	393	271	73	145	765	1022	0	
30	126	12	320	23	15	1023	1002	401	435	
30	130	12	373	23	145	990	275	386	1023	
61	366	331	4	0	404	38	802	1023	358	
27	15	408	510	261	30	1023	735	378	0	
63	126	12	365	145	15	967	398	273	1023	
35	142	12	380	31	45	967	334	1023	418	

152	122	35	191	75	362	952	1023	219	320	
227	130	35	313	45	19	723	380	1022	557	
511	473	289	281	83	0	322	0	950	542	
274	0	50	313	297	263	760	1023	166	305	
511	31	147	304	53	158	824	433	990	0	
160	205	35	313	15	19	730	404	1021	549	 ***
160	122	35	313	15	263	738	1023	232	550	
274	0	50	373	15	263	731	417	1023	305	
152	145	35	473	15	263	700	218	1023	427	
341	0	243	60	404	80	0	278	1022	1023	
309	42	20	277	404	228	842	306	1023	0	
160	122	35	313	15	263	708	426	386	1023	
60	480	419	153	252	12	60	992	1023	0	
58	0	396	511	245	396	233	0	655	957	
60	149	0	152	316	408	1013	83	1023	247	
182	122	35	511	15	46	700	342	544	954	
61	297	38	239	0	8	409	367	1023	1009	
511	259	413	415	319	0	552	602	380	0	
152	122	35	328	23	19	738	646	365	1023	
65	210	17	87	187	0	625	974	1023	263	
152	122	43	313	15	263	715	248	1023	557	
342	213	426	199	0	0	53	1023	876	319	
164	511	265	282	286	0	0	614	411	918	

38	220	91	373	122	0	760	403	1022	492	
472	290	83	352	205	302	594	200	1023	0	
38	205	31	317	0	289	546	403	1022	670	
509	274	8	302	0	319	373	1023	713	0	
272	156	145	504	94	24	1020	289	0	1017	
194	30	278	0	12	457	201	785	544	1020	
0	129	504	30	365	260	929	282	0	1022	
0	294	15	256	494	49	945	128	319	1021	
68	152	38	433	69	128	206	1021	1013	393	
212	511	281	365	312	0	0	979	511	350	
369	53	279	511	492	91	209	643	874	0	
0	0	242	354	166	511	252	210	879	907	
39	511	120	319	61	350	655	335	979	152	
126	408	113	511	69	0	373	1004	628	289	
34	23	190	288	366	75	182	1022	937	404	
353	106	46	283	148	374	347	841	1023	0	
216	141	160	488	156	317	1023	304	403	313	
194	205	275	313	0	15	546	403	1022	548	
0	111	411	0	511	366	877	154	152	939	
220	511	33	251	0	0	730	522	736	518	
23	61	259	209	419	488	342	357	1021	342	
68	122	53	454	475	434	503	0	1023	389	
243	72	105	53	268	309	0	579	869	1023	
495	511	347	160	174	75	625	0	1023	111	
96	374	53	76	511	0	808	197	434	972	
350	153	280	278	229	187	1023	0	1021	0	
46	60	290	491	186	68	1023	510	847	0	
0	206	60	0	376	442	403	316	1022	696	
156	396	23	273	0	0	1023	387	943	320	
38	224	31	313	0	244	608	404	1020	639	 ***
16	236	99	499	0	0	1023	305	994	349	
38	327	275	328	60	34	486	342	1022	609	

34	30	15	236	0	510	929	0	1020	158	
129	83	243	0	23	60	343	122	906	1023	
132	145	64	334	105	244	328	317	1021	242	
304	0	0	0	15	449	1021	158	680	305	
287	165	0	45	248	489	23	530	1023	122	
511	4	143	381	107	4	366	395	1021	0	
152	30	222	81	34	425	137	69	1021	761	
0	194	8	30	79	46	780	471	1020	304	
38	323	0	305	0	511	486	772	407	90	
38	216	0	305	0	304	488	274	1023	284	
263	75	92	166	244	34	60	0	975	1023	
34	0	244	75	45	380	152	0	981	1021	
191	49	334	286	60	221	342	426	1023	0	
38	291	8	335	0	244	487	98	1021	410	
171	341	0	511	53	296	575	0	985	0	
15	15	150	61	349	61	1021	244	1016	0	
426	122	64	0	274	281	274	312	1023	156	
4	486	75	69	0	511	136	0	685	966	
53	216	8	320	0	335	486	98	1021	395	
0	75	0	243	304	288	977	1022	0	23	
30	183	0	137	15	15	558	0	1023	971	
167	486	197	4	60	0	15	1021	967	15	
15	31	79	431	42	288	8	60	1020	958	
0	45	4	0	258	19	15	599	1021	971	
182	166	121	4	69	244	45	975	1021	105	 ***
68	282	45	282	331	60	186	271	1023	384	

23	305	0	195	120	411	0	561	1023	132	
15	45	244	0	105	60	106	1004	1022	169	
75	241	151	4	135	334	45	381	1023	381	
511	370	84	163	30	424	291	0	897	0	
151	90	45	208	389	0	0	1022	317	548	
286	60	15	0	136	0	286	1023	874	90	
15	143	30	45	124	105	274	952	1022	60	 ***
30	45	46	60	76	150	305	670	1023	365	
511	60	75	15	30	90	380	518	87	1004	
256	0	334	38	98	0	1023	169	30	822	
60	196	136	4	106	304	75	486	1023	380	
165	90	30	106	244	135	79	807	1023	91	
0	53	105	0	335	91	195	105	1020	866	
90	20	234	511	0	342	0	335	822	416	
45	53	15	188	180	4	274	989	1022	0	
30	106	30	0	135	319	135	928	1023	64	
0	90	240	509	511	381	45	12	982	0	
45	106	4	45	30	15	150	1002	1023	350	
378	387	107	147	188	365	0	175	1023	0	
124	446	0	76	260	141	321	379	1023	0	
0	181	61	255	58	53	0	1023	774	365	
294	166	511	0	198	319	227	895	160	0	
75	0	155	304	417	203	182	411	0	1023	
60	136	90	30	304	30	121	1022	90	887	
312	464	312	272	181	8	0	0	199	1022	
90	198	121	4	76	259	120	457	1023	422	
165	60	91	144	0	511	720	0	1014	65	
105	241	181	0	68	244	411	422	1023	75	

0	75	45	47	511	120	396	822	664	0	
30	75	30	45	47	90	396	1023	944	0	
0	75	30	45	60	432	411	1023	604	0	
120	0	304	0	0	45	1004	184	1023	0	
0	79	211	150	456	502	0	259	1023	0	
45	0	0	121	105	210	936	244	1019	0	
45	75	30	45	30	90	396	959	1010	0	 ***
0	511	60	45	30	90	396	837	711	0	
30	75	30	45	511	90	274	593	366	666	

0	124	121	368	511	45	127	0	1003	274	
45	90	36	45	30	90	274	638	302	1023	
94	0	0	105	49	0	139	295	1023	868	
0	511	274	45	324	45	0	30	1021	323	
49	45	60	94	49	90	293	871	1022	0	
34	38	501	511	0	30	1020	0	0	439	
156	0	109	139	60	244	1023	105	737	0	
79	169	136	67	0	487	0	536	1023	76	
90	60	60	49	136	0	289	805	61	1023	
45	45	34	75	60	90	792	410	1022	0	
96	0	57	45	45	165	0	1023	883	259	
30	45	30	120	30	90	655	551	1022	0	 ***

511	49	60	0	492	372	0	986	125	448	
30	135	60	511	90	464	655	547	551	0	
511	47	30	60	152	150	731	816	546	0	
274	280	30	151	335	90	304	214	342	1023	
32	319	30	98	30	135	1023	546	830	0	
30	45	30	150	511	90	937	641	609	0	
0	92	38	205	135	511	1018	301	743	0	
152	167	98	60	83	90	762	608	1023	0	 ***
258	410	83	0	30	94	1023	669	476	0	
259	124	0	278	60	179	342	0	1023	778	
234	75	429	150	66	511	598	0	0	980	
30	60	38	501	30	511	413	676	784	0	

127	175	38	94	136	0	1023	670	630	0	
106	152	93	511	105	0	809	487	630	0	
151	152	47	90	60	66	747	1023	557	0	
112	160	99	94	511	0	792	617	508	0	
90	153	99	89	136	64	747	1023	492	0	
421	227	49	0	106	64	46	957	1023	0	
92	511	8	60	75	60	822	571	694	0	 ***
120	153	97	60	98	0	1023	777	565	0	
442	447	60	511	45	154	845	0	0	389	
90	215	70	75	83	15	503	304	515	1023	
166	154	38	102	105	93	747	465	1023	0	
151	153	99	102	83	94	503	685	1023	0	
93	511	182	90	75	0	762	611	569	0	
123	152	38	60	90	0	564	457	386	1023	
90	153	76	79	75	66	762	1023	569	0	
90	153	99	83	75	30	1023	708	632	0	
90	167	78	60	511	0	503	365	502	617	
90	167	99	70	145	105	503	447	1023	244	
94	153	111	121	83	0	747	1023	561	0	
90	154	99	105	98	511	503	670	663	0	
92	154	99	121	75	79	503	747	1023	0	
90	167	115	79	75	110	747	487	1023	0	
92	154	99	90	103	151	511	670	1023	0	

88	197	150	511	274	160	1018	162	0	0	
62	60	4	38	77	60	509	1023	452	275	
511	220	282	235	458	0	282	305	267	0	
98	97	8	38	511	60	642	449	657	0	
98	511	190	60	30	45	1023	261	267	75	
60	70	8	38	75	60	488	197	541	1023	
60	511	23	8	83	120	616	445	694	0	 ***
83	60	0	112	0	105	1023	66	345	766	
83	511	0	75	75	60	334	606	690	126	
77	91	12	60	70	68	535	1023	624	0	
68	99	288	68	75	60	372	507	1023	0	
511	356	29	19	355	0	72	859	359	0	
0	342	0	140	120	35	300	87	1023	513	
511	4	135	505	30	152	117	1023	45	38	
131	103	280	60	0	45	175	636	107	1023	
183	102	160	312	0	135	61	1023	319	265	
105	38	35	57	75	205	456	322	1023	244	
0	511	171	419	53	35	823	346	202	0	
96	91	20	100	75	102	1023	445	608	0	
0	249	135	166	279	122	0	1023	222	364	
449	250	68	57	0	53	340	1023	222	98	
100	30	8	152	511	170	578	411	600	0	
75	97	8	511	91	62	336	768	612	0	
64	511	8	64	242	60	342	697	572	0	

85	511	171	49	38	8	1013	125	120	316	
0	57	214	87	347	511	155	775	290	0	
79	511	34	38	83	120	349	449	773	0	
459	511	193	123	105	126	30	557	332	0	
60	60	25	24	100	124	490	1023	530	0	
34	0	19	0	511	157	546	75	1018	76	
0	0	179	98	52	109	674	65	1023	236	
75	64	511	23	83	120	349	94	502	615	
60	511	305	24	121	98	349	460	508	0	
64	105	511	0	493	166	0	149	167	781	
123	43	511	70	0	470	323	677	0	219	
4	15	80	0	64	121	897	137	1023	95	
0	227	197	413	30	55	83	1023	317	91	
116	0	0	124	84	258	387	357	87	1023	
60	66	15	9	230	135	368	1023	530	0	
79	72	15	9	223	124	349	1023	542	0	 ***
232	105	511	8	98	120	479	342	541	0	
136	30	511	23	98	120	490	94	545	389	
60	76	24	23	119	124	1023	460	527	0	
0	511	253	92	179	0	201	193	898	109	
159	511	235	135	376	409	0	200	0	411	
87	80	0	511	383	226	60	1023	66	0	
75	62	19	24	98	135	477	1023	523	0	
511	72	94	359	197	0	342	0	34	827	
60	111	38	12	83	135	1023	453	521	0	
30	511	184	0	87	75	572	160	723	94	
75	511	15	8	83	135	364	464	781	0	
30	511	80	487	102	254	224	48	63	637	
340	511	57	109	49	19	312	766	243	30	

68	108	68	30	49	51	1023	152	909	19	
80	57	4	23	109	129	409	1023	519	124	
511	72	0	38	106	120	650	465	515	0	
73	117	0	14	107	231	400	1023	512	0	 ***
94	80	154	17	162	120	349	1023	478	0	
72	117	17	10	92	125	372	1023	523	126	
119	72	0	12	84	126	1023	461	580	0	
94	102	4	31	103	124	349	1023	505	142	
511	76	259	8	80	150	353	459	581	0	
69	119	0	8	511	193	354	734	489	0	
64	30	5	234	60	77	50	53	1023	881	
61	72	1	8	86	196	385	1023	508	137	

30	68	0	48	208	125	67	1023	264	705	
52	179	4	38	161	105	584	1023	270	122	
234	269	2	16	511	225	365	742	174	0	
75	77	79	174	511	250	989	293	90	0	
268	77	236	15	76	23	102	1023	718	0	
84	76	17	10	104	239	365	1023	620	0	
54	19	21	130	156	25	276	1023	154	680	
176	180	60	112	226	105	1023	437	219	0	
8	17	91	83	509	142	121	1023	122	422	
144	57	0	10	101	105	444	1023	513	141	
110	57	0	132	80	105	90	1023	847	94	
80	30	49	190	75	15	918	1022	141	18	
50	76	19	73	265	105	122	1023	143	662	
118	76	4	246	193	109	424	1023	345	0	
445	57	0	76	188	123	369	1023	257	0	 ***
38	32	20	511	182	108	4	334	326	983	
49	117	0	511	151	120	841	370	379	0	
30	8	511	248	49	2	1015	71	64	540	
76	52	40	105	15	243	79	1023	648	257	
50	57	8	93	250	105	1023	266	92	594	

151	175	108	175	0	167	880	1022	157	154	
414	67	0	210	271	114	364	1023	526	0	
182	16	61	19	66	267	1000	1023	79	276	
83	6	213	0	274	0	121	1023	1022	247	
110	126	259	38	160	6	952	195	1023	120	
243	12	79	141	200	147	983	1023	60	101	
75	257	49	136	49	187	944	1023	64	205	
246	205	213	84	0	141	0	1023	964	113	
126	511	122	511	122	61	136	1018	322	60	
182	302	4	15	77	71	155	1023	879	281	
117	15	114	51	15	84	201	1023	429	940	
152	45	156	263	121	30	961	1023	23	215	
137	51	152	19	10	152	167	1022	287	992	
494	488	0	168	0	511	30	1002	190	106	
190	20	511	240	0	129	53	1021	673	152	
61	122	0	122	6	511	182	1021	874	90	
198	34	246	140	511	4	577	272	0	1007	
399	72	0	195	315	388	364	1023	233	0	 ***
19	19	167	45	311	105	211	1022	1011	79	
399	59	4	98	412	113	60	1023	61	760	

339	57	0	263	263	343	335	1023	351	0	 ***
339	57	0	511	248	411	350	843	215	0	
126	113	15	107	122	366	65	1023	1022	15	
30	0	301	264	0	510	154	186	957	572	
359	57	0	511	210	328	338	1023	148	0	
369	57	8	191	188	328	1023	395	95	320	
339	125	260	195	511	336	334	609	265	0	
354	65	0	195	511	328	334	349	838	0	
339	72	87	259	222	328	398	1023	246	0	
341	177	304	443	0	511	428	0	612	158	
358	57	83	195	263	328	394	1023	273	0	
102	4	84	79	76	381	244	1022	0	982	
248	402	34	316	121	509	201	121	1022	0	
360	511	0	195	335	328	334	342	569	0	
175	141	141	34	511	75	817	80	0	1000	
335	57	0	301	343	328	349	1023	238	0	
339	72	4	206	169	403	329	334	95	1023	
362	57	0	210	304	336	334	349	1022	0	

15	190	0	87	76	288	61	1021	740	274	
375	57	0	320	64	316	132	465	1023	0	
117	90	49	307	130	248	137	1022	396	256	
320	75	60	249	8	263	99	271	384	1023	
373	511	0	257	79	384	158	841	149	0	
339	87	0	259	68	384	90	339	163	1023	
212	372	137	0	91	0	250	667	1023	0	
336	75	0	64	14	0	618	319	1022	304	
335	117	4	290	34	316	515	1023	102	16	
169	8	15	408	30	15	183	1023	126	775	
339	117	0	354	34	381	287	1023	102	115	
399	61	17	259	34	376	45	1023	345	193	
216	83	0	106	34	385	266	1023	552	87	
130	252	19	294	274	53	382	1023	325	0	
511	76	274	506	0	0	136	263	986	0	
377	27	76	265	145	376	346	1023	117	0	
243	75	0	0	183	171	1023	875	182	0	
339	57	0	261	130	388	354	1023	200	0	 ***
139	240	0	60	141	248	231	1023	0	670	
61	105	465	511	122	122	212	145	1009	0	
313	61	231	8	243	75	76	1022	586	137	
511	186	0	0	45	0	106	244	1023	637	
109	373	0	267	0	308	513	1023	129	30	
341	128	4	259	34	386	124	1023	106	347	
30	286	182	365	0	107	243	1023	94	422	
339	57	0	395	353	510	147	352	599	0	
132	122	8	308	140	126	136	1023	231	526	
98	190	19	166	94	0	182	1023	844	136	
345	57	0	229	79	377	322	320	1023	0	
383	30	137	139	91	132	0	1022	277	541	
60	263	0	333	0	72	305	1022	76	621	
274	502	99	30	120	30	0	1022	0	675	

339	511	8	253	98	301	603	350	196	0	
339	65	0	251	51	296	284	350	1023	0	
369	57	0	253	105	270	232	350	1023	0	
182	366	377	124	278	128	42	1023	0	139	
122	129	120	4	0	304	1022	796	17	145	
45	30	449	305	34	436	68	79	190	1023	
506	4	335	277	167	181	29	1023	73	64	
395	19	90	510	46	0	532	61	1006	0	
216	122	61	30	426	111	0	0	670	1023	
61	73	289	77	267	30	0	60	779	1023	
339	57	30	253	59	266	185	1023	98	349	
339	57	0	253	115	266	163	346	98	1022	
339	87	0	257	124	270	359	1023	200	0	 ***
339	95	0	333	98	266	260	1023	245	0	
246	0	122	263	136	4	120	1023	503	242	
508	365	338	511	143	102	0	555	137	0	
366	287	170	0	23	76	42	1022	673	0	
60	0	30	509	163	511	0	392	198	796	
8	4	145	331	252	352	121	1023	226	197	
94	138	0	510	0	312	376	919	280	30	
244	53	68	195	19	45	1022	129	792	92	
60	0	387	69	295	15	0	1023	53	757	
369	57	4	253	98	266	238	351	1023	0	
105	16	83	42	75	431	810	1022	75	0	
509	68	168	0	303	0	1023	0	588	0	
373	95	0	253	98	266	351	1023	200	0	
198	94	113	126	15	163	801	1023	126	0	
213	95	0	60	248	150	628	1023	72	170	
339	57	0	268	98	274	1023	358	242	0	
60	15	4	511	159	401	191	877	0	441	
87	122	349	98	0	30	217	1022	547	187	
0	4	129	118	366	88	120	1022	744	68	
511	30	91	181	137	34	183	1022	162	308	
244	60	30	511	282	217	186	301	828	0	
335	57	0	511	98	266	290	868	234	0	
339	144	0	253	98	274	329	1022	200	0	
68	64	121	330	511	379	1001	0	0	185	
510	221	0	259	193	182	1022	40	0	232	

337	72	98	133	94	266	631	1023	186	0	
187	346	0	165	32	270	1022	448	370	0	
4	60	472	510	0	372	23	90	1020	289	
349	0	175	99	431	4	0	1023	691	68	
141	84	30	133	124	281	1023	610	414	0	
19	30	4	45	121	128	952	1023	157	361	
197	60	8	174	62	511	19	700	87	1022	
158	0	166	22	248	0	354	1022	212	658	
141	110	0	165	145	331	522	403	1023	0	
45	16	158	510	128	0	373	1022	522	66	
31	0	34	457	0	511	677	1013	53	64	
0	289	46	30	30	271	907	1022	90	155	
141	102	510	135	62	274	184	1017	415	0	
186	132	0	510	34	266	139	358	903	312	
274	12	0	0	60	487	1023	94	792	98	
0	0	117	94	4	383	1023	857	91	271	
130	38	0	511	289	307	91	1015	60	399	
158	162	511	133	32	270	178	632	764	0	
511	376	0	0	68	60	484	1013	328	0	
238	40	52	265	278	24	393	1022	528	0	
30	17	4	64	0	279	853	1023	227	343	
34	45	511	198	159	19	935	518	98	323	
509	91	68	0	83	0	1023	94	972	0	
393	102	0	141	109	511	203	358	1023	0	 ***
141	248	511	133	32	312	432	906	125	0	
381	64	4	135	47	266	79	411	1023	430	
260	0	64	8	53	30	1022	1023	167	213	
194	57	0	511	314	270	891	418	185	0	
0	65	38	60	83	38	849	685	1022	0	
402	72	0	133	510	421	812	358	132	0	
511	30	38	84	90	483	78	298	984	244	
0	182	151	0	53	305	1022	921	64	142	
116	144	182	364	372	0	511	1023	0	128	
38	511	121	38	30	267	441	30	372	992	
175	95	60	329	62	495	139	1023	462	0	
511	387	46	75	110	0	411	874	426	0	

319	83	0	328	34	274	120	4	1020	152	
282	15	60	304	0	501	137	15	1020	0	
171	394	0	57	8	8	182	415	1023	76	
374	60	0	73	90	168	233	313	1023	0	
305	34	372	0	0	202	274	124	1023	0	
90	30	122	0	30	45	75	921	1021	0	
274	0	30	75	0	0	80	1023	852	0	
402	381	30	304	30	0	167	1020	0	0	
0	0	501	0	289	509	15	1020	0	0	
374	201	0	99	62	134	143	298	1023	0	
374	60	0	69	62	138	299	1022	310	0	
95	64	8	15	0	137	524	256	1023	212	
60	274	0	0	15	0	1023	883	79	0	
0	394	480	411	0	30	0	0	1019	0	
0	503	511	0	60	60	1018	182	0	0	
160	60	0	511	60	134	706	305	398	0	
0	0	30	30	475	0	135	644	1020	0	
165	0	0	30	30	319	0	770	1020	0	 ***
378	60	0	69	62	134	158	450	1023	0	
38	30	0	182	0	364	105	592	1023	0	
252	182	0	99	62	153	1022	350	214	0	
252	90	30	8	34	15	657	1022	226	0	
374	60	0	69	182	149	173	305	1022	0	
0	60	60	68	30	366	38	659	1023	30	
0	60	30	90	15	0	197	926	1016	0	

0	0	167	312	0	60	400	683	1023	274	
75	347	83	8	418	340	0	381	1023	244	
385	61	64	60	252	45	304	15	1022	711	
510	274	30	380	0	503	964	258	0	0	
380	0	8	30	30	297	259	836	1019	60	
308	180	0	0	380	227	0	526	1022	276	
15	45	182	60	244	0	159	259	933	1022	
225	275	244	75	30	394	0	655	1021	0	 ***
98	510	212	274	61	4	747	953	0	60	
477	38	0	488	30	334	30	502	1020	0	
0	45	430	0	456	151	815	0	1022	0	
319	0	23	0	0	76	0	490	988	1023	
510	8	4	0	30	106	586	702	0	973	
259	244	0	121	90	137	0	1023	1015	30	
449	0	0	508	305	60	0	244	1019	334	
0	152	388	15	319	312	0	0	710	1023	
45	19	0	335	457	244	136	661	1022	0	
120	76	0	30	496	304	312	441	1020	120	
0	304	15	68	0	305	901	0	304	1022	
45	364	275	76	0	122	1015	0	1022	0	
511	151	0	395	4	15	556	227	1022	38	
0	90	426	30	274	0	155	308	1022	614	
197	0	324	53	289	136	312	586	1022	0	
274	98	334	259	0	0	151	769	1019	15	
409	84	0	510	75	379	0	671	791	0	
477	0	23	45	34	319	0	739	1023	259	

128	511	244	349	68	511	0	610	791	0	
195	334	511	328	8	319	0	610	655	252	
320	511	109	503	136	366	68	259	940	0	
447	12	122	511	0	0	122	548	883	567	
75	319	511	53	267	455	0	862	670	0	
0	259	511	474	488	62	0	945	473	0	
252	192	4	319	0	76	435	259	1023	652	
83	0	427	34	0	259	631	500	1022	256	
120	0	8	274	487	0	1023	519	781	0	
8	0	60	252	304	511	394	0	1013	670	
158	0	511	259	0	511	859	488	0	426	
60	19	0	252	511	328	716	323	0	1003	
418	16	511	430	0	312	274	248	999	4	
511	297	309	148	0	394	0	656	897	0	
442	267	380	105	0	511	0	610	645	252	
120	289	252	343	120	402	0	404	1023	259	
488	68	379	130	511	90	985	500	61	0	
19	0	448	304	0	268	383	767	1023	0	
137	252	244	511	252	244	113	15	880	564	
195	511	267	106	0	394	68	396	1023	252	
181	267	244	53	244	364	440	396	1023	0	
321	0	87	0	313	244	181	518	1023	525	
16	373	0	372	60	60	1023	488	0	820	
19	305	306	106	511	0	0	1023	942	0	
106	389	488	121	0	60	304	0	721	1023	
68	38	0	357	30	0	120	625	952	1022	
244	60	0	107	121	511	0	881	1017	271	
128	503	244	136	0	402	373	396	1022	8	
323	122	0	327	0	120	533	1022	461	304	
75	267	252	45	83	334	0	1023	889	244	
169	252	0	27	316	60	727	90	1023	548	
0	511	0	503	8	60	68	920	122	1020	
143	275	305	105	244	462	0	655	1023	0	 ***
163	335	511	381	0	342	0	878	602	0	

68	72	305	135	259	455	0	487	1022	0	
70	0	92	0	379	0	0	252	987	1023	
8	511	60	15	308	426	0	289	1001	185	
304	0	502	511	488	30	0	0	968	0	
0	511	0	0	313	510	372	0	999	98	
501	0	0	365	0	511	320	0	1015	91	
91	0	244	60	0	128	983	274	1023	0	
60	4	305	98	274	372	0	670	1020	0	 ***
0	165	434	104	69	0	0	136	1023	872	
511	90	18	334	0	0	593	263	994	0	
38	23	320	75	304	387	0	633	1023	0	
30	0	259	105	64	30	714	304	1023	274	
38	8	335	158	244	372	0	625	1023	0	
510	0	286	196	0	0	0	297	1020	494	
426	0	511	125	244	30	304	45	1020	98	

60	0	106	98	274	364	0	624	1018	0	 ***
335	120	0	511	0	477	0	83	1018	0	
511	60	488	170	0	83	0	889	343	0	
105	487	312	23	139	0	0	0	1023	455	
0	379	511	114	425	0	0	92	1023	0	
90	0	274	135	0	511	985	549	0	0	
90	30	61	143	304	304	0	594	1018	0	
289	511	364	0	0	502	0	689	189	0	
304	0	274	364	511	0	1015	0	76	0	
90	0	121	0	0	0	1023	319	15	976	
0	0	76	159	305	372	0	1023	609	0	
60	0	121	98	319	304	335	289	1018	0	
90	334	0	0	76	60	0	931	1023	30	
61	0	61	98	304	349	0	1023	648	0	
0	150	90	15	0	365	1020	904	0	0	
511	90	319	151	0	488	0	45	940	0	
75	0	60	0	151	500	8	727	1023	0	
30	15	30	510	0	30	0	853	1016	60	

511	0	91	113	297	349	0	756	601	0	
0	0	122	120	396	394	166	498	1022	0	
60	0	243	511	293	394	0	606	611	0	
183	83	0	45	4	64	319	0	1023	997	
0	72	213	90	304	338	15	343	1022	321	
15	4	155	98	316	334	0	777	1019	0	 ***
60	334	15	121	19	90	1012	1022	45	0	
103	79	244	150	417	0	0	703	0	1022	
30	15	16	121	490	75	0	1023	918	30	
209	0	91	150	278	334	253	380	1023	0	
0	0	91	511	293	334	363	380	746	0	
75	75	60	0	334	15	90	61	1023	985	
110	0	243	110	297	511	0	863	584	0	

0	160	212	4	241	263	1004	244	90	1023	
0	265	511	353	312	244	0	913	643	0	
0	488	261	511	321	244	0	861	555	0	
0	308	155	90	320	259	610	495	1004	0	
4	64	94	197	312	244	572	731	1023	0	
244	488	141	283	0	90	45	121	806	1023	
366	64	159	90	316	259	0	465	1004	518	
0	0	488	42	210	385	844	158	1023	91	
0	298	94	90	434	483	0	1023	819	0	
244	0	190	120	304	244	640	477	1022	0	 ***
0	387	263	511	313	304	0	731	732	0	
0	4	151	145	507	419	282	710	1023	0	
0	511	231	364	312	244	0	869	710	0	
90	503	319	0	246	316	654	0	1022	91	

