#9027.51	31877	29325	0	0	 98 
#9631.33	23761	29325	0	0	 78 
#10213	22298	29325	0	0	 78 
#9031.3	25546	29325	0	0	 58 
#9135.12	25394	29325	0	0	 31 
#9432.48	25168	29325	0	0	 25 

10084.2	16454	25246	62	2212	 97 
10099.1	18149	25246	47	1357	 97 
10091.4	17885	25246	52	1960	 95 
9000.93	22480	25246	59	2292	 94 
10088.1	17311	25246	53	2458	 93 
9277.79	18593	25246	54	2367	 92 
9280.31	20224	25246	48	1701	 83 
8229.7	22084	25246	75	2936	 80 
9011.03	18231	25246	81	2800	 78 
9262.32	18886	25246	57	2309	 78 
10084.1	18947	25246	18	614	 75 
10099.1	17067	25246	55	2507	 74 
10091.6	21968	25246	12	452	 72 
9495.64	18409	25246	64	2628	 53 
8884.31	19169	25246	83	3028	 51 
8426.89	19732	25246	67	2700	 50 
9285.98	19864	25246	50	1906	 48 
9014.38	17038	25246	83	2913	 46 
10090.1	20525	25246	13	525	 45 
10081.5	18435	25246	49	1941	 44 
9009.8	18919	25246	52	2365	 43 
9005.78	18844	25246	82	2854	 42 
10083.4	19989	25246	47	1864	 41 
10082.1	18121	25246	50	2073	 39 
10082.3	17900	25246	51	2113	 36 
9286.97	18051	25246	68	2689	 35 
8900.1	18594	25246	83	3151	 33 
9002.62	19548	25246	53	2332	 33 
10078.3	18270	25246	55	2257	 26 
10087.4	19021	25246	17	552	 24 
9000.59	23685	25246	61	2790	 17 
10094.1	21123	25246	11	444	 17 
10087.3	15866	25246	77	2774	 16 
10080.4	18208	25246	53	2425	 16 
10085.9	18285	25246	47	1922	 14 
10086.1	18356	25246	19	392	 12 ***
8908.26	19378	25246	79	2991	 10 
10090.1	22267	25246	8	345	 7 

10151.2	15816	26494	79	2732	 100 
10135.1	18612	26494	5	293	 100 
8975.17	18710	26494	78	2512	 95 
10135.1	17006	26494	39	2172	 93 
10138	16910	26494	44	1988	 88 
10136.3	18003	26494	5	278	 88 ***
10147.9	16618	26494	77	2845	 83 
10135.7	18275	26494	38	1720	 83 
10141.5	16827	26494	82	2972	 81 
10129.9	17727	26494	47	1965	 81 
10139.1	17784	26494	5	171	 78 
8528.4	19645	26494	50	1629	 76 
9061.56	18072	26494	42	1561	 75 
10139.7	17846	26494	4	49	 75 
10139.7	17548	26494	6	537	 68 
10138.8	17846	26494	5	293	 67 
9059.48	20864	26494	43	1951	 58 
9351.1	17985	26494	80	2683	 53 
10156.8	16110	26494	78	2709	 49 
9337.49	18125	26494	41	2015	 46 
8971.34	19440	26494	78	2290	 40 
10131.4	17062	26494	40	1671	 35 
9082.9	17144	26494	81	2734	 21 
10134.7	19539	26494	3	263	 21 
10139	17834	26494	6	537	 17 
10138.3	17314	26494	33	1181	 7 

8867.29	18708	29672	70	2717	 95 
9177.93	15787	29672	47	2382	 94 
9065.07	16727	29672	73	2545	 93 
10268	14772	29672	36	1535	 91 
9072.01	17042	29672	72	2320	 88 
9185.45	14381	29672	70	2255	 78 
10257.8	16641	29672	21	955	 76 
8390.5	17950	29672	73	2533	 73 
10272.1	14011	29672	44	2264	 71 
10259.7	14903	29672	7	331	 69 ***
8672.57	17398	29672	76	2586	 65 
9088.84	16405	29672	75	2552	 57 
8475.47	17546	29672	75	2510	 53 
8876.41	18423	29672	65	2378	 49 
9182.22	14382	29672	37	1972	 48 
9088.93	15830	29672	72	2145	 46 
10262.5	16037	29672	6	637	 44 
10258.2	16177	29672	5	515	 43 
9073.97	16067	29672	77	2704	 39 
8643.49	20061	29672	45	2040	 34 
9086.81	15279	29672	76	2884	 25 
9195.63	14022	29672	72	2244	 18 
9474.31	13682	29672	58	2309	 17 
9653.42	17265	29672	35	1060	 17 
9085.97	16419	29672	75	2871	 15 
10260.2	17577	29672	4	312	 5 
9060.12	16562	29672	77	2740	 0 

8496.1	12781	29293	39	1849	 100 
10112.3	11885	29293	3	23	 100 
8504.63	11521	29293	36	1841	 99 
9523.99	11135	29293	31	1808	 97 
7985.53	12168	29293	68	2501	 86 
8439.79	12974	29293	40	2095	 84 
10114.2	11945	29293	2	8	 82 
7984.96	13334	29293	67	1859	 80 
8237.88	13425	29293	37	1842	 75 
8130.41	10720	29293	71	2645	 73 
9530.28	10292	29293	67	2275	 70 
8153.15	11939	29293	69	2325	 67 
8502.96	11134	29293	70	2676	 65 
8931.81	9920	29293	69	2362	 65 
8503.32	11424	29293	63	2153	 65 
10114.3	11781	29293	4	145	 60 
10115	10723	29293	32	1308	 59 
9316.89	11727	29293	32	1757	 56 
8234.17	12490	29293	64	2288	 54 
8451.02	12400	29293	48	2181	 51 
10109	11271	29293	9	560	 51 
10106.9	11529	29293	30	1698	 48 
10112.3	10888	29293	32	1589	 42 
9320.18	12303	29293	30	1713	 39 
9509.39	11583	29293	32	1695	 35 
10113.1	11876	29293	3	23	 33 
8329.93	11842	29293	70	2608	 32 
9034.37	10385	29293	33	1650	 30 ***
7867.11	14023	29293	69	2210	 29 
8503.08	12479	29293	35	1714	 29 
8455.22	11367	29293	69	2631	 27 
8243.3	12092	29293	64	2371	 25 
9517.58	11958	29293	30	1773	 18 
9033.3	11319	29293	37	1989	 17 
8134.04	12153	29293	69	2432	 14 
7984.14	15691	29293	62	2388	 9 
10119.2	11677	29293	3	23	 7 
9316.74	14149	29293	19	473	 6 
10113.6	11831	29293	3	23	 4 

8951.47	10255	27923	32	1129	 96 
8405.39	11199	27923	65	2363	 94 
8338.83	11985	27923	53	1823	 90 
10022.9	12134	27923	16	825	 84 
8947.41	12757	27923	9	512	 81 
8804.14	11055	27923	25	1622	 78 
8932.11	12846	27923	12	648	 78 
10011.6	10711	27923	31	1654	 70 
8125.87	11203	27923	63	2272	 70 
7774.52	15307	27923	62	2257	 67 
7430.04	12546	27923	65	2180	 59 
8804.52	11026	27923	60	2245	 44 
10029.7	10000	27923	37	1144	 35 
7861.48	12396	27923	23	725	 34 ***
10011.2	12681	27923	18	986	 17 
8938.08	13070	27923	10	513	 15 
8147.14	12165	27923	61	2173	 4 
10013.2	12743	27923	15	695	 4 
8604.85	12165	27923	38	1919	 2 
10017.2	12559	27923	17	864	 0 

9257.03	9049	23299	22	1055	 96 
7698.15	9802	23299	15	618	 94 
7595.68	12299	23299	66	2308	 89 
7691.55	9469	23299	18	437	 88 ***
8775.91	10199	23299	14	550	 86 
7701.5	9327	23299	19	601	 85 
7690.28	10316	23299	19	459	 84 
7692.12	9482	23299	17	415	 72 
6779.44	10302	23299	67	2446	 54 
7690.93	9677	23299	17	415	 52 
9860.76	8694	23299	29	1023	 50 
7711.11	9043	23299	29	755	 49 
7703.34	9233	23299	19	513	 40 
8777.76	8804	23299	31	1000	 32 
8177.24	8660	23299	36	1777	 29 
8777.65	8890	23299	31	985	 22 
7370.37	9552	23299	67	2354	 20 
7690.55	9164	23299	20	528	 17 
7690.35	9519	23299	19	448	 7 

8167.49	11408	22329	45	2177	 91 
7684.2	11490	22329	25	688	 79 
7695.75	11167	22329	46	1937	 60 
7698.43	12199	22329	19	889	 50 
8754.89	10866	22329	5	472	 48 ***
8751.9	12358	22329	13	533	 41 
8754.04	11716	22329	13	563	 27 
7577.1	13055	22329	58	2189	 20 
9236.17	10765	22329	58	2173	 14 
7680.25	13629	22329	19	666	 12 
7936.19	11474	22329	36	1884	 3 
9249.3	9775	22329	37	1509	 1 

9499.17	12239	26894	30	1251	 79 
9028.07	14854	26894	41	1788	 77 
9312.37	13330	26894	63	2153	 77 
9031.99	15581	26894	14	554	 71 
8242.88	13992	26894	60	2232	 58 
10134.1	13425	26894	29	1075	 55 
10128	13742	26894	27	797	 48 
8715.72	15774	26894	43	1513	 43 
9040.83	13927	26894	8	423	 43 ***
9030.53	14672	26894	36	1658	 16 
9303.7	13402	26894	32	1639	 13 

8841.71	11810	24404	5	386	 95 
8494.5	12864	24404	51	2199	 92 
7657.91	13074	24404	59	2045	 84 
7939.88	12751	24404	67	2651	 81 
8834.82	12900	24404	8	592	 67 
8011.81	11804	24404	64	2453	 60 
8317.13	12830	24404	62	2412	 58 
7307.68	13123	24404	67	2178	 53 
9924.76	11105	24404	68	2596	 44 
8499.85	11204	24404	35	1749	 44 
8838.94	11522	24404	6	375	 40 ***
8859.86	11393	24404	21	916	 39 
8837.11	12857	24404	8	588	 38 
8839.07	11972	24404	5	386	 18 

8785.3	13296	24831	52	1920	 97 
9269.34	12336	24831	62	2135	 97 
8689.56	12816	24831	66	2257	 92 
8686.01	13262	24831	63	2075	 91 
8785.04	13943	24831	40	1410	 90 
8682.1	13346	24831	63	1983	 86 
9073.69	12265	24831	65	2212	 82 
8692.71	13401	24831	62	2112	 79 
9863.01	12387	24831	34	1578	 74 
9866.07	12328	24831	35	1498	 68 
9870.82	12251	24831	5	762	 66 
9083.75	11952	24831	66	2043	 60 
8786.03	12724	24831	34	886	 53 
8781.03	14299	24831	37	1382	 51 
8787.92	13179	24831	19	601	 49 
9865.78	13166	24831	17	875	 46 
8667.86	13574	24831	62	1968	 42 
8810.66	12421	24831	28	590	 41 
8086.99	13856	24831	61	1823	 38 
9866.56	11280	24831	37	1662	 37 
8682.74	13819	24831	59	1801	 37 
8790.12	13150	24831	28	944	 31 
8790.85	12590	24831	18	593	 26 ***
7999.28	13920	24831	57	1656	 23 
9867.71	12548	24831	27	863	 20 
8788.51	13673	24831	12	761	 14 
8793.06	13761	24831	10	380	 12 
8466.46	12959	24831	64	2249	 2 
8776.09	14146	24831	39	1703	 1 
8682.28	12907	24831	65	2242	 0 
8466.65	15544	24831	55	1697	 0 
8780.94	13438	24831	46	1906	 0 

8764.51	13959	23425	27	856	 98 
9827.3	13050	23425	46	1754	 95 
8767.12	14023	23425	10	295	 91 
8421.26	12814	23425	49	1777	 85 
9838.42	14008	23425	14	460	 80 
9844.71	13497	23425	21	951	 75 
8790.02	13223	23425	28	917	 73 
8771.11	13284	23425	24	868	 68 
8770.39	13627	23425	18	729	 66 
8766.28	14059	23425	17	330	 64 
8758.36	14321	23425	48	1687	 62 
8758.59	14262	23425	11	431	 56 
9834.68	13514	23425	20	684	 52 
9836.24	12832	23425	46	1848	 32 
8762.9	14204	23425	10	266	 27 ***
7701.52	14584	23425	61	1941	 23 
9027.9	12040	23425	55	1961	 19 
7704.68	13407	23425	57	1762	 19 
9840.92	13661	23425	13	544	 12 
7951.17	12499	23425	52	1926	 7 
8766.64	13516	23425	24	943	 1 
8758.69	14057	23425	48	1724	 0 

9846.76	16022	23944	47	1412	 95 
9028.72	15062	23944	65	1534	 94 
9834.9	15759	23944	54	1685	 92 
8758.46	16592	23944	10	379	 92 
9027.42	16057	23944	57	2000	 92 
8764.38	17616	23944	7	35	 88 
8664.19	15683	23944	67	2177	 84 
8763.3	16967	23944	9	130	 82 
9034.68	16052	23944	58	1793	 81 
8675.4	16311	23944	59	1991	 79 
8648.76	15854	23944	70	2311	 68 
9842.48	14893	23944	68	1849	 59 
9838.31	15641	23944	55	1738	 56 
8762.97	16060	23944	52	1532	 53 
9839.29	15305	23944	53	1864	 51 
9849.24	13580	23944	60	2067	 45 
8663.67	16835	23944	61	2118	 43 
9840.25	16838	23944	5	255	 41 
9848.51	14870	23944	71	2071	 37 
9838.32	15100	23944	58	1796	 37 
8755	16771	23944	52	1834	 33 
9828.65	15741	23944	56	1596	 31 
8757.57	16731	23944	51	1872	 25 
9831.58	15769	23944	49	1601	 25 
8665.82	16250	23944	63	2114	 25 
8761.83	16065	23944	12	258	 14 ***
9830.57	15839	23944	55	1685	 7 

10023.1	16535	25835	25	748	 95 
10023.7	12011	25835	60	1467	 94 
10040.7	16498	25835	23	948	 91 
8128.37	12853	25835	40	1349	 88 
10024.1	15973	25835	28	1011	 80 
10017.4	17881	25835	11	438	 75 
10026.2	16442	25835	24	954	 74 
8946.46	16583	25835	24	703	 73 
7750.55	16547	25835	66	1625	 71 
8965.04	16121	25835	31	1031	 69 
8033.32	13162	25835	71	1941	 66 
8968.03	16027	25835	38	1274	 64 
8969.98	16529	25835	29	978	 58 
8958.45	16613	25835	23	686	 57 
10023	17072	25835	10	445	 56 
8954.44	16908	25835	15	520	 52 ***
8970.05	16610	25835	22	920	 37 
10034.7	11628	25835	70	1701	 13 
8941.98	17035	25835	22	924	 3 
8948.81	16985	25835	22	806	 2 

8998.06	14188	27228	66	2202	 95 
10158.2	18434	27228	19	604	 92 
9343.96	15017	27228	63	1972	 89 
10152.4	16637	27228	30	1266	 86 
9085.6	18636	27228	11	351	 84 ***
10136.9	15738	27228	61	1766	 81 
9343.76	17210	27228	54	1772	 81 
9358.82	16673	27228	60	1955	 81 
9341.17	17344	27228	61	1780	 79 
9549.07	17004	27228	58	1486	 79 
9081.23	19485	27228	19	517	 76 
9084.23	17498	27228	26	949	 74 
10160.4	17848	27228	25	1096	 70 
9104.99	18365	27228	21	522	 69 
9074.03	17408	27228	32	1326	 65 
10157.4	17873	27228	24	1133	 63 
8959.01	16709	27228	65	2166	 60 
9095.27	18463	27228	17	322	 60 
10141.9	15754	27228	51	1736	 56 
8973.57	17968	27228	64	2109	 52 
9554.87	16404	27228	62	1611	 50 
9070.63	18753	27228	57	1602	 44 
10146.9	15421	27228	59	2011	 42 
10163.7	18466	27228	15	264	 40 
9346.52	17127	27228	61	2026	 34 
8993.44	18354	27228	60	1747	 26 
8973.97	16548	27228	68	2219	 21 
8754.13	19030	27228	68	1897	 16 
9349.44	13204	27228	69	1949	 10 
10146.3	15433	27228	59	1749	 8 
9078.7	17398	27228	51	1490	 8 
10158.4	15288	27228	53	1697	 6 
9567.77	16367	27228	56	1473	 3 

10170.7	17945	26361	51	2121	 100 
10154.1	17695	26361	53	2226	 97 
9101.29	18242	26361	59	2262	 92 
10172.5	17638	26361	53	1981	 88 
8989.3	17368	26361	71	2355	 86 
8980.99	17358	26361	73	2537	 81 
9088.42	18993	26361	5	280	 80 ***
10175.8	18217	26361	27	1256	 78 
10161.5	13558	26361	63	2467	 64 
8564.4	17386	26361	67	2428	 55 
9089.65	17762	26361	66	1913	 40 
10160.8	18517	26361	50	2315	 40 
9095	18896	26361	20	798	 39 
9085.72	18025	26361	60	2495	 35 
9088.58	18356	26361	58	2543	 34 
10164	17967	26361	52	2310	 34 
9337.26	14762	26361	56	2352	 31 
10146.3	14298	26361	54	2064	 29 
10167.9	18489	26361	51	2343	 19 
8993.85	19994	26361	66	2160	 19 
10174.2	18847	26361	27	1209	 15 
10176.1	17309	26361	34	1333	 6 
9089.84	14113	26361	61	2182	 3 

7287.38	12770	28254	66	2149	 100 
9013.22	17436	28254	25	622	 99 
8668.04	12969	28254	51	1735	 98 
10089.7	14294	28254	31	944	 98 
9018.56	14893	28254	44	943	 93 
9002.99	12472	28254	53	1926	 89 
10113	11694	28254	71	2384	 83 
10091.4	12575	28254	50	1838	 81 
10079.1	12551	28254	51	2150	 80 
9297.98	11703	28254	70	2436	 79 
8227.59	12766	28254	60	2151	 77 
8406.68	13511	28254	51	2089	 74 
8470.84	12516	28254	52	2097	 70 
8673.51	13416	28254	47	1911	 63 
8681.97	12874	28254	45	1505	 61 ***
7605.9	12073	28254	68	2132	 56 
9014.33	16127	28254	29	1010	 52 
10091.5	16445	28254	19	803	 41 
7966.71	13474	28254	62	1803	 36 
10092.8	16343	28254	18	777	 35 
9033.01	16861	28254	28	1006	 30 
8403.74	14418	28254	48	1612	 28 
9014.44	17306	28254	16	765	 27 
7941.04	14367	28254	56	2114	 24 
9018.12	17236	28254	15	788	 22 
9014.02	16957	28254	19	798	 20 
10100.1	17188	28254	16	603	 15 
9024.13	14392	28254	44	976	 10 
9276.38	11989	28254	52	1907	 4 
8470.79	12224	28254	66	2109	 2 

8668.95	13228	27773	25	954	 94 
8179.27	13621	27773	43	1394	 92 
8648.64	14232	27773	37	1342	 92 
8668.42	13998	27773	22	634	 83 
9491.08	13604	27773	23	938	 82 
10065.2	12307	27773	44	1687	 79 
8670.83	14118	27773	21	776	 79 
8660.69	13197	27773	46	1714	 73 
9458.44	12599	27773	47	1736	 72 
8376.88	14048	27773	42	1482	 69 
9480.07	13341	27773	24	941	 53 
7608.31	14808	27773	57	2085	 47 
7921.47	11489	27773	56	1885	 45 
8395.69	13355	27773	47	1602	 41 
8667.26	13921	27773	23	645	 37 
9462.14	11653	27773	50	1731	 34 
8989.84	13011	27773	50	1705	 19 
10063.8	12293	27773	49	1171	 18 
8663.56	14659	27773	16	618	 17 
9011.1	12617	27773	54	1884	 15 
9264.58	10416	27773	74	2526	 9 
8993.5	12893	27773	46	1427	 6 
9244.5	12458	27773	50	1865	 3 
7575.55	13474	27773	66	2360	 3 
8664.43	14143	27773	16	617	 2 ***
9267.29	13631	27773	23	965	 0 

9423.24	12556	24667	12	706	 100 
9217.77	12003	24667	18	572	 98 
7752.11	10733	24667	62	2039	 96 
8936.26	11055	24667	44	1398	 91 
10022.5	10371	24667	44	1541	 91 
8626.57	11932	24667	22	920	 87 
9223.1	11690	24667	14	266	 83 
9206.5	11284	24667	42	1520	 80 
9413.91	10445	24667	44	1586	 80 
9221.18	11621	24667	17	765	 80 
9213.12	12078	24667	17	621	 75 
9217.27	12662	24667	11	482	 59 
9216.13	9052	24667	53	1272	 59 
7797.32	9449	24667	51	1677	 58 
7330.62	11432	24667	52	1509	 58 
9414.06	10065	24667	45	1417	 53 
10017.8	10636	24667	43	1512	 53 
8961.58	11513	24667	42	1352	 48 
10029.9	11219	24667	18	841	 48 
9425.67	11348	24667	17	839	 40 
9428.98	11154	24667	19	1083	 36 
8606.84	12432	24667	39	1217	 35 
9416.92	11265	24667	39	1406	 31 
9408.87	10675	24667	41	1500	 30 
8613.69	12107	24667	18	858	 30 
7524.23	10856	24667	45	1305	 27 
8626.82	12054	24667	21	406	 26 
8621.82	12281	24667	13	331	 24 ***
9223.83	11594	24667	18	841	 22 
8612.88	12309	24667	17	613	 19 
10022.8	11747	24667	13	444	 12 
8330.63	9526	24667	47	1382	 9 
6548.12	11814	24667	55	1994	 5 
10035.5	9422	24667	48	1547	 5 
8959.9	8627	24667	54	1402	 4 
9225.16	11536	24667	15	796	 3 
8930.42	10639	24667	46	1191	 0 

8139.22	6072	20742	52	1391	 96 
5305.42	7847	20742	52	1875	 96 
6156.34	6305	20742	61	2083	 90 
6537.14	7992	20742	46	1414	 88 
7331.87	9922	20742	28	491	 85 
8425.99	9801	20742	24	819	 81 
6479.53	6223	20742	59	1684	 80 
8437.02	11206	20742	22	523	 78 
7813.06	6195	20742	47	1890	 76 
7222.51	6675	20742	44	1792	 74 
8427.36	9734	20742	25	849	 65 
6632.41	7073	20742	47	1864	 62 
9037.6	11200	20742	22	523	 61 
6734.38	6172	20742	60	1507	 55 
6522.8	6340	20742	50	1703	 55 
7345.66	9648	20742	27	799	 54 
6852.22	7073	20742	45	1616	 51 
7058.9	6865	20742	42	1526	 35 
7005.33	6294	20742	46	1875	 34 
6341.14	6397	20742	48	1817	 30 
8156.26	9563	20742	27	799	 22 
5538.55	7005	20742	60	2067	 16 
5447.55	7200	20742	60	1832	 15 
8037.62	5935	20742	61	2097	 15 
9019.37	9305	20742	40	1525	 9 
9025.82	9009	20742	25	731	 7 
6745.6	6011	20742	58	2105	 5 
5650.05	7301	20742	55	1647	 2 
5819.32	6420	20742	48	1684	 2 ***

7295.24	9554	22469	38	1267	 85 
8387.03	8317	22469	60	1905	 82 
7259.29	10403	22469	36	1067	 79 
6750.28	12951	22469	50	1521	 72 
6949.44	9518	22469	58	1860	 67 
7099.52	12192	22469	39	1334	 56 
9469.55	8721	22469	9	205	 56 
7459.56	8431	22469	42	1434	 49 
6943.73	9781	22469	49	1686	 42 
7384.91	9248	22469	36	1224	 31 
7352.32	10610	22469	27	1230	 31 
8167.17	8459	22469	28	979	 28 
6383.36	10160	22469	56	1563	 25 
7447.8	9244	22469	9	183	 23 ***
7180.61	11305	22469	30	1223	 6 
9254.3	8958	22469	23	1091	 1 

7541.03	11617	22941	31	1507	 93 
8124.34	9946	22941	57	2174	 81 
7652.56	11269	22941	56	2038	 70 
7656.09	11102	22941	24	1793	 66 
8459.21	8832	22941	57	2157	 66 
7446.84	10306	22941	62	2583	 60 
8345.63	9264	22941	55	1808	 59 
8140.65	10883	22941	11	361	 57 
8141.85	9678	22941	6	461	 50 ***
8149.16	9337	22941	32	997	 28 
7665.13	8939	22941	60	2446	 21 
8951.95	9409	22941	7	491	 19 
7665.83	10298	22941	59	2506	 15 
6840.79	10382	22941	60	2095	 10 
8349.27	9564	22941	31	689	 10 
8736.43	9349	22941	27	950	 8 
8950.94	9429	22941	7	460	 7 
8348.22	9658	22941	21	429	 1 

7028.45	10953	21496	40	1647	 93 
7869.02	9146	21496	26	1658	 93 
7273.91	9194	21496	45	2165	 87 
6219.29	9689	21496	46	2235	 87 
7606.79	8268	21496	64	2491	 87 
8671.5	10055	21496	22	1265	 86 
10085.2	9305	21496	23	1917	 86 
8280.07	11216	21496	24	1733	 86 
8674.29	10461	21496	17	617	 85 
8888.87	9708	21496	6	372	 78 ***
7812.56	9661	21496	30	1836	 75 
7391.74	8868	21496	43	2073	 72 
8290.74	10283	21496	24	1452	 72 
9494.35	8094	21496	63	2431	 71 
8074.97	8694	21496	29	1739	 62 
8402.71	10700	21496	22	1513	 56 
8681.35	9309	21496	23	1413	 48 
8278.97	10948	21496	25	1611	 41 
8075.19	11044	21496	25	1377	 41 
8285.71	10617	21496	25	1872	 39 
9276.44	9840	21496	4	113	 39 
8086.2	11250	21496	19	541	 32 
8257.43	8422	21496	57	2345	 26 
7481.61	11180	21496	30	1260	 24 
8667.93	10796	21496	20	1275	 17 
7279.23	10094	21496	42	1443	 16 
7855.53	9979	21496	28	1933	 15 
7588.61	10007	21496	32	1916	 15 
8478.45	9923	21496	23	1721	 6 
7391.96	10530	21496	38	2023	 6 
10083.6	8179	21496	33	2023	 6 
8082.01	11372	21496	14	473	 4 

6812.91	8854	21882	59	1723	 95 
7526.78	10260	21882	25	1335	 95 
7132.92	7339	21882	61	2034	 95 
6900.37	9527	21882	29	1482	 89 
8807.62	11784	21882	16	595	 82 
8810.99	9747	21882	23	1548	 70 
7783.77	9984	21882	21	1066	 70 
9195.99	9937	21882	22	1401	 69 
6254.68	9817	21882	59	1730	 69 
8808.05	10511	21882	1	30	 69 
6499.71	10727	21882	29	1698	 64 
7402.04	9196	21882	44	1681	 49 
6798.06	10769	21882	28	1621	 46 
8805.7	13007	21882	17	547	 31 
7517.93	10182	21882	27	1585	 28 
6224.74	8938	21882	62	2042	 28 
6487.21	10775	21882	53	2024	 17 
7776.56	7637	21882	24	1061	 14 ***
7125.25	8333	21882	62	2042	 13 

9335.57	11241	24549	11	483	 83 
7721.57	11764	24549	60	2377	 55 
8484.48	11523	24549	25	1569	 53 
9103.63	9741	24549	49	2105	 51 
7339.65	12058	24549	24	1187	 51 
8139.56	12860	24549	20	1061	 41 
9539.35	11000	24549	11	483	 39 
8148.84	11978	24549	51	1840	 38 
9333.57	11583	24549	11	476	 32 
7182.85	12892	24549	64	2412	 30 
8344.76	11941	24549	28	1727	 29 
8733.99	11701	24549	11	476	 28 ***
8520.27	10799	24549	12	484	 24 
7906.98	11996	24549	56	2045	 12 
7554.06	12961	24549	23	1165	 3 

7797.39	10645	25922	48	2046	 99 
9654.24	10336	25922	5	343	 99 
8848.28	11468	25922	31	1180	 89 
9462.78	11208	25922	17	534	 86 
9481.24	9235	25922	64	2187	 82 
10261.3	9038	25922	48	2157	 82 
9456.77	9931	25922	57	2214	 65 
9460.6	10362	25922	25	1430	 65 
9448.62	10979	25922	33	1731	 65 
9471.59	9428	25922	46	1969	 64 
8394.39	10764	25922	36	1906	 58 
9471.13	9948	25922	33	1878	 57 
8636.26	10474	25922	61	1842	 55 
8841.92	12371	25922	12	214	 53 
10253.8	9139	25922	62	2307	 50 
9656.07	9484	25922	10	386	 49 ***
8844.69	10752	25922	34	1798	 45 
7793.45	11664	25922	62	2126	 45 
8395.95	9606	25922	63	2131	 44 
9192.77	9434	25922	61	1882	 35 
8374.35	11600	25922	32	1814	 35 
9194.49	10987	25922	32	1555	 35 
8852.54	10991	25922	18	615	 34 
8018.45	11851	25922	46	1645	 33 
9454.55	9375	25922	66	2483	 32 
9067.74	10373	25922	36	1909	 29 
8272.96	11935	25922	33	1615	 29 
8382.69	10538	25922	63	2149	 25 
8846.37	9991	25922	44	1275	 20 
8641.94	10319	25922	38	2028	 17 
8384.32	10513	25922	61	2084	 14 
9215.55	10343	25922	35	1750	 1 

