#9019.38	31500	29325	0	0	 88 
#9630.38	21364	29325	0	0	 53 
#9127.59	26125	29325	0	0	 46 
#9025.12	27492	29325	0	0	 32 
#9402.3	21890	29325	0	0	 23 

10096.9	18943	25246	18	434	 97 
10089.5	18209	25246	54	1994	 95 
10101.8	19563	25246	16	306	 92 
10110.2	18595	25246	53	2165	 83 
9284.03	17358	25246	58	2384	 75 
10094.9	16303	25246	57	2247	 67 
10094.3	22826	25246	39	1064	 65 
10102	21873	25246	13	265	 63 
9015	18289	25246	55	2355	 62 
8898.92	20201	25246	50	2071	 57 ***
8683.17	20890	25246	59	2362	 53 
10111.2	17948	25246	54	2388	 51 
8917.12	17785	25246	82	3130	 49 
8087.54	20352	25246	79	2860	 49 
8685.63	18814	25246	76	2939	 49 
10099.7	18783	25246	21	350	 47 
9022.29	16904	25246	59	2216	 44 
8913.74	18575	25246	57	2264	 40 
10091.2	23030	25246	39	920	 36 
10096.9	18028	25246	56	2125	 32 
10090.6	22966	25246	42	950	 32 
10092.1	21383	25246	45	1139	 31 
10103.2	18860	25246	20	320	 22 
9293.48	16597	25246	77	2852	 18 
10083.5	18208	25246	57	1797	 15 
8687.9	21546	25246	58	2402	 8 
10095.5	19052	25246	22	594	 8 
10091	22702	25246	42	866	 6 
8494.25	21738	25246	76	2548	 1 

10140.5	19232	26494	51	2143	 97 
8524.16	20001	26494	76	2770	 97 
8954.57	20773	26494	12	515	 95 
9341.8	16984	26494	73	2676	 89 
10134.6	19421	26494	52	1905	 86 
10146.7	16067	26494	81	2798	 81 
10130.4	16420	26494	73	2586	 78 
10155.4	16726	26494	54	1696	 72 
9068.48	17959	26494	69	2245	 69 
8957.13	16643	26494	79	2719	 69 
8519.58	20666	26494	75	2850	 66 
10142.5	18973	26494	21	744	 61 
9545.2	19676	26494	47	1839	 59 
10150	16554	26494	55	2318	 56 
9072.61	17357	26494	61	2284	 52 
10140.8	17016	26494	53	2068	 49 
8927.51	19277	26494	73	2879	 49 
10148.6	18442	26494	49	1741	 47 
10149.7	15892	26494	58	2000	 44 
10138.4	17762	26494	60	2001	 44 
9075.56	18046	26494	55	2173	 40 
9067.03	19235	26494	59	2587	 33 
10150.8	16863	26494	52	1690	 32 
8954.61	19784	26494	2	34	 22 ***
10141.4	18486	26494	50	1609	 20 
9048.19	18052	26494	78	2725	 18 
8961.06	19704	26494	54	2197	 18 
10148.4	16353	26494	80	2833	 13 
7990.6	23542	26494	77	2476	 5 
8948.99	21218	26494	5	26	 5 
10141.6	17562	26494	52	1723	 4 
10145.9	18969	26494	17	484	 4 

9078.87	18354	29672	46	2124	 97 
9086.9	16755	29672	52	2343	 92 
9094.14	17222	29672	42	895	 91 
9085.98	17918	29672	33	792	 85 
9088.6	17473	29672	42	935	 79 
10275.2	14776	29672	53	2346	 78 
9475.63	13917	29672	57	2092	 78 
10280.2	17053	29672	42	1704	 74 
9084.63	18871	29672	30	576	 70 
9189.77	13218	29672	68	2723	 69 
10276	14748	29672	43	1421	 69 
10272.2	15386	29672	47	1754	 69 
9471.74	15400	29672	50	1855	 62 
8380.84	16860	29672	74	2512	 61 
9456.32	17121	29672	41	1105	 58 
9090.41	17362	29672	13	322	 56 
9084.02	16120	29672	54	2332	 50 
10271.7	15425	29672	43	1257	 50 
9193.99	15848	29672	53	2308	 48 
10266.3	17172	29672	40	1105	 47 
10263.6	15645	29672	46	2192	 46 
8007.12	17723	29672	54	2382	 46 
10282.4	16640	29672	19	296	 44 
9477.36	16317	29672	48	1767	 43 
9088.15	18711	29672	30	815	 42 
8280.11	17483	29672	71	2262	 41 
9080.08	20276	29672	7	49	 40 ***
8867.81	14952	29672	78	2963	 33 
8467.58	15000	29672	63	2175	 32 
9092.05	17651	29672	12	200	 32 
9462.91	16214	29672	49	1851	 25 
8379.8	15948	29672	76	2678	 17 
9091.14	15975	29672	51	1752	 16 
10280.5	16922	29672	17	397	 15 
9083.82	18479	29672	41	990	 11 
9676.6	15149	29672	50	1791	 10 
8477.58	16469	29672	56	2370	 6 
9084.59	14495	29672	55	2337	 4 
10282.8	14018	29672	49	1729	 3 
9677.57	15107	29672	53	1965	 1 
10282.5	12768	29672	67	2392	 1 

7535.73	11934	29293	68	2058	 98 
10128.3	11301	29293	51	1772	 97 
10144.8	10114	29293	58	1948	 93 
8932.97	17257	29293	8	41	 93 
8937.55	15910	29293	3	20	 92 ***
10116.8	13499	29293	31	1014	 90 
8935.02	14737	29293	50	1650	 88 
8934.37	14757	29293	29	999	 86 
8941.19	13935	29293	50	1817	 80 
10118.6	13115	29293	23	362	 80 
7974.97	13547	29293	54	2150	 79 
7881.26	11195	29293	56	2272	 75 
8124.9	9759	29293	64	2404	 75 
10147.5	11992	29293	46	1700	 74 
9054.54	12741	29293	49	2008	 74 
10130.6	15002	29293	13	462	 71 
10116.8	14091	29293	29	1008	 67 
8930.94	15348	29293	18	486	 65 
7863.85	12757	29293	59	1998	 63 
9067.35	11455	29293	52	2263	 63 
8946.23	13459	29293	46	1732	 61 
8934.63	16382	29293	14	461	 60 
10116.5	14454	29293	29	1040	 58 
9310.84	11516	29293	49	2040	 55 
10135.7	10855	29293	52	1964	 55 
10140	13058	29293	45	1970	 48 
9517.25	11438	29293	51	1800	 45 
8946.16	12525	29293	50	1521	 44 
9310.64	13133	29293	32	1151	 43 
8931.04	17695	29293	16	466	 42 
8125.52	16479	29293	18	508	 37 
8932.5	16921	29293	17	485	 35 
9319.78	11063	29293	52	1680	 32 
8935.81	15970	29293	3	20	 30 
10126.5	14734	29293	14	477	 28 
10133	10209	29293	58	2261	 27 
9526.68	11921	29293	47	1739	 24 
8713.54	10640	29293	53	1978	 23 
10117.4	13946	29293	29	939	 18 
8135.04	12103	29293	51	1906	 16 
10130.7	12871	29293	46	1688	 15 
8933.19	16685	29293	17	478	 15 
8932.76	15004	29293	18	482	 9 
9328.34	10324	29293	56	2193	 5 
7650.06	11292	29293	61	2508	 5 
9331.5	11514	29293	51	1868	 3 
9052.44	13089	29293	49	1954	 3 

8847.05	15935	27923	10	130	 100 ***
9439.33	12915	27923	44	1566	 98 
10025.5	13828	27923	29	1016	 97 
9229.71	12971	27923	44	1487	 95 
10029.1	13412	27923	21	617	 89 
10021	15293	27923	22	919	 87 
10016.3	13462	27923	35	1114	 86 
10031.7	12797	27923	44	1782	 84 
10029.9	12128	27923	45	1536	 82 
8835.95	13978	27923	28	1034	 79 
10032.2	15011	27923	18	583	 77 
10015.9	13088	27923	36	1159	 74 
8838.31	16735	27923	8	114	 72 
10040.7	15613	27923	13	546	 64 
9424.75	12181	27923	46	1764	 61 
8841.11	14946	27923	26	989	 61 
7767.76	12532	27923	57	2207	 56 
10028.4	12800	27923	28	855	 56 
8121.47	11170	27923	59	1938	 51 
8837.99	12987	27923	47	1807	 47 
8949.69	12296	27923	47	1658	 44 
10033.1	12474	27923	43	1372	 43 
10030.9	15355	27923	15	451	 38 
8030.57	11469	27923	55	2208	 34 
10021.7	13325	27923	32	947	 34 
7211.42	14603	27923	61	1845	 33 
8042.2	11455	27923	53	1929	 33 
9220.67	13341	27923	45	1513	 32 
7777.77	16628	27923	54	1665	 32 
8838.14	16274	27923	19	504	 31 
8146.26	10267	27923	49	1857	 23 
10019.6	13649	27923	34	1313	 22 
9415.11	12354	27923	45	1567	 13 
8218.3	10515	27923	48	1627	 13 
10025.8	13615	27923	24	769	 13 
8836.88	15789	27923	22	650	 6 
7732.39	11379	27923	62	2127	 2 

8675.63	13637	23299	4	21	 100 
8663.75	11791	23299	46	1612	 83 
9860.33	11176	23299	45	1361	 75 
9051.99	8970	23299	58	2013	 74 
9872.5	13074	23299	9	205	 74 
9252.98	11092	23299	46	1297	 69 
7980.73	10769	23299	53	1940	 63 
8671.86	12254	23299	13	160	 63 
8674.91	13592	23299	6	31	 61 
9056.24	11956	23299	45	1681	 59 
7978.99	11836	23299	57	2044	 52 
9260.74	11585	23299	42	1457	 51 
7959.77	9340	23299	66	2110	 50 
7839.78	10259	23299	65	1949	 48 
7847.24	10786	23299	58	2257	 48 
8673.32	13718	23299	4	50	 48 
7587.66	11279	23299	60	2249	 42 
8455.14	10481	23299	47	1849	 38 
8784.91	11994	23299	45	1806	 29 
9255.11	11827	23299	45	1612	 29 
8771.69	9006	23299	48	1868	 27 
8440.12	11636	23299	50	1481	 25 
7849.57	9847	23299	58	2211	 25 
8439.13	9032	23299	59	2257	 23 
7582.28	12534	23299	46	1734	 21 ***
7346.88	10550	23299	63	2354	 20 
9869.47	11055	23299	46	1536	 20 
9870.6	12238	23299	26	985	 14 
8171.45	9719	23299	63	2286	 7 
8068.92	9844	23299	55	2267	 4 

8421.38	11465	22329	51	1679	 87 
7940.47	11151	22329	59	2265	 85 
8745.9	9997	22329	59	2036	 80 
7578.9	12388	22329	54	2181	 79 
8427.02	12202	22329	36	1725	 79 
9833.66	11762	22329	32	1405	 77 
7559.68	13829	22329	9	355	 77 
8640.62	12747	22329	33	1409	 74 
9835.29	12669	22329	30	1359	 73 
9847.78	10991	22329	33	1782	 71 
7958.58	12034	22329	50	2138	 66 
8757.53	11180	22329	38	1994	 66 
7560.09	14769	22329	8	221	 66 ***
8746.13	11459	22329	58	2218	 61 
9036.19	12156	22329	35	1919	 56 
7956.51	12398	22329	35	1552	 56 
8747.95	11591	22329	37	1979	 54 
7565.08	12821	22329	8	289	 49 
9023.89	12167	22329	35	1846	 48 
7850.42	12508	22329	48	1791	 47 
8765.2	12235	22329	33	1661	 39 
7937.23	11670	22329	59	2089	 37 
9235.47	12664	22329	32	1488	 37 
9227.69	11279	22329	34	1797	 28 
9837.17	11166	22329	35	1568	 28 
8164.46	12013	22329	50	1792	 27 
9018.98	11650	22329	36	1964	 26 
7564.63	12538	22329	57	2089	 22 
9837.99	12546	22329	12	662	 21 
7950.27	12373	22329	56	2179	 20 
9241.69	10794	22329	54	1876	 13 
7559.37	13054	22329	10	339	 12 
8644.43	12722	22329	31	1010	 6 
8754.95	11455	22329	57	2006	 2 
9236.17	11245	22329	35	1399	 2 

7851.15	14210	26894	12	261	 98 ***
9517.54	14079	26894	44	1788	 95 
9501.86	13482	26894	65	2045	 88 
9510.88	13964	26894	48	1897	 82 
10122.7	13795	26894	43	1680	 76 
10127.2	14145	26894	35	1297	 73 
9053.17	13633	26894	64	1970	 73 
9043.05	13928	26894	66	2346	 55 
10111.1	13649	26894	62	1940	 43 
7851.29	14828	26894	8	141	 43 
10108.7	13846	26894	43	1682	 39 
10115.5	13182	26894	66	2361	 37 
10112.8	13706	26894	59	1768	 32 
9509.1	13992	26894	63	2152	 26 
7847.59	15466	26894	19	692	 22 
10127.6	12697	26894	44	1502	 17 
10136.1	14004	26894	42	1497	 16 
9042.34	14078	26894	45	1742	 5 

7650.22	11432	24404	19	403	 81 
8712	10922	24404	61	2569	 72 
7651.5	11644	24404	5	100	 38 ***
7645.57	12129	24404	17	816	 28 
7648.51	11874	24404	14	358	 10 

8670.17	12777	24831	57	1724	 99 
8679.36	11868	24831	11	873	 73 
9875.26	11784	24831	40	1282	 60 
7598.15	14151	24831	28	621	 49 
8458.34	12448	24831	59	2063	 42 
9876.89	11691	24831	60	2021	 29 
8680	12035	24831	7	584	 27 ***
7599.94	12919	24831	23	589	 10 

8169.96	13658	23425	39	1510	 95 
7684.84	14172	23425	65	2246	 87 
9838.23	12476	23425	42	1797	 82 
8168.86	13850	23425	65	2268	 80 
8651.12	12766	23425	8	363	 70 
7962.63	13264	23425	67	2055	 61 
8649.7	13540	23425	38	1393	 57 
9845.72	12654	23425	40	1461	 47 
7096.97	14586	23425	67	2055	 44 
8650.48	13732	23425	29	830	 33 
9853.35	12360	23425	42	1739	 32 
8654.34	12705	23425	5	133	 30 ***
7839.48	14212	23425	41	1431	 17 
9027.13	11959	23425	62	1975	 6 
7962.8	13936	23425	42	1444	 3 

8636.31	16571	23944	67	2158	 96 
9056.36	15757	23944	57	1792	 95 
8652.79	16553	23944	43	1376	 92 
9848.31	14569	23944	69	2063	 90 
8655.85	16897	23944	22	691	 86 
7948.33	16139	23944	70	2092	 85 
9858.52	15500	23944	5	493	 63 
8792.82	15680	23944	67	1802	 62 
8772.4	15494	23944	70	2078	 53 
8656.74	15900	23944	4	50	 51 ***
9245.3	14676	23944	40	1373	 49 
9855.16	15316	23944	38	1571	 35 
8655.91	16383	23944	23	702	 33 
8655.98	16172	23944	66	2043	 30 
9850.29	15603	23944	39	1297	 27 
9244.8	15374	23944	73	2345	 11 
8443.63	17571	23944	63	2068	 0 

9219.25	11541	25835	70	1930	 95 
9231.58	13321	25835	53	1370	 90 
10040.1	14776	25835	19	864	 86 
10024.4	12178	25835	37	1087	 85 
9204.04	13372	25835	44	1431	 74 
8853.53	13624	25835	38	983	 66 
8339.2	12156	25835	68	1430	 62 
8048.5	15207	25835	63	1763	 57 
8969.4	12722	25835	64	1549	 55 
9416.05	12372	25835	57	1553	 54 
8838.65	15230	25835	37	1170	 54 
8839.65	14324	25835	25	712	 46 ***
8836.69	15793	25835	18	776	 41 
10012.7	11662	25835	64	1636	 36 
10029.9	16125	25835	10	617	 34 
10051.1	12734	25835	23	682	 28 
10017.4	13315	25835	39	1150	 25 
8839.46	15258	25835	31	647	 24 
8841.05	16858	25835	16	534	 17 
10034.8	15214	25835	14	699	 12 
8839.95	13834	25835	24	727	 10 
10031.4	13668	25835	28	1027	 6 

8164.08	16692	27228	20	558	 90 
8969.45	14503	27228	15	493	 75 ***
8967.99	16234	27228	25	1200	 59 
8161.89	15821	27228	31	1259	 53 
8727.69	13183	27228	50	1745	 29 

10191.2	13537	26361	73	2578	 98 
8974.2	15574	26361	19	718	 92 
8974.42	16212	26361	16	265	 88 
8974.93	16041	26361	18	646	 86 
8977.03	15655	26361	6	356	 44 
8980.23	16040	26361	2	246	 41 
10174	13609	26361	72	2734	 34 
8746.99	14337	26361	45	2304	 32 
8975.16	16143	26361	2	6	 31 ***
8976.36	16116	26361	17	329	 17 
9082.6	13666	26361	47	2180	 15 
9099.57	13001	26361	74	2473	 1 

10099.6	11809	28254	40	1703	 96 
8411.63	12206	28254	72	2341	 96 
8216.61	14713	28254	50	2051	 95 
7629.54	15265	28254	55	2158	 95 
7960.67	12681	28254	69	2401	 95 
10100	16465	28254	14	496	 92 
8681.39	13249	28254	42	1777	 88 
8903.97	16866	28254	25	971	 87 
8888.58	13720	28254	40	1729	 81 
10085.8	15815	28254	33	1009	 81 
10092.5	15701	28254	31	1055	 80 
10106.8	12852	28254	39	1734	 72 
10101.7	16464	28254	24	874	 72 
9286.48	14173	28254	38	1748	 71 
8908.91	16702	28254	22	884	 71 
10096.6	15786	28254	25	963	 70 
8912.51	13378	28254	41	1854	 67 
10093.2	13865	28254	38	1619	 67 
8909.13	16502	28254	11	534	 63 ***
10089	15666	28254	33	1005	 60 
7027.64	12771	28254	57	2043	 58 
10092.4	16071	28254	26	993	 58 
8415.55	13249	28254	44	2020	 57 
9287.93	12406	28254	42	2023	 51 
10096.5	12568	28254	40	1772	 51 
8904.55	16320	28254	27	1141	 50 
9302.48	12091	28254	47	2081	 48 
9288.28	12009	28254	68	2325	 47 
7844.9	12639	28254	70	2108	 47 
8407.56	13524	28254	51	2043	 44 
7150.92	12615	28254	72	2410	 40 
8465.18	12901	28254	45	1888	 37 
10091	16153	28254	26	993	 33 
9013.09	11928	28254	71	2287	 32 
8684	12236	28254	46	2122	 29 
8218.63	13889	28254	52	2145	 24 
9286.1	13532	28254	39	1664	 23 
9300.99	11107	28254	71	2173	 21 
9013.29	13080	28254	44	2049	 21 
10105.2	12975	28254	39	1690	 17 
10090.6	11806	28254	70	2139	 17 
10102.8	15681	28254	32	1025	 14 
9043.54	15194	28254	38	1588	 13 
8111.47	13518	28254	56	2229	 9 
8062.14	12363	28254	66	2290	 7 
9038.48	12697	28254	40	2037	 1 
8231.26	14475	28254	50	2093	 1 
8904.21	16511	28254	24	928	 0 

10076.4	12572	27773	45	1937	 100 
8882.27	15934	27773	26	735	 87 
9277.85	12344	27773	69	2039	 82 
8883.23	15533	27773	26	709	 78 
8883.14	15272	27773	27	990	 76 
9015.34	11658	27773	72	2154	 73 
8882.37	16434	27773	17	585	 63 ***
10079.6	12136	27773	50	2108	 61 
10093.6	13798	27773	44	1787	 59 
8882.91	15815	27773	27	705	 59 
8882.68	14832	27773	30	1000	 56 
8884.61	15933	27773	18	845	 55 
8400.04	12297	27773	72	2367	 50 
8070.4	12744	27773	46	1945	 50 
8883.03	15111	27773	29	992	 50 
8896.19	12500	27773	48	1964	 47 
8894.65	12505	27773	47	2081	 45 
7916.17	12744	27773	76	2507	 41 
9260.01	12457	27773	70	2211	 36 
10084.6	12513	27773	46	2060	 35 
9272.58	12380	27773	47	1852	 34 
9289.39	11397	27773	53	2222	 34 
8882.61	16035	27773	17	567	 34 
8882.75	15447	27773	28	707	 29 
7479.11	13051	27773	51	2120	 24 
8892.81	15976	27773	17	552	 20 
8882.53	15879	27773	25	727	 19 
8894.12	16065	27773	15	547	 14 
8892.98	14803	27773	37	1200	 8 
9284.53	12297	27773	68	1665	 5 
9477.11	12324	27773	48	2003	 2 
8883.84	15353	27773	25	701	 1 
10095.9	13664	27773	44	1741	 0 
8394.17	12566	27773	54	2212	 0 

7317.06	10118	24667	65	2027	 96 
9218.45	10434	24667	43	1225	 96 
8828.67	10921	24667	35	764	 94 
8935.34	9250	24667	64	1840	 88 
10015.9	9169	24667	67	2148	 88 
8425.3	9482	24667	57	1538	 84 
8136.41	11264	24667	49	1581	 77 
8833.69	13622	24667	10	393	 75 
8349.68	10556	24667	46	1112	 73 
8829.14	9308	24667	53	1884	 67 
8832.97	13948	24667	12	379	 63 
9437.1	10010	24667	50	1903	 60 
10032.2	13361	24667	13	429	 59 
8401.14	10249	24667	50	1855	 52 
8964.79	9915	24667	52	1955	 47 
9222.91	10432	24667	45	1309	 43 
8611.88	9500	24667	56	1839	 41 
10032.5	12949	24667	22	898	 41 
10022.6	9650	24667	45	1579	 41 
8156.96	10258	24667	59	2021	 37 
10014.1	9278	24667	51	1639	 36 
8826.77	12950	24667	16	586	 32 ***
9429.38	9665	24667	52	1606	 8 
7256.06	10389	24667	51	1888	 8 
8158.96	9671	24667	61	1812	 8 
10030.7	13379	24667	13	735	 8 
10010.9	9228	24667	58	1838	 6 
9221.75	10023	24667	51	1920	 6 
8827.77	13557	24667	14	653	 2 
8837.63	13501	24667	10	477	 1 

7830.39	9793	20742	44	1425	 99 
8630.62	9097	20742	18	237	 94 ***
8628.75	8713	20742	36	948	 92 
8630.16	9573	20742	17	329	 74 
8419.67	9769	20742	39	1385	 71 
8628.53	9262	20742	21	404	 69 
4968.71	6096	20742	66	2159	 65 
8630.66	8967	20742	20	269	 61 
7825.55	10121	20742	42	1346	 58 
8630.28	7837	20742	23	315	 50 
8210.44	9150	20742	43	1395	 36 
9014.32	6708	20742	43	1527	 35 
8623.41	7826	20742	40	1605	 32 
6409.68	6676	20742	47	1821	 32 
5920.86	5167	20742	48	1866	 32 
5101.87	7233	20742	60	1740	 26 
5805.62	6772	20742	45	1745	 22 
8413.14	8187	20742	44	1730	 20 
8627.27	8327	20742	39	1332	 15 
9017.23	6291	20742	46	1592	 15 
8629.62	9411	20742	20	389	 12 

6972.92	9148	22469	49	1523	 93 
8184.78	8790	22469	51	1377	 89 
10047.2	8169	22469	47	1274	 86 
8049.34	9380	22469	32	1412	 84 
8063.28	9268	22469	30	1170	 80 
8858.58	12607	22469	7	237	 79 
6841.76	9655	22469	14	376	 77 ***
6575.54	11360	22469	55	1591	 67 
9252.53	8296	22469	29	1344	 60 
8438.85	9192	22469	45	1511	 60 
9230.96	8618	22469	30	1366	 54 
8362	7947	22469	53	1593	 48 
8972.43	8898	22469	50	1549	 48 
8080.6	9125	22469	51	1505	 46 
7903.74	9562	22469	36	1528	 35 
6487.21	10784	22469	60	1905	 22 
9454.23	8060	22469	52	1719	 20 
6764.75	10731	22469	50	1510	 18 

8129.49	11196	22941	31	681	 100 
7183.66	9880	22941	59	2459	 96 
7548.23	11852	22941	34	769	 96 
10154.9	9565	22941	36	2059	 91 
8137.5	10369	22941	37	2147	 83 
10146.3	10466	22941	27	853	 82 
8350.27	11230	22941	27	533	 81 
7550.02	11754	22941	37	1866	 80 
8143.15	10886	22941	35	496	 80 
7470.89	10402	22941	53	2129	 75 
8956.9	9686	22941	40	1760	 68 
7753.26	10105	22941	41	680	 64 
8740.09	11467	22941	26	531	 58 
8951.65	10641	22941	11	319	 52 ***
8741.71	11897	22941	23	450	 50 
9079.81	9948	22941	39	2179	 44 
10164.1	9330	22941	39	1789	 43 
8118.6	9228	22941	41	850	 43 
8269.16	10118	22941	29	1967	 42 
8268.31	10332	22941	39	2180	 41 
10140.3	10037	22941	38	1720	 39 
9079.57	10056	22941	37	1698	 36 
8139.58	11141	22941	36	976	 30 
7283.58	10391	22941	55	1930	 29 
7195.87	10907	22941	57	2263	 28 
9554.73	10482	22941	27	821	 22 
8942.28	10922	22941	28	1845	 14 
8946.33	11362	22941	24	908	 10 
7334.71	11042	22941	41	1601	 1 

7268.67	10679	21496	46	2235	 95 
6664.97	6604	21496	56	2234	 94 
7284.77	9875	21496	50	1813	 93 
8064.96	8590	21496	42	2268	 91 
8889.8	10850	21496	21	584	 82 
10086.2	9292	21496	37	1838	 74 
6989.69	7862	21496	54	1959	 71 ***
8880.43	9644	21496	34	2039	 69 
8092.55	9025	21496	38	2005	 65 
9032.51	8106	21496	43	2043	 64 
5609.61	7552	21496	60	2164	 62 
6867.91	6298	21496	59	2019	 51 
7330.28	9184	21496	38	2057	 49 
10084.9	10815	21496	18	575	 47 
8895.08	10011	21496	25	406	 42 
8463.39	10619	21496	35	1987	 35 
8888.41	11026	21496	18	464	 34 
7216.55	11763	21496	46	2107	 32 
8195.41	8360	21496	39	1869	 27 
8083.19	11608	21496	37	1992	 24 
10086.7	10812	21496	23	611	 12 

8321.74	7754	21882	39	1805	 100 
6077.61	10732	21882	47	1846	 96 
7512.1	8469	21882	20	456	 88 
9198.14	8140	21882	36	1629	 68 
7498.91	8056	21882	58	1909	 65 
6701.52	8747	21882	18	488	 65 ***
8299.29	8312	21882	53	1952	 61 
6338.08	9158	21882	33	1317	 49 
7164.97	8626	21882	59	2177	 46 
7710.85	7586	21882	60	1768	 44 
8025.01	8410	21882	42	1784	 44 
6129.34	10199	21882	50	1750	 43 
6316.67	10010	21882	54	2005	 24 
7289.78	8249	21882	60	1768	 20 
6895.83	8699	21882	57	1644	 18 
7591.15	8284	21882	56	1962	 5 
7324.26	8538	21882	35	1599	 2 

8145.65	11469	24549	61	2123	 99 
7984.67	11070	24549	62	2108	 97 
7657.97	11772	24549	64	2412	 73 
8259.94	9732	24549	6	63	 63 ***
7337.86	12330	24549	63	2382	 60 
7919.45	11792	24549	19	606	 49 
7660.92	11650	24549	22	550	 44 
7278.82	12341	24549	26	1671	 24 
7926.99	11974	24549	18	519	 21 
8256.3	11428	24549	31	646	 10 
7657.01	12114	24549	36	652	 5 

7173.83	7875	25922	17	508	 94 
7154.77	7514	25922	27	701	 92 
9449.85	6435	25922	34	1080	 63 
7759.26	7117	25922	32	836	 49 
8373.33	7865	25922	4	312	 43 
7757.1	7269	25922	27	701	 28 
8371.01	7899	25922	5	526	 23 
8253.54	7575	25922	10	311	 17 ***
7779.65	7963	25922	16	448	 16 
8050.76	8065	25922	14	418	 8 
8378.8	7810	25922	4	282	 3 

