#104534	434278	330645	0	0	 77 
#104819	431279	330645	0	0	 71 
#104829	429359	330645	0	0	 63 
#104471	434870	330645	0	0	 48 
#105584	429341	330645	0	0	 47 
#105607	427121	330645	0	0	 32 ***

105446	419159	331743	974	41362	 95 
105384	423162	331743	977	41428	 90 
105432	418782	331743	976	41460	 84 
105409	424203	331743	26	1081	 84 
104264	429039	331743	972	41090	 81 
105392	424434	331743	974	41350	 76 
104373	427113	331743	977	41632	 71 
104701	424660	331743	974	41335	 71 
105398	420784	331743	980	41479	 64 
105408	424371	331743	26	1015	 64 
105407	424262	331743	27	1100	 60 
105412	422004	331743	33	1063	 52 
105417	420283	331743	6	270	 47 ***
104379	424318	331743	980	41733	 46 
104388	424809	331743	973	41445	 43 
105413	420019	331743	7	693	 42 
105409	420745	331743	976	41376	 41 
105410	423731	331743	27	875	 35 
104250	426408	331743	980	41493	 34 
105404	422974	331743	951	40940	 27 
105426	419516	331743	971	40783	 25 
105393	421815	331743	969	41182	 21 
105410	425896	331743	23	914	 20 
104356	425750	331743	982	41223	 17 
105401	424075	331743	30	965	 11 
104848	424811	331743	557	23383	 10 
105403	422647	331743	968	41196	 7 
105405	422278	331743	30	999	 7 
105451	419026	331743	974	41195	 4 
105507	417696	331743	975	41455	 2 

105295	420303	330379	25	612	 94 
105347	413059	330379	963	40283	 93 
104291	421354	330379	966	41056	 90 
104204	422604	330379	967	40874	 84 
105328	413760	330379	967	40830	 79 
104235	422604	330379	964	40414	 72 
104108	424450	330379	971	40758	 70 
104237	419792	330379	968	40953	 66 
105274	420759	330379	963	40609	 51 
104159	421831	330379	971	40694	 49 
105323	414519	330379	963	40309	 46 
105273	425912	330379	961	40639	 43 
105299	414835	330379	4	142	 40 ***
104758	417488	330379	971	40908	 38 
105286	418540	330379	32	915	 34 
104126	424303	330379	969	40613	 31 
105291	414619	330379	965	40711	 28 
104520	425279	330379	963	40501	 23 
105297	419466	330379	28	618	 23 
105285	416057	330379	961	40420	 19 
104302	418353	330379	964	40516	 18 
105281	422718	330379	951	40206	 18 
105270	417537	330379	967	40378	 8 
105297	420667	330379	24	711	 8 
105339	413611	330379	960	40507	 7 
105295	414719	330379	40	1600	 6 
105281	420134	330379	959	39832	 3 
105268	417151	330379	973	41095	 3 
105292	416090	330379	29	877	 0 

105022	412213	322844	31	933	 100 
104987	410796	322844	959	40182	 95 
105007	409840	322844	958	39882	 94 
105013	409701	322844	963	40541	 93 
104238	411034	322844	556	24150	 90 
105071	404836	322844	929	40073	 88 
105029	410934	322844	27	755	 87 
105021	407392	322844	961	40228	 86 
105023	405429	322844	33	932	 77 
105018	408504	322844	965	40764	 65 
105032	408293	322844	29	593	 64 
104993	408999	322844	967	40742	 60 
104991	411240	322844	544	23338	 58 
105019	405905	322844	967	40611	 56 
105019	407486	322844	36	1165	 54 
105004	410411	322844	962	40516	 52 
104000	410370	322844	963	40656	 45 
105032	405024	322844	10	163	 44 ***
103921	414092	322844	959	40212	 36 
105010	408773	322844	968	40799	 34 
105015	409070	322844	962	40085	 33 
103872	410889	322844	960	40763	 27 
105029	408439	322844	32	1114	 18 
103858	412820	322844	966	40552	 13 
104986	410728	322844	962	40766	 8 
103958	411650	322844	954	39778	 4 
105015	410293	322844	957	40389	 0 

104852	398868	321079	952	39817	 100 
103712	402958	321079	961	40175	 98 
103801	403165	321079	954	39608	 96 
104824	399736	321079	953	39693	 89 
104857	399122	321079	39	1100	 88 
103722	401757	321079	958	40121	 87 
104809	398119	321079	954	39619	 85 
104825	397995	321079	956	40030	 85 
104332	401273	321079	929	39235	 78 
103802	404006	321079	941	39923	 77 
104858	398205	321079	38	1208	 74 
104897	397509	321079	954	39712	 71 
104850	399001	321079	40	1023	 69 
104828	400279	321079	947	39703	 67 
103799	404314	321079	934	39486	 66 
104864	400153	321079	33	702	 59 
104853	399385	321079	37	977	 56 
104857	398471	321079	950	39600	 50 
104872	397977	321079	952	39581	 50 
103700	404348	321079	955	39562	 45 
104906	396607	321079	953	39644	 45 
104856	398798	321079	488	20855	 45 
103817	400946	321079	957	39936	 44 
104836	399222	321079	559	23770	 44 
104899	397312	321079	952	39472	 43 
104868	397935	321079	954	39914	 41 
104914	397491	321079	947	39544	 39 
104876	395930	321079	956	40061	 38 
104845	399602	321079	38	981	 38 
104855	399162	321079	38	992	 33 
104054	400359	321079	956	39738	 28 
104072	400136	321079	949	39568	 26 
104861	396819	321079	960	39455	 26 
104098	399772	321079	958	39757	 22 
104867	398060	321079	955	39465	 11 
103774	404000	321079	954	39603	 9 
104845	399010	321079	949	39509	 9 
104855	400020	321079	36	733	 9 
103839	402763	321079	953	39868	 3 
104864	397680	321079	956	39774	 2 
104856	398811	321079	45	1347	 2 
104839	406352	321079	482	20341	 1 
104244	398705	321079	957	39796	 1 
104848	400697	321079	31	907	 0 ***

104775	393401	321290	37	972	 97 
104766	394176	321290	942	39003	 94 
104782	397218	321290	31	913	 94 
104872	390406	321290	955	39934	 91 
104771	396521	321290	35	956	 91 
104771	393777	321290	945	39530	 88 
104780	392745	321290	948	39843	 87 
104207	400317	321290	486	20842	 69 
104756	393751	321290	947	39813	 68 
104748	394294	321290	951	39478	 67 
104808	392390	321290	948	39677	 63 
104829	393396	321290	927	39222	 63 
104798	391953	321290	952	39527	 60 
104810	391609	321290	949	39807	 58 
104753	394186	321290	949	39585	 55 
104766	392248	321290	949	39366	 46 
104839	391524	321290	948	39528	 44 
104824	392148	321290	948	39476	 43 
104786	393232	321290	947	39276	 39 
104751	393707	321290	952	39780	 35 
104805	393220	321290	939	39284	 33 
104767	396396	321290	37	1178	 28 
104779	397286	321290	31	900	 24 
103598	398834	321290	953	39823	 19 
104796	392094	321290	951	39903	 18 
104805	391073	321290	952	39789	 17 
104774	393602	321290	42	1180	 17 
104773	394417	321290	32	928	 16 
104798	392497	321290	945	39488	 13 
103762	394411	321290	930	39343	 13 
104779	393317	321290	947	39587	 13 
103622	395916	321290	938	38900	 9 
104794	392184	321290	950	39260	 8 
103606	396894	321290	955	39954	 8 
104783	396502	321290	30	1247	 0 ***

104495	387878	318893	945	39437	 99 
104539	386152	318893	941	38824	 97 
104500	389172	318893	944	39141	 95 
104486	390006	318893	948	39388	 95 
104534	387240	318893	946	39111	 92 
104563	387107	318893	930	38691	 85 
103455	392053	318893	947	39449	 81 
103519	390939	318893	941	39144	 70 
104535	385777	318893	946	39110	 69 
103476	391776	318893	941	39184	 68 
104517	387555	318893	35	942	 63 
103935	390431	318893	936	38890	 62 
103464	392139	318893	942	39195	 62 
103513	393642	318893	939	38758	 60 
103497	390773	318893	943	39389	 56 
103927	395146	318893	938	38576	 56 
104524	386489	318893	951	39416	 51 
103480	394367	318893	940	39056	 47 
104587	387336	318893	929	39091	 47 
104524	387979	318893	31	1014	 40 
103339	395393	318893	949	39224	 37 
104601	385438	318893	946	39411	 36 
104533	387218	318893	948	39293	 34 
104507	393731	318893	476	19625	 34 
104514	387681	318893	943	39406	 32 
104488	389975	318893	942	38932	 29 
104524	390019	318893	25	514	 29 ***
104548	386289	318893	935	39008	 22 
104511	389768	318893	473	19643	 14 
103968	390368	318893	941	39018	 9 
103381	392084	318893	943	38551	 9 
104484	390385	318893	938	39120	 7 
104490	389948	318893	942	39308	 6 
103948	390097	318893	952	39439	 5 
104535	385487	318893	942	39383	 5 
104523	387517	318893	940	38695	 3 
104498	390999	318893	931	38788	 2 
104513	389473	318893	30	892	 0 

104621	381391	320601	952	39144	 97 
104535	391437	320601	940	39009	 93 
104585	383255	320601	36	998	 93 
103551	384773	320601	945	38991	 91 
104573	382797	320601	948	39186	 88 
104575	385003	320601	941	39048	 87 
104575	384888	320601	30	885	 87 
104569	386770	320601	938	38702	 86 
104586	384174	320601	32	954	 82 
104643	382086	320601	940	38633	 81 
104597	386004	320601	29	892	 80 
103445	389301	320601	941	38649	 78 
104626	380445	320601	944	38761	 67 
104602	381525	320601	949	39188	 67 
104594	382130	320601	43	1047	 66 
104573	386673	320601	932	38535	 64 
104565	381691	320601	950	39041	 62 
104576	382543	320601	946	38964	 61 
104580	384175	320601	36	1029	 54 
104552	388576	320601	929	38870	 50 
104575	385806	320601	934	38601	 49 
104591	384081	320601	35	1052	 48 
104555	385166	320601	940	38709	 47 
104578	384409	320601	30	885	 43 
103456	385760	320601	945	38643	 42 
104621	381453	320601	948	39253	 41 
104578	384522	320601	32	912	 40 
104593	381937	320601	945	38883	 39 
103988	385962	320601	943	39152	 39 
104590	387664	320601	21	172	 35 ***
104576	382915	320601	946	39205	 34 
103821	386560	320601	942	38989	 30 
104599	381807	320601	946	38955	 26 
104608	384260	320601	31	915	 23 
104581	383844	320601	927	38012	 19 
104605	384280	320601	29	420	 5 
104560	383037	320601	943	39137	 0 

104837	383887	325011	46	1593	 100 
104843	383610	325011	946	39109	 97 
104840	385150	325011	37	1041	 93 
103768	386221	325011	947	38934	 91 
104862	385213	325011	20	551	 91 ***
104900	382296	325011	933	38730	 90 
104837	388351	325011	33	975	 88 
104845	384013	325011	37	1083	 87 
104833	384532	325011	952	39228	 86 
104837	385743	325011	40	1650	 86 
104272	384944	325011	933	38616	 78 
104881	382465	325011	943	38551	 73 
103768	388016	325011	941	39092	 73 
104865	382549	325011	946	38802	 72 
104837	386260	325011	30	879	 68 
104913	383413	325011	931	38208	 67 
104857	385828	325011	31	1232	 64 
104872	383448	325011	943	38918	 53 
104893	382370	325011	950	39150	 47 
104831	389989	325011	42	1464	 46 
104879	382416	325011	944	38863	 44 
104855	385252	325011	34	949	 44 
104865	383608	325011	941	38279	 43 
104861	383009	325011	944	39183	 43 
104897	382282	325011	944	38782	 42 
104847	383785	325011	39	1155	 36 
103794	387608	325011	927	37954	 30 
103806	385055	325011	943	38796	 28 
104911	381508	325011	947	39126	 10 
104851	383913	325011	35	987	 10 
104856	383279	325011	946	38909	 6 

104003	378845	322693	939	38036	 97 
103734	378065	322693	949	39108	 94 
104773	378341	322693	942	38696	 89 
104029	376987	322693	947	38981	 85 
104800	380081	322693	31	808	 84 
104803	382179	322693	29	860	 82 ***
104797	377981	322693	32	930	 77 
103651	382246	322693	943	39062	 74 
104796	379953	322693	32	930	 70 
104855	374747	322693	948	39231	 67 
104767	377134	322693	943	39273	 65 
104804	376135	322693	43	1325	 65 
104779	378238	322693	939	38395	 64 
104767	374919	322693	943	38716	 60 
104769	378945	322693	544	22056	 53 
103633	382026	322693	945	38915	 50 
104787	379911	322693	44	1497	 43 
104790	381832	322693	33	1174	 41 
104762	377599	322693	944	38752	 33 
104845	375735	322693	941	38880	 30 
104210	381045	322693	926	38390	 24 
104769	378616	322693	554	23505	 23 
104786	377789	322693	939	38679	 21 
104788	377297	322693	34	1006	 20 
104788	378652	322693	48	1937	 16 
103748	380095	322693	946	39009	 6 
104794	376287	322693	941	38690	 6 
103775	379752	322693	941	38549	 5 
104782	382826	322693	42	1500	 2 

103743	376539	324193	953	39355	 96 
104787	378362	324193	26	610	 96 
104793	377268	324193	28	878	 95 
104010	376006	324193	953	39793	 94 
103977	379809	324193	943	39403	 94 
104765	375285	324193	945	39160	 93 
104780	377620	324193	35	1003	 93 
104787	375392	324193	29	877	 92 
104779	375775	324193	543	22668	 90 
104783	377903	324193	27	747	 89 
104780	377968	324193	31	1119	 88 
104775	377120	324193	44	1005	 85 
104785	373178	324193	937	39564	 84 
104786	375729	324193	31	1014	 78 
104832	371881	324193	952	39683	 76 
104781	375583	324193	35	1054	 74 
103719	379978	324193	953	39700	 73 
104790	377499	324193	27	754	 56 
104033	377050	324193	949	39627	 51 
104795	372193	324193	954	39837	 51 
104787	375458	324193	33	972	 51 
104782	376124	324193	32	911	 50 
104814	374941	324193	552	23755	 45 
104798	379633	324193	24	587	 39 ***
104196	377194	324193	553	24090	 36 
104780	376117	324193	33	934	 35 
104790	375162	324193	30	892	 34 
104796	372803	324193	948	38879	 31 
104765	374872	324193	956	39866	 31 
104784	376629	324193	30	907	 31 
104770	374416	324193	952	39440	 30 
104791	373134	324193	948	39434	 29 
104774	372898	324193	949	39734	 28 
104782	373827	324193	946	39067	 27 
104782	376842	324193	30	881	 27 
104781	374862	324193	946	39026	 26 
104779	380044	324193	33	1207	 26 
104785	375565	324193	33	977	 21 
103723	378121	324193	951	39595	 20 
104804	372589	324193	944	39131	 20 
104777	378817	324193	39	1238	 20 
104806	372580	324193	950	39252	 14 
104776	380209	324193	26	863	 14 
104770	374934	324193	953	39740	 13 
104808	371899	324193	950	39248	 11 
104772	373409	324193	949	39508	 9 
104799	375110	324193	480	20022	 9 
103750	379467	324193	948	39250	 8 
104194	375066	324193	947	39276	 2 

104792	370202	324690	946	39587	 95 
104803	368988	324690	947	39791	 92 
103658	373865	324690	947	39569	 92 
104797	370034	324690	944	39514	 86 
104792	371053	324690	942	39408	 86 
104822	369573	324690	939	39254	 82 
104800	371618	324690	33	964	 81 
104779	374208	324690	937	39380	 77 
104783	370365	324690	943	39546	 76 
104811	369303	324690	943	39476	 67 
104797	374445	324690	19	794	 66 ***
104782	375796	324690	931	38980	 64 
104870	369297	324690	933	39166	 57 
104800	369805	324690	946	39719	 53 
104790	375028	324690	39	1709	 50 
104813	370292	324690	29	884	 49 
103660	371534	324690	940	38993	 48 
104756	369224	324690	950	39896	 46 
103610	377697	324690	946	39262	 43 
103621	377119	324690	949	39607	 43 
104845	368214	324690	949	39789	 39 
104829	368556	324690	947	39548	 37 
104800	372046	324690	29	877	 36 
104826	368291	324690	948	39714	 30 
104863	368604	324690	934	39266	 20 
104891	367736	324690	948	39823	 19 
104802	369950	324690	30	892	 19 
104795	371625	324690	30	878	 17 
103658	376380	324690	942	39445	 14 
104787	370236	324690	944	38811	 11 
104759	374716	324690	935	39089	 8 
104803	369592	324690	948	39586	 6 
104209	370359	324690	946	39346	 6 
104794	375617	324690	32	742	 3 
104789	373771	324690	934	38928	 1 

104922	373599	325842	30	898	 100 
103843	375514	325842	952	39942	 96 
103796	376144	325842	950	39764	 95 
104911	373503	325842	35	1045	 95 
104911	374832	325842	30	895	 89 
103510	376636	325842	953	39930	 88 
104914	376937	325842	27	885	 85 
103788	376504	325842	955	40018	 83 
104915	373209	325842	944	38661	 83 
104926	376928	325842	24	551	 82 ***
104921	374996	325842	29	894	 81 
104908	377166	325842	38	1158	 74 
104913	373335	325842	943	39313	 66 
104896	377834	325842	943	39550	 61 
104948	371796	325842	953	39283	 60 
103850	372204	325842	951	39037	 59 
104969	373202	325842	941	39007	 58 
104947	371993	325842	958	39825	 55 
104926	372799	325842	944	39544	 44 
104915	374553	325842	31	980	 37 
104921	375225	325842	28	886	 34 
104918	380152	325842	24	829	 33 
104374	375320	325842	947	39833	 26 
103783	374264	325842	956	39950	 24 
104974	371391	325842	956	40036	 20 
103747	377567	325842	949	39947	 20 
104968	371572	325842	952	39767	 6 
104891	377527	325842	944	39421	 3 
104901	374433	325842	560	23211	 1 

104918	370963	326132	29	951	 100 
104912	370108	326132	31	942	 98 
104915	371572	326132	30	913	 97 
104918	370125	326132	29	898	 96 
103777	376585	326132	944	39421	 94 
104899	369665	326132	944	39520	 93 
104953	367591	326132	952	40082	 88 
104902	368123	326132	944	39532	 87 
104932	367211	326132	955	40279	 85 
104939	368239	326132	942	39391	 85 
104960	367136	326132	941	39654	 77 
104906	371513	326132	31	969	 75 
104875	370190	326132	949	39902	 70 
104925	369262	326132	940	39429	 65 
104894	372750	326132	941	39783	 59 
104917	371118	326132	22	389	 58 ***
104933	367941	326132	952	39952	 55 
104916	373197	326132	27	917	 55 
104164	370197	326132	952	40102	 45 
103887	373830	326132	944	39607	 41 
104894	368621	326132	954	40101	 39 
103792	374746	326132	944	39758	 39 
103873	371529	326132	949	40094	 38 
104948	370074	326132	567	23537	 35 
104882	369178	326132	950	39993	 34 
104899	370388	326132	942	39597	 32 
104893	370344	326132	946	39593	 31 
104877	373172	326132	943	38974	 30 
104916	368088	326132	948	39857	 27 
104885	373158	326132	944	39976	 25 
104895	374237	326132	939	39379	 20 
103745	372208	326132	948	39865	 14 
103891	370640	326132	945	39738	 13 
103715	371739	326132	952	40121	 9 
104905	371419	326132	35	1015	 6 
104954	366638	326132	951	39746	 3 

104786	366301	324971	38	891	 100 
104784	366714	324971	39	963	 95 
104788	364626	324971	38	1199	 92 
104785	363914	324971	943	39686	 88 
104755	364195	324971	949	39626	 87 
104839	363567	324971	926	38981	 85 
104787	371505	324971	33	543	 85 
104786	364782	324971	40	956	 83 
104796	368290	324971	32	630	 82 ***
104763	367762	324971	939	39234	 70 
104769	368082	324971	475	19534	 70 
104783	367495	324971	37	654	 68 
104776	367055	324971	43	1048	 67 
104717	365528	324971	947	39626	 66 
103616	367054	324971	947	39420	 64 
104770	366989	324971	476	19693	 60 
104752	364337	324971	946	39281	 57 
104823	363048	324971	944	39846	 57 
103999	369277	324971	942	39705	 56 
104789	366318	324971	35	924	 56 
104767	369321	324971	937	39227	 49 
104748	369399	324971	477	19236	 49 
104778	363031	324971	955	40016	 47 
103759	366672	324971	944	39482	 47 
104783	368037	324971	40	1099	 45 
104825	362970	324971	947	39645	 41 
104842	362779	324971	945	39447	 38 
104797	367291	324971	33	776	 38 
103659	367428	324971	944	39740	 36 
104753	367028	324971	943	39642	 34 
103607	371802	324971	951	39977	 34 
104785	369256	324971	35	852	 33 
104784	367048	324971	38	962	 24 
104750	368217	324971	943	39673	 22 
104788	367628	324971	36	954	 19 
104780	363065	324971	947	39743	 17 
104004	369103	324971	941	39607	 14 
104812	363170	324971	939	38984	 12 
103710	370016	324971	943	39729	 11 
104755	364999	324971	940	39218	 11 
104772	365150	324971	562	22970	 11 
104818	364181	324971	927	39056	 9 
104777	368294	324971	38	962	 8 
104791	365056	324971	36	954	 4 
104780	363485	324971	945	39370	 3 
104779	364340	324971	41	1459	 1 

104736	363921	324325	42	1432	 100 
104792	363581	324325	943	39195	 92 
104764	362279	324325	958	39724	 92 
104733	362765	324325	958	39684	 90 
104732	363444	324325	952	39406	 89 
104736	363475	324325	947	39367	 85 
104727	364205	324325	36	1181	 85 
104794	362275	324325	954	39704	 83 
103720	365494	324325	958	39960	 82 
104743	370129	324325	24	330	 81 ***
104737	363283	324325	955	39428	 80 
104703	365649	324325	949	39163	 74 
104736	365322	324325	27	346	 73 
104716	365045	324325	561	23753	 71 
103557	371517	324325	953	39689	 70 
104752	362844	324325	957	39307	 69 
104730	362557	324325	960	40019	 67 
104116	367976	324325	947	38727	 65 
104695	368396	324325	480	20033	 65 
104702	364768	324325	950	39192	 58 
104713	366783	324325	559	22729	 52 
104799	363336	324325	948	39361	 49 
103742	364091	324325	951	39780	 48 
104727	366249	324325	34	878	 48 
104687	366712	324325	949	39153	 44 
104741	366651	324325	25	295	 44 
104734	370740	324325	30	852	 42 
104717	362923	324325	958	39892	 40 
104736	365558	324325	34	935	 37 
104724	363641	324325	580	23587	 36 
104717	363360	324325	955	39569	 35 
104734	367655	324325	31	943	 35 
104698	367278	324325	948	39303	 31 
104724	365807	324325	38	1018	 31 
104713	365521	324325	947	39291	 29 
104735	366844	324325	33	927	 26 
104756	362984	324325	956	39575	 25 
104712	365939	324325	938	38547	 24 
103664	367141	324325	953	39846	 19 
104733	369191	324325	31	908	 19 
104765	362762	324325	951	39425	 18 
104730	363489	324325	953	39893	 16 
104760	362665	324325	954	39387	 12 
104738	366750	324325	26	800	 11 
104763	361949	324325	959	39682	 10 
103537	366921	324325	959	39513	 10 
104726	364629	324325	37	890	 8 
104759	363216	324325	953	38855	 3 
104710	363371	324325	958	39847	 0 

103612	364265	325358	959	39265	 99 
104662	359840	325358	37	908	 98 
104644	359151	325358	958	39315	 95 
103486	361729	325358	961	39458	 92 
104655	359857	325358	35	878	 89 
104670	359551	325358	34	878	 88 
104693	357868	325358	962	39441	 85 
103665	359453	325358	960	39585	 81 
104692	357898	325358	967	39496	 80 
103643	362113	325358	958	39128	 79 
104669	358511	325358	962	39088	 77 
104071	361389	325358	952	38844	 74 
104637	361085	325358	944	38165	 71 
103519	364654	325358	956	39197	 70 
104675	358492	325358	960	38981	 67 
104709	358486	325358	956	38934	 67 
104644	359275	325358	953	38593	 63 
104631	359213	325358	963	39605	 63 
103551	359984	325358	963	39406	 62 
103902	360575	325358	958	39554	 56 
104653	364691	325358	547	22435	 56 
104664	360317	325358	32	869	 54 
104687	358551	325358	955	39276	 53 
104654	359071	325358	39	921	 48 
104670	361368	325358	22	193	 44 ***
104114	361332	325358	955	38896	 43 
104654	360962	325358	952	38979	 40 
104663	363160	325358	30	780	 33 
103621	364493	325358	958	39373	 29 
104722	358069	325358	958	39546	 25 
104655	360578	325358	34	848	 25 
104639	361005	325358	957	39528	 23 
103636	363306	325358	955	39081	 21 
104667	358574	325358	964	39376	 19 
104648	358585	325358	953	39407	 16 
104667	361456	325358	25	302	 16 
104061	361969	325358	956	39507	 13 
103614	359906	325358	961	39337	 10 
104636	359089	325358	963	39371	 9 
104702	357894	325358	960	39394	 7 
104640	360253	325358	957	39162	 6 
104702	359030	325358	943	38099	 2 
104620	366055	325358	950	39041	 1 

104815	360697	329073	966	39297	 100 
104842	362702	329073	36	1069	 99 
104855	364262	329073	31	828	 98 
104844	359132	329073	39	960	 97 
104841	359414	329073	968	39696	 94 
104841	360880	329073	48	1140	 92 
104839	361195	329073	955	39083	 89 
103673	364511	329073	958	39559	 88 
103779	365526	329073	956	39240	 85 
104883	358429	329073	961	39727	 84 
104269	361430	329073	956	39199	 84 
104850	365273	329073	33	954	 83 
104795	361284	329073	955	39167	 81 
104822	363779	329073	941	38605	 80 
104850	362048	329073	34	869	 80 
103834	360116	329073	967	39916	 75 
104823	360910	329073	961	39533	 73 
104837	359515	329073	962	39775	 71 
104829	361763	329073	941	39185	 70 
104092	363260	329073	948	39011	 65 
103696	362486	329073	962	39843	 65 
104845	360946	329073	37	966	 64 
104837	361401	329073	953	39351	 55 
104823	360250	329073	960	39581	 55 
104841	364055	329073	38	1020	 50 
104822	361603	329073	954	39318	 46 
104844	362787	329073	34	911	 44 
104834	361603	329073	953	38998	 40 
104835	362634	329073	475	19854	 39 
104824	366501	329073	565	23108	 39 
104822	360944	329073	964	39720	 37 
104826	360242	329073	961	39687	 35 
103714	361343	329073	961	39785	 35 
104855	364190	329073	32	1072	 35 
104843	361550	329073	35	931	 33 
104249	367047	329073	947	38915	 29 
104856	363256	329073	31	828	 27 
104818	361034	329073	960	39237	 25 
104832	360061	329073	964	39735	 24 
104843	360795	329073	38	888	 23 
104854	361942	329073	34	1112	 22 
104880	358591	329073	959	39620	 18 
104835	359805	329073	966	39861	 17 
104865	362214	329073	11	332	 17 ***
103783	362340	329073	954	38970	 15 
104858	362119	329073	27	518	 13 
104851	362288	329073	33	840	 10 
104836	359700	329073	963	39637	 7 
104832	363247	329073	554	21895	 5 
104851	365022	329073	24	440	 1 
104824	360265	329073	958	39203	 0 

104688	351370	325573	48	1389	 99 
104698	350186	325573	958	38938	 96 
104685	350984	325573	953	38762	 96 
104691	350347	325573	960	39107	 91 
104694	350750	325573	956	38903	 85 
104687	356648	325573	39	1431	 85 
103500	350949	325573	960	38975	 83 
104723	350161	325573	958	38954	 79 
104703	350508	325573	956	39210	 78 
103518	354274	325573	955	38806	 77 
104694	350615	325573	933	38174	 75 
104692	350497	325573	957	38839	 74 
104700	353487	325573	31	1029	 74 
104647	352870	325573	956	39037	 72 
104667	351237	325573	953	38477	 71 
104684	350966	325573	956	38886	 65 
104656	355273	325573	948	38720	 63 
104705	349734	325573	960	38924	 61 
104687	355992	325573	36	929	 61 
103623	355293	325573	947	38082	 60 
104673	350697	325573	959	39176	 57 
104696	353662	325573	18	204	 55 ***
104686	356270	325573	40	1214	 52 
104653	352268	325573	953	39100	 50 
104692	357878	325573	30	918	 49 
104647	353910	325573	952	38622	 46 
104714	350181	325573	959	38981	 46 
104722	351185	325573	931	38442	 41 
104659	351874	325573	950	38740	 39 
104654	353640	325573	951	39017	 38 
104696	355727	325573	30	1099	 38 
104688	352363	325573	36	1116	 34 
104672	352904	325573	939	38813	 33 
104742	350545	325573	953	38743	 33 
104639	351535	325573	958	39193	 33 
104685	352850	325573	42	1324	 32 
104706	350359	325573	954	38714	 29 
104695	355135	325573	33	1084	 29 
104746	349822	325573	956	38877	 28 
104690	353870	325573	34	1119	 27 
104734	349965	325573	957	39203	 23 
104128	354533	325573	952	38566	 18 
103841	353426	325573	955	38766	 16 
103679	353912	325573	957	39059	 16 
104683	353206	325573	43	1605	 13 
104668	354462	325573	567	22352	 11 
104648	351388	325573	955	38602	 10 
104662	356704	325573	574	23038	 10 
104670	353926	325573	948	38327	 8 
104701	351368	325573	34	1078	 8 
104756	349799	325573	952	38651	 2 

103613	346030	324511	950	39086	 100 
104709	347953	324511	37	886	 97 
104685	346675	324511	461	19404	 94 
104706	349672	324511	36	1085	 93 
104698	348007	324511	37	1233	 92 
104100	344728	324511	924	38407	 91 
103645	346996	324511	947	38848	 90 
104695	348371	324511	37	943	 88 
104684	343036	324511	943	39107	 86 
104675	343404	324511	951	38948	 84 
104707	350369	324511	34	837	 81 
104693	346182	324511	45	1727	 78 
104775	342209	324511	951	38897	 69 
104710	343231	324511	38	1076	 68 
104740	342503	324511	945	38632	 67 
104696	345891	324511	578	23175	 67 
104672	343634	324511	951	38980	 57 
104700	350749	324511	35	1081	 57 
103550	346989	324511	955	39218	 55 
104718	346277	324511	18	706	 54 ***
104704	342511	324511	924	37967	 49 
104716	342386	324511	950	39225	 47 
104710	345803	324511	34	940	 45 
103683	344373	324511	944	38920	 41 
104757	342376	324511	947	38900	 41 
103634	349926	324511	949	39163	 34 
104698	344088	324511	918	38131	 33 
104682	344572	324511	929	38490	 33 
104698	343805	324511	39	1049	 32 
104716	349156	324511	31	754	 9 
103653	346641	324511	949	39011	 6 
104714	342519	324511	38	1228	 6 
103674	347597	324511	945	38786	 2 

104850	342142	324533	953	39152	 96 
104920	343426	324533	927	38239	 94 
104833	345385	324533	45	1533	 92 
104778	345620	324533	941	38540	 90 
104833	344908	324533	30	1070	 90 
104829	346331	324533	39	1337	 89 
104826	345563	324533	579	22893	 86 
104273	349517	324533	943	38238	 84 
104835	343497	324533	947	38891	 78 
104820	346043	324533	925	38453	 78 
104831	349277	324533	35	1168	 74 
104797	344000	324533	934	38315	 73 
104830	344937	324533	46	1307	 72 
104893	343101	324533	935	38331	 68 
104832	343008	324533	948	38629	 66 
103667	348169	324533	944	38350	 62 
103676	347016	324533	944	38861	 60 
104856	345474	324533	29	894	 60 
104291	349694	324533	940	38143	 57 
104831	345406	324533	45	1610	 53 
104865	343599	324533	460	19609	 52 
104829	343506	324533	580	22992	 52 
104797	346480	324533	927	37752	 50 
104849	343672	324533	43	1114	 50 
104808	343478	324533	952	38468	 42 
104841	343342	324533	936	38507	 37 
104825	347008	324533	52	1721	 36 
104834	346820	324533	21	879	 35 ***
104823	347049	324533	49	1351	 28 
104863	341980	324533	936	38482	 24 
104834	342896	324533	949	38778	 22 
103694	343753	324533	946	38885	 21 
104838	342501	324533	942	37703	 15 
104836	346305	324533	29	824	 12 
104823	343567	324533	948	38812	 6 
104046	346937	324533	944	38805	 3 
104840	343615	324533	53	1922	 2 

104759	346118	324558	556	22349	 99 
104838	341750	324558	928	38770	 98 
104067	347843	324558	938	38233	 97 
104785	344003	324558	34	937	 96 
104792	342364	324558	947	39415	 93 
104782	344157	324558	41	1491	 92 
104772	342460	324558	946	39367	 86 
104844	340702	324558	946	38976	 83 
104790	342436	324558	945	39344	 82 
104791	346018	324558	31	836	 81 
104784	347095	324558	34	906	 80 
104821	341717	324558	949	39422	 77 
104786	346998	324558	27	842	 77 
104791	344698	324558	26	543	 76 
103809	344614	324558	944	39194	 73 
104836	342272	324558	929	38850	 73 
104786	342613	324558	46	1286	 69 
104783	343559	324558	40	1365	 66 
104780	345467	324558	35	1229	 61 
104791	345932	324558	33	938	 60 
103794	346694	324558	940	39067	 59 
104793	343197	324558	40	1517	 54 
103662	344629	324558	941	39210	 51 
103791	344540	324558	949	39431	 50 
104163	346436	324558	561	23750	 50 
104804	342212	324558	941	39193	 49 
104782	342648	324558	940	38864	 47 
104830	340874	324558	942	38531	 47 
104826	341565	324558	943	38822	 45 
104228	344418	324558	946	39216	 40 
104812	341632	324558	950	39522	 39 
104792	345150	324558	24	627	 35 ***
104794	341836	324558	945	39413	 31 
104788	342469	324558	941	39001	 25 
104790	346099	324558	31	853	 25 
104810	341843	324558	944	39199	 24 
104856	340545	324558	945	39368	 21 
104793	343780	324558	36	1177	 17 
104869	341694	324558	926	38621	 11 
103656	347790	324558	939	39294	 11 
104734	343874	324558	940	39180	 7 
104822	342369	324558	463	19516	 5 
104766	342655	324558	929	38598	 2 
104747	343695	324558	560	23090	 2 

104802	338230	325184	36	937	 99 
104800	340836	325184	45	1277	 97 
104839	336774	325184	950	39767	 92 
104812	339789	325184	33	1257	 91 
103748	338433	325184	949	39369	 66 
104799	339186	325184	575	24708	 59 
104089	341248	325184	947	39514	 57 
104815	340649	325184	16	180	 57 ***
104787	337556	325184	947	39264	 56 
103692	339874	325184	950	39599	 52 
104808	337029	325184	955	39692	 48 
103662	344031	325184	945	39621	 45 
103796	338170	325184	948	39485	 44 
104851	336985	325184	946	39164	 43 
104783	343818	325184	576	25146	 42 
103810	342579	325184	940	39268	 36 
104066	342265	325184	946	39155	 32 
104816	337367	325184	33	919	 31 
104851	336867	325184	948	39404	 29 
104796	341793	325184	574	24062	 22 
104838	337324	325184	950	39592	 21 
104793	343159	325184	937	39014	 20 
104833	337364	325184	954	39894	 10 
104811	342553	325184	26	740	 9 
104231	338546	325184	944	39284	 7 
104771	343969	325184	564	23638	 3 
103670	341815	325184	948	39297	 0 

103773	338298	326861	956	39522	 100 
104901	333652	326861	944	38791	 100 
104907	333995	326861	926	38509	 95 
104864	334224	326861	956	39671	 91 
104883	335585	326861	49	1234	 90 
104882	334925	326861	954	39753	 87 
103755	338900	326861	955	39709	 83 
104884	336416	326861	38	1047	 80 
104892	334181	326861	44	1061	 78 
104909	333176	326861	950	39737	 76 
104950	333871	326861	929	39091	 74 
104962	332915	326861	944	39011	 65 
104920	333228	326861	948	39300	 63 
104855	336086	326861	946	39635	 63 
104905	333295	326861	954	39780	 60 
104923	334095	326861	921	38387	 58 
103875	336162	326861	950	39944	 57 
104878	336790	326861	33	1137	 56 
104958	332945	326861	948	39880	 53 
104882	335481	326861	926	38594	 47 
104932	333295	326861	945	39928	 46 
104887	334147	326861	951	39672	 44 
103885	339626	326861	944	39263	 43 
103842	336533	326861	948	39589	 40 
104896	333305	326861	951	39940	 36 
104347	337921	326861	936	39654	 33 
104884	334872	326861	28	805	 33 
104882	337029	326861	6	73	 31 ***
104887	334293	326861	950	39824	 26 
104869	335554	326861	950	39421	 26 
104926	332951	326861	949	39595	 25 
104953	332923	326861	952	39636	 23 
103872	335743	326861	954	39701	 23 
104873	337147	326861	40	1254	 23 
104883	334681	326861	949	39366	 22 
104915	333057	326861	950	39824	 22 
104870	334961	326861	945	39825	 21 
104862	335918	326861	565	23387	 21 
104877	336798	326861	23	671	 20 
104861	334393	326861	955	39570	 17 
103756	340459	326861	947	39343	 14 
104924	333241	326861	946	39390	 13 
104880	336662	326861	35	1017	 11 
103757	338760	326861	948	39713	 6 
104848	335649	326861	953	39499	 5 
104868	338566	326861	32	870	 5 
104888	333995	326861	953	39185	 4 
104891	336488	326861	14	281	 4 

105120	336596	334865	34	1407	 100 
105157	339617	334865	27	807	 97 ***
105121	333431	334865	954	40019	 91 
105114	335058	334865	42	1043	 89 
103955	336767	334865	959	40238	 88 
105168	332253	334865	955	40404	 86 
105142	332433	334865	946	39435	 82 
104365	333871	334865	950	39807	 80 
105115	336745	334865	34	937	 79 
104105	338318	334865	946	40000	 74 
105122	340644	334865	28	867	 68 
105118	334431	334865	41	1225	 67 
105121	337258	334865	32	858	 64 
103989	338206	334865	952	39559	 58 
105110	337987	334865	29	1081	 57 
105137	333365	334865	958	40445	 50 
105132	337333	334865	29	990	 50 
105136	336986	334865	30	830	 46 
104073	336111	334865	947	40289	 43 
105126	337581	334865	28	822	 41 
105123	335934	334865	32	836	 39 
103991	337933	334865	955	40199	 34 
103994	338157	334865	949	39979	 28 
105118	336477	334865	39	1408	 28 
105128	333646	334865	926	38734	 23 
105115	337409	334865	37	1298	 19 
105118	335052	334865	39	1110	 18 
105134	340437	334865	27	807	 13 
105106	335176	334865	573	24397	 6 
104149	334715	334865	958	40222	 3 
105129	334392	334865	36	1014	 2 

