#105600	428597	330645	0	0	 99 
#105600	428940	330645	0	0	 99 
#105618	427755	330645	0	0	 84 
#105663	426470	330645	0	0	 76 ***
#105617	427895	330645	0	0	 76 
#105618	427454	330645	0	0	 76 
#104478	432206	330645	0	0	 72 
#105594	429996	330645	0	0	 65 
#104408	433424	330645	0	0	 48 
#105570	430930	330645	0	0	 28 
#104454	432914	330645	0	0	 23 
#105566	431540	330645	0	0	 13 

104264	425280	331743	983	41756	 99 
104379	426265	331743	966	40557	 96 
105410	418652	331743	975	41402	 96 
105454	422282	331743	34	1052	 96 
105452	423159	331743	947	40881	 91 
105461	424969	331743	33	1037	 91 
105386	425136	331743	973	41079	 90 
105464	425219	331743	28	938	 89 
105460	420829	331743	37	1356	 88 
105405	423317	331743	971	41110	 84 
105446	418806	331743	973	41539	 82 
105411	421262	331743	974	40929	 82 
105404	421245	331743	982	41785	 82 
105466	419606	331743	32	915	 82 
105429	417796	331743	979	41640	 81 
105394	424976	331743	972	41310	 81 
105409	424534	331743	554	23718	 79 
104364	428191	331743	972	41297	 75 
105428	422148	331743	951	40719	 75 
105459	426613	331743	31	995	 75 
104361	427571	331743	976	41378	 71 
105385	423643	331743	979	41477	 67 
104630	426399	331743	954	40348	 64 
105464	422041	331743	34	1281	 63 
103596	429507	331743	977	41410	 60 
105463	423465	331743	33	1037	 60 
105432	422618	331743	948	40776	 56 
105444	424084	331743	946	40701	 54 
105390	421592	331743	976	40903	 53 
105418	422174	331743	972	41190	 53 
105425	421199	331743	973	41283	 42 
104904	424096	331743	977	41557	 40 
104367	425123	331743	978	41463	 40 
105441	420809	331743	973	41334	 38 
105390	424347	331743	974	41318	 38 
105404	425652	331743	970	40591	 37 
105399	424187	331743	974	40949	 36 
104682	425788	331743	962	40801	 35 
105403	421835	331743	975	41606	 34 
105404	423500	331743	972	41496	 32 
105413	422661	331743	969	41283	 24 
105466	421121	331743	33	1037	 24 
105428	423044	331743	950	40883	 20 
105466	423096	331743	18	500	 18 ***
104358	426482	331743	978	41455	 17 
104365	427656	331743	975	41346	 16 
105456	421879	331743	950	40734	 16 
105465	422703	331743	33	1037	 15 
105426	424245	331743	552	22874	 12 
104856	424442	331743	978	40963	 9 
105413	424384	331743	952	41113	 8 
105459	425176	331743	32	980	 8 
104337	428299	331743	981	41450	 3 
105464	422213	331743	34	1067	 3 

105290	420234	330379	536	22759	 100 
105307	413508	330379	969	40832	 92 
105342	415786	330379	34	1676	 91 
105348	414054	330379	36	1337	 85 
105275	418696	330379	948	39902	 81 
105340	418748	330379	23	842	 77 
105299	414661	330379	966	40551	 65 
105269	419699	330379	962	40545	 61 
105346	416579	330379	28	844	 60 
105304	417761	330379	950	40118	 57 
105302	420042	330379	944	40254	 55 
105328	414559	330379	966	40856	 53 
105283	415902	330379	953	39855	 50 
105346	416431	330379	33	1155	 50 
104223	421171	330379	964	40637	 42 
104130	425031	330379	965	40532	 39 
105352	413363	330379	972	40792	 34 
105356	414016	330379	34	1307	 33 
104264	416552	330379	969	40762	 31 
105342	418124	330379	24	1127	 31 
104265	419537	330379	966	40823	 29 
104544	418460	330379	964	40601	 25 
105347	414151	330379	36	1364	 12 
105274	417042	330379	963	40441	 8 
105347	415470	330379	35	1097	 7 
105321	416537	330379	949	39933	 6 
105282	415183	330379	971	40827	 6 
105350	415604	330379	31	796	 6 
105346	416564	330379	13	476	 5 ***
104137	423606	330379	970	41091	 4 
104562	419969	330379	962	40874	 3 
105335	416483	330379	33	1144	 2 
105347	416206	330379	24	716	 0 

103965	413090	322844	957	39910	 99 
105038	406973	322844	933	39771	 98 
103874	410986	322844	967	40356	 97 
105077	410793	322844	21	610	 96 
105020	413111	322844	940	39838	 89 
103944	410641	322844	962	39916	 88 
103937	411512	322844	961	40193	 86 
105016	408990	322844	958	39924	 86 
105077	405852	322844	12	549	 81 ***
105067	408437	322844	27	786	 80 
104992	410463	322844	961	40438	 79 
105051	410564	322844	540	23289	 76 
105036	410281	322844	954	40187	 73 
104994	409431	322844	963	40712	 71 
105070	409358	322844	26	813	 70 
105024	408379	322844	956	40448	 69 
104993	410806	322844	947	40014	 68 
105015	410609	322844	954	40188	 62 
105023	412254	322844	944	39543	 56 
104002	410348	322844	967	40884	 49 
105027	410835	322844	552	23259	 47 
104989	411047	322844	960	40427	 45 
104996	409074	322844	965	40627	 45 
105019	408893	322844	960	40323	 44 
105066	409114	322844	31	800	 44 
105014	408278	322844	963	40144	 42 
105052	406438	322844	966	40712	 41 
104998	409588	322844	957	39868	 41 
105104	405351	322844	962	40346	 39 
104990	414056	322844	951	40415	 37 
104235	410372	322844	966	40464	 33 
104012	412146	322844	958	40416	 31 
105017	407449	322844	964	40811	 31 
104256	409638	322844	963	40762	 25 
105067	410095	322844	27	957	 25 
105070	413102	322844	25	686	 23 
104270	411059	322844	960	40408	 22 
105058	407597	322844	33	1089	 21 
103829	412384	322844	963	39819	 19 
105067	409084	322844	32	1136	 16 
105049	410752	322844	548	22893	 15 
105034	408559	322844	955	39917	 10 
105102	405790	322844	963	40461	 8 
105071	407743	322844	27	998	 6 
103910	413719	322844	958	40485	 4 
105060	409625	322844	32	1129	 4 

104056	400395	321079	950	39400	 100 
104837	402262	321079	549	22608	 99 
103802	401596	321079	957	39826	 97 
104901	397400	321079	924	39111	 95 
104889	402079	321079	40	1227	 93 
104889	402179	321079	38	1097	 92 
103721	404974	321079	941	39105	 89 
104904	397111	321079	955	39499	 86 
104851	400590	321079	930	39205	 82 
104833	399202	321079	947	38269	 75 
104857	400591	321079	541	22237	 74 
104893	402029	321079	36	983	 73 
104824	400292	321079	956	39696	 66 
103719	401773	321079	960	40046	 66 
104852	406388	321079	541	22131	 59 
103824	403691	321079	949	39616	 58 
103657	405355	321079	955	39798	 58 
104897	403999	321079	21	472	 55 ***
104829	401892	321079	949	39369	 54 
104889	396870	321079	956	39600	 54 
104829	399209	321079	954	39711	 52 
104815	402565	321079	949	39277	 49 
103733	402509	321079	956	39615	 49 
104876	398222	321079	950	39450	 43 
104836	401538	321079	928	39089	 43 
104874	400088	321079	928	39243	 42 
104899	403037	321079	33	977	 42 
104829	400074	321079	957	39782	 41 
103791	404862	321079	954	39553	 41 
104860	397419	321079	951	39506	 36 
104893	399981	321079	42	1501	 36 
103805	402208	321079	952	39408	 34 
104880	398736	321079	947	39356	 30 
104887	401346	321079	41	1379	 24 
104880	400509	321079	42	1178	 23 
103812	401191	321079	959	39860	 22 
104902	397222	321079	955	39643	 21 
104859	397321	321079	957	39804	 19 
104042	402659	321079	549	22632	 18 
104838	398523	321079	951	39612	 12 
104895	398385	321079	39	1105	 12 
103726	403146	321079	955	39644	 8 
104890	404287	321079	37	1157	 8 
104870	396894	321079	956	39861	 7 
104830	398098	321079	952	39561	 6 
103705	404992	321079	953	39869	 4 

104768	394776	321290	945	39339	 98 
103773	403403	321290	947	39061	 97 
103774	399144	321290	948	39554	 94 
104751	399320	321290	935	38879	 93 
104778	395105	321290	941	39167	 93 
104786	392621	321290	952	39716	 93 
104821	393172	321290	38	1010	 88 
104829	394318	321290	31	821	 87 
103964	399792	321290	945	39532	 86 
104824	394784	321290	25	651	 84 
104769	394718	321290	945	39013	 83 
104761	395231	321290	548	24394	 80 
103648	400156	321290	952	39354	 79 
104812	393333	321290	37	1098	 76 
103743	396066	321290	952	39672	 70 
103714	396942	321290	950	39526	 69 
104781	393016	321290	944	39074	 68 
103992	398261	321290	943	39173	 64 
103991	397855	321290	945	39743	 64 
104825	396060	321290	24	966	 60 ***
104786	392486	321290	946	39713	 58 
103604	401438	321290	950	39350	 55 
104774	393207	321290	951	39561	 55 
104871	392082	321290	943	39436	 52 
104819	396844	321290	33	945	 48 
104738	395661	321290	944	39562	 47 
104844	391982	321290	944	39440	 47 
104790	390581	321290	949	39603	 47 
104795	393053	321290	937	39066	 42 
104817	395031	321290	36	998	 40 
104187	394454	321290	947	39625	 36 
104760	393993	321290	948	39197	 36 
104755	395490	321290	937	38931	 35 
104772	393705	321290	944	39757	 33 
103638	398319	321290	953	39765	 31 
104787	394159	321290	937	39007	 28 
104829	392420	321290	939	39167	 26 
104797	392449	321290	943	39572	 21 
104824	394015	321290	34	1038	 21 
104744	392609	321290	954	39788	 19 
104766	393923	321290	946	39376	 19 
104733	397862	321290	939	38984	 11 
104810	391781	321290	945	39604	 7 
104818	393552	321290	36	965	 7 
104748	395550	321290	946	39255	 6 
104780	394631	321290	934	39129	 6 
104788	395697	321290	522	21351	 3 

104521	387436	318893	934	39195	 100 
104566	390206	318893	15	302	 99 
104562	388405	318893	35	954	 97 
104515	385888	318893	945	39326	 94 
104557	384943	318893	945	39353	 94 
104563	387457	318893	916	38265	 94 
104557	389618	318893	32	894	 90 
104503	393702	318893	936	38522	 89 
104536	387279	318893	942	39321	 89 
104552	390493	318893	37	1114	 87 
104498	389380	318893	941	38699	 83 
104521	392278	318893	541	22054	 78 
104518	388155	318893	928	38918	 77 
104570	389902	318893	12	208	 77 ***
104503	392222	318893	932	38461	 73 
103373	395356	318893	948	39335	 72 
103381	391966	318893	943	39155	 71 
104508	388670	318893	942	39186	 69 
104509	387850	318893	940	38882	 64 
104506	389086	318893	943	38978	 64 
104546	390547	318893	559	22983	 57 
104541	386882	318893	943	39297	 56 
104556	390602	318893	30	919	 53 
104564	387548	318893	35	957	 52 
104561	394822	318893	29	641	 51 
104550	386192	318893	940	39059	 50 
104532	391808	318893	553	23110	 49 
104537	392944	318893	530	21767	 48 
103740	393616	318893	939	39160	 47 
104551	385304	318893	943	39348	 44 
104504	391729	318893	936	38878	 44 
103391	389975	318893	944	38765	 41 
103493	389449	318893	941	39088	 40 
104552	388898	318893	38	982	 39 
104550	387497	318893	547	21823	 36 
104568	389318	318893	31	897	 35 
103558	389184	318893	949	39524	 34 
104565	389406	318893	32	901	 34 
104542	386399	318893	944	39304	 31 
104481	390703	318893	937	38345	 28 
104535	386802	318893	944	39074	 27 
104495	388614	318893	944	39080	 26 
103393	396982	318893	938	39057	 24 
104537	387170	318893	942	38567	 22 
104576	385618	318893	941	39098	 22 
104562	392742	318893	22	493	 20 
104512	388365	318893	560	21772	 15 
104494	394542	318893	932	38929	 9 
104566	387525	318893	34	1028	 8 

103807	383758	320601	948	39263	 91 
104607	384890	320601	922	38199	 91 
104601	382821	320601	939	38383	 89 
104627	386666	320601	35	891	 87 
104607	381171	320601	942	38688	 85 
104628	384306	320601	34	953	 80 
104626	381125	320601	947	39090	 79 
104593	383481	320601	939	38573	 77 
104588	382578	320601	950	39247	 75 
103404	388131	320601	940	38823	 68 
104597	388022	320601	920	37901	 66 
104620	386537	320601	37	1106	 66 
104638	385604	320601	15	236	 65 
103540	385965	320601	944	39102	 64 
104627	385135	320601	16	279	 64 
104580	383024	320601	942	38885	 63 
104638	380535	320601	946	39039	 62 
104630	383838	320601	34	960	 61 
104596	381700	320601	940	38877	 59 
103554	385278	320601	943	39174	 47 
103474	386579	320601	945	38930	 46 
104572	384315	320601	923	38267	 45 
104591	382013	320601	951	39299	 38 
104636	384906	320601	30	1044	 36 
104023	384587	320601	947	38883	 35 
104626	385879	320601	38	996	 34 
104628	385631	320601	13	230	 32 ***
104582	385289	320601	921	38362	 29 
104619	382876	320601	926	38850	 28 
104607	389268	320601	520	21749	 27 
103420	386495	320601	946	39148	 26 
104622	387113	320601	34	953	 24 
104584	383779	320601	938	38639	 21 
104581	382654	320601	944	38724	 19 
103589	385089	320601	951	39288	 15 
104551	382864	320601	944	38758	 14 
104607	389129	320601	533	22600	 5 
104596	381371	320601	948	39247	 3 
104631	382884	320601	33	1041	 3 
103804	385541	320601	922	38152	 1 

104810	387924	325011	942	38814	 99 
103652	393457	325011	942	38535	 99 
104890	384146	325011	938	38738	 97 
104829	388024	325011	936	38352	 96 
103711	390805	325011	940	38887	 95 
104851	385303	325011	936	38679	 95 
104882	386387	325011	12	430	 95 ***
104829	389878	325011	933	38806	 94 
104902	382732	325011	941	38345	 93 
104879	384970	325011	41	1536	 93 
104913	382391	325011	942	39178	 92 
104881	386807	325011	36	1107	 89 
104879	387392	325011	37	1213	 87 
104855	383197	325011	942	38770	 86 
104841	387467	325011	938	38406	 86 
104892	382456	325011	945	38895	 84 
104836	386105	325011	942	38621	 83 
103827	384710	325011	946	39077	 82 
104861	387379	325011	921	38420	 82 
104831	385342	325011	944	38684	 81 
104879	388123	325011	33	1016	 81 
104893	384473	325011	34	1052	 80 
104817	387255	325011	945	38645	 79 
104824	386325	325011	944	38847	 77 
104835	387839	325011	939	38701	 76 
104877	389826	325011	28	888	 74 
104864	384835	325011	938	38846	 67 
104844	387888	325011	925	38414	 67 
104822	387718	325011	943	38665	 66 
104090	389660	325011	942	38875	 66 
103832	391493	325011	937	38364	 63 
104839	385688	325011	943	38679	 63 
104858	387983	325011	924	38401	 62 
104867	387301	325011	925	38234	 61 
104886	385229	325011	38	1318	 59 
104848	385100	325011	939	38403	 58 
104837	383477	325011	948	39063	 57 
104840	387832	325011	931	38504	 54 
104821	388499	325011	935	38557	 54 
104877	385029	325011	49	1618	 52 
104849	383456	325011	940	38590	 51 
104820	386660	325011	945	38958	 47 
104260	388536	325011	940	38883	 46 
104827	387929	325011	938	38973	 45 
104896	384413	325011	33	1273	 43 
103735	390346	325011	942	38907	 41 
104834	384679	325011	948	39009	 41 
104876	386666	325011	44	1265	 40 
103619	387397	325011	948	38945	 39 
104886	384361	325011	39	1024	 37 
103825	387823	325011	943	38896	 35 
104841	389092	325011	930	38109	 35 
103774	388618	325011	945	38669	 33 
104851	387369	325011	938	39031	 32 
104845	383811	325011	941	38979	 26 
104877	385046	325011	41	1411	 26 
104825	386675	325011	941	39019	 25 
104889	382638	325011	943	38851	 23 
104904	382176	325011	949	39006	 23 
104837	387135	325011	940	38681	 22 
104288	388398	325011	939	38271	 21 
104889	384897	325011	34	1213	 18 
104850	382431	325011	950	39172	 17 
104844	383640	325011	947	39012	 15 
104852	387362	325011	928	38629	 13 
104884	385434	325011	32	1029	 9 
104871	386193	325011	920	38020	 8 
104885	383810	325011	939	38621	 7 
104900	382854	325011	914	38308	 5 
104852	389878	325011	537	22630	 5 
104861	382207	325011	947	38513	 4 
104825	389995	325011	555	23018	 3 
104891	385286	325011	33	938	 1 

104819	374355	322693	944	38014	 100 
104863	376796	322693	920	38194	 93 
104821	380418	322693	39	1274	 93 
104760	381244	322693	933	38646	 92 
104805	375408	322693	946	39137	 92 
104821	382106	322693	37	988	 91 
104788	376199	322693	946	38613	 83 
104774	383495	322693	929	38352	 82 
104787	377193	322693	943	38803	 78 
104782	377200	322693	943	38750	 77 
104815	375325	322693	946	38853	 76 
104838	377078	322693	44	1496	 75 
104806	375596	322693	941	38826	 74 
104794	379767	322693	933	37819	 72 
104796	376497	322693	942	38999	 71 
104793	377446	322693	939	38503	 68 
104827	377805	322693	37	1038	 63 
104834	377598	322693	39	1296	 56 
104818	382396	322693	34	1068	 55 
104823	378990	322693	45	1734	 54 
103686	377240	322693	946	39220	 53 
104838	381227	322693	32	477	 50 ***
104826	379001	322693	35	1511	 48 
104789	380723	322693	550	21771	 47 
104855	375274	322693	941	39052	 40 
104873	374978	322693	943	38656	 40 
104793	377045	322693	945	38965	 37 
104768	377336	322693	944	38656	 36 
104825	377264	322693	43	1161	 32 
104832	377524	322693	41	1408	 26 
104822	376834	322693	56	1630	 22 
104794	379969	322693	925	38110	 21 
104822	377267	322693	48	1507	 17 
104824	378693	322693	36	1139	 16 
104785	377932	322693	940	38574	 15 
103630	377971	322693	935	38559	 14 
104750	377185	322693	950	39157	 14 
104798	378754	322693	922	38329	 13 
104827	376390	322693	927	38802	 12 
104799	378534	322693	923	37885	 12 
104853	375931	322693	926	38555	 11 
104835	380546	322693	34	1229	 10 
104804	377617	322693	931	38610	 8 
104774	381862	322693	932	38853	 3 

104754	376908	324193	953	39846	 99 
104793	373021	324193	951	39715	 97 
103744	377664	324193	951	39570	 95 
104765	375549	324193	954	39428	 95 
104837	373123	324193	943	39435	 86 
104904	372554	324193	942	39164	 85 
104805	374065	324193	40	1382	 84 
103618	381533	324193	949	39389	 83 
103750	377213	324193	951	39310	 83 
104816	374093	324193	30	892	 83 
104809	372016	324193	947	39638	 82 
104796	371167	324193	955	39800	 79 
104787	373090	324193	957	39590	 77 
104811	374954	324193	26	955	 74 
104791	377412	324193	534	22195	 72 
104761	377639	324193	947	39619	 70 
104825	373538	324193	940	38908	 69 
104794	378187	324193	39	1749	 68 
104802	376943	324193	33	902	 65 
104751	376374	324193	954	39266	 63 
104794	372911	324193	953	39582	 63 
104170	378602	324193	544	23245	 59 
104755	376733	324193	951	39720	 57 
104808	373535	324193	944	39355	 57 
103743	382172	324193	943	39529	 57 
104754	376662	324193	953	39810	 55 
104745	377646	324193	950	39269	 49 
103759	378360	324193	944	39077	 48 
103702	377682	324193	951	39207	 48 
104817	373406	324193	943	39162	 45 
104806	373517	324193	950	39742	 38 
103672	380032	324193	946	39669	 38 
104804	374791	324193	541	22716	 38 
104761	376499	324193	953	39425	 37 
104808	376177	324193	38	1495	 37 
104824	377025	324193	12	398	 33 ***
104816	370912	324193	951	39398	 31 
103722	379808	324193	948	39342	 30 
103748	377679	324193	948	39423	 29 
104762	377887	324193	946	38928	 28 
103664	377984	324193	954	39583	 28 
104844	373100	324193	941	39568	 26 
104764	376870	324193	950	39271	 25 
104808	374858	324193	31	928	 25 
104765	375318	324193	940	38751	 22 
104782	374903	324193	946	39459	 21 
104800	377980	324193	31	956	 19 
104784	373977	324193	944	39180	 18 
104791	376196	324193	533	22387	 15 
104769	375941	324193	539	22445	 12 
104822	374030	324193	34	984	 10 
104770	373812	324193	947	39674	 7 
104813	374093	324193	39	1444	 7 
104845	371768	324193	950	39701	 4 
104765	376424	324193	948	39327	 3 
104785	380502	324193	530	21969	 2 
104808	377865	324193	26	863	 0 

104842	378333	324690	27	819	 92 
104827	368776	324690	948	39471	 87 
104821	373778	324690	29	541	 87 
104808	368981	324690	949	39622	 86 
104886	369608	324690	941	39176	 85 
104796	371318	324690	943	39620	 84 
104778	370743	324690	944	39367	 82 
104858	368573	324690	948	39742	 78 
104799	370180	324690	944	39470	 76 
104815	368955	324690	943	39414	 75 
104815	370200	324690	33	955	 75 
104799	369333	324690	947	39459	 74 
104787	369135	324690	950	39536	 74 
104809	377418	324690	926	39208	 71 
104824	372675	324690	30	663	 71 
103611	377221	324690	944	39419	 67 
104800	379342	324690	934	38702	 60 
104840	372242	324690	31	907	 57 
104810	376061	324690	929	39595	 53 
104821	372754	324690	30	892	 51 
104812	373422	324690	30	903	 50 
104809	369263	324690	945	39575	 48 
103754	371887	324690	945	39255	 46 
104788	369335	324690	946	39779	 45 
104799	377658	324690	935	39271	 43 
104811	371173	324690	939	39356	 39 
104804	375184	324690	935	39059	 38 
104810	369455	324690	942	39492	 37 
104809	370369	324690	941	39120	 35 
104823	369725	324690	941	39016	 34 
104805	373161	324690	937	39617	 30 
104783	371685	324690	942	38790	 29 
104769	371853	324690	943	39517	 28 
104820	377258	324690	29	916	 27 
104232	372624	324690	944	39610	 25 
103634	376166	324690	948	39613	 25 
104762	372688	324690	942	39516	 24 
104797	371541	324690	939	39684	 21 
104858	368488	324690	948	39506	 20 
104824	377274	324690	28	880	 19 
103673	373184	324690	937	38796	 14 
104774	369936	324690	945	39611	 14 
104769	371055	324690	947	39777	 13 
104836	368916	324690	943	39562	 12 
104794	375581	324690	936	39660	 11 
104844	374433	324690	20	757	 11 
104803	371046	324690	942	39635	 10 
104849	373967	324690	10	894	 10 ***
104812	371553	324690	532	22968	 2 

104918	373391	325842	948	39397	 100 
104942	375786	325842	36	1286	 98 
104895	374903	325842	953	39694	 95 
104917	379821	325842	941	39301	 93 
104955	376107	325842	27	764	 90 
104906	376614	325842	949	39760	 89 
103847	375773	325842	952	39422	 87 
104932	371887	325842	952	39820	 86 
104948	374445	325842	32	947	 86 
104945	375060	325842	29	894	 84 
104955	373631	325842	30	1167	 82 
104327	376723	325842	946	39241	 80 
104923	376402	325842	550	22977	 80 
104924	373817	325842	939	39680	 76 
104905	373892	325842	952	39323	 75 
104940	376119	325842	33	1187	 74 
104945	372713	325842	946	39900	 72 
103849	375562	325842	950	39263	 72 
104957	378568	325842	25	1168	 71 
104926	373153	325842	952	39400	 69 
104945	375188	325842	33	992	 69 
104908	374426	325842	947	39383	 68 
104897	372872	325842	955	40112	 68 
104952	377122	325842	26	409	 67 
103813	376874	325842	949	39312	 66 
104904	374848	325842	953	39889	 59 
104963	376424	325842	12	582	 59 ***
104888	375058	325842	955	39863	 55 
104951	374558	325842	30	909	 47 
104891	374689	325842	956	39709	 45 
104888	380718	325842	945	39506	 44 
104944	377002	325842	30	909	 38 
104907	370439	325842	953	39603	 35 
103762	380634	325842	952	39725	 35 
104954	375833	325842	28	928	 35 
104890	375493	325842	951	39628	 31 
104930	373038	325842	952	39229	 31 
104942	374700	325842	35	1236	 28 
104903	375305	325842	950	39701	 26 
104945	372781	325842	35	1311	 21 
104934	372556	325842	947	39310	 18 
104952	374164	325842	32	926	 17 
104940	374870	325842	37	1088	 14 
103767	379152	325842	958	39756	 13 
104932	375132	325842	558	23039	 13 
104929	378276	325842	540	23122	 12 
104893	373057	325842	961	40091	 11 
104890	378123	325842	943	39169	 9 
103767	377362	325842	951	39702	 8 

103890	372607	326132	948	39490	 97 
103762	372900	326132	952	39864	 97 
103903	370720	326132	950	39953	 95 
104933	372734	326132	475	19948	 95 
104956	368058	326132	947	39729	 90 
103869	374343	326132	948	39736	 90 
104941	374146	326132	31	950	 90 
104937	369386	326132	32	965	 89 
104950	367281	326132	954	39998	 88 
104872	370584	326132	944	39598	 88 
104143	369941	326132	958	40318	 85 
104948	371515	326132	24	391	 85 ***
103799	375250	326132	947	39275	 80 
104935	371562	326132	37	1272	 80 
104924	368228	326132	947	39670	 78 
104875	370202	326132	950	39420	 75 
104985	368229	326132	946	39740	 74 
104341	371885	326132	949	39514	 72 
104946	369384	326132	26	428	 72 
104974	367352	326132	953	39817	 69 
104877	370073	326132	951	40097	 69 
104935	371770	326132	36	1251	 69 
104887	368549	326132	949	39857	 68 
104952	368844	326132	24	505	 60 
103745	373820	326132	953	40163	 57 
104878	370526	326132	947	39995	 53 
103876	370133	326132	954	40139	 46 
103766	374097	326132	950	39760	 45 
104909	368317	326132	945	39451	 45 
103874	374211	326132	945	39601	 43 
104931	367437	326132	950	40069	 43 
104903	372780	326132	935	39584	 40 
104875	375803	326132	940	39218	 39 
104876	370581	326132	937	39144	 38 
104982	367296	326132	951	39503	 37 
104918	368044	326132	948	39566	 37 
104902	368503	326132	940	39366	 34 
104917	367877	326132	950	40062	 30 
104915	373852	326132	524	21941	 25 
103763	373289	326132	951	39854	 24 
103874	374922	326132	946	39869	 18 
104937	372081	326132	35	1206	 16 
104924	371011	326132	552	22999	 14 
104897	368323	326132	951	39856	 13 
103784	373285	326132	950	39645	 10 
104349	370464	326132	952	39751	 8 
104890	369684	326132	946	39622	 6 

104747	369731	324971	932	39208	 99 
103620	365794	324971	944	39232	 96 
104761	366570	324971	943	39242	 90 
104794	364716	324971	929	39108	 86 
103766	367094	324971	942	39773	 75 
104771	364963	324971	945	39222	 75 
104803	364223	324971	945	39468	 72 
104810	365600	324971	46	1694	 70 
104823	364379	324971	43	1208	 69 
104824	365662	324971	29	742	 68 ***
104782	364444	324971	944	39455	 67 
104781	366097	324971	934	39136	 67 
104813	363841	324971	946	39577	 58 
104810	366611	324971	39	938	 51 
104815	366106	324971	44	1150	 49 
102678	367832	324971	948	39875	 48 
104793	365827	324971	939	39195	 47 
104815	364087	324971	940	39154	 47 
104813	367605	324971	38	1185	 46 
104823	365603	324971	42	983	 41 
104237	368436	324971	940	39420	 40 
104751	366755	324971	540	22701	 39 
104826	363055	324971	942	38884	 33 
103712	367451	324971	942	39423	 30 
104814	369273	324971	33	1158	 24 
104816	363865	324971	926	39222	 22 
104772	364004	324971	946	39411	 22 
104818	363649	324971	942	39116	 20 
104799	364416	324971	943	39285	 20 
104821	363852	324971	47	1443	 17 
104775	364625	324971	941	39241	 10 
103576	370949	324971	946	39682	 10 
104784	366647	324971	541	23459	 5 
104762	365024	324971	944	39015	 4 
104807	365985	324971	928	38789	 3 
104820	365744	324971	42	1043	 2 
103729	363742	324971	947	39527	 0 

104753	363889	324325	41	1008	 100 
104723	367940	324325	941	38973	 98 
104754	364500	324325	38	918	 97 
104728	365042	324325	944	39410	 96 
103668	368423	324325	958	39682	 96 
104754	364567	324325	30	898	 94 
104757	363444	324325	25	227	 93 
103723	365006	324325	957	39829	 91 
104758	364879	324325	24	737	 91 
104703	365007	324325	955	39585	 89 
104744	365464	324325	480	20121	 88 
104751	362591	324325	955	39818	 87 
104709	364897	324325	956	39954	 86 
103711	366209	324325	960	39742	 85 
104753	365933	324325	25	627	 85 
104699	367443	324325	948	39593	 82 
103990	366097	324325	955	39432	 82 
104714	363351	324325	957	39755	 80 
104728	364796	324325	953	39508	 76 
104720	363306	324325	956	39470	 76 
104759	365689	324325	18	924	 75 ***
103669	366656	324325	962	39751	 73 
104759	364049	324325	21	367	 72 
104733	364053	324325	537	23223	 68 
104779	362549	324325	957	39937	 67 
104716	369061	324325	942	39797	 66 
104755	363139	324325	39	1032	 66 
104721	365114	324325	953	39635	 65 
104726	364905	324325	952	39230	 64 
104722	362937	324325	954	39656	 62 
103706	370081	324325	954	39421	 60 
103717	366644	324325	958	39704	 59 
104787	361407	324325	964	39952	 59 
104727	362486	324325	962	39660	 55 
104704	365359	324325	954	39624	 55 
104780	362386	324325	954	39848	 54 
104737	363209	324325	950	39061	 54 
104692	365133	324325	956	39758	 54 
103661	367852	324325	960	39970	 54 
103942	367630	324325	953	39146	 54 
104778	362487	324325	960	39594	 54 
104712	364131	324325	954	39506	 52 
104780	362318	324325	957	39915	 51 
104715	365522	324325	951	39910	 51 
104746	365080	324325	42	936	 50 
104751	363999	324325	42	1013	 49 
104725	366510	324325	941	39080	 48 
104755	364000	324325	38	917	 45 
104726	365195	324325	937	38752	 43 
104753	363941	324325	933	38875	 42 
104761	363173	324325	36	1148	 41 
104748	365604	324325	35	938	 39 
103947	364057	324325	957	39369	 38 
104140	368193	324325	951	39635	 32 
104767	362919	324325	937	38580	 32 
104771	362528	324325	958	39686	 30 
104725	364976	324325	951	39488	 30 
103689	364134	324325	961	39979	 27 
104710	363626	324325	957	39616	 26 
104679	363258	324325	961	39523	 25 
104729	362907	324325	960	39477	 24 
104744	362647	324325	956	39488	 24 
104749	365593	324325	31	821	 17 
104750	364730	324325	47	1108	 15 
103582	371857	324325	957	39821	 13 
104711	366870	324325	949	39288	 8 
104750	365402	324325	32	841	 8 
104703	365799	324325	951	39734	 3 
104693	363167	324325	958	39672	 2 
104713	366186	324325	948	39508	 0 

103552	363963	325358	960	39151	 100 
103493	359921	325358	961	39617	 100 
104631	363724	325358	951	39176	 98 
103803	361511	325358	954	39066	 98 
104683	361587	325358	29	777	 98 
103533	364898	325358	960	39676	 96 
104675	361256	325358	48	1375	 95 
104653	362687	325358	947	38718	 93 
104658	361015	325358	948	38805	 93 
104652	363177	325358	949	39258	 89 
104680	359810	325358	38	945	 86 
104631	358169	325358	963	39444	 81 
104678	361095	325358	35	871	 81 
104679	361277	325358	34	846	 77 
104684	358494	325358	37	959	 75 
104697	363472	325358	22	974	 74 ***
104689	361753	325358	28	791	 72 
104641	359068	325358	952	39327	 65 
104683	360453	325358	31	872	 65 
104654	362644	325358	950	39427	 62 
104683	362050	325358	28	791	 60 
104086	358642	325358	960	39190	 58 
104682	360826	325358	33	900	 58 
104684	358492	325358	31	844	 57 
104666	364168	325358	944	38745	 56 
104662	358902	325358	955	38835	 55 
104669	362186	325358	35	936	 54 
103608	361561	325358	959	39227	 53 
103686	364722	325358	954	39037	 51 
104669	365047	325358	552	22200	 51 
104663	358466	325358	959	39428	 50 
104685	362030	325358	26	750	 50 
104643	364166	325358	949	38818	 49 
104660	359736	325358	946	38898	 48 
104682	361674	325358	31	818	 48 
104628	359230	325358	955	39198	 43 
104689	358305	325358	40	1040	 43 
104661	360023	325358	945	39124	 41 
104685	361936	325358	28	827	 41 
104643	361513	325358	951	38587	 39 
104690	364585	325358	24	609	 39 
104684	358407	325358	32	859	 36 
104678	359037	325358	576	23298	 34 
104656	358761	325358	959	39216	 30 
104640	364502	325358	948	38909	 30 
104616	362727	325358	953	39216	 27 
104677	361193	325358	38	869	 24 
104724	357767	325358	952	39368	 23 
103529	365033	325358	955	39390	 23 
104679	361389	325358	33	884	 22 
103912	360679	325358	958	39690	 19 
104681	359694	325358	39	906	 19 
104665	359084	325358	949	38827	 17 
104680	358466	325358	958	38676	 14 
103626	363146	325358	956	39336	 12 
104636	361432	325358	954	39014	 11 
103476	364260	325358	961	39502	 11 
104698	361772	325358	26	516	 11 
104680	362725	325358	30	787	 10 
104675	364544	325358	30	814	 6 
104652	364134	325358	950	39557	 1 

104815	360354	329073	961	39779	 97 
104840	363016	329073	951	38920	 96 
104828	364125	329073	952	39657	 95 
104791	360170	329073	965	39834	 91 
104868	360017	329073	41	1186	 88 
104819	360317	329073	958	39440	 87 
104794	361278	329073	959	39392	 86 
104864	363016	329073	34	1152	 86 
104862	365201	329073	27	1120	 85 
104821	361887	329073	957	38894	 84 
104867	358928	329073	961	39634	 84 
104829	359247	329073	959	39580	 83 
104872	362214	329073	29	826	 83 
104860	362442	329073	476	20274	 81 
104857	363086	329073	555	21852	 81 
104876	362077	329073	26	887	 76 
104823	361975	329073	954	39656	 75 
104876	364906	329073	25	758	 74 
104872	358910	329073	954	39325	 68 
104870	363905	329073	29	822	 68 
104846	360432	329073	955	39109	 67 
103707	364535	329073	960	39330	 66 
104865	360455	329073	33	881	 65 
104907	358709	329073	961	39582	 63 
104791	362147	329073	964	39672	 62 
104813	359716	329073	965	39667	 60 
104869	359276	329073	39	1009	 56 
104822	363321	329073	954	39273	 53 
104866	361479	329073	32	904	 53 
103770	363283	329073	962	39277	 51 
104919	357949	329073	961	39361	 51 
104041	364621	329073	556	22227	 51 
104870	359379	329073	35	931	 48 
103717	364147	329073	959	39205	 41 
103642	366989	329073	965	39424	 40 
103668	366527	329073	957	39419	 39 
104875	359182	329073	50	1278	 39 
104831	361384	329073	953	39108	 37 
104862	361085	329073	40	1051	 37 
104810	363323	329073	957	38350	 35 
104847	363705	329073	948	39422	 35 
103785	362762	329073	958	39661	 31 
104860	361757	329073	43	1134	 31 
104847	358367	329073	963	39329	 26 
104858	362159	329073	951	39144	 25 
103781	363148	329073	963	39762	 25 
104885	363847	329073	22	502	 25 ***
104883	365447	329073	23	510	 21 
104813	361219	329073	959	39491	 13 
104867	359185	329073	43	1469	 12 
104857	363045	329073	949	39437	 11 
104851	359561	329073	958	39020	 10 
104860	363280	329073	477	20207	 10 
104854	363401	329073	585	23564	 10 
104855	360689	329073	954	39322	 9 
104871	362693	329073	26	876	 7 
104824	364379	329073	952	39340	 6 
104861	358151	329073	962	39727	 6 
104856	360881	329073	952	39534	 6 
104868	364367	329073	26	762	 2 
104896	358001	329073	962	39626	 1 
104874	361257	329073	32	950	 1 

104701	352960	325573	27	884	 100 
104751	349485	325573	958	38912	 99 
104679	352617	325573	954	38820	 97 
103621	351653	325573	955	38579	 91 
104706	350434	325573	44	1807	 88 
104672	357177	325573	946	38831	 85 
104694	351473	325573	951	38334	 84 
104709	350699	325573	35	878	 84 
104671	353617	325573	951	38278	 73 
104706	350200	325573	960	39187	 72 
104660	354083	325573	951	38818	 71 
104699	353126	325573	24	739	 71 
104688	350623	325573	956	39281	 70 
104682	351562	325573	948	38175	 70 
104695	357502	325573	36	899	 70 
104121	355550	325573	952	39187	 69 
104707	351965	325573	28	807	 61 
104685	352043	325573	942	38967	 56 
104706	352343	325573	37	1073	 56 
104696	350516	325573	47	1612	 48 
104713	350399	325573	33	1479	 47 
104712	350205	325573	39	920	 46 
104695	352359	325573	29	789	 44 
104694	351089	325573	955	38812	 43 
103475	357542	325573	956	38729	 43 
104712	350399	325573	34	942	 42 
103897	355635	325573	948	38481	 40 
104703	352413	325573	27	760	 37 
104676	350952	325573	957	39238	 36 
104747	350178	325573	948	39061	 36 
104674	357309	325573	945	38603	 33 
104709	350434	325573	41	1133	 33 
104676	353308	325573	947	38863	 30 
104657	354252	325573	947	38509	 29 
104679	350518	325573	959	38957	 27 
104692	352038	325573	947	38833	 23 
104680	351465	325573	955	39123	 17 
104715	350349	325573	34	1204	 16 
104739	350045	325573	954	38673	 13 
104698	350365	325573	958	39145	 13 
104666	351438	325573	957	38824	 7 
104710	351883	325573	30	589	 7 
104712	350112	325573	964	39336	 6 
104663	351287	325573	963	39364	 5 
104672	353516	325573	953	38396	 4 
104678	353145	325573	952	38913	 2 
104720	354110	325573	23	739	 0 ***

104716	344300	324511	39	1604	 100 
104673	343618	324511	948	38982	 99 
104715	346700	324511	28	918	 99 
104688	342371	324511	953	39216	 98 
104675	348031	324511	943	38737	 98 
104719	346313	324511	28	853	 95 
104704	343723	324511	942	38867	 94 
104696	345875	324511	936	38897	 91 
104724	342972	324511	36	1032	 90 
104738	345296	324511	25	758	 88 
104702	344613	324511	944	38817	 86 
104673	342734	324511	945	38761	 84 
104685	348302	324511	929	38360	 82 
103646	343839	324511	947	38587	 81 
104730	344915	324511	26	1000	 79 
104670	345611	324511	946	39089	 73 
104681	346171	324511	941	38916	 71 
104679	348864	324511	939	38638	 70 
104707	344930	324511	938	38345	 70 
104692	344731	324511	943	39167	 69 
104722	343633	324511	35	855	 65 
104707	345784	324511	42	1740	 64 
103666	348532	324511	946	38251	 58 
104787	342081	324511	945	38699	 56 
104712	342516	324511	45	1366	 56 
103673	347008	324511	946	38158	 55 
104715	347445	324511	24	514	 55 
104717	342114	324511	938	39041	 54 
104699	346639	324511	934	38434	 52 
104700	346547	324511	463	19793	 52 
104710	343227	324511	49	1095	 51 
103541	348277	324511	951	38878	 46 
104716	346949	324511	26	788	 46 
104687	347675	324511	940	38766	 45 
104721	342364	324511	40	1037	 44 
104675	349483	324511	943	38613	 43 
104710	344463	324511	30	1170	 43 
103642	345642	324511	949	39157	 37 
103548	350456	324511	949	39001	 33 
104724	342939	324511	37	908	 31 
104678	347059	324511	943	38846	 30 
104703	344294	324511	941	38794	 30 
104727	346396	324511	12	605	 29 ***
104652	343643	324511	947	38932	 26 
103631	345730	324511	955	39087	 25 
103641	347284	324511	947	38990	 24 
104698	342665	324511	948	39172	 20 
103533	350520	324511	949	38864	 18 
104689	345700	324511	944	38334	 16 
104704	342313	324511	943	38724	 14 
103640	349493	324511	948	38710	 13 
104728	346153	324511	27	1124	 13 
104659	346691	324511	945	38560	 9 
104707	347313	324511	30	861	 4 
104714	347944	324511	26	1002	 2 
104731	346031	324511	25	758	 1 

104784	344098	324533	946	38529	 98 
104811	344113	324533	942	38584	 98 
104323	344783	324533	948	38926	 96 
104832	344008	324533	943	38528	 90 
104781	343076	324533	947	38801	 82 
104844	343355	324533	53	1576	 71 
104802	346544	324533	944	38703	 70 
104230	345835	324533	946	38931	 68 
104854	342762	324533	44	1370	 67 
103796	345496	324533	947	38805	 64 
104803	346102	324533	944	38843	 55 
104822	344209	324533	940	38435	 50 
104821	342994	324533	951	39008	 50 
104839	343975	324533	937	38956	 46 
104905	342726	324533	941	38848	 46 
104837	343951	324533	944	38651	 44 
104802	349030	324533	942	38535	 42 
104841	343855	324533	28	1053	 35 ***
104780	348435	324533	944	38870	 34 
104809	347347	324533	942	39000	 31 
104028	346340	324533	945	38794	 16 
103758	346540	324533	948	38912	 13 
103691	349143	324533	947	38770	 12 
104833	341312	324533	945	38647	 12 
104795	343167	324533	945	38362	 6 
104866	343673	324533	28	1103	 6 
104846	342883	324533	39	1405	 4 
104235	343397	324533	952	39033	 2 
104810	344453	324533	550	22447	 1 

104788	346773	324558	459	19213	 100 
104795	343192	324558	941	39284	 100 
103644	347565	324558	944	38833	 99 
104771	344378	324558	936	38821	 98 
104810	342569	324558	27	828	 98 
104779	341513	324558	944	39092	 97 
104763	344223	324558	945	39418	 97 
104793	343086	324558	943	39126	 91 
104757	343520	324558	946	39248	 89 
103647	344836	324558	947	39314	 87 
104826	342412	324558	24	737	 86 
104221	344548	324558	938	38725	 82 
104008	347651	324558	937	38540	 80 
104760	342337	324558	948	39505	 80 
104812	342492	324558	29	1342	 80 
104243	346144	324558	929	39016	 79 
104785	343146	324558	943	38714	 78 
104802	343603	324558	45	1127	 76 
104789	341199	324558	946	39191	 75 
104782	344317	324558	562	22427	 73 
103712	346905	324558	940	39103	 70 
104764	343359	324558	946	39425	 69 
104810	342962	324558	39	1266	 65 
104806	345721	324558	35	1228	 64 
104797	345115	324558	554	21476	 61 
104807	344811	324558	39	1359	 59 
104801	341399	324558	49	1449	 56 
104793	342700	324558	942	39168	 53 
104775	342666	324558	945	39165	 49 
103781	344239	324558	942	39018	 44 
104814	340346	324558	33	1275	 42 
104768	343507	324558	945	39354	 40 
104811	343145	324558	23	428	 34 
104777	346261	324558	560	22872	 29 
104771	345276	324558	934	39044	 27 
104796	343860	324558	926	38694	 26 
104801	342463	324558	938	39103	 21 
104773	343246	324558	930	39000	 21 
104817	342621	324558	21	558	 16 ***
104808	344900	324558	38	916	 13 
104808	345346	324558	33	1353	 10 
103763	349340	324558	939	38839	 9 
103761	346282	324558	942	39058	 9 
104807	343816	324558	39	1037	 7 
103657	344552	324558	943	39324	 5 
104775	342182	324558	949	39230	 1 

104839	337258	325184	33	1092	 99 
103769	343186	325184	945	39534	 98 
104780	340503	325184	943	38814	 89 
104831	337163	325184	947	39739	 89 
104788	338689	325184	949	39391	 84 
104866	336309	325184	943	39249	 82 
104813	337984	325184	948	38960	 80 
104795	341602	325184	930	38868	 79 
104834	338571	325184	34	1221	 79 
104832	339228	325184	41	1124	 75 
104824	343347	325184	564	23359	 74 
103787	342741	325184	946	39628	 73 
103651	344657	325184	938	39248	 73 
103751	344037	325184	945	39581	 70 
103757	339043	325184	947	39291	 67 
104816	337426	325184	949	39266	 67 
103754	340191	325184	951	39323	 62 
103792	340630	325184	933	39185	 58 
104840	336944	325184	18	434	 52 
104840	336884	325184	954	39519	 51 
104838	338012	325184	40	1204	 48 
104797	338302	325184	955	39986	 44 
104800	339182	325184	931	38607	 43 
104803	338608	325184	946	39494	 43 
104816	338701	325184	938	39172	 41 
104829	340735	325184	38	1189	 41 
104821	337562	325184	581	23743	 37 
104838	337719	325184	33	959	 35 
104841	336825	325184	14	97	 34 
104825	337333	325184	949	39733	 23 
104819	338618	325184	945	39669	 20 
104804	341725	325184	928	38934	 16 
104849	336516	325184	31	1039	 15 
104836	338143	325184	35	926	 14 
104843	338772	325184	13	92	 12 ***
104832	339332	325184	42	1281	 9 
104853	336298	325184	954	39907	 1 

104908	337654	326861	26	845	 100 
104896	333734	326861	950	39795	 98 
104876	333642	326861	953	39469	 92 
104863	335985	326861	948	39615	 89 
104888	333410	326861	956	40032	 86 
104881	339897	326861	553	23160	 85 
104886	333484	326861	951	39640	 84 
104883	333622	326861	955	39703	 73 
104877	338156	326861	579	23831	 71 
104904	333120	326861	954	39850	 69 
104903	334598	326861	33	1012	 68 
104876	334843	326861	931	38669	 67 
103853	336257	326861	945	38918	 65 
104897	333756	326861	49	1382	 65 
104857	334516	326861	949	39934	 59 
104900	332812	326861	957	39839	 58 
104139	336567	326861	932	39069	 50 
104861	334253	326861	955	39686	 47 
104896	334442	326861	934	39499	 45 
103806	334778	326861	954	39528	 45 
103713	337033	326861	951	39707	 45 
104910	336709	326861	28	815	 45 
103727	336051	326861	949	39131	 34 
104908	334984	326861	30	939	 30 
104344	335131	326861	952	40002	 27 
103710	337592	326861	951	39676	 26 
104865	333859	326861	943	39120	 24 
104904	336597	326861	31	916	 24 
104904	333394	326861	950	39318	 18 
104910	332703	326861	16	224	 6 ***
104894	337647	326861	586	23386	 5 

105114	334494	334865	953	40096	 99 
103951	335643	334865	957	40439	 98 
105133	334635	334865	949	40248	 95 
105156	332834	334865	22	546	 92 
105118	336263	334865	946	39806	 85 
104416	337966	334865	950	39997	 84 
105146	337567	334865	465	19718	 83 
105126	339023	334865	557	22730	 83 
105131	333512	334865	954	39791	 80 
105139	332294	334865	957	39868	 79 
104002	337005	334865	953	39994	 78 
105146	334009	334865	949	40308	 77 
105155	335194	334865	27	818	 77 
105142	334543	334865	943	39156	 73 
104572	340249	334865	949	39713	 72 
104344	334564	334865	958	40238	 71 
105164	333179	334865	6	127	 71 ***
105099	336031	334865	950	39936	 69 
105170	332461	334865	953	40396	 65 
105148	334600	334865	37	887	 62 
105151	335546	334865	30	825	 61 
105139	335755	334865	558	23037	 57 
105164	334280	334865	15	399	 50 
105139	333272	334865	951	40154	 42 
105148	333266	334865	954	40035	 39 
105107	335770	334865	950	40306	 34 
105168	332601	334865	953	40125	 33 
105107	334818	334865	956	40419	 29 
105102	335120	334865	956	40169	 27 
105150	333826	334865	950	39504	 26 
105106	333540	334865	957	40310	 23 
105124	334011	334865	955	39840	 22 
104072	336402	334865	951	39861	 18 
105119	335255	334865	952	39825	 17 
104567	340752	334865	949	40198	 16 
105160	334627	334865	8	65	 16 
105122	335426	334865	572	24122	 10 
105100	336797	334865	936	40079	 7 
104356	335693	334865	955	40206	 6 
103962	340430	334865	952	39677	 6 
105152	334369	334865	31	864	 5 
105151	333231	334865	35	903	 3 

