#105574	431860	330645	0	0	 82 
#105601	429690	330645	0	0	 80 
#104613	434107	330645	0	0	 77 
#105615	429611	330645	0	0	 76 
#104567	435614	330645	0	0	 76 
#105584	431776	330645	0	0	 69 
#105594	430320	330645	0	0	 61 
#105617	429500	330645	0	0	 57 
#105622	427125	330645	0	0	 45 ***
#105550	432001	330645	0	0	 37 
#105600	429788	330645	0	0	 34 
#104441	436038	330645	0	0	 28 
#105591	431276	330645	0	0	 18 
#105581	431786	330645	0	0	 18 
#104825	433163	330645	0	0	 12 
#104574	434961	330645	0	0	 6 
#104555	435693	330645	0	0	 4 

105429	425383	331743	16	366	 99 ***
105419	425480	331743	33	1037	 96 
104306	426821	331743	971	40880	 93 
105408	426431	331743	545	22898	 92 
105425	422610	331743	972	40929	 81 
105370	425518	331743	978	41339	 76 
105427	420902	331743	36	1015	 76 
105426	422878	331743	39	1127	 72 
105382	425363	331743	974	41474	 66 
105418	423771	331743	967	41379	 66 
105425	425808	331743	29	889	 65 
105422	424689	331743	33	1037	 61 
105426	421641	331743	34	1159	 59 
105465	419373	331743	977	41513	 56 
105352	426049	331743	969	41014	 55 
105436	419634	331743	975	41616	 49 
105416	424273	331743	949	40581	 44 
105426	422142	331743	40	1259	 42 
105399	423184	331743	970	41304	 38 
105422	419437	331743	981	41741	 30 
104419	426189	331743	975	41135	 30 
105427	423367	331743	25	848	 30 
105372	422662	331743	975	41366	 29 
105391	427314	331743	967	40759	 25 
105425	423520	331743	34	957	 16 
105400	426727	331743	963	40854	 13 
104367	426782	331743	979	41481	 11 
104668	425955	331743	978	41190	 9 
105391	420575	331743	973	41512	 9 
105402	425034	331743	957	41242	 4 
105471	417552	331743	935	40607	 0 
104278	428794	331743	974	41224	 0 

105313	417560	330379	31	678	 96 
105284	416558	330379	965	40470	 94 
105295	416976	330379	37	1173	 91 
105303	414093	330379	35	1066	 90 
105303	413447	330379	964	40789	 82 
105311	416687	330379	33	1044	 74 
104514	417254	330379	964	40810	 67 
105306	417151	330379	34	796	 64 
105285	415269	330379	969	41016	 63 
104243	418974	330379	968	40910	 61 
105262	416843	330379	967	40641	 57 
105272	419503	330379	960	40517	 57 
104512	420220	330379	966	41044	 56 
105291	414862	330379	967	40935	 53 
105311	418078	330379	30	891	 47 ***
105310	412643	330379	974	40991	 35 
105256	419913	330379	951	40047	 35 
104308	420805	330379	965	40871	 33 
104159	420402	330379	966	40508	 29 
105245	422016	330379	963	40490	 29 
105309	420067	330379	31	1106	 29 
105266	420076	330379	559	24121	 24 
105268	417095	330379	965	39938	 23 
105290	416137	330379	39	1257	 23 
105287	417885	330379	963	40953	 15 
105295	417361	330379	33	1037	 4 

104005	416072	322844	958	40465	 99 
105012	410792	322844	40	1370	 98 
104275	415941	322844	957	40257	 95 
103865	415658	322844	963	40653	 92 
105014	411072	322844	34	1042	 91 
105015	410357	322844	549	22353	 87 
105024	410148	322844	32	794	 86 
105028	407202	322844	961	40229	 83 
103980	411325	322844	961	40512	 81 
105087	405619	322844	961	40379	 65 
105021	410417	322844	36	1297	 65 
105042	406473	322844	959	40247	 62 
105022	410284	322844	35	1099	 62 
105065	406034	322844	936	39770	 60 
105019	410729	322844	33	1049	 58 
104992	409422	322844	954	40687	 54 
104483	413765	322844	955	40000	 52 
105039	407390	322844	936	39144	 48 
105010	407882	322844	960	39968	 45 
105016	415704	322844	32	812	 44 
104479	409525	322844	968	40890	 43 
105024	413464	322844	31	786	 43 
103911	413652	322844	959	40312	 39 
105023	412012	322844	32	1374	 39 
105028	404198	322844	964	40638	 33 
105020	408660	322844	942	40144	 27 
104003	410557	322844	964	40477	 23 
104979	411941	322844	539	22594	 16 
105022	408992	322844	38	1121	 15 
105013	407128	322844	964	40204	 10 
105023	409999	322844	34	813	 10 
103854	414223	322844	967	40434	 7 
104987	408333	322844	957	40676	 6 
105026	413193	322844	31	611	 6 ***
105004	411580	322844	559	24252	 2 
105018	411956	322844	33	1034	 1 

104860	396628	321079	957	40056	 100 
103699	404633	321079	953	39471	 96 
104866	399296	321079	949	39505	 94 
103811	403774	321079	948	39586	 91 
104845	400406	321079	45	844	 90 
104878	399085	321079	945	39652	 89 
104836	400724	321079	34	953	 88 
104836	406103	321079	40	1210	 87 
104855	399535	321079	951	39304	 83 
104826	404591	321079	947	39463	 80 
104833	397683	321079	953	39899	 73 
104832	399999	321079	950	39841	 72 
104040	399576	321079	961	39953	 68 
104850	404115	321079	28	684	 68 ***
104807	404941	321079	947	39468	 67 
104813	402999	321079	951	39539	 66 
104805	401012	321079	953	39641	 66 
104873	398285	321079	951	39281	 64 
104836	402533	321079	43	1425	 64 
104844	401722	321079	33	938	 61 
103728	404516	321079	950	39339	 58 
104805	399748	321079	953	39893	 55 
104841	402744	321079	32	815	 54 
104841	400638	321079	39	990	 51 
104868	399251	321079	951	39889	 50 
104815	399405	321079	955	39688	 49 
103820	399901	321079	959	39931	 48 
104860	399386	321079	943	39455	 45 
104876	399362	321079	946	38548	 45 
104912	398260	321079	948	39569	 44 
104892	397092	321079	949	39809	 44 
104878	396412	321079	952	39972	 44 
104832	398811	321079	952	39402	 38 
103820	401278	321079	952	39309	 29 
104839	404488	321079	30	1138	 24 
104833	404985	321079	946	39447	 20 
104831	400225	321079	949	39366	 10 
104077	399935	321079	956	39839	 6 
104815	403384	321079	948	39736	 5 
104829	400943	321079	952	39892	 5 

104747	393932	321290	948	39819	 98 
104731	397301	321290	939	39185	 98 
104765	393594	321290	947	39485	 93 
104771	397739	321290	29	903	 93 
104764	394613	321290	943	39547	 89 
104777	393565	321290	947	39822	 81 
103616	396273	321290	948	39312	 79 
104803	393742	321290	941	39335	 78 
103661	395695	321290	944	39482	 76 
104764	397399	321290	30	892	 76 
104757	397806	321290	24	995	 73 
104738	395343	321290	941	39384	 71 
104790	392427	321290	944	39034	 70 
104234	395131	321290	947	39648	 67 
104762	394914	321290	942	39516	 66 
103772	393449	321290	949	39550	 64 
104765	391139	321290	952	39813	 59 
104780	396773	321290	31	1136	 59 
104754	391839	321290	952	39812	 56 
104840	393447	321290	940	39425	 54 
104768	392928	321290	949	39727	 51 
104861	391801	321290	943	39442	 49 
104819	393579	321290	936	38929	 44 
103596	398133	321290	953	39210	 42 
104769	396558	321290	32	1022	 42 
104768	396620	321290	32	895	 38 
104772	400077	321290	23	290	 36 ***
104802	393980	321290	936	39243	 31 
104861	391169	321290	945	39758	 30 
104751	394124	321290	947	39172	 29 
104832	391202	321290	946	39176	 29 
104794	392063	321290	946	39665	 27 
104770	394278	321290	34	1086	 22 
104787	392580	321290	948	39346	 21 
104830	393452	321290	943	39457	 20 
104766	395060	321290	35	1296	 19 
104773	390583	321290	949	39748	 15 
104766	395417	321290	36	1288	 14 
104773	396111	321290	32	1029	 8 
104772	397702	321290	29	936	 4 
104779	393587	321290	943	39160	 2 
104762	395862	321290	33	976	 1 

104503	391283	318893	36	1050	 99 
104557	385516	318893	946	39170	 91 
104503	390840	318893	33	1145	 90 
104497	390436	318893	37	1052	 85 
103376	386295	318893	941	39416	 84 
104506	390379	318893	34	1041	 84 
104510	390638	318893	33	962	 80 
104521	387796	318893	940	38975	 74 
104501	391887	318893	34	1160	 69 
104498	388233	318893	934	38762	 67 
104516	389332	318893	33	901	 63 
104504	389687	318893	41	1458	 62 
104527	388110	318893	479	20083	 60 
104542	388101	318893	928	37930	 53 
104508	394252	318893	31	565	 52 
104578	388091	318893	932	38735	 49 
104509	393651	318893	31	893	 45 
104549	384977	318893	947	39283	 39 
104544	387443	318893	934	38584	 31 
104479	390001	318893	935	38934	 30 
104566	385293	318893	944	38862	 28 
104557	385376	318893	940	38826	 25 
104511	390502	318893	32	901	 25 
104514	393745	318893	28	611	 22 ***
103331	395073	318893	945	38888	 20 
104513	391443	318893	31	779	 17 
104503	391598	318893	35	1031	 16 
104521	386685	318893	940	38511	 7 
104568	384893	318893	947	39392	 1 
104538	387816	318893	934	38803	 1 
104514	389463	318893	32	901	 0 

104622	380575	320601	942	39129	 97 
104592	382401	320601	942	38577	 97 
104572	383902	320601	20	807	 97 
104558	384483	320601	937	38248	 89 
103812	390205	320601	940	38565	 87 
103972	386393	320601	942	39159	 87 
103994	387920	320601	935	38863	 84 
104674	383136	320601	931	39003	 77 
103785	388365	320601	942	39091	 77 
104636	383733	320601	932	39020	 74 
104562	385473	320601	30	984	 74 
104563	381443	320601	943	38992	 66 
103437	384927	320601	950	38966	 65 
104655	380073	320601	948	39099	 58 
104577	386171	320601	19	556	 56 ***
103526	389273	320601	943	38946	 55 
103475	390250	320601	943	38877	 50 
104648	382744	320601	932	38694	 50 
104006	384645	320601	942	38952	 50 
104557	384104	320601	940	38893	 49 
104018	384371	320601	948	39127	 49 
103616	388983	320601	943	38828	 48 
103441	385612	320601	945	39257	 48 
104565	384743	320601	38	1041	 48 
104588	382698	320601	937	39010	 46 
103422	392476	320601	944	38773	 44 
104637	381780	320601	934	38557	 38 
104607	381329	320601	941	38707	 36 
104606	382043	320601	935	38459	 32 
104636	383459	320601	932	38563	 20 
104564	383989	320601	938	38453	 14 
104535	383104	320601	944	38925	 1 
104574	388918	320601	19	565	 1 

104831	381431	325011	924	38116	 98 
104844	392370	325011	32	1108	 96 
104234	386980	325011	944	38761	 90 
104830	388307	325011	40	1418	 90 
104833	386608	325011	35	1005	 89 
104837	386263	325011	35	1182	 85 
103822	386545	325011	946	38889	 84 
103673	388672	325011	935	38788	 81 
104846	388151	325011	32	1022	 66 
104848	387900	325011	31	906	 54 ***
104846	386112	325011	34	973	 52 
103819	383725	325011	947	39226	 50 
104818	386705	325011	942	38186	 45 
103817	384671	325011	948	38894	 43 
103716	388052	325011	948	39155	 37 
104888	384102	325011	923	38174	 36 
104826	384442	325011	946	38711	 32 
104848	384916	325011	37	1022	 29 
104810	387975	325011	539	22919	 28 
104910	382025	325011	919	37610	 27 
104839	388371	325011	33	1152	 21 
103793	388406	325011	945	39009	 20 
103772	387218	325011	947	38617	 19 
104827	386971	325011	926	38035	 18 
104072	387571	325011	941	38707	 12 
104831	388062	325011	39	1502	 4 
104820	385261	325011	937	38607	 3 

103768	380615	322693	944	39129	 88 
104178	380145	322693	925	38434	 87 
104792	377664	322693	33	955	 87 
104813	377234	322693	938	38394	 85 
103768	380510	322693	948	39074	 84 
104046	376833	322693	947	38786	 84 
103646	382033	322693	940	38854	 83 
104030	381883	322693	942	38836	 77 
104762	376346	322693	946	38373	 76 
104243	378588	322693	937	38257	 74 
104800	375207	322693	948	39238	 68 
104817	376969	322693	942	38434	 67 
103700	380360	322693	951	39172	 66 
104841	375463	322693	942	38840	 62 
104827	376156	322693	931	38870	 61 
104845	374669	322693	948	39165	 58 
104792	382126	322693	51	1731	 58 
104846	376654	322693	924	38565	 52 
104817	374708	322693	950	39160	 52 
104770	375674	322693	944	38805	 51 
104005	377073	322693	945	39048	 49 
104820	377402	322693	926	38449	 42 
104806	377404	322693	941	39097	 39 
103655	384214	322693	938	38718	 33 
104878	376074	322693	941	38661	 26 
103757	381016	322693	944	39213	 25 
104769	378241	322693	943	38963	 22 
104819	374936	322693	943	38695	 18 
103789	379644	322693	944	39124	 17 
104795	380606	322693	31	939	 11 ***
104808	377011	322693	941	38956	 5 
104787	384446	322693	556	23034	 3 
104785	381947	322693	923	38346	 0 

104793	375424	324193	35	1067	 100 
104854	373588	324193	930	38999	 99 
104778	373474	324193	952	39541	 97 
104816	372911	324193	947	39308	 96 
104777	375946	324193	35	942	 96 
104799	375082	324193	935	39115	 95 
104785	374179	324193	946	39274	 95 
104789	375519	324193	933	39219	 92 
104788	373029	324193	950	39487	 92 
104806	372061	324193	952	39395	 87 
104801	374633	324193	939	39300	 85 
104786	374176	324193	944	39553	 85 
104780	378485	324193	22	1013	 84 
104861	373004	324193	946	39411	 80 
104769	379636	324193	933	38692	 74 
104815	373245	324193	948	39323	 74 
104800	373254	324193	940	39290	 73 
104801	372166	324193	953	39512	 73 
104778	375905	324193	932	39131	 72 
104757	374268	324193	945	38956	 70 
104780	375913	324193	34	860	 70 
104826	372483	324193	947	39272	 67 
103774	374718	324193	939	39362	 64 
104827	374084	324193	933	39282	 61 
104778	378293	324193	33	1217	 60 
104759	374058	324193	951	39277	 59 
104787	378311	324193	29	770	 58 
104860	372368	324193	950	39533	 56 
104785	375754	324193	936	39281	 56 
103625	377962	324193	946	39621	 53 
103749	377934	324193	947	39373	 47 
104786	378760	324193	19	742	 41 ***
104745	374166	324193	947	38801	 40 
104767	373795	324193	949	39414	 37 
104780	375869	324193	35	1289	 37 
104783	372589	324193	953	39776	 32 
104790	375507	324193	39	1360	 28 
104783	375921	324193	30	945	 25 
104829	372455	324193	949	39502	 19 
104791	373667	324193	945	39370	 8 
104813	374952	324193	929	38886	 7 
104804	372982	324193	950	39615	 1 
104766	378624	324193	934	39314	 0 
104768	372701	324193	953	39384	 0 

104765	374142	324690	943	39484	 93 
104797	376519	324690	30	771	 93 
104234	371677	324690	944	39546	 91 
104763	375337	324690	943	39783	 89 
104055	376665	324690	940	39478	 89 
104794	369598	324690	947	39537	 78 
104810	370361	324690	926	39176	 77 
104773	374110	324690	941	38984	 74 
104802	369850	324690	945	38458	 67 
104789	371632	324690	31	922	 65 
104801	369123	324690	946	39453	 60 
104806	374965	324690	28	640	 58 
104792	370224	324690	946	39519	 57 
104768	374385	324690	539	22940	 57 
104785	370413	324690	944	39586	 54 
104852	369132	324690	942	39293	 52 
104840	368582	324690	947	39737	 51 
104804	376388	324690	26	481	 50 
103648	378454	324690	946	39829	 49 
104833	369824	324690	942	39104	 49 
104819	369447	324690	944	39679	 47 
104844	368480	324690	944	39843	 47 
104809	368968	324690	951	39465	 46 
104808	370342	324690	941	38709	 45 
104817	368796	324690	948	39568	 44 
104799	375598	324690	27	596	 43 
104800	373755	324690	29	877	 41 
104812	378500	324690	24	766	 40 ***
104821	370945	324690	919	38419	 39 
104020	375801	324690	942	39342	 38 
103743	370451	324690	949	39323	 34 
103649	376052	324690	946	39606	 32 
104799	375165	324690	30	892	 30 
104836	370536	324690	922	38911	 29 
104791	370508	324690	942	39418	 29 
103719	372619	324690	944	39131	 28 
103640	372552	324690	948	39578	 27 
104832	370267	324690	931	39440	 24 
104764	375725	324690	940	39145	 18 
104783	370746	324690	940	38855	 17 
104808	369782	324690	944	39224	 15 
104873	369818	324690	939	38876	 15 
104781	372318	324690	943	39670	 12 
104825	370755	324690	922	38816	 11 
104779	369878	324690	947	39437	 7 
104744	375807	324690	927	39409	 5 

104920	373623	325842	949	39711	 99 
104937	373053	325842	949	39757	 96 
104182	373875	325842	955	39576	 93 
104912	373165	325842	952	39989	 92 
104905	376270	325842	32	973	 92 
104961	371199	325842	955	39533	 91 
104983	372254	325842	946	39510	 91 
104884	374656	325842	950	39696	 90 
104909	375363	325842	33	929	 90 
104944	373366	325842	948	39323	 88 
104910	376191	325842	32	917	 88 
104907	374507	325842	951	39892	 81 
103765	377086	325842	950	39908	 80 
104924	372423	325842	957	39656	 77 
104919	373944	325842	951	39451	 77 
104925	378455	325842	31	550	 77 
104954	372432	325842	951	39851	 74 
104917	374831	325842	949	39246	 70 
104922	380036	325842	21	692	 69 ***
104911	373573	325842	952	39252	 64 
104929	372004	325842	955	40044	 64 
104922	373608	325842	950	39762	 64 
104919	375223	325842	34	981	 57 
104905	373738	325842	952	39803	 46 
104866	373040	325842	956	39900	 45 
104966	372271	325842	954	39727	 44 
104953	371452	325842	956	39701	 43 
104947	372289	325842	952	39891	 43 
104916	374892	325842	944	39211	 38 
104944	372620	325842	952	39261	 36 
104940	373673	325842	947	38888	 35 
105028	371567	325842	952	38739	 32 
104902	374074	325842	953	39660	 30 
104921	373620	325842	950	39410	 29 
104985	372460	325842	942	39654	 27 
104916	374551	325842	950	39628	 26 
104901	372894	325842	958	39946	 25 
104927	373088	325842	952	39939	 22 
104937	373881	325842	948	39356	 21 
104963	373950	325842	945	39584	 21 
104878	375271	325842	953	39673	 19 
104922	372433	325842	953	39341	 13 
104972	372031	325842	951	39652	 11 
103879	375349	325842	945	39050	 10 
104922	378919	325842	30	895	 4 
104927	375168	325842	941	39263	 1 

104919	371170	326132	32	992	 99 
103752	370900	326132	955	39999	 92 
104888	373464	326132	943	39146	 90 
104879	374897	326132	560	23363	 89 
104955	370593	326132	936	39567	 86 
104922	370907	326132	939	39796	 84 
104876	370735	326132	952	39925	 82 
104934	370283	326132	942	39612	 80 
104160	374406	326132	944	39528	 64 
104903	371161	326132	36	1245	 64 
104889	373367	326132	944	39791	 63 
104940	370833	326132	939	39041	 61 
104961	370147	326132	940	39991	 61 
104893	374703	326132	551	23723	 61 
104898	369754	326132	945	39877	 54 
104900	373024	326132	944	40115	 51 
104938	367806	326132	946	39725	 48 
104900	371048	326132	942	39718	 47 
104955	370178	326132	938	39599	 47 
104961	369029	326132	942	39232	 46 
104992	366999	326132	950	40057	 43 
104894	367630	326132	947	39938	 43 
104145	371503	326132	946	39797	 42 
104894	369930	326132	946	39431	 37 
104940	370034	326132	942	39869	 36 
104910	371321	326132	27	780	 33 
104880	369398	326132	950	40095	 31 
104973	368754	326132	936	39295	 27 
104960	367601	326132	948	39604	 21 
104974	367439	326132	946	39917	 12 
104900	372091	326132	33	1163	 6 
104890	370903	326132	946	39757	 4 
103732	371094	326132	949	40075	 3 
104916	367828	326132	943	39593	 2 
104922	373882	326132	23	805	 0 ***

104767	364571	324971	938	38911	 91 
104777	364565	324971	942	39342	 85 
104768	366381	324971	929	39275	 77 
104837	363490	324971	938	39466	 74 
103738	367465	324971	949	39853	 72 
104834	364423	324971	928	38982	 67 
104783	365503	324971	40	938	 65 
103628	370087	324971	940	38973	 61 
104189	364880	324971	949	39864	 60 
103726	365847	324971	950	39745	 59 
104788	362663	324971	946	39605	 50 
103792	365171	324971	951	39520	 50 
103718	368556	324971	947	39840	 48 
104787	368358	324971	19	609	 48 ***
104199	365769	324971	948	39519	 46 
104783	364726	324971	45	1228	 41 
104773	363797	324971	951	39887	 38 
104229	365614	324971	930	39207	 36 
104751	366517	324971	557	23945	 36 
104751	365166	324971	944	38930	 28 
103746	368119	324971	940	39323	 27 
104823	363409	324971	944	39425	 27 
104795	363561	324971	933	39127	 18 
104781	365005	324971	42	998	 14 
104784	363877	324971	948	39366	 12 
104790	364014	324971	940	39171	 9 
104761	363961	324971	944	39441	 9 
104006	366860	324971	948	39623	 8 
104828	363449	324971	940	39604	 4 

104721	366362	324325	34	657	 100 
104732	367826	324325	29	768	 96 
104722	365530	324325	36	1092	 93 
104718	365860	324325	562	23086	 90 
104676	363198	324325	955	39113	 85 
104773	363482	324325	937	39060	 83 
104697	368090	324325	557	22573	 82 
104796	364077	324325	933	39020	 78 
104719	365376	324325	40	1161	 78 
104715	361877	324325	961	40003	 74 
104698	362786	324325	957	39617	 72 
104725	369916	324325	32	814	 72 
104726	365077	324325	41	1229	 68 
104701	364158	324325	941	39096	 65 
104751	362552	324325	950	39552	 65 
104729	366531	324325	31	898	 64 
103559	366376	324325	952	39850	 63 
104723	366101	324325	35	1160	 56 
104744	362459	324325	958	39432	 52 
104698	366910	324325	576	24409	 52 
104723	363973	324325	942	39076	 50 
104728	365342	324325	36	886	 50 
103658	364785	324325	956	39838	 49 
103985	364900	324325	941	39327	 46 
104715	363372	324325	952	39582	 41 
104738	364313	324325	577	23465	 41 
104744	363156	324325	956	39151	 39 
104737	367350	324325	28	1012	 38 ***
104766	361753	324325	958	39956	 37 
104739	365741	324325	35	1096	 33 
104683	365705	324325	937	39579	 21 
104750	362258	324325	959	39965	 15 
104733	366226	324325	29	654	 12 
104733	362756	324325	959	39667	 6 
104746	363989	324325	939	39326	 1 

104662	362419	325358	34	855	 99 
104660	359333	325358	952	39157	 97 
104702	358107	325358	946	39106	 93 
104622	361392	325358	960	39516	 92 
104646	358443	325358	957	39348	 89 
104669	365100	325358	25	758	 88 
104670	357876	325358	960	39464	 87 
104672	362938	325358	28	765	 84 
104706	359416	325358	944	39053	 77 
104662	358229	325358	957	39153	 77 
104664	361821	325358	33	896	 70 
104676	363474	325358	26	742	 66 
104637	359789	325358	953	39514	 60 
104655	359829	325358	42	1026	 57 
104674	359139	325358	952	39176	 56 
103891	358379	325358	963	39185	 54 
104669	362852	325358	30	1153	 54 
104648	361093	325358	952	39552	 51 
104633	361571	325358	569	22793	 47 
104627	358742	325358	954	39484	 46 
104661	363334	325358	33	889	 39 
104626	359877	325358	962	39332	 37 
104659	361610	325358	37	937	 37 
104647	358626	325358	953	38877	 36 
103512	361746	325358	950	38978	 35 
104677	366346	325358	23	575	 31 ***
104667	361674	325358	33	844	 28 
104651	360431	325358	947	38959	 21 
103597	361436	325358	960	39182	 20 
104662	362582	325358	32	1028	 19 
104672	362287	325358	29	780	 18 
104662	362751	325358	31	818	 17 
104674	360760	325358	35	1088	 15 
104681	359232	325358	950	38921	 8 
104656	359941	325358	39	949	 8 
104669	358313	325358	953	38767	 5 
104687	358957	325358	951	38533	 5 
104669	363324	325358	30	655	 5 
104645	361246	325358	559	22604	 4 
103637	361288	325358	962	39483	 2 
104665	365504	325358	25	719	 0 

104806	362019	329073	957	39324	 100 
103769	358798	329073	958	39706	 81 
104852	363183	329073	29	953	 81 
104848	365500	329073	27	770	 71 
104851	363247	329073	27	770	 70 ***
104844	362875	329073	32	821	 65 
104840	361272	329073	954	39058	 63 
104877	359781	329073	955	39023	 53 
103677	362173	329073	960	39607	 52 
104864	359531	329073	957	39216	 49 
104825	363240	329073	955	39349	 48 
104050	363629	329073	957	39469	 48 
104814	365685	329073	559	22380	 44 
104847	363041	329073	31	890	 39 
104848	361728	329073	35	930	 38 
104867	358061	329073	957	39578	 33 
104857	359845	329073	954	39062	 27 
104829	358730	329073	960	39610	 15 
104811	364404	329073	564	23065	 14 
104850	360155	329073	949	38658	 13 
104841	360327	329073	36	888	 9 
104837	362892	329073	954	39214	 8 
104811	363798	329073	951	39132	 6 
104907	360015	329073	952	39089	 6 
104857	363069	329073	28	1014	 1 

104684	351685	325573	40	1204	 98 
104693	354583	325573	30	788	 97 
104686	355586	325573	23	709	 90 
103936	359654	325573	950	38140	 87 
104696	355598	325573	9	453	 84 ***
104094	355891	325573	951	38800	 82 
103622	353187	325573	954	38415	 82 
103607	353895	325573	956	38672	 78 
104681	354412	325573	471	20337	 77 
104660	352921	325573	567	22485	 77 
104702	352720	325573	34	845	 76 
104693	350995	325573	936	38368	 73 
104686	350663	325573	938	38867	 73 
104749	350431	325573	937	38582	 70 
103513	355728	325573	956	38891	 69 
104683	352230	325573	937	38428	 66 
104709	351189	325573	935	38848	 64 
104105	352343	325573	950	38862	 58 
104663	356833	325573	564	22293	 57 
104684	350427	325573	960	39316	 56 
104687	355141	325573	33	1002	 56 
104641	351125	325573	949	38945	 55 
104760	350012	325573	948	38840	 47 
103892	352517	325573	952	38593	 47 
104677	350880	325573	953	39047	 46 
104708	349606	325573	951	38754	 40 
104686	349843	325573	954	39068	 40 
104685	349964	325573	961	38806	 39 
103503	355919	325573	958	39163	 35 
104657	351737	325573	947	38554	 30 
103539	355165	325573	959	39024	 25 
104655	354979	325573	940	38833	 20 
104641	351442	325573	949	38806	 19 
103668	354417	325573	952	38897	 14 
104710	350530	325573	949	38777	 13 
103662	352120	325573	958	39022	 12 
104675	350953	325573	957	39101	 9 
103619	356003	325573	953	39207	 7 
104689	353243	325573	37	858	 7 
104668	352811	325573	932	38471	 0 

104688	348058	324511	570	22275	 99 
104718	347104	324511	28	785	 98 
104721	344470	324511	51	1423	 95 
103659	345695	324511	947	38359	 92 
104710	346710	324511	29	974	 92 
103939	346243	324511	944	38929	 91 
104667	346266	324511	579	23363	 91 
104694	345493	324511	934	38826	 90 
104696	343084	324511	945	39085	 88 
104724	343589	324511	943	38509	 85 
104703	347310	324511	42	1037	 85 
104708	346187	324511	40	1433	 78 
104689	342754	324511	949	39089	 77 
104709	345861	324511	48	1686	 77 
103631	348378	324511	946	38916	 76 
104692	344013	324511	941	39029	 75 
104721	342908	324511	945	38397	 74 
103891	344897	324511	948	39181	 73 
104713	347539	324511	14	1028	 70 ***
104711	343933	324511	940	38506	 69 
103649	347140	324511	944	38784	 66 
104712	344471	324511	931	38607	 65 
103585	347366	324511	951	38947	 64 
104702	343985	324511	942	38555	 62 
104709	342812	324511	947	39110	 62 
104730	343330	324511	944	38602	 60 
104721	344718	324511	39	1215	 59 
104705	344823	324511	930	38675	 56 
104672	344466	324511	944	38313	 53 
104727	342396	324511	947	38921	 52 
104732	343063	324511	930	38589	 50 
103665	348996	324511	942	38797	 47 
103659	350586	324511	938	38174	 46 
104714	346648	324511	31	919	 40 
103554	349208	324511	951	39169	 39 
104714	345957	324511	33	929	 39 
104739	342836	324511	945	38849	 38 
104745	342764	324511	946	39208	 36 
104693	346520	324511	565	23152	 34 
104708	347138	324511	47	1622	 30 
104732	346489	324511	32	1145	 26 
104687	343413	324511	952	38979	 22 
104703	347413	324511	34	1136	 22 
104703	345255	324511	939	38351	 20 
104679	343421	324511	946	38610	 20 
103681	348186	324511	943	37762	 16 
104666	350505	324511	585	23223	 16 
104709	347299	324511	25	747	 15 
104728	341973	324511	950	39088	 14 
103927	346803	324511	936	38578	 13 
104711	345870	324511	36	980	 11 
104683	346251	324511	933	38328	 9 
104708	346755	324511	40	1384	 9 
104772	341517	324511	946	38667	 7 
104721	344003	324511	930	38675	 4 
103562	349995	324511	944	38547	 3 
104701	347488	324511	57	1927	 1 

104816	343002	324533	951	39014	 92 
104840	344212	324533	939	38822	 90 
104857	344410	324533	932	38222	 87 
104818	344051	324533	946	38860	 87 
104824	344483	324533	942	38397	 86 
104798	344360	324533	950	38951	 85 
104839	346410	324533	26	822	 80 
103662	348759	324533	950	38701	 76 
104837	343613	324533	944	39019	 74 
104828	345932	324533	33	1016	 72 
104913	342120	324533	947	39071	 71 
104829	343370	324533	948	38820	 66 
104804	347477	324533	558	22260	 61 
104809	344309	324533	951	38643	 60 
104814	344143	324533	945	38536	 59 
104876	342262	324533	947	38420	 55 
104852	342841	324533	943	38691	 54 
104828	344441	324533	40	1358	 54 
104827	343744	324533	945	38799	 53 
104778	345740	324533	575	23400	 53 
104824	343935	324533	947	38799	 52 
104869	342906	324533	937	38743	 51 
104838	341919	324533	952	38977	 49 
104874	341757	324533	949	38654	 46 
104842	343401	324533	947	38406	 44 
104293	344486	324533	950	38977	 43 
104833	345192	324533	33	1068	 43 
103805	345321	324533	944	38551	 39 
103683	344779	324533	946	38923	 37 
104841	346306	324533	25	544	 37 ***
104845	342335	324533	950	38675	 34 
104886	343704	324533	936	38670	 34 
104826	344274	324533	941	38271	 33 
104816	344348	324533	943	38287	 31 
104824	342585	324533	949	38771	 28 
104949	342516	324533	945	38717	 27 
104844	343146	324533	941	38245	 19 
104853	343748	324533	938	38332	 16 
104809	344510	324533	564	22703	 14 
104831	343590	324533	946	38378	 12 
104859	341956	324533	948	38941	 11 
104780	349258	324533	572	22492	 11 
104860	344088	324533	935	38362	 6 
103668	347019	324533	953	39142	 5 
104832	343852	324533	943	38530	 1 
104817	343806	324533	949	38799	 0 
104268	344692	324533	952	39108	 0 

104733	345804	324558	925	38519	 100 
104793	343922	324558	33	1024	 98 
104761	345351	324558	940	38799	 96 
104815	342439	324558	934	38998	 91 
103961	344586	324558	941	38781	 89 
104874	343253	324558	459	19492	 85 
104743	346642	324558	556	22719	 85 
104865	341149	324558	940	39209	 82 
104825	341137	324558	942	39215	 80 
104809	346987	324558	31	1034	 80 
103759	343824	324558	944	39255	 78 
104276	346232	324558	939	39004	 78 
103758	344206	324558	945	39049	 65 
104813	343259	324558	937	39042	 63 
104812	342438	324558	940	39125	 61 
104802	343372	324558	34	1201	 60 
104761	342925	324558	951	39422	 59 
103612	346388	324558	942	39100	 58 
104799	343653	324558	38	1159	 58 
104762	344027	324558	943	39251	 56 
104766	343683	324558	931	38842	 56 
103610	345329	324558	943	39357	 52 
104792	343406	324558	940	38990	 52 
104810	341340	324558	949	39171	 50 
104775	342369	324558	949	39434	 49 
104828	347822	324558	23	589	 48 ***
104777	341575	324558	943	39147	 46 
104785	345134	324558	566	23609	 44 
104796	341353	324558	947	39450	 42 
104764	343492	324558	945	39390	 41 
104817	346455	324558	26	947	 36 
104818	340545	324558	944	39189	 35 
104193	344346	324558	942	38914	 34 
104819	343338	324558	922	38370	 33 
104798	343075	324558	938	38874	 33 
104814	342680	324558	935	38858	 27 
104763	343450	324558	946	39420	 25 
103724	343096	324558	950	39417	 17 
104766	345794	324558	551	22659	 16 
104811	343921	324558	28	767	 15 
104824	342234	324558	942	39228	 14 
104806	342252	324558	941	38847	 7 
104826	341264	324558	929	38548	 5 
104796	343086	324558	939	38667	 3 
104785	348061	324558	547	23125	 3 
104810	344765	324558	32	981	 2 
104775	342709	324558	942	39324	 1 

104808	337428	325184	953	39862	 99 
104834	337835	325184	47	1489	 99 
104884	336121	325184	953	39799	 98 
104247	340001	325184	952	39698	 98 
104838	342269	325184	23	748	 98 
104806	339626	325184	939	39398	 94 
104806	338022	325184	947	39043	 93 
104838	341978	325184	26	1017	 93 
103773	340629	325184	947	39170	 92 
104832	338166	325184	38	975	 92 
104831	341786	325184	38	1130	 90 
104824	338197	325184	943	39599	 89 
104079	343416	325184	944	39204	 88 
104842	337466	325184	944	39136	 85 
104854	336933	325184	950	39406	 85 
104856	337390	325184	945	39538	 83 
104793	338335	325184	945	39608	 81 
104789	342395	325184	941	39089	 79 
104791	339248	325184	948	39345	 79 
104838	341241	325184	35	907	 76 
104814	337239	325184	954	39734	 74 
104799	338593	325184	940	39059	 72 
104825	338064	325184	943	39365	 71 
104816	344239	325184	934	39162	 70 
104834	337350	325184	950	39811	 69 
104251	340226	325184	946	39337	 68 
104837	340909	325184	36	880	 68 
104784	343992	325184	939	39222	 66 
104794	342257	325184	939	39573	 63 
104820	345898	325184	571	24095	 62 
104874	337825	325184	942	39545	 56 
104835	343760	325184	37	1699	 52 
104922	337509	325184	943	39404	 49 
103670	342330	325184	952	39607	 36 
104821	336658	325184	951	39837	 33 
103785	342396	325184	946	39257	 31 
104860	336123	325184	946	39538	 29 
104849	341215	325184	16	402	 28 ***
104837	342104	325184	33	1072	 27 
104837	341791	325184	35	932	 24 
104821	337550	325184	945	39588	 22 
104821	338031	325184	946	39541	 20 
104832	339096	325184	43	1235	 17 
104790	341389	325184	940	39070	 16 
104788	341340	325184	945	39606	 16 
104821	336851	325184	951	39947	 16 
104839	339008	325184	32	1130	 16 
104838	337871	325184	39	1005	 15 
103661	343257	325184	946	39502	 13 
104831	343709	325184	930	38648	 13 
103750	341306	325184	950	39507	 8 
104808	339211	325184	936	38509	 7 
104838	342798	325184	29	1029	 7 
104844	341971	325184	27	814	 6 
103791	343605	325184	945	39223	 5 
104806	338241	325184	941	39502	 5 
104844	340767	325184	29	1055	 5 
104805	337946	325184	951	39573	 3 
104850	340232	325184	29	1051	 0 

104911	338922	326861	31	858	 99 
104890	334411	326861	947	39752	 98 
104877	338131	326861	946	39002	 97 
104314	335342	326861	951	39827	 96 
104888	332563	326861	955	39650	 93 
104857	334699	326861	953	39870	 93 
104908	339665	326861	34	1079	 91 
104858	340509	326861	942	38912	 90 
104916	337499	326861	24	765	 88 ***
104928	335799	326861	32	865	 87 
104909	334171	326861	38	901	 85 
104879	338072	326861	937	39424	 84 
104365	338824	326861	948	39540	 84 
104859	337812	326861	948	39693	 77 
104912	341017	326861	29	967	 77 
104910	335320	326861	34	941	 76 
104915	333746	326861	947	39683	 74 
104909	334036	326861	35	937	 74 
104923	333864	326861	945	39387	 72 
104905	334052	326861	943	39661	 72 
104874	340002	326861	944	39198	 68 
104924	333818	326861	944	39078	 67 
104913	338153	326861	28	981	 64 
104916	339462	326861	27	686	 63 
104862	338358	326861	947	39388	 62 
104899	333103	326861	949	39523	 62 
104937	333194	326861	926	37859	 55 
103778	339311	326861	950	39159	 54 
104140	334775	326861	952	39646	 52 
104897	333780	326861	946	39780	 49 
104158	339339	326861	947	38955	 46 
104905	334336	326861	926	38988	 43 
104924	333807	326861	944	39755	 42 
104881	335747	326861	554	23216	 41 
103881	337379	326861	951	39883	 37 
104925	333994	326861	37	933	 36 
104959	332775	326861	929	39146	 29 
104932	332616	326861	950	39304	 29 
104920	336429	326861	28	837	 28 
104898	333063	326861	951	39235	 26 
104890	333384	326861	949	39296	 26 
104108	335796	326861	949	39144	 26 
104896	334299	326861	946	38983	 23 
104897	333240	326861	953	39954	 22 
104916	337534	326861	32	881	 22 
104927	336501	326861	26	777	 21 
104872	334080	326861	954	39672	 19 
104889	335430	326861	933	39338	 18 
104918	337341	326861	28	822	 15 
104932	333896	326861	932	39015	 14 
104874	336579	326861	947	39211	 12 
103844	338965	326861	952	39795	 9 
103854	337734	326861	951	39556	 7 
104879	334582	326861	949	39748	 7 
103874	338338	326861	950	39905	 4 
104945	332082	326861	951	39789	 3 
104917	337425	326861	27	561	 3 
104862	335027	326861	948	39796	 2 
104906	334372	326861	38	1134	 0 

105136	334626	334865	934	39294	 99 
104109	339299	334865	949	39563	 98 
105154	336056	334865	30	1142	 97 
105196	333345	334865	947	40093	 96 
105127	334905	334865	950	40155	 96 
103966	336180	334865	956	39984	 93 
105147	332856	334865	954	40179	 89 
105119	333412	334865	952	40199	 87 
105142	334042	334865	946	40122	 82 
105091	333301	334865	954	40054	 79 
105197	333076	334865	952	39857	 76 
104552	335679	334865	951	40269	 72 
105153	336235	334865	36	1059	 69 
105115	335304	334865	946	40149	 68 
105127	334053	334865	951	39845	 67 
105136	334123	334865	948	39784	 64 
105169	336799	334865	27	807	 64 
105152	336992	334865	33	1196	 61 
105135	334186	334865	949	39988	 60 
104107	339932	334865	950	40277	 56 
105149	334120	334865	37	946	 55 
105147	334561	334865	938	39000	 52 
105101	336461	334865	552	22357	 52 
105164	333116	334865	948	39119	 49 
105153	336919	334865	30	1152	 49 
105181	332342	334865	953	40120	 48 
105170	335984	334865	27	1014	 45 
105165	336801	334865	27	774	 43 
105160	337013	334865	28	854	 38 
105158	334668	334865	32	929	 36 
104104	333721	334865	954	40139	 35 
105120	335026	334865	951	40340	 32 
105149	336978	334865	39	1606	 31 
103957	338605	334865	961	40453	 30 
105159	336619	334865	29	805	 29 
105155	333464	334865	940	40010	 28 
104012	336201	334865	952	39939	 23 
105132	334885	334865	949	39540	 23 
105164	338240	334865	27	1067	 23 
105127	335478	334865	945	39362	 22 
105119	335682	334865	937	39083	 21 
105163	333357	334865	951	39607	 20 
105149	339218	334865	32	906	 19 
105128	333076	334865	958	40431	 18 
105155	338290	334865	26	524	 15 ***
105158	338221	334865	28	1093	 12 
105147	332713	334865	954	40248	 11 
104356	335080	334865	953	40036	 11 
105131	333601	334865	951	39775	 8 
105161	333301	334865	953	40392	 5 
105174	333368	334865	934	39578	 3 
104556	335588	334865	951	40234	 3 
105084	338990	334865	582	23980	 3 

