#104846	429737	330645	0	0	 98 
#105631	426216	330645	0	0	 97 
#104509	433422	330645	0	0	 97 
#105576	428564	330645	0	0	 91 
#104471	434675	330645	0	0	 73 
#105624	427350	330645	0	0	 62 
#105634	426181	330645	0	0	 47 ***
#104553	432111	330645	0	0	 37 
#104595	431971	330645	0	0	 35 

105432	428023	331743	488	20697	 91 
105439	423080	331743	33	774	 84 
104280	426266	331743	981	41524	 82 
105436	422467	331743	35	947	 81 
105393	420977	331743	948	40764	 80 
104284	427823	331743	975	41455	 79 
104380	428074	331743	974	41037	 77 
104366	422915	331743	980	41700	 77 
105433	422183	331743	37	1077	 77 
104355	424172	331743	978	41472	 75 
105380	423993	331743	978	41398	 71 
105438	418925	331743	981	41055	 68 
104365	427507	331743	977	41564	 35 
105442	422102	331743	24	551	 34 
105402	423104	331743	572	24817	 33 
105438	420131	331743	35	1279	 30 
105404	420860	331743	977	40968	 29 
105421	420785	331743	972	41049	 28 
104376	424739	331743	976	41317	 27 
105435	420312	331743	977	41407	 26 
105444	421654	331743	32	871	 26 
105365	427162	331743	974	40570	 25 
104284	428803	331743	980	41539	 24 
105429	425736	331743	491	21204	 21 
105383	422076	331743	973	41195	 20 
105443	419933	331743	39	1296	 17 
105388	428123	331743	971	41580	 16 
105390	426850	331743	970	41038	 10 
105413	419790	331743	982	41774	 8 
105441	418610	331743	40	1355	 8 
105441	419803	331743	980	41654	 4 
105444	417951	331743	7	504	 4 ***
105417	420670	331743	977	41571	 1 

104300	420456	330379	965	40866	 97 
105318	414507	330379	35	1154	 92 
105286	416761	330379	972	40871	 91 
105311	414017	330379	965	40858	 90 
105313	417665	330379	35	1293	 88 
105328	416100	330379	14	499	 87 ***
105300	416670	330379	965	40598	 86 
105273	417081	330379	965	40904	 84 
105296	414844	330379	969	40802	 81 
105290	415890	330379	968	40801	 81 
104236	418665	330379	975	41094	 78 
104268	418155	330379	973	41133	 78 
105311	418063	330379	37	1164	 77 
105316	415024	330379	41	1345	 76 
105317	416546	330379	22	821	 75 
104119	422364	330379	967	40848	 73 
105266	420163	330379	965	40546	 70 
105285	417028	330379	967	41026	 63 
105273	417604	330379	943	40354	 58 
105335	413295	330379	38	964	 57 
105291	417335	330379	944	40138	 56 
105320	416430	330379	30	734	 54 
105309	415890	330379	39	1380	 49 
105286	416070	330379	972	41169	 47 
105307	422576	330379	489	20687	 47 
105291	415820	330379	966	40816	 45 
104237	421030	330379	968	40759	 43 
105297	413553	330379	966	40854	 34 
104138	421876	330379	963	40712	 31 
104205	420368	330379	972	41148	 27 
105281	416934	330379	972	41093	 23 
105324	414463	330379	27	835	 23 
105307	415428	330379	563	24446	 18 
105315	417267	330379	33	1049	 16 
105266	417907	330379	962	40942	 10 
105268	420138	330379	959	40973	 10 
105315	417469	330379	36	1537	 10 
105313	415280	330379	37	1133	 7 
105262	421955	330379	957	40709	 6 
105317	415618	330379	36	1072	 6 
104259	419607	330379	967	40955	 2 
105265	419233	330379	966	40614	 1 

105032	408991	322844	958	40393	 99 
104006	414895	322844	958	40412	 98 
105056	404288	322844	14	697	 94 ***
105036	408527	322844	957	40505	 93 
105016	411367	322844	942	39919	 81 
105043	408428	322844	960	40724	 80 
103995	410700	322844	960	40347	 80 
105002	407762	322844	961	40114	 79 
105029	411100	322844	946	40068	 78 
105020	405323	322844	961	40300	 77 
105041	409576	322844	484	20533	 67 
105050	404322	322844	16	682	 64 
105015	407291	322844	963	40517	 62 
105006	411559	322844	955	39643	 59 
105045	408564	322844	486	20739	 57 
105043	408645	322844	562	24470	 57 
105009	411794	322844	942	40103	 53 
104985	415350	322844	955	40205	 53 
103869	412447	322844	961	40349	 52 
105041	409723	322844	955	40450	 50 
105005	412165	322844	956	40364	 45 
104265	411691	322844	959	40000	 44 
105032	412233	322844	941	39892	 44 
104968	409557	322844	958	40589	 37 
105013	411780	322844	948	40106	 36 
104987	414453	322844	946	40177	 34 
105043	409284	322844	34	799	 31 
105013	410808	322844	955	39999	 19 
105001	409481	322844	962	40416	 11 
104997	412749	322844	954	40463	 6 
105024	409519	322844	958	39935	 6 
103818	412617	322844	963	40689	 5 
103965	414530	322844	959	40254	 4 
105038	413546	322844	558	24652	 3 

104832	403602	321079	945	39688	 100 
104842	399234	321079	956	39884	 97 
104872	403716	321079	37	1611	 97 
103684	403063	321079	947	39681	 95 
104849	401690	321079	926	39275	 88 
104847	405056	321079	486	21011	 88 
103841	399688	321079	954	39572	 87 
104879	398136	321079	45	1230	 87 
104823	400146	321079	950	39917	 85 
104881	396958	321079	41	1345	 83 
104866	399027	321079	930	39145	 82 
104861	400500	321079	482	20155	 69 
104848	401832	321079	924	38991	 66 
104837	400122	321079	949	39667	 63 
104846	400899	321079	947	39888	 63 
104870	396685	321079	47	1899	 62 
104857	397590	321079	959	39759	 60 
104842	398909	321079	950	39145	 54 
104877	395468	321079	46	1429	 51 
104867	400115	321079	41	1029	 49 
104877	399125	321079	38	1125	 48 
103677	402328	321079	961	39907	 43 
104813	400296	321079	951	39728	 38 
104840	402936	321079	945	39412	 36 
104875	401424	321079	39	1143	 36 
104910	395415	321079	957	39825	 35 
104844	398331	321079	956	40029	 34 
104874	399464	321079	42	1122	 33 
103771	402653	321079	959	40059	 31 
104878	398898	321079	42	1122	 27 
104863	397342	321079	949	39779	 25 
103814	402204	321079	958	39620	 24 
104844	402031	321079	929	38975	 24 
104839	403572	321079	545	23653	 20 
104850	398839	321079	946	39857	 16 
103824	402597	321079	956	39915	 15 
104877	400032	321079	39	1105	 14 
104832	401486	321079	949	39481	 11 
104794	398901	321079	957	39772	 10 
104848	397774	321079	951	39931	 5 
104862	401845	321079	480	20292	 3 
104878	399859	321079	18	573	 0 ***

103983	395069	321290	949	39793	 85 
104826	391659	321290	940	38742	 84 
103632	395164	321290	949	39644	 81 
104758	395155	321290	944	39396	 80 
104749	393675	321290	947	39628	 78 
104764	395706	321290	943	39073	 77 
104758	395783	321290	939	39610	 77 
104739	393619	321290	949	39635	 77 
103599	396461	321290	945	38590	 76 
104797	394933	321290	13	528	 72 ***
104802	394496	321290	32	930	 68 
104804	392811	321290	31	832	 66 
104746	399185	321290	943	39148	 64 
104806	392716	321290	38	954	 62 
104780	396725	321290	550	23064	 58 
104791	392812	321290	35	1360	 56 
103579	396805	321290	950	39567	 53 
104831	391038	321290	946	39224	 52 
104756	399064	321290	942	38906	 49 
104783	393255	321290	945	39205	 48 
104763	395774	321290	572	23757	 48 
104743	392057	321290	951	39689	 44 
104754	395910	321290	946	39073	 42 
104765	391782	321290	948	39277	 38 
104769	395266	321290	928	38975	 37 
104780	393402	321290	930	39187	 35 
104828	390891	321290	955	39946	 35 
104773	394778	321290	553	23294	 35 
104795	396730	321290	32	1026	 34 
104805	391425	321290	950	39894	 33 
104730	396109	321290	946	39302	 26 
104763	398237	321290	930	39287	 25 
103559	403408	321290	952	39610	 25 
103731	394082	321290	953	39961	 22 
104760	399563	321290	933	39452	 16 
104811	392123	321290	933	39499	 16 
104748	396630	321290	943	39007	 14 
103713	395875	321290	947	38950	 10 
104777	391775	321290	957	39984	 7 
104804	394062	321290	32	926	 4 
104790	391668	321290	948	39480	 1 

104504	390166	318893	559	23888	 98 
104490	390972	318893	927	38661	 97 
104543	388144	318893	30	1010	 94 
104555	386598	318893	37	1198	 93 
103732	388136	318893	944	38963	 81 
103475	390576	318893	943	38954	 80 
103440	394075	318893	926	38491	 64 
103673	391650	318893	940	38886	 63 
104485	389284	318893	942	38934	 57 
104512	389454	318893	555	24028	 57 
104555	388651	318893	13	324	 51 
103519	391704	318893	942	39149	 50 
104493	385625	318893	915	38652	 50 
103473	391705	318893	950	39291	 45 
104475	385018	318893	945	38878	 41 
104538	387069	318893	33	991	 35 
104485	390961	318893	940	39198	 31 
104550	388908	318893	10	179	 21 ***
103475	390164	318893	947	38621	 15 

103555	382146	320601	944	38935	 99 
103849	389322	320601	941	38582	 96 
104563	386800	320601	919	38203	 95 
104570	385032	320601	539	22579	 93 
104579	382073	320601	944	38799	 90 
103458	388361	320601	945	38572	 87 
104594	384558	320601	939	39013	 86 
104605	382986	320601	923	38580	 85 
104595	383696	320601	37	1186	 85 
104561	385284	320601	941	39011	 84 
104582	384939	320601	924	38272	 80 
103537	386085	320601	944	38830	 79 
104558	389470	320601	934	38599	 78 
104601	384601	320601	33	898	 78 
104594	384605	320601	922	38248	 74 
104600	381446	320601	944	38807	 72 
104595	381719	320601	943	38206	 72 
104574	380877	320601	946	38931	 70 
104574	384078	320601	940	39063	 65 
103809	388304	320601	942	38564	 63 
104609	381481	320601	33	967	 61 
104550	389487	320601	935	38447	 58 
104565	385301	320601	924	38350	 57 
103467	384940	320601	945	38986	 57 
103582	388922	320601	942	38949	 53 
104602	383619	320601	38	1199	 53 
104603	385782	320601	31	895	 49 ***
104565	384771	320601	936	38204	 48 
104600	382931	320601	942	38954	 47 
104624	380750	320601	941	38391	 40 
104615	383502	320601	32	901	 37 
104555	387372	320601	938	38934	 36 
104589	383991	320601	942	38237	 36 
104542	385693	320601	939	38971	 35 
104616	380672	320601	947	39226	 33 
104663	380884	320601	940	38793	 33 
103859	385749	320601	941	38631	 31 
104635	380705	320601	943	38971	 29 
104610	385314	320601	32	901	 10 
104640	380168	320601	944	38791	 5 
104602	383932	320601	36	1156	 1 

104862	388692	325011	45	2021	 100 
104873	383423	325011	35	1193	 99 
104870	388723	325011	37	1185	 98 
104885	382999	325011	941	38721	 96 
104061	391588	325011	938	38680	 96 
104824	383506	325011	951	39277	 93 
104093	387531	325011	940	38752	 88 
104874	384851	325011	28	929	 86 ***
104819	388036	325011	934	38520	 76 
104844	387950	325011	927	38503	 74 
104880	382519	325011	943	38805	 72 
104842	382747	325011	942	39145	 68 
104897	382076	325011	944	38925	 67 
104835	388330	325011	927	38210	 67 
104863	388356	325011	923	38244	 59 
103796	389565	325011	942	38631	 58 
104871	384875	325011	35	1215	 55 
104068	388640	325011	945	39177	 53 
104909	382924	325011	939	38776	 51 
104865	384697	325011	43	1523	 49 
104910	381831	325011	938	38823	 45 
103781	392291	325011	943	38711	 42 
104817	385894	325011	942	38643	 40 
104882	384782	325011	34	979	 40 
104861	386107	325011	926	38208	 36 
104821	388893	325011	927	38453	 35 
104873	385958	325011	32	1144	 33 
104900	383361	325011	924	37910	 30 
104805	385261	325011	948	39223	 29 
104070	386915	325011	945	38405	 28 
104870	383484	325011	40	1540	 27 
103788	390422	325011	948	38720	 24 
104854	385845	325011	927	38294	 22 
104838	382370	325011	945	39016	 21 
104240	386684	325011	945	38810	 20 
104826	387942	325011	929	38079	 17 
104869	384519	325011	41	1339	 15 
104892	381166	325011	947	39205	 9 
104877	380591	325011	948	39113	 9 
104826	383414	325011	946	38963	 9 
104869	384618	325011	49	1702	 8 
104846	387685	325011	925	37883	 6 
104818	384686	325011	944	38546	 6 
104857	389135	325011	549	23017	 4 
104862	385630	325011	927	38111	 3 
104852	388526	325011	552	24568	 2 
104829	383816	325011	929	38565	 0 

104763	378449	322693	943	38525	 99 
103781	380265	322693	947	39152	 98 
104797	377133	322693	944	39054	 95 
104831	376079	322693	942	38994	 92 
104837	376868	322693	38	1666	 92 
103679	381375	322693	947	39117	 89 
104785	382922	322693	570	23523	 89 
104856	375034	322693	941	38834	 88 
104805	376202	322693	951	39296	 84 
103591	381641	322693	947	39213	 81 
104780	379260	322693	942	38704	 79 
104815	377859	322693	919	37787	 76 
103744	378182	322693	950	38838	 76 
104761	379349	322693	939	38576	 69 
104852	374158	322693	949	39289	 68 
104223	378724	322693	944	38729	 67 
104816	374992	322693	944	38709	 66 
104785	376529	322693	947	39329	 66 
104781	377689	322693	927	38668	 57 
104788	377369	322693	924	38490	 53 
103770	379746	322693	948	39214	 50 
104803	377300	322693	941	38488	 49 
104815	378314	322693	44	1933	 48 
104803	376449	322693	946	39206	 47 
104784	379051	322693	924	38662	 44 
104798	378876	322693	555	23356	 42 
104818	376210	322693	942	38577	 38 
104827	376697	322693	39	1285	 38 
104815	376823	322693	47	2004	 36 
104779	377474	322693	945	39034	 35 
104810	376037	322693	946	38567	 32 
104809	375280	322693	950	39302	 31 
104784	380831	322693	925	38610	 29 
104801	380203	322693	56	2451	 28 
104790	376623	322693	945	38879	 27 
104802	378501	322693	38	1666	 26 
103716	381569	322693	945	38994	 25 
104774	379521	322693	937	38841	 23 
104814	374564	322693	949	39348	 23 
104249	380698	322693	940	38765	 23 
104816	377262	322693	36	1177	 23 
103825	378773	322693	944	39060	 21 
104835	376378	322693	920	38226	 21 
104833	376618	322693	941	38838	 21 
104778	376648	322693	947	38876	 20 
104825	378642	322693	35	1311	 19 
104780	380091	322693	926	37883	 16 
104757	378475	322693	948	39163	 15 
104796	379626	322693	923	37951	 13 
103742	381616	322693	938	38415	 12 
104816	381456	322693	31	692	 11 ***
104779	378360	322693	943	38326	 5 
104823	380430	322693	33	1718	 5 
104827	376789	322693	46	1700	 3 
104763	377879	322693	948	38985	 1 

103764	375109	324193	948	39684	 86 
104785	373655	324193	952	39470	 81 
103615	379365	324193	948	39397	 80 
103636	374749	324193	949	39531	 80 
104795	381165	324193	30	1021	 80 
104802	375415	324193	32	734	 78 
104788	373623	324193	39	1114	 77 
104799	373014	324193	954	39598	 75 
104801	372780	324193	943	39038	 73 
103723	374154	324193	954	39388	 72 
104795	376522	324193	37	1244	 72 
104798	376477	324193	31	900	 70 
104744	380517	324193	942	39228	 69 
104804	375754	324193	30	905	 69 
104771	374188	324193	950	39403	 62 
104764	376383	324193	945	39166	 58 
104799	376611	324193	30	885	 58 
104800	376321	324193	34	953	 57 
104806	372367	324193	948	39737	 54 
104764	377950	324193	556	24137	 54 
104801	379548	324193	29	1128	 53 
104769	374880	324193	945	39248	 52 
104780	373731	324193	955	39613	 49 
103729	376470	324193	945	39418	 40 
104781	373762	324193	953	39614	 38 
104763	379734	324193	550	24644	 38 
104814	371872	324193	943	39112	 37 
104793	377115	324193	34	1194	 37 
104758	375619	324193	947	38993	 33 
104802	377073	324193	27	625	 32 
104754	379652	324193	944	39368	 30 
104806	377933	324193	26	647	 29 ***
104802	373863	324193	35	1123	 28 
104786	372493	324193	955	39464	 23 
104802	375383	324193	36	1289	 22 
104798	377015	324193	33	1033	 18 
104798	373316	324193	949	39154	 17 
104835	371697	324193	951	39576	 17 
104779	381017	324193	545	24018	 15 
104765	373902	324193	952	39628	 13 
104742	375706	324193	947	39400	 11 
104767	375715	324193	941	39150	 9 
104767	374778	324193	946	39495	 8 
104788	374055	324193	950	39523	 7 
104805	375481	324193	30	971	 2 

104830	369412	324690	943	39388	 96 
104844	369368	324690	940	39666	 93 
104828	369746	324690	942	39531	 91 
104809	374362	324690	32	937	 88 
103727	374399	324690	940	39325	 82 
104771	371463	324690	943	39406	 76 
104840	369120	324690	942	39586	 75 
104811	369186	324690	946	39644	 72 
104820	370364	324690	941	39659	 71 
104813	371934	324690	37	1227	 71 
104817	370778	324690	34	910	 67 
104194	371999	324690	946	39366	 66 
104816	372333	324690	32	898	 66 
104788	370337	324690	950	39739	 62 
104770	371812	324690	944	39483	 61 
104811	371196	324690	40	1229	 59 
104807	371656	324690	40	1551	 58 
103606	374490	324690	939	39484	 55 
104806	372360	324690	33	1144	 53 
104032	378445	324690	938	39214	 52 
103784	378590	324690	936	38844	 49 
104755	371971	324690	945	39771	 47 
104815	370054	324690	944	39560	 46 
104821	373992	324690	30	1022	 45 
104784	371862	324690	941	39146	 40 
104799	375089	324690	477	19566	 40 
103781	373263	324690	946	39646	 38 
104770	370817	324690	944	39346	 37 
104826	370401	324690	36	1463	 36 
104794	376386	324690	542	23721	 34 
103752	373942	324690	948	39740	 33 
104817	374374	324690	15	238	 33 ***
104823	369018	324690	951	39679	 31 
104811	373028	324690	32	1022	 30 
104800	369696	324690	945	39687	 29 
104817	372857	324690	31	933	 25 
104800	371461	324690	942	39355	 23 
104775	371972	324690	554	23878	 23 
104831	373708	324690	30	892	 21 
103718	374001	324690	949	39436	 18 
104807	370830	324690	941	39693	 17 
104908	368445	324690	946	39662	 17 
104828	368484	324690	946	39208	 14 
104801	371531	324690	941	39229	 11 
104815	375896	324690	31	900	 11 
104760	372433	324690	573	25708	 10 
104814	370534	324690	39	1312	 1 
104853	369003	324690	940	39089	 0 
104791	371511	324690	942	39426	 0 

104154	378493	325842	942	39119	 100 
104907	372768	325842	955	39971	 99 
104944	372301	325842	958	40043	 92 
104925	373464	325842	950	39607	 91 
104916	375025	325842	935	39035	 89 
103767	375608	325842	945	39239	 88 
104894	376818	325842	942	39322	 84 
104983	371789	325842	960	40111	 80 
105002	371517	325842	947	39111	 79 
104927	373853	325842	35	1203	 75 
103709	374820	325842	962	40113	 65 
104982	372726	325842	949	39535	 61 
104887	374073	325842	952	39418	 61 
104921	372777	325842	954	39313	 56 
104966	372005	325842	955	39509	 55 
104958	372512	325842	953	39608	 54 
104900	373324	325842	954	39556	 52 
104962	372098	325842	956	39860	 50 
103762	375741	325842	953	39671	 49 
103753	380367	325842	957	40000	 49 
104923	375338	325842	31	792	 42 
104907	376264	325842	568	24605	 39 
104920	376874	325842	472	19455	 31 
103910	374321	325842	948	39868	 30 
104923	372927	325842	952	39258	 29 
104933	377056	325842	30	955	 25 
104934	374789	325842	21	796	 24 ***
104970	372331	325842	950	39582	 19 
104935	373263	325842	945	39410	 15 
104942	372775	325842	954	39766	 12 
103850	375112	325842	955	39807	 12 
104968	373258	325842	951	39830	 10 
104999	373427	325842	939	39669	 6 
104916	373765	325842	948	39464	 2 
104982	373008	325842	949	39291	 1 
104944	372618	325842	952	39729	 0 

104916	368194	326132	950	39855	 97 
104903	369009	326132	945	39537	 96 
103846	373455	326132	944	39873	 88 
104945	368254	326132	949	39997	 87 
104897	372454	326132	577	25251	 87 
104927	374308	326132	31	699	 84 
104851	370244	326132	952	39930	 83 
104925	369229	326132	931	39461	 80 
104927	371819	326132	36	1336	 76 
104927	369432	326132	28	890	 73 
105003	367330	326132	949	39978	 69 
104981	367287	326132	950	39913	 69 
104922	373988	326132	547	23893	 69 
103861	372056	326132	947	39853	 68 
104962	368438	326132	928	39300	 68 
104929	368453	326132	944	39414	 67 
104884	369852	326132	945	39753	 67 
104937	370421	326132	5	262	 67 ***
104896	369407	326132	943	40069	 66 
104962	368821	326132	942	39439	 62 
104949	367713	326132	953	40189	 56 
103760	375289	326132	950	39569	 56 
104891	373786	326132	552	24457	 53 
104964	367973	326132	944	39288	 50 
104881	370465	326132	948	39950	 42 
104909	368826	326132	948	40053	 42 
104936	368030	326132	952	39723	 42 
104918	373057	326132	556	24139	 41 
104128	370771	326132	950	39947	 38 
104939	369213	326132	930	39594	 34 
104960	368276	326132	948	40109	 32 
104978	367746	326132	950	39538	 32 
104905	372148	326132	562	24129	 22 
104922	369717	326132	930	39239	 20 
104271	370860	326132	588	26162	 15 
104890	368111	326132	954	39713	 7 
103750	375364	326132	951	39898	 5 
104958	369361	326132	929	39185	 3 

104828	363148	324971	943	38889	 100 
104795	364184	324971	944	39537	 81 
104809	369539	324971	39	1028	 81 
104796	363670	324971	947	39625	 80 
104796	363364	324971	40	914	 79 
104773	364623	324971	945	39635	 78 
104763	366904	324971	939	39018	 78 
104767	365512	324971	942	39094	 77 
104782	368595	324971	575	24764	 77 
104740	365155	324971	948	39925	 74 
104745	369403	324971	552	23914	 72 
104784	362890	324971	951	39918	 69 
104828	362676	324971	952	39835	 67 
104769	364741	324971	946	39548	 67 
104805	363325	324971	948	39744	 63 
103586	369167	324971	948	39675	 54 
103762	365633	324971	944	39590	 52 
104778	366212	324971	923	38753	 51 
104776	365492	324971	942	39536	 47 
104743	365381	324971	945	39374	 41 
104004	367466	324971	931	39284	 38 
103619	366412	324971	950	39557	 33 
104859	362643	324971	948	39672	 33 
104796	367523	324971	476	19761	 30 
104783	364450	324971	944	39694	 29 
103998	367477	324971	929	39277	 28 
104810	369073	324971	36	1243	 26 
104782	365356	324971	942	39524	 24 
104776	364599	324971	944	39264	 24 
104798	362893	324971	950	39799	 23 
104224	363693	324971	951	39929	 22 
104765	368486	324971	919	38628	 22 
104812	366994	324971	22	1196	 19 ***
104782	363740	324971	946	39660	 18 
104787	364208	324971	924	39026	 18 
104760	365802	324971	940	39372	 17 
104777	363476	324971	948	39856	 12 
104784	367834	324971	477	19732	 12 
103649	366030	324971	948	39580	 7 
104771	365205	324971	945	39511	 4 
104780	365827	324971	933	39462	 2 
104772	365954	324971	926	39006	 0 

104729	364128	324325	952	39500	 99 
104740	364511	324325	939	39300	 97 
104738	369519	324325	30	935	 97 
104772	363996	324325	946	39189	 92 
104725	362878	324325	958	40003	 88 
104747	366093	324325	27	882	 88 
104734	364715	324325	37	1050	 87 
104742	366152	324325	30	1135	 86 
103713	366246	324325	959	39584	 85 
103692	365472	324325	960	39732	 83 
103705	366632	324325	951	39724	 82 
104747	367431	324325	21	431	 82 ***
104744	364665	324325	34	881	 80 
103714	365758	324325	959	39978	 79 
104741	366383	324325	33	1129	 77 
104717	365090	324325	951	39488	 76 
104715	365452	324325	950	39489	 73 
104769	363136	324325	947	39683	 73 
104747	363091	324325	953	39469	 72 
103649	368530	324325	954	39755	 70 
104714	363032	324325	958	39864	 66 
104703	366888	324325	579	25082	 62 
104746	368123	324325	27	768	 61 
103575	366379	324325	960	39952	 56 
104723	365442	324325	939	39030	 56 
104739	365935	324325	34	980	 56 
104719	364707	324325	952	39607	 54 
104792	362610	324325	953	39493	 52 
104180	367859	324325	938	38779	 50 
104701	366814	324325	943	39499	 50 
104196	365122	324325	954	39096	 50 
103568	366749	324325	955	39710	 48 
104697	364615	324325	953	39837	 47 
104704	364322	324325	959	39863	 47 
104739	367619	324325	32	1209	 47 
104756	364423	324325	41	1128	 44 
103559	365604	324325	961	39756	 43 
103940	365547	324325	955	39887	 42 
104725	362591	324325	955	39592	 41 
104705	365529	324325	936	39657	 41 
104707	363679	324325	959	39820	 36 
104747	366208	324325	26	882	 36 
104708	363742	324325	957	39647	 33 
104722	364712	324325	948	39665	 32 
104756	364396	324325	942	39425	 32 
104734	365002	324325	592	25760	 30 
104684	364719	324325	956	39661	 29 
104739	367726	324325	32	1183	 26 
103949	364675	324325	958	39936	 25 
104708	365428	324325	952	39444	 23 
104739	364652	324325	35	912	 21 
104741	363217	324325	947	39495	 20 
104743	365331	324325	31	836	 20 
104742	365361	324325	29	851	 13 
104721	364315	324325	951	39811	 12 
104697	364493	324325	957	39664	 9 
104782	363536	324325	936	39020	 7 
104720	363901	324325	953	39821	 6 
103979	364578	324325	957	39853	 5 
104757	362028	324325	954	39861	 0 

104645	361038	325358	954	39146	 99 
103609	360000	325358	959	39152	 95 
104631	361853	325358	955	38843	 94 
104637	359565	325358	957	38668	 92 
103628	362908	325358	958	39618	 92 
104675	358681	325358	31	964	 92 
104679	361601	325358	20	529	 91 ***
104649	361060	325358	939	38578	 89 
104639	363554	325358	951	38775	 81 
103893	362903	325358	956	39108	 81 
104656	358606	325358	958	39504	 80 
104658	359695	325358	943	38624	 71 
104663	359138	325358	43	1295	 65 
104639	361387	325358	950	39477	 63 
104738	357509	325358	965	39604	 63 
103460	360345	325358	959	39398	 60 
104670	362240	325358	37	875	 60 
104672	359149	325358	37	1112	 55 
103621	365092	325358	957	39257	 54 
104658	359791	325358	956	39348	 50 
104623	363010	325358	953	39230	 49 
104064	358887	325358	958	39329	 43 
104617	362084	325358	956	39054	 42 
104646	359073	325358	957	39173	 39 
104664	361024	325358	42	1310	 34 
104639	360267	325358	955	39149	 32 
104680	361294	325358	24	598	 32 
104653	364009	325358	476	19864	 29 
104648	364028	325358	565	23376	 29 
104653	358141	325358	961	39144	 27 
104679	361250	325358	28	665	 27 
103906	362650	325358	955	39299	 25 
104641	364568	325358	944	38850	 20 
104666	358611	325358	957	39155	 20 
104039	364908	325358	950	39152	 15 
104679	357585	325358	958	39350	 10 
104678	364538	325358	30	813	 10 
104677	358383	325358	32	703	 9 
104644	361747	325358	939	38715	 8 
104626	362662	325358	954	39046	 5 
104672	360786	325358	32	825	 5 
104671	360224	325358	39	903	 3 
104648	358809	325358	964	39632	 2 
104677	358564	325358	956	39145	 0 

104837	4.91454e+007	329073	964	39541	 96 
104852	9.24604e+007	329073	27	770	 96 
104835	9.24607e+007	329073	944	39225	 95 
104882	4.94334e+007	329073	958	39356	 92 
104848	9.24605e+007	329073	942	39194	 88 
104870	4.94347e+007	329073	959	39774	 87 
104890	4.37337e+007	329073	958	39487	 86 
103820	9.24592e+007	329073	956	39345	 85 
104826	9.24591e+007	329073	959	39325	 84 
104859	9.24592e+007	329073	35	858	 81 
104802	9.24617e+007	329073	939	38806	 79 
104860	9.2458e+007	329073	40	1263	 79 
104859	9.24606e+007	329073	21	260	 78 ***
104838	9.24614e+007	329073	941	38745	 76 
104853	9.24586e+007	329073	954	39141	 75 
104833	4.94361e+007	329073	959	39568	 73 
104855	9.24598e+007	329073	31	876	 73 
104873	4.9437e+007	329073	942	39227	 72 
104860	9.24596e+007	329073	31	934	 72 
104870	4.94369e+007	329073	954	39288	 71 
103703	9.2459e+007	329073	960	39470	 65 
104861	9.2458e+007	329073	33	869	 65 
104831	9.24586e+007	329073	959	39244	 63 
104833	9.24596e+007	329073	954	39727	 61 
103693	9.24603e+007	329073	964	39615	 61 
104862	4.94381e+007	329073	956	38816	 59 
104853	9.24602e+007	329073	27	770	 51 
104865	9.24603e+007	329073	22	440	 50 
104929	9.2457e+007	329073	936	38883	 47 
104863	9.24579e+007	329073	939	38999	 46 
104264	9.24625e+007	329073	948	38869	 45 
104273	9.24612e+007	329073	950	38727	 44 
103798	9.24599e+007	329073	958	39340	 43 
104864	8.85048e+007	329073	953	39170	 39 
103695	9.24588e+007	329073	965	39336	 38 
104847	9.24588e+007	329073	951	39252	 38 
104909	4.94366e+007	329073	954	39404	 37 
104806	4.94361e+007	329073	960	39766	 31 
104834	9.2459e+007	329073	950	39300	 29 
104878	4.94362e+007	329073	958	39513	 26 
104857	9.24584e+007	329073	40	1194	 25 
104825	9.24609e+007	329073	954	39066	 20 
104839	4.94358e+007	329073	961	39765	 20 
104848	9.24625e+007	329073	577	23079	 19 
104848	9.24618e+007	329073	566	23418	 17 
103827	9.24603e+007	329073	955	39438	 16 
104834	4.94387e+007	329073	955	38700	 15 
104860	9.24588e+007	329073	35	892	 13 
104850	9.24592e+007	329073	42	1489	 12 
104867	4.94373e+007	329073	957	39682	 11 
104870	9.24596e+007	329073	31	987	 8 
103645	9.24637e+007	329073	965	39893	 2 
104828	9.24615e+007	329073	944	39089	 2 
104863	4.94343e+007	329073	962	38924	 1 
104883	9.24574e+007	329073	941	38907	 0 
104858	9.24594e+007	329073	34	877	 0 

104716	349655	325573	958	39012	 99 
104650	351823	325573	963	39343	 98 
104702	355236	325573	15	388	 97 ***
104692	356769	325573	30	955	 94 
104693	351459	325573	951	39090	 93 
104696	351894	325573	31	1064	 93 
104715	353394	325573	27	781	 92 
103521	356715	325573	957	38803	 91 
104110	355852	325573	950	38321	 89 
103616	353904	325573	951	38763	 88 
104708	351087	325573	33	869	 86 
104670	351181	325573	953	39176	 79 
104701	350683	325573	942	38378	 72 
103539	354060	325573	960	39178	 72 
104705	353508	325573	27	781	 72 
103540	358559	325573	955	39058	 70 
104730	350118	325573	956	38956	 69 
104682	350584	325573	960	39193	 68 
104682	355295	325573	467	19634	 64 
104695	350429	325573	949	38493	 63 
104696	353706	325573	31	1153	 63 
103554	355788	325573	958	39138	 61 
104707	351457	325573	940	38549	 54 
103671	352593	325573	954	38680	 47 
104709	350364	325573	37	1093	 46 
104681	351068	325573	954	38591	 39 
104697	353967	325573	29	1081	 39 
104708	350548	325573	38	1141	 37 
104730	349976	325573	953	38958	 35 
103612	356616	325573	957	39171	 34 
104658	351439	325573	962	39223	 34 
104704	351673	325573	37	1239	 34 
104686	350637	325573	954	38708	 33 
104691	354114	325573	32	1452	 32 
104696	354135	325573	26	766	 31 
103655	353764	325573	955	38960	 24 
104695	350050	325573	960	39313	 21 
104658	351616	325573	951	38361	 20 
104696	352996	325573	38	1370	 16 
104696	354405	325573	27	888	 15 
104690	351838	325573	950	38919	 4 
104653	352866	325573	470	19795	 3 
103581	353152	325573	961	39135	 1 

104694	342169	324511	950	38954	 99 
104700	347319	324511	41	1606	 99 
104683	343171	324511	949	39207	 98 
103561	346272	324511	942	38602	 96 
104693	343315	324511	938	38173	 95 
104089	343875	324511	944	38180	 91 
104709	348167	324511	21	378	 88 ***
104667	343409	324511	953	39088	 86 
103548	345738	324511	945	39056	 85 
104700	344587	324511	42	1576	 85 
104712	346071	324511	32	1041	 82 
103653	344666	324511	946	38851	 81 
104698	343152	324511	947	38762	 77 
104674	345744	324511	943	39095	 74 
104713	344120	324511	33	1140	 74 
104705	349440	324511	30	1102	 73 
103652	343896	324511	951	38877	 65 
104681	346976	324511	940	38867	 64 
104702	345808	324511	37	1428	 59 
103543	348356	324511	948	39092	 58 
104689	346013	324511	939	38516	 56 
104677	343199	324511	952	38944	 53 
104697	346902	324511	461	19566	 53 
104703	345411	324511	37	1161	 49 
104719	345877	324511	30	854	 46 
104704	344914	324511	34	1141	 45 
104710	347049	324511	30	950	 42 
104704	342352	324511	37	970	 41 
104682	346657	324511	940	38558	 40 
104735	342321	324511	462	19467	 34 
104713	346945	324511	29	843	 29 
103544	348943	324511	939	38798	 26 
104675	346184	324511	942	38705	 19 
104703	349648	324511	33	1484	 13 
104710	341967	324511	948	38719	 12 
104675	347709	324511	933	38633	 11 
104693	351847	324511	550	22442	 8 
104708	349602	324511	29	950	 5 

104214	348756	324533	939	38790	 100 
104810	346572	324533	457	19386	 92 
104824	346011	324533	560	22672	 92 
104063	347623	324533	945	38762	 91 
104836	342944	324533	40	935	 91 
104831	343268	324533	39	1471	 90 
104832	347546	324533	33	1101	 86 
104896	342058	324533	941	38444	 77 
104804	344215	324533	946	38314	 73 
104867	341855	324533	948	38202	 69 
104812	344760	324533	944	39059	 67 
104819	344112	324533	944	38862	 67 
104814	345962	324533	932	38326	 66 
104840	345514	324533	30	1126	 65 
104838	347289	324533	27	833	 61 ***
104780	345165	324533	944	38916	 60 
104795	343727	324533	947	38987	 59 
103791	345154	324533	952	39099	 58 
104825	344288	324533	37	1221	 54 
104897	341781	324533	942	38410	 50 
104852	342126	324533	949	38961	 49 
104830	342281	324533	46	1553	 49 
104829	343261	324533	947	38708	 48 
104094	346052	324533	943	38777	 46 
104802	347120	324533	936	38100	 40 
104876	341956	324533	947	39131	 38 
103755	349844	324533	945	39088	 35 
104839	345108	324533	33	940	 35 
103849	348162	324533	944	38512	 33 
104796	346714	324533	940	38684	 30 
103665	347835	324533	946	38970	 29 
103681	347462	324533	953	39088	 27 
104823	344925	324533	943	38795	 27 
104846	342726	324533	31	1071	 27 
104810	345038	324533	938	38574	 22 
104811	343613	324533	952	39158	 16 
104829	346170	324533	35	1099	 15 
103746	347060	324533	950	39130	 13 
104067	347771	324533	944	38944	 7 
104844	342192	324533	48	1628	 4 
103764	345334	324533	948	38846	 3 
104816	342881	324533	948	38914	 2 
104046	347222	324533	946	38689	 1 
104843	344197	324533	37	1129	 0 

104855	340351	324558	938	39089	 100 
103758	344058	324558	941	39003	 100 
104799	341942	324558	943	39108	 100 
104812	341265	324558	941	39043	 95 
104775	343085	324558	944	38888	 90 
104800	342197	324558	41	1000	 85 
104805	343481	324558	37	1043	 84 
104792	343133	324558	43	1328	 74 
103642	346759	324558	941	38942	 69 
103626	343962	324558	942	38926	 68 
104897	341791	324558	935	39154	 68 
104776	342465	324558	942	38732	 67 
104801	341876	324558	38	1229	 65 
104756	343440	324558	950	39208	 63 
104725	345641	324558	940	38942	 61 
104798	345167	324558	33	1060	 51 ***
104808	343389	324558	34	998	 50 
104803	344050	324558	34	918	 49 
103747	343857	324558	945	39323	 47 
104771	346303	324558	936	38445	 43 
104801	343916	324558	36	910	 43 
104252	345931	324558	938	38802	 38 
104794	343214	324558	42	1181	 38 
104772	346538	324558	935	39200	 37 
104798	344224	324558	34	902	 36 
104808	340902	324558	942	39223	 34 
103680	346324	324558	939	38678	 30 
104775	342372	324558	944	39015	 29 
104835	341650	324558	939	39277	 26 
104777	343950	324558	932	38988	 24 
103627	347325	324558	938	38843	 22 
104761	343341	324558	941	39208	 21 
104793	343017	324558	930	38874	 17 
104849	340513	324558	947	39393	 16 
104796	344313	324558	38	1307	 16 
104775	343389	324558	936	39168	 15 
104023	348680	324558	935	39101	 10 
104797	342992	324558	40	1189	 9 
104786	345620	324558	555	23472	 8 
104800	342602	324558	931	39079	 3 

104100	337518	325184	946	39641	 96 
104823	337323	325184	949	39785	 92 
103663	339590	325184	952	39781	 92 
104820	340738	325184	29	797	 91 
104850	336482	325184	943	39077	 88 
104809	337804	325184	942	39405	 74 
104036	341540	325184	945	39301	 72 
103797	342503	325184	942	39536	 67 
104825	338987	325184	31	949	 66 
104015	340502	325184	947	39560	 62 
104821	339411	325184	37	911	 60 
103696	339627	325184	949	39278	 59 
104828	339520	325184	17	313	 58 ***
104802	341891	325184	934	38731	 57 
104832	338731	325184	34	1127	 54 
104830	337758	325184	35	873	 52 
104814	340528	325184	39	1435	 48 
104818	337349	325184	953	39843	 39 
103667	342058	325184	947	39676	 37 
104825	340692	325184	25	756	 36 
103781	342435	325184	946	39565	 35 
104834	337023	325184	33	951	 34 
104819	340648	325184	35	728	 25 
104822	339350	325184	33	976	 24 
104819	338561	325184	39	1030	 20 
104803	341775	325184	937	39258	 18 
104807	340560	325184	461	19473	 17 
104847	336914	325184	954	39708	 14 
104783	341607	325184	942	39154	 13 
104245	339936	325184	945	39518	 12 
104820	339842	325184	36	1336	 11 
104824	340283	325184	26	770	 10 
104809	339916	325184	941	39646	 5 
104822	339580	325184	30	1097	 5 
104812	340081	325184	936	39119	 3 
104793	337889	325184	943	39428	 3 
104817	338869	325184	940	39479	 1 

104890	337860	326861	927	38831	 98 
104872	333459	326861	954	40050	 98 
104838	335591	326861	947	39886	 95 
104901	336538	326861	28	907	 95 
104891	333604	326861	949	39688	 94 
104885	334577	326861	946	39835	 91 
103772	336251	326861	942	39444	 89 
104902	335294	326861	31	864	 85 
103718	336504	326861	929	38655	 83 
103854	335808	326861	953	39562	 77 
104896	336762	326861	28	1143	 77 
104893	337377	326861	38	1115	 73 
104874	334136	326861	951	39771	 64 
104127	334460	326861	951	39575	 64 
104900	336061	326861	29	855	 64 
104896	333274	326861	948	39223	 60 
104847	334885	326861	945	39699	 60 
104905	335734	326861	25	1005	 59 
104905	334311	326861	27	785	 58 
104133	335996	326861	943	39718	 54 
104897	336422	326861	34	1054	 52 
104904	335360	326861	28	903	 49 
104907	332785	326861	32	960	 47 
104894	333797	326861	930	39302	 40 
104913	334111	326861	30	860	 32 
104886	333612	326861	936	39521	 31 
104864	334226	326861	947	39505	 28 
104892	333336	326861	954	39611	 27 
104928	332328	326861	954	39850	 21 
104905	334931	326861	574	24654	 18 
104904	337675	326861	17	529	 16 ***
104892	339323	326861	586	25447	 10 
104899	335700	326861	33	1168	 7 
104876	338566	326861	927	38819	 6 
104898	336730	326861	27	800	 4 
104903	335809	326861	25	765	 3 

105157	334576	334865	32	1137	 99 
104101	338929	334865	954	39651	 96 
105118	338435	334865	574	24220	 95 
105159	335420	334865	25	998	 90 
104124	335904	334865	954	40240	 89 
104119	337692	334865	958	40456	 88 
105150	335633	334865	25	769	 82 
105112	334300	334865	959	40452	 80 
105162	332637	334865	956	40073	 76 
104393	336002	334865	953	39884	 76 
105142	335000	334865	29	1044	 69 
105159	332849	334865	947	39317	 68 
105154	332819	334865	955	40283	 66 
105113	335698	334865	949	39803	 64 
105098	333976	334865	960	40476	 50 
104095	339674	334865	955	40397	 46 
105117	333959	334865	953	40303	 45 
105121	333353	334865	948	39589	 45 
105094	335715	334865	940	39533	 44 
103971	340590	334865	958	40295	 40 
105142	337143	334865	29	922	 37 
105148	337876	334865	25	762	 34 
105153	334814	334865	30	1166	 33 
105135	332978	334865	35	866	 28 
104095	336396	334865	961	40506	 26 
105167	333697	334865	30	860	 26 
105092	336810	334865	950	39614	 24 
104084	337768	334865	956	40424	 24 
105151	336457	334865	18	810	 21 ***
104121	336970	334865	950	40159	 20 
105142	337279	334865	28	854	 18 
105150	337136	334865	26	891	 15 
104019	340048	334865	952	40145	 12 
105109	334850	334865	951	39752	 4 

