#105573	429843	330645	0	0	 96 
#104462	433135	330645	0	0	 90 
#105633	428436	330645	0	0	 74 
#104459	434667	330645	0	0	 66 
#104450	437159	330645	0	0	 64 
#105627	428495	330645	0	0	 47 
#105600	428943	330645	0	0	 47 
#105672	427203	330645	0	0	 46 ***
#105639	427660	330645	0	0	 40 
#105644	427612	330645	0	0	 35 
#105619	428647	330645	0	0	 31 
#105628	428472	330645	0	0	 23 
#104433	437442	330645	0	0	 18 

104390	424105	331743	979	41506	 92 
105429	420728	331743	978	41261	 90 
105366	426567	331743	970	41348	 90 
105453	421075	331743	977	41558	 88 
105464	424448	331743	487	20940	 86 
105382	426446	331743	962	41098	 84 
105477	421144	331743	41	1171	 83 
105412	421583	331743	974	41184	 78 
105475	425276	331743	21	516	 78 
105384	425113	331743	966	41430	 77 
104826	428029	331743	973	41178	 70 
105440	429380	331743	486	20807	 70 
105476	421533	331743	33	1037	 56 
105454	421067	331743	976	41323	 55 
105465	420528	331743	977	41471	 50 
105457	421128	331743	952	40755	 50 
105464	419016	331743	980	41586	 47 
105471	421817	331743	33	1037	 46 
104638	421531	331743	975	41608	 45 
104384	428513	331743	975	41392	 35 
105463	422146	331743	494	21402	 35 
105466	422347	331743	31	911	 33 
105434	419354	331743	978	41640	 32 
105463	426292	331743	37	1121	 29 
105449	422203	331743	552	24022	 27 
105479	420121	331743	11	361	 25 ***
105496	419500	331743	975	41555	 19 
105476	423595	331743	20	504	 19 
104392	425830	331743	978	41696	 17 
104221	425693	331743	979	41695	 16 
105459	421437	331743	950	40817	 16 
105433	423559	331743	493	21329	 14 
105445	422930	331743	557	24414	 14 
105461	424908	331743	485	21179	 13 
105397	421721	331743	568	24559	 10 
104394	424606	331743	974	41393	 5 
105456	428411	331743	490	21124	 3 
105467	418257	331743	976	41570	 2 

104149	421841	330379	970	41050	 99 
105312	418361	330379	944	40423	 99 
105349	414131	330379	962	40865	 99 
104149	417944	330379	973	41183	 99 
105357	416574	330379	32	1365	 99 
105314	416151	330379	959	40428	 98 
104289	416511	330379	962	40568	 96 
105296	419984	330379	960	39885	 96 
105294	421221	330379	957	40276	 94 
105364	416277	330379	35	1041	 94 
105317	416969	330379	945	40406	 92 
105377	420066	330379	22	574	 91 ***
105319	418187	330379	939	39913	 90 
105359	418533	330379	27	1137	 88 
105314	417150	330379	947	40153	 86 
105368	416064	330379	34	941	 86 
105285	415871	330379	966	40559	 85 
105332	414528	330379	966	40499	 83 
105295	416192	330379	961	40620	 74 
105370	415437	330379	960	40773	 72 
105366	417076	330379	28	993	 72 
105332	420585	330379	563	24165	 67 
105368	415782	330379	34	916	 66 
105311	414504	330379	972	41106	 63 
105308	417150	330379	959	40320	 63 
105312	418336	330379	945	40384	 58 
104271	417601	330379	969	40898	 55 
105302	415061	330379	965	39902	 55 
104220	424912	330379	965	40160	 52 
105300	414716	330379	967	40835	 46 
105370	418973	330379	24	818	 45 
105311	420604	330379	944	39849	 44 
105329	416776	330379	934	39695	 41 
104245	422388	330379	968	40793	 39 
104128	421978	330379	969	40580	 38 
105305	421438	330379	948	40294	 31 
105311	420448	330379	957	40790	 31 
105362	418304	330379	31	1007	 31 
105307	420373	330379	958	40558	 30 
105344	417450	330379	561	23608	 30 
105366	418066	330379	29	768	 29 
105330	415094	330379	962	40710	 28 
105344	414366	330379	968	40361	 26 
105351	414011	330379	970	40938	 25 
105366	416296	330379	31	1014	 21 
105374	416961	330379	29	755	 19 
105311	420609	330379	938	40323	 15 
105346	421751	330379	494	21162	 15 
105328	423032	330379	554	25551	 15 
105250	421438	330379	956	40399	 12 
104545	423856	330379	957	40629	 12 
105298	415801	330379	969	41110	 8 
105290	420278	330379	960	40293	 3 

105085	406795	322844	29	970	 100 
105078	411297	322844	24	823	 98 
103885	412826	322844	960	40615	 96 
105029	409578	322844	954	39289	 94 
105005	412953	322844	955	40509	 92 
105028	409826	322844	956	39660	 90 
105035	408899	322844	957	40183	 85 
105011	411625	322844	958	40149	 81 
105086	406357	322844	958	40317	 77 
104994	408412	322844	964	40728	 75 
104993	412189	322844	959	40257	 72 
105083	407764	322844	25	710	 72 
103885	413668	322844	955	40093	 70 
105047	407014	322844	961	40206	 68 
105013	410760	322844	958	39983	 68 
104234	414186	322844	549	23251	 68 
105074	407510	322844	32	911	 65 
105067	412820	322844	31	1182	 64 
105071	408105	322844	960	40347	 63 
105053	415552	322844	480	20153	 62 
105034	409145	322844	958	40204	 56 
105072	408836	322844	27	760	 55 
105014	412040	322844	955	40238	 54 
105000	411933	322844	959	40501	 48 
105045	408815	322844	955	39734	 43 
105009	413601	322844	954	39903	 42 
105034	405345	322844	962	40513	 30 
105001	407786	322844	961	40330	 30 
103986	410894	322844	962	40360	 25 
105016	410118	322844	951	40344	 21 
105088	413815	322844	22	469	 17 ***
105053	408282	322844	577	24858	 15 
105041	409697	322844	550	24674	 13 
105068	408948	322844	32	786	 9 
105037	410216	322844	484	20528	 8 
105015	406230	322844	962	40379	 2 
104220	409199	322844	961	40293	 0 
105016	409048	322844	960	40189	 0 
105005	410850	322844	959	40384	 0 

104905	402551	321079	38	1369	 99 
103824	402690	321079	952	39665	 95 
104886	397931	321079	952	39518	 94 
104900	404447	321079	40	1094	 93 
104872	397478	321079	959	40063	 92 
104907	396727	321079	42	1302	 86 
104849	399604	321079	944	39805	 84 
104277	401736	321079	953	39901	 84 
104847	404004	321079	942	39399	 82 
104263	400617	321079	959	39691	 81 
104873	400437	321079	937	39791	 77 
104903	402891	321079	37	1221	 77 
104297	405535	321079	945	39894	 73 
104899	400143	321079	42	1217	 71 
103777	401859	321079	956	39923	 70 
104866	398182	321079	952	39906	 69 
103803	401909	321079	955	39629	 68 
104905	399159	321079	47	1282	 68 
104909	400036	321079	36	1076	 64 
103815	400385	321079	960	39899	 60 
104835	398313	321079	952	39801	 59 
104822	399509	321079	956	39665	 58 
103821	403006	321079	953	39499	 54 
104801	401157	321079	955	39556	 53 
104807	403477	321079	948	39475	 53 
104820	399561	321079	948	39384	 52 
104875	399431	321079	946	39570	 52 
104894	398361	321079	948	39520	 51 
104899	397334	321079	957	39687	 51 
104885	405547	321079	477	20307	 50 
104864	401237	321079	548	24197	 50 
104289	402250	321079	952	39875	 47 
104818	400179	321079	948	39489	 45 
104908	401433	321079	34	1213	 45 
104906	401886	321079	39	1267	 43 
104905	402440	321079	27	693	 42 ***
104853	402145	321079	942	39365	 41 
104899	400066	321079	44	1236	 39 
104817	400081	321079	956	39913	 35 
104918	399823	321079	41	1095	 35 
104819	403139	321079	947	39534	 34 
104872	397557	321079	955	39746	 34 
104828	398974	321079	954	39817	 31 
104855	398243	321079	954	39841	 30 
104858	398154	321079	954	39872	 30 
104906	398727	321079	945	39409	 22 
104838	404830	321079	943	39579	 18 
104906	401294	321079	35	1119	 13 
104905	399665	321079	46	1200	 12 
104845	399301	321079	947	39581	 9 
104813	397983	321079	957	39968	 9 
104851	405294	321079	540	23170	 9 
104815	401935	321079	949	39304	 7 
104903	403838	321079	41	866	 7 
104807	401438	321079	951	39586	 6 
104909	401051	321079	36	966	 6 
104831	400422	321079	945	39668	 5 
104878	398573	321079	951	39837	 4 
104906	399747	321079	43	1445	 4 
104897	401859	321079	545	23191	 2 
103817	404607	321079	950	39200	 0 
104881	398950	321079	942	39616	 0 

104775	394718	321290	931	38873	 97 
104828	394635	321290	35	596	 97 
103742	396964	321290	945	39858	 96 
104833	395878	321290	32	1144	 95 
104829	395524	321290	33	1388	 94 
104836	393479	321290	34	1163	 93 
104768	391965	321290	950	39593	 92 
104770	396253	321290	943	38915	 90 
104834	394413	321290	34	902	 90 
104803	393603	321290	932	39511	 86 
104809	391562	321290	951	39596	 85 
103984	397136	321290	943	39423	 85 
103740	399911	321290	948	38996	 81 
104838	395438	321290	30	1016	 77 
104740	397863	321290	933	39456	 76 
104029	397775	321290	942	39060	 69 
104759	393643	321290	948	39789	 68 
104766	393534	321290	945	39440	 68 
104782	393307	321290	948	39475	 67 
104821	391786	321290	941	39500	 65 
104788	394139	321290	926	39080	 64 
104822	391442	321290	944	39687	 57 
104835	392463	321290	931	39289	 56 
104773	395033	321290	944	39292	 55 
104791	393111	321290	949	39881	 54 
104842	394160	321290	28	644	 54 ***
104802	391901	321290	950	39336	 53 
104836	393860	321290	39	1418	 53 
104777	398231	321290	562	24142	 51 
104817	398452	321290	483	20632	 49 
103701	397106	321290	955	39877	 49 
104801	392691	321290	949	39267	 46 
104793	395333	321290	539	22735	 46 
104794	393397	321290	945	38884	 41 
103766	394105	321290	946	38764	 41 
104785	394511	321290	943	39389	 41 
104827	395929	321290	28	791	 41 
104826	394249	321290	37	1498	 38 
104825	397549	321290	36	1533	 36 
103740	399328	321290	948	39508	 35 
104733	395509	321290	944	39475	 35 
104813	400427	321290	484	20647	 35 
103711	396763	321290	957	39685	 35 
104810	395223	321290	560	23276	 35 
104770	395669	321290	943	39400	 34 
104834	395572	321290	32	904	 32 
104808	393907	321290	926	38676	 29 
104798	391648	321290	951	39198	 26 
104829	395499	321290	33	962	 22 
104827	396068	321290	35	1193	 21 
104837	394556	321290	32	1384	 20 
104839	390910	321290	954	39721	 17 
104774	397099	321290	942	39418	 16 
104795	392978	321290	947	39557	 16 
104829	394538	321290	34	1274	 15 
104822	397631	321290	31	661	 12 
103635	399556	321290	949	39448	 11 
104818	392956	321290	926	39245	 8 
104780	395332	321290	926	38889	 8 
104821	391385	321290	950	39816	 8 
104806	397055	321290	536	22753	 8 
104800	393856	321290	943	39548	 6 
104768	397553	321290	937	39210	 6 
104809	391413	321290	954	39767	 2 
104751	393394	321290	953	39775	 2 

104502	386846	318893	942	39004	 99 
104563	386333	318893	940	38940	 99 
104528	393149	318893	923	38234	 98 
104557	388941	318893	919	38755	 95 
104576	388670	318893	32	701	 95 
104564	387151	318893	937	38738	 94 
104513	388980	318893	938	38946	 93 
104534	389323	318893	937	38862	 87 
104573	390329	318893	34	1067	 87 
104568	385992	318893	943	39091	 86 
104497	389282	318893	948	38813	 85 
104564	391519	318893	483	20161	 85 
104529	389587	318893	533	22523	 85 
103484	391133	318893	927	38731	 82 
104567	386332	318893	942	38830	 79 
104555	387382	318893	937	38518	 78 
104500	390340	318893	941	38939	 76 
104501	389033	318893	945	39204	 76 
104588	387614	318893	919	38529	 75 
104588	388187	318893	917	38786	 70 
103453	393994	318893	947	38868	 69 
104514	388233	318893	941	38829	 68 
104578	388400	318893	8	507	 66 ***
104499	389688	318893	943	39238	 65 
104483	390007	318893	943	39128	 65 
104498	389515	318893	944	38845	 60 
103367	392143	318893	949	39418	 57 
104510	391161	318893	925	38638	 55 
103901	389360	318893	951	39538	 45 
104542	386772	318893	941	39244	 44 
104514	390271	318893	937	39217	 44 
104506	393230	318893	925	38603	 42 
104539	388470	318893	939	38607	 42 
103329	394082	318893	941	38972	 42 
103453	391407	318893	943	38775	 41 
104574	390554	318893	33	959	 40 
104551	392074	318893	532	22580	 37 
103474	392664	318893	941	38925	 35 
104534	384848	318893	949	39167	 33 
104576	388233	318893	924	38762	 30 
104551	388454	318893	940	38885	 25 
104570	384595	318893	942	39115	 17 
104490	388013	318893	949	39212	 15 
103509	389610	318893	947	39235	 14 
104518	389628	318893	930	38980	 14 
104555	389115	318893	920	38850	 12 
104595	385649	318893	937	38010	 9 
104547	386132	318893	944	39407	 8 
104569	389230	318893	547	22852	 3 
104499	391120	318893	939	39236	 2 
104498	387455	318893	948	39237	 0 
104481	390319	318893	945	39120	 0 

104621	380801	320601	948	38614	 100 
104578	389393	320601	931	38360	 97 
104587	382329	320601	948	38966	 94 
103434	386580	320601	951	39289	 91 
104586	388338	320601	544	22830	 87 
104615	390248	320601	476	19703	 85 
104607	382427	320601	947	39316	 82 
104619	381625	320601	943	39146	 80 
104593	383263	320601	942	38524	 80 
104613	383191	320601	539	22627	 79 
104622	385630	320601	31	935	 69 
104594	382622	320601	944	39001	 60 
104622	385420	320601	30	928	 59 
104544	382541	320601	945	39168	 57 
104622	383811	320601	32	952	 51 
104582	383511	320601	556	23273	 50 
104626	379314	320601	940	38694	 44 
104579	385862	320601	921	38352	 43 
104577	390316	320601	936	38800	 41 
103980	384523	320601	939	39041	 38 
104592	381379	320601	950	39032	 35 
104617	383135	320601	929	38408	 28 
103442	383761	320601	940	38621	 25 
104614	382254	320601	944	39134	 21 
104621	382250	320601	942	38753	 21 
104613	382664	320601	940	38919	 19 
104634	387697	320601	28	890	 15 ***
104613	382893	320601	939	38725	 13 
104628	383785	320601	36	961	 12 
104578	387822	320601	938	38223	 9 
104591	381760	320601	951	39078	 8 
104578	385867	320601	923	38696	 8 
104573	383300	320601	944	39269	 6 
103583	389279	320601	939	38304	 3 

104866	385772	325011	932	38775	 98 
104837	387901	325011	939	38882	 96 
104878	385235	325011	936	38154	 92 
104841	385946	325011	936	38765	 92 
104869	385755	325011	936	38884	 91 
104843	382095	325011	946	38400	 91 
104896	386135	325011	24	1088	 90 ***
104883	389487	325011	34	1274	 89 
104868	388940	325011	40	1476	 87 
104865	386002	325011	935	38484	 86 
104816	385233	325011	945	39155	 81 
104883	390595	325011	30	1136	 80 
104888	384360	325011	32	1166	 79 
104886	386082	325011	34	934	 77 
104820	386002	325011	943	38849	 76 
104872	387661	325011	37	1337	 75 
104882	386448	325011	35	1164	 73 
104819	390600	325011	939	38362	 67 
104861	383191	325011	945	38919	 66 
104818	392565	325011	935	38944	 65 
104868	385058	325011	937	38141	 64 
104825	389615	325011	933	38800	 57 
104038	388550	325011	941	38696	 57 
104857	384924	325011	939	38608	 56 
104886	384430	325011	45	1441	 56 
103677	390225	325011	945	38938	 52 
103821	386094	325011	942	38862	 52 
104880	385012	325011	42	1557	 51 
104863	383890	325011	939	38683	 48 
104848	386302	325011	533	22851	 46 
104828	388170	325011	939	38399	 45 
104887	386092	325011	32	1144	 44 
104894	386512	325011	30	649	 43 
104844	387472	325011	526	21779	 41 
104913	383530	325011	935	38992	 40 
104837	385887	325011	937	38958	 38 
104824	383496	325011	940	38975	 33 
104842	385472	325011	939	38724	 32 
104832	383461	325011	940	38843	 31 
103793	389366	325011	940	38711	 29 
104886	384653	325011	36	1411	 29 
104890	386987	325011	31	778	 26 
104866	383782	325011	939	38666	 23 
104871	382133	325011	942	38980	 23 
104061	384208	325011	949	38674	 19 
104814	386177	325011	940	38826	 10 
104809	388851	325011	940	38778	 9 
104889	383210	325011	937	38848	 7 
104821	385442	325011	942	39030	 6 
104056	392280	325011	939	38317	 5 
104891	381318	325011	939	38732	 4 

104781	380338	322693	938	38366	 99 
104829	377345	322693	937	38488	 98 
104828	378795	322693	47	1351	 98 
103740	381007	322693	947	38980	 95 
103763	384356	322693	944	39172	 93 
104760	373168	322693	948	38968	 90 
104834	377072	322693	40	1143	 90 
104835	375043	322693	480	19740	 87 
104774	377209	322693	944	38589	 87 
104795	379329	322693	933	37651	 84 
104762	380443	322693	941	39081	 82 
104808	377131	322693	938	38854	 81 
104785	379937	322693	940	38711	 76 
104775	377722	322693	942	38932	 76 
104239	380570	322693	941	38908	 75 
104801	379235	322693	928	37831	 72 
103746	381629	322693	945	38883	 72 
104191	380227	322693	943	39008	 71 
104787	381839	322693	936	38529	 70 
104774	378336	322693	944	38999	 70 
104202	381271	322693	942	38932	 69 
104775	382073	322693	932	38899	 68 
104825	379419	322693	50	2269	 65 
104026	384212	322693	940	38840	 61 
104794	379271	322693	934	37900	 60 
104810	378473	322693	934	38070	 60 
104765	383758	322693	937	38687	 55 
104813	374575	322693	942	38761	 53 
104828	379003	322693	34	923	 51 
104797	378737	322693	936	38841	 45 
104791	377396	322693	940	38715	 45 
103785	378722	322693	949	39100	 44 
104033	378056	322693	946	38544	 42 
104837	376974	322693	39	1299	 42 
103632	381823	322693	946	38890	 39 
104759	379361	322693	945	39036	 37 
104806	378752	322693	548	23418	 37 
104744	381471	322693	939	38671	 34 
104028	381539	322693	944	39057	 31 
104770	377966	322693	945	39138	 31 
104828	378619	322693	49	1271	 28 
104820	377711	322693	932	38616	 27 
104830	378614	322693	48	1628	 16 
103735	380852	322693	948	39058	 15 
104834	377764	322693	25	364	 9 ***
104046	380427	322693	944	38990	 8 
104818	379460	322693	534	23006	 6 
104767	381092	322693	940	38711	 4 
104795	375022	322693	941	38531	 3 
104756	383034	322693	938	38349	 2 
104828	381273	322693	41	1353	 0 

103654	379164	324193	950	39623	 96 
104823	374012	324193	10	299	 96 ***
104771	374270	324193	953	39738	 95 
104778	373195	324193	948	39581	 94 
104755	375290	324193	946	39503	 93 
104753	378589	324193	943	39059	 92 
104775	373845	324193	951	39607	 88 
104801	373782	324193	921	38515	 87 
104818	379461	324193	22	776	 86 
104773	376765	324193	943	38926	 84 
104768	374895	324193	952	39605	 82 
103652	376426	324193	954	39726	 78 
103767	375533	324193	945	39447	 75 
104803	378198	324193	526	22071	 74 
104806	375113	324193	30	892	 73 
103743	377439	324193	948	39744	 72 
104776	377413	324193	942	38898	 65 
104801	372821	324193	958	39569	 63 
103710	377657	324193	948	38998	 56 
104814	377052	324193	23	585	 54 
104824	372843	324193	944	39261	 50 
104775	374827	324193	948	39264	 49 
103762	375281	324193	953	39596	 46 
104810	372846	324193	955	39894	 46 
104819	372066	324193	948	39237	 45 
104768	378912	324193	937	39303	 42 
104768	374758	324193	953	39270	 41 
104820	371988	324193	951	39461	 41 
104801	373252	324193	918	37295	 31 
104782	375807	324193	930	39148	 28 
104776	374471	324193	947	39596	 27 
104788	374688	324193	945	39475	 25 
104817	371864	324193	954	39660	 24 
104809	374131	324193	31	1140	 24 
104793	373167	324193	947	39115	 18 
104814	378210	324193	29	894	 17 
104811	372644	324193	945	39400	 15 
104748	374718	324193	956	39867	 12 
104773	375017	324193	949	39513	 12 
104775	374821	324193	943	39232	 11 
104809	372985	324193	951	39710	 8 
104773	378646	324193	528	23005	 7 
104775	377606	324193	554	24566	 4 
104808	373079	324193	950	39516	 3 
103640	379472	324193	933	39121	 3 
104788	374642	324193	557	24133	 1 

103987	371761	324690	946	39670	 95 
104827	372977	324690	21	604	 94 
104755	370869	324690	937	39490	 93 
104849	369827	324690	913	38671	 93 
104830	370404	324690	6	198	 91 ***
104816	373092	324690	40	1336	 90 
104804	368539	324690	916	38825	 88 
104825	374251	324690	31	1140	 85 
104782	370441	324690	941	39010	 78 
104846	369032	324690	914	38822	 76 
104823	375849	324690	31	1387	 75 
103812	371924	324690	943	39192	 74 
103739	375637	324690	943	39340	 68 
104252	371948	324690	931	38515	 67 
104816	374732	324690	535	23726	 67 
104214	371181	324690	950	39871	 64 
104801	369129	324690	943	39404	 64 
103778	375647	324690	940	39205	 63 
103768	373332	324690	943	39266	 62 
104825	373282	324690	33	1039	 62 
104826	378311	324690	29	744	 60 
104779	369169	324690	943	39266	 54 
104228	375613	324690	941	39663	 52 
103625	373035	324690	945	39288	 48 
104825	371701	324690	33	986	 46 
104758	372178	324690	919	39095	 40 
103979	374661	324690	942	39656	 33 
104774	369698	324690	951	39822	 32 
104825	374141	324690	32	961	 31 
104833	368329	324690	947	39757	 27 
104817	375299	324690	33	1266	 21 
103627	374486	324690	944	39421	 20 
104793	370716	324690	536	23577	 3 
104818	370183	324690	34	1155	 1 

104934	372136	325842	951	39814	 100 
104982	373123	325842	925	39044	 95 
104881	374085	325842	955	39812	 95 
104903	374064	325842	951	39620	 93 
104938	376276	325842	29	1330	 92 
104888	376835	325842	948	39481	 87 
104980	371733	325842	950	39952	 77 
104947	373606	325842	6	142	 76 ***
104977	372791	325842	949	39178	 73 
104886	377453	325842	950	39807	 72 
104957	371876	325842	955	39538	 71 
104915	374268	325842	942	39625	 70 
104898	374364	325842	511	21961	 66 
104886	374176	325842	954	40023	 64 
104972	372503	325842	950	39700	 61 
104971	371931	325842	954	39760	 61 
104938	376701	325842	29	901	 58 
104896	374079	325842	951	39422	 57 
103890	375815	325842	955	39703	 54 
104926	373122	325842	949	39162	 53 
104914	377733	325842	472	19309	 52 
104889	376491	325842	939	38717	 49 
104887	377754	325842	929	39447	 48 
103809	378190	325842	945	39572	 48 
104932	373169	325842	948	39129	 44 
103886	377871	325842	951	39731	 42 
105001	372631	325842	947	39157	 39 
104942	373658	325842	15	555	 38 
105004	372009	325842	945	39677	 36 
104905	373122	325842	953	39560	 36 
104921	377526	325842	477	19830	 33 
104892	375553	325842	951	39620	 30 
104923	372067	325842	952	39660	 25 
103767	374893	325842	958	39870	 11 
104915	372605	325842	953	39167	 8 
104927	373732	325842	32	1146	 7 
103911	374677	325842	952	39734	 5 
104960	372967	325842	948	39302	 4 
104379	377569	325842	948	39218	 1 

104935	369977	326132	30	913	 100 
103882	374276	326132	949	39758	 99 
104872	373781	326132	944	39727	 98 
104342	373185	326132	945	40012	 96 
103872	375755	326132	947	39658	 94 
105001	367701	326132	946	39829	 83 
104906	371533	326132	929	39608	 80 
103853	372692	326132	950	39508	 80 
104937	369631	326132	31	1157	 80 
104929	372307	326132	34	1237	 72 
104922	368361	326132	944	39453	 70 
104920	370397	326132	945	39558	 68 
104976	367544	326132	947	39798	 62 
103891	369975	326132	952	40104	 58 
104941	369257	326132	929	39149	 57 
104947	368932	326132	918	39111	 56 
104881	371621	326132	946	39859	 50 
104893	368375	326132	950	39974	 50 
103913	372819	326132	947	39371	 49 
104951	372659	326132	29	1019	 47 ***
104903	369531	326132	947	39461	 42 
104878	372745	326132	945	39982	 42 
103803	375225	326132	950	40069	 41 
104977	368909	326132	924	39014	 40 
104919	372240	326132	928	39121	 40 
104889	369824	326132	949	40157	 39 
104924	370232	326132	930	39646	 32 
104940	369510	326132	942	39537	 30 
104944	367337	326132	952	39776	 29 
103725	372240	326132	954	39983	 27 
104937	367367	326132	952	39990	 26 
104881	372422	326132	944	39703	 25 
104929	370617	326132	38	1679	 23 
104889	372072	326132	933	39394	 22 
104883	373851	326132	943	39360	 20 
104931	368125	326132	951	40218	 20 
104915	372265	326132	925	39072	 19 
104919	370084	326132	946	39883	 19 
104895	370422	326132	930	39067	 18 
104941	369276	326132	45	1418	 18 
104946	368016	326132	951	39927	 16 
104865	376087	326132	943	39695	 15 
104934	369513	326132	35	1500	 14 
104892	369027	326132	948	40168	 7 
104952	367579	326132	950	39997	 5 
104150	369952	326132	947	40110	 2 

104813	365754	324971	39	932	 100 
104787	363274	324971	950	39837	 98 
104812	366886	324971	38	1377	 96 
104799	368832	324971	539	23368	 90 
104796	368688	324971	930	38929	 89 
104800	370033	324971	47	1545	 86 
104770	365293	324971	934	39636	 83 
104814	363913	324971	40	1186	 83 
104812	367922	324971	35	1249	 82 
104749	367115	324971	934	39461	 81 
103571	367152	324971	947	39423	 80 
104883	363447	324971	945	39807	 73 
104732	367209	324971	941	38989	 67 
104825	363595	324971	944	39763	 62 
103989	364549	324971	946	39715	 54 
104835	363562	324971	945	39682	 53 
104812	367021	324971	40	1447	 51 
103640	366066	324971	945	39120	 49 
104772	363714	324971	932	38707	 37 
104803	363663	324971	41	1043	 34 
104740	365811	324971	944	39690	 29 
104825	364658	324971	37	891	 28 
104805	362748	324971	947	39571	 24 
104755	366085	324971	940	39651	 23 
104814	364954	324971	32	625	 14 ***
104810	367243	324971	40	1630	 12 
103609	367696	324971	938	39848	 8 
104846	363502	324971	945	39228	 7 
104771	369080	324971	926	38823	 1 
104825	362664	324971	950	39438	 0 

103915	367898	324325	953	39869	 99 
104787	362957	324325	951	39917	 99 
104739	364615	324325	481	20064	 97 
103559	368358	324325	959	39565	 89 
103980	364428	324325	959	39848	 89 
104742	366664	324325	34	1085	 88 
104750	364545	324325	939	39442	 86 
103944	367164	324325	954	39164	 84 
104735	364713	324325	937	39144	 83 
104736	362863	324325	957	39719	 83 
104744	365696	324325	35	893	 79 
104743	363453	324325	948	39465	 77 
104747	366671	324325	30	1038	 76 
104713	362801	324325	958	39786	 68 
103542	365171	324325	960	40033	 66 
103708	365377	324325	956	39636	 61 
104744	364579	324325	549	23819	 61 
104731	365257	324325	933	38697	 58 
104743	366463	324325	41	1359	 56 
104737	365720	324325	932	39358	 54 
104753	363576	324325	944	39347	 53 
104743	366010	324325	37	1381	 53 
104748	363217	324325	955	39477	 52 
104728	364671	324325	948	39062	 52 
104731	368782	324325	934	39268	 50 
104738	365238	324325	935	39482	 48 
104694	368777	324325	947	39350	 47 
104750	365547	324325	36	1137	 47 
104719	363563	324325	952	39563	 46 
103679	367953	324325	953	39653	 43 
104765	360511	324325	956	39207	 42 
104749	365748	324325	34	1129	 41 
104697	367928	324325	943	39110	 39 
104746	365430	324325	37	1141	 38 
104748	364572	324325	37	938	 37 
104682	368510	324325	951	39004	 33 
104745	362681	324325	957	39622	 33 
104692	365020	324325	951	39320	 30 
104147	363602	324325	955	39257	 30 
103567	371097	324325	958	39874	 26 
104736	364589	324325	947	39204	 26 
104742	365624	324325	42	1668	 24 
104703	369750	324325	942	39180	 22 
104732	366963	324325	567	24153	 22 
104705	365701	324325	935	38690	 20 
104737	363027	324325	956	39549	 19 
104748	362091	324325	953	39323	 17 
104751	363652	324325	30	788	 15 
104143	363674	324325	958	40016	 14 
104731	364029	324325	951	39487	 12 
104751	364804	324325	13	626	 10 ***
103615	368902	324325	952	39351	 9 
103670	370150	324325	947	39597	 8 
103588	366720	324325	958	39721	 6 
104727	364277	324325	951	38942	 0 

104683	358897	325358	28	650	 98 
104699	358568	325358	952	38961	 97 
103538	366680	325358	957	39205	 96 
104663	359980	325358	34	988	 94 
104601	363870	325358	954	39423	 93 
104643	358348	325358	963	39455	 93 
104684	361053	325358	20	768	 92 ***
104596	365227	325358	949	38901	 90 
104682	359195	325358	947	38679	 87 
104653	360248	325358	956	38782	 84 
104680	361439	325358	30	809	 81 
103866	359272	325358	961	39401	 79 
103610	364360	325358	956	39305	 77 
104621	360874	325358	951	38814	 77 
104647	360381	325358	953	39466	 72 
104689	358005	325358	959	39512	 71 
104662	359927	325358	953	39095	 71 
104658	358144	325358	956	39152	 70 
103899	363749	325358	956	39509	 68 
104655	360168	325358	940	38701	 68 
104674	360037	325358	33	851	 67 
103582	364876	325358	958	39150	 59 
104653	359487	325358	958	39024	 53 
104736	358444	325358	935	38810	 53 
104744	356859	325358	966	39541	 51 
104748	357996	325358	956	39243	 48 
104657	358499	325358	961	39544	 46 
104668	359509	325358	952	38846	 45 
104674	359819	325358	935	38528	 44 
103895	363980	325358	958	39519	 39 
104733	357697	325358	958	39532	 37 
104671	357579	325358	961	39686	 37 
104639	360436	325358	556	22085	 34 
104626	363652	325358	946	39105	 31 
103493	359661	325358	959	39128	 31 
104665	359007	325358	954	39140	 26 
103469	365983	325358	965	39639	 25 
103661	365659	325358	955	39519	 22 
104686	358502	325358	953	39301	 20 
104638	359881	325358	957	38973	 17 
104718	358763	325358	935	38941	 16 
104660	359268	325358	955	39331	 12 
104633	360526	325358	958	39354	 12 
104682	359667	325358	30	658	 8 
104681	358867	325358	952	39353	 3 

104806	362687	329073	946	38945	 99 
104855	358767	329073	960	39547	 96 
104828	361210	329073	958	39351	 94 
104830	359523	329073	965	39924	 94 
104844	360621	329073	952	39209	 93 
104883	360475	329073	938	38627	 89 
104843	361259	329073	940	38595	 88 
104867	363825	329073	18	810	 88 
104864	361544	329073	35	906	 86 
104853	358877	329073	959	39369	 84 
103697	363917	329073	967	39410	 83 
104832	360469	329073	959	39372	 81 
104800	362866	329073	959	39411	 80 
104873	358394	329073	961	39293	 79 
104905	360333	329073	940	38668	 78 
104259	361974	329073	960	39656	 77 
104256	360415	329073	961	39523	 76 
104862	361651	329073	29	872	 74 
104851	361107	329073	942	39116	 73 
103643	364590	329073	964	39689	 67 
103725	362703	329073	961	39670	 66 
104894	358906	329073	958	39170	 60 
104867	360579	329073	32	1093	 57 
104878	360540	329073	943	39069	 54 
104840	361229	329073	942	39192	 53 
104872	363345	329073	13	464	 48 ***
104853	360104	329073	953	39407	 47 
104837	358927	329073	954	39551	 44 
104898	360233	329073	949	39200	 43 
104865	361500	329073	36	1400	 40 
104827	362005	329073	935	39001	 35 
104886	358710	329073	960	38619	 34 
104828	360217	329073	960	39652	 34 
104861	362479	329073	32	1023	 34 
103773	361815	329073	962	39817	 32 
103717	364209	329073	955	39751	 31 
104855	359179	329073	950	39355	 29 
104856	362689	329073	29	1055	 27 
103803	364155	329073	959	39784	 25 
104860	361750	329073	33	957	 22 
104846	361801	329073	572	23825	 21 
103808	361252	329073	964	39714	 16 
104938	360215	329073	946	39105	 15 
104862	361917	329073	27	803	 10 
104834	359940	329073	964	39884	 9 
104869	363248	329073	26	766	 8 
104097	363082	329073	954	39047	 3 
104836	361645	329073	951	39317	 3 
104808	361649	329073	958	39238	 2 
104862	363954	329073	17	403	 0 

104693	350104	325573	954	38854	 100 
104699	350891	325573	27	1010	 100 
104708	349870	325573	955	38858	 98 
104669	354925	325573	948	38002	 98 
104698	350940	325573	28	1025	 95 
104686	354377	325573	948	38031	 92 
104697	354367	325573	33	1481	 88 
103534	352041	325573	958	39047	 86 
104687	351618	325573	951	38934	 84 
104689	351351	325573	954	38961	 83 
104702	353413	325573	18	777	 83 ***
104662	353195	325573	953	38946	 82 
103667	354937	325573	956	38925	 81 
103607	350964	325573	958	38960	 72 
104678	350143	325573	960	38700	 71 
104668	352990	325573	953	38926	 68 
104658	352055	325573	956	38641	 68 
104691	350837	325573	958	39279	 67 
104700	349642	325573	963	39260	 66 
103668	353366	325573	953	38837	 65 
104702	350680	325573	953	38262	 64 
104717	353273	325573	24	786	 61 
104718	349790	325573	960	39183	 59 
103954	357375	325573	941	38767	 58 
104695	351862	325573	949	38926	 57 
104718	349433	325573	958	39074	 54 
104663	354050	325573	949	38640	 53 
104741	350528	325573	952	38873	 53 
104659	356305	325573	946	38594	 53 
104667	356825	325573	939	38590	 51 
104680	354607	325573	939	38558	 47 
104687	352801	325573	947	39017	 46 
104694	354041	325573	942	38606	 45 
104667	350918	325573	958	38803	 45 
104711	353328	325573	26	766	 45 
103448	357714	325573	956	39060	 43 
104791	349816	325573	957	39159	 42 
104683	353404	325573	951	38857	 41 
104658	355059	325573	952	39089	 35 
104695	352353	325573	946	38935	 31 
104758	350247	325573	948	38764	 23 
104689	352762	325573	949	39121	 22 
104696	351077	325573	952	38527	 21 
104735	349827	325573	955	38875	 19 
104693	355351	325573	563	22706	 19 
104608	355853	325573	949	38838	 17 
104688	354010	325573	946	38766	 15 
104672	353506	325573	949	38647	 14 
104708	350659	325573	37	1098	 12 
104670	350874	325573	955	39231	 9 
104652	352365	325573	955	38887	 8 
104662	352826	325573	954	38908	 8 
103503	354902	325573	958	39210	 8 
104689	354581	325573	945	38675	 7 
104686	353172	325573	950	38979	 4 

104704	345138	324511	930	38319	 99 
104713	345816	324511	12	159	 98 ***
104719	343165	324511	34	870	 94 
104735	342853	324511	945	38978	 91 
104707	346481	324511	36	1447	 89 
104709	346469	324511	33	972	 86 
104736	342240	324511	954	39265	 82 
104655	346183	324511	946	38847	 81 
104672	343355	324511	943	38770	 79 
104742	342184	324511	945	38616	 75 
104706	346667	324511	23	742	 73 
104689	345754	324511	938	38662	 72 
103656	346274	324511	951	38945	 66 
104710	345910	324511	39	1413	 66 
104668	344478	324511	948	38880	 57 
104666	346023	324511	949	39199	 56 
104749	342354	324511	942	38652	 55 
103871	346222	324511	943	38603	 55 
103525	346699	324511	947	38964	 50 
104707	344151	324511	932	38272	 47 
103514	348163	324511	953	39029	 42 
103638	346435	324511	945	39052	 40 
104711	346181	324511	29	1122	 39 
104723	342946	324511	946	38497	 38 
104711	345937	324511	33	1433	 37 
104761	341807	324511	949	39308	 35 
104702	347982	324511	550	22731	 33 
103659	347093	324511	943	38620	 32 
104705	346518	324511	27	849	 31 
104680	347280	324511	935	38643	 29 
104709	343078	324511	945	39049	 29 
104649	346182	324511	947	38584	 28 
104729	342901	324511	946	38799	 26 
104734	342563	324511	951	39004	 22 
104700	342521	324511	954	38948	 18 
104720	342396	324511	952	39018	 17 
104670	345117	324511	941	38716	 15 
104678	351313	324511	940	38591	 14 
104708	346044	324511	35	1246	 14 
104701	346552	324511	925	37955	 13 
104688	342866	324511	948	39158	 12 
104653	343754	324511	952	38809	 12 
104173	344507	324511	950	39247	 11 
104689	345538	324511	932	37995	 9 
104711	343548	324511	27	1139	 9 
104740	342481	324511	949	39212	 4 
104697	350143	324511	546	21649	 3 
104693	345997	324511	931	38648	 2 

104842	342727	324533	950	39103	 95 
104054	344124	324533	947	38393	 94 
104091	343808	324533	949	38980	 94 
104896	342799	324533	933	38059	 94 
104877	342230	324533	945	38748	 93 
104909	342767	324533	935	38205	 91 
104849	345865	324533	16	1016	 88 ***
104833	344922	324533	32	1624	 85 
104823	344775	324533	941	38073	 71 
104814	343340	324533	947	38969	 68 
104859	342318	324533	945	39081	 67 
104809	344474	324533	944	38573	 64 
104047	345093	324533	950	38518	 64 
104845	344484	324533	44	1165	 62 
104818	344551	324533	943	38771	 60 
103787	346976	324533	951	39089	 60 
104047	344969	324533	952	38857	 57 
104830	342871	324533	943	38389	 57 
104878	341649	324533	954	39160	 52 
104849	344984	324533	29	1372	 49 
104869	341783	324533	955	39009	 47 
104830	346122	324533	925	38001	 47 
104852	343089	324533	44	1748	 46 
104248	344823	324533	930	38159	 45 
103792	347109	324533	942	38718	 43 
104850	344773	324533	31	1385	 38 
104822	344326	324533	945	38616	 37 
104845	342104	324533	947	38804	 34 
104831	342778	324533	946	39149	 34 
104842	344821	324533	922	37827	 33 
104841	344361	324533	934	38539	 30 
104843	345787	324533	28	822	 29 
104841	344749	324533	939	38305	 28 
103676	348282	324533	944	39049	 27 
103800	346836	324533	946	38774	 23 
104816	343177	324533	948	38769	 21 
104855	344052	324533	42	1394	 15 
103828	345786	324533	943	38597	 12 
104826	342427	324533	952	39144	 11 
104832	344471	324533	940	38760	 9 
104850	343845	324533	940	38910	 9 
104828	343516	324533	941	38923	 7 
104862	342966	324533	941	38888	 6 
104813	342758	324533	952	39132	 3 
104850	344292	324533	938	38470	 3 
104841	346324	324533	26	1115	 2 
103671	347930	324533	947	38709	 1 
104853	344648	324533	34	1061	 1 

104803	345098	324558	472	20119	 91 
104806	344810	324558	29	815	 88 
104803	341314	324558	947	39056	 86 
104807	346764	324558	20	988	 83 ***
104812	344607	324558	30	575	 82 
103771	343952	324558	936	39150	 78 
104792	342755	324558	936	39055	 77 
104775	344889	324558	925	38624	 75 
104793	341882	324558	925	38377	 75 
103738	342953	324558	945	39194	 74 
104813	343122	324558	40	999	 73 
104807	344658	324558	28	785	 70 
104797	341586	324558	942	38399	 69 
104804	347273	324558	30	1093	 66 
104780	342987	324558	572	23650	 52 
103747	342651	324558	943	38986	 51 
104809	343952	324558	40	1651	 51 
104835	341841	324558	925	38641	 50 
104796	341771	324558	944	38448	 45 
104774	344273	324558	927	38521	 44 
104775	341942	324558	942	38876	 43 
104818	346623	324558	27	597	 41 
103617	343039	324558	940	38702	 37 
103726	344518	324558	935	38614	 30 
104803	345379	324558	42	1689	 21 
104844	341171	324558	939	39044	 17 
104819	343717	324558	32	892	 13 
104781	342436	324558	939	39063	 9 
104825	339914	324558	950	39521	 6 

104830	337331	325184	944	39002	 100 
104817	342620	325184	547	22750	 98 
104805	340851	325184	938	39246	 97 
104827	340815	325184	29	797	 95 
104815	336031	325184	951	39868	 94 
103796	339931	325184	949	39873	 90 
104818	341120	325184	935	39056	 88 
104818	341925	325184	28	959	 87 
104827	341008	325184	33	885	 85 
104862	338251	325184	939	39183	 83 
104820	342958	325184	24	1035	 77 
104883	337642	325184	942	39221	 76 
104868	338067	325184	942	39655	 74 
103690	342251	325184	942	39058	 74 
103787	340948	325184	946	38965	 73 
104828	339574	325184	29	819	 69 
103658	343759	325184	949	39661	 68 
104813	341459	325184	936	38793	 54 
103691	341462	325184	949	39674	 53 
103818	339060	325184	945	39757	 51 
104824	340880	325184	37	1136	 43 
104865	338016	325184	943	39321	 42 
104832	338642	325184	932	38619	 41 
104831	341230	325184	24	518	 41 
104924	337116	325184	933	38957	 39 
104065	338918	325184	952	39768	 36 
104824	338202	325184	941	38986	 35 
103767	341382	325184	952	39520	 34 
104798	342747	325184	939	39365	 31 
104833	341164	325184	27	1036	 31 
104784	337688	325184	949	39743	 27 
104828	341263	325184	23	655	 26 ***
104823	338855	325184	935	39204	 25 
104826	342717	325184	27	778	 25 
104881	337862	325184	938	39131	 23 
103731	341388	325184	949	39495	 21 
104858	337222	325184	944	39493	 21 
104801	341898	325184	554	22905	 20 
104856	336979	325184	947	39588	 18 
103773	342106	325184	944	39592	 16 
104828	342177	325184	26	884	 16 
104821	337211	325184	950	39726	 15 
104852	336784	325184	949	39613	 15 
104832	338372	325184	33	975	 15 
104777	338253	325184	943	39574	 10 
104818	340242	325184	941	39530	 10 
103769	342220	325184	948	39590	 6 
104801	340571	325184	939	39028	 6 
104835	340024	325184	28	892	 6 

104875	335161	326861	943	39337	 99 
104869	337926	326861	933	39139	 99 
104912	333198	326861	938	38828	 98 
104872	333541	326861	948	39436	 97 
104909	337434	326861	19	345	 97 
104885	336144	326861	942	39521	 96 
104891	334702	326861	934	39015	 91 
104901	335764	326861	27	639	 90 
104898	336103	326861	30	872	 89 
104911	333745	326861	39	1016	 83 
104898	333633	326861	944	39588	 77 
104857	334246	326861	946	39715	 76 
104911	337349	326861	16	278	 65 ***
104874	336436	326861	936	39025	 55 
104990	332297	326861	950	39795	 54 
104916	333040	326861	949	39755	 53 
103748	334532	326861	947	39267	 53 
104898	337344	326861	29	854	 51 
104885	333961	326861	947	39872	 50 
104866	336680	326861	945	39083	 50 
104886	334056	326861	938	39316	 49 
103715	337736	326861	952	39348	 47 
104900	338366	326861	28	775	 47 
104897	339207	326861	29	869	 44 
104906	338208	326861	24	479	 37 
104939	332736	326861	948	39239	 36 
104901	334091	326861	29	1026	 34 
104964	332738	326861	946	38905	 33 
104898	339160	326861	28	900	 32 
103759	339287	326861	940	38924	 29 
104901	333155	326861	948	39665	 10 
104875	332588	326861	950	39331	 4 
103742	335959	326861	957	40003	 3 
104895	335072	326861	32	848	 3 
104853	338109	326861	946	38930	 2 

105131	334049	334865	951	40252	 96 
105135	334503	334865	950	39865	 95 
104090	337681	334865	953	40002	 93 
105154	333312	334865	954	40304	 92 
105143	338739	334865	23	732	 90 
105160	335487	334865	30	812	 86 
105144	335677	334865	10	449	 84 ***
105167	334438	334865	934	39449	 83 
105207	333431	334865	947	39803	 81 
105116	334355	334865	951	39960	 81 
104559	333582	334865	955	40153	 80 
105130	338053	334865	939	39842	 80 
105134	336523	334865	28	856	 80 
105106	339125	334865	943	39855	 79 
105127	333565	334865	954	40247	 79 
105148	335001	334865	40	1041	 79 
104397	333184	334865	956	40176	 76 
105144	335062	334865	31	821	 76 
104104	334884	334865	950	40052	 73 
104062	337711	334865	955	40172	 70 
105155	335049	334865	39	1029	 70 
105163	334476	334865	946	39682	 68 
105138	335989	334865	555	22737	 68 
105141	336074	334865	28	896	 66 
105141	333964	334865	951	40287	 59 
105117	335843	334865	947	40132	 57 
104571	336135	334865	947	39965	 56 
103956	339440	334865	957	40082	 55 
105146	333665	334865	949	40003	 54 
105118	334919	334865	940	39943	 54 
105155	334977	334865	32	990	 54 
105105	333130	334865	955	39785	 53 
105165	334587	334865	943	39859	 51 
105181	334784	334865	931	39535	 45 
105115	334642	334865	950	40169	 45 
105180	333663	334865	948	39338	 45 
104555	337029	334865	945	39335	 44 
105199	333605	334865	939	39503	 42 
105104	333988	334865	952	40307	 38 
105205	333597	334865	948	39761	 35 
103992	337857	334865	950	40271	 34 
105174	333229	334865	950	40333	 29 
105172	333635	334865	953	40094	 24 
105205	332588	334865	950	40273	 22 
105152	333891	334865	947	39807	 22 
105188	332629	334865	956	40268	 20 
104103	336422	334865	951	39180	 14 
103998	335862	334865	961	40490	 12 
105175	333166	334865	954	39598	 12 
105195	331796	334865	952	39859	 8 
105189	333457	334865	949	39592	 8 
105184	333921	334865	945	39838	 7 
105150	334297	334865	948	40025	 2 

