#104459	434659	330645	0	0	 90 
#104565	432426	330645	0	0	 85 
#105616	426380	330645	0	0	 69 ***
#105577	429564	330645	0	0	 67 
#105597	428349	330645	0	0	 37 
#104642	430629	330645	0	0	 36 
#105605	427571	330645	0	0	 15 
#104499	433548	330645	0	0	 11 
#104823	430405	330645	0	0	 1 

105437	419068	331743	974	41112	 99 
105393	425385	331743	971	40909	 97 
105425	419934	331743	32	1076	 95 
104276	428969	331743	978	40853	 93 
105387	423637	331743	974	41263	 91 
105423	420601	331743	31	1034	 89 
105389	424557	331743	972	40940	 87 
105449	419035	331743	979	41504	 82 
105389	426922	331743	972	41237	 80 
105424	423628	331743	26	898	 76 
105397	422688	331743	978	41252	 75 
105422	420355	331743	33	1033	 75 
105428	419807	331743	976	41341	 69 
105425	423382	331743	21	1050	 68 
104363	425350	331743	973	41148	 65 
105417	421402	331743	31	1003	 64 
105398	422055	331743	970	41179	 63 
105423	423564	331743	28	729	 60 
105424	420318	331743	28	1123	 54 
105388	423555	331743	977	41104	 51 
104377	428965	331743	969	41213	 49 
104345	426199	331743	979	41334	 49 
104401	424732	331743	975	41008	 48 
105407	420894	331743	972	41543	 45 
105508	418971	331743	977	41656	 41 
105411	421262	331743	462	20528	 40 
105419	421291	331743	30	973	 38 
104450	424271	331743	978	41115	 32 
105400	427735	331743	488	21068	 26 
105427	420580	331743	21	710	 24 ***
105426	419831	331743	35	1114	 23 
105393	427356	331743	969	40950	 22 
105386	428359	331743	971	41514	 21 
104357	429566	331743	977	41293	 18 
105420	420986	331743	30	1027	 18 
105396	422596	331743	982	41527	 15 
105420	424221	331743	29	940	 11 
105422	420623	331743	32	1014	 9 
105429	419238	331743	979	41639	 6 
105384	424207	331743	973	40758	 1 
105394	425443	331743	492	21040	 1 

105277	416277	330379	966	41004	 98 
105283	415393	330379	968	40765	 93 
105295	412248	330379	33	1123	 93 
104545	418068	330379	967	40851	 90 
104174	419480	330379	951	40210	 87 
105306	413314	330379	25	972	 83 
105303	413698	330379	32	815	 76 
104527	419467	330379	964	40802	 73 
105286	415214	330379	970	40688	 60 
105308	412234	330379	32	1040	 59 
105268	418128	330379	551	23576	 58 
104553	416647	330379	967	40707	 57 
105293	414274	330379	31	839	 55 
105270	418009	330379	965	40331	 53 
105300	413879	330379	24	890	 41 ***
105261	419437	330379	965	40469	 38 
105262	418895	330379	964	40213	 36 
105303	412367	330379	31	1146	 29 
105289	416712	330379	30	1079	 6 
105278	416749	330379	961	40620	 5 
105277	417968	330379	965	41008	 2 
105294	414478	330379	27	969	 2 

103832	414137	322844	960	40648	 90 
105023	405689	322844	33	1065	 89 
103844	413144	322844	965	40530	 88 
105030	408124	322844	11	322	 88 
103924	412778	322844	960	40714	 82 
105009	411475	322844	942	40046	 79 
105012	410791	322844	27	899	 76 
104439	411483	322844	947	40002	 65 
105022	407521	322844	30	999	 65 
105019	408192	322844	10	486	 63 ***
104456	411339	322844	945	39826	 61 
105001	404310	322844	961	40743	 61 
103967	406467	322844	958	40331	 54 
105016	407480	322844	31	1059	 45 
104430	412814	322844	957	40455	 30 
105030	408163	322844	13	278	 20 
103860	413720	322844	960	40490	 14 
105024	405491	322844	27	1024	 8 

104096	403057	321079	947	39533	 100 
104066	407003	321079	952	39591	 93 
103771	400593	321079	954	39851	 89 
103663	402487	321079	956	39987	 88 
104301	401395	321079	942	39754	 83 
104831	396973	321079	30	1164	 83 
104831	395578	321079	37	1265	 81 
104843	398345	321079	29	888	 77 
104239	406403	321079	944	39404	 76 
104268	402642	321079	953	39220	 72 
104830	398417	321079	32	1198	 69 
104828	397785	321079	34	1227	 65 
104809	400395	321079	483	20742	 62 
104836	398720	321079	12	222	 46 ***
104261	399549	321079	955	39804	 37 
103694	401977	321079	954	39672	 34 

103582	395070	321290	947	39384	 98 
104850	390228	321290	952	39427	 96 
104762	394490	321290	32	923	 88 
104801	392496	321290	949	39294	 84 
104762	392757	321290	39	1257	 84 
104759	393830	321290	950	39351	 80 
104825	392619	321290	948	39628	 79 
104746	400362	321290	941	39645	 78 
104799	392694	321290	946	39720	 77 
104750	394881	321290	39	1028	 75 
104749	393522	321290	951	39482	 72 
104795	391981	321290	951	39384	 72 
104782	396692	321290	31	1136	 68 ***
104853	390987	321290	951	39562	 66 
104759	394535	321290	41	1269	 61 
103707	402349	321290	945	38963	 60 
104772	393499	321290	36	708	 57 
104767	397178	321290	31	1380	 55 
104756	394226	321290	946	39210	 52 
104766	392463	321290	952	39512	 52 
104749	391776	321290	953	39768	 30 
104758	398605	321290	36	647	 19 
104756	396578	321290	38	1343	 18 
104236	394012	321290	948	39702	 16 
104759	394629	321290	40	879	 13 
104758	395932	321290	38	1012	 4 
104844	390926	321290	954	39749	 3 
104804	391227	321290	949	39772	 3 
104747	395355	321290	487	21253	 3 
104760	394595	321290	40	1208	 1 

103474	392221	318893	940	38937	 94 
104519	386562	318893	940	39222	 89 
104491	389618	318893	942	38649	 89 
104519	388572	318893	32	908	 89 
103360	389350	318893	943	39251	 88 
104510	387903	318893	942	39035	 88 
104505	388850	318893	33	680	 88 
104520	390992	318893	31	915	 87 
104518	391183	318893	31	625	 85 
104533	389952	318893	26	919	 83 ***
104514	387259	318893	940	39095	 81 
103358	391870	318893	947	38777	 76 
104502	389230	318893	943	39459	 76 
104514	392344	318893	31	952	 76 
104517	386889	318893	948	39048	 75 
104511	389776	318893	32	1144	 75 
104518	387091	318893	946	39180	 74 
103500	394802	318893	937	38352	 73 
104514	389095	318893	32	816	 71 
104509	388033	318893	34	938	 62 
104499	390858	318893	37	1449	 61 
104503	389896	318893	38	1316	 59 
104522	388375	318893	33	855	 58 
103348	389730	318893	948	39210	 50 
104485	390380	318893	940	39130	 42 
104507	388099	318893	950	39261	 40 
104562	387589	318893	936	38217	 38 
104489	390324	318893	941	39186	 35 
104506	388065	318893	951	39489	 33 
104513	385948	318893	951	39548	 33 
104522	390280	318893	28	648	 33 
104490	392537	318893	938	38854	 32 
104499	390425	318893	939	38995	 29 
104554	385436	318893	944	39134	 23 
104516	385876	318893	951	39542	 20 
104519	386058	318893	945	39391	 16 
104496	392535	318893	477	20046	 16 
104536	387000	318893	937	38630	 15 
104558	385268	318893	941	39031	 14 
104504	389031	318893	35	1178	 14 
103787	393477	318893	935	38752	 11 
103475	391562	318893	942	38942	 10 

104629	381535	320601	942	38254	 100 
104569	387877	320601	35	1508	 95 
104587	386004	320601	20	985	 94 
103557	384959	320601	943	39097	 77 
104559	385246	320601	543	23220	 77 
103833	388718	320601	942	38812	 71 
104591	379957	320601	944	38773	 68 
104570	386690	320601	35	1264	 52 
104018	382896	320601	945	39238	 50 
104596	385499	320601	13	803	 49 ***
104579	387833	320601	30	656	 43 
104572	382072	320601	32	1136	 41 
104563	385979	320601	36	1640	 38 
104600	385216	320601	30	914	 31 
104676	381289	320601	937	38786	 26 
103416	390717	320601	946	38770	 9 
104584	384451	320601	31	1136	 9 
103432	385076	320601	946	39188	 6 
104537	387166	320601	940	38702	 1 
104576	381964	320601	34	935	 1 

104872	381444	325011	950	39044	 100 
104841	386489	325011	33	991	 96 
104059	381965	325011	945	39019	 90 
104840	387563	325011	32	1043	 87 
104809	387780	325011	940	38831	 84 
104836	383101	325011	35	999	 81 
104840	387096	325011	33	1204	 78 
104096	386669	325011	944	38480	 69 
104822	387492	325011	934	38495	 67 
104896	382256	325011	943	38617	 66 
104867	381604	325011	949	38911	 66 
104822	385343	325011	938	38848	 64 
104843	384754	325011	32	954	 60 
104862	382451	325011	940	38452	 53 
103846	388969	325011	938	38039	 45 
104872	381619	325011	948	39113	 34 
104827	383754	325011	941	38568	 31 
104818	386929	325011	940	38374	 30 
103648	387219	325011	947	38969	 29 
104821	383413	325011	943	39161	 27 
103804	387565	325011	942	38870	 23 
104846	388419	325011	29	992	 15 ***
103666	388456	325011	942	38650	 14 
104855	382290	325011	942	38380	 8 
104829	385096	325011	35	1373	 8 
104855	384298	325011	31	945	 7 
103827	386764	325011	947	38674	 6 

104768	381237	322693	936	38137	 97 
104758	376844	322693	946	38889	 91 
103992	378616	322693	943	39141	 90 
104768	377730	322693	945	39169	 89 
104771	376469	322693	949	38911	 84 
104792	375061	322693	948	39017	 84 
103611	381626	322693	948	39296	 77 
104763	378168	322693	945	38778	 76 
104758	381672	322693	942	38986	 74 
104785	375088	322693	947	38989	 74 
104780	378250	322693	32	1015	 71 
104796	376494	322693	35	1220	 70 
104786	379163	322693	27	954	 68 ***
104768	380064	322693	942	38456	 61 
104761	381953	322693	940	39051	 60 
104859	374870	322693	945	38974	 54 
103632	380262	322693	944	39004	 49 
103769	382420	322693	941	38736	 42 
104779	375550	322693	945	39254	 38 
104809	375962	322693	943	39088	 33 
103758	383928	322693	937	38279	 32 
104784	376439	322693	44	1489	 31 
104769	380019	322693	38	1333	 23 
104775	379550	322693	35	957	 21 
104812	375212	322693	942	38823	 15 
104777	376638	322693	34	970	 13 
103646	382792	322693	942	38650	 12 
104808	376229	322693	482	20382	 11 
104775	380089	322693	33	961	 7 
104770	376533	322693	41	1486	 4 
103803	377177	322693	951	39309	 3 
103610	382255	322693	948	39011	 3 
103664	378686	322693	945	39172	 1 

104804	372314	324193	950	39272	 94 
104764	374409	324193	28	879	 94 ***
104833	371886	324193	953	39718	 93 
104845	372263	324193	952	39706	 87 
104785	372844	324193	951	39124	 82 
104003	376253	324193	948	38878	 81 
104758	373752	324193	40	1037	 81 
104798	372640	324193	954	39851	 80 
103658	382359	324193	951	39366	 75 
104747	375587	324193	34	1448	 75 
103728	377536	324193	956	39330	 71 
104760	374519	324193	38	1068	 71 
104758	376455	324193	29	895	 61 
104755	375143	324193	951	39223	 57 
104010	376019	324193	951	38673	 55 
104755	376915	324193	28	886	 55 
104782	373645	324193	954	39602	 50 
103967	378938	324193	949	39625	 48 
103743	378654	324193	953	39821	 45 
104761	375058	324193	30	914	 45 
103976	377333	324193	545	23469	 43 
103726	379300	324193	952	39505	 42 
104851	373740	324193	934	39121	 40 
104750	377715	324193	33	1258	 37 
104874	372398	324193	948	39738	 33 
104801	372589	324193	947	38987	 32 
104854	372536	324193	948	39268	 30 
104824	371831	324193	954	39643	 28 
104760	374966	324193	31	1188	 22 
104752	375309	324193	30	653	 19 
103746	378944	324193	947	39344	 10 
104829	372463	324193	949	39481	 10 
104755	375300	324193	31	892	 10 
104783	373168	324193	952	39650	 8 
104792	372995	324193	935	39502	 4 

104788	370153	324690	948	39711	 96 
104771	370912	324690	9	810	 96 ***
103614	377163	324690	943	38773	 95 
104759	372494	324690	33	1460	 95 
104822	369011	324690	950	39703	 93 
104769	375183	324690	28	932	 93 
104897	367929	324690	945	39460	 89 
104820	370170	324690	944	39561	 87 
104246	372931	324690	945	39744	 85 
104790	369629	324690	945	39307	 85 
104770	370629	324690	32	1144	 85 
104770	373690	324690	28	617	 83 
104821	369562	324690	941	39524	 81 
104828	368888	324690	944	39773	 80 
104822	369161	324690	945	39804	 78 
104775	370570	324690	36	1217	 77 
104098	371024	324690	947	39424	 76 
104169	374387	324690	939	39795	 66 
104765	370839	324690	951	39688	 62 
103784	372928	324690	946	39736	 61 
103783	372993	324690	945	39716	 57 
104851	369542	324690	942	39567	 45 
104760	371073	324690	33	1262	 45 
104840	368631	324690	950	39691	 43 
104763	372575	324690	29	877	 43 
103653	374831	324690	950	39427	 42 
104795	369549	324690	948	39829	 37 
103663	373327	324690	943	39070	 32 
104800	368763	324690	953	39872	 31 
104812	369512	324690	948	39775	 31 
104809	370489	324690	944	38863	 28 
104851	368790	324690	947	39740	 26 
104884	368533	324690	953	39646	 26 
104826	368997	324690	950	39594	 20 
104761	373169	324690	29	1002	 17 
104803	369288	324690	949	39407	 13 
104838	369551	324690	924	38968	 10 
104765	376598	324690	27	867	 9 
104812	369425	324690	946	39460	 6 

104326	376259	325842	952	39256	 100 
104893	372624	325842	956	39617	 95 
104885	377220	325842	27	871	 93 
104895	374127	325842	31	1015	 90 
104957	373081	325842	933	39292	 88 
104909	372099	325842	949	39569	 88 
104990	371413	325842	955	39962	 85 
104887	377346	325842	24	806	 85 
104897	372347	325842	956	39898	 84 
104896	377354	325842	21	521	 84 ***
104181	375912	325842	958	39917	 80 
104968	372889	325842	936	39476	 79 
104880	375509	325842	28	650	 69 
104877	375322	325842	31	985	 64 
104887	373831	325842	32	1076	 61 
104959	371050	325842	956	39650	 58 
104884	372329	325842	960	40133	 56 
104360	375091	325842	935	39247	 49 
104941	373257	325842	935	39365	 45 
104907	373002	325842	950	39627	 42 
104887	374631	325842	30	909	 42 
104881	373936	325842	32	1150	 41 
103738	377584	325842	956	39755	 34 
103885	375934	325842	954	39788	 33 
103900	376440	325842	951	39732	 31 
104877	377289	325842	40	1618	 31 
104071	377693	325842	946	39594	 30 
104891	374706	325842	28	868	 28 
104880	375244	325842	32	932	 20 
104919	371637	325842	945	39596	 19 
104134	375981	325842	953	39363	 18 
104880	375212	325842	35	1092	 14 
104918	373476	325842	463	19193	 5 
104972	373365	325842	932	39258	 1 

104877	373925	326132	29	1223	 98 
104880	369582	326132	40	1232	 97 
104997	369332	326132	941	39179	 93 
104886	372475	326132	27	653	 91 
103782	374984	326132	944	39396	 82 
103849	372053	326132	947	40175	 78 
104878	371522	326132	29	1019	 78 
104876	371058	326132	38	1384	 77 
104910	369167	326132	950	39828	 76 
104893	372699	326132	25	873	 75 
104903	369371	326132	950	40010	 74 
104880	373677	326132	28	897	 73 
104879	370226	326132	948	39744	 66 
103810	370324	326132	952	39743	 64 
104935	369287	326132	946	39500	 62 
104884	370212	326132	28	904	 59 
104881	370498	326132	28	923	 58 
104875	371561	326132	31	970	 57 
104911	368900	326132	951	40108	 55 
104929	368503	326132	950	39605	 55 
104876	372626	326132	30	957	 52 
104888	370194	326132	27	775	 51 
104853	372721	326132	939	39861	 43 
104979	368121	326132	946	39596	 38 
104886	369717	326132	31	821	 37 
104930	368424	326132	950	39718	 36 
104947	369163	326132	942	39262	 35 
104954	368142	326132	946	39806	 33 
104921	368419	326132	951	39944	 32 
104892	373457	326132	26	916	 32 
104933	367296	326132	949	39567	 31 
104918	368223	326132	952	40150	 29 
104874	374022	326132	32	1088	 27 
104941	367847	326132	947	39676	 24 
104880	371408	326132	35	910	 16 
103752	374373	326132	950	39398	 13 
104969	366831	326132	953	39738	 10 
104888	373891	326132	13	521	 10 ***
104876	371328	326132	36	1289	 9 
104922	368508	326132	947	39981	 7 
104951	368246	326132	946	39820	 6 
103863	371983	326132	950	40070	 4 
104937	368247	326132	944	39886	 4 
104869	368864	326132	953	40249	 3 

103685	371698	324971	937	39668	 97 
104750	369456	324971	33	833	 91 
104752	368570	324971	31	888	 90 
104760	366196	324971	33	627	 87 
104798	363107	324971	953	39686	 82 
104807	363341	324971	946	39643	 82 
104825	364023	324971	944	39441	 80 
104817	364480	324971	942	39545	 79 
104762	368111	324971	31	889	 78 
104747	366030	324971	947	39351	 77 
104770	369531	324971	21	814	 77 ***
104821	365693	324971	938	38715	 70 
104793	364741	324971	939	39713	 67 
104750	365832	324971	34	871	 64 
104806	363704	324971	945	38928	 63 
104885	362909	324971	945	39601	 57 
104768	369453	324971	23	788	 53 
104781	363849	324971	947	39729	 48 
104850	364046	324971	941	39530	 48 
104776	364953	324971	942	39722	 43 
104748	367010	324971	35	1123	 39 
104803	363213	324971	949	39643	 38 
104829	362799	324971	946	39877	 35 
104009	366058	324971	948	39781	 35 
104771	365027	324971	944	39481	 27 
104738	366920	324971	941	39540	 26 
104816	362948	324971	945	39876	 26 
104823	362407	324971	947	39330	 24 
104784	364470	324971	943	39161	 23 
104836	363526	324971	943	39363	 22 
104756	368236	324971	31	867	 22 
103629	367429	324971	948	39553	 20 
104898	362729	324971	941	39800	 19 
104810	364130	324971	944	39207	 19 
104750	365918	324971	37	1019	 17 
104748	367063	324971	479	19929	 16 
104772	363677	324971	949	39635	 15 
104748	364042	324971	945	39538	 9 
104819	364239	324971	940	39513	 7 
104184	366312	324971	945	39514	 7 
103635	366803	324971	942	39358	 5 
104840	363994	324971	942	39306	 2 

104758	363397	324325	951	39229	 91 
104737	362803	324325	953	39818	 88 
103684	365382	324325	953	39371	 83 
104165	364338	324325	947	39798	 81 
104672	363673	324325	955	39836	 80 
104704	368374	324325	22	657	 80 ***
104694	365362	324325	29	1049	 78 
104699	366282	324325	25	734	 76 
104754	362453	324325	954	39669	 75 
104702	363163	324325	956	39943	 72 
104692	366240	324325	28	798	 70 
104745	361461	324325	957	39943	 65 
104699	365330	324325	27	764	 65 
104704	362654	324325	959	39925	 57 
103555	366736	324325	956	39713	 56 
104722	364177	324325	954	39837	 54 
104699	365300	324325	28	783	 43 
104758	364175	324325	950	39607	 42 
104100	364933	324325	958	39643	 38 
104754	363677	324325	951	39877	 38 
103966	367909	324325	952	39589	 37 
104779	362574	324325	951	39051	 36 
104702	366825	324325	24	944	 34 
104692	366903	324325	25	777	 33 
104698	364794	324325	29	813	 30 
104696	366536	324325	26	760	 26 
104697	366076	324325	26	760	 19 
103548	367023	324325	955	39416	 17 
104732	362463	324325	961	39803	 15 
104728	363282	324325	954	39601	 8 
104733	363604	324325	952	39068	 7 
104695	365186	324325	33	1162	 4 

104626	363464	325358	33	847	 98 
104751	357732	325358	952	38789	 96 
103629	360650	325358	961	39731	 88 
104668	357466	325358	957	39337	 88 
104617	360936	325358	40	905	 84 
104631	360594	325358	35	837	 81 
103593	364898	325358	955	39394	 77 
104664	358623	325358	958	39511	 77 
104622	360237	325358	959	39376	 70 
104622	360545	325358	955	39499	 62 
104626	360940	325358	36	852	 60 
104627	363673	325358	30	834	 59 ***
104629	360652	325358	35	837	 56 
104703	358455	325358	955	39211	 55 
104629	358726	325358	37	871	 45 
104623	364069	325358	38	974	 29 
104624	361591	325358	34	874	 28 
104633	362659	325358	33	932	 26 
103859	359852	325358	961	39580	 17 
104608	361751	325358	476	20111	 14 
104624	364904	325358	37	1085	 12 
103459	361766	325358	962	39670	 7 
104627	361046	325358	35	837	 5 
103603	361906	325358	955	39676	 3 
104634	361721	325358	32	832	 0 

104814	362397	329073	32	470	 97 
103797	361511	329073	956	39346	 92 
104813	361564	329073	35	866	 92 
104794	366723	329073	955	39272	 89 
103784	363314	329073	959	39324	 89 
104807	361286	329073	956	39566	 88 
104919	358299	329073	964	39541	 82 
104838	360544	329073	952	39336	 82 
104809	363569	329073	40	902	 82 
104856	359098	329073	952	39095	 81 
104815	364319	329073	27	860	 79 ***
104265	360398	329073	969	39954	 74 
104814	362692	329073	30	707	 69 
104809	361474	329073	37	860	 66 
104804	361418	329073	961	39539	 64 
104812	364528	329073	30	763	 61 
103692	361298	329073	962	39475	 59 
104801	361077	329073	965	39517	 57 
104876	359342	329073	950	39504	 56 
104815	360706	329073	29	485	 48 
104867	359057	329073	964	39817	 45 
104818	360581	329073	30	817	 39 
103674	363636	329073	962	39449	 34 
103706	364271	329073	958	38805	 33 
104812	362811	329073	36	1107	 29 
104860	360337	329073	950	38646	 26 
104801	362010	329073	44	1094	 22 
104920	359084	329073	957	38829	 20 
104813	360866	329073	955	39504	 19 
104868	358667	329073	961	39722	 15 
104857	359723	329073	951	39483	 11 
104808	359099	329073	957	39248	 10 
104882	359032	329073	958	39022	 3 

104648	352279	325573	35	1089	 93 
104650	353613	325573	29	1022	 92 
103918	352948	325573	956	39154	 90 
103951	351712	325573	955	38960	 86 
103645	352327	325573	960	39305	 84 
103523	355590	325573	953	38712	 82 
104653	352552	325573	30	860	 78 
104658	351317	325573	34	878	 75 
103529	354440	325573	959	38791	 72 
104724	349512	325573	952	38914	 61 
104664	355676	325573	18	678	 60 ***
104643	354131	325573	28	804	 50 
104658	352100	325573	26	770	 49 
103510	353498	325573	961	39237	 46 
104657	355953	325573	23	968	 44 
104710	350432	325573	951	38844	 42 
103655	353915	325573	956	38488	 37 
104751	350329	325573	945	38609	 35 
104655	353826	325573	25	728	 34 
103634	353310	325573	958	39120	 32 
104702	349805	325573	956	39120	 31 
104652	350480	325573	35	970	 29 
104695	350218	325573	960	38925	 27 
104652	350699	325573	36	938	 26 
103653	354955	325573	950	38841	 24 
103940	356336	325573	948	39035	 24 
104690	350225	325573	958	39096	 21 
104662	354756	325573	20	404	 15 
103636	354849	325573	951	38813	 10 
104634	354479	325573	954	38977	 9 
104645	355876	325573	26	1006	 4 

104732	342236	324511	950	39211	 96 
104658	345260	324511	948	39014	 94 
104662	346020	324511	29	789	 92 
104659	347096	324511	34	1406	 85 
104663	342864	324511	39	1434	 84 
103913	347801	324511	950	39273	 83 
103923	347755	324511	946	39046	 81 
103695	348680	324511	927	38499	 78 
104656	347160	324511	39	955	 73 
103686	348281	324511	950	39047	 70 
104708	342314	324511	949	38844	 68 
104662	345264	324511	22	875	 67 ***
103534	350119	324511	949	39045	 65 
104733	342352	324511	948	39061	 64 
103709	346501	324511	952	38764	 63 
104660	345062	324511	36	899	 56 
104662	344880	324511	37	1062	 42 
104667	343175	324511	38	1171	 40 
104731	342011	324511	951	39113	 30 
103954	347587	324511	948	39159	 27 
104735	342299	324511	948	38798	 23 
104659	346887	324511	32	879	 18 
103945	345936	324511	949	38876	 17 
104654	346360	324511	947	38752	 10 

104035	343849	324533	951	39212	 87 
104791	349335	324533	28	1056	 87 
103650	347530	324533	951	38995	 84 
104825	342490	324533	953	39264	 80 
104790	343121	324533	34	1120	 77 
104784	346013	324533	40	1005	 76 
103829	345177	324533	953	38944	 73 
104843	343080	324533	944	38224	 68 
103777	346347	324533	947	38743	 65 
104857	342440	324533	948	38965	 63 
104787	343254	324533	951	39122	 62 
104786	343274	324533	30	834	 60 
104912	342321	324533	939	38922	 56 
103753	348262	324533	950	38937	 45 
104859	341263	324533	946	38913	 45 
104059	345810	324533	948	38839	 35 
103822	346737	324533	940	39145	 30 
103697	346818	324533	953	38960	 30 
104836	342870	324533	947	38325	 28 
104785	344872	324533	30	815	 27 
104784	344409	324533	32	1267	 24 
104850	342630	324533	952	39223	 22 
104794	343749	324533	19	467	 21 ***
104857	342640	324533	949	38699	 18 
104784	345547	324533	939	38758	 12 
104858	342649	324533	459	19424	 8 
103788	347584	324533	940	38209	 3 
104883	342647	324533	934	38289	 2 

104001	349217	324558	939	38772	 86 
103756	343405	324558	947	39460	 66 
104830	341539	324558	943	39177	 60 
104831	341359	324558	942	39351	 59 
104844	340628	324558	948	39476	 57 
103705	343964	324558	941	39207	 52 
104042	346365	324558	935	38883	 52 
103613	346615	324558	944	38861	 49 
104864	341378	324558	925	38661	 44 
104832	341328	324558	942	39228	 44 
104866	341578	324558	919	37629	 44 
104852	341024	324558	943	39175	 37 
104740	347363	324558	34	1334	 36 
104842	341268	324558	945	39136	 33 
104021	343768	324558	946	39259	 32 
103637	345167	324558	948	39460	 26 
104749	344327	324558	36	1455	 21 
104749	341683	324558	21	861	 18 ***
104743	344391	324558	31	577	 10 

104809	337994	325184	949	39400	 89 
103773	341004	325184	948	39482	 88 
104781	340993	325184	25	998	 88 
104811	337576	325184	952	39877	 82 
104808	337253	325184	955	39950	 79 
104779	339828	325184	30	841	 79 
104844	338195	325184	931	38742	 75 
103760	341373	325184	946	39829	 69 
104814	337875	325184	942	39440	 68 
103705	344385	325184	941	39315	 67 
104818	337557	325184	944	39315	 66 
104834	337530	325184	944	39300	 60 
104766	339280	325184	31	884	 57 
104771	341014	325184	21	408	 55 ***
104787	336341	325184	956	39991	 54 
104783	339959	325184	29	826	 52 
104836	337462	325184	948	39574	 51 
103804	340700	325184	942	39149	 41 
103773	340814	325184	942	39718	 35 
103841	338551	325184	946	38901	 32 
103654	341158	325184	949	39187	 26 
104798	338701	325184	935	39586	 26 
104861	337522	325184	929	39149	 25 
104061	338438	325184	950	39829	 24 
104862	336861	325184	947	39874	 18 
104869	336134	325184	933	38495	 17 
104804	338504	325184	542	22934	 9 
104838	336936	325184	946	39437	 8 
104807	338181	325184	947	39412	 6 
104842	336796	325184	949	39490	 3 
104784	339769	325184	28	971	 1 

104847	335731	326861	29	1082	 100 
104938	334371	326861	928	38976	 98 
104871	332875	326861	948	39839	 97 
104908	335369	326861	574	23450	 93 
104351	334358	326861	953	39520	 91 
104849	336067	326861	27	899	 91 
103742	336863	326861	950	39517	 90 
103789	334809	326861	950	39147	 87 
104839	337934	326861	27	796	 81 
103716	337158	326861	948	39692	 75 
104844	336110	326861	11	233	 73 ***
104932	334536	326861	927	38752	 72 
104896	334480	326861	946	39558	 72 
104842	336802	326861	29	1104	 68 
104932	332642	326861	950	39576	 62 
103851	336031	326861	946	39547	 62 
104899	333150	326861	934	39284	 54 
104884	332868	326861	956	39759	 51 
104855	336042	326861	28	1047	 49 
104843	337596	326861	26	1120	 47 
104843	336217	326861	33	1051	 41 
104139	333759	326861	954	39933	 40 
104844	335380	326861	32	895	 40 
104842	337824	326861	25	579	 33 
104883	333992	326861	947	39073	 23 
104840	336657	326861	31	907	 20 
104905	334782	326861	930	38746	 19 
104844	336102	326861	30	918	 18 
104924	332835	326861	952	39510	 16 
103891	339000	326861	945	39008	 13 
104875	334968	326861	577	23218	 13 
103837	335289	326861	949	39997	 7 

105117	334617	334865	956	40358	 100 
105198	333571	334865	935	39776	 91 
105174	334206	334865	946	39890	 88 
105092	336552	334865	30	867	 83 
105109	335167	334865	953	39848	 82 
104110	336461	334865	953	40141	 81 
105103	334756	334865	956	40128	 81 
105102	336194	334865	22	750	 81 
105134	332404	334865	951	39822	 80 
105225	332278	334865	953	39994	 78 
105102	335104	334865	955	40053	 77 
105127	334705	334865	952	39697	 74 
105115	335192	334865	952	40170	 72 
105099	336202	334865	29	869	 70 
105201	333442	334865	950	39639	 69 
105092	338258	334865	17	381	 69 ***
105097	337473	334865	25	876	 67 
105194	334087	334865	929	39682	 66 
105103	335935	334865	29	1119	 66 
105101	335670	334865	31	835	 62 
105160	333654	334865	950	39734	 60 
105176	334609	334865	943	39688	 60 
105088	336103	334865	35	913	 58 
105092	337011	334865	29	826	 57 
104007	337097	334865	956	40104	 55 
105133	334896	334865	561	23608	 53 
105123	333007	334865	953	39916	 50 
105108	336026	334865	25	784	 45 
105146	334428	334865	947	40079	 43 
104551	336105	334865	955	40429	 42 
105098	337224	334865	27	792	 42 
104395	338976	334865	949	39795	 40 
105101	337005	334865	28	929	 38 
105122	334326	334865	953	39749	 37 
104531	336250	334865	952	39757	 36 
105141	334108	334865	948	40208	 35 
105116	334115	334865	957	40296	 35 
105141	333931	334865	950	39704	 33 
105144	333778	334865	950	39895	 32 
104123	335253	334865	956	40445	 27 
105183	334439	334865	937	39948	 26 
105128	334122	334865	952	39642	 25 
103976	337135	334865	958	40210	 25 
104124	334439	334865	959	40137	 24 
105087	337701	334865	30	860	 24 
105138	334467	334865	949	40169	 22 
105176	334019	334865	948	39757	 21 
104047	336467	334865	950	39949	 19 
105181	334610	334865	931	39022	 17 
104528	337394	334865	947	39833	 13 
105188	333990	334865	948	39526	 4 
105093	335440	334865	32	1079	 1 

