#105589	428719	330645	0	0	 85 
#104839	429981	330645	0	0	 74 
#105627	425457	330645	0	0	 71 ***
#105581	429807	330645	0	0	 63 
#105623	426379	330645	0	0	 54 
#104455	435043	330645	0	0	 37 
#104530	433384	330645	0	0	 24 
#105612	427869	330645	0	0	 20 

104387	426552	331743	970	41042	 97 
104636	429901	331743	966	41160	 95 
105425	424555	331743	22	425	 95 ***
105406	421586	331743	970	41326	 92 
105462	418747	331743	977	41319	 91 
105415	424149	331743	33	1037	 87 
105426	420763	331743	34	1098	 80 
105500	419262	331743	975	40949	 76 
105430	420536	331743	33	1037	 74 
105425	420967	331743	37	1420	 67 
105424	422983	331743	34	979	 64 
105417	422847	331743	35	951	 62 
105414	423351	331743	38	1177	 60 
104370	427175	331743	973	41057	 57 
105423	421968	331743	35	1099	 57 
104299	426225	331743	976	41431	 55 
105424	421801	331743	33	1037	 51 
105394	423122	331743	571	24669	 50 
104233	427453	331743	973	41346	 46 
105420	420896	331743	47	2203	 44 
104674	422596	331743	983	41513	 41 
104300	424164	331743	975	41261	 39 
105416	419966	331743	549	22975	 33 
104378	426634	331743	973	40859	 29 
104379	423232	331743	972	41292	 22 
105424	420573	331743	39	1116	 21 
105420	421151	331743	36	1287	 18 
105380	422733	331743	972	41199	 16 
104270	424672	331743	978	40710	 16 
105440	418291	331743	979	41476	 15 
105430	420728	331743	34	1041	 13 
105422	423046	331743	33	930	 10 
105423	423144	331743	32	915	 7 
105454	419481	331743	977	41481	 6 
105392	426429	331743	971	40687	 1 
105403	422320	331743	982	41560	 0 
105407	419430	331743	978	41755	 0 

105341	413700	330379	951	40327	 97 
105294	415305	330379	965	40790	 96 
105313	420789	330379	28	662	 96 ***
105303	417146	330379	32	779	 94 
104542	417495	330379	966	40775	 86 
104278	417858	330379	970	40786	 85 
105303	419234	330379	30	1274	 83 
104133	420844	330379	967	40712	 77 
105304	419004	330379	30	765	 75 
104276	419103	330379	963	40316	 74 
105308	414994	330379	31	790	 71 
105277	417250	330379	972	41081	 68 
105287	420753	330379	955	40696	 67 
104729	417391	330379	965	40772	 60 
105298	415325	330379	36	983	 50 
104238	419871	330379	964	40943	 47 
105283	417254	330379	967	40790	 44 
104149	419881	330379	969	40671	 43 
105273	417372	330379	957	40366	 37 
105294	416842	330379	963	40904	 30 
104252	419209	330379	964	40747	 28 
105304	419884	330379	29	647	 26 
105307	416692	330379	30	660	 25 
105305	413772	330379	35	1042	 23 
104282	418447	330379	965	40936	 21 
105320	412487	330379	969	40841	 21 
105296	416078	330379	33	1263	 20 
104226	418809	330379	968	40785	 17 
105307	417794	330379	30	824	 14 
105293	415281	330379	971	41026	 10 
105367	413055	330379	958	40417	 10 
105299	414417	330379	34	918	 10 
105290	417855	330379	576	24553	 9 
105301	418215	330379	31	1015	 8 
105279	418828	330379	956	40845	 6 
105304	416157	330379	31	1026	 1 

105026	406572	322844	28	464	 98 
105012	412888	322844	31	1014	 96 
105014	407574	322844	26	745	 90 
103998	413529	322844	959	40817	 80 
105034	409940	322844	22	596	 77 ***
103992	416128	322844	957	39972	 73 
105085	405876	322844	968	40646	 70 
104990	411591	322844	956	40050	 67 
103992	408626	322844	965	40788	 59 
103960	410959	322844	967	40871	 58 
105026	406953	322844	30	915	 56 
103983	414111	322844	961	40525	 50 
103849	411585	322844	962	40283	 49 
103977	416341	322844	961	40498	 46 
105043	406142	322844	953	40202	 36 
104973	413469	322844	957	40480	 36 
105024	407463	322844	35	1114	 35 
105026	410774	322844	25	474	 25 
105019	407562	322844	34	1279	 22 
103887	418472	322844	961	40327	 20 
105010	408160	322844	967	40495	 16 
105003	408298	322844	958	40372	 15 
104267	410570	322844	962	40455	 15 
104469	412908	322844	959	40428	 7 
104991	409799	322844	573	25051	 7 
105022	406250	322844	548	23101	 3 
105006	411638	322844	550	23270	 2 
104985	412279	322844	959	40572	 0 

104855	401999	321079	28	936	 100 
104827	400732	321079	43	1301	 96 
103712	409608	321079	953	39529	 95 
103663	404080	321079	958	39868	 88 
104832	399780	321079	950	39464	 82 
104835	397049	321079	45	1453	 81 
104911	396543	321079	955	39804	 80 
104832	400387	321079	33	951	 78 
104828	400262	321079	35	947	 76 
104817	400979	321079	954	39800	 67 
104857	400788	321079	25	816	 67 ***
103713	399322	321079	956	40067	 58 
104918	396529	321079	960	39776	 58 
104837	396958	321079	41	1079	 52 
103817	403285	321079	951	39665	 45 
104865	396905	321079	953	39776	 44 
103796	402341	321079	952	39590	 44 
104270	401689	321079	941	39564	 36 
104836	399795	321079	39	747	 30 
104833	399863	321079	44	1398	 29 
104834	397800	321079	41	1063	 27 
104251	398979	321079	957	39803	 17 
104839	398632	321079	38	979	 11 
103736	404577	321079	951	39665	 7 
104047	402719	321079	941	39339	 7 
103786	404056	321079	951	39601	 6 
104828	401072	321079	39	987	 3 
104855	396749	321079	958	39561	 2 

104758	394067	321290	39	1319	 96 
104759	392456	321290	30	892	 83 
103610	399874	321290	947	39529	 79 
104761	392402	321290	36	961	 77 
104791	390970	321290	951	39601	 75 
103703	397609	321290	949	39625	 75 
104758	394114	321290	48	1686	 72 
103798	395813	321290	947	38975	 63 
103747	396841	321290	948	39557	 61 
104775	392256	321290	36	1407	 55 
104779	391569	321290	953	39182	 53 
104770	396948	321290	19	793	 49 
103757	396075	321290	954	39969	 39 
103977	396629	321290	930	39514	 38 
104746	398194	321290	534	21901	 38 
103605	399137	321290	952	39581	 35 
104826	391663	321290	941	39628	 33 
104781	391729	321290	949	39609	 24 
104765	392276	321290	39	1224	 23 
104772	396724	321290	19	739	 20 ***
104736	395481	321290	947	39530	 19 
104197	395781	321290	950	39450	 18 
104747	396692	321290	535	22052	 13 
104819	391270	321290	947	39297	 11 
104764	391878	321290	41	1632	 9 
103743	402102	321290	942	39440	 5 
104776	391732	321290	38	1060	 5 
104768	396230	321290	27	607	 4 
103652	396402	321290	950	39710	 3 
104740	394127	321290	945	39308	 3 

103466	395587	318893	943	38911	 93 
104515	390246	318893	28	862	 92 
104507	390615	318893	29	877	 89 
104504	388087	318893	32	953	 83 
103468	390744	318893	941	39216	 81 
104494	393079	318893	523	22112	 67 
104470	385761	318893	946	38906	 65 
104505	387764	318893	30	892	 64 
103402	389700	318893	948	39240	 59 
103763	387634	318893	949	39344	 51 
104500	388778	318893	30	892	 49 
103331	391506	318893	944	38972	 48 
104515	393022	318893	25	612	 48 ***
104481	391132	318893	533	22315	 44 
103495	389813	318893	946	39180	 40 
104507	391324	318893	29	770	 37 
104478	389630	318893	543	22506	 35 
104515	392390	318893	26	788	 29 
104480	387835	318893	945	38556	 23 
104507	386270	318893	29	894	 22 
104492	388657	318893	542	22789	 19 
104491	388810	318893	526	21959	 15 
104507	391100	318893	28	974	 13 
103470	392305	318893	940	38911	 12 
104512	384497	318893	41	1337	 12 
104476	393472	318893	935	39031	 8 
104499	389001	318893	32	1140	 6 
104506	386168	318893	38	1447	 3 

103485	387795	320601	940	38618	 98 
104570	385744	320601	30	1003	 93 
104566	384940	320601	32	915	 92 
104562	382225	320601	943	38943	 91 
104571	382769	320601	34	927	 86 
104563	384987	320601	527	22183	 85 
104571	387409	320601	27	749	 84 
104565	386066	320601	32	1140	 83 
104640	380558	320601	947	39173	 82 
103789	385555	320601	942	39135	 81 
104558	386318	320601	940	38759	 77 
104579	385424	320601	26	877	 69 
104571	384880	320601	30	881	 68 
104575	386187	320601	27	755	 66 
104577	385638	320601	25	620	 65 ***
104549	384562	320601	942	39056	 64 
103519	386188	320601	946	38965	 53 
104566	385740	320601	33	964	 53 
103416	391047	320601	939	39007	 51 
104570	382043	320601	944	38853	 45 
103435	389826	320601	939	38493	 42 
104571	382743	320601	34	724	 40 
104575	385347	320601	27	902	 29 
104560	384455	320601	947	39216	 25 
104571	382147	320601	32	926	 19 
104563	382910	320601	942	38548	 17 
104576	385818	320601	26	986	 17 
104553	384472	320601	948	39042	 11 
104570	386115	320601	31	896	 11 
104033	388717	320601	937	38638	 9 
104578	381128	320601	31	1165	 5 
104010	385543	320601	948	39244	 4 
104565	383616	320601	34	945	 1 

104805	385008	325011	946	38885	 93 
104832	384202	325011	942	38682	 90 
104808	386040	325011	945	39108	 85 
103785	389031	325011	948	39194	 80 
103858	386443	325011	944	39120	 67 
104855	382879	325011	52	1657	 66 
104844	382522	325011	945	38921	 65 
104846	389657	325011	25	1048	 65 ***
104836	385397	325011	35	1427	 63 
103819	386548	325011	938	38395	 54 
104831	384759	325011	947	39068	 53 
104924	381836	325011	923	38367	 52 
104812	388731	325011	548	22971	 52 
104788	387507	325011	563	23043	 51 
104824	385648	325011	31	998	 48 
103802	390059	325011	941	38713	 46 
104836	384284	325011	932	38714	 44 
104840	384717	325011	37	1332	 44 
104858	381987	325011	947	39040	 43 
104908	382140	325011	941	38767	 43 
104834	383529	325011	943	38549	 43 
104846	382990	325011	943	39154	 41 
104822	384863	325011	38	2056	 38 
104849	383168	325011	941	38490	 28 
104263	385777	325011	949	38801	 24 
104909	381810	325011	943	38096	 23 
104814	387864	325011	519	22589	 21 
104881	382738	325011	942	38592	 20 
103717	391545	325011	943	38118	 20 
104816	385040	325011	937	38711	 19 
104855	382356	325011	951	39283	 19 
104854	383697	325011	936	39084	 18 
103799	386825	325011	947	38932	 17 
104824	386135	325011	37	1630	 9 
104916	381324	325011	946	38812	 7 
103835	387833	325011	930	38711	 5 

104830	374577	322693	937	38972	 97 
104801	374862	322693	946	39138	 91 
103780	382580	322693	945	39101	 82 
104773	377387	322693	939	39159	 81 
104797	375890	322693	945	39075	 80 
104780	380137	322693	43	1382	 78 
103794	377700	322693	946	38733	 75 
104793	378788	322693	31	913	 69 ***
104764	380413	322693	935	39131	 68 
104801	376526	322693	38	1140	 67 
104817	376258	322693	939	39198	 66 
104841	376457	322693	936	38318	 65 
104777	378453	322693	45	1757	 60 
104205	379179	322693	939	38442	 54 
103635	378496	322693	947	39053	 51 
104781	376737	322693	36	1073	 51 
103782	384189	322693	944	38920	 50 
104804	374674	322693	948	39097	 49 
104195	382402	322693	941	38711	 43 
103740	384827	322693	941	38873	 42 
104017	379348	322693	945	39124	 29 
104786	376600	322693	33	943	 28 
104796	376181	322693	941	38862	 27 
103788	381674	322693	945	38772	 24 
104822	373660	322693	944	39030	 22 
104744	382461	322693	938	38832	 19 
104249	376246	322693	943	38688	 17 
104780	377706	322693	51	2261	 16 
103759	383812	322693	945	38850	 11 
104792	380276	322693	32	1048	 9 
104782	380007	322693	35	1182	 8 
104780	380409	322693	39	981	 3 

104776	377163	324193	30	1010	 100 
104826	373546	324193	943	38793	 94 
104805	372989	324193	948	39093	 92 
104783	373618	324193	39	1824	 89 
104785	376346	324193	30	892	 87 
103725	374681	324193	946	39436	 86 
104784	375242	324193	35	1208	 84 
104784	376482	324193	32	1070	 83 
104789	372723	324193	954	39809	 77 
104763	372751	324193	953	39677	 76 
104787	375982	324193	11	217	 75 ***
104780	375556	324193	33	1142	 73 
103708	378688	324193	947	39366	 64 
103671	375390	324193	955	39799	 64 
104788	373583	324193	33	1201	 62 
104809	371769	324193	954	39369	 50 
104769	380272	324193	549	23367	 48 
104810	373026	324193	944	38495	 44 
104815	371994	324193	947	39237	 44 
104812	371966	324193	951	39679	 41 
104781	375002	324193	543	23002	 39 
104785	375655	324193	29	877	 37 
104777	373222	324193	949	39784	 33 
104792	375816	324193	15	963	 26 
104787	375664	324193	25	953	 25 
104791	373328	324193	948	39337	 24 
104781	376889	324193	29	888	 24 
104746	374552	324193	552	23972	 23 
103998	378263	324193	942	39357	 22 
104778	378377	324193	25	835	 18 
104776	373872	324193	951	39327	 17 
104765	381501	324193	542	24173	 17 
104771	376918	324193	35	1158	 15 
103623	379705	324193	951	39470	 14 
104793	372389	324193	953	39378	 14 
104782	376822	324193	29	934	 11 
103628	378276	324193	949	39691	 10 
104836	371316	324193	950	39420	 8 
104783	377361	324193	22	612	 7 
103665	382857	324193	945	39317	 1 

104845	368716	324690	944	39580	 99 
104779	368583	324690	945	39705	 92 
104796	369969	324690	35	1279	 90 
104783	371706	324690	38	1462	 89 
104851	368793	324690	941	39599	 86 
104782	371840	324690	33	1159	 83 
103756	371067	324690	948	39799	 78 
103809	372643	324690	931	38625	 76 
104762	371268	324690	946	39133	 71 
103768	371365	324690	947	39552	 70 
104769	372673	324690	557	23746	 69 
104840	367719	324690	951	39927	 68 
104793	370923	324690	25	1086	 68 ***
104773	372309	324690	563	24461	 66 
104777	371340	324690	945	39483	 63 
104792	371290	324690	34	1157	 58 
104780	371034	324690	944	39691	 53 
104779	372071	324690	940	39484	 52 
104781	371483	324690	932	38996	 44 
103618	376095	324690	948	39835	 42 
103677	372732	324690	947	39614	 39 
104793	371188	324690	941	39301	 35 
104828	369150	324690	941	39266	 33 
103675	373526	324690	943	39568	 24 
104789	374572	324690	29	873	 23 
104788	371444	324690	30	898	 22 
104778	372283	324690	943	39843	 19 
103594	375216	324690	949	39793	 19 
104779	370127	324690	949	39838	 15 
104838	368336	324690	947	39562	 11 
104898	368795	324690	937	39631	 8 
104786	370753	324690	942	39161	 5 
104828	369655	324690	934	39040	 3 
104829	369623	324690	939	39286	 3 

103730	375011	325842	957	40086	 94 
104169	373708	325842	952	39488	 93 
104914	374156	325842	947	39498	 93 
104909	375802	325842	13	789	 93 ***
104897	376530	325842	41	1327	 92 
104932	373683	325842	932	38888	 91 
104865	377934	325842	935	39559	 88 
104905	376196	325842	32	1183	 88 
104931	371826	325842	956	39938	 87 
104903	377530	325842	33	1061	 87 
104910	375242	325842	49	1397	 85 
104962	373599	325842	947	39205	 82 
104911	374914	325842	39	1043	 81 
103882	378697	325842	950	39665	 79 
104901	375962	325842	544	23238	 77 
104915	374609	325842	33	1243	 73 
103833	380722	325842	951	39652	 70 
104891	377410	325842	934	39362	 67 
104902	375521	325842	35	1487	 66 
104912	374912	325842	24	1083	 64 
104919	374040	325842	31	1009	 61 
104925	372545	325842	951	39815	 59 
104905	376150	325842	34	1067	 58 
104986	371619	325842	933	39019	 55 
104903	376262	325842	34	1246	 49 
104167	374977	325842	958	39611	 40 
104914	372725	325842	949	39809	 38 
104954	372286	325842	949	39294	 36 
104965	373761	325842	929	38531	 33 
104978	372113	325842	955	40033	 30 
104882	377447	325842	945	39187	 26 
104880	377721	325842	566	24389	 26 
104913	374703	325842	39	1220	 25 
103891	377187	325842	951	39914	 23 
104885	373578	325842	950	39985	 23 
103807	378864	325842	956	40003	 23 
104903	372768	325842	951	39877	 23 
104966	372138	325842	951	39992	 21 
104945	372257	325842	950	38955	 18 
104878	377520	325842	946	39207	 17 
104902	372104	325842	957	40067	 16 
104902	372201	325842	952	39797	 14 
104943	370908	325842	956	40058	 12 
104910	371757	325842	958	40151	 11 
104148	375078	325842	948	39745	 11 
104911	375212	325842	35	953	 7 
104912	375057	325842	30	1064	 4 
104953	373591	325842	948	39474	 3 
104911	375448	325842	29	883	 3 
104914	374700	325842	39	1133	 2 

104916	368695	326132	946	39587	 100 
104175	369065	326132	943	39784	 99 
103888	372754	326132	943	40051	 89 
104922	368322	326132	930	39582	 87 
104911	369941	326132	31	926	 87 
104907	371459	326132	31	943	 85 
104164	372695	326132	944	39656	 83 
103770	374403	326132	945	40062	 83 
104908	369015	326132	36	1082	 80 
104145	372021	326132	945	39660	 78 
104897	372002	326132	31	965	 78 
104949	367664	326132	946	39769	 72 
104894	372565	326132	34	1262	 66 
103762	373820	326132	950	40013	 64 
104898	370351	326132	545	22730	 64 
104922	368500	326132	951	40195	 61 
104900	369968	326132	32	982	 51 
104900	371412	326132	35	1092	 48 
104908	372048	326132	20	776	 46 ***
104893	368956	326132	932	39363	 39 
104895	371354	326132	36	1216	 39 
104904	374529	326132	28	661	 35 
104840	372802	326132	540	22912	 34 
104931	367574	326132	949	39538	 31 
104907	371951	326132	31	928	 31 
104917	367854	326132	952	40042	 30 
104926	370910	326132	30	706	 29 
104142	371853	326132	949	39487	 24 
104989	368880	326132	923	39193	 14 
104894	368871	326132	949	39944	 12 
104899	368487	326132	955	39907	 12 
103721	375212	326132	952	40118	 11 
103786	372839	326132	945	39896	 9 
104899	371539	326132	33	1146	 7 
104920	369305	326132	33	830	 6 
104965	366852	326132	951	39739	 0 
104894	372370	326132	36	1373	 0 

104773	367732	324971	37	1334	 96 
104781	363195	324971	951	39704	 92 
104753	364826	324971	948	39811	 91 
104871	363015	324971	945	39024	 87 
103582	369237	324971	949	39753	 85 
104775	364010	324971	944	39277	 75 
104771	366374	324971	44	1665	 72 
103716	365265	324971	947	39670	 70 
103760	371559	324971	944	39494	 69 
103711	367546	324971	945	39448	 67 
104775	366115	324971	41	1437	 60 
104780	364491	324971	46	1422	 59 
104775	364586	324971	43	1569	 58 
104777	364179	324971	942	39551	 52 
104781	363596	324971	37	930	 51 
104781	363491	324971	944	39671	 46 
104780	364331	324971	938	39415	 44 
104824	363146	324971	946	39460	 44 
104777	368833	324971	24	859	 36 ***
104011	367382	324971	938	39301	 35 
104783	365317	324971	35	805	 35 
104767	364692	324971	943	39403	 34 
104812	362565	324971	949	39659	 33 
104768	365419	324971	45	1746	 31 
103635	368789	324971	947	39719	 29 
104773	366189	324971	39	957	 29 
104776	367353	324971	38	1345	 27 
104742	366257	324971	541	22933	 25 
104249	365194	324971	944	39387	 18 
104822	363385	324971	945	39254	 16 
104746	363519	324971	951	39775	 9 
104778	363261	324971	951	39948	 6 
104778	364638	324971	36	936	 4 
104796	363398	324971	943	39572	 2 
104771	368613	324971	42	1477	 2 
103797	367970	324971	944	39739	 1 
104752	365617	324971	943	39435	 0 
104812	363030	324971	949	39684	 0 

104705	366010	324325	38	1128	 97 
104690	364994	324325	957	39025	 90 
104695	370169	324325	547	22949	 90 
104714	365187	324325	26	653	 81 
103707	367373	324325	955	39390	 78 
104699	364801	324325	956	39890	 71 
103713	366848	324325	955	39386	 69 
104708	362523	324325	963	39782	 68 
104190	368146	324325	953	39481	 66 
104758	362559	324325	954	39807	 64 
104713	363194	324325	961	39915	 62 
103533	366765	324325	956	39453	 54 
103926	365516	324325	962	39986	 54 
104158	365022	324325	961	39751	 49 
104707	365945	324325	28	1034	 46 
103982	368438	324325	954	39128	 44 
104726	365157	324325	27	768	 43 
104712	363270	324325	954	38313	 34 
104684	365251	324325	553	23094	 32 
104743	362618	324325	948	39002	 26 
104704	363747	324325	950	39126	 25 
104694	364583	324325	960	39753	 24 
104712	366435	324325	20	369	 20 ***
104714	365362	324325	24	623	 16 
104681	364760	324325	961	39730	 12 
104698	363814	324325	960	39910	 10 
104716	362642	324325	29	780	 9 
104815	362130	324325	960	39830	 4 
104710	365691	324325	28	658	 2 
104695	365089	324325	956	39951	 0 
104675	366664	324325	952	39405	 0 
103945	365362	324325	955	39598	 0 

104648	360658	325358	31	909	 98 
103593	359949	325358	965	39780	 96 
104702	357991	325358	954	39149	 95 
103657	360274	325358	959	39602	 90 
103590	361373	325358	960	39576	 89 
104609	362355	325358	957	38892	 87 
104616	363090	325358	560	22507	 85 
103902	365005	325358	953	39038	 82 
104650	360573	325358	29	779	 82 
104623	361347	325358	956	39343	 80 
104647	364646	325358	19	556	 78 
104654	358775	325358	32	814	 77 
104634	359514	325358	962	39403	 72 
104646	360013	325358	953	39088	 71 
104653	360864	325358	28	528	 70 
104648	362038	325358	29	1001	 69 
104631	362843	325358	552	22087	 56 
103583	364078	325358	956	38772	 55 
104650	360472	325358	34	848	 53 
104615	362804	325358	946	39514	 50 
104633	362677	325358	951	39083	 41 
104645	358544	325358	954	39480	 40 
104647	361849	325358	35	1023	 39 
104648	360483	325358	37	1373	 38 
103522	362019	325358	958	39646	 37 
103474	364716	325358	958	39409	 37 
104654	358521	325358	34	870	 37 
104658	358668	325358	30	890	 35 
104635	360571	325358	552	22500	 31 
103504	363131	325358	961	39726	 27 
104649	362158	325358	28	757	 26 
104612	359549	325358	960	39369	 25 
104652	361510	325358	15	520	 22 ***
104641	364488	325358	36	1059	 19 
104644	363898	325358	31	817	 18 
104696	357596	325358	958	38882	 13 
104647	358049	325358	557	23036	 11 
103885	363780	325358	957	39586	 8 
104690	357940	325358	960	39582	 8 
104652	361842	325358	28	764	 7 
104629	361138	325358	958	39339	 6 

104832	360548	329073	40	959	 97 
104863	361926	329073	26	876	 94 
104845	362408	329073	25	847	 93 
104834	360023	329073	33	1385	 90 
103795	360421	329073	959	38975	 88 
104837	361123	329073	28	771	 87 
104836	361131	329073	30	816	 86 
104896	358338	329073	964	39796	 83 
104061	366632	329073	957	39305	 83 
104830	361153	329073	27	1058	 83 
104825	361472	329073	27	835	 78 
104863	358757	329073	961	39656	 74 
104855	362158	329073	25	798	 73 
104825	360629	329073	957	39356	 68 
104841	360731	329073	29	1044	 67 
104882	358756	329073	962	39794	 59 
104851	358991	329073	939	38795	 58 
104870	358970	329073	959	38909	 54 
104841	358112	329073	965	39868	 52 
104815	363801	329073	946	39468	 49 
104841	359166	329073	961	39408	 46 
103719	362491	329073	959	39586	 45 
104801	364658	329073	943	39375	 42 
104836	360886	329073	30	861	 41 
104826	360420	329073	960	39443	 36 
104092	360688	329073	954	39282	 34 
104868	358988	329073	960	39594	 25 
104835	362699	329073	11	689	 25 ***
104835	362692	329073	26	814	 21 
104833	359801	329073	961	39394	 18 
104830	363828	329073	26	891	 18 
104837	359632	329073	961	39651	 14 
104890	358425	329073	955	39405	 10 
104839	362104	329073	26	762	 7 
104840	359013	329073	964	39857	 3 
104823	362128	329073	555	22624	 1 

104680	351144	325573	955	38626	 99 
104696	350472	325573	958	39057	 95 
103648	352742	325573	954	38890	 93 
104672	352293	325573	30	1044	 93 
104738	350294	325573	951	38686	 92 
104676	351956	325573	26	811	 87 
104719	350642	325573	942	38984	 86 
104087	354955	325573	556	22514	 81 
104713	350409	325573	952	38978	 78 
104658	352973	325573	34	1198	 77 
104665	352912	325573	29	1291	 76 
104676	353475	325573	26	773	 73 
104698	350264	325573	954	38970	 71 
104674	354015	325573	20	788	 70 
104696	350304	325573	956	39069	 68 
103516	353666	325573	957	38678	 55 
104674	351175	325573	31	632	 55 
104715	349383	325573	959	39007	 47 
104694	350797	325573	954	39017	 47 
104665	354277	325573	14	1016	 46 ***
104724	351011	325573	940	38447	 44 
104647	353370	325573	564	22955	 42 
104737	350027	325573	954	38802	 41 
104661	353362	325573	28	1254	 41 
104706	349805	325573	957	38825	 35 
104680	350122	325573	960	39004	 33 
104673	353866	325573	27	838	 31 
104657	351060	325573	963	39214	 29 
104756	349905	325573	951	38844	 23 
104661	354097	325573	26	773	 23 
104669	352710	325573	28	807	 22 
104669	352401	325573	34	938	 20 
104696	351157	325573	939	37997	 19 
103697	351316	325573	947	38666	 18 
103508	355023	325573	951	39151	 15 
104646	354476	325573	940	38438	 14 
104785	349527	325573	956	39041	 11 
104660	352058	325573	564	22593	 11 
104670	352369	325573	29	1074	 10 
103624	351213	325573	960	39012	 6 
104680	351043	325573	956	38907	 6 
104728	350271	325573	952	38437	 3 
104681	353307	325573	25	575	 3 

104668	348441	324511	25	758	 99 
103540	349153	324511	945	38641	 89 
104120	344806	324511	945	38716	 87 
104667	345288	324511	33	1578	 87 
103962	347584	324511	943	38710	 85 
104685	344766	324511	27	1010	 77 
104675	347041	324511	24	743	 73 
104680	343616	324511	32	846	 70 
104680	345470	324511	22	497	 69 ***
104662	343235	324511	950	39139	 64 
104680	341698	324511	37	1257	 56 
103520	349921	324511	953	39171	 55 
104115	345670	324511	944	39181	 53 
103948	350089	324511	942	39035	 51 
104677	343430	324511	37	1070	 49 
103655	345020	324511	945	39114	 48 
103527	347197	324511	950	38617	 47 
104684	342771	324511	35	1148	 31 
103652	348120	324511	949	39150	 26 
104665	344286	324511	948	38898	 24 
104673	346018	324511	28	899	 23 
104670	347173	324511	27	803	 20 
104674	345228	324511	26	880	 15 
104672	342922	324511	949	38661	 8 
104666	349282	324511	564	22522	 7 
104675	344312	324511	34	917	 2 
103877	351117	324511	944	38568	 1 
103522	349305	324511	950	39157	 0 

104801	343447	324533	31	1181	 98 
104792	345274	324533	948	38835	 94 
104260	345797	324533	947	38848	 90 
104805	344533	324533	16	843	 73 ***
104785	348051	324533	572	23384	 67 
104002	348750	324533	576	23958	 63 
103683	345882	324533	937	38650	 55 
103749	344712	324533	951	39022	 47 
104795	345026	324533	33	1312	 40 
104018	344068	324533	950	38950	 39 
104787	345832	324533	946	38661	 29 
104796	343933	324533	31	1285	 27 
104795	344717	324533	946	38746	 26 
104813	343262	324533	37	1122	 24 
104804	344425	324533	30	1052	 17 
104800	342000	324533	40	988	 16 
104810	343429	324533	39	1170	 4 

104832	341462	324558	944	39230	 98 
103618	345900	324558	942	38999	 91 
103588	347929	324558	934	38850	 91 
103776	344510	324558	946	39451	 90 
104773	343391	324558	28	852	 79 
104756	342625	324558	44	1911	 78 
104778	342998	324558	29	889	 77 
104764	343833	324558	29	925	 76 
104765	345750	324558	27	999	 65 
103779	344041	324558	944	38892	 30 
104766	342340	324558	30	1071	 27 
103739	344869	324558	938	39273	 25 
104806	340689	324558	946	39312	 23 
104862	341635	324558	942	39037	 19 
104173	345183	324558	549	22510	 19 
103800	342753	324558	944	38743	 16 
104833	341140	324558	945	39149	 15 
104798	340622	324558	947	39359	 10 
103720	345524	324558	939	38826	 9 
104780	341692	324558	931	38659	 6 
104783	345119	324558	26	648	 6 ***
104763	343403	324558	40	1422	 5 
104766	344342	324558	28	788	 3 
103981	344409	324558	552	22242	 1 

104784	337216	325184	36	1151	 100 
104791	340990	325184	12	510	 93 ***
104792	340506	325184	14	579	 90 
104793	337647	325184	28	819	 86 
104768	341401	325184	948	39687	 83 
104232	346414	325184	943	38895	 82 
104803	340127	325184	25	784	 82 
103815	343320	325184	945	39242	 79 
104793	339323	325184	26	792	 78 
103784	342591	325184	948	39237	 68 
103742	340157	325184	949	39690	 65 
103776	345244	325184	947	39362	 61 
104788	338959	325184	31	898	 59 
104789	341075	325184	19	1062	 54 
104788	338379	325184	32	1084	 53 
104792	340681	325184	26	812	 52 
104780	338505	325184	36	885	 48 
104863	336996	325184	952	39481	 37 
104878	336858	325184	950	39829	 36 
103780	338381	325184	949	39495	 34 
104786	339191	325184	27	790	 34 
103791	343056	325184	947	39494	 32 
104077	343898	325184	944	39420	 27 
104784	341510	325184	28	1047	 27 
104821	336528	325184	953	39811	 20 
104852	336997	325184	950	39616	 16 
104771	340881	325184	947	39242	 16 
104826	337124	325184	948	39452	 8 
104793	338010	325184	34	1146	 5 
104805	337439	325184	27	793	 3 
104887	336275	325184	944	39161	 2 
104790	338706	325184	28	774	 2 

104850	337560	326861	38	1732	 99 
104869	335017	326861	26	777	 96 
104272	335632	326861	571	23613	 86 
103775	339958	326861	949	39453	 85 
104863	336115	326861	25	537	 84 
103727	336602	326861	952	39906	 75 
104858	334513	326861	555	22936	 74 
104870	336029	326861	25	537	 72 
104861	332903	326861	39	1256	 70 
104864	336952	326861	24	758	 68 
104131	334344	326861	951	39592	 65 
104851	336979	326861	32	1138	 62 
104863	333296	326861	27	770	 58 
104868	336474	326861	12	682	 49 ***
104855	335020	326861	28	861	 48 
104853	337119	326861	26	777	 44 
104906	332300	326861	955	39883	 42 
104858	338043	326861	25	762	 39 
103895	335330	326861	945	39473	 36 
103861	335395	326861	937	39466	 35 
103785	335809	326861	955	39917	 24 
104863	332892	326861	42	1122	 23 
104866	335703	326861	26	770	 20 
104853	335883	326861	29	906	 18 

105224	333034	334865	945	39608	 91 
104002	338895	334865	958	40326	 89 
105101	336138	334865	941	40011	 87 
105106	333394	334865	955	39985	 87 
105111	333429	334865	950	39837	 83 
105162	332821	334865	948	39716	 80 
105122	333162	334865	957	40350	 80 
105102	335506	334865	28	971	 79 
105115	337274	334865	21	875	 78 ***
105102	336361	334865	25	769	 77 
105111	336124	334865	24	754	 75 
105190	333105	334865	938	40006	 74 
104114	337185	334865	952	40253	 63 
104353	337032	334865	953	39289	 55 
105170	331886	334865	951	40016	 52 
105119	333513	334865	948	39557	 51 
105104	335345	334865	953	40074	 49 
105164	332535	334865	958	40194	 48 
105112	334056	334865	29	830	 44 
105156	333601	334865	947	39689	 41 
104118	338138	334865	951	39964	 37 
105191	333265	334865	933	39585	 32 
105107	335076	334865	25	755	 29 
105188	334037	334865	937	39920	 28 
105146	333739	334865	944	39957	 24 
104042	337732	334865	955	40279	 23 
105152	333395	334865	951	40058	 23 
104506	338006	334865	951	39637	 17 
105152	332909	334865	950	40235	 13 
103991	339166	334865	955	39875	 12 
105162	332666	334865	954	39953	 10 
105141	332619	334865	956	40305	 8 
104349	338040	334865	940	40037	 7 
104174	334942	334865	955	40024	 6 
104003	339835	334865	954	40108	 6 
105099	336757	334865	944	39886	 5 
104557	336019	334865	954	39913	 5 

