#34	2	48	71	0	57	64	56	251	164	
#0	60	0	12	83	73	288	92	69	70	 ***
#10	11	41	20	33	44	92	34	250	212	
#53	67	85	50	46	34	215	6	0	191	

2	78	0	0	46	62	32	305	140	22	
16	24	0	18	45	60	152	232	66	74	
46	34	22	36	18	7	60	126	50	288	
0	56	0	36	49	60	155	65	74	192	
42	34	38	5	2	37	54	39	174	262	
40	20	34	50	83	70	302	22	0	66	
37	75	64	30	49	68	182	0	182	0	 ***
46	36	0	44	15	0	222	67	18	239	
22	58	2	12	45	61	299	60	70	58	
10	21	68	11	0	0	293	98	22	164	
0	20	0	6	58	120	261	107	29	86	
44	26	34	38	61	12	277	73	81	41	
68	32	112	33	4	36	276	91	35	0	
0	58	21	28	47	66	298	46	65	58	
0	62	0	12	44	61	295	60	64	89	
74	54	0	104	34	41	0	62	257	61	
15	54	2	54	52	38	132	100	0	240	
6	58	4	13	45	62	298	54	88	59	
44	0	0	68	74	10	283	20	14	174	
0	80	2	12	47	61	297	44	82	62	

80	16	15	14	62	62	0	34	136	292	
34	74	45	62	43	58	62	36	281	16	
34	43	46	66	45	90	98	0	289	0	
122	52	12	20	24	0	252	148	18	63	
46	14	56	23	16	40	116	36	281	83	
36	34	44	62	75	124	130	0	206	0	 ***
32	34	44	30	109	50	58	236	118	0	
0	28	74	0	54	36	28	39	293	159	
22	10	53	76	16	68	52	286	48	80	
34	42	61	62	47	58	195	32	180	0	
34	42	48	20	46	76	17	100	296	32	
34	70	61	30	43	98	58	36	281	0	
50	78	45	30	43	60	90	34	281	0	
32	39	58	18	54	40	72	22	294	82	
34	54	45	30	79	52	172	0	245	0	
50	66	45	62	39	52	58	236	103	0	
34	36	48	30	43	66	136	264	54	0	

16	20	78	0	21	46	116	186	289	0	
4	34	44	78	78	76	194	140	124	0	
4	56	58	32	171	20	220	76	14	121	
44	32	38	56	34	40	326	78	88	36	
2	58	22	12	96	50	124	28	304	76	
20	163	38	54	46	52	250	0	149	0	
54	60	44	62	84	66	198	0	204	0	 ***
50	58	76	22	18	30	56	114	304	44	
74	40	44	62	68	123	72	16	273	0	
36	62	32	8	34	12	28	162	330	68	
39	50	52	62	62	98	80	262	67	0	
12	58	48	2	52	111	64	10	132	283	
2	32	44	104	84	90	72	0	272	72	
74	64	56	48	34	0	50	190	256	0	
35	122	54	114	34	0	26	0	269	118	
54	34	20	62	54	74	83	262	129	0	
36	92	101	58	102	66	84	0	233	0	
28	0	66	50	8	38	342	78	162	0	
161	68	8	70	82	38	0	64	52	229	
14	86	42	20	60	18	64	82	318	68	
13	82	44	62	58	74	56	66	317	0	
68	44	44	102	86	66	48	17	297	0	
2	64	52	70	52	123	86	74	249	0	
52	34	76	58	40	72	68	66	306	0	

0	24	96	0	64	36	136	342	0	4	
52	60	12	60	54	40	138	0	286	0	
10	72	60	0	38	72	48	36	291	75	
8	66	74	2	42	0	0	130	312	68	
8	36	24	32	8	32	164	102	296	0	
56	58	0	58	84	134	110	0	202	0	 ***
130	38	2	106	40	74	16	4	252	40	
4	20	82	32	40	44	290	0	146	44	
52	104	5	58	44	40	74	0	68	257	
64	60	40	58	46	42	106	0	286	0	
24	48	8	58	4	16	208	56	240	40	
52	62	38	66	51	40	201	0	192	0	
26	52	22	64	22	74	34	52	318	38	
178	20	16	2	82	46	72	202	16	68	
52	58	12	58	46	46	118	0	312	0	
6	12	2	64	40	140	108	24	246	60	
10	0	12	32	60	18	16	72	348	134	

86	54	6	54	48	80	40	44	241	0	
78	32	4	54	48	68	80	48	241	0	
0	44	0	20	62	70	172	32	253	0	
54	117	45	38	48	92	94	0	165	0	
0	2	34	124	34	40	56	72	213	78	
42	44	8	44	24	44	136	18	257	36	
58	26	52	50	52	88	42	38	247	0	
65	42	0	87	84	120	40	0	175	40	
48	0	10	12	32	36	0	79	156	280	
2	0	12	6	4	64	114	36	168	247	
58	115	0	52	73	72	74	0	209	0	 ***
16	12	4	76	14	32	4	20	229	246	
0	52	0	43	34	8	197	68	8	243	
10	140	44	0	64	0	12	20	275	88	
54	26	4	64	93	76	42	216	78	0	
4	12	24	2	68	92	152	28	267	4	
48	28	0	80	48	68	54	4	107	216	
12	16	4	100	0	0	87	234	186	14	
66	26	8	86	50	68	40	56	241	12	
54	30	32	48	46	68	38	64	273	0	
60	119	0	62	48	92	110	0	162	0	
10	2	36	72	36	2	0	279	84	132	
52	26	0	32	18	36	160	14	279	36	

52	28	0	2	24	66	12	207	116	66	
58	88	0	18	28	113	106	0	162	0	
2	16	12	54	93	0	32	248	0	116	
58	57	0	25	28	75	148	0	182	0	
58	42	0	30	31	66	127	0	219	0	
0	81	44	52	52	10	24	64	0	246	
58	41	0	28	28	68	120	0	230	0	 ***
4	6	0	10	0	72	268	54	0	159	
58	39	0	18	28	68	42	0	254	66	
8	102	4	8	22	46	0	68	80	235	
81	12	16	0	4	0	270	48	16	126	
59	46	0	20	28	111	42	0	223	44	
14	0	44	23	32	32	44	28	124	232	
58	116	0	20	28	74	42	0	191	44	
4	0	0	2	10	92	261	18	0	186	
8	9	36	12	10	16	44	239	199	0	
58	38	0	83	28	66	42	0	88	170	
66	44	0	27	28	66	152	0	190	0	
34	8	0	16	5	24	31	120	267	68	
58	36	0	18	82	111	82	0	186	0	
0	10	16	8	20	14	77	158	270	0	
99	42	0	28	28	66	76	0	234	0	
90	8	0	14	18	136	169	54	84	0	
58	39	0	20	30	66	42	207	111	0	
0	18	83	41	76	8	128	13	206	0	
60	42	0	20	54	66	148	0	183	0	
59	42	0	30	30	111	78	0	223	0	
20	87	6	32	36	40	8	64	242	38	
58	41	0	2	28	68	58	32	85	201	
66	116	8	23	32	83	74	0	171	0	

79	36	0	26	22	101	48	0	207	44	
29	0	0	4	33	52	0	64	269	112	
98	73	0	44	17	65	116	0	150	0	 ***
95	80	0	27	22	70	86	0	183	0	
66	36	18	29	22	101	74	0	217	0	
12	96	24	68	32	34	56	23	214	4	
32	0	10	50	12	114	234	46	8	57	
64	108	2	43	26	50	121	0	149	0	
80	36	14	12	25	55	39	0	250	52	
56	46	3	16	25	54	113	0	250	0	
58	110	4	35	22	50	92	0	192	0	

14	1	20	4	64	56	269	77	44	150	
94	54	33	72	140	37	140	0	129	0	
38	70	56	56	16	21	124	206	112	0	
40	54	32	22	24	108	108	209	70	32	
100	116	34	30	48	10	108	0	253	0	
49	16	34	0	50	51	167	237	44	51	
134	55	18	22	56	13	108	48	205	40	
80	34	0	18	16	45	157	21	104	224	
24	32	34	90	48	50	241	180	0	0	 ***
36	42	32	60	116	72	24	57	215	45	
94	54	6	34	13	13	128	0	161	196	
36	50	4	24	103	5	94	0	269	114	
106	50	47	98	151	13	108	0	126	0	
40	28	80	34	74	69	51	0	228	95	
50	86	0	38	16	29	144	212	124	0	
38	87	0	86	68	53	82	40	245	0	
62	74	36	18	48	69	115	205	72	0	
36	50	6	82	17	85	120	0	252	51	

6	77	15	98	40	6	10	44	117	188	
42	20	36	52	28	9	244	33	120	17	
60	40	16	45	48	24	242	94	32	0	
12	4	32	8	0	53	191	56	47	198	
3	13	11	54	52	16	239	117	0	96	
31	13	6	0	7	58	36	34	181	235	
39	52	54	66	77	0	83	0	25	205	
28	0	33	56	14	20	255	104	27	64	
0	40	70	0	74	43	228	28	95	23	
10	25	27	56	8	42	231	105	45	52	
38	105	30	0	60	43	213	2	62	48	
34	12	55	38	20	26	80	16	100	220	
34	63	4	139	29	68	18	179	67	0	
9	32	26	41	48	17	240	116	0	72	
23	34	26	37	56	16	105	108	196	0	
43	38	18	84	28	40	0	74	45	231	
20	52	12	1	22	41	218	127	30	78	
34	32	24	45	56	16	242	152	0	0	 ***
60	19	12	60	80	33	217	26	16	78	
16	75	44	91	43	30	190	16	24	72	
32	25	48	141	46	73	127	78	31	0	
32	52	26	25	11	0	234	68	56	97	
91	65	38	43	55	28	220	32	29	0	
50	46	40	56	2	18	86	82	221	0	
36	66	4	1	34	0	154	82	207	17	
25	57	126	7	0	49	36	199	0	102	
0	85	52	133	18	32	12	188	81	0	
13	64	14	7	8	95	231	24	81	64	
12	16	103	11	49	0	178	28	204	0	
7	72	26	115	7	35	210	44	2	83	

34	34	28	47	56	18	110	219	34	0	
30	18	135	8	66	57	201	0	45	20	
36	18	22	60	56	22	237	53	50	26	
55	16	20	48	56	23	208	90	64	0	
44	48	23	44	74	24	68	74	181	0	
12	20	16	158	56	0	189	66	27	36	
32	29	36	64	62	22	214	73	48	0	
28	35	93	153	6	27	105	0	133	0	
8	30	64	15	12	28	32	61	118	212	
36	36	20	71	57	18	215	77	0	50	
8	53	128	52	41	39	0	67	14	178	
48	10	52	55	58	112	110	135	0	0	 ***
30	0	34	62	54	52	223	10	72	43	
121	17	20	97	56	28	105	136	0	0	
0	102	0	45	116	9	37	186	66	19	
32	18	52	104	56	16	194	42	16	50	
0	20	68	35	47	59	77	12	44	218	
15	41	16	75	28	16	232	30	54	73	
34	19	26	47	56	16	242	70	18	52	
48	16	25	53	59	16	233	80	34	16	
44	53	127	47	60	18	129	102	0	0	
30	115	15	60	2	16	223	70	12	37	
32	32	20	49	58	38	116	199	2	34	
26	3	14	35	30	14	248	84	76	50	

38	130	52	51	61	30	133	72	0	0	
34	33	28	13	25	20	107	255	16	36	
20	16	20	0	24	29	270	0	6	182	
45	0	31	16	25	16	20	157	0	257	
25	29	48	32	34	0	1	141	257	0	
36	8	57	60	50	26	71	219	0	40	
16	15	14	45	8	31	89	256	29	64	
28	10	5	87	35	26	241	74	0	61	
32	13	52	51	64	22	75	234	0	24	
32	12	60	51	58	114	55	140	45	0	
34	28	65	51	54	34	81	220	0	0	
41	12	52	51	52	114	59	142	0	44	
24	12	24	57	64	136	64	112	64	10	
40	8	54	51	64	30	63	216	41	0	
44	8	52	58	52	26	44	233	50	0	
8	1	22	32	50	48	29	249	22	106	
28	32	9	97	41	10	0	248	84	18	
8	28	22	25	37	137	26	59	73	152	
24	8	40	52	48	120	140	73	16	46	
21	6	25	40	50	20	35	220	91	59	
13	25	32	5	10	23	36	253	16	154	
32	12	52	51	50	29	42	116	183	0	
24	0	4	147	12	0	219	62	38	61	
46	15	54	115	52	30	146	109	0	0	
6	17	29	8	14	0	173	255	33	32	
48	79	46	5	58	0	0	234	83	14	
37	72	18	17	0	136	4	191	64	28	
34	13	60	66	18	22	97	257	0	0	 ***

35	50	46	50	42	22	78	245	0	0	 ***
35	4	44	63	19	29	96	242	36	0	
37	7	48	58	19	24	232	107	36	0	
19	96	16	0	16	4	104	235	25	53	
1	46	0	43	20	24	169	20	245	0	
32	30	78	34	6	49	39	226	63	11	
16	126	37	19	34	14	26	216	80	0	
4	144	23	115	5	0	196	38	10	33	
44	22	34	68	10	0	64	66	40	220	
13	21	99	32	9	16	87	0	84	207	
34	14	51	59	18	26	70	244	52	0	
14	26	45	24	22	26	123	0	34	254	
10	16	5	47	47	38	88	245	60	12	
16	40	5	72	30	39	30	261	13	62	
12	48	0	22	28	41	32	210	30	145	
40	8	52	110	14	24	184	102	34	0	
121	4	46	58	28	26	103	182	0	0	
4	16	90	62	98	6	16	15	251	10	
38	42	45	58	28	122	105	130	0	0	
19	26	23	6	16	20	204	6	220	28	
63	167	52	0	16	38	20	150	38	24	
35	7	47	52	41	22	39	261	0	64	
148	27	13	0	44	2	154	34	4	142	
34	21	44	50	24	30	225	101	0	39	
1	158	8	69	15	30	32	50	187	18	
6	14	24	20	7	5	57	245	56	134	
4	42	8	9	16	28	153	240	40	28	
21	28	26	20	9	11	129	256	28	40	
50	30	23	0	18	11	137	249	4	46	

36	24	24	7	78	16	40	298	0	131	
4	4	16	4	44	72	306	11	42	151	
61	87	14	19	60	38	44	256	75	0	
43	20	6	22	5	73	63	256	63	103	
4	18	35	59	1	74	61	270	20	112	
4	0	36	26	38	36	37	307	154	16	
30	20	41	52	57	30	10	256	46	112	
0	38	54	0	45	16	18	295	141	47	
18	48	39	64	28	22	208	145	82	0	
40	3	33	17	53	11	37	291	159	10	
20	61	18	0	19	23	57	243	33	180	
68	106	2	4	4	20	0	153	297	0	
34	30	32	10	0	4	319	141	9	75	
36	18	20	58	32	28	192	218	52	0	
9	46	38	70	24	37	103	327	0	0	 ***
10	34	82	63	44	24	42	122	233	0	
49	2	42	13	30	0	296	28	79	115	
16	5	29	16	4	4	307	217	16	40	
9	36	91	42	67	24	214	98	0	73	
0	7	10	69	18	12	309	128	60	41	
37	21	62	17	80	17	96	256	20	48	

41	58	57	56	10	51	138	269	37	0	
8	27	114	64	19	90	191	204	0	0	 ***
22	20	52	21	14	28	95	270	22	173	
44	34	38	44	26	49	127	268	33	54	
39	72	38	64	76	36	109	283	0	0	
44	46	32	4	32	4	81	247	227	0	
34	30	34	36	50	37	222	140	34	100	
10	42	35	60	54	21	56	279	160	0	
0	0	39	18	120	60	216	27	215	22	
55	4	27	24	10	9	123	306	97	62	
14	22	54	40	6	60	54	273	172	22	
8	27	53	98	22	68	61	256	124	0	
42	30	40	68	24	51	105	277	80	0	
9	8	63	72	6	63	34	236	96	130	
26	25	3	56	44	58	21	282	162	40	
33	32	42	35	31	29	56	216	29	214	
8	30	55	70	36	48	57	268	34	111	
41	21	12	62	27	68	260	120	106	0	
11	8	24	108	68	5	44	261	35	153	
16	27	38	66	24	45	152	255	50	44	

2	16	52	62	8	62	299	10	10	201	
0	74	58	64	16	91	205	214	0	0	 ***
0	33	56	36	18	95	301	111	0	72	
85	20	40	73	32	135	14	274	40	9	
40	8	68	8	6	32	335	152	64	9	
8	27	58	64	12	67	234	252	0	0	
6	8	1	32	8	127	89	235	62	154	
52	9	26	46	40	18	322	132	19	58	
2	0	0	58	32	111	206	37	38	238	
44	27	60	72	18	91	288	122	0	0	
48	20	84	2	0	8	27	50	186	297	
54	22	24	24	0	2	68	312	54	162	
8	27	90	32	6	62	305	116	2	74	
53	7	16	26	12	50	254	204	62	38	
8	31	86	64	86	91	242	114	0	0	
16	38	36	92	48	69	311	36	14	62	
8	29	60	68	22	85	156	294	0	0	
2	20	36	62	4	80	11	303	196	8	
20	10	0	19	66	118	197	2	286	4	

0	130	66	24	48	28	242	12	138	0	
24	69	16	52	8	118	203	178	16	4	
0	121	46	76	99	97	126	123	0	0	
6	66	18	134	32	0	113	291	28	0	
16	10	32	34	0	48	11	8	240	289	
20	0	42	0	48	106	121	254	54	43	
35	60	48	0	8	0	0	264	259	14	
99	120	112	22	0	8	47	242	38	0	
16	26	64	20	48	34	308	120	32	20	
40	114	126	0	32	58	209	53	56	0	
36	38	0	72	0	20	21	200	0	301	
82	0	16	18	10	0	21	154	70	317	
10	110	38	28	32	46	316	92	0	16	
36	8	16	41	68	0	174	60	0	285	
5	18	8	66	12	32	285	182	12	68	
4	40	20	16	32	100	299	42	55	80	
0	23	68	66	106	32	285	6	46	56	
0	18	3	52	16	145	94	256	30	74	
74	52	21	12	44	112	277	62	0	34	
0	97	0	135	8	18	73	293	36	28	
0	70	48	95	48	20	297	33	72	5	
46	0	22	42	100	130	309	0	18	21	
0	95	32	72	14	72	151	252	0	0	
102	2	8	24	0	48	268	80	48	108	
0	101	22	72	18	99	252	124	0	0	 ***
30	84	88	60	36	22	0	38	330	0	
98	0	50	8	8	99	44	303	38	40	
45	36	72	44	18	0	262	0	48	163	
24	50	20	42	38	96	273	16	27	102	
2	4	72	32	8	62	0	326	170	12	
18	132	2	6	3	93	266	136	24	8	
118	0	119	0	0	74	236	70	57	14	
55	26	20	72	0	129	251	70	33	32	
2	18	72	0	12	98	302	0	26	158	
18	96	0	54	6	48	21	311	116	18	
82	32	46	20	12	125	250	85	0	36	
73	129	4	26	34	40	0	250	132	0	
176	142	16	76	64	34	158	22	0	0	
4	32	36	36	16	16	281	59	168	40	
28	8	17	145	0	131	254	0	93	12	

2	56	14	40	68	64	280	0	38	117	
24	8	40	0	40	77	296	34	38	122	
72	2	36	120	26	137	252	34	0	0	
56	14	68	107	42	0	284	26	14	68	
0	98	4	40	22	96	112	95	212	0	
0	102	20	72	26	100	155	204	0	0	 ***
40	0	85	22	55	0	276	101	52	48	
24	101	88	2	20	124	267	17	36	0	
0	72	52	28	34	114	300	0	44	35	
4	94	4	56	6	112	276	127	0	0	
2	60	68	14	4	38	200	36	24	233	
52	2	18	4	22	64	295	0	190	32	
18	18	2	48	16	0	174	68	29	306	
6	22	74	58	4	48	3	0	150	314	
0	123	24	62	14	98	251	107	0	0	
82	13	77	50	26	60	291	0	40	40	
0	8	66	52	22	0	0	149	80	302	
6	24	10	32	8	60	279	156	92	12	
0	108	26	40	6	98	82	99	220	0	
104	0	84	0	4	54	17	282	108	26	
26	48	28	6	20	0	128	305	0	118	
0	4	28	94	4	76	0	50	148	275	
64	16	42	0	40	60	289	10	158	0	

42	0	36	24	0	25	226	0	62	239	
64	130	86	0	0	4	99	243	28	0	
0	90	28	36	10	126	124	169	0	71	
52	38	60	98	4	45	251	50	56	0	
2	104	32	60	77	98	18	86	0	177	
12	97	20	64	83	98	22	160	0	98	
16	92	58	28	77	97	22	87	0	177	
0	34	62	34	0	32	52	6	187	247	
66	68	20	9	0	38	183	236	34	0	
2	64	28	8	0	52	248	188	60	4	
79	60	60	60	25	100	106	164	0	0	
12	60	56	41	42	95	20	120	208	0	
44	42	24	2	0	0	27	281	160	74	
34	117	28	88	24	97	77	189	0	0	
64	8	0	3	14	75	0	274	60	156	
20	8	25	46	114	4	20	258	159	0	
8	8	2	66	12	34	237	189	48	50	
8	6	46	43	40	0	234	245	32	0	
40	34	12	80	20	42	225	188	5	8	
47	60	20	98	17	98	72	144	98	0	
51	16	72	69	0	2	187	28	0	229	
49	64	32	30	86	98	174	121	0	0	
0	4	78	108	0	82	0	248	70	64	
44	6	34	121	0	77	144	179	49	0	
52	21	66	44	36	0	230	135	41	29	
29	60	20	30	22	97	106	186	0	104	
0	62	20	95	30	120	156	171	0	0	 ***
32	64	27	28	22	106	215	88	72	0	
5	62	20	33	56	68	108	99	34	169	
1	10	14	48	0	93	291	174	23	0	
2	66	0	22	4	0	251	188	69	52	
0	42	0	16	36	103	0	205	88	164	

8	30	20	28	29	119	124	202	0	0	
0	0	6	40	96	2	271	121	16	8	
0	8	4	66	0	8	0	308	166	0	
36	0	40	0	0	0	318	0	6	160	
0	10	16	108	0	12	286	80	0	48	
0	0	16	36	22	0	176	0	0	310	
0	0	32	4	33	0	246	0	12	233	
0	70	64	6	20	8	0	318	54	20	
6	64	12	180	40	32	0	186	40	0	
0	28	4	28	44	120	244	92	0	0	
19	28	20	28	20	119	224	102	0	0	
0	38	0	0	36	0	143	309	34	0	
10	18	4	20	12	116	226	49	105	0	
4	114	0	18	0	0	44	60	0	320	
86	46	0	0	0	68	12	16	0	332	
4	4	0	32	0	28	2	328	4	158	
4	68	0	68	0	96	0	316	0	8	
0	14	4	20	12	116	220	51	123	0	
8	40	128	0	0	0	0	166	0	218	 ***
0	0	0	4	2	91	110	305	48	0	
0	0	0	36	0	190	216	0	80	38	
0	0	64	4	88	40	8	322	32	2	
0	30	28	28	83	121	118	152	0	0	
0	28	36	34	28	116	228	90	0	0	
0	28	32	30	36	116	228	90	0	0	
0	0	36	18	86	0	32	314	10	64	
0	6	0	133	12	100	58	231	20	0	
0	0	52	131	8	78	0	255	36	0	
60	8	52	4	16	70	308	0	0	42	
8	30	20	28	22	125	118	209	0	0	
0	26	30	36	28	125	185	130	0	0	
32	8	6	176	50	32	212	0	32	12	
0	8	160	16	0	4	208	0	32	132	
0	48	68	0	0	187	0	213	0	44	
0	26	110	38	28	118	72	168	0	0	
20	2	32	4	54	0	0	325	20	103	

4	69	8	36	146	0	277	112	0	16	
16	32	32	48	64	36	64	148	0	228	
3	2	0	76	56	12	120	100	48	251	
85	120	44	32	0	0	102	72	0	213	
68	0	0	36	48	0	48	198	34	236	
156	44	36	45	0	64	0	175	0	148	
16	40	44	8	33	12	64	108	80	263	
40	12	48	40	0	0	125	291	112	0	
16	8	0	52	32	0	0	207	80	273	
20	0	97	34	92	32	33	64	0	296	
0	0	44	0	28	45	96	196	32	227	
4	86	100	0	0	0	0	106	76	296	
72	8	52	16	0	1	96	124	0	299	
0	72	12	36	0	0	207	40	64	237	
36	6	96	56	0	0	230	240	0	4	
10	49	40	17	64	32	0	162	80	214	
52	115	45	0	0	33	0	237	0	186	 ***
99	36	0	32	8	0	162	290	41	0	
106	44	2	64	32	0	34	314	72	0	
8	49	80	108	37	8	0	142	96	140	
4	32	162	72	64	39	42	253	0	0	
32	68	0	4	8	2	32	213	44	265	
8	8	0	2	2	112	106	40	72	318	
0	0	40	32	40	145	76	303	0	32	
111	0	153	0	0	48	68	0	208	80	
64	18	0	8	64	0	64	309	141	0	
4	16	36	40	20	70	0	216	1	265	
56	40	12	36	0	36	36	171	34	247	
86	44	104	48	46	0	32	0	308	0	
0	8	0	40	41	2	152	104	23	298	
8	18	0	66	14	0	204	65	49	244	
9	44	68	32	34	8	0	100	124	249	
32	20	117	0	0	102	0	74	40	283	
56	67	143	32	64	32	0	8	38	228	
23	0	117	84	0	64	4	132	12	232	
44	68	44	32	0	1	101	120	0	258	
8	8	40	4	0	0	121	6	212	269	

0	0	4	48	32	87	72	195	33	242	
1	32	36	8	20	0	112	259	32	213	
40	112	36	0	64	32	165	48	0	216	
86	84	0	0	24	42	0	280	160	37	
0	4	4	10	81	97	36	276	136	69	
72	36	72	78	12	2	0	247	24	170	
70	114	40	0	40	66	0	58	260	65	
8	16	84	112	78	0	38	273	104	0	
100	6	8	0	64	0	42	259	122	112	
42	116	104	0	0	34	0	80	268	69	
0	128	104	0	72	67	111	0	108	123	
0	64	36	32	4	0	63	291	101	122	
50	66	34	36	0	72	40	264	54	97	
38	114	11	6	32	32	0	301	100	79	
40	32	4	35	53	98	136	259	14	42	
76	37	32	114	6	68	38	285	57	0	
72	110	6	0	11	40	0	100	211	163	
46	80	72	8	52	71	0	0	288	96	
13	36	62	0	34	0	32	140	106	290	
64	90	71	12	9	10	109	344	4	0	
42	107	37	0	40	35	0	261	120	71	
36	76	32	32	2	70	116	270	0	79	
72	68	0	5	0	34	40	141	139	214	
0	153	0	0	34	0	306	116	72	32	
6	15	44	32	40	44	32	257	66	177	
0	40	6	16	76	39	96	164	276	0	
12	112	0	42	0	8	236	203	68	32	
46	116	37	0	128	64	80	177	0	65	
43	68	50	36	44	36	0	193	243	0	
66	42	76	68	66	0	143	252	0	0	 ***
36	12	0	66	72	8	8	270	65	176	
83	114	68	57	0	133	0	167	0	91	
75	92	39	0	14	84	0	233	68	108	
40	114	20	0	48	68	0	267	87	69	
40	110	7	38	8	44	96	301	0	69	
59	133	72	8	74	64	0	148	0	155	
5	100	72	48	54	0	0	277	81	76	
48	138	3	14	0	32	100	234	0	144	

2	25	80	72	16	37	0	215	0	235	
66	51	44	84	18	17	100	302	0	0	
8	23	0	0	0	0	88	223	276	64	
32	21	40	40	0	28	184	313	0	24	
32	36	0	96	8	44	137	282	0	47	
66	16	16	0	48	2	44	272	56	162	
0	56	8	40	32	88	346	0	0	112	
17	4	0	100	0	40	217	236	68	0	
1	52	2	0	32	100	40	299	0	156	
136	67	56	48	12	0	0	76	34	253	
134	0	2	0	0	0	162	128	256	0	 ***
10	10	32	17	0	40	212	290	0	71	
4	6	12	0	67	8	76	298	178	33	
66	67	44	72	6	32	107	288	0	0	
64	44	44	104	26	1	108	291	0	0	
1	0	48	8	0	0	4	242	198	181	
0	64	146	4	0	64	96	282	10	16	
121	52	44	84	10	0	100	271	0	0	
82	42	76	73	38	0	286	85	0	0	
33	0	78	0	48	42	36	279	68	98	
67	0	2	0	84	42	100	287	68	32	

0	0	0	0	104	164	273	42	60	0	
72	8	0	0	0	0	104	162	297	0	
76	0	8	0	134	8	64	146	207	0	
56	16	0	0	38	0	0	281	252	0	 ***
135	0	80	8	40	117	229	34	0	0	
68	0	24	0	0	0	106	144	301	0	
108	0	16	4	0	8	64	128	315	0	

109	18	0	88	40	8	0	229	222	0	
0	0	38	74	0	18	346	168	70	0	
60	19	0	0	66	0	0	290	197	82	 ***
98	119	0	0	38	4	98	221	136	0	
56	16	0	10	84	0	0	344	140	64	
12	162	117	96	0	2	0	265	0	60	
72	8	4	4	34	32	92	332	136	0	
74	18	4	70	38	0	0	239	271	0	
108	40	32	34	0	122	64	0	254	60	
56	16	16	44	0	4	204	342	0	32	

69	9	100	49	0	0	58	221	83	179	
30	0	61	0	48	44	226	80	34	245	
32	4	74	42	0	32	70	210	36	268	
8	72	136	84	76	87	0	34	271	0	
24	74	147	16	72	4	3	186	78	164	
60	59	32	0	54	16	0	290	109	148	
62	51	18	16	54	0	73	309	108	77	
32	42	3	73	16	67	12	209	74	240	
76	50	33	32	54	16	0	314	106	87	
95	66	0	0	70	0	65	123	286	63	
24	10	1	18	120	36	76	289	158	36	
56	32	90	41	70	32	49	264	16	118	
48	0	36	171	50	0	115	179	169	0	
32	60	118	66	83	0	10	283	0	116	
8	98	0	0	143	38	112	207	0	162	
4	40	28	43	12	116	48	270	36	171	
92	66	0	34	54	1	0	148	109	264	
68	18	0	0	70	0	53	295	159	105	
92	19	32	0	55	0	0	206	294	70	 ***
61	34	0	32	54	0	32	195	282	78	
8	0	32	32	38	57	218	62	224	97	
86	24	8	32	36	17	269	222	34	40	
0	48	66	123	73	24	82	42	310	0	
119	80	60	0	75	64	30	0	305	35	
1	4	0	27	134	0	91	278	206	27	
2	26	24	0	24	12	145	219	66	250	
33	0	68	40	79	84	68	272	86	38	
92	53	0	0	70	16	115	309	109	4	
88	32	3	50	12	71	20	228	48	216	
67	72	67	146	8	36	80	244	48	0	
16	0	109	38	3	43	92	214	173	80	
66	113	10	111	96	58	256	58	0	0	
60	53	59	0	70	0	0	268	141	117	
61	50	17	66	54	0	0	123	133	264	
60	36	64	0	78	32	0	309	112	77	
26	93	88	0	104	64	4	291	64	34	
0	18	18	9	56	28	184	267	64	124	
41	28	40	166	37	83	118	255	0	0	
24	137	73	8	84	94	0	92	0	256	
76	0	0	91	68	106	37	279	86	25	

