#68	18	19	8	72	47	62	154	299	0	
#0	30	22	141	0	78	80	205	131	60	 ***
#24	73	66	0	103	28	184	11	12	246	
#136	34	7	67	18	54	45	90	278	18	
#60	25	54	41	25	62	266	187	27	0	
#44	20	45	20	62	33	176	300	0	47	
#34	61	16	34	152	64	33	232	48	73	
#8	15	0	27	24	31	195	259	112	76	

2	29	22	10	18	58	310	60	124	54	
4	28	22	39	4	60	125	244	101	60	
10	41	22	114	20	60	127	126	99	68	
13	72	74	8	76	4	312	0	118	10	
52	29	42	10	0	50	283	66	69	86	
0	33	32	116	10	58	197	62	125	54	
4	29	28	10	0	58	130	89	136	203	
0	29	39	118	0	58	180	87	118	58	
38	26	44	171	71	0	196	24	0	117	 ***
5	45	24	42	0	60	131	239	87	54	
0	29	24	26	0	60	176	60	115	197	
125	8	40	50	4	38	242	132	48	0	
16	29	22	16	19	58	137	237	99	54	
4	62	22	117	6	58	126	138	99	55	
48	172	0	33	28	43	0	158	170	35	
2	28	22	10	18	58	300	64	131	54	
0	29	24	12	0	66	308	76	118	54	
0	32	38	117	0	58	125	151	107	59	
0	66	22	12	0	82	144	248	59	54	
0	28	24	10	0	99	135	158	148	85	
4	12	8	48	56	72	308	48	91	40	
3	35	22	22	4	58	131	239	119	54	
133	12	0	50	56	69	239	44	84	0	
36	44	7	38	0	0	78	191	243	50	
16	29	8	31	0	60	158	231	99	55	
14	2	33	68	2	22	112	48	296	90	
0	31	22	117	0	62	237	60	88	70	

9	8	32	72	52	0	50	141	78	269	
40	28	44	3	71	0	124	217	0	184	
70	28	10	38	72	48	292	32	0	121	
80	34	105	48	50	74	0	0	252	68	 ***
74	43	40	64	44	55	291	49	0	51	
0	12	42	42	36	6	97	24	312	140	
6	70	18	18	58	26	62	296	117	40	
8	34	55	27	53	58	283	49	70	74	
10	16	8	28	22	16	320	68	96	127	
46	52	42	35	0	62	288	100	68	18	
4	72	63	10	14	58	285	32	18	155	
21	16	26	33	43	76	95	68	285	48	
20	36	22	46	40	28	282	48	38	151	
60	36	38	18	56	4	236	205	34	24	
13	6	56	32	49	38	118	90	0	309	
36	20	14	112	15	52	294	90	16	62	
38	28	44	10	39	0	278	124	0	150	
36	56	26	44	16	113	0	166	242	12	
88	116	34	28	30	0	131	20	2	262	
54	16	62	0	25	8	182	136	228	0	
13	10	32	32	76	69	281	154	2	42	

72	66	42	48	98	74	0	0	61	311	 ***
18	48	76	18	2	58	76	90	318	68	
54	48	8	82	6	16	44	88	304	122	
80	42	76	32	50	90	0	0	122	280	
58	32	6	40	52	82	0	142	310	50	
134	34	80	40	52	106	0	0	169	157	
72	35	28	56	50	74	66	0	78	313	
4	60	66	32	113	0	273	56	0	168	
112	66	60	50	66	74	0	0	276	68	
82	34	60	56	50	74	32	0	281	103	
26	38	24	24	60	50	32	24	301	193	
62	0	40	0	26	88	216	26	266	48	
68	50	4	42	46	38	38	34	320	132	
38	26	0	34	64	70	126	56	308	50	
48	82	60	48	100	74	0	21	28	311	
51	34	58	72	60	56	58	34	287	62	
68	35	60	80	18	82	0	262	58	109	
96	34	28	48	50	72	32	32	295	85	

18	20	0	8	14	68	186	100	0	288	
32	2	36	32	130	64	36	0	54	316	
32	2	42	32	82	62	64	0	72	314	
40	166	0	8	24	0	120	50	40	254	
36	2	34	32	118	44	38	8	56	334	
36	34	34	34	102	60	37	0	56	309	
40	68	99	8	0	28	140	0	0	319	 ***
0	36	40	64	10	38	306	72	0	136	
0	38	64	70	38	62	88	4	42	296	
32	70	34	32	106	56	0	0	56	316	

37	4	60	70	4	96	0	60	0	322	
26	50	24	34	50	80	68	50	0	271	
52	12	18	72	4	12	24	227	232	0	
44	32	76	14	90	32	46	0	77	242	
80	68	42	10	44	24	130	0	0	255	
68	8	60	20	0	28	124	48	30	267	
10	10	117	20	147	56	217	0	76	0	 ***
56	104	44	12	0	12	80	0	64	281	
42	84	38	8	16	16	128	48	0	273	
72	72	87	28	8	18	76	52	0	240	
14	16	36	52	62	64	119	46	4	240	
20	0	8	12	34	28	123	22	128	278	
118	72	20	40	0	20	88	40	255	0	
26	14	44	6	61	32	168	12	64	226	
4	12	32	44	52	52	176	0	32	249	

10	8	40	16	50	52	124	0	68	205	
10	8	76	16	52	52	131	0	44	184	
10	8	53	16	52	51	178	0	205	0	
88	32	18	20	0	4	132	0	13	266	
10	8	45	33	104	54	188	0	131	0	
10	32	0	30	81	10	220	190	0	0	 ***
32	8	28	14	5	0	258	172	0	56	
10	8	41	16	58	54	181	0	205	0	
10	8	41	8	50	62	132	0	204	58	
78	44	8	0	30	8	229	24	0	152	
86	8	41	19	104	62	162	0	91	0	
10	8	50	16	50	52	118	0	63	206	
10	24	40	18	46	54	264	32	85	0	
8	8	56	24	46	46	116	50	12	207	
10	16	76	16	52	52	118	186	47	0	
10	10	40	17	50	52	244	0	44	106	
8	16	56	17	32	42	230	8	160	4	
10	18	55	16	104	52	204	0	70	44	
10	8	41	16	52	52	125	206	63	0	
10	85	41	16	50	52	120	154	45	0	
20	8	76	16	50	53	159	0	191	0	
10	8	42	16	52	52	128	202	63	0	
32	44	126	8	8	20	66	249	0	20	

81	32	0	42	89	14	195	110	0	0	 ***
8	25	26	4	0	11	116	242	66	65	
46	79	22	16	20	2	0	133	26	219	
17	136	0	29	54	17	176	134	0	0	
12	35	0	97	72	12	147	53	0	135	
0	46	24	56	17	17	0	138	0	265	
30	37	10	33	32	28	186	207	0	0	

34	150	37	90	35	26	193	134	0	0	 ***
49	68	0	84	91	42	135	167	0	63	
36	49	46	0	57	47	46	173	0	245	
17	32	0	131	55	18	173	201	72	0	
17	36	0	81	34	42	289	172	28	0	
21	32	34	83	42	126	181	116	64	0	
33	80	13	62	50	6	287	72	0	96	

36	34	36	62	43	29	251	110	0	0	 ***
38	32	52	66	34	28	247	104	0	0	
35	147	36	58	34	38	103	70	80	0	
34	149	36	58	37	34	99	74	80	0	
34	36	36	62	42	36	247	108	0	0	
34	48	36	62	34	22	131	200	0	34	
28	45	0	25	82	24	34	185	132	46	
41	43	36	58	38	34	149	202	0	0	
34	145	36	62	34	34	93	97	0	66	
12	62	24	0	19	9	8	274	42	151	
35	147	44	58	34	42	105	104	32	0	
39	149	36	68	42	26	149	92	0	0	

5	13	40	30	0	70	244	19	32	127	
39	33	4	69	42	64	250	31	48	0	
23	42	38	51	42	42	101	241	0	0	
42	0	30	135	144	7	166	56	0	0	 ***
38	1	18	4	35	47	228	83	38	88	
64	4	44	65	0	18	200	121	11	53	
56	18	20	66	26	58	37	227	6	66	
18	32	4	49	34	27	272	66	78	0	
21	50	4	52	46	44	252	44	67	0	
25	72	22	32	23	12	219	41	78	56	
0	6	112	84	49	44	214	0	19	52	
17	32	4	54	42	150	159	122	0	0	
4	70	8	48	4	57	0	241	16	132	
7	66	0	0	141	41	222	43	38	22	
17	74	8	39	50	26	115	202	49	0	
19	38	12	71	60	45	237	49	49	0	
34	34	4	58	61	26	260	29	18	56	
40	10	36	66	0	17	102	245	18	46	

18	18	5	22	1	27	24	237	33	182	
49	30	5	64	25	49	209	46	0	90	
18	9	8	23	34	11	146	64	0	254	
10	64	20	136	43	0	187	37	50	20	
4	26	52	94	2	63	22	78	214	12	
12	26	29	12	8	32	261	42	9	136	
36	7	16	18	165	41	12	64	190	18	
11	26	53	16	24	38	244	25	130	0	
45	4	34	54	122	131	96	81	0	0	
68	56	34	140	60	56	52	0	94	7	
4	18	4	35	28	21	18	263	60	116	
36	0	34	150	122	15	124	42	44	0	
22	75	2	9	42	25	71	225	44	52	
38	16	32	152	122	15	124	68	0	0	
15	149	6	50	46	52	179	0	21	49	
8	84	4	50	0	24	32	90	33	242	
23	27	30	0	25	0	154	0	42	266	
38	0	144	35	130	11	127	82	0	0	 ***
36	104	30	55	132	15	114	81	0	0	
25	20	21	0	104	14	126	52	158	47	

86	40	38	24	24	25	214	94	23	0	
53	0	38	24	24	46	230	28	69	56	
52	9	157	34	21	41	36	157	30	31	
32	34	49	29	6	23	113	28	0	254	
21	23	118	0	41	40	24	76	125	100	
30	17	138	34	53	36	42	10	46	162	
19	22	9	35	54	4	210	155	25	35	
9	20	38	6	5	29	20	144	36	261	
38	0	52	44	100	22	214	51	47	0	
40	16	44	115	60	45	145	61	4	38	
17	0	28	13	151	0	196	103	36	24	
17	11	4	52	29	7	276	134	18	20	
48	0	168	35	98	13	135	49	22	0	
9	53	66	140	12	34	201	0	14	39	
56	47	61	32	22	14	208	103	25	0	
80	7	143	46	29	0	34	121	35	73	
42	8	141	37	102	13	141	84	0	0	
17	11	42	10	8	10	247	56	22	145	
54	0	145	50	96	16	108	97	2	0	
36	0	70	42	99	20	209	50	40	2	
20	11	28	57	52	2	46	46	86	220	
36	4	62	41	99	34	73	219	0	0	 ***
17	17	21	14	24	17	210	220	1	27	

26	21	21	7	36	104	126	251	40	22	
36	4	75	52	4	42	27	293	65	56	
20	20	17	44	8	38	60	252	68	127	
20	4	35	91	97	124	29	70	184	0	
61	56	48	32	110	142	32	173	0	0	
71	0	103	6	32	17	280	13	13	119	
37	4	64	61	101	32	31	228	0	96	
20	4	95	47	97	51	48	76	0	216	
32	5	73	127	115	59	101	142	0	0	
33	8	58	117	67	11	67	242	51	0	
8	3	82	85	20	8	118	312	8	10	
8	16	1	48	60	49	142	277	20	33	
124	7	134	38	0	28	254	54	0	15	
14	0	32	0	40	154	61	206	43	104	
52	9	66	32	99	59	53	250	34	0	
28	4	46	69	97	44	72	277	0	17	
20	4	46	29	142	44	82	223	46	18	
29	36	51	165	99	11	159	104	0	0	
33	10	13	27	18	94	13	223	95	128	
8	6	4	38	125	12	130	14	37	280	
66	63	0	8	0	15	165	245	74	18	
56	4	53	29	83	27	100	94	0	208	
94	109	48	32	85	108	81	97	0	0	
20	4	34	49	126	33	210	178	0	0	 ***
29	20	26	135	97	83	56	97	111	0	
60	4	65	70	115	13	26	85	216	0	
8	24	0	45	16	10	37	312	166	36	

5	37	11	27	121	32	58	126	272	28	
98	40	20	58	114	22	74	0	44	247	
36	18	21	9	37	40	234	24	240	58	
56	5	24	61	64	31	70	271	135	0	
14	4	39	71	46	47	242	150	104	0	
28	17	39	58	28	27	242	178	100	0	
20	4	27	50	126	31	204	216	36	3	
16	24	40	38	109	79	110	136	34	131	
10	40	8	72	113	26	146	212	42	48	
25	5	41	43	60	82	68	235	0	158	
0	81	55	60	2	13	65	250	0	191	
3	16	12	16	127	108	300	7	100	28	
76	5	25	65	73	63	74	271	0	65	
91	134	44	0	67	5	156	91	129	0	
21	4	49	34	126	41	67	231	144	0	
71	8	33	65	61	35	217	160	0	67	
16	37	97	36	47	31	66	188	199	0	
51	5	23	81	104	31	94	168	0	160	
24	5	79	50	100	47	135	277	0	0	
34	20	29	35	76	31	223	141	36	92	
8	63	42	9	20	26	207	87	0	255	
0	9	3	64	139	34	257	24	147	40	
46	4	21	42	62	31	85	177	193	56	
34	40	32	58	10	78	91	207	0	167	
36	16	12	44	109	17	76	279	118	10	
47	50	0	123	34	0	221	22	10	210	
16	5	21	38	27	84	241	152	133	0	
42	38	8	99	27	6	40	249	0	208	
10	4	56	27	28	30	240	211	36	75	
21	57	29	46	77	67	125	295	0	0	 ***
30	4	96	44	92	74	110	267	0	0	
20	4	29	114	120	67	80	165	70	48	

34	57	56	0	145	82	276	0	72	0	 ***
27	6	103	96	68	40	6	0	52	324	
24	8	10	88	0	4	158	318	69	43	
70	137	28	77	60	8	64	246	32	0	
12	36	8	8	32	20	202	283	32	89	
0	0	26	38	28	76	170	10	65	309	
17	52	95	44	40	38	88	280	0	68	
19	52	25	128	108	41	155	194	0	0	
24	84	61	42	76	35	122	278	0	0	
56	42	49	31	9	100	36	251	148	0	
9	52	32	96	106	97	127	203	0	0	
9	20	25	70	76	157	166	199	0	0	
9	58	25	107	70	30	122	119	0	182	
28	24	11	0	52	109	56	104	112	226	
25	87	25	38	76	71	120	280	0	0	
9	52	25	40	45	34	251	187	0	79	
9	52	27	66	38	98	91	138	4	199	
53	52	29	74	76	36	122	280	0	0	
17	52	59	42	78	35	90	281	68	0	
102	24	114	0	2	3	0	24	293	160	
72	68	106	21	24	43	306	0	74	8	
117	54	25	54	40	30	152	145	105	0	

14	57	55	4	110	82	166	0	200	0	
10	21	74	8	46	82	299	0	148	0	
2	81	97	0	50	82	268	0	108	0	
88	0	14	36	117	17	24	52	32	308	
10	93	52	0	54	98	269	0	112	0	 ***
0	6	121	16	96	32	308	51	22	36	
40	62	16	0	66	92	55	24	44	289	

26	91	56	0	53	66	265	0	122	0	
34	96	28	32	40	2	288	30	84	45	
18	58	0	115	0	42	270	114	42	20	
46	60	44	112	12	0	316	49	8	32	
0	28	0	6	131	23	38	138	271	44	
16	0	64	88	60	50	64	314	0	23	
6	86	54	0	32	110	231	42	60	58	
0	106	76	0	6	24	300	28	27	112	
16	4	0	90	62	60	301	10	100	36	
33	54	34	26	26	6	310	52	138	0	
10	111	52	107	17	34	172	96	80	0	
20	44	32	78	6	46	306	32	31	84	
68	72	101	0	112	16	262	20	0	28	
0	20	14	13	36	2	327	199	68	0	
40	80	20	34	40	82	97	0	286	0	
51	72	36	8	42	34	300	20	74	42	
56	113	70	34	0	84	0	274	48	0	
107	42	107	21	73	2	257	32	0	38	
11	95	52	0	53	66	278	0	124	0	 ***

73	0	64	32	8	111	100	246	20	0	
36	54	52	13	0	72	147	24	256	0	
17	84	14	0	0	22	269	56	0	192	
80	98	50	0	13	74	233	0	106	0	 ***
8	114	23	64	21	106	238	0	80	0	
8	132	116	0	0	56	32	56	8	246	
2	105	51	0	17	83	220	0	144	32	
84	38	32	24	36	4	279	0	141	16	
50	32	48	1	64	6	281	2	162	8	
79	91	23	0	13	66	188	168	26	0	
64	32	114	78	92	0	4	7	255	8	
68	40	5	92	22	32	213	0	182	0	
2	91	18	0	18	70	191	64	200	0	
25	123	36	44	2	18	6	27	112	261	
80	8	32	5	0	64	12	172	281	0	
4	0	25	12	66	72	291	0	22	162	
16	126	42	0	0	9	88	4	238	131	
2	99	21	4	13	70	186	0	195	64	
15	107	18	0	13	68	209	0	60	164	

0	0	28	0	183	64	249	36	0	0	
2	46	58	0	5	58	84	271	36	0	
8	34	10	0	80	0	326	0	8	94	
2	46	48	20	5	40	299	58	42	0	
4	0	0	0	32	70	288	80	40	46	
12	0	0	84	0	42	295	127	0	0	
68	0	56	6	86	4	326	4	10	0	
93	4	32	8	12	0	305	16	90	0	
0	36	48	16	0	0	299	17	20	124	
2	62	46	0	7	100	92	0	251	0	
2	62	50	0	25	72	299	0	50	0	
0	0	72	64	0	0	139	0	0	285	 ***
2	40	36	133	1	43	255	32	18	0	
6	40	8	56	72	62	316	0	0	0	
64	4	12	0	0	2	166	0	0	312	
0	12	0	76	4	81	295	52	0	40	
104	62	50	0	25	74	201	0	44	0	
104	82	50	0	5	78	193	0	48	0	
133	4	6	0	0	32	97	0	0	288	
2	62	48	0	13	42	299	60	34	0	
8	44	0	92	0	78	332	6	0	0	
4	0	8	52	0	0	318	140	0	38	
0	32	0	4	2	32	259	227	4	0	
0	12	0	44	16	16	293	8	167	4	
2	34	28	64	0	0	290	0	0	142	
0	20	0	32	10	40	314	104	40	0	
8	0	32	8	10	0	326	122	54	0	
2	46	56	0	21	44	305	52	34	0	
2	62	50	0	15	80	133	0	218	0	
2	46	50	0	5	42	90	271	54	0	
107	62	74	0	5	74	190	0	48	0	
85	16	10	64	0	64	0	0	0	321	
32	0	0	2	0	155	265	84	18	4	

0	8	65	48	44	4	184	36	0	279	
64	0	0	8	0	66	92	24	102	312	
32	41	32	118	0	0	118	44	0	283	
0	32	52	76	0	0	152	0	298	58	
0	0	64	104	0	0	148	42	40	270	
40	36	34	16	0	44	211	8	32	247	
145	48	32	0	0	0	44	287	0	112	 ***
8	0	32	12	32	56	103	8	240	177	
38	10	52	32	72	12	0	4	204	244	
0	4	0	32	144	51	8	129	34	266	
24	141	32	44	12	0	41	0	105	269	
0	18	76	68	46	0	236	14	210	0	
0	0	64	56	64	0	78	0	112	294	
0	32	125	88	0	48	32	72	4	267	
0	0	45	56	76	32	142	0	38	279	

43	74	40	2	0	0	123	307	0	124	
16	0	44	40	147	36	162	0	0	268	
32	70	100	0	34	0	0	293	56	128	
143	52	82	0	0	64	52	224	0	96	
36	71	32	0	0	0	80	296	82	116	
82	40	14	32	0	0	0	232	49	264	
44	48	141	0	0	0	32	262	90	96	
143	40	82	32	0	32	64	212	0	108	
106	72	40	0	71	60	193	0	0	171	 ***

141	68	52	0	73	24	206	54	0	64	
32	0	0	147	70	0	0	298	123	12	
38	73	40	0	98	64	127	0	0	242	
8	58	16	40	157	32	250	0	33	88	
50	72	40	0	33	16	331	0	44	96	
43	0	0	12	18	114	222	273	0	0	
0	35	40	80	186	0	64	237	0	40	
58	124	50	0	32	26	118	0	0	274	
128	32	71	8	40	14	282	66	8	33	
8	44	0	32	34	0	309	215	8	32	
0	90	0	34	40	0	226	228	32	32	
50	70	64	0	32	44	326	0	0	96	
141	92	48	0	32	25	214	0	30	100	
0	0	167	0	48	64	254	0	144	5	
140	0	100	48	0	66	0	296	0	0	
8	34	0	10	48	40	252	0	36	254	
8	56	0	0	0	0	68	219	0	331	 ***

0	0	0	2	16	16	304	40	32	233	
40	0	32	91	64	0	288	0	128	0	 ***
17	56	13	0	0	0	71	264	0	222	
0	0	78	8	32	0	32	244	249	0	
8	72	5	32	10	8	76	87	0	345	
0	68	0	40	8	78	41	72	8	328	
49	12	34	16	0	0	0	213	40	279	
0	0	1	67	11	128	0	326	110	0	
0	0	161	18	24	32	280	32	96	0	
0	42	0	157	8	6	306	124	0	0	
83	70	12	31	68	0	58	0	0	321	
0	32	8	48	32	4	216	18	14	271	
16	56	0	0	24	0	70	244	0	233	
8	64	3	8	0	20	76	119	0	345	
16	60	8	0	0	9	84	122	0	344	
0	8	0	2	44	0	99	0	172	318	
8	64	136	0	0	0	74	98	263	0	

55	0	25	57	0	4	14	268	291	0	
35	8	42	82	80	2	289	51	125	0	
127	34	86	20	50	0	237	152	8	0	
64	134	40	16	70	16	0	84	290	0	
50	100	41	40	115	0	247	72	49	0	
0	32	0	34	96	36	272	46	76	122	
10	36	8	48	18	0	124	192	278	0	
6	74	64	158	48	3	239	8	32	82	
0	4	31	0	32	8	280	40	181	138	
50	0	83	52	68	0	295	71	95	0	
9	48	28	2	36	4	321	40	36	190	
48	68	157	0	0	115	164	16	146	0	
39	0	52	50	68	5	303	0	117	80	
36	0	36	68	76	35	194	0	269	0	 ***
0	8	112	6	36	86	270	66	32	98	
0	8	5	0	12	20	176	134	0	359	
8	86	73	113	74	0	36	8	272	44	
57	4	35	68	70	2	299	0	94	85	
36	20	0	53	4	70	270	42	147	72	
8	32	23	56	0	42	283	72	140	58	
50	1	50	50	120	4	280	0	159	0	
46	74	36	34	0	0	252	233	0	39	
34	2	24	106	101	0	276	0	163	8	
20	30	2	50	4	4	348	48	208	0	
110	2	100	2	96	10	0	0	272	122	
64	50	2	0	22	80	296	20	0	180	
16	2	4	36	16	32	146	40	61	361	
40	14	34	44	64	55	313	0	150	0	
35	16	8	88	72	34	156	0	0	305	

6	53	73	108	0	1	32	221	0	274	
12	113	3	80	64	68	264	0	164	0	
73	32	116	76	101	0	260	90	4	16	
36	0	68	44	80	40	85	186	229	0	
36	64	61	44	64	2	274	0	189	34	
0	64	112	57	32	52	0	142	223	86	
13	0	100	90	65	12	233	22	199	34	
68	0	111	48	80	34	191	0	236	0	 ***
10	64	140	35	0	95	67	89	268	0	
8	112	58	30	48	40	54	134	278	6	
43	8	34	32	34	0	0	114	216	287	
69	32	68	74	64	2	194	29	236	0	
0	95	32	48	13	32	144	64	34	306	
36	40	36	56	66	150	161	0	223	0	
1	5	61	40	90	32	52	35	304	148	
116	0	34	106	20	0	36	148	72	236	
82	0	88	85	43	0	0	235	38	197	
52	40	1	82	40	52	42	0	251	208	
42	66	149	20	40	0	236	0	154	61	
44	32	74	82	80	35	154	0	267	0	
36	109	84	45	66	34	177	0	217	0	
64	128	24	33	108	20	16	40	269	66	
65	48	40	48	16	0	226	233	74	18	
60	78	60	33	0	67	0	90	301	79	
114	0	122	0	136	56	52	74	0	214	
100	0	58	118	96	2	50	244	100	0	
154	0	0	64	8	44	199	32	192	75	
8	76	50	1	34	8	104	219	236	32	
49	64	32	6	45	36	80	58	223	175	
36	69	68	50	72	50	148	0	275	0	
16	134	61	74	10	32	104	32	281	24	
78	2	76	50	40	0	89	0	237	196	
55	33	173	67	34	66	0	90	250	0	
48	16	44	135	64	0	96	56	33	276	
0	48	0	84	84	58	41	13	294	146	
68	45	68	44	64	67	130	0	282	0	
48	23	48	2	8	34	2	221	267	115	
1	34	50	58	52	16	285	122	150	0	
4	20	0	132	36	32	115	139	283	7	
2	124	32	71	10	13	176	35	305	0	
36	2	53	52	80	34	274	0	205	32	
4	83	82	18	18	49	245	27	242	0	

