#9	14	91	6	60	0	39	186	261	81	
#79	0	42	64	18	44	20	42	184	254	
#67	23	16	50	73	35	54	211	0	218	
#6	8	52	37	50	6	85	235	25	243	
#132	19	60	6	68	5	116	24	235	82	
#27	138	42	16	2	82	69	23	96	252	
#0	62	80	26	0	22	198	224	38	97	 ***
#69	35	76	0	56	18	223	17	28	225	

0	78	80	30	0	0	239	60	67	133	
0	62	94	45	6	12	65	44	294	65	
2	84	78	29	0	0	214	60	151	69	
4	24	48	50	36	66	4	301	114	40	
0	62	78	32	0	8	89	44	269	105	
0	40	16	22	0	26	138	15	296	134	
0	78	74	45	0	8	214	52	147	69	
0	70	82	29	0	0	76	221	108	101	
2	64	80	26	0	20	73	256	101	65	
44	0	58	43	44	28	66	273	131	0	
0	64	80	25	16	0	83	208	143	68	
17	62	64	64	4	8	66	60	293	49	
83	49	16	71	0	0	76	270	0	122	 ***
16	62	64	28	16	32	82	277	77	33	
16	78	80	30	0	0	67	50	189	177	
49	4	32	32	4	40	128	316	82	0	
66	40	0	49	68	90	52	302	9	11	

52	0	50	44	29	50	55	42	105	284	
32	48	46	28	65	2	84	292	74	40	
66	49	16	72	0	0	76	269	14	149	
2	18	22	32	26	8	171	270	0	162	
85	49	16	39	0	0	110	288	65	59	
37	83	20	55	0	32	108	290	34	52	
72	32	56	12	52	0	20	0	255	212	
67	53	32	40	36	0	76	220	0	187	
116	81	33	40	0	0	84	201	0	156	
69	83	20	39	0	16	108	121	0	255	
0	6	14	0	97	18	127	243	206	0	
58	52	50	11	44	19	80	36	135	226	
2	18	38	66	26	8	244	50	167	92	
67	83	16	129	0	0	76	172	0	168	
67	45	16	43	32	0	118	245	0	145	
83	81	20	39	0	2	76	288	34	88	
32	52	0	56	16	18	115	0	238	184	
44	72	8	54	60	27	41	301	48	56	
32	34	34	52	70	6	108	285	4	86	
69	59	20	39	0	0	173	179	0	172	 ***
67	89	16	40	0	0	92	189	0	218	
6	32	62	48	23	19	101	280	58	82	
67	65	54	41	5	0	108	225	0	146	
51	4	41	26	16	48	42	273	34	176	
16	4	90	52	0	126	22	250	34	117	

34	98	2	44	62	124	51	14	219	124	
68	116	12	36	0	0	88	242	0	210	
52	52	50	46	0	56	197	203	0	116	
40	58	34	66	38	96	28	276	112	24	
41	34	114	12	14	46	254	40	85	132	
76	132	40	70	0	0	82	184	0	188	
52	60	34	38	0	32	197	239	0	120	
84	40	14	38	0	48	116	306	0	126	
109	57	20	117	0	0	109	119	0	241	 ***
114	86	20	39	0	0	128	185	0	200	
52	52	138	39	0	0	139	184	0	168	
52	121	70	38	0	0	170	182	0	139	
84	40	12	69	0	9	78	235	0	245	
60	52	18	23	64	8	179	234	0	134	
52	34	0	62	36	0	114	0	326	148	
52	84	18	38	0	8	114	286	0	172	
0	105	4	28	52	52	52	150	64	265	
92	52	50	40	0	0	120	286	0	132	
84	68	18	38	0	48	112	286	0	118	
52	68	20	38	40	8	112	286	0	148	
68	52	50	34	8	8	88	78	101	285	
32	18	66	56	20	48	60	112	34	326	

50	52	14	76	36	0	88	268	40	78	
14	18	64	28	50	12	42	210	0	264	
44	44	6	0	40	0	32	62	158	316	
86	48	34	0	94	2	66	68	16	288	
86	0	84	62	32	74	0	284	36	44	
59	54	8	149	0	4	118	56	0	254	
34	32	54	120	40	8	10	144	8	252	
40	80	16	82	0	20	70	8	74	312	
50	52	16	108	4	4	88	268	0	112	
111	52	8	108	8	0	164	61	0	190	
68	56	10	32	8	0	48	0	242	238	
54	52	44	108	0	0	281	83	0	80	
72	117	32	34	46	0	24	255	40	82	
88	4	22	99	78	20	255	0	0	136	
46	84	8	154	0	0	56	252	16	86	
54	57	8	108	0	0	142	100	0	233	
44	32	118	8	92	99	42	16	2	249	
82	56	8	112	0	0	88	118	0	238	
109	52	12	108	33	0	116	60	0	212	
36	96	40	0	48	156	0	234	8	84	
179	8	12	48	64	8	40	199	74	70	
56	8	16	12	88	48	100	26	48	300	
48	52	8	114	0	0	64	87	251	78	
32	36	8	26	52	64	32	48	104	300	
2	36	0	0	48	0	348	138	50	80	
64	42	134	0	18	84	0	0	166	194	 ***
8	88	4	0	206	14	0	254	96	32	

54	40	24	4	20	80	89	20	52	270	
48	54	68	0	24	84	0	50	54	271	
64	24	8	87	48	8	44	0	116	254	
41	46	97	8	56	76	0	0	140	189	
14	12	12	0	40	0	156	271	12	136	
20	4	72	42	12	2	122	42	64	273	
72	4	46	0	60	26	0	101	88	256	
48	88	24	0	16	80	0	52	74	271	
0	8	78	28	8	0	162	78	8	283	
32	36	115	44	28	4	0	0	262	132	
70	56	28	37	16	68	216	0	52	110	
44	48	40	0	22	116	239	0	68	76	
4	48	4	0	82	30	32	114	58	281	
68	42	34	4	32	84	227	0	54	108	
16	32	44	36	16	12	18	59	152	268	
86	128	108	6	0	0	53	254	0	18	
111	157	14	8	0	0	64	0	194	105	 ***
138	52	18	0	32	0	16	28	271	98	
14	56	90	170	4	40	0	60	219	0	

40	66	14	6	0	0	58	0	191	198	
44	12	46	28	4	2	259	12	44	122	
35	75	14	6	2	0	72	0	136	233	
50	125	14	59	0	0	56	0	142	127	
32	110	14	6	0	1	72	0	207	131	
0	0	110	42	14	0	12	20	263	112	
50	12	36	0	130	36	0	148	0	161	 ***
77	100	14	6	0	2	72	0	105	197	
24	8	57	144	0	0	16	0	188	136	
32	66	83	6	8	0	56	0	136	186	
8	44	2	14	44	12	187	43	219	0	
34	66	14	14	0	0	72	0	136	237	
32	66	14	6	0	3	72	0	147	233	
32	124	16	8	0	0	56	0	142	195	

49	16	30	4	21	34	0	277	0	132	
50	19	20	0	18	33	9	110	103	201	
5	36	2	10	142	25	181	44	32	86	
97	36	20	0	58	68	0	176	0	108	 ***
52	17	20	0	15	32	83	137	0	207	
52	16	25	22	133	42	0	178	0	95	
48	18	25	5	116	32	71	137	0	111	
70	144	0	37	35	66	52	0	0	159	
16	15	12	45	112	12	173	84	46	48	
56	10	26	0	24	36	24	182	4	201	
48	3	37	13	16	38	0	286	0	122	
13	16	108	58	48	30	0	48	0	242	
65	10	21	0	114	36	66	136	0	115	
12	34	26	32	136	57	31	42	34	159	
2	0	60	46	0	10	44	21	203	177	
48	18	21	38	116	34	52	139	4	93	
14	124	60	40	46	0	12	199	52	16	
13	0	12	32	0	22	157	48	14	265	
67	8	18	4	133	73	14	194	4	48	

36	81	9	86	16	36	35	239	62	99	
58	98	21	42	91	83	14	38	18	236	
29	39	30	30	0	38	53	74	178	228	
62	30	85	0	58	4	60	235	145	20	
64	17	48	16	17	58	16	41	197	225	
20	6	36	49	38	56	42	64	128	260	
35	44	10	25	0	52	114	228	111	80	
66	63	36	40	38	138	0	190	0	128	
73	60	6	8	19	52	182	234	21	44	
54	18	32	84	27	40	256	0	129	59	
32	105	14	68	125	17	36	229	51	22	
69	32	36	32	20	24	0	314	64	108	
16	4	88	8	140	40	70	246	84	3	
91	52	21	4	26	60	0	223	0	222	 ***
62	128	52	0	25	28	0	204	132	68	
50	21	34	39	50	14	158	228	64	41	

32	33	16	44	20	42	38	125	16	235	
47	46	42	11	16	21	20	145	17	236	
61	8	38	10	24	3	68	186	4	199	
12	29	22	18	37	53	60	118	34	218	
32	15	88	46	13	21	231	139	16	0	
0	42	28	8	13	0	180	64	41	225	
43	80	53	3	0	49	26	133	25	189	
24	58	0	16	11	76	157	5	39	215	
59	52	25	20	26	28	0	192	0	199	
46	20	58	51	57	0	143	209	0	17	
42	12	56	36	46	25	30	0	99	255	
29	45	21	40	27	27	0	218	0	194	 ***
59	54	30	12	22	28	0	139	195	62	

26	142	66	24	2	61	0	205	14	40	
37	38	127	8	11	70	246	14	29	0	
48	20	31	0	36	36	69	54	82	204	
34	44	17	36	0	2	25	24	155	243	
20	27	20	44	44	27	0	132	202	64	
6	30	98	52	20	58	59	38	211	8	
11	6	36	32	6	40	109	73	64	203	
65	26	56	38	37	46	42	0	69	201	
35	54	0	59	43	42	17	78	17	235	
26	17	28	48	16	56	20	0	137	232	
37	25	20	34	28	26	0	260	81	69	
7	44	40	0	8	35	182	7	8	249	
8	125	34	10	56	35	57	29	0	226	
19	28	20	46	42	54	0	163	0	208	 ***
22	35	27	0	85	24	201	52	134	0	
23	19	0	14	37	112	60	71	28	216	
23	53	22	47	28	19	51	124	16	197	
68	12	20	58	4	10	11	179	9	209	
36	0	20	81	26	15	33	0	138	231	
64	28	123	34	54	12	59	0	76	130	
29	29	11	16	16	64	30	166	16	203	
8	20	70	84	38	48	20	76	0	216	
54	10	8	51	18	24	23	79	95	218	
28	19	24	48	10	32	113	24	67	215	
52	95	141	36	0	19	0	64	157	16	
128	43	21	33	34	27	0	170	50	74	

41	36	19	12	16	14	21	257	23	128	
54	22	20	12	25	10	4	6	257	157	
33	18	7	15	88	0	66	0	90	250	
94	111	7	18	0	44	41	4	0	248	
20	27	7	10	50	18	21	146	22	246	
0	33	13	8	9	36	36	25	157	250	
6	36	18	26	44	61	0	259	0	117	
27	20	6	25	44	8	18	177	35	207	
40	20	0	61	4	0	16	168	234	24	
10	26	36	34	40	56	52	91	0	222	
64	3	5	0	58	16	51	126	26	218	
7	26	24	26	40	45	0	97	77	225	
27	33	8	81	32	74	0	66	28	218	
19	26	15	24	42	56	65	92	0	228	
3	20	18	124	45	51	0	191	0	115	 ***
14	61	22	42	13	0	0	95	265	55	
11	28	18	30	49	44	65	107	0	215	
40	8	4	16	6	38	40	192	211	12	
7	32	18	20	42	52	72	96	0	228	
3	26	48	118	48	44	0	153	0	127	
52	20	37	78	0	23	14	65	26	252	
50	22	11	19	4	28	10	130	34	259	

74	9	18	43	56	104	44	200	20	0	
15	54	44	156	8	37	41	31	73	109	
5	49	40	122	36	41	0	154	0	121	
50	5	4	166	33	9	104	153	24	20	
0	98	31	5	90	52	10	12	248	22	
62	20	2	57	107	140	46	92	28	14	
55	34	25	142	24	32	27	66	48	115	
85	6	24	121	57	44	90	27	50	64	
122	14	36	4	22	6	2	24	165	173	
24	8	28	10	36	13	260	18	14	157	
30	36	4	10	10	0	54	110	266	48	
32	0	36	34	8	15	258	45	22	118	
9	20	122	31	54	39	0	160	0	133	
5	25	40	40	44	43	0	160	0	211	 ***
3	21	20	127	52	35	0	110	58	142	
27	30	25	125	36	19	19	101	34	152	
13	4	32	74	60	39	75	66	5	200	
48	76	2	135	20	0	77	58	113	39	
55	40	9	128	71	21	179	25	40	0	
33	25	37	135	16	36	60	22	64	140	
53	26	48	153	64	18	106	36	0	64	
3	22	18	30	45	41	11	273	54	71	
42	58	60	138	0	29	19	148	50	24	
16	4	18	50	53	81	36	102	208	0	
5	20	32	122	49	45	0	110	49	136	
20	22	23	149	31	30	77	186	20	10	
47	0	20	68	166	33	0	116	38	80	
83	14	12	145	26	20	18	180	14	56	
3	20	27	48	125	34	0	178	0	133	
3	22	18	127	44	33	0	184	50	87	
14	2	140	12	10	24	151	138	55	22	
11	30	18	34	44	34	50	273	0	74	

18	18	23	35	10	40	106	133	8	263	
3	29	46	36	22	27	112	139	17	223	
74	0	92	17	9	111	62	55	0	234	
69	6	7	29	45	25	24	164	26	259	
37	16	26	4	0	101	108	264	61	37	
2	28	8	39	27	7	80	207	30	226	
132	2	38	46	68	26	234	46	62	0	
40	10	35	46	0	37	22	142	290	32	
48	50	89	157	10	62	213	4	21	0	
33	43	32	35	40	12	66	259	0	134	
35	46	105	118	16	26	116	53	0	139	
32	83	34	16	43	64	0	94	32	256	
45	2	12	6	50	8	45	202	12	272	
40	40	44	6	153	52	32	52	235	0	
7	28	22	18	11	38	24	204	8	294	
1	2	34	50	60	11	25	189	28	254	
111	0	6	1	54	0	289	46	108	39	
36	30	48	36	20	85	0	270	0	129	 ***
7	138	12	34	37	35	0	189	0	202	

3	28	98	78	24	83	0	224	0	179	 ***
10	87	46	22	18	80	20	253	100	81	
78	16	51	120	40	0	48	276	86	2	
116	26	46	50	12	86	0	139	147	95	
37	76	56	30	20	141	0	241	0	116	
0	8	45	28	7	21	154	251	124	79	
9	11	100	95	22	116	68	248	0	48	
35	44	65	34	23	94	0	253	106	63	
13	84	48	112	0	80	88	144	0	148	
3	47	44	48	25	80	0	235	140	95	
8	0	115	40	0	21	260	33	228	12	
21	4	28	6	52	0	240	100	230	36	
10	0	14	1	104	66	36	256	64	166	
115	75	46	49	36	76	0	183	0	137	
48	65	0	97	17	0	180	177	80	53	
5	40	129	42	0	26	259	134	18	64	
15	46	48	82	23	82	98	261	0	62	
2	50	34	58	10	14	113	228	208	0	
121	44	84	82	4	90	0	179	0	113	
48	2	0	20	76	24	32	225	237	53	
1	17	46	18	17	144	0	181	72	221	

21	80	32	74	37	63	0	230	0	185	
18	77	54	80	40	24	54	301	26	48	
29	48	0	86	53	46	148	36	276	0	
37	28	68	80	24	83	0	258	0	144	
1	31	73	74	58	141	0	158	0	186	
21	52	32	64	4	18	64	291	10	166	
25	51	12	96	68	124	30	257	47	12	
20	58	32	22	48	36	50	286	126	44	
0	105	146	68	2	31	237	85	48	0	
86	50	8	24	2	34	162	338	18	0	
121	37	34	54	26	65	44	247	74	20	
32	5	72	1	7	18	148	261	40	138	
11	26	41	114	29	143	0	194	0	164	 ***
18	32	18	44	4	20	32	8	202	344	
55	41	18	46	41	92	48	235	51	95	
1	28	106	78	20	143	0	162	0	184	
50	4	64	14	48	50	134	18	11	329	
0	16	10	12	2	40	86	152	82	322	
78	68	34	0	24	9	11	247	16	235	
3	59	112	78	24	85	0	213	0	148	
72	27	72	22	9	62	71	256	10	121	
32	1	112	61	14	117	71	287	8	19	

33	9	20	115	28	77	0	81	221	104	
19	33	20	157	40	121	0	182	0	116	
4	30	32	94	55	35	8	299	75	56	
4	52	36	78	159	75	0	227	57	0	
10	14	60	45	18	41	247	253	0	0	
90	16	16	60	38	0	310	22	36	100	
26	50	0	0	92	130	114	0	0	276	 ***
1	25	26	140	88	89	0	132	0	187	
33	42	20	112	25	79	0	79	115	183	
101	0	0	15	18	43	0	241	32	238	
0	18	83	16	134	12	44	297	0	84	
2	10	95	0	112	0	37	264	128	40	
1	11	20	156	16	79	0	119	95	191	
0	20	41	128	20	93	277	55	0	54	
0	8	115	126	48	36	32	50	273	0	
12	16	0	26	56	70	0	301	56	151	
21	25	20	118	21	79	221	91	40	52	
12	62	4	0	6	112	252	0	0	240	
1	45	23	104	57	79	95	79	0	205	
40	48	18	0	3	12	186	343	0	38	
18	27	88	108	34	87	0	242	0	84	
2	6	0	8	80	8	70	312	154	48	
4	2	20	2	52	3	92	189	324	0	
130	66	74	84	75	0	221	16	22	0	
52	16	0	16	33	62	46	347	0	116	
2	25	20	130	32	109	0	91	227	52	
2	76	30	14	46	66	4	317	33	100	
1	8	34	104	14	63	246	88	30	100	
34	76	0	76	2	0	48	306	69	77	

26	131	0	0	112	58	144	0	0	208	
26	66	0	0	104	58	104	212	0	109	
26	78	0	0	62	90	124	0	0	299	 ***
26	50	8	16	102	62	144	0	0	271	
90	78	114	0	50	32	8	24	20	263	
85	50	0	0	92	58	164	0	0	230	
104	12	4	18	108	16	0	62	70	285	
39	112	50	34	64	38	258	66	18	0	
28	50	0	0	100	123	160	0	0	218	
0	96	38	24	6	4	62	16	146	287	
4	131	40	0	20	32	276	36	36	104	

5	36	76	48	46	40	299	16	0	88	
24	38	8	33	23	0	225	70	169	64	
53	48	16	122	4	14	201	96	100	0	
20	54	0	6	58	86	165	0	0	265	
16	4	34	48	67	24	238	16	181	26	
44	62	48	0	62	87	167	0	0	184	 ***
14	54	2	8	68	18	128	100	0	262	
99	64	16	50	72	4	64	8	12	265	
73	107	24	0	58	54	184	0	0	154	
18	66	0	4	54	110	92	0	142	168	
22	54	98	41	62	18	100	96	0	163	

84	0	0	72	0	0	0	104	20	280	
34	0	16	32	16	58	4	0	80	320	
52	62	32	0	62	18	82	0	0	252	
56	62	10	0	62	18	74	0	0	278	
48	64	18	0	62	18	98	0	0	252	
92	4	0	0	8	0	132	2	0	322	
72	50	129	4	0	0	293	12	0	0	
0	4	90	0	14	12	102	0	0	338	
66	24	0	0	4	2	32	56	58	318	
8	2	0	82	20	8	0	116	26	298	
6	0	0	77	8	8	142	0	0	319	
0	52	114	44	64	0	54	0	0	232	
40	68	10	0	62	16	74	0	0	290	
4	0	4	24	0	0	34	168	0	326	
0	72	86	0	44	0	38	0	0	320	 ***
40	58	10	0	60	20	66	16	0	290	
0	0	12	24	4	56	36	44	56	328	
0	0	179	64	4	0	32	40	241	0	
0	4	0	94	0	72	318	0	0	72	
44	62	10	4	62	98	82	0	0	198	

72	68	24	86	18	0	0	64	336	0	
4	0	52	36	20	8	8	98	196	246	
12	5	66	64	27	0	245	0	0	249	
56	10	0	66	76	44	0	0	126	290	
58	0	64	8	53	0	0	222	97	166	
84	52	80	0	44	0	63	0	52	293	
4	40	44	45	76	8	76	76	0	299	
40	8	64	0	24	0	80	323	0	129	
0	84	91	32	92	36	68	0	0	265	
0	52	165	48	42	69	0	252	40	0	
100	43	28	0	0	0	64	84	42	307	
28	4	44	72	8	34	0	32	129	317	
40	48	0	70	141	20	269	0	0	80	
0	26	44	13	140	32	78	41	0	294	
32	80	86	4	120	12	70	0	0	264	
32	40	80	0	48	79	70	0	52	267	
8	36	77	40	48	36	64	52	0	307	
36	78	40	36	52	0	70	0	78	278	
0	36	0	0	169	40	167	0	208	48	
32	72	64	0	32	34	8	237	0	189	
0	32	0	90	42	12	0	103	72	317	
20	41	44	32	44	65	42	0	66	314	
106	32	115	26	52	0	40	297	0	0	
0	36	0	11	48	100	135	52	0	286	
33	0	8	114	0	24	41	142	0	306	
0	36	0	36	6	64	179	46	0	301	
0	27	44	68	0	76	10	203	240	0	
36	0	0	96	36	32	0	195	273	0	 ***
34	32	56	64	44	44	74	4	0	316	
69	6	24	18	64	64	0	21	72	330	
0	6	6	0	0	104	129	58	125	240	
0	0	8	8	64	12	275	96	0	205	
0	46	52	0	44	44	110	0	58	314	
0	170	16	72	60	4	0	34	98	214	
44	0	36	0	36	0	35	114	100	303	

12	0	70	0	0	132	0	173	226	100	
78	33	65	64	4	40	4	12	220	193	
46	0	103	8	0	12	64	280	0	200	
0	106	88	0	54	52	169	0	0	244	 ***
96	16	0	14	32	32	63	185	275	0	
32	68	0	18	95	32	42	172	254	0	
118	68	44	36	96	12	0	252	71	16	
64	8	36	48	0	40	0	64	215	238	
0	0	6	145	0	8	32	152	64	306	
42	64	9	10	36	35	52	190	271	4	
73	68	39	24	71	0	64	0	220	154	
56	36	76	76	42	0	0	0	226	201	
80	30	0	78	34	40	0	210	241	0	
64	16	46	8	2	68	64	135	278	32	
46	36	32	125	64	32	0	163	175	40	
148	0	32	26	32	66	64	138	207	0	
95	66	0	46	32	40	0	186	248	0	
0	2	100	8	2	32	82	266	185	36	
40	0	54	5	0	0	112	74	259	169	

0	0	0	64	0	82	63	0	227	246	 ***
2	51	0	64	32	0	292	166	75	0	
12	34	40	48	5	0	32	188	32	291	
40	10	80	0	2	0	112	156	0	282	
32	4	0	16	40	68	53	220	38	211	
64	48	0	32	0	0	182	33	22	301	
0	72	122	0	8	0	16	144	2	318	
2	72	64	40	8	22	43	0	142	289	
4	74	88	24	78	22	117	0	0	275	
0	76	122	0	38	24	94	57	0	271	
0	78	88	8	46	23	250	0	0	189	
0	38	11	169	0	52	152	0	260	0	
32	123	96	0	50	12	77	0	235	57	
1	64	24	40	4	0	164	80	0	305	
32	0	32	0	81	16	184	64	273	0	
0	0	48	116	74	94	279	0	71	0	
0	74	88	0	41	24	102	0	66	287	
2	82	92	16	54	21	138	0	0	277	

0	0	0	82	0	102	77	0	100	282	
32	0	44	16	10	193	244	96	0	8	
0	0	0	72	0	157	61	0	98	255	
48	8	8	44	10	0	32	47	160	286	
32	132	2	32	0	64	0	0	285	96	
40	0	0	0	0	42	207	60	0	294	
171	101	92	34	0	10	0	0	0	235	 ***
64	32	16	0	44	0	21	32	204	230	
0	8	0	72	0	86	92	0	98	287	
32	142	16	2	0	8	32	299	72	40	

137	8	10	2	78	0	281	0	198	0	
121	75	16	72	4	66	32	74	15	239	
178	68	58	54	57	10	142	0	38	109	
118	98	8	118	38	50	0	0	284	0	 ***
179	92	56	86	5	9	59	137	0	91	
143	98	90	40	38	57	0	0	0	248	
155	84	64	38	9	30	0	221	0	113	
179	104	56	36	0	8	153	0	70	108	
155	96	26	32	33	40	64	36	8	224	
0	135	74	0	38	140	0	239	76	12	
86	88	116	58	32	15	0	182	0	137	
170	102	106	50	8	10	4	140	0	124	
171	98	0	20	104	28	8	86	199	0	
76	97	92	38	0	40	105	0	0	266	
132	101	73	34	0	10	232	0	0	132	
0	110	12	24	54	106	144	0	9	255	
179	116	60	34	0	44	6	95	0	180	
36	147	14	56	34	68	80	0	0	279	
118	28	86	64	36	10	36	33	0	303	

36	102	55	22	83	0	103	293	0	74	
118	94	48	52	100	37	0	48	271	0	
118	110	40	78	36	37	80	0	269	0	
68	50	22	65	72	50	131	24	274	12	
168	110	40	99	80	58	0	0	213	0	 ***
104	36	32	8	24	12	72	66	267	147	
118	94	8	84	32	18	262	0	135	17	
10	0	50	108	42	91	32	40	272	123	
16	43	60	128	73	0	48	36	84	280	
48	42	42	35	22	132	18	50	267	112	
42	32	64	66	172	8	0	178	187	19	
0	64	15	0	0	98	283	189	47	72	
69	40	13	58	88	78	0	48	273	101	
40	90	58	3	82	48	216	217	10	4	
80	92	18	94	49	28	83	0	291	33	
32	28	8	72	106	38	197	35	0	252	
32	49	49	150	42	40	24	152	0	230	
64	56	0	64	58	105	0	54	237	130	
0	24	153	40	48	0	49	34	239	181	
118	76	17	94	96	64	262	0	41	0	
118	113	40	76	65	103	216	0	37	0	
34	4	40	34	49	7	0	265	231	104	
12	0	81	96	81	41	130	67	260	0	
19	147	82	8	8	65	100	9	262	68	
64	6	0	16	147	58	96	29	284	68	
36	32	68	32	119	134	132	215	0	0	
42	48	72	66	64	8	27	200	0	241	
118	19	48	0	77	50	118	34	264	40	
22	44	34	109	80	36	32	120	291	0	
50	49	50	16	4	96	36	0	224	243	
36	65	66	24	0	104	16	88	265	104	
56	64	33	40	16	6	32	77	221	223	

