#9412.18	25482	29325	0	0	 48 
#9614.64	23376	29325	0	0	 26 
#9134.85	26614	29325	0	0	 25 
#10205.5	23302	29325	0	0	 21 
#10238.4	22502	29325	0	0	 21 
#10228.4	23063	29325	0	0	 16 
#8815.53	26763	29325	0	0	 16 ***
#9415.01	25446	29325	0	0	 13 

7882.33	20867	25246	37	888	 85 
9506.54	17871	25246	42	952	 83 
8486.96	18667	25246	39	686	 81 
10096.5	16531	25246	62	2753	 80 
8691.16	18302	25246	40	952	 77 
8675.79	17731	25246	73	2770	 72 
8695.45	19455	25246	38	678	 65 
7883.15	20837	25246	27	626	 64 
9294.55	19898	25246	21	817	 63 
8302.37	19883	25246	62	2711	 60 
8693.95	20461	25246	22	600	 60 
10105.6	17843	25246	43	1316	 56 
7402.12	20536	25246	65	2397	 53 ***
10106.3	18476	25246	29	1357	 42 
8482.46	19314	25246	43	967	 38 
8898.79	15928	25246	63	2665	 18 
9504.22	18237	25246	60	2590	 6 

9535.67	15834	26494	71	2414	 100 
10153	16257	26494	47	2316	 98 
8527.16	20349	26494	9	300	 98 
9051.61	17366	26494	52	2444	 95 
8534.79	18205	26494	9	513	 94 
9344.49	17652	26494	11	785	 92 
8258.19	19168	26494	78	2325	 84 
8258.54	22953	26494	14	268	 83 
7462.47	23039	26494	16	607	 79 
8257.54	19811	26494	24	575	 76 
7528.21	21006	26494	60	2362	 74 
10147.6	15550	26494	80	2735	 72 
10138.9	15801	26494	80	2663	 68 
7452.98	23519	26494	18	437	 53 
8256.96	21596	26494	18	277	 51 
9348.79	17939	26494	8	511	 49 
8457.76	14328	26494	81	2811	 41 
10152.7	17286	26494	46	1940	 32 
10146.8	17123	26494	51	2368	 32 
7448	22370	26494	20	603	 28 ***
7449.36	22065	26494	27	480	 19 
10146.2	17253	26494	49	2111	 16 
8265.9	20798	26494	14	512	 16 
10140.2	17341	26494	46	1917	 10 
9337.62	17111	26494	59	2342	 2 

10277.7	13716	29672	76	2890	 98 
7579.18	17658	29672	24	576	 97 
8388.93	18158	29672	9	257	 94 
10282.5	14175	29672	54	2332	 92 
10283.2	14158	29672	66	2312	 84 
7589.7	17893	29672	19	865	 83 
8386.74	18930	29672	10	486	 79 
8385.4	14552	29672	27	850	 76 
7577.36	17974	29672	42	1212	 68 ***
7583.77	20277	29672	13	562	 64 
7589.23	19510	29672	15	452	 62 
7591.04	19503	29672	15	253	 53 
8378.11	15489	29672	37	1207	 50 
9193.8	18015	29672	15	779	 42 
7775.79	15726	29672	74	2594	 40 
8384.62	15148	29672	20	881	 38 
9663.58	14296	29672	73	2743	 36 
7583.39	16187	29672	20	560	 36 
8391.14	15901	29672	19	637	 22 
9194.47	15781	29672	19	637	 15 
10270.9	13797	29672	68	2546	 6 
10261.1	14469	29672	69	2280	 5 

9321.02	11621	29293	31	1016	 100 
9036.66	11185	29293	52	2246	 95 
8492.37	11494	29293	53	2260	 94 
9317.29	11252	29293	51	1849	 94 
8462.99	10399	29293	55	2422	 94 
8232.6	14155	29293	18	377	 92 
10122.8	10521	29293	52	2242	 89 
9310.75	11309	29293	48	1908	 85 
9049.49	11683	29293	28	697	 73 
8243.78	15182	29293	12	492	 68 
8233.43	9872	29293	60	2349	 64 
7436.44	12013	29293	28	751	 60 
9337.49	10623	29293	54	2127	 57 
7969.06	11154	29293	70	2454	 56 
8515.03	11522	29293	32	1046	 54 
7422.58	13308	29293	22	416	 45 
10135.8	10273	29293	54	2305	 39 
7426.83	12154	29293	19	391	 39 
8243.35	15434	29293	12	263	 36 
8251.74	11399	29293	56	2355	 33 
10145.3	10923	29293	48	2217	 30 
10113.1	11264	29293	49	2096	 25 
8509.74	11702	29293	33	1085	 24 
10112.3	10844	29293	51	1970	 20 
7896.77	11823	29293	68	2569	 16 
7174.67	14825	29293	61	2557	 11 ***
8243.15	11623	29293	55	2083	 8 

10019.4	11931	27923	18	834	 100 
8138.03	12734	27923	15	696	 93 
8937.48	11032	27923	36	1548	 92 
7875.66	14123	27923	10	510	 90 
8392.61	10545	27923	62	2315	 86 
10014.7	10676	27923	41	2096	 75 
8130.53	11468	27923	38	2036	 72 
8136.14	12739	27923	21	1078	 61 
8602.05	11289	27923	41	2089	 60 
7877.48	10642	27923	50	1593	 44 
8954.84	12041	27923	30	1024	 40 
8143.49	12629	27923	37	1023	 39 
9198.72	10841	27923	42	2052	 38 
8953.29	12377	27923	35	1129	 14 
10014.5	11938	27923	35	1228	 13 
7365.56	12054	27923	63	2390	 5 
7354.03	14362	27923	54	1978	 5 ***
8422.68	9874	27923	59	1990	 4 
7763.96	12169	27923	58	1778	 0 

7157.36	10390	23299	28	668	 96 
9859.28	8766	23299	64	2111	 92 
7966.06	9642	23299	29	797	 88 
7173.85	11014	23299	18	317	 86 
7977.15	10380	23299	21	649	 84 
7851.61	8908	23299	56	1963	 82 
6889	12746	23299	63	2296	 80 ***
7979.17	9029	23299	28	904	 80 
7158.51	9676	23299	67	2430	 63 
7978.27	10216	23299	28	668	 54 
8659.04	8851	23299	59	2272	 51 
7154.3	10066	23299	29	790	 43 
7964.1	9707	23299	29	797	 30 
7166.15	10503	23299	19	436	 8 

7677.48	12761	22329	24	593	 97 
9022.39	12205	22329	25	872	 88 
9833.86	11728	22329	42	1787	 83 
6879.75	13951	22329	23	551	 75 ***
7941.96	12296	22329	23	790	 63 
7681.99	13777	22329	14	574	 53 
8759.88	13780	22329	13	606	 52 
7097.14	13483	22329	54	1771	 50 
9835.87	11338	22329	43	1617	 48 
9023.06	11961	22329	25	815	 48 
7677.05	11812	22329	27	673	 44 
7679.65	10999	22329	46	1873	 42 
7950.41	12972	22329	14	616	 34 
9835.42	11540	22329	34	1319	 32 
8419.4	10204	22329	55	2013	 28 
9840.94	14660	22329	11	616	 7 
9051.64	10122	22329	52	2133	 0 
8408.22	10570	22329	47	1887	 0 
9844.93	11473	22329	34	1780	 0 

10125.8	13895	26894	48	1531	 95 
10127.9	13577	26894	62	1911	 86 
9302.44	13937	26894	63	1908	 86 
9327.25	13885	26894	53	2099	 81 
10118.2	13075	26894	63	1848	 81 
10106.1	13609	26894	61	1803	 79 
9309.59	14070	26894	52	1866	 72 
7972.14	17190	26894	19	317	 61 
10129.9	13495	26894	50	1963	 58 
9044.73	14039	26894	68	2365	 58 
10135.8	13946	26894	44	1842	 51 
9045.89	14357	26894	20	624	 48 
10129.3	13491	26894	51	2055	 39 
7964.11	14104	26894	26	741	 33 ***
8255.05	14243	26894	25	858	 29 
10125	14096	26894	50	1814	 0 

9908.38	10997	24404	50	1670	 95 
9916.09	11948	24404	47	1820	 89 
9913.37	12166	24404	39	1515	 89 
9906.42	12028	24404	48	1336	 84 
8730.21	11528	24404	62	2138	 77 
8495.46	11645	24404	53	1717	 68 
9115.63	12078	24404	44	1877	 55 
9309.63	11122	24404	50	1775	 48 
7758.89	12396	24404	8	91	 48 
8037.98	11993	24404	60	2455	 30 
8832.05	11758	24404	52	2224	 22 
7752.8	13229	24404	11	607	 6 ***
8847.63	12217	24404	26	1009	 3 

8821.21	12369	24831	56	1758	 100 
8698.25	12723	24831	66	2279	 100 
9059.25	12977	24831	46	1884	 98 
9055.69	12294	24831	48	1731	 98 
8792.82	13456	24831	25	954	 93 
9887.38	11553	24831	63	2189	 92 
9861.83	13350	24831	40	1382	 92 
8798.32	12694	24831	51	1959	 85 
9267.25	12389	24831	44	1680	 84 
8783.98	13573	24831	46	1633	 78 
8794.48	13734	24831	24	770	 75 
9054.79	12690	24831	48	1678	 73 
8799.79	13015	24831	44	1837	 66 
7705.13	14189	24831	6	110	 61 ***
7869.17	13813	24831	64	2193	 60 
9260.96	11905	24831	49	1861	 55 
9869.92	13832	24831	11	694	 51 
9869.13	12568	24831	39	1025	 43 
8181.6	12866	24831	49	1693	 32 
8813.18	11713	24831	59	2137	 30 
9864.83	13213	24831	36	924	 15 
8790.34	13537	24831	44	1823	 13 
9864.41	13107	24831	42	1781	 11 
9864.36	13322	24831	43	1557	 4 
8020.86	13767	24831	66	2279	 2 
8812.47	14010	24831	20	691	 1 

9845.76	12403	23425	53	1748	 95 
9844.21	12601	23425	62	1819	 83 
7943.73	14164	23425	53	1814	 73 
7968.45	12834	23425	50	1723	 72 
9832.8	12968	23425	44	1331	 71 
9230.76	13092	23425	47	1654	 70 
7682.21	14488	23425	23	501	 60 
9834.84	13767	23425	43	1025	 55 
8436.22	12678	23425	59	1904	 53 
8758.17	14015	23425	12	796	 49 
9027.29	13226	23425	48	1696	 39 
8755.15	14312	23425	10	777	 36 
8758.87	13243	23425	49	1765	 34 
8755.69	13848	23425	13	798	 15 
7680.95	15088	23425	26	472	 12 ***
7960.36	13488	23425	63	1858	 11 
8755.96	14056	23425	12	768	 9 
9845.49	12196	23425	59	1805	 5 
8755.04	14002	23425	13	798	 4 
7686.01	14358	23425	23	366	 3 
9031.99	13631	23425	47	1505	 2 
9836.31	13060	23425	43	1349	 1 

8659.15	15817	23944	65	1868	 99 
9854.86	16295	23944	50	1637	 98 
7691	17839	23944	13	183	 98 
9851.17	16491	23944	48	1677	 89 
9261.4	14908	23944	71	2314	 70 
9857.54	15325	23944	69	2020	 69 
9854.62	16314	23944	51	1682	 69 
9858.18	15878	23944	54	1496	 68 
9857.6	15272	23944	68	1819	 66 
9840.56	15166	23944	70	1929	 63 
9037.67	15363	23944	65	1833	 62 
9244.07	15355	23944	69	2052	 61 
7698.24	17523	23944	20	450	 52 
7680.47	17093	23944	21	451	 48 ***
8761.84	17388	23944	14	743	 47 
9846.87	15995	23944	53	1159	 46 
9838.54	15372	23944	62	1801	 41 
9050.09	15913	23944	56	1998	 39 
8659.98	16298	23944	60	2028	 38 
9849.84	16404	23944	49	1505	 37 
8780.41	16148	23944	57	1850	 27 
9843.79	16632	23944	23	804	 27 
9056.8	16283	23944	53	1526	 25 
8648.37	15645	23944	66	2147	 21 
8764.37	17998	23944	10	711	 19 
9852.77	16186	23944	52	1530	 18 
8170.23	16597	23944	65	1673	 14 
9857.03	16222	23944	50	1497	 10 
7683.21	17039	23944	23	377	 7 
8764.62	17230	23944	12	479	 5 
9863.86	15112	23944	66	2087	 3 
8766.18	16608	23944	24	805	 0 

10011.8	14611	25835	42	772	 92 
10017.2	16647	25835	6	643	 82 
8352.11	14962	25835	56	1698	 80 
10016.1	14280	25835	42	641	 80 
9218.38	14207	25835	65	1680	 79 
10010.2	15538	25835	42	565	 72 
8846.53	14934	25835	69	1915	 68 
9219.22	13717	25835	63	1459	 66 
8850.77	14502	25835	68	1917	 59 
8947.26	14114	25835	66	1402	 57 
8961.3	14393	25835	65	1607	 43 
8947.77	14445	25835	45	946	 31 
10010.8	11635	25835	44	911	 29 
8840.01	13353	25835	70	1919	 28 
10009.3	15610	25835	44	904	 27 
10009.4	15632	25835	41	636	 15 
8623.54	11621	25835	72	1949	 13 
7869.61	16368	25835	25	626	 8 ***
7871.84	15768	25835	9	106	 6 

7999.7	17446	27228	16	483	 99 ***
10166.3	17357	27228	20	854	 98 
9361.96	14696	27228	58	1863	 95 
9093.5	16261	27228	35	1101	 92 
8010.02	17686	27228	13	144	 80 
9550.31	14752	27228	48	1831	 79 
9086.65	16452	27228	26	1099	 76 
9088.13	19398	27228	8	832	 68 
8274.25	17030	27228	37	1169	 65 
9078.09	18686	27228	9	689	 63 
8755.8	14208	27228	71	2253	 60 
9342.81	15622	27228	67	1975	 60 
9542.83	15460	27228	55	1509	 54 
8019.29	17080	27228	35	793	 54 
8752.85	16102	27228	59	1967	 39 
9361.38	15544	27228	67	2187	 39 
9083.12	19490	27228	6	798	 27 
8960.79	16908	27228	52	1944	 14 
8023.1	17205	27228	34	831	 8 
9552.57	13492	27228	50	1832	 6 
9066.45	16561	27228	36	1295	 3 

8010.08	17439	26361	21	636	 95 
10180	15108	26361	56	2471	 91 
8371.63	17094	26361	74	2595	 77 
8012.68	17817	26361	10	421	 76 
8007.36	18644	26361	17	302	 73 
10164.8	17383	26361	51	1882	 69 
10174.8	17249	26361	47	2222	 68 
10173	15771	26361	57	2326	 59 
8398.69	13286	26361	75	2809	 58 
8980.22	13822	26361	60	2522	 40 
10188.7	16248	26361	53	2084	 32 
10165.9	16475	26361	56	2354	 32 
8004.42	18481	26361	22	672	 31 ***
10148.2	13266	26361	68	2451	 28 
10172.2	17194	26361	55	2321	 26 
8011.8	17855	26361	19	404	 24 
10158.2	13084	26361	69	2511	 23 
9542.22	13574	26361	62	2048	 15 
9362.2	16577	26361	56	2044	 4 
8019.22	17514	26361	11	205	 4 
10178.4	16320	26361	54	2227	 3 
10181.9	16433	26361	49	2008	 0 

9013.96	16336	28254	30	1007	 91 
7936.86	16933	28254	17	269	 88 
10096.6	13190	28254	48	1823	 86 
7826.67	13822	28254	58	2166	 78 
7821.24	14536	28254	59	1837	 72 
9291.68	11724	28254	68	2166	 69 
6516.48	12057	28254	72	2433	 62 ***
7929.48	17002	28254	22	709	 59 
9014.81	16303	28254	29	796	 50 
7809.89	12944	28254	63	1513	 49 
8420.39	12827	28254	52	1969	 48 
8482.91	11972	28254	58	2297	 48 
9004.65	16923	28254	28	781	 40 
8417.07	13699	28254	46	1237	 39 
8309.77	12282	28254	71	2235	 33 
8404.31	12886	28254	53	2175	 32 
10097.6	16454	28254	28	987	 29 
7116.81	12905	28254	70	2144	 24 
9009.74	16665	28254	28	980	 24 
8210.94	12467	28254	54	2235	 22 
7947	17157	28254	9	442	 13 
9485.79	11711	28254	52	2170	 11 
8890.73	11848	28254	67	2009	 9 
8123.03	12855	28254	68	2246	 9 
8412.11	12344	28254	53	2185	 8 
9015.46	16458	28254	26	946	 6 
10099.9	12590	28254	50	2145	 4 
10090.3	16096	28254	38	1122	 4 
8690.62	12820	28254	49	2113	 1 

6514.19	12170	27773	15	584	 93 
7588.96	12167	27773	30	1034	 92 
6499.89	12397	27773	14	248	 82 ***
7908.74	12839	27773	13	404	 73 
9289.95	11869	27773	43	1674	 48 
6508.91	12391	27773	19	777	 47 
8993.13	12090	27773	38	1897	 37 
8902.67	11530	27773	72	2241	 25 
6501.63	12855	27773	13	688	 9 
9473.19	11553	27773	49	2156	 7 
9280.77	11908	27773	68	2239	 4 

8952.31	9128	24667	61	1705	 75 
9214.38	8923	24667	65	2103	 54 
8837.46	9189	24667	62	1939	 54 
7255.41	9535	24667	7	372	 43 
10025.5	8914	24667	65	2046	 38 
7063.23	10649	24667	22	875	 36 ***
8933.81	9258	24667	8	409	 24 
10032.3	8473	24667	31	1313	 21 
7072.46	11233	24667	16	578	 14 
8342.96	9366	24667	18	887	 2 
8957.17	9132	24667	16	853	 0 

5921.29	6647	20742	41	1701	 100 
8134.06	6495	20742	34	1567	 86 
6863.28	8724	20742	12	561	 81 
6858.83	8538	20742	13	560	 80 
6860.64	8845	20742	11	439	 76 
6519.61	7497	20742	35	1415	 71 
5963.51	5943	20742	58	1887	 64 
6248.72	7431	20742	38	1498	 61 
8408.8	6440	20742	36	1674	 58 
8128.8	6543	20742	36	1674	 32 
6446.6	6786	20742	36	1434	 30 
6268.28	8089	20742	33	1414	 30 
6856.45	7115	20742	18	549	 30 
6505.17	6151	20742	37	1697	 26 
5450.67	7519	20742	37	1453	 23 ***
7934.84	6823	20742	18	553	 18 
8606.9	6264	20742	35	1582	 6 
6642.89	5789	20742	61	2086	 2 
5651.83	6639	20742	59	1922	 0 
7673.08	9726	20742	7	392	 0 

6983.3	9315	22469	60	1905	 96 
9440.63	8203	22469	30	1238	 96 
7075.44	10206	22469	33	1023	 95 
7282.17	11030	22469	25	1192	 90 
7566.03	9927	22469	54	1703	 89 
7363.96	13003	22469	15	666	 88 
8964.16	10767	22469	10	457	 84 
7355.76	9266	22469	57	1601	 82 
7301.08	10404	22469	19	501	 79 
7203.14	9993	22469	54	1761	 77 
7624.86	10401	22469	23	1109	 76 
8960.86	9479	22469	21	1071	 63 
7298.7	8710	22469	59	1890	 62 
8362.59	10210	22469	12	540	 59 
7904.46	11607	22469	12	126	 58 
8166.52	11206	22469	17	530	 51 
8969.06	9945	22469	20	789	 50 
8165.45	11429	22469	15	269	 50 
6961.51	11669	22469	55	1840	 49 
8172.41	8926	22469	49	1700	 49 
7754.19	10282	22469	22	1086	 47 
8966.35	8935	22469	22	1075	 45 
6997.48	10639	22469	54	1532	 43 
7756.92	9590	22469	34	1006	 43 
7546.18	10044	22469	24	1113	 42 
7755.01	10224	22469	23	1109	 42 
7448.74	8500	22469	59	1890	 36 
6573.36	9564	22469	59	1875	 36 ***
8969.26	9057	22469	9	175	 36 
8964.54	9413	22469	25	1121	 26 
7814.5	9072	22469	30	1253	 23 
7755.44	7100	22469	50	1678	 21 
7554.15	11448	22469	13	253	 19 
8385.34	8854	22469	43	1437	 15 
7820.78	9607	22469	22	1072	 10 

6847.18	11930	22941	27	1688	 100 
10156.9	9377	22941	33	2002	 100 
7660.31	8956	22941	61	2553	 95 
6586.92	10338	22941	62	2583	 85 ***
8356.77	11239	22941	10	492	 81 
8356.12	10482	22941	11	630	 77 
9096.64	9208	22941	52	2319	 73 
8252.71	8371	22941	54	2392	 71 
8113.27	9433	22941	60	2095	 69 
10157.1	11072	22941	10	524	 67 
8269.54	10126	22941	36	2101	 66 
7185.32	9809	22941	50	2256	 64 
7277.91	10357	22941	14	189	 38 
10157.3	10058	22941	24	1791	 35 
9077.65	10293	22941	16	526	 34 
8368.91	9690	22941	28	750	 28 
7285.65	10699	22941	11	210	 18 
9552.35	9163	22941	51	2107	 2 
7922.7	10128	22941	27	1647	 2 

6371.8	9721	21496	36	1889	 88 ***
7473.62	8834	21496	57	2151	 86 
9261.59	9292	21496	38	2108	 82 
7378.36	9549	21496	37	2048	 81 
9469.31	9512	21496	35	1655	 77 
7854.89	9610	21496	31	1726	 57 
7866.98	6217	21496	43	1971	 52 
9000.62	9534	21496	32	1971	 49 
7927.11	10086	21496	10	247	 49 
7601.4	10133	21496	14	531	 41 
7331.1	10183	21496	21	263	 28 
6395.43	9351	21496	63	2246	 27 
8222.38	9480	21496	42	1016	 25 
8181.1	9861	21496	28	1658	 21 
7475.46	8718	21496	51	1954	 19 
6606.51	9016	21496	56	2392	 14 
7594.6	11124	21496	15	531	 12 
7928	11035	21496	8	176	 6 

6290.27	10310	21882	12	485	 97 
8329.16	7215	21882	54	2164	 85 
6292.7	9968	21882	25	675	 70 
9178.03	9614	21882	29	1064	 50 
7046.56	7539	21882	46	1363	 45 
6083.38	7851	21882	30	1493	 34 
5990.27	10379	21882	57	1685	 25 ***
8378.96	9763	21882	23	1123	 23 
6890.79	10207	21882	14	545	 18 
9212.02	6762	21882	62	2042	 17 

7075.97	11370	24549	59	2298	 98 
10162.9	11899	24549	26	1427	 93 
9105.15	14160	24549	22	831	 90 
6819.85	12799	24549	61	2292	 77 ***
9109.56	13228	24549	24	824	 77 
6941.94	13969	24549	23	375	 74 
8023.88	12900	24549	30	833	 72 
8299.46	13475	24549	23	787	 68 
10173.8	10878	24549	28	1059	 58 
7686.14	11292	24549	63	2168	 55 
8020.92	13212	24549	32	784	 53 
9115.46	12273	24549	18	801	 48 
8386.21	10027	24549	45	2071	 33 
7198.89	11997	24549	37	903	 32 
7212.64	11964	24549	34	1083	 21 
8468.01	11838	24549	44	1729	 7 
8298.66	13902	24549	25	735	 7 
7998.5	11001	24549	46	1741	 6 
9081.96	10847	24549	31	1550	 6 

8389.59	10668	25922	66	2378	 100 
8016.54	10919	25922	7	387	 100 
8017.11	11373	25922	6	189	 99 
10276	10544	25922	25	1043	 96 
6947.07	11310	25922	17	468	 96 ***
10270.8	10710	25922	26	1546	 92 
9207.88	10047	25922	44	1496	 92 
9657.53	10191	25922	29	1557	 86 
9447.5	9658	25922	64	2074	 83 
10269	10863	25922	26	1531	 76 
9196.45	9719	25922	58	2327	 74 
8040.75	10298	25922	67	2498	 72 
9188.68	10419	25922	30	1604	 70 
10283.3	9371	25922	66	2408	 70 
9202.75	10491	25922	28	1368	 70 
9170.98	9964	25922	66	2491	 65 
9182.79	9172	25922	68	2499	 61 
8586.76	10021	25922	50	1911	 56 
8860.5	10683	25922	48	1877	 49 
8009.74	10988	25922	45	1050	 48 
8019.45	10858	25922	43	1252	 44 
9178.6	10329	25922	42	1766	 43 
8469.55	10914	25922	36	1613	 43 
10288.5	10537	25922	27	1275	 42 
9661.93	9926	25922	49	1751	 31 
7997.97	10392	25922	67	2439	 25 
9185.59	9955	25922	67	2469	 25 
9470.65	10333	25922	28	1171	 18 
9070.84	10819	25922	47	1631	 17 
9182.89	10525	25922	40	1783	 11 
9464.04	10918	25922	24	1256	 10 
10263.6	10107	25922	37	1698	 5 

