#423	30	343	450	68	181	1023	540	672	0	
#163	253	44	499	94	106	1023	581	967	0	 ***
#17	274	278	258	427	148	971	334	0	1023	
#267	104	201	23	36	511	747	176	679	986	
#97	313	274	378	15	267	1023	795	446	122	

48	219	40	187	152	106	259	549	804	1023	
90	173	162	492	42	106	1023	549	750	0	
475	0	259	23	38	42	986	1023	541	0	
29	219	162	179	30	114	1023	553	704	374	
0	259	141	154	59	316	1023	256	576	603	
0	87	435	4	409	254	1023	293	152	730	
82	249	40	461	30	114	1023	684	704	0	
254	272	244	308	0	453	339	411	83	1023	
29	341	43	423	45	106	183	550	644	1023	
351	249	275	406	413	80	1023	316	274	0	
204	219	63	450	30	106	1023	558	734	0	
182	197	117	0	511	263	998	587	532	0	
280	479	450	137	264	0	305	384	1023	65	
366	351	244	297	0	46	505	259	296	1023	
465	508	448	298	91	511	0	272	794	0	 ***
313	173	244	30	77	0	1023	808	593	126	
398	61	259	145	274	45	1023	301	587	294	
156	305	252	122	484	106	1023	503	283	153	
397	137	175	8	411	0	1021	841	0	397	
15	457	375	16	252	263	1023	386	251	349	
73	34	304	484	273	202	0	1023	750	244	
90	223	40	454	156	106	1023	579	716	0	
112	219	40	194	30	126	1023	687	704	252	
8	324	192	136	38	22	1023	492	889	263	

461	53	410	290	259	437	0	1023	518	0	
461	53	312	290	38	349	0	1023	588	337	
469	53	358	176	273	292	0	1023	807	0	 ***
476	61	358	328	91	292	0	1023	822	0	
446	53	472	298	243	511	0	605	823	0	
277	187	389	354	352	319	0	1023	550	0	

511	53	282	297	503	136	197	538	1004	0	
213	53	316	151	244	42	396	1021	197	888	
120	152	168	343	374	159	152	1023	68	962	
347	38	289	296	273	420	0	1021	837	0	 ***
469	38	227	176	333	161	274	1021	578	244	
27	294	0	128	319	374	1023	92	461	803	
408	98	30	176	333	279	0	1020	777	400	
8	68	244	434	225	122	174	274	1020	952	
402	495	83	42	12	320	643	1021	259	244	

68	91	53	511	122	19	577	1021	61	409	
15	0	511	105	61	320	833	1004	0	83	
120	0	244	121	120	30	352	925	1020	0	
244	53	274	166	272	431	0	1021	471	0	
305	68	274	166	288	416	334	1021	60	0	
0	511	30	282	136	0	0	965	766	242	 ***
349	396	244	183	45	511	61	993	0	150	
248	69	304	394	273	298	0	1023	319	4	
244	8	289	211	333	446	0	1021	380	0	
334	105	0	0	313	511	110	956	372	231	
0	387	129	0	346	0	1023	979	60	8	
0	15	15	255	98	91	244	1022	898	294	
244	8	274	181	303	294	380	1021	227	0	
289	8	289	288	150	385	0	1021	258	244	
327	98	205	0	121	197	38	1021	163	762	

394	181	45	511	302	0	997	0	340	0	 ***
511	90	30	312	226	0	0	482	518	601	
60	60	45	304	151	90	137	1011	578	334	
60	30	60	334	151	30	0	1023	488	594	
511	121	49	121	135	486	982	0	365	0	
30	289	0	95	0	136	217	1023	45	935	
494	0	0	23	334	60	686	150	0	1023	
120	511	30	312	136	0	0	497	620	544	
60	121	45	180	60	64	577	1023	320	320	
120	45	90	327	136	0	0	1023	595	434	
0	511	90	372	151	0	647	391	518	90	
30	511	60	282	166	0	152	604	578	387	
151	105	45	0	105	364	0	1021	121	858	
277	511	212	0	0	456	0	364	601	349	
15	98	45	428	0	0	1023	69	90	1002	
15	0	99	195	60	45	972	1023	190	171	
0	135	30	342	196	0	0	508	537	1022	
105	60	105	75	0	289	321	1023	792	0	
151	511	15	259	120	105	471	1021	117	0	
15	90	90	312	136	60	1023	390	289	365	
45	511	45	372	136	0	152	375	518	616	
60	90	511	387	136	0	0	482	560	544	
60	105	30	342	166	30	396	1018	563	60	

304	511	30	166	105	0	0	15	563	986	
394	166	30	92	34	0	1023	15	260	666	
394	181	184	511	308	0	556	0	546	0	
394	166	30	511	355	30	639	0	555	0	
170	487	90	60	90	0	1023	274	486	0	
0	152	0	38	49	289	1023	249	725	155	
120	120	0	511	75	30	383	320	970	151	
310	166	511	105	278	30	616	0	664	0	
511	45	349	213	16	411	0	0	121	1014	
15	121	21	90	23	60	1023	19	320	988	
394	181	511	60	278	30	556	0	670	0	
394	166	30	62	34	0	708	0	263	1023	
30	409	105	80	30	0	1021	1005	0	0	
394	166	30	417	511	0	575	0	587	0	
0	274	30	195	90	91	811	151	1023	15	
394	198	511	60	278	0	556	0	683	0	
394	166	30	511	34	30	560	259	696	0	
511	30	244	61	0	135	996	60	92	551	
394	166	30	511	321	0	586	0	672	0	
396	166	30	94	511	0	571	0	912	0	 ***
445	166	30	75	278	0	1023	0	663	0	
394	166	30	511	34	0	556	696	263	30	
503	30	75	0	150	30	459	320	90	1023	
90	120	105	472	319	511	319	30	714	0	
76	364	0	105	121	30	886	1023	30	45	
394	181	30	511	323	0	556	0	685	0	
244	90	76	511	90	0	61	579	30	999	

75	65	428	0	94	75	246	64	1023	503	
278	60	94	511	0	60	993	456	0	121	
409	94	0	90	0	0	121	828	1023	8	
0	34	255	60	60	76	1022	64	678	324	
454	170	34	60	511	39	518	0	787	0	
394	117	30	90	4	0	152	0	1023	763	
413	185	30	79	40	45	758	0	1023	0	
439	166	30	511	269	0	621	0	537	0	 ***
30	511	90	90	90	34	125	278	1014	311	
286	60	120	105	91	511	459	941	0	0	
45	20	511	90	75	0	197	319	304	1012	
396	110	34	60	30	0	659	1023	261	0	

469	410	76	79	42	511	415	304	737	0	
213	364	0	105	231	274	163	0	1023	670	
469	241	9	105	271	122	803	0	1023	0	
447	403	30	79	57	0	167	167	1023	670	
469	151	30	511	179	0	539	0	668	496	
477	211	105	231	301	0	1023	0	695	0	 ***

417	182	68	246	286	0	671	0	1023	0	
160	33	34	23	45	49	433	1023	1003	90	
93	204	0	211	511	204	734	515	421	0	
183	464	470	200	19	55	80	323	76	1023	
65	354	121	90	327	227	330	152	1023	204	
417	151	53	231	301	0	717	0	1023	0	 ***
417	151	98	231	385	0	1023	0	588	0	
432	159	99	231	286	0	1023	0	663	0	
289	87	121	60	83	286	1023	227	580	137	
511	49	200	243	289	289	1021	113	128	50	
440	456	70	201	286	0	226	0	1023	191	
49	384	45	30	121	215	335	29	662	1023	
432	181	71	292	286	0	1023	0	608	0	
417	151	53	231	309	0	709	0	1023	0	
417	151	70	261	309	0	1023	0	662	0	
304	109	75	181	102	116	15	465	503	1023	
417	121	106	231	286	61	648	0	1023	0	
425	151	68	227	286	79	429	60	1023	145	

421	151	38	113	179	511	552	0	595	0	
149	105	0	160	0	134	465	349	175	1023	
141	79	508	69	65	45	94	536	1023	0	
449	163	23	117	87	0	317	381	1023	0	
425	127	8	143	286	511	747	0	313	0	
23	68	17	163	45	205	192	1023	824	0	
417	151	8	105	57	134	372	4	289	1023	
417	151	38	124	57	0	434	0	316	1023	
462	151	31	105	57	30	308	122	1023	271	
417	181	38	114	61	124	342	252	1023	8	
489	113	68	45	168	30	525	99	1023	0	
436	148	8	143	511	264	750	0	300	0	
8	23	265	79	511	82	571	1021	0	0	 ***
94	67	55	141	288	83	320	327	1023	162	
451	129	23	124	96	2	308	0	1023	404	
432	125	23	265	57	0	186	320	1022	130	
421	277	511	120	57	8	308	0	584	274	
269	0	128	53	109	98	228	49	1023	603	
451	151	23	105	183	0	1023	357	267	0	
511	151	97	109	57	8	328	974	325	0	
62	264	511	358	349	84	126	0	806	0	
155	87	79	416	145	67	319	261	1023	8	

0	24	269	110	215	511	506	801	0	0	 ***
4	38	285	79	511	80	784	655	0	0	
137	75	30	10	0	75	1023	899	65	122	
0	268	269	60	511	209	380	587	0	152	
0	106	45	30	511	145	112	468	1019	0	
151	30	85	97	511	323	121	724	375	19	
61	222	62	273	511	64	76	681	94	392	
0	288	511	75	158	324	552	528	0	0	
15	39	254	75	177	95	758	1023	0	0	

0	124	269	80	189	511	388	790	126	0	
140	51	160	46	76	38	1023	49	0	894	
15	352	275	79	511	232	514	499	0	0	
16	32	85	126	61	75	1023	923	68	68	
49	87	104	511	38	157	53	1020	408	50	
0	31	271	83	231	511	155	528	667	0	
2	57	278	79	166	116	1023	493	263	0	
45	0	49	144	506	486	1023	130	61	33	
0	27	269	87	185	117	769	1023	0	0	 ***
15	290	273	87	255	511	141	506	3	396	

0	42	511	193	138	113	128	739	674	0	
511	182	32	19	488	0	91	1022	64	129	
94	15	93	12	186	4	871	1023	15	225	
0	278	267	143	511	107	416	816	0	0	 ***
56	277	31	57	126	0	839	1023	45	84	
13	115	94	62	165	0	708	1023	34	324	
4	32	209	483	121	151	156	1023	359	0	
511	153	80	246	23	207	938	0	176	204	
8	19	20	207	34	232	178	1023	154	663	
4	0	137	46	19	15	81	1023	199	1014	
65	197	134	32	46	47	912	82	1023	0	
122	27	68	40	151	187	735	185	0	1023	
0	33	162	269	155	273	132	1023	0	491	
60	38	137	15	16	8	153	1023	936	152	
16	91	83	38	91	107	276	813	0	1023	
40	109	95	168	23	61	1023	791	228	0	
4	149	116	68	211	91	248	1023	0	628	
92	511	246	76	125	91	746	651	0	0	
40	504	30	80	246	15	0	0	1023	600	

34	336	425	98	204	94	250	1022	522	4	
364	384	122	29	511	353	30	904	42	250	
15	258	75	15	510	424	1019	59	126	488	
0	240	263	261	511	323	221	907	0	263	
0	463	445	85	511	94	350	797	244	0	
126	248	120	130	61	0	0	1021	1022	261	
392	201	227	227	511	241	36	1020	134	0	
53	124	183	60	510	4	136	900	1019	0	
8	30	15	75	0	370	183	267	1023	1018	
44	507	269	158	511	92	899	509	0	0	
45	248	305	4	511	60	196	122	519	979	
4	210	203	98	140	79	376	611	245	1023	
0	334	203	418	510	154	286	583	501	0	
67	219	385	113	295	139	748	1023	0	0	 ***

357	218	325	102	274	139	536	1023	0	0	
86	218	325	114	265	135	1023	808	0	0	 ***
511	214	265	98	349	331	438	768	0	0	
67	218	243	98	333	109	194	542	147	1023	
64	103	282	60	248	272	1021	0	0	924	
341	222	310	98	265	210	506	1022	0	0	
67	241	310	158	511	135	789	763	0	0	
83	510	141	90	510	495	34	1022	89	0	
45	15	124	140	511	511	27	1022	319	260	
120	284	76	99	182	259	801	1023	0	130	
23	288	61	511	83	122	838	1018	30	0	
198	266	280	158	19	57	937	1023	36	0	
135	210	310	98	511	139	255	505	811	0	
82	218	342	196	269	139	194	1023	511	0	
391	210	295	511	250	105	217	402	0	593	
84	218	265	190	265	207	194	1023	528	0	

94	202	250	102	327	120	224	410	1023	0	
90	232	325	107	334	105	1023	536	0	0	
69	61	301	23	277	145	1023	141	712	0	
225	247	61	186	150	87	1023	491	282	0	
129	0	16	137	124	120	765	0	1022	439	
0	0	205	130	139	221	293	742	1022	0	 ***
511	377	75	471	80	505	595	0	0	138	
398	317	4	15	75	0	728	1022	121	72	
75	148	156	0	61	0	1022	617	515	158	
186	149	64	98	334	89	1022	0	810	0	
231	225	106	156	0	199	1023	286	0	526	
0	128	143	151	293	122	1023	120	772	0	
139	0	64	277	186	258	1022	118	0	688	
511	244	122	160	289	34	243	994	0	155	
191	460	233	90	31	0	694	30	0	1023	
88	365	295	51	265	135	1023	530	0	0	
68	122	23	76	73	0	1016	229	1023	122	
152	511	366	76	121	38	0	472	1016	0	
19	186	26	65	15	91	797	1023	379	151	
4	395	73	137	0	268	0	1022	545	308	
180	84	32	4	0	144	0	1022	334	952	
0	294	511	0	326	80	1014	220	95	212	
86	262	239	56	511	135	875	588	0	0	
511	220	130	0	370	197	246	995	0	83	
511	364	288	41	300	105	590	553	0	0	
332	214	235	45	143	177	1022	584	0	0	
0	0	8	76	353	109	1023	213	880	90	
125	135	507	4	0	510	228	997	246	0	
86	187	235	39	324	135	1023	467	0	256	
76	257	60	60	130	396	594	156	0	1023	
342	60	273	436	139	511	805	0	0	186	
137	61	12	511	510	0	156	985	79	301	
156	30	248	0	440	511	122	1020	62	163	
81	426	136	34	60	0	0	1023	748	244	
86	232	220	100	310	235	1023	372	0	174	
30	401	131	49	38	0	1022	0	61	1020	
510	210	235	111	329	362	565	430	0	0	
90	308	220	41	250	110	235	475	0	1023	
110	69	267	60	231	61	668	1023	248	15	
86	187	295	39	256	105	1022	437	0	325	
205	10	137	15	79	124	1022	965	0	195	
80	64	90	356	423	114	1022	0	275	328	
350	27	76	144	0	0	1022	334	111	688	
131	187	296	43	250	105	1022	535	183	0	
122	323	8	19	110	90	1023	857	145	55	
86	187	314	87	334	79	270	372	1023	0	
0	0	277	45	505	0	60	572	1022	271	
34	189	0	263	38	411	1022	513	274	8	
0	183	4	118	0	201	699	395	1023	129	
118	187	290	99	250	109	224	452	1023	0	
303	130	0	23	91	248	601	182	1022	152	
121	4	45	510	511	396	0	975	130	60	

0	0	95	183	139	221	507	1023	491	0	
0	0	87	130	135	285	507	493	1022	0	
34	19	181	0	192	38	731	1022	160	282	
126	75	511	60	0	396	157	0	1007	327	
73	186	304	143	0	4	194	184	548	1023	
0	0	144	130	511	221	575	580	498	0	
60	72	228	0	12	0	1022	384	0	881	 ***
0	0	243	130	124	376	248	515	1023	0	
0	0	177	130	79	251	263	738	1021	0	
38	209	20	258	0	0	139	60	1023	912	
0	0	83	145	511	221	683	350	666	0	
30	4	23	60	121	510	81	701	1007	122	
141	183	0	38	38	68	216	372	1022	581	

0	38	30	38	75	434	865	0	1022	338	
0	468	30	60	8	98	1023	856	0	297	
60	511	339	0	12	0	572	353	507	486	
60	98	60	8	20	510	1001	597	0	486	
120	98	38	320	27	38	609	567	0	1023	
143	456	68	129	0	0	36	0	1022	986	 ***
68	76	308	511	12	0	741	518	0	606	
0	128	0	30	0	479	1023	68	962	150	
511	369	342	0	381	57	61	869	250	0	
49	45	16	396	0	68	1023	72	948	223	
511	113	364	0	12	0	815	565	0	460	
342	45	94	0	256	31	822	1023	227	0	
8	90	396	60	68	23	1023	75	282	815	
60	76	30	244	284	60	1022	578	0	486	
94	30	49	510	0	8	0	1022	718	409	
244	45	34	64	12	110	1023	23	372	913	
34	68	135	38	8	244	1022	95	335	861	
206	510	494	15	472	57	150	0	0	936	
304	147	30	395	102	0	1023	323	0	516	
0	90	4	90	509	511	304	0	366	966	

30	0	8	0	0	306	30	0	1022	938	
149	501	68	69	0	0	96	0	428	1023	
0	0	274	15	45	30	700	35	1023	212	
265	456	68	99	0	0	92	0	1023	331	
143	486	205	69	0	0	96	0	1023	312	
0	0	510	90	45	30	0	0	959	700	
274	0	349	152	509	30	0	0	0	1020	
143	456	68	84	0	34	214	0	1023	312	
289	476	15	30	0	501	0	0	0	1023	
143	456	68	88	0	511	0	0	545	523	
510	30	0	0	15	0	0	757	0	1022	
0	357	137	0	0	506	0	1015	319	0	
0	267	0	0	120	30	0	135	1020	762	
0	60	328	83	98	244	122	30	1020	349	
0	509	0	30	0	0	15	0	1020	760	
0	426	60	0	45	464	319	0	1020	0	
173	456	83	69	0	0	92	0	439	1022	
235	0	0	30	0	23	0	1023	0	1023	
0	0	461	0	0	0	790	45	1023	15	
173	511	68	69	0	0	255	0	972	286	
158	456	68	69	4	0	152	0	1023	404	
30	454	15	38	0	0	46	60	1021	670	
0	30	511	0	23	30	0	640	90	1010	
143	486	68	69	4	0	152	0	1023	389	
0	75	0	334	479	426	0	1020	0	0	 ***

90	305	23	0	30	505	349	1022	595	0	
15	0	8	511	30	105	153	996	823	278	
486	0	0	75	8	252	0	1019	714	365	
0	488	120	274	60	506	319	1023	0	129	
289	394	0	274	0	15	682	1021	244	0	
60	0	0	4	60	511	373	274	997	640	
83	244	122	30	244	15	900	1022	259	0	
244	75	0	379	181	434	0	1020	327	259	
244	30	0	274	259	399	31	1023	0	659	
289	342	105	0	503	121	0	1019	540	0	
2	169	244	334	120	502	282	1022	0	244	
128	30	0	319	0	456	0	1020	632	334	
0	128	503	0	349	0	0	1023	364	552	
373	301	135	488	30	45	152	1022	373	0	
510	440	0	372	372	426	0	799	0	0	 ***
30	244	0	60	76	488	801	1023	197	0	
334	244	0	15	8	251	274	1021	304	468	
312	106	8	503	366	437	0	1022	165	0	
0	0	259	462	4	15	335	821	0	1023	
60	8	15	418	83	304	734	1023	0	274	
76	30	0	0	0	502	792	0	496	1023	
244	60	60	15	362	38	191	1022	304	623	
0	60	334	426	510	0	60	973	282	274	

0	511	0	259	488	0	91	121	1003	739	
182	259	511	121	372	276	492	695	0	304	
338	312	15	411	503	205	407	1021	0	0	
91	120	244	319	19	511	0	759	248	901	
0	125	511	38	488	511	0	851	688	0	
338	402	282	316	364	487	0	1023	0	0	 ***
121	259	511	244	8	23	439	937	122	548	
304	304	244	511	290	434	0	125	1000	0	
234	68	349	415	313	0	0	1023	536	274	
60	286	4	511	305	60	252	979	244	511	
289	312	511	21	208	304	308	756	0	503	
138	0	319	252	203	332	293	1023	288	364	
15	511	319	319	401	260	0	876	511	0	
60	511	15	334	76	259	678	967	8	304	
306	267	319	511	450	8	0	278	876	197	
511	0	259	252	76	349	496	890	379	0	
0	488	0	0	120	0	274	943	364	1023	
511	60	293	244	252	366	121	861	260	244	
334	320	0	60	0	427	0	244	1021	806	
0	0	38	380	312	511	0	783	640	548	
8	0	274	304	304	418	161	1023	286	434	
511	342	0	418	372	499	0	818	0	252	
16	259	61	511	274	254	1015	822	0	0	
286	338	0	274	289	426	0	1023	233	343	
511	0	274	248	488	304	0	830	308	249	
511	73	244	192	15	259	259	951	648	60	
0	91	0	244	244	267	91	987	1023	265	
334	304	8	511	312	242	244	998	259	0	
304	327	64	20	30	244	275	1023	925	0	
278	511	136	274	293	190	0	974	304	252	
167	60	0	305	0	511	1019	267	868	15	
252	61	304	19	511	216	259	946	257	387	

502	468	0	327	304	195	1007	0	0	0	 ***
0	0	0	0	244	511	974	60	0	1014	
0	511	128	0	45	0	1020	971	128	0	
304	294	511	357	244	427	0	666	0	0	
304	120	511	274	252	228	304	810	0	0	
353	158	244	256	282	511	0	999	0	0	
511	0	456	488	30	0	1014	304	0	0	
0	0	488	511	60	60	0	984	0	700	
304	128	274	263	259	221	0	1020	0	334	
334	128	267	282	282	183	0	1023	304	0	
0	373	8	511	293	242	518	858	0	0	

0	30	454	511	0	61	1019	15	454	0	
99	511	0	325	334	166	297	0	0	812	
511	0	0	319	0	60	0	0	1001	653	
85	150	0	325	304	170	487	1023	0	0	
453	90	0	60	0	120	1023	30	768	0	
245	510	211	353	307	195	723	0	0	0	
0	481	60	0	61	0	0	1015	0	927	
257	302	0	511	304	415	755	0	0	0	
511	270	0	427	304	309	723	0	0	0	
89	210	0	325	334	180	383	0	0	1023	
60	511	0	274	60	15	966	72	0	586	
510	92	0	0	0	61	859	0	1022	0	 ***
150	511	0	224	15	61	1019	244	0	320	
140	510	0	368	304	165	723	0	0	334	
289	511	38	0	15	259	947	90	244	151	
511	334	0	0	0	90	995	61	477	76	
511	90	364	60	0	166	999	0	305	49	
135	182	511	383	380	228	725	0	0	0	
151	511	45	274	0	323	830	274	0	136	
505	287	289	409	511	60	0	0	0	483	
0	511	120	350	244	0	901	0	274	144	

274	111	0	8	19	243	580	437	1023	23	
244	214	87	0	4	65	584	497	1023	0	
252	150	0	0	168	67	576	482	1023	0	
30	158	76	30	30	60	75	316	1022	921	
94	60	0	167	0	122	379	0	873	1023	
256	109	0	0	0	80	610	493	1023	147	
0	135	77	90	385	15	858	0	1023	135	
511	90	23	0	0	261	725	515	593	0	
99	38	216	0	0	143	1022	394	0	806	
244	107	0	12	168	155	831	178	1023	0	
308	45	90	60	0	72	1023	90	756	274	
346	510	76	19	232	76	915	0	544	0	
293	30	411	45	0	305	357	0	1023	254	
260	510	0	34	0	121	622	668	503	0	
0	274	72	121	323	511	30	370	1009	8	
289	90	145	4	0	125	592	451	1022	0	
166	432	315	405	15	362	1023	0	0	0	 ***
167	45	0	83	262	121	60	957	1023	0	
263	511	218	0	0	80	580	0	580	486	

380	432	439	404	75	382	1023	106	0	0	
342	31	111	320	350	378	1023	0	245	441	
439	69	90	9	0	8	1010	1023	0	593	
511	486	454	15	30	488	999	128	0	130	
136	440	439	404	62	492	1022	0	246	0	
136	432	195	416	30	248	1022	0	244	518	
211	211	439	404	259	400	1023	294	0	0	
151	393	469	404	293	511	1020	0	0	0	 ***
395	196	317	464	15	496	335	0	1023	0	
366	274	4	456	91	75	952	1023	0	0	
274	30	252	274	338	182	456	153	1023	259	
60	98	68	0	4	242	1023	519	383	844	
272	0	180	320	4	23	1022	861	90	469	
511	127	210	90	0	0	324	121	875	983	
184	503	126	46	488	61	1021	90	394	328	
431	495	91	505	0	0	106	0	590	1023	
427	0	0	182	139	93	0	858	1023	519	
0	166	98	0	175	244	1023	379	1015	141	
0	382	0	0	46	335	957	210	1022	289	

