#9127.8	22834	29325	0	0	 13 
#9030.71	31338	29325	0	0	 12 ***

8902.84	26267	25246	43	958	 96 
8228.13	24369	25246	80	2857	 95 
8484.32	21090	25246	82	2895	 94 
8422.34	22482	25246	78	2882	 84 
10088.2	19124	25246	44	924	 76 
8903.26	17736	25246	56	2167	 74 
8905.25	20645	25246	41	948	 70 
9499.53	19233	25246	54	2380	 66 
8478.5	18141	25246	87	3177	 65 
8680.52	19799	25246	78	2831	 63 
8904.16	23415	25246	22	359	 55 
9488.63	16565	25246	56	2396	 54 
8903.4	24147	25246	34	725	 48 
8688.73	20088	25246	57	2319	 44 
8901.06	19788	25246	47	1110	 42 
10091.6	17771	25246	51	1940	 41 
9014.33	16183	25246	82	2972	 40 
10103.5	19922	25246	17	503	 31 
9491.88	19475	25246	55	2001	 28 
9030.59	16714	25246	65	2705	 26 
8686.8	21719	25246	68	2330	 22 
9504.14	18354	25246	54	2419	 17 
8907.56	20090	25246	17	754	 14 
8484.7	17393	25246	83	3126	 12 
7942.6	20507	25246	83	2884	 4 ***

7983.5	17632	26494	21	593	 100 ***
10140.1	16825	26494	56	2530	 98 
10134.1	16497	26494	62	2739	 94 
10140.7	15020	26494	84	2895	 79 
7993.2	19460	26494	13	174	 76 
8969.01	17350	26494	81	2346	 69 
7999.45	20751	26494	8	145	 66 
9333.25	16911	26494	59	2683	 49 
9342.29	16572	26494	85	2995	 45 
9069.75	17014	26494	56	2405	 36 
10151.8	16374	26494	80	2654	 36 
10151.6	18864	26494	20	692	 34 
9537.92	16580	26494	58	2378	 25 
10149.6	16386	26494	83	2990	 9 

9196.86	15632	29672	6	582	 99 
9188.66	15773	29672	7	347	 98 
9191.92	14490	29672	38	2098	 92 
10272.2	14761	29672	37	2123	 79 
9187.02	16252	29672	4	69	 63 
9459.02	13875	29672	56	2529	 60 
8108.64	16513	29672	9	587	 56 
9456.89	14476	29672	44	2419	 52 
8116.27	15950	29672	5	95	 50 
10269.3	15602	29672	8	465	 37 
8108.93	14929	29672	9	366	 32 
7997.28	15717	29672	76	2940	 4 ***

8916.5	8941	29293	31	1837	 96 
10125.2	11815	29293	29	1263	 76 
8333.47	11660	29293	40	1844	 74 
8430.4	11137	29293	34	1045	 74 
8714.35	10659	29293	68	2475	 63 
7880.91	11796	29293	44	1974	 62 
10133.9	11392	29293	28	1142	 57 
10122.8	13516	29293	14	791	 53 
8443.02	11297	29293	30	782	 50 
9030.84	10835	29293	30	1025	 42 
7854.37	12748	29293	17	448	 40 
10129.8	11574	29293	28	1539	 21 
8931.1	12098	29293	21	810	 14 
8926.03	11237	29293	30	1010	 12 
8514.39	10739	29293	60	2273	 11 
10131.4	12703	29293	15	829	 7 
7251.59	12324	29293	20	561	 5 ***
8242.46	11309	29293	71	2432	 3 

10024.2	11233	27923	29	1102	 88 
10027	11292	27923	15	783	 86 
10026.6	10670	27923	40	1614	 75 
8176.65	11541	27923	64	2333	 73 
8157.31	11657	27923	36	1849	 58 
8834.47	10988	27923	62	2371	 47 
8346.97	12247	27923	13	631	 46 
8969.61	10599	27923	44	2043	 37 
8934.89	11058	27923	60	1708	 33 
7750.94	14395	27923	56	2203	 26 ***
7753.78	13498	27923	58	1967	 24 
7759.36	12651	27923	12	417	 22 
8344.89	11327	27923	15	829	 21 
9218.89	10493	27923	56	1851	 8 
9436.25	11096	27923	35	1829	 7 

8664.29	11612	23299	28	901	 98 
7850.26	9480	23299	51	2044	 97 
8663.01	11702	23299	16	693	 97 
8660.27	9267	23299	58	2071	 92 
7586.45	9910	23299	46	2091	 89 
9857.34	11187	23299	32	1825	 86 
9056.03	9088	23299	59	2314	 81 
9858.41	10657	23299	33	1148	 80 
7585.26	10961	23299	37	1752	 80 
7587.41	12960	23299	14	383	 72 
9060.81	10053	23299	36	1264	 63 
9050.32	11502	23299	36	1771	 61 
8450.88	9187	23299	66	2400	 56 
8662.95	11865	23299	27	893	 56 
7358.92	12831	23299	60	2250	 43 
7588.88	9760	23299	37	1346	 38 
7586.51	12986	23299	18	361	 34 
7362.07	10239	23299	55	1783	 32 
7584.91	13010	23299	12	320	 31 
8663.43	12916	23299	14	653	 15 
7272.25	10310	23299	62	1935	 10 
7028.02	10404	23299	65	2467	 8 ***
9851.26	11515	23299	27	1020	 5 

9230.12	13169	22329	14	772	 97 
6960.98	12073	22329	46	2069	 82 ***
8662.76	10809	22329	40	1937	 81 
8628.6	11756	22329	28	876	 78 
8432.7	11570	22329	30	1006	 76 
7821.61	12306	22329	26	1139	 71 
9227.49	10411	22329	45	1658	 69 
9830.97	12879	22329	24	659	 69 
9033.7	10281	22329	62	2401	 67 
9248.93	10284	22329	59	2219	 67 
8418.45	14279	22329	20	881	 65 
7703.06	10457	22329	60	2325	 60 
8209.15	11671	22329	29	757	 60 
7944.32	10876	22329	57	1990	 59 
7563.94	11117	22329	34	1712	 51 
8416.51	14359	22329	17	794	 50 
9022.96	13268	22329	19	846	 43 
8212.58	13258	22329	25	670	 22 
9052.29	10599	22329	52	1800	 19 
8767.71	11148	22329	33	1881	 16 
8779.73	10798	22329	51	1755	 14 
9838.65	12234	22329	14	1014	 12 
9031.34	10759	22329	34	1896	 11 
9017.62	11436	22329	25	552	 6 

7268.67	16937	26894	27	517	 93 ***
9041.17	14105	26894	30	887	 77 
9523.31	13017	26894	19	714	 70 
8323.23	15875	26894	15	544	 62 
9060.52	13760	26894	47	1644	 54 
9037.25	13981	26894	31	948	 53 
7859.74	13999	26894	65	2346	 51 
8930.7	14929	26894	13	886	 49 
9513.39	13754	26894	34	1023	 38 
7851.49	15388	26894	26	502	 33 
10128.5	15516	26894	9	714	 22 
8432.5	14209	26894	29	669	 20 
8923.2	14755	26894	26	770	 18 
8432.8	13845	26894	33	1023	 14 
9519.86	13816	26894	31	1069	 4 
8330.35	15255	26894	18	675	 1 

8234.13	12238	24404	27	1002	 97 
7052.7	13979	24404	19	542	 77 
7055.07	13616	24404	15	300	 74 
9116.18	11986	24404	56	1803	 68 
8743.17	11215	24404	63	2515	 65 
7650.74	13066	24404	20	615	 63 
7053.53	13729	24404	17	487	 58 
9126.22	11371	24404	53	2148	 54 
9094.37	11483	24404	59	2170	 49 
8839.45	11883	24404	62	2459	 49 
8251.5	13046	24404	17	969	 44 
9917.46	11064	24404	63	1958	 39 
7647.04	13299	24404	17	532	 30 
7049.55	13766	24404	20	559	 26 
8842.77	12138	24404	57	2479	 19 
8723.52	11997	24404	61	2543	 11 
7046.95	12337	24404	21	619	 8 ***
8125.65	12292	24404	54	1947	 1 

9868.61	12349	24831	62	2176	 99 
9285.4	12352	24831	24	843	 95 
9282.43	13268	24831	8	706	 91 
8201.52	12774	24831	12	722	 89 
8081.17	13611	24831	18	736	 87 
8683.6	13229	24831	9	665	 85 
8086.57	13068	24831	25	825	 79 
7608.51	14057	24831	24	756	 75 
9870.3	12222	24831	42	1326	 72 
8191.09	12763	24831	24	999	 62 
8801.51	12643	24831	10	754	 51 
7981.86	13192	24831	56	2100	 50 
9873.42	12131	24831	63	2197	 46 
8688.87	12739	24831	12	552	 46 
8086.41	13096	24831	11	683	 41 
7619.63	13974	24831	23	787	 28 
7610.14	14243	24831	20	730	 27 
8687.54	12658	24831	22	966	 19 
7606.68	14240	24831	24	527	 13 ***
9879.06	11977	24831	62	2233	 9 
8074.12	13214	24831	45	1598	 6 
8802.83	13782	24831	8	705	 4 
8704.23	12514	24831	26	1144	 2 

9035.97	12884	23425	56	1899	 100 
9851.57	13145	23425	50	1766	 97 
9853.9	15590	23425	15	877	 95 
8227.8	12907	23425	60	2045	 94 
9838.95	12488	23425	63	2212	 90 
7957.47	13085	23425	61	1970	 81 
8778.14	13377	23425	27	787	 71 
8657.44	13723	23425	24	710	 57 
9032.5	13277	23425	59	1892	 56 
9854.03	14007	23425	17	713	 52 
8055.45	13116	23425	60	1567	 50 
8161.53	13527	23425	51	1683	 48 
8782.93	13707	23425	23	864	 41 
9848.03	13284	23425	52	1979	 40 
8659.08	13667	23425	24	681	 40 
9033.6	12899	23425	59	1851	 38 
9840.39	12597	23425	61	2121	 28 
7582.68	14138	23425	20	496	 27 
9868.76	12946	23425	51	1464	 22 
7581.43	14970	23425	24	445	 19 ***
8776.21	13816	23425	22	676	 9 
9236.51	12700	23425	65	2226	 8 
8785.32	14014	23425	19	542	 6 
8786.58	15048	23425	16	857	 5 
9855.11	12483	23425	56	1924	 3 

9850.69	15830	23944	54	2000	 100 
9849.22	15391	23944	64	1858	 96 
8657.99	16126	23944	28	1086	 96 
8658.8	16826	23944	23	1056	 93 
9849.28	15931	23944	59	1453	 91 
7582.28	17497	23944	25	698	 86 ***
8778.77	16573	23944	23	687	 84 
7584.84	17493	23944	26	508	 79 
9847.34	14672	23944	73	2345	 78 
9858.11	16554	23944	27	1086	 68 
8661.17	17042	23944	22	693	 59 
9844.51	15959	23944	53	1814	 55 
9866.82	15666	23944	62	1597	 48 
8668.83	15327	23944	65	1929	 44 
8770.53	15785	23944	61	1979	 43 
7590.11	17482	23944	4	257	 42 
9860.22	15726	23944	63	1574	 37 
8661.05	16758	23944	24	703	 30 
8675.77	16560	23944	25	1100	 26 
8663.17	16638	23944	7	621	 25 
9864.09	16005	23944	49	1303	 24 
7597.69	17079	23944	19	448	 22 
8759.14	14829	23944	68	2187	 19 
7589.12	17089	23944	9	148	 18 
9853.13	14656	23944	64	2098	 16 
8068.58	15878	23944	67	2098	 13 
9863.31	14324	23944	65	1829	 9 
7845.59	16207	23944	49	1536	 9 
9863.9	15960	23944	50	1487	 9 

10016.8	11880	25835	62	1843	 99 
8956.68	17296	25835	13	747	 97 
10025.7	11266	25835	59	1432	 96 
8947.22	14157	25835	57	1455	 90 
10032.6	14637	25835	54	1289	 88 
8843.21	15434	25835	27	1195	 86 
10037.9	15343	25835	30	1101	 77 
10034.8	13463	25835	56	1517	 69 
8857.43	13236	25835	68	1682	 59 
10022.6	12006	25835	61	1410	 45 
10031.5	13488	25835	56	1320	 44 
10015.8	13884	25835	56	1743	 42 
8838.53	16052	25835	62	1410	 40 
8841.01	16070	25835	23	436	 37 
7769.08	16092	25835	19	389	 32 
10041.5	16518	25835	15	338	 23 
7767.82	16346	25835	26	482	 21 ***
7769.56	17089	25835	18	398	 20 
10037.7	17197	25835	17	623	 17 
8970.63	16919	25835	18	369	 12 
8955.94	12133	25835	59	1486	 6 
8619.74	13209	25835	69	1865	 6 
8954.38	16066	25835	26	937	 4 
9221.02	14726	25835	56	1471	 1 

10181.6	17755	27228	24	754	 100 
10173.4	17984	27228	23	908	 96 
9566.44	17258	27228	53	1695	 95 
8359.79	14722	27228	68	1903	 93 
10159	17292	27228	51	1995	 93 
9350	16535	27228	59	1682	 93 
10163.8	18294	27228	22	834	 87 
7898	18923	27228	10	163	 80 ***
8463.83	14569	27228	71	2253	 79 
10170.7	16706	27228	55	2063	 78 
8487.66	13177	27228	65	2159	 77 
8980.34	18275	27228	27	1305	 71 
10160.2	17604	27228	28	1243	 70 
9083.05	18426	27228	15	825	 69 
10162.5	16649	27228	56	2072	 67 
8986.74	17900	27228	31	1264	 67 
8973.54	18399	27228	58	1698	 62 
10162.9	16781	27228	51	1986	 53 
10167.9	17707	27228	27	999	 51 
9091.43	18325	27228	24	938	 50 
9092.45	17828	27228	29	1258	 49 
8183.56	17910	27228	69	2189	 46 
7909.56	18781	27228	14	713	 46 
8286.23	17590	27228	69	2219	 44 
8974.8	18520	27228	25	886	 43 
9353.1	16768	27228	55	1926	 34 
10150	16110	27228	59	2121	 34 
8974.66	17278	27228	54	1776	 34 
10162.8	18336	27228	17	807	 32 
10149.9	15695	27228	62	2170	 29 
8476.94	13937	27228	72	2268	 28 
8980.72	18059	27228	28	765	 28 
9566.35	16448	27228	57	2065	 27 
8756.72	13449	27228	64	2159	 25 
9078.7	18493	27228	23	903	 23 
10163.1	18302	27228	23	931	 22 
10158.5	15498	27228	63	1871	 21 
10148.1	16103	27228	63	1860	 18 
9349.29	16703	27228	58	1522	 17 
10159.1	15729	27228	58	2046	 14 
10168.9	17591	27228	36	1349	 14 
8972.67	18035	27228	63	1694	 13 
8968.1	18214	27228	59	1529	 9 
10175	17318	27228	33	1322	 8 
9348.07	12392	27228	68	1960	 4 
9087.67	17890	27228	25	972	 2 

9574.62	16078	26361	58	2190	 98 
9085.26	18634	26361	22	948	 97 
10184	17766	26361	56	2177	 92 
7902.82	19179	26361	18	367	 88 
9090.43	17560	26361	67	2667	 86 
8998.86	18763	26361	22	1114	 84 
9106.86	17542	26361	69	2719	 82 
8978.36	18762	26361	23	779	 78 
7902.64	18895	26361	20	607	 74 ***
8012.46	15809	26361	70	2656	 72 
8979.83	18454	26361	23	960	 68 
9095.59	19004	26361	7	286	 67 
9571.94	13866	26361	64	2356	 66 
9092.47	19109	26361	9	857	 65 
7908.41	18907	26361	18	324	 56 
7915.12	18771	26361	18	585	 51 
9363.48	14020	26361	72	2648	 40 
9367.91	13334	26361	78	2845	 33 
9100.52	18789	26361	12	661	 31 
7903.23	19017	26361	19	611	 25 
9106.94	17128	26361	66	2412	 15 
9572.91	18073	26361	63	2024	 10 
8986.6	18082	26361	28	1024	 10 
7905.67	19269	26361	6	53	 9 
8986.96	17993	26361	66	2013	 4 
8742.88	15361	26361	73	2430	 1 
8997.06	17929	26361	69	2125	 1 

8908.27	15783	28254	28	995	 94 
8910.26	15320	28254	27	995	 91 
8201.63	12354	28254	69	2074	 90 
8432.61	12661	28254	59	1964	 86 
8884.57	13346	28254	54	2194	 85 
7889.76	13641	28254	65	2087	 83 
9018.77	16631	28254	11	466	 77 
10099.1	15719	28254	26	1004	 76 
7865.02	11690	28254	72	2459	 74 
7330.98	12990	28254	71	2342	 74 ***
8098.41	13645	28254	55	2077	 66 
10099	13322	28254	50	1695	 65 
8296.02	12922	28254	56	2133	 65 
7826.76	16852	28254	17	356	 56 
10096.6	13581	28254	51	1881	 55 
8691.88	12418	28254	57	2307	 43 
8291.08	11521	28254	62	1799	 39 
9307.87	13750	28254	51	1981	 35 
7839.65	17300	28254	10	179	 24 
8689.7	14535	28254	51	1888	 22 
8910.92	11863	28254	52	2019	 21 
7828.34	17405	28254	11	187	 17 
8900.75	16095	28254	13	457	 15 
8226.71	13152	28254	62	1899	 13 
7629.1	13801	28254	64	2283	 11 
8218.73	13358	28254	68	2132	 7 
8211.97	13557	28254	67	1708	 6 
8109.81	12363	28254	69	2365	 4 
7413.66	12670	28254	72	2455	 1 
8904.08	13889	28254	50	1932	 1 
8905.59	17060	28254	12	256	 0 

7313.17	11258	27773	11	765	 97 
7310.39	11570	27773	11	758	 95 
7317.86	13106	27773	8	719	 84 
7918.98	10967	27773	11	765	 65 
7605.79	11201	27773	71	2001	 41 
7305.04	12687	27773	15	492	 40 ***

7865.75	11649	24667	11	643	 100 
7765.63	10652	24667	39	1786	 84 
10004.7	9193	24667	51	1437	 82 
9414.66	8887	24667	65	1878	 61 
8945.29	10100	24667	15	820	 57 
7251.35	10996	24667	22	643	 56 
9433.47	9400	24667	54	1420	 55 
8938.46	11172	24667	17	549	 53 
10046.2	9824	24667	30	1475	 42 
7144.6	8957	24667	56	1915	 42 ***
8336.72	10338	24667	18	823	 31 
8943.67	10140	24667	29	1026	 20 
10012.9	9963	24667	18	577	 19 
8019.17	9609	24667	33	1681	 13 
7262.44	11470	24667	14	345	 10 
8943.85	10527	24667	14	736	 1 

6519.45	5754	20742	53	1842	 98 
6193.1	5861	20742	65	2144	 98 
6952.86	8349	20742	14	310	 92 
6414.92	6487	20742	41	1696	 88 
7814.55	6290	20742	37	1438	 78 
6949.82	8351	20742	11	426	 75 
5331.52	8104	20742	48	1836	 74 
6951.08	8763	20742	8	379	 73 
6242.57	6358	20742	64	2099	 64 
5430.98	6857	20742	61	1809	 57 
7554.99	8578	20742	10	98	 56 
7026.27	6273	20742	38	1596	 50 
5456.35	7314	20742	46	1789	 49 
6951.1	8689	20742	7	369	 49 
5934.55	7572	20742	42	1734	 44 
6894.3	6291	20742	50	1648	 37 
6345.99	6916	20742	43	1725	 36 
6146.28	6667	20742	44	1584	 35 
4645.29	7273	20742	55	1865	 33 ***
9834.6	7137	20742	32	1179	 25 
6615.75	6603	20742	39	1641	 11 
9224.49	6177	20742	50	1500	 4 
7221.25	6622	20742	35	1322	 3 
5913.36	6401	20742	47	1821	 2 

6953.57	11406	22469	33	1034	 93 
10064.7	9199	22469	22	1027	 84 
7242.98	10133	22469	23	1102	 72 
7568.81	8880	22469	46	1473	 72 
8181.97	10569	22469	11	289	 70 
8656.71	10343	22469	11	289	 69 
8051.43	9687	22469	22	1042	 66 
7189.15	9834	22469	33	1221	 66 
8851.62	9292	22469	24	1124	 64 
6376.15	10089	22469	60	1905	 59 ***
9448.85	9426	22469	22	1094	 58 
8965.39	8170	22469	28	940	 58 
8164.61	10061	22469	20	1016	 54 
7226.56	10075	22469	31	1353	 54 
8063.53	9476	22469	24	1113	 50 
10058	9988	22469	17	699	 50 
10078.4	9919	22469	18	508	 44 
9453.13	9158	22469	24	1099	 37 
7547.76	8474	22469	50	1733	 32 
8183.12	8702	22469	39	1189	 32 
8167.58	8859	22469	31	1261	 26 
7573.01	7478	22469	49	1480	 21 
6749.37	9824	22469	57	1524	 19 
6473.3	10076	22469	57	1822	 19 
8381.28	9622	22469	21	1064	 17 
9453.49	9891	22469	20	942	 12 
7563.15	8431	22469	59	1783	 9 
9452.34	9273	22469	22	1094	 9 
10043.6	9026	22469	25	919	 9 
6986.48	11202	22469	33	1266	 8 
6988.33	9404	22469	35	1268	 6 
6976.58	9542	22469	59	1845	 6 
9437.94	8050	22469	48	1702	 3 
7103.6	10164	22469	12	296	 1 
6758.7	8507	22469	60	1905	 0 

8262.67	10220	22941	33	919	 100 
7743.34	10603	22941	43	1851	 97 
8475.46	9167	22941	48	2037	 97 
8747.5	10451	22941	19	512	 90 
8369.72	9693	22941	24	558	 85 
8358.68	10041	22941	23	589	 84 
9346.08	9518	22941	45	1400	 72 
8483.1	9952	22941	23	821	 71 
8274.6	12317	22941	23	497	 65 
8267.52	10251	22941	31	950	 48 
8260.68	9071	22941	59	2213	 32 
8139.05	10059	22941	40	2018	 32 
8568.6	9634	22941	28	805	 31 
9089.83	9632	22941	23	809	 30 
7076.07	10734	22941	41	1797	 27 
7523.76	9938	22941	47	2392	 26 
7886.13	10476	22941	37	1292	 26 
7880.38	11825	22941	40	2074	 21 
7640.89	10672	22941	43	2211	 18 
10160	9229	22941	38	1738	 17 
6834.3	9774	22941	58	2544	 15 
6812.73	10748	22941	43	2107	 9 ***
7900.89	10506	22941	27	657	 6 
10155.1	9913	22941	20	577	 3 

6146.83	11119	21496	18	208	 100 
7325.98	10603	21496	41	969	 97 
7326.11	9376	21496	32	1699	 95 
7267.25	10476	21496	47	1525	 81 
7230.42	10791	21496	28	761	 78 
7222.2	10817	21496	25	421	 71 
9021.16	10613	21496	17	363	 69 
7276.78	10084	21496	45	1968	 67 
7820.9	10779	21496	27	434	 62 
5506.21	7762	21496	48	2114	 47 ***
7217.54	10613	21496	43	1228	 35 
8671.02	9282	21496	31	1749	 34 
8680.83	9152	21496	31	1771	 25 
7222.37	10674	21496	41	954	 18 
7603.05	9232	21496	45	1436	 15 
7226	10771	21496	32	827	 15 
8416.88	10607	21496	26	436	 14 
8893.97	8274	21496	45	1728	 10 
8902.06	10279	21496	30	1600	 7 
7941.92	10302	21496	27	416	 3 
8421.15	10997	21496	18	337	 2 

6217.8	8882	21882	20	554	 97 
7727.61	7727	21882	38	1862	 75 
7050.15	8402	21882	16	499	 67 
6941.68	8646	21882	24	1499	 64 
8309.35	8348	21882	33	1334	 63 
6214.56	9443	21882	30	662	 50 
7040.86	8380	21882	22	470	 46 
7307.02	7554	21882	40	1764	 29 
5851.36	12300	21882	55	2033	 24 ***
6229.66	8860	21882	18	192	 15 
6699.62	8780	21882	37	946	 10 
6133.98	8709	21882	49	2016	 1 

7076.81	13057	24549	38	655	 96 
10151.7	12464	24549	41	1363	 93 
8481.7	12050	24549	53	1834	 82 
7067.62	10475	24549	63	2168	 82 
8524.13	10333	24549	58	2197	 81 
9345.38	11803	24549	54	1787	 62 
8469.85	10784	24549	62	2322	 59 
9082.46	11348	24549	55	1738	 58 
8973.22	11511	24549	55	1967	 57 
8979.06	11808	24549	54	1834	 56 
6811.41	14280	24549	32	602	 56 ***
7993.36	13961	24549	24	932	 54 
8245.23	10347	24549	63	2382	 53 
8460.2	11836	24549	60	1987	 53 
9548.04	10898	24549	57	2137	 52 
10170.8	11349	24549	47	1800	 44 
7889.41	13296	24549	32	774	 44 
8455.32	10889	24549	61	2348	 37 
9543.04	11133	24549	54	2017	 37 
7175.38	12545	24549	35	857	 31 
6817.33	12053	24549	42	1349	 18 
9550.71	10768	24549	55	2261	 17 
8499.35	11868	24549	44	1739	 11 
7751.22	12022	24549	58	2141	 10 
8135.37	11702	24549	61	2262	 5 

9177.06	10451	25922	43	1513	 94 
8003.53	11557	25922	37	860	 89 
9199.83	9337	25922	62	1891	 82 
7772.93	11911	25922	59	2037	 79 
10276.6	9288	25922	57	2237	 77 
9195.54	10299	25922	38	1037	 72 
8615.62	10529	25922	61	2382	 71 
6941.27	12050	25922	15	496	 69 ***
8011.42	9837	25922	66	2378	 68 
6869.58	12212	25762	17	399	 57 
8005.41	10581	25922	32	1089	 56 
8002.93	11159	25922	42	1008	 52 
9041.67	9797	25922	58	2217	 47 
9087.21	10666	25922	29	785	 39 
8001.23	11661	25922	25	1092	 36 
8476.21	10233	25922	65	2364	 35 
10271.6	10187	25922	46	1676	 23 
8121.29	11600	25922	25	724	 23 
9668.17	9504	25922	59	2147	 22 
8657.27	9895	25922	49	1773	 21 
9438.28	9167	25922	66	2225	 19 
9197.4	9651	25922	59	2383	 14 
8115.29	10879	25922	29	803	 14 
10266	9770	25922	56	1954	 2 

