#592	160	160	320	272	196	240	0	1328	5072	
#192	240	400	244	80	308	704	960	4	5208	
#320	160	4	1024	160	2336	160	80	80	4016	
#352	36	324	80	240	276	2320	752	3960	0	 ***

320	400	160	1024	144	960	0	240	4240	64	
192	560	112	480	240	160	784	0	4720	304	
320	32	192	160	272	708	1960	832	3076	0	
320	192	224	592	432	436	240	80	4812	224	
160	112	496	80	160	0	720	736	4848	240	
704	36	320	80	240	356	1920	1728	2168	0	
112	320	0	160	544	0	3904	2048	144	320	
592	160	320	148	512	224	672	0	4840	84	
32	304	224	360	80	320	2168	320	3264	480	
720	192	320	192	84	304	624	240	4876	0	
32	160	432	0	112	512	1056	80	4104	1064	
480	436	320	0	112	0	2096	400	3080	628	
352	116	240	112	560	276	1728	752	3112	304	
592	80	704	64	192	884	5004	0	0	32	 ***
432	36	240	1392	240	308	1728	1344	1832	0	
0	160	32	640	320	112	1296	4672	80	240	
0	352	160	160	0	100	592	480	5160	548	
64	0	0	400	192	144	160	784	592	5216	
196	432	32	80	80	720	1656	160	3956	240	
432	180	560	80	272	276	1728	752	68	3204	
244	112	672	144	32	160	2600	0	3028	560	
192	308	308	240	400	0	608	560	4936	0	
0	240	0	436	160	320	0	516	4276	1604	
320	320	32	80	0	464	432	2032	240	3632	
160	240	80	160	32	320	192	3904	1872	592	
224	240	436	144	320	160	272	32	5132	592	
352	36	432	160	368	676	1968	912	2648	0	

432	32	352	0	192	320	2444	3204	992	96	
432	400	704	0	112	1200	2140	0	0	3076	
84	432	544	224	752	800	4728	244	0	256	
432	80	704	0	192	1360	3648	352	0	1296	
64	320	96	32	1536	160	352	0	464	5040	
352	160	1024	112	144	1776	3200	0	0	1296	
272	400	704	672	112	720	3676	80	0	1428	
384	80	1024	640	112	1776	1788	0	0	2260	
352	800	672	144	432	1696	3936	0	0	32	
512	80	704	112	144	720	4012	640	0	1140	
432	80	704	32	432	720	1756	0	3332	576	
160	320	400	896	192	336	3156	0	1900	704	
464	80	704	0	144	1776	1692	0	0	3204	 ***

1264	640	352	384	272	384	320	560	720	4484	
624	752	704	0	112	1776	1216	0	0	4196	 ***
864	80	672	0	224	640	656	160	4420	1664	
224	272	672	0	64	720	5028	160	640	1600	
432	400	304	0	32	2512	672	1472	3252	304	
464	80	704	640	144	880	1648	32	0	4788	
32	32	32	528	480	352	0	1632	1584	4708	
448	0	640	592	144	0	992	112	5412	1040	
752	192	224	160	112	272	480	1184	864	5140	
0	832	1632	320	800	0	4452	0	752	592	
864	240	864	0	704	720	384	4612	0	992	
624	80	1984	0	144	720	224	0	784	4820	
432	992	912	320	2868	96	64	480	160	3056	
736	832	800	192	480	464	0	384	752	4740	
0	64	112	1232	320	1232	3168	672	80	2500	
864	640	496	160	1648	320	240	944	3588	480	
624	80	1344	160	784	720	224	4420	0	1024	
464	880	736	0	144	1040	4292	0	0	1824	
464	720	704	0	304	912	4452	0	0	1824	
192	1024	224	32	1056	32	320	4900	320	1280	
800	976	912	160	64	672	144	160	1232	4260	
1056	80	752	592	784	800	0	192	512	4612	
864	944	1504	0	64	720	224	0	0	5060	
480	704	464	832	400	144	5172	432	752	0	
32	544	144	752	1072	512	3780	640	880	1024	

1040	1008	0	1424	144	320	240	832	160	4480	
480	512	1280	208	0	640	1184	0	352	4992	
592	832	704	0	112	1120	944	0	0	5344	
800	0	704	320	0	544	1424	1760	160	3936	
432	832	704	0	112	1360	864	0	32	5312	
880	832	0	0	0	592	2432	528	832	3552	
672	0	320	160	944	1152	992	320	1168	3920	
80	464	0	544	272	1776	4400	0	1760	352	
352	224	720	224	32	912	1232	800	0	5152	
1632	32	752	640	160	160	736	192	0	5344	
640	720	432	704	0	704	5504	480	464	0	
112	992	800	704	672	480	0	1248	320	4320	
432	752	896	0	112	1040	4368	0	800	1248	
352	272	192	800	112	2032	1456	0	224	4208	
1200	800	32	1104	256	432	0	64	560	5200	
160	672	672	0	112	2768	1344	2064	0	1856	
160	0	32	880	640	0	2064	160	240	5472	
832	112	2512	2192	32	112	0	32	32	3792	
32	80	0	32	656	512	1360	0	3184	3792	
944	160	112	32	1312	640	832	544	320	4752	
736	480	432	32	592	144	160	960	1744	4368	
1072	752	864	80	112	1280	1040	0	0	4448	
1168	912	0	1024	1072	0	800	4480	0	192	
0	1440	640	1648	832	0	0	464	352	4272	
0	480	992	640	0	0	2288	0	4416	832	 ***
464	832	704	0	752	1200	1248	0	0	4448	

0	480	1232	1360	80	80	1888	160	3552	592	
0	800	1152	880	304	640	3136	0	2112	400	
1536	624	1312	720	0	80	2304	0	2448	400	
368	640	992	720	800	0	1728	704	3072	400	
832	0	512	192	112	400	720	2080	4256	320	
1296	592	1072	720	0	0	2672	0	1952	1120	 ***
1824	1520	304	160	2304	0	0	3040	80	192	
0	640	1632	640	0	1728	1488	2064	752	480	
0	480	1872	880	0	32	4448	0	912	800	
80	592	992	800	80	160	2416	0	2256	2048	
80	672	1072	1040	0	80	1376	80	3056	1968	
0	0	240	32	80	1184	5344	160	960	1424	
160	1200	1152	640	32	0	4016	0	1584	640	
64	2352	400	0	496	560	960	0	4240	352	
112	480	1264	80	0	224	384	1472	3456	1952	
352	400	80	192	1520	0	400	352	3152	2976	
0	480	1184	1696	640	0	3344	0	1360	720	
1440	832	352	400	320	0	0	352	3296	2432	
0	480	1152	720	32	560	2288	320	3088	784	

240	560	0	320	1360	320	2048	2288	0	304	
240	592	464	640	0	0	2112	160	2192	1040	
672	400	0	960	112	192	3584	0	1120	400	
112	1664	304	1184	0	0	32	0	3488	656	
320	80	352	0	640	560	2848	0	944	1696	
400	592	432	640	0	0	3456	0	720	1200	
240	592	432	640	0	160	2112	32	2192	1040	
160	592	432	640	0	0	1408	0	2256	1952	
272	672	432	0	0	736	2848	0	800	1680	
352	1424	192	320	112	0	0	2592	2448	0	 ***
160	592	400	640	0	0	3696	0	912	1040	
112	1440	160	160	240	320	560	2000	160	2288	
432	80	240	1744	160	160	0	0	1872	2752	
960	592	464	640	0	0	2240	0	1344	1200	
240	592	816	640	0	0	1568	1904	640	1040	
400	592	432	1312	0	0	1600	0	2160	944	
0	112	0	2720	1360	880	560	0	160	1648	
672	272	832	272	0	400	192	176	3648	976	
832	592	432	640	0	0	3104	0	800	1040	
160	1312	320	240	272	832	1488	0	0	2816	
240	592	592	640	0	0	2816	0	1344	1216	
112	192	160	672	320	752	1504	272	3104	352	
400	592	432	640	0	0	3152	0	1184	1040	
240	592	432	976	0	0	2784	0	1216	1200	
0	320	80	480	832	352	800	0	3664	912	
0	0	240	1648	992	0	240	1696	2064	560	
400	592	432	640	0	0	1632	0	1824	1920	
160	592	944	800	0	0	1168	0	2736	1040	
160	752	496	640	0	0	1408	0	2832	1152	
432	592	432	640	160	0	1920	0	2224	1040	
80	240	1296	800	160	0	2400	1424	1040	0	

1128	480	160	512	32	80	0	2864	2180	144	
356	320	0	596	32	320	240	1876	3840	0	
672	324	324	320	144	0	0	1600	1856	2340	
0	276	0	324	1460	720	400	544	2896	960	
1872	400	228	320	32	0	1016	1536	2176	0	
592	1616	0	0	276	480	80	2080	0	2456	
592	516	2128	320	112	352	0	1540	2020	0	
672	320	240	320	224	84	788	2884	2048	0	
592	1056	228	544	32	0	0	2192	2936	0	 ***
352	352	244	324	196	752	336	2976	2048	0	
800	404	0	672	484	800	68	2368	80	1904	
432	32	0	240	960	0	168	3184	1520	1044	
356	320	160	320	64	680	192	1360	4128	0	
324	144	240	768	0	560	2692	2308	0	544	
168	0	160	272	160	864	480	4212	672	592	
352	704	280	304	720	160	320	3456	320	964	
628	320	480	324	192	0	628	3072	1936	0	
1700	0	240	704	1552	244	400	2020	720	0	
1008	880	436	4	1024	2196	80	1952	0	0	
320	880	116	0	752	392	400	3360	1120	240	
240	352	112	160	244	916	0	0	4196	1360	
436	272	0	960	160	160	32	4084	1236	240	
192	404	324	320	112	80	0	4132	1776	240	
224	512	240	192	1312	324	564	3808	404	0	
704	320	192	0	1284	720	832	772	2756	0	

912	544	4	800	32	80	0	1424	4408	1472	
560	240	1280	1616	592	836	356	3924	272	0	
672	928	420	480	112	2496	0	2544	2024	0	 ***
832	1184	724	640	432	0	0	1472	2184	2208	
192	1984	480	32	0	2080	320	3592	356	640	
672	544	4	320	32	240	0	3104	4440	320	
832	704	84	960	32	0	0	2352	4328	384	
1312	1264	84	320	2176	80	0	1776	2664	0	
1584	884	560	320	320	0	1000	4016	832	160	
4	464	1200	672	0	512	3552	676	2596	0	
1216	240	596	240	560	244	192	0	1200	5188	
512	160	1280	2660	0	400	0	1124	2388	1152	
1712	912	256	320	1632	592	676	3412	164	0	
240	484	560	304	484	272	2240	708	4384	0	
432	356	272	0	160	320	1364	2432	3904	436	
352	640	116	1288	560	560	1056	3312	0	1792	

672	544	4	640	272	560	2896	992	1160	0	
672	576	4	480	480	2272	0	1760	1496	0	
672	624	4	640	256	1984	0	1712	1848	0	 ***
0	240	800	192	512	160	1952	3692	192	0	
272	592	2096	240	192	1072	440	1680	672	484	
2016	112	84	544	356	320	320	756	3040	192	
160	276	880	0	416	800	560	676	3540	432	
276	320	80	672	1152	640	2352	884	1364	0	
756	160	272	2068	320	1152	272	480	2260	0	
192	160	2496	192	84	160	352	64	2360	1680	
240	144	676	512	960	640	0	672	1752	2144	
672	784	84	512	272	640	0	1632	3144	0	
704	544	164	480	384	560	0	3536	1368	0	
672	624	4	480	112	400	160	2032	2904	352	
480	0	512	704	80	1632	720	2260	400	952	
240	192	480	1152	724	0	2884	960	192	916	
672	948	80	160	0	752	516	0	3232	1380	
468	804	1152	836	400	0	1280	416	2384	0	
832	1184	4	480	112	400	320	1680	2728	0	
704	544	4	1072	112	1904	0	2016	1384	0	
752	656	4	480	112	480	400	3584	1272	0	
804	788	2016	80	432	464	592	1680	640	244	
244	800	752	160	160	32	400	2932	2064	196	
704	832	432	196	1044	116	1360	400	2656	0	
160	164	480	484	32	2240	640	432	1376	1732	
592	544	356	592	144	640	2048	1600	1224	0	
592	704	516	640	112	400	304	1280	1144	2048	
672	784	4	480	272	512	2048	1632	1336	0	

640	160	84	80	516	32	1664	512	3312	1204	
788	560	0	1440	160	276	320	3444	672	544	
304	384	1040	240	384	564	560	640	3736	352	
944	1264	36	720	32	592	0	1680	2936	0	
704	704	4	640	1856	1680	0	1392	1224	0	 ***
1056	624	4	512	624	2208	320	1392	1464	0	
672	592	320	960	356	592	32	1712	2968	0	
320	0	320	560	1604	2404	0	516	672	1808	
640	400	320	752	628	560	0	3172	1136	596	
592	624	32	480	384	640	352	2004	3096	0	
160	436	324	384	160	0	484	1504	2224	2528	
0	880	320	672	384	320	2144	548	0	2936	
672	704	644	512	32	720	32	1872	3016	0	
1344	592	148	2096	64	736	0	1680	1544	0	
944	624	0	480	32	1200	0	1108	3448	368	
672	736	0	480	32	672	320	1392	1160	2740	
672	624	4	480	416	640	592	1712	3064	0	
432	320	112	356	756	640	736	1488	2884	480	
644	1120	80	416	2000	272	708	916	2048	0	
832	896	320	480	192	560	0	2944	1980	0	
512	544	0	912	0	560	800	1252	3624	0	
1056	624	4	480	2032	832	32	1680	1464	0	
320	1072	400	384	0	820	552	352	3632	672	
992	656	164	480	32	2368	0	1840	1672	0	
1072	624	4	512	32	560	480	1552	3016	352	
1796	240	276	400	240	608	1232	160	160	3092	
912	544	4	480	2080	752	0	1360	1976	96	
256	516	320	196	480	1472	832	3428	64	640	

164	464	0	564	548	592	0	4032	1264	320	
304	320	160	644	2112	80	1296	1392	996	644	
244	640	832	324	548	0	1120	736	3424	80	
1188	544	0	640	192	1520	0	2592	840	432	
164	1072	912	352	320	84	276	2224	2544	0	
752	576	4	960	1856	1600	0	1072	1128	0	
432	432	320	640	352	1520	0	944	968	2340	
480	2368	0	400	560	0	3308	240	320	272	
1040	32	352	672	728	1152	432	2740	800	0	
160	80	304	960	2132	308	640	1812	560	992	
720	672	2100	640	352	1520	0	1072	840	32	
4	1008	480	880	2288	32	480	2264	320	192	
672	544	36	960	2064	1520	0	1152	1000	0	 ***
480	592	80	0	1688	1072	1840	1156	400	640	
160	192	960	4	752	320	3856	1540	164	0	
64	512	320	400	0	240	320	320	3900	1872	
800	400	64	480	2352	0	160	352	636	2704	
160	640	356	2952	160	480	704	1584	560	352	
196	512	724	240	2784	912	116	1200	480	784	
592	576	964	720	224	1520	0	2384	968	0	
240	404	2656	84	880	192	320	2340	832	0	
704	464	80	644	2160	1520	0	1648	728	0	
240	80	240	592	2388	164	832	592	880	1940	
592	624	84	640	224	3680	0	1072	1032	0	
752	160	244	640	2304	324	672	1652	560	640	
160	832	640	36	192	160	0	2392	1040	2496	
1712	80	164	1664	112	0	240	800	2776	400	
512	832	404	112	484	320	432	3940	912	0	

592	320	352	192	480	784	436	3652	484	512	
1424	464	36	800	1904	1280	0	864	1032	0	
752	432	384	720	240	1232	0	3204	840	0	
272	384	1040	1152	480	176	516	960	2356	468	
272	112	400	80	944	352	560	3892	516	676	
196	144	640	240	2224	160	1732	272	804	1392	
1216	592	480	80	320	672	352	192	3736	164	
672	624	468	800	2080	976	32	1152	1000	0	
320	196	400	672	384	560	1156	592	512	3012	
832	1392	64	640	272	1360	0	2276	968	0	
832	464	64	720	688	1200	0	2484	1352	0	 ***
1936	624	36	672	768	1200	0	1424	1144	0	
352	464	68	800	2112	1200	0	912	840	1056	
432	160	416	640	512	160	3236	628	1140	480	
672	496	32	752	656	1200	160	2484	1032	320	
164	160	560	560	2304	240	192	2448	456	720	
672	496	32	752	2244	1232	0	1376	1000	0	
160	1060	160	320	480	2304	640	2020	116	544	
80	112	592	592	720	640	768	3812	84	404	
672	80	0	160	2132	1508	192	416	2160	484	
672	432	308	640	2064	1232	0	1264	1000	192	
320	832	112	480	2448	512	112	488	1904	596	
672	544	68	704	2080	1232	32	1312	1160	0	
800	144	240	624	1040	832	0	168	192	3764	
248	592	640	656	2336	0	640	432	2020	240	
352	480	2308	832	912	512	80	112	0	2216	
672	464	68	1952	816	1360	0	1152	1320	0	
160	560	144	804	2272	304	804	976	1056	724	
832	160	192	224	0	224	320	640	3816	1396	
320	320	160	672	836	192	280	1296	3728	0	

432	352	704	640	884	1200	32	4488	564	240	
32	800	0	112	160	480	320	4852	320	2460	
404	320	384	960	352	272	240	3824	2268	512	
244	32	32	784	352	192	948	2432	1120	3400	
1712	624	932	640	2352	1200	0	1268	808	0	
432	624	96	1120	240	1360	320	3828	648	868	
160	80	1360	1632	992	436	896	0	80	3900	
0	672	400	240	0	320	992	4940	868	1104	
324	240	192	1104	84	896	1428	4468	160	640	
944	464	2452	800	240	1040	0	1828	1768	0	
432	432	64	560	320	1552	800	2180	648	2548	
512	2064	800	2064	576	1204	0	1508	808	0	 ***
832	112	1152	320	960	1104	1864	0	436	2756	
432	1104	64	400	400	2320	1352	2576	888	0	
752	464	272	480	240	1924	1872	3044	488	0	
1920	80	272	80	480	512	80	1184	4608	320	
112	400	400	0	352	80	1952	2148	464	3628	
84	320	160	480	0	240	676	4100	820	2656	
384	144	832	240	160	2160	352	3544	1316	404	
0	880	1072	240	400	784	36	1072	4028	1024	
480	400	84	752	992	1440	2640	912	1836	0	
160	160	196	160	640	32	640	1888	5580	80	
160	160	800	0	1408	160	3680	80	96	2992	
1856	80	0	1616	0	832	400	4592	80	80	
64	240	880	0	1368	704	880	1600	3576	224	
640	1152	836	944	192	400	1004	3344	1024	0	
240	0	2240	320	1268	320	3180	112	864	992	
912	400	320	1524	676	112	240	3848	1504	0	
80	80	112	0	592	500	672	4268	2272	960	
1744	352	1344	0	112	576	80	644	4124	560	

36	160	640	960	0	0	2052	720	0	5352	
512	1584	1156	1712	560	1444	0	2308	644	0	
672	1664	1216	992	480	1124	0	516	1828	1428	
592	1632	1396	992	1760	1124	0	1504	920	0	
544	1744	1136	992	640	804	804	3012	244	0	
400	560	1024	1476	160	2312	80	880	3028	0	
1152	1584	1472	1152	560	1204	2084	548	164	0	
0	640	0	672	0	1152	592	3688	2696	480	
1280	432	4	224	32	2064	800	1684	3240	160	
992	320	1284	160	160	240	0	672	1524	4568	
80	240	1344	752	192	0	968	4056	1776	512	
1152	1712	580	1184	516	1444	0	1712	1620	0	 ***
512	2096	928	992	1204	1124	2228	512	324	0	

160	192	432	880	0	160	272	3144	3688	1152	
916	160	0	832	1696	160	1412	516	3668	720	
1040	800	580	2772	480	1444	64	512	0	2388	
1152	1072	612	1104	480	1524	800	3252	84	0	
1920	80	1168	64	160	0	0	5408	1280	0	 ***
164	884	272	400	112	880	1216	320	3528	2304	
160	80	0	1280	192	1124	32	2272	4220	720	
1872	992	660	1184	480	1476	0	3256	160	0	
2080	1296	580	1072	480	1444	0	788	1552	788	
1200	992	580	1216	720	1476	0	2192	1704	0	
224	752	672	480	320	596	1120	2052	3192	672	
1312	672	160	720	160	596	160	356	5592	352	
1120	992	580	1184	480	1524	320	2112	1688	80	
352	80	4	1360	80	784	5464	160	1396	400	

1280	480	496	64	1232	836	0	3204	2404	0	
80	832	240	160	0	160	1744	5788	272	720	
672	752	352	0	0	1360	224	4972	1024	640	
80	640	400	4	192	352	0	5832	160	2336	
1680	0	464	256	160	720	1120	4716	880	0	
1552	160	1780	0	0	640	4600	80	880	304	
80	160	0	560	1748	996	912	4868	640	32	
0	0	640	1024	0	1312	0	5464	1396	160	
0	4	320	752	912	640	64	800	1200	5304	
1920	160	820	1216	880	0	0	2968	2032	0	 ***
720	0	832	160	720	0	5388	752	0	1424	
1232	32	320	512	800	800	864	5356	80	0	
464	1152	320	1280	0	0	5836	112	400	432	
144	1552	0	1632	640	80	0	5468	400	80	
2160	80	304	64	800	192	2184	3332	880	0	
1600	160	304	64	880	0	1220	2100	2996	672	
1280	480	1940	256	160	0	0	3044	2836	0	
80	36	32	320	1344	32	192	720	640	6600	
1280	0	624	1344	400	0	3016	2452	880	0	
1440	160	784	144	160	32	3144	3252	880	0	
1280	0	464	1216	400	32	0	2772	2324	1508	
0	80	880	800	192	0	112	2148	0	5784	
0	1632	0	832	1712	0	272	724	240	4584	
1748	800	160	432	32	160	5428	484	0	752	
1440	0	624	544	1440	32	0	4716	1200	0	
992	1472	880	276	1156	80	0	4948	160	32	

1600	160	416	384	880	80	0	2816	1040	2780	
1920	160	576	384	1280	0	0	2960	2876	0	
2320	160	384	384	1396	0	2296	2176	1040	0	
1596	320	80	1072	640	1040	0	4880	224	304	
1920	480	64	384	880	0	240	512	1072	4604	
480	800	0	992	1152	0	800	2396	0	3536	
1468	1392	0	592	800	0	800	800	4112	192	
0	888	704	80	0	512	1952	672	4628	720	
112	0	32	512	832	720	80	1792	592	5484	
800	320	800	192	0	112	4236	1280	2416	0	
1920	160	416	1380	1156	0	0	3812	1312	0	
1924	160	496	1136	1364	0	0	2928	2148	0	
1920	160	416	1140	880	0	0	3604	2036	0	
1920	160	416	1220	1364	0	0	3876	1200	0	 ***
2000	160	576	384	1040	0	2780	2176	1040	0	
2432	32	320	1152	112	0	0	4524	752	832	
160	160	640	160	1040	1416	1312	3796	1472	0	
1920	160	416	464	880	320	0	2176	1040	2780	

672	0	64	1200	884	80	1312	3068	1440	0	
640	0	256	1184	884	720	0	3528	1508	0	
640	720	376	944	1044	0	0	3600	1396	0	
640	0	1104	832	884	356	0	3476	1428	0	
640	80	824	992	884	0	0	3876	1424	0	
1600	0	224	880	964	0	1312	2032	1708	0	
1312	32	224	1392	964	804	0	3032	960	0	
0	32	2200	400	672	80	4424	0	912	0	
640	164	692	1264	964	0	0	2644	2352	0	 ***
0	404	640	0	1604	160	3048	80	2144	640	

0	0	1392	0	0	0	5400	32	992	0	 ***
0	80	272	912	884	0	0	4756	912	0	
0	80	272	912	884	0	160	4756	752	0	
0	80	160	0	112	0	5268	2196	0	0	
0	80	240	912	804	0	0	4788	992	0	
0	80	240	912	884	1344	0	3604	752	0	
0	80	240	992	884	0	0	1456	4164	0	
80	0	80	0	0	160	320	5224	0	1952	
0	80	784	912	724	0	0	3684	1632	0	
800	0	2692	0	0	320	160	3844	0	0	
0	0	0	0	0	720	80	0	5272	1744	
0	0	0	1312	0	160	0	5224	720	400	
1152	0	0	400	160	720	0	5224	0	160	
0	0	160	240	160	0	0	4868	0	2388	

720	0	400	0	0	160	432	2468	0	4600	
0	0	240	80	2696	1440	3412	0	832	80	
0	432	0	0	0	1072	80	5240	1956	0	
80	1440	160	0	160	32	0	3108	240	3560	
240	160	36	880	80	1280	5268	4	832	0	
160	0	160	0	160	672	5404	1264	960	0	
80	2224	160	0	992	80	0	0	0	5244	
160	0	2080	0	672	400	4716	80	112	560	
640	160	320	112	160	0	6168	192	1028	0	
240	0	640	0	0	160	3576	0	4084	80	
0	160	0	0	0	640	4844	1392	1744	0	 ***
80	4	1760	640	80	160	5064	0	0	992	
1440	1352	0	80	160	164	5264	0	320	0	
160	0	160	1204	0	0	3736	3360	160	0	

484	0	2224	0	560	0	3416	1216	0	832	 ***
832	160	0	640	0	800	4156	1440	464	240	
80	404	192	720	0	160	3668	1956	672	880	
0	1472	0	112	880	0	3224	0	432	2612	
0	160	868	160	0	480	3832	1520	1632	80	
0	192	80	0	112	880	5116	960	400	992	
0	512	0	0	0	672	5512	1392	480	164	
800	0	0	640	1280	80	1892	272	3768	0	
1700	640	32	640	0	0	640	4728	352	0	
0	160	160	800	0	720	2600	3220	1072	0	
32	800	80	352	1280	0	3948	1040	1120	80	
720	800	276	0	32	720	4200	0	0	1984	
0	320	192	0	80	2516	3832	1552	240	0	
224	80	4	240	1120	0	4148	4	800	2112	
1268	560	32	0	0	800	4472	1040	560	0	
1440	240	80	800	64	640	4268	0	560	640	

160	80	0	0	32	944	5052	1460	0	1632	
800	80	0	480	0	0	640	6096	624	640	
488	160	2064	0	592	160	1284	576	0	4036	
640	2276	160	384	160	804	0	640	4296	0	
640	272	0	1120	0	0	2788	720	3660	160	
0	2388	0	640	80	400	640	4540	672	0	
0	0	2512	0	672	676	4412	464	0	624	
160	164	2064	0	832	32	808	1264	0	4036	
0	0	0	2856	1424	0	320	3928	0	832	 ***
320	0	400	32	640	0	2940	3524	800	704	
0	0	3492	80	784	644	160	160	0	4040	
480	160	2068	112	720	0	4412	384	0	1024	
0	80	1440	1288	192	0	4180	752	1076	352	
80	0	2064	0	1764	0	4476	384	0	592	
0	320	2196	0	352	0	1892	2308	0	2292	
112	160	512	0	160	4	2692	1392	0	4328	
1940	1312	1264	164	0	0	3880	160	640	0	
160	0	0	0	640	432	4232	2788	192	916	
0	0	0	192	880	160	3172	4156	160	640	

880	2180	0	0	0	992	0	3720	0	1796	
0	0	0	3592	1424	0	480	2296	0	1776	
0	192	0	2792	160	352	320	4392	720	640	
32	960	0	0	0	0	640	4876	2740	320	
1940	0	160	0	160	0	0	3828	0	3480	 ***
0	2952	160	320	32	0	1344	4760	0	0	
160	0	0	2820	0	80	992	4716	800	0	
0	0	160	916	1392	0	320	2808	0	3972	
320	0	0	1588	1424	32	320	5532	0	352	
2948	160	0	320	192	672	5036	240	0	0	
0	2504	0	0	800	0	832	4760	672	0	
0	0	160	1748	1424	0	480	5532	0	224	
0	640	400	1556	800	160	1280	4268	240	224	
0	0	32	3464	1856	240	320	1960	0	1696	
0	0	0	1668	1584	0	512	1924	0	3880	
1940	80	480	640	0	0	0	640	160	5628	
0	432	832	2020	32	80	0	5532	0	640	
720	480	160	2940	0	160	0	4240	868	0	

640	960	320	320	192	1392	640	4020	2112	0	
0	800	160	800	400	0	0	2272	1700	4464	
1668	640	164	0	672	1700	0	3748	0	2004	 ***
0	1360	2664	160	0	272	1952	32	3996	160	
1428	160	2640	0	512	192	884	752	0	4028	
960	0	320	720	272	0	0	2992	1572	3760	
644	2264	400	80	0	176	1312	400	112	5208	
1040	672	168	4	1200	592	0	3712	0	3208	
1392	992	1632	80	832	0	0	160	1520	3988	
160	1752	592	36	1600	800	672	880	0	4104	
1716	4	160	0	272	960	0	3184	2100	2200	
960	32	320	0	272	720	1668	2880	0	3744	
464	0	272	1680	640	760	2696	4084	0	0	
320	436	800	1600	0	0	3688	0	3048	704	
960	0	512	80	800	0	1120	3024	400	3700	
1072	640	160	0	560	272	0	2880	1316	3696	
992	720	2112	0	512	0	152	2480	0	3628	
960	0	272	628	160	0	0	3616	1236	3724	
1704	160	192	0	160	0	2128	3952	32	2268	
1044	480	944	0	160	0	0	3792	420	3756	
1300	80	784	672	992	1716	0	400	960	3692	
304	484	884	2740	640	752	0	160	0	4632	
1152	320	240	0	160	0	0	3712	1272	3740	

1632	640	512	0	192	400	484	2912	0	3312	
992	640	164	0	832	964	0	4592	152	1748	
160	704	160	1040	2416	1124	0	0	1388	3092	
752	0	880	0	2504	0	1920	0	3192	836	
992	640	1892	168	832	756	0	3344	0	1460	
80	2880	672	432	36	1280	752	800	3152	0	
1664	644	164	0	192	864	3196	2304	0	1056	
1664	640	164	0	192	80	2056	3664	0	1624	
0	2356	0	64	1988	0	720	400	4396	160	
1616	272	596	832	640	0	400	4368	0	1360	
1664	640	164	0	192	660	160	3984	0	2620	
992	1280	520	0	264	1344	0	3856	0	1828	
996	720	164	0	872	0	0	4352	0	2980	 ***
992	640	484	160	192	1296	1884	3648	0	788	
80	2884	36	32	1072	164	640	64	0	5112	
1668	640	164	0	224	1936	2364	2304	0	784	
0	1152	640	4	0	2776	192	0	192	5128	
992	960	164	0	192	1344	0	3800	1280	1352	
1312	1280	164	0	192	240	356	3024	0	3516	
1236	640	196	480	2040	80	0	3024	0	2388	
640	352	752	160	0	2912	232	3544	0	1492	
4	80	304	1280	0	2768	4844	480	0	324	
996	1872	164	0	192	1848	0	3664	0	1348	
160	64	800	196	1952	400	32	0	2560	3920	
160	0	80	1904	1280	960	2940	2116	0	644	
1028	800	164	0	192	720	0	2944	320	3916	
992	640	164	0	196	1296	0	3664	640	2492	
0	36	1428	160	512	0	3040	4236	672	0	

