#400	312	36	80	432	560	272	1072	5176	0	
#0	248	80	2384	0	816	1528	2228	864	192	 ***
#480	484	352	0	1008	160	2208	192	168	3288	
#2384	32	68	324	320	400	244	192	4376	0	
#148	160	432	164	468	192	4372	2240	164	0	
#192	80	564	80	224	320	1512	5140	0	228	
#32	560	320	304	2704	0	248	3464	272	436	
#160	240	0	192	144	564	2940	3860	0	240	

32	244	80	192	32	464	5132	480	816	80	
80	240	80	436	80	496	2344	3252	352	192	
192	480	80	1504	400	496	2304	1696	320	80	
224	160	480	144	512	80	5040	0	752	160	
400	244	160	192	0	304	4604	592	352	704	
0	324	272	1552	192	464	3772	480	416	80	
80	244	192	192	0	464	2200	980	1024	2176	
0	244	400	1552	0	464	3128	932	672	160	
752	480	464	3188	80	0	1812	144	0	632	 ***
80	244	112	192	0	496	2412	3216	720	80	
0	244	112	512	0	496	3292	480	320	2096	
1940	160	160	624	64	752	3212	640	0	0	
320	244	80	304	32	464	2492	3216	320	80	
80	592	80	1568	112	464	2300	1920	320	116	
0	3144	0	272	480	512	0	1056	1736	352	
32	240	80	192	32	464	4912	560	960	80	
0	244	112	224	0	624	5084	480	704	80	
0	320	400	1568	0	464	2300	1840	464	196	
0	352	80	224	0	624	1696	3376	480	720	
0	240	112	192	0	1232	2416	2064	896	400	
80	192	160	320	480	112	4960	304	512	432	
32	356	80	112	80	464	2412	3216	720	80	
1872	176	0	320	160	356	3800	516	352	0	
64	560	80	112	0	0	1092	2056	3588	0	
0	240	112	272	0	496	2940	3056	320	116	
224	32	640	400	0	112	1232	0	4720	192	
0	276	80	1568	0	544	3804	480	720	80	

160	96	560	1440	64	0	0	1168	196	4380	
784	512	464	32	80	0	1140	3428	0	1624	
64	560	144	112	480	912	4736	624	0	432	
640	32	1108	0	352	784	0	0	4020	1128	 ***
1136	176	64	320	224	432	4832	560	0	320	
0	240	144	416	32	112	640	480	5152	848	
80	384	0	32	1136	512	592	4784	384	160	
160	32	1040	512	352	432	4620	308	416	192	
192	0	144	240	432	0	5216	672	304	864	
560	672	192	32	0	272	4704	1008	320	304	
80	400	592	192	272	448	4652	0	32	1396	
400	240	144	320	164	880	244	704	4648	320	
64	40	112	544	160	240	4648	240	720	1296	
544	64	112	352	800	80	3280	2688	0	144	
244	112	784	0	320	432	720	400	0	5052	
80	64	240	1520	240	704	4784	192	0	240	
752	512	464	192	80	0	4216	1184	0	664	
352	1072	192	240	320	1536	0	812	3316	224	
1104	1808	32	512	592	0	32	352	32	3600	
752	320	864	0	148	144	2196	340	3300	0	
244	192	320	224	832	80	4572	1376	32	192	

800	32	496	0	1632	784	0	0	416	5220	 ***
352	0	560	32	32	512	240	1152	5156	1344	
368	0	160	944	32	0	240	1104	5060	1472	
640	192	864	0	352	784	0	0	2368	4180	
1152	256	112	800	80	1312	0	272	5092	304	
1936	32	896	160	352	1424	0	0	3140	1440	
800	32	224	160	992	784	672	0	528	5188	
80	560	992	640	1520	0	4004	160	0	1424	
1280	32	864	32	672	784	0	0	4436	1280	
672	32	864	160	352	784	0	0	4580	1936	
192	112	464	464	560	992	0	160	4692	1744	
272	0	160	0	512	1104	2464	192	3764	912	
1344	352	80	832	256	112	112	0	5572	720	
720	192	0	0	304	1376	224	480	5092	992	
320	992	224	0	1312	784	0	80	496	5172	
320	32	192	1104	192	1104	512	320	4420	1184	
720	32	224	640	352	944	0	3668	768	2032	
1280	32	224	0	352	784	0	320	4900	1488	

352	400	0	160	272	64	1792	1952	0	4656	
640	32	384	0	2272	640	80	0	416	5184	
640	32	496	0	1632	560	640	0	416	5232	
800	2864	0	160	160	0	800	992	160	3712	
720	32	336	0	1712	512	112	160	416	5648	
720	672	336	32	1712	512	80	0	416	5168	
800	720	928	160	0	240	1424	0	0	5376	 ***
0	720	480	640	192	736	5296	1120	0	464	
0	736	640	432	400	272	1424	80	832	4832	
640	752	352	0	1792	480	0	0	448	5184	

704	80	880	432	80	944	0	560	0	5744	
512	992	480	656	352	640	704	928	0	4160	
400	240	352	1440	80	240	480	2944	3248	0	
240	640	1200	256	1776	640	272	0	880	3520	
1600	720	176	192	880	480	1600	0	0	3776	
720	160	1200	384	0	240	1184	928	592	4016	
192	192	1312	400	2512	1088	2848	0	880	0	 ***
1120	1440	208	240	0	240	1232	0	320	4624	
832	1680	96	160	320	320	1552	320	0	4144	
1440	800	688	560	160	352	1152	80	0	4192	
256	320	80	1024	1232	1280	1056	912	80	3184	
400	0	144	240	672	560	1760	432	624	4592	
1680	480	400	160	0	400	1760	800	3744	0	
512	272	240	112	1200	640	2288	240	1280	2640	
80	240	640	240	1024	1040	2176	0	640	3344	

192	160	160	320	992	1008	2080	0	400	2128	
192	160	192	320	992	1008	2080	0	240	2256	
192	160	352	320	1024	976	2112	0	2304	0	
1104	640	352	400	0	80	720	0	240	3904	
192	160	224	640	1344	1040	2272	0	1568	0	
192	640	0	592	592	192	3008	2224	0	0	 ***
0	160	560	272	80	0	3504	1744	0	1120	
192	160	160	320	1152	1008	2144	0	2304	0	
192	160	160	160	992	1200	2080	0	2304	192	
912	880	160	0	592	144	2912	448	0	1392	
1296	160	160	352	1344	1200	2112	0	816	0	
192	160	320	320	992	1008	1840	0	272	2336	
192	160	160	320	912	1040	3936	0	720	0	
160	160	160	480	912	912	2080	0	240	2336	
192	320	192	320	992	1008	1840	2304	272	0	
192	192	160	320	992	1008	3296	0	240	1040	
160	320	1104	320	320	832	2912	144	1248	80	
192	352	352	320	1344	1008	3200	0	432	240	
192	160	160	320	992	1008	2000	2336	272	0	
192	672	160	320	992	1008	1920	1936	240	0	
384	160	192	320	992	1008	2032	0	2352	0	
192	160	160	320	992	1008	2080	2256	272	0	
0	880	1792	160	160	400	32	3632	0	384	

1284	640	0	832	688	256	2820	1060	0	0	 ***
160	484	512	80	0	196	720	3488	1296	644	
912	916	432	320	400	32	0	1192	512	2864	
320	1968	0	564	432	260	2480	1556	0	0	
240	676	0	1184	800	224	2544	320	0	1592	
0	244	464	1120	304	324	0	1152	0	3972	
592	724	192	644	0	516	2656	2256	0	0	

324	2592	80	1792	32	512	2788	1556	0	0	 ***
964	720	0	1648	784	512	2612	2196	0	240	
400	324	912	0	1124	916	272	2144	0	3584	
324	640	0	2208	432	352	2404	2516	800	0	
324	720	0	1552	32	192	4996	1620	240	0	
404	640	672	1312	192	2112	3236	1108	0	0	
644	1600	240	912	352	112	4696	480	0	640	

356	672	80	1232	192	512	3556	1140	0	0	 ***
404	640	400	1312	32	512	3396	1044	0	0	
324	2448	80	1152	32	752	1972	660	320	0	
324	2416	80	1152	64	672	1908	804	320	0	
324	672	80	1232	192	704	3396	1140	0	0	
324	960	80	1232	32	432	2200	2448	0	32	
240	884	0	480	992	464	352	1616	2440	272	
484	800	80	1152	112	672	1908	2532	0	0	
324	2496	80	1184	32	672	1812	820	0	320	
240	272	480	0	356	164	160	4212	144	1712	
324	2448	240	1152	32	512	2004	1028	0	0	
404	2416	80	1344	192	512	1972	820	0	0	

32	244	800	272	0	752	3620	356	592	1536	
404	640	80	1312	192	1248	3732	596	0	0	
404	832	112	992	192	512	1652	3508	0	0	
512	0	560	2176	2176	116	1588	1076	0	0	 ***
752	4	352	80	0	564	3284	1632	752	784	
944	80	192	1264	0	352	2112	2036	196	1028	
1104	324	356	672	512	720	708	3072	112	624	
324	640	80	912	32	516	4564	624	512	0	
404	672	80	1040	192	832	3812	820	352	0	
468	736	400	640	388	240	2836	800	912	784	
0	80	1536	1040	964	880	2784	0	336	584	
324	640	80	1024	192	2736	2132	1076	0	0	
32	1344	160	960	80	756	0	3560	320	992	
116	624	0	0	2468	164	2848	832	752	400	
324	1072	160	704	352	512	2164	2612	304	0	
324	752	240	1376	544	516	3508	944	0	0	
324	672	80	1152	512	512	3876	564	352	160	
160	192	400	1280	0	308	996	3680	352	836	

320	352	80	432	0	488	432	3220	640	1984	
944	560	84	560	480	624	2784	912	0	1000	
0	160	160	384	640	192	1312	1280	0	3820	
160	320	400	2152	832	0	1968	724	992	400	
80	488	400	1504	0	1156	432	896	2800	192	
240	512	560	160	160	640	3976	804	144	752	
80	92	272	352	2768	432	240	1264	2096	352	
192	512	724	320	404	720	3700	432	944	0	
560	80	592	980	1744	2148	880	964	0	0	
1312	1104	672	2232	1152	1120	80	0	164	112	
80	352	32	640	560	400	320	3980	864	720	
400	0	640	2772	1744	276	1120	756	240	0	
400	1472	0	160	192	468	720	2936	560	1040	
432	320	560	2816	1744	276	1152	648	0	0	
276	2384	80	352	912	1040	1908	0	404	592	
160	676	80	992	0	432	640	1120	580	3268	
432	160	468	0	484	0	1472	0	832	4100	
400	0	2704	624	1904	196	1156	964	0	0	 ***
400	1376	560	1012	1904	276	1456	964	0	0	
484	272	404	0	1392	272	1508	1040	1696	880	

1344	800	400	436	432	480	2340	1184	388	0	
784	0	752	480	416	868	3060	560	724	160	
384	80	2848	644	404	164	720	1440	560	560	
640	640	960	512	80	112	592	504	0	3764	
384	320	1888	0	752	404	464	808	1424	1360	
592	320	2272	640	708	640	112	160	912	1448	
320	400	160	356	1024	80	2704	1700	420	640	
80	352	752	80	80	512	400	1280	384	3884	
400	0	976	784	1264	388	2804	964	224	0	
88	320	832	1776	864	832	1796	464	80	752	
320	0	240	240	2368	0	2224	1348	628	436	
320	160	32	992	544	80	4292	1024	328	32	
624	0	3028	624	1264	196	1024	964	80	0	
164	720	1312	2288	240	496	2228	0	272	84	
1072	272	1120	640	388	272	2308	1300	432	0	
1520	112	2272	592	560	0	628	1088	596	436	
480	160	2516	656	1344	228	1456	964	0	0	
272	192	800	192	112	84	3656	784	432	1280	
720	0	2640	852	1264	260	784	1284	0	0	
400	0	1344	688	1264	400	2552	964	160	32	
400	192	240	996	400	0	272	832	1668	2804	
400	80	1184	688	1264	580	1076	2532	0	0	 ***
320	240	68	272	432	320	2384	3256	0	512	

480	384	400	80	352	1712	1472	3468	756	432	
672	80	468	640	80	800	192	4892	1280	432	
400	352	272	836	160	672	820	3832	1280	912	
356	80	640	1696	1584	1700	240	964	2276	0	
1204	1104	592	500	1504	2276	592	1764	0	0	
1040	0	1056	112	320	320	4588	192	196	1712	
720	80	1232	1136	1344	600	592	2676	0	1156	
400	80	1840	848	1264	996	592	1048	0	2468	
624	84	1040	1940	1632	1156	1664	1396	0	0	
644	160	1120	1776	624	196	912	3108	996	0	
160	4	672	1360	400	160	1312	5212	112	144	
112	320	4	880	1120	960	1168	4588	80	304	
1680	84	2336	400	0	560	3516	720	0	240	
240	0	640	0	752	2464	1204	2464	832	940	
1040	160	960	532	1264	836	644	3428	672	0	
544	80	880	928	1264	836	1072	3928	0	4	
400	80	560	496	2096	840	1280	2872	880	32	
560	720	564	3040	1296	196	1232	1928	0	0	
644	160	224	512	352	1520	240	2932	1752	1200	
112	80	80	752	1744	240	1216	240	720	4352	
992	880	0	112	0	224	2436	3184	1388	320	
1120	80	640	496	992	516	1908	1444	0	2340	
1808	1408	880	500	1344	1796	916	884	0	0	
400	80	564	560	1684	628	2816	2804	0	0	 ***
560	80	480	2144	1264	1636	752	1800	820	0	
1200	80	1200	1296	1616	200	480	964	2500	0	
112	480	0	832	0	144	400	5276	1648	644	

64	80	164	160	1588	640	832	1232	4664	496	
960	400	80	832	1464	432	1472	0	832	3448	
704	244	80	164	720	160	3192	432	3392	832	
1120	84	436	464	580	596	1344	3936	1360	0	
240	80	400	1024	820	596	3408	2552	800	0	
240	308	720	464	500	512	3408	3120	648	0	
400	80	480	584	1684	596	2784	3280	32	0	
320	160	720	340	1364	916	1872	2320	0	1908	
192	800	160	1440	1444	116	1280	2824	704	960	
480	80	400	468	500	1268	1344	2944	0	2436	
0	960	752	1152	32	164	1232	3656	0	1972	
0	0	196	320	1700	1504	5124	116	720	240	
880	84	480	496	1384	1236	1424	3936	0	0	
1152	1816	800	0	1312	80	1156	1748	1856	0	
404	80	640	304	1812	756	1268	4064	592	0	
1044	84	640	864	1140	676	2960	2480	0	32	
320	80	1108	304	532	596	1264	3040	2676	0	
676	84	432	544	1204	596	1872	2960	0	1552	
480	80	484	624	1300	596	1940	4416	0	0	
352	400	560	304	1140	596	2884	2404	80	1200	
112	916	832	116	320	192	2820	1344	0	3268	
0	160	36	1280	1972	640	4068	160	1444	160	
560	80	360	464	1140	596	1344	3120	1776	480	
336	800	640	160	192	1472	1716	2056	0	2548	
400	0	160	880	1028	4	1520	4788	1024	116	
916	304	0	1572	672	0	3076	80	192	3108	
320	84	400	384	420	1344	3332	2320	1316	0	
512	752	160	1600	516	80	68	3496	0	2736	
160	32	1120	160	560	240	3332	2812	384	1120	
404	800	560	496	820	676	1428	4736	0	0	 ***
560	80	752	496	1108	1472	1232	4220	0	0	
400	80	560	1872	1544	676	1552	2516	80	640	

672	164	1104	0	2116	640	4584	0	800	0	 ***
164	112	1312	960	1344	480	112	0	80	5516	
160	160	192	1744	0	80	1520	5308	84	832	
752	1860	224	1520	560	120	640	3876	528	0	
240	720	116	112	0	32	2692	4728	320	1120	
0	0	440	80	560	832	2048	192	592	5336	
324	720	1200	448	740	752	1392	4424	0	80	
356	720	480	2048	1460	788	1424	2804	0	0	
436	1360	512	416	820	676	1424	4436	0	0	
1104	800	944	272	164	1360	720	3484	1232	0	
164	720	596	1456	1412	1188	1504	3040	0	0	
164	80	480	976	804	2952	1664	2960	0	0	
164	832	480	1248	708	592	2064	1680	0	2312	
560	80	164	0	400	1400	800	1712	1764	3200	
484	1392	480	336	820	752	1392	4424	0	0	
164	720	480	368	820	672	3864	2720	0	272	
164	720	512	896	708	1184	1428	1712	80	2676	
404	720	560	1056	820	704	1392	4424	0	0	
324	720	1152	416	820	676	1424	4468	80	0	
1392	160	1476	0	32	36	0	160	4904	1920	
1120	400	2112	0	432	496	5212	0	164	144	
1544	752	480	656	756	592	2672	1840	788	0	

272	804	1060	32	1428	640	3040	0	2720	0	
192	84	1456	160	240	640	4904	0	2320	0	
32	1236	1892	0	960	640	4356	0	880	0	
800	0	272	672	1632	4	144	80	640	5752	
192	1448	1024	0	340	960	4432	0	1600	0	 ***
0	112	1672	0	1280	0	5172	960	80	720	
160	1232	0	0	912	864	1040	160	864	4764	

512	1440	1104	0	352	640	4348	0	1760	0	
32	1232	560	640	160	0	4796	272	1600	864	
0	832	0	1560	0	832	4116	1632	784	400	
912	1200	880	1472	224	0	5308	0	160	0	
0	240	0	80	1908	112	752	1760	4424	880	
320	0	960	996	880	960	320	5352	0	368	
80	1072	1072	0	640	1388	3488	192	1104	1120	
0	2112	512	0	80	480	5068	544	160	1200	
320	80	0	1120	880	1200	4940	192	1344	80	
0	752	672	400	192	112	5228	1040	1760	0	
192	1840	1024	1396	272	0	2608	1864	960	0	
400	880	320	576	80	240	5116	640	272	1632	
1360	720	1680	0	1436	320	4336	80	0	224	
0	400	272	192	720	32	5512	2628	400	0	
800	944	400	672	720	672	1488	0	4460	0	
992	1104	720	160	160	352	5036	352	480	800	
1040	1468	1392	352	0	720	0	4272	912	0	
2112	800	1396	400	804	0	3892	0	0	752	
192	1520	1024	0	356	640	4584	0	1840	0	 ***

804	0	1280	640	160	1436	400	3696	304	0	
720	1072	1040	244	0	80	1440	160	3964	0	
324	1040	272	0	0	432	4076	384	0	2192	
824	1600	352	0	196	800	3796	0	1152	0	 ***
144	1848	432	640	340	1440	3236	0	640	0	
160	2640	1468	0	0	160	0	480	80	3732	
32	1640	992	0	276	964	4224	0	592	0	
1024	752	0	144	720	80	4284	0	1396	320	
352	640	320	4	1280	112	4316	0	1552	144	
780	1440	432	0	196	640	2960	2080	192	0	
640	640	1532	912	880	0	80	116	3760	160	
1360	800	84	1104	432	272	3104	0	1564	0	
32	1444	352	0	352	752	3512	0	2276	0	
484	1716	720	880	32	352	112	432	0	3992	
1600	160	0	84	0	320	144	2096	4316	0	
80	0	484	240	672	800	4700	0	112	1632	
0	1772	832	0	0	164	480	80	3520	1872	
32	1600	384	80	196	32	3480	0	2276	640	
272	1688	352	0	196	32	3988	0	880	1312	

0	0	240	0	3396	640	3460	80	0	0	
32	880	512	0	36	160	1680	4164	352	0	
160	672	192	0	960	0	5432	0	160	240	
32	880	320	80	36	160	4996	800	512	0	
64	0	0	0	0	752	4680	640	800	880	
240	0	0	720	0	832	4788	1236	0	0	
720	0	160	112	1072	80	5400	80	192	0	
1188	80	640	160	240	0	4996	320	192	0	
0	720	960	0	0	0	4916	308	400	512	
32	880	272	0	36	1040	1712	0	3844	0	
32	880	320	0	436	800	4996	0	352	0	
0	0	80	1280	0	0	1796	0	0	4660	 ***
32	800	80	2180	4	160	3888	320	352	0	
112	160	160	800	800	560	5224	0	0	0	
640	80	240	0	0	32	1616	0	0	5208	
0	240	0	880	80	548	4868	400	0	800	
1300	880	352	0	356	800	3616	0	512	0	
1300	960	352	0	36	800	3776	0	592	0	
1860	80	112	0	0	640	324	0	0	4800	
32	880	320	0	196	160	4996	880	352	0	
160	240	0	880	0	896	5560	80	0	0	
80	0	160	1040	0	0	5272	544	0	720	
0	0	0	80	32	640	3620	3364	80	0	
0	240	0	864	0	320	4788	160	1364	80	
32	672	240	640	0	0	4680	0	0	1552	
0	400	0	0	192	800	5144	800	480	0	
160	0	640	160	192	0	5432	832	400	0	
32	880	480	0	36	240	5124	672	352	0	
32	880	352	0	196	960	2512	0	2884	0	
32	880	352	0	36	160	1760	4164	432	0	
1300	880	512	0	36	800	3696	0	592	0	
996	0	192	640	0	640	0	0	0	5348	
640	0	0	32	0	2532	4100	80	352	80	

0	160	4	960	240	80	2704	80	0	4552	
1280	0	0	160	0	32	1200	160	752	5196	
640	164	0	1712	0	0	1392	240	0	4632	
0	0	400	1520	0	0	1440	0	5000	420	
0	0	640	1440	0	0	1360	832	160	4348	
160	80	32	0	0	880	3412	160	640	3416	
2424	0	640	0	0	0	240	5156	0	320	 ***
160	0	0	240	0	800	1392	160	3208	2820	
752	160	400	0	800	224	0	80	3076	3288	
0	80	0	640	2472	356	160	640	0	4432	
160	2264	640	240	240	0	164	0	800	4272	
0	352	1520	80	272	0	3128	272	3156	0	
0	0	0	1120	0	0	592	0	1920	5148	
0	640	2024	800	0	960	0	160	80	4116	
0	0	244	1120	1520	0	1232	0	112	4552	

836	192	800	32	0	0	1796	4836	0	240	
0	0	240	160	2516	80	1296	0	0	4440	
640	432	964	0	672	0	0	5224	160	640	
2436	32	1632	0	0	640	80	3912	0	0	
720	404	640	0	0	0	640	5256	672	400	
672	160	272	0	0	0	0	3300	324	4004	
880	0	2388	0	0	0	0	4632	832	0	
2436	160	1312	0	0	640	320	3624	0	240	
1744	752	160	0	404	560	3000	0	0	2112	 ***

2388	720	400	0	804	480	2856	1072	0	640	
640	0	0	2500	112	0	0	5032	836	240	
752	804	160	0	1236	640	2180	0	0	3588	
160	1152	320	160	2708	0	3416	0	4	1440	
672	784	160	0	4	320	5900	0	240	1280	
196	0	0	224	352	1632	2488	4468	0	0	
0	32	160	640	3448	0	640	3640	0	800	
832	1840	352	0	0	512	1652	0	0	4172	
2052	640	752	160	160	272	4168	992	160	4	
160	880	0	0	32	0	4828	2660	160	640	
0	1152	0	352	800	0	2568	3848	0	640	
672	752	640	0	0	224	5792	0	0	1280	
2388	1200	320	0	0	484	3016	0	592	1360	
0	0	2724	0	960	0	4008	0	1600	68	
2128	0	1284	320	0	672	0	4956	0	0	
160	672	0	192	320	160	3080	0	80	4696	
160	480	0	0	0	0	80	3028	0	5612	 ***

0	0	0	32	320	320	5292	800	0	2804	
800	0	640	1104	640	0	4524	0	1860	0	 ***
324	480	240	0	0	0	112	4024	0	4388	
0	0	1552	160	640	0	0	4076	3140	0	
160	800	80	640	192	160	240	1044	0	6252	
0	80	0	800	160	1552	800	160	144	5872	
320	240	672	320	0	0	0	2948	800	4268	
0	0	0	676	196	1920	0	5864	912	0	
0	0	2660	352	480	0	4796	640	640	0	
0	192	0	2628	160	112	5276	1200	0	0	
996	112	240	576	720	0	1152	0	0	5772	
0	640	160	320	0	80	3608	352	272	4136	
320	480	0	0	480	0	112	3592	0	4584	
160	640	32	160	0	400	240	1684	0	6252	
320	560	160	0	0	160	400	1776	0	6192	
0	160	0	32	880	0	1312	0	1520	5664	
160	0	2100	0	0	0	1472	1952	3884	0	

1056	0	160	484	0	80	240	4060	4516	0	
644	160	832	992	960	32	4524	672	1780	0	
1928	672	1072	400	992	0	3076	2296	160	0	
640	2000	800	304	1072	320	0	992	4468	0	
992	1636	804	800	1428	0	3892	112	932	0	
0	640	0	672	1600	720	4084	256	880	1744	
160	720	160	320	352	0	2464	2240	4180	0	
112	1440	320	2536	960	32	3404	160	0	1632	
0	32	596	0	640	160	4300	800	1636	2432	
672	0	1632	352	720	0	4620	1380	1220	0	
164	640	560	32	80	64	5712	800	720	1824	
960	720	2632	0	0	1512	2228	272	2272	0	
752	0	1040	352	672	80	4752	0	1348	1600	
720	0	720	672	880	676	2880	0	4048	0	 ***
0	160	1552	112	720	1392	4036	1312	640	672	
0	112	84	0	240	384	1584	1712	0	6480	
160	1712	1444	1304	784	0	80	160	4712	240	
800	80	672	704	752	0	4712	0	1192	1684	
80	352	0	1044	80	1392	4060	192	1956	1440	
160	640	432	756	0	192	4352	1440	1472	1152	
672	4	992	352	1712	80	4284	0	2500	0	
224	1472	720	352	0	0	4328	2744	0	756	
672	32	480	1408	1364	0	4208	0	2272	160	
400	592	32	992	80	80	6196	0	2224	0	
1552	32	1040	32	1264	160	0	0	4084	2432	
1280	992	32	0	432	624	4564	352	0	2320	
320	32	80	400	304	0	944	800	1204	6512	
800	272	672	240	640	1044	5216	0	1712	0	
676	320	160	1760	1440	0	1184	0	0	5056	

84	384	804	1472	0	0	320	2580	0	4440	
240	1200	36	1600	304	720	4032	0	1952	0	
788	0	1680	544	1172	0	3740	1760	80	320	
720	0	1360	192	640	144	1028	3032	2968	0	
720	640	884	192	640	32	4156	0	2788	32	
0	1280	1876	464	0	80	0	2716	2612	1056	
240	0	964	1792	644	240	2804	112	3256	32	
1360	0	1472	272	640	32	2820	0	3488	0	 ***
192	0	2112	656	0	1236	32	1764	4092	0	
160	1600	496	592	320	800	676	1072	4284	84	
156	160	672	320	672	0	0	992	2452	4660	
84	640	1040	800	640	32	3172	548	3128	0	
0	752	0	640	244	0	2224	640	352	5232	
720	800	720	432	672	2404	1544	0	2792	0	
4	64	1156	160	832	640	400	36	4840	1952	
1588	0	672	2112	80	0	80	2508	160	2884	
992	0	1424	1044	196	0	0	3172	112	3144	
400	800	0	672	800	400	192	0	4852	1968	
192	672	2408	80	160	0	3928	0	1444	1200	
880	0	1152	592	960	676	1708	0	4116	0	
720	1344	1040	196	672	32	2820	0	3260	0	
640	1920	480	644	1296	80	320	160	3872	672	
4	640	800	320	320	0	2640	3536	1472	352	
240	880	544	644	0	676	0	832	4716	1552	
1952	0	1860	0	1952	1120	64	160	0	2976	
1360	0	496	1508	960	32	992	3788	948	0	
2532	0	0	1280	160	240	2204	0	2240	1428	
144	1200	352	0	672	160	160	3948	2808	640	
324	960	0	112	884	64	1600	192	2612	3336	
720	1004	720	304	800	672	1664	0	4200	0	
320	1968	884	832	192	640	420	0	4348	480	
912	32	880	352	800	0	1764	0	3120	2224	
432	4	2856	992	32	1312	0	512	3944	0	
960	0	240	1844	1280	0	0	1120	4	4636	
0	960	0	1680	720	192	756	196	4588	992	
720	544	1360	192	640	356	1868	0	4404	0	
0	436	960	32	160	672	0	2564	4264	996	
4	672	672	512	1040	320	4672	512	1680	0	
80	400	0	2000	32	640	644	1768	4424	96	
0	1824	320	432	192	240	2240	36	4800	0	
720	32	724	352	960	32	4156	0	3108	0	
80	640	992	32	352	324	4168	516	2980	0	

