#4	55	67	44	68	8	7	2	210	282	
#26	22	2	3	12	3	129	166	67	317	
#144	58	6	18	53	0	39	246	51	132	
#4	17	28	86	41	66	135	289	0	81	
#9	41	0	0	54	10	137	32	170	294	 ***

8	129	0	22	14	66	116	222	110	0	
127	54	38	36	0	0	176	56	23	177	
12	25	16	0	46	14	134	62	56	322	
11	102	44	24	50	0	88	214	154	0	
2	4	0	18	166	0	56	134	92	215	
10	27	0	0	54	129	137	48	77	205	
8	121	0	0	74	10	139	52	93	190	
8	29	16	0	54	10	140	34	114	282	
24	27	0	10	72	10	137	50	78	279	
8	29	4	0	72	10	137	38	109	280	
6	36	26	40	8	10	291	0	126	144	
25	25	2	0	58	44	127	37	78	291	
8	41	0	18	54	10	139	56	82	279	
36	36	30	44	39	36	0	26	308	132	
3	66	39	12	32	62	0	108	267	98	
57	72	68	66	0	26	165	0	33	200	
9	43	0	0	70	14	137	294	82	38	
22	26	64	11	0	18	89	168	289	0	 ***
43	65	16	28	0	0	55	198	182	100	

22	43	60	11	7	36	193	99	240	0	
68	24	36	38	0	1	58	120	274	92	
18	58	6	0	2	24	32	93	276	202	
25	34	41	19	10	60	22	191	251	58	
20	131	130	44	50	20	196	120	0	0	 ***
14	28	16	20	0	138	94	132	269	0	
127	26	94	11	22	18	89	117	207	0	
24	58	60	11	4	34	194	115	211	0	
26	26	60	7	2	82	247	117	144	0	
76	26	62	25	0	18	108	127	269	0	
6	36	24	36	34	104	74	100	261	36	
54	26	62	11	0	18	57	163	84	236	
38	58	64	13	0	50	250	115	123	0	
24	26	62	15	0	50	57	124	113	240	
22	62	60	122	0	20	131	122	172	0	
32	72	10	72	10	58	66	108	271	12	
22	28	60	11	0	20	73	147	274	76	
43	46	44	12	52	40	49	29	283	113	
115	26	66	23	0	22	107	147	205	0	
54	26	46	12	0	22	57	126	126	242	
56	26	60	11	0	18	138	160	242	0	
22	30	82	12	0	94	165	173	133	0	
0	36	28	12	54	44	24	207	224	82	
54	42	60	11	5	18	192	126	203	0	
41	54	44	56	56	22	24	38	283	93	
32	4	40	32	52	18	66	12	287	168	
88	26	60	11	0	103	138	125	160	0	
38	107	61	13	0	86	140	114	152	0	
32	120	68	47	0	18	105	115	206	0	
22	30	60	11	0	44	155	205	184	0	
10	30	57	125	56	26	54	0	288	65	

4	96	32	60	82	48	60	72	286	32	
44	104	133	70	80	52	169	120	0	0	
44	92	18	0	8	50	104	54	64	338	
22	104	0	46	64	16	86	0	162	272	
2	38	28	28	22	86	306	158	24	80	
38	144	54	76	50	124	148	138	0	0	
4	72	48	44	50	28	128	136	0	262	
24	4	109	52	48	4	20	58	152	301	
70	44	18	14	8	66	104	122	0	326	
2	42	62	44	50	48	322	120	0	82	
24	144	36	36	58	118	204	152	0	0	
38	112	54	129	50	70	172	147	0	0	
48	0	40	70	4	18	166	0	308	118	
4	36	14	124	88	16	278	132	80	0	
72	36	68	64	10	34	311	67	0	110	
2	42	72	106	20	76	54	99	287	14	
30	84	44	58	38	52	292	78	0	96	
68	56	42	32	6	74	255	213	26	0	
4	104	115	61	50	48	242	148	0	0	
38	147	97	44	119	28	171	128	0	0	
35	112	72	44	50	52	267	140	0	0	
36	112	30	44	84	76	237	153	0	0	 ***
62	107	40	18	42	4	273	66	0	160	
16	34	22	42	10	48	318	136	34	112	
44	82	54	80	4	52	0	12	148	296	
58	179	20	2	24	26	64	201	32	166	
10	109	4	66	64	78	130	18	0	293	
0	40	8	24	60	117	158	64	26	275	
60	56	4	36	22	22	26	294	78	174	
88	60	0	0	44	38	48	196	250	48	
40	123	42	58	12	16	257	36	32	156	
68	7	14	78	18	80	136	40	297	34	
56	116	74	44	82	20	200	180	0	0	

90	28	56	34	48	108	272	56	10	0	
48	0	8	40	32	30	42	280	180	42	
4	143	20	32	60	50	109	88	196	0	
117	116	34	40	60	48	166	121	0	0	
4	42	32	32	60	80	102	93	257	0	
6	46	18	32	60	140	247	88	65	0	
20	114	26	32	104	48	231	127	0	0	
18	96	16	2	22	16	54	304	24	150	
4	72	20	37	24	48	136	98	4	259	
44	40	18	40	140	48	104	88	180	0	
4	143	20	32	60	48	105	88	188	14	
6	109	48	0	81	84	0	130	0	244	
4	40	30	32	60	48	272	92	8	116	
20	18	4	26	0	90	280	68	64	132	
119	72	56	0	60	52	161	88	0	94	
4	40	56	32	140	56	104	90	180	0	
0	38	34	8	138	66	306	52	60	0	
128	104	32	4	0	74	58	22	56	224	
4	118	20	32	60	52	139	88	0	189	
6	72	18	36	65	80	261	88	76	0	
6	40	20	32	60	60	260	120	0	104	
81	120	28	32	62	48	227	104	0	0	
32	36	58	4	0	0	0	220	70	282	
119	72	20	37	68	48	112	88	138	0	
8	112	26	40	104	72	231	109	0	0	
4	40	20	40	60	48	259	88	105	38	
0	48	32	36	0	0	0	82	182	322	 ***
80	28	66	0	72	2	304	48	12	90	
6	40	20	72	64	48	107	88	0	257	
8	118	113	32	93	64	168	106	0	0	
16	0	0	116	106	72	324	50	18	0	
4	72	16	32	62	48	104	80	284	0	

61	4	103	40	0	0	0	111	128	206	 ***
4	8	29	44	32	16	0	233	128	159	
2	8	108	93	0	116	52	20	254	0	
0	8	21	40	127	0	0	118	152	187	
66	22	10	36	16	104	24	124	0	251	
0	7	28	36	6	0	0	241	124	211	
20	12	16	44	0	44	0	90	126	301	
10	32	40	28	36	18	22	218	241	8	
4	46	4	2	48	16	60	156	32	285	
0	28	18	24	0	36	84	60	120	283	
0	50	20	36	8	0	225	86	88	140	
68	52	10	92	0	16	269	66	80	0	
48	4	16	52	0	4	239	86	74	130	
36	2	16	44	0	20	239	82	72	142	
20	12	24	68	0	4	235	88	96	106	

40	16	40	8	3	0	207	82	40	137	
14	0	46	8	0	0	206	82	76	141	
81	0	44	8	0	0	0	91	128	221	
6	0	109	4	0	0	38	86	96	234	
6	0	56	8	0	0	207	82	80	134	
8	12	52	88	87	0	49	32	0	245	
14	0	51	10	0	0	0	114	121	263	 ***
6	0	110	8	0	2	166	82	76	123	
8	0	44	8	8	0	61	91	76	277	

16	44	4	28	10	9	8	223	4	217	
26	11	58	10	0	8	0	76	104	270	
24	0	40	115	18	0	0	124	106	136	
16	6	46	10	0	29	0	82	104	270	
34	59	68	1	122	0	10	49	5	215	
14	0	70	14	0	0	87	84	199	95	
21	67	54	26	0	0	0	126	148	121	 ***
12	48	1	16	68	64	82	5	38	229	
0	36	129	26	20	34	209	97	0	12	

8	103	44	14	54	47	88	212	57	72	
24	27	58	50	32	42	0	127	84	255	
60	74	54	58	5	0	0	240	82	126	
24	66	50	10	32	13	211	91	46	156	
20	38	82	10	14	0	0	103	181	251	
25	79	73	32	59	134	183	42	72	0	
148	10	86	42	4	16	0	153	98	142	
32	14	90	10	24	0	81	147	209	92	
20	86	53	18	0	0	205	131	50	136	
37	21	2	16	42	96	24	114	118	229	
37	166	54	14	0	62	0	125	98	143	
93	28	58	18	32	28	63	0	251	128	
76	34	58	33	0	0	0	250	110	138	 ***
124	62	52	10	32	4	0	155	102	158	

76	72	120	0	117	22	0	32	162	0	 ***
84	31	56	22	0	0	193	106	54	55	
76	38	64	15	0	17	0	119	48	224	
92	31	60	14	0	0	42	100	38	224	
86	33	68	20	0	0	0	124	50	220	
0	4	4	24	18	80	57	154	242	18	
76	32	56	19	0	4	0	97	86	231	
76	31	64	14	0	6	32	224	102	52	
76	31	56	14	0	5	40	222	16	141	
76	32	147	15	0	0	0	100	78	153	
22	50	33	44	13	16	97	36	67	223	
84	31	62	22	0	0	0	230	88	84	
89	31	143	14	0	0	40	108	30	146	
84	31	56	127	5	0	0	99	46	153	

108	12	88	0	54	35	0	73	210	0	 ***
72	12	104	74	32	0	23	30	185	48	
12	29	22	60	4	44	66	94	249	0	
2	32	104	8	18	30	38	0	122	226	
34	41	0	16	4	70	134	48	200	33	
93	29	112	95	54	24	48	9	116	0	
79	16	108	0	80	25	184	21	67	0	
138	52	32	75	23	17	0	0	175	68	
78	10	82	16	54	22	30	25	210	53	
42	0	129	38	16	20	10	64	222	39	
53	14	44	0	15	47	42	45	224	96	
78	12	87	0	86	22	41	25	211	18	
80	12	112	20	74	30	2	56	192	2	
32	41	0	40	4	34	40	237	104	48	
65	52	11	4	11	34	39	130	226	8	
0	44	14	51	11	20	70	136	225	9	
78	43	85	0	59	40	17	196	62	0	
6	53	5	72	40	40	0	52	82	230	
77	34	83	0	68	46	2	25	211	34	
77	10	96	16	70	32	0	65	211	3	
76	27	52	0	52	46	57	215	55	0	
26	4	114	39	56	19	34	51	167	70	
66	57	71	20	10	0	52	65	221	18	
152	0	24	36	0	78	58	130	53	49	
82	73	36	19	4	11	0	112	190	53	
93	17	84	0	56	26	4	213	71	16	
79	31	84	0	70	22	56	25	211	2	
35	20	30	159	19	0	87	0	206	24	
20	43	16	21	86	10	92	195	0	97	

92	19	74	0	131	33	0	48	170	0	
20	16	11	20	18	8	29	244	133	68	
6	12	1	9	0	29	51	47	169	243	
12	13	62	22	51	19	44	68	223	53	
28	82	24	12	38	13	98	22	250	0	
17	26	23	52	17	98	20	71	243	0	
15	76	34	8	10	30	19	115	0	260	
157	24	4	4	66	44	32	191	16	29	
12	37	30	74	31	150	0	110	115	8	
9	42	14	20	34	10	148	31	221	38	
77	24	20	4	0	10	140	264	24	4	
49	58	50	37	46	30	233	8	56	0	
82	21	92	0	52	33	0	49	238	0	
90	19	68	0	56	37	0	218	79	0	 ***

94	21	50	0	66	21	41	34	241	0	
99	19	60	4	51	29	8	207	91	0	
88	25	56	4	56	38	0	59	242	0	
32	26	15	24	59	31	76	209	21	75	
90	29	54	4	58	22	37	40	234	0	
82	25	25	17	52	44	68	0	255	0	 ***
25	27	76	59	42	16	194	62	0	67	
35	46	12	42	114	24	67	222	6	0	
39	35	16	4	67	38	33	250	58	28	
39	4	18	16	16	15	25	257	16	162	
90	23	48	0	63	27	0	220	96	1	
20	62	9	22	92	0	5	48	102	208	
32	11	12	2	19	14	51	252	149	26	
22	24	1	24	26	19	28	142	19	263	
31	20	9	36	20	43	60	222	67	60	
90	24	119	0	56	21	0	30	186	42	
90	29	48	1	56	24	209	24	87	0	
39	4	13	28	0	36	16	262	152	18	
92	23	63	2	58	21	4	218	87	0	
0	30	20	66	50	82	63	211	25	21	
69	7	17	0	55	77	36	202	40	65	
90	21	59	2	134	21	0	80	161	0	
98	19	51	1	56	21	8	210	80	24	
18	33	4	9	75	20	14	263	92	40	
97	25	48	0	64	23	34	43	234	0	
101	21	114	2	56	30	0	157	87	0	
98	31	48	1	58	21	20	210	79	2	
17	66	18	13	10	20	77	226	89	32	
49	139	16	0	16	0	30	97	32	189	

56	23	58	9	55	136	70	50	197	0	
90	59	69	27	24	74	48	18	245	0	
2	40	0	13	4	34	192	28	309	32	
42	33	34	1	9	28	208	28	231	40	
48	29	25	97	69	132	137	0	117	0	 ***
66	135	24	50	20	40	126	39	154	0	
0	16	52	65	21	16	16	23	297	148	
22	18	14	46	51	31	140	60	258	14	
78	23	57	110	52	66	66	0	184	18	
6	42	5	0	121	40	260	58	122	0	
59	25	33	65	20	42	119	16	67	208	
56	37	28	10	21	45	222	68	167	0	
49	48	41	26	16	163	18	64	210	19	
76	23	27	9	28	106	68	58	242	17	
21	55	29	9	77	93	227	10	133	0	
24	70	60	26	0	132	48	56	238	0	
58	23	87	58	33	43	95	0	257	0	

4	0	59	83	8	24	315	138	80	6	
83	32	80	0	75	0	8	307	48	84	
16	24	28	88	69	71	154	0	267	0	 ***
48	23	117	79	119	103	144	0	84	0	
84	23	34	77	74	103	68	0	198	56	
50	78	43	2	64	0	232	208	24	16	
13	110	77	8	34	48	0	48	104	275	
4	2	44	17	16	16	259	228	36	95	
17	133	72	115	40	32	16	6	234	52	
72	23	24	78	70	86	80	0	134	150	
48	75	48	94	71	121	157	33	70	0	
48	52	56	85	66	57	58	0	147	148	
16	0	2	8	16	42	239	136	42	216	
32	59	28	126	85	134	58	0	159	36	
34	67	57	76	76	111	205	0	51	40	
13	48	47	4	33	74	241	209	30	18	
49	23	24	92	79	80	237	50	83	0	
92	50	70	76	69	58	205	34	63	0	

97	0	20	28	123	4	11	207	16	216	
4	3	16	14	139	56	10	68	292	120	
50	24	60	96	43	71	112	0	266	0	
0	19	28	126	37	120	150	0	242	0	 ***
4	10	20	68	83	137	24	44	46	286	
46	15	26	52	0	0	234	18	18	313	
20	58	85	17	18	48	0	67	303	106	
0	96	7	14	20	138	279	80	72	16	
52	2	22	98	112	64	9	60	303	0	
0	23	28	94	122	105	140	0	210	0	
16	66	62	88	37	75	112	0	266	0	
16	0	162	1	88	18	32	38	305	62	
20	20	36	94	35	103	148	0	266	0	
46	0	17	16	56	32	11	52	158	334	
4	21	28	88	53	104	146	0	278	0	

0	45	16	131	36	124	82	0	254	0	
0	127	86	110	0	68	0	38	12	247	
40	20	8	122	4	38	76	46	289	45	
36	24	2	115	32	0	11	22	340	106	
32	4	50	52	0	42	94	50	299	65	
22	95	44	116	0	38	36	24	313	0	
12	26	14	92	40	152	86	0	266	0	
68	58	90	4	100	100	38	0	230	0	
28	0	16	16	10	62	4	137	82	333	
58	78	99	16	44	34	317	42	0	0	
0	22	30	90	28	126	122	0	270	0	 ***
4	20	48	43	0	109	40	142	282	0	
125	9	12	90	68	109	92	0	183	0	
12	62	4	64	34	107	18	18	339	30	
28	36	0	121	18	8	138	0	314	25	
0	131	32	36	94	0	32	303	60	0	
64	18	88	0	2	6	38	169	303	0	
2	48	36	126	44	123	0	51	0	258	
8	49	16	30	48	104	40	92	301	0	
48	26	42	4	32	36	331	76	71	22	
0	39	12	90	26	78	220	186	37	0	
4	10	120	77	129	103	0	40	205	0	
60	34	0	95	39	32	74	30	298	26	
24	6	98	38	40	18	216	248	0	0	
0	5	38	68	19	38	98	141	281	0	
0	39	21	130	38	106	87	0	267	0	

46	0	106	48	110	32	56	16	265	0	
92	32	28	78	56	8	280	32	23	50	
73	0	40	12	22	50	74	18	300	90	
0	69	48	0	76	60	82	18	300	26	
0	4	4	0	14	0	275	43	245	94	
0	20	32	74	58	126	50	0	107	212	
10	10	48	86	44	70	20	68	304	19	
52	40	110	54	70	0	291	12	50	0	
0	27	14	90	28	130	130	0	260	0	
86	12	0	18	61	0	48	92	304	58	
0	42	42	56	56	8	22	106	326	21	
48	16	118	38	7	34	2	100	296	20	
0	36	14	72	26	140	82	0	97	212	
44	33	58	36	80	36	111	0	281	0	
132	0	6	79	16	2	27	114	263	40	
34	68	8	34	58	0	124	34	283	36	
18	133	164	50	12	0	32	0	258	12	
0	20	15	74	26	128	221	0	195	0	 ***
0	4	26	28	58	64	36	138	21	304	
20	2	16	59	40	107	24	82	275	54	
32	84	40	92	33	38	24	10	300	26	
8	22	34	46	32	6	287	228	0	16	
76	8	0	116	26	0	25	130	0	298	
44	34	70	48	4	36	56	36	275	76	
42	16	46	146	0	8	68	0	263	90	
52	2	50	8	64	5	160	34	304	0	
13	44	78	0	48	2	140	38	300	16	

36	48	8	2	22	8	184	28	234	84	
78	41	0	79	4	21	50	0	275	106	
68	18	90	30	85	88	0	56	219	0	
4	0	1	84	44	41	172	34	44	230	
33	0	50	0	12	0	87	164	258	50	
40	8	56	101	49	50	4	4	274	68	
16	104	80	47	2	0	46	38	225	96	
68	19	110	114	0	67	0	27	229	20	
124	2	47	68	12	0	261	100	40	0	
6	24	0	132	108	48	18	41	277	0	
32	4	18	18	106	60	72	38	244	62	
98	8	54	58	16	80	90	94	156	0	
0	22	4	50	32	0	268	187	56	35	
0	0	32	32	42	111	13	34	120	270	
76	70	0	53	98	10	295	18	0	34	
53	26	24	36	6	30	198	6	243	32	
0	46	19	92	11	64	220	0	202	0	
16	80	54	0	1	0	46	135	290	32	
0	52	32	10	36	0	32	41	300	151	
42	32	40	0	139	5	102	36	0	258	
34	20	6	24	36	48	16	196	50	224	
28	64	20	8	78	0	157	17	274	8	
12	42	19	16	4	24	173	76	222	66	
20	8	80	24	41	4	177	20	190	90	
111	4	0	14	50	60	120	227	36	32	
112	0	49	40	6	34	253	96	64	0	
0	32	14	116	31	56	185	0	220	0	 ***
97	0	4	131	68	12	34	0	56	252	
11	104	62	34	0	37	110	0	254	42	
10	18	70	48	4	80	88	62	251	23	
32	6	42	18	6	42	100	180	228	0	
4	8	14	70	8	48	122	0	254	126	
4	0	112	6	85	50	124	267	0	6	
36	18	15	58	8	52	140	164	163	0	
105	48	0	36	0	1	48	52	276	88	
0	36	0	12	16	50	185	50	224	81	
0	8	42	119	10	38	96	0	251	90	
0	91	38	38	12	18	53	126	278	0	
36	28	54	0	20	2	140	17	276	81	
0	16	38	103	0	47	88	83	231	48	
64	41	8	8	32	32	183	32	8	246	

0	12	10	88	12	12	108	271	47	0	
0	28	0	36	8	32	124	32	300	0	
0	0	0	8	0	0	168	32	308	44	
6	112	72	0	2	0	60	0	308	0	
0	8	34	81	0	8	309	120	0	0	
0	0	0	4	4	38	16	178	320	0	
0	12	10	90	85	16	92	0	47	208	
40	18	0	12	4	0	0	174	312	0	
0	28	18	114	28	18	92	0	262	0	
32	0	20	94	0	70	302	0	42	0	
0	0	124	74	6	8	0	0	308	40	
66	8	64	68	0	8	2	2	328	14	
0	12	10	106	10	28	244	102	48	0	
8	31	16	0	72	4	98	58	273	0	
0	28	12	82	10	12	92	0	260	64	
0	28	10	114	18	20	108	0	262	0	
8	12	10	94	12	12	244	121	47	0	
20	8	32	0	24	0	38	118	316	4	
0	88	4	16	0	34	0	139	279	0	
0	16	12	12	34	0	122	32	304	28	
76	40	40	72	0	0	326	0	6	0	
0	0	64	12	4	4	64	124	288	0	
46	68	0	32	0	90	0	2	322	0	
0	30	10	74	16	14	92	269	55	0	
52	107	16	0	0	8	6	38	321	12	
8	0	4	48	10	8	327	0	39	116	
6	0	96	32	0	0	326	0	100	0	
38	12	8	0	0	38	307	0	157	0	
0	44	14	118	10	20	92	0	262	0	
0	4	173	0	0	0	204	179	0	0	 ***
8	30	10	74	12	12	96	271	47	0	
4	8	64	6	0	8	18	2	322	128	
0	28	10	74	14	22	244	121	47	0	

0	68	4	20	33	0	156	257	92	38	
110	36	50	104	32	0	217	119	0	0	
96	36	8	32	0	4	146	259	87	0	
68	40	0	4	50	0	238	0	0	268	 ***
32	0	0	0	48	38	56	294	200	0	
0	36	179	70	52	24	0	72	4	231	
0	36	0	4	40	38	216	35	0	299	
2	44	28	0	60	0	184	254	96	0	
4	4	172	72	0	2	156	202	56	0	

46	32	41	0	0	32	292	86	132	52	
68	8	0	40	169	48	0	168	212	0	
64	32	4	74	81	8	112	0	68	270	
40	7	48	67	77	72	134	0	268	0	
67	66	0	124	8	40	29	251	96	32	
32	36	0	99	34	0	120	128	12	252	
72	36	0	5	74	0	158	0	269	99	
8	72	13	100	61	0	0	77	116	266	
64	40	3	36	46	0	144	0	142	238	
36	4	0	80	0	52	126	13	116	286	
0	40	122	8	70	32	32	96	32	281	
64	40	4	5	106	71	114	36	0	273	
32	32	32	132	32	40	163	209	41	0	
36	0	42	86	10	65	0	0	269	205	
72	42	64	48	42	38	37	104	0	266	
68	16	69	12	70	2	37	53	118	268	
66	77	0	112	81	46	186	0	0	145	
96	68	26	106	46	36	0	0	45	290	
0	4	2	36	118	70	0	128	291	64	
81	133	38	0	12	71	96	154	0	128	
64	40	33	127	50	0	171	0	159	69	
66	38	0	8	32	32	52	66	220	199	
0	36	18	32	45	96	64	191	0	231	
68	32	0	136	74	42	120	0	64	177	
64	64	13	5	48	0	200	0	40	279	
77	76	104	104	59	0	0	34	259	0	 ***
12	48	48	66	0	35	40	0	207	257	
44	36	22	0	107	14	122	96	0	272	
72	36	143	48	42	44	171	0	0	157	
97	74	38	0	0	48	84	308	32	32	
99	64	0	12	50	55	208	0	0	225	

42	0	167	147	4	0	0	96	226	0	
33	78	84	104	58	4	0	52	269	0	
68	26	6	33	0	8	40	309	192	0	
8	64	122	32	32	16	72	276	22	38	
2	18	4	0	26	32	185	70	303	42	
0	2	112	10	0	15	32	220	0	291	
16	18	32	4	113	2	36	40	275	146	
168	76	68	80	83	0	0	178	29	0	
0	116	86	88	58	0	24	34	276	0	
0	135	40	0	64	131	260	0	20	32	
0	32	102	36	56	119	16	37	284	0	
40	100	0	36	0	10	0	40	332	124	
0	0	8	2	9	0	96	341	146	80	
0	132	131	40	36	0	34	108	201	0	
10	40	16	34	0	68	8	236	229	41	
8	37	159	0	90	0	56	32	266	34	
0	68	74	167	81	0	0	24	27	241	
153	0	36	52	8	0	296	83	22	32	
0	78	124	99	83	0	0	70	228	0	
20	79	68	96	106	0	0	66	247	0	
1	26	106	88	125	64	272	0	0	0	
18	64	32	77	0	155	36	284	0	16	
0	80	76	100	105	0	0	262	59	0	
40	40	32	145	0	32	68	260	65	0	
0	48	2	0	40	0	40	169	341	42	
0	72	88	86	77	0	0	286	73	0	 ***
32	48	153	36	0	0	0	32	202	179	
32	0	22	34	136	16	72	101	251	18	
32	96	68	92	58	0	26	39	271	0	
72	179	32	32	56	4	0	0	34	273	
2	76	71	88	78	0	0	42	285	40	
32	13	132	64	8	64	32	32	48	257	
122	96	36	0	65	24	46	14	279	0	
36	2	161	32	0	8	0	221	0	222	
78	0	0	0	30	33	64	68	269	140	
36	84	0	32	42	64	0	298	16	110	
0	80	84	86	58	0	49	50	275	0	
100	130	69	80	82	0	0	156	65	0	
6	54	71	113	32	16	98	0	292	0	

0	8	83	62	73	0	0	290	32	95	
0	9	86	70	73	0	0	142	263	0	 ***
0	66	152	16	42	0	0	285	0	82	
0	8	96	70	85	5	0	108	271	0	
4	81	78	32	58	50	0	263	40	37	
10	0	92	46	94	8	0	296	95	2	
34	64	96	32	140	100	177	0	0	0	
0	82	10	0	0	72	0	248	187	44	
5	8	80	46	65	8	108	315	8	0	
4	56	28	68	135	36	45	271	0	0	
34	16	0	8	0	0	64	207	0	314	
0	9	138	47	89	0	0	280	80	0	
26	0	32	40	0	98	0	0	154	293	
36	0	0	56	13	6	46	283	161	42	
0	88	5	32	0	40	10	248	207	13	
0	0	110	46	73	9	0	298	75	32	
2	8	32	34	32	0	12	225	218	80	
0	34	0	8	32	40	0	68	343	118	
66	1	64	36	44	0	54	213	149	16	
0	5	96	78	95	0	0	106	263	0	
0	122	84	74	110	0	0	172	81	0	
8	0	140	40	90	8	0	98	259	0	

47	50	58	32	87	32	28	66	244	70	
0	16	8	71	153	84	4	229	8	141	
18	9	110	88	4	34	4	174	273	0	
0	16	16	0	80	41	42	124	323	72	
0	23	42	0	20	48	198	46	271	66	
86	34	40	10	64	141	40	260	0	39	
16	82	52	8	16	32	8	200	268	32	
22	70	124	0	34	6	21	65	279	93	
24	8	32	159	0	14	209	15	221	32	
56	4	26	0	118	0	40	142	272	56	
20	0	92	48	12	0	66	52	273	151	
0	11	86	68	98	52	0	131	268	0	 ***
11	52	12	51	132	181	77	24	0	174	
66	68	18	89	34	48	0	104	287	0	
32	6	16	0	0	60	238	46	270	46	
88	28	58	0	0	106	286	68	0	80	
16	16	82	100	71	4	26	127	272	0	
0	82	0	88	45	54	286	89	70	0	
20	48	42	18	44	0	26	331	43	142	
28	2	40	122	126	32	62	0	302	0	
62	25	157	56	46	10	0	104	254	0	
36	20	80	4	44	0	96	48	286	100	
24	10	86	40	70	0	71	122	291	0	
52	64	104	0	40	104	20	32	298	0	
44	14	2	0	8	106	146	48	287	59	
2	0	28	10	94	76	6	0	235	263	
26	8	80	36	0	8	32	36	278	210	
0	20	129	36	15	0	270	84	0	160	
40	8	28	18	180	34	302	104	0	0	
24	6	40	88	0	32	244	0	275	5	
60	52	0	24	0	82	256	0	38	202	

48	32	8	128	24	51	10	54	269	144	
0	10	98	36	64	76	64	154	266	0	
0	48	104	67	80	36	22	54	267	90	
120	32	112	51	12	74	80	0	275	12	
65	18	0	114	40	28	173	76	254	0	
32	43	114	68	61	62	0	122	266	0	
0	75	82	60	68	52	0	124	274	33	
48	12	91	68	70	52	0	194	233	0	
45	26	0	0	64	0	254	32	275	72	
24	10	82	84	62	84	0	156	266	0	
0	10	83	68	102	108	0	164	233	0	
24	16	32	1	40	75	138	0	275	167	
38	44	0	44	0	180	72	124	266	0	
5	64	18	0	97	80	0	88	301	115	
39	64	72	32	0	48	0	92	308	113	
78	6	80	88	0	35	0	0	249	232	 ***
66	18	56	68	0	68	0	32	291	169	
137	64	38	36	90	96	269	0	38	0	
91	48	48	57	36	2	0	225	228	33	

