#2708	840	596	0	112	0	672	2692	496	224	 ***
#240	80	436	320	112	272	244	276	3828	2532	
#240	836	800	0	80	96	1160	672	4456	0	
#768	404	224	32	144	672	3144	160	2792	0	
#160	352	320	192	224	320	3532	2996	244	0	
#80	0	2192	404	112	0	880	80	432	4160	
#2304	0	32	324	80	240	240	160	4552	408	
#4	2224	196	0	672	0	320	400	160	4364	
#672	320	112	160	0	4	112	3688	2996	276	
#404	240	224	192	240	160	160	992	5484	244	
#272	672	320	148	192	964	0	512	2404	2856	
#384	320	832	276	400	320	3904	0	160	1744	
#352	80	400	436	160	512	3664	240	2496	0	
#0	592	832	112	80	2228	3204	32	1100	160	
#64	144	404	560	84	352	240	160	5220	1112	

224	0	96	240	480	80	2188	3444	800	0	
624	592	80	36	352	272	160	4812	112	512	
804	680	512	0	176	0	1312	976	2676	416	
160	36	320	32	112	0	1152	5148	80	512	
192	224	720	80	192	192	0	4976	160	816	
352	704	480	360	384	80	1796	3124	32	240	
80	0	32	304	400	304	160	400	1056	4816	
224	320	192	192	352	80	2004	3204	112	872	
884	872	832	0	144	0	1424	2868	304	224	
80	672	1128	0	160	1488	320	1892	0	1812	
884	840	544	0	432	0	752	2868	944	288	
324	272	1920	560	176	352	0	1192	2756	0	 ***
64	0	272	0	160	992	192	1928	3864	80	
80	512	144	240	32	32	32	2160	160	4160	
400	432	0	496	80	112	0	4816	1024	192	
144	320	240	112	192	352	4064	1648	0	480	
884	840	512	0	112	400	1312	2868	320	304	
1940	1160	352	0	80	0	2724	768	112	416	
148	196	192	112	432	880	160	4792	640	0	
388	192	80	80	752	516	0	4020	0	1524	
112	0	272	192	0	0	1632	4928	352	64	
1236	920	544	0	112	0	3556	736	144	304	
884	904	512	0	432	0	1360	1764	256	1440	
1024	0	1648	308	240	192	80	3420	0	640	
1284	872	512	0	112	0	832	2868	816	256	
352	32	432	0	2112	0	3840	192	272	320	
64	480	320	272	80	320	112	2460	240	3204	
272	0	1008	240	384	272	5216	160	0	0	
1556	520	544	32	112	0	752	2868	944	224	
320	240	80	0	464	432	692	4924	0	400	
1684	36	304	32	192	640	36	3716	912	0	
416	400	512	432	160	192	192	4940	196	112	
816	0	352	356	1008	400	1504	2796	320	0	
160	64	320	240	800	1600	240	80	0	4048	

912	512	352	560	208	192	0	3296	2032	0	
244	272	420	1200	1568	384	0	2600	1376	0	 ***
80	192	352	672	176	192	0	1820	1344	3236	
80	224	352	560	176	192	3332	1016	2132	0	
240	192	1060	560	256	192	0	1784	3780	0	
240	192	352	400	848	512	3236	1772	512	0	
1200	1264	352	560	208	192	0	3904	384	0	
244	352	996	560	496	992	0	3048	1376	0	
736	160	512	0	112	32	4864	832	112	704	
244	272	352	560	848	352	32	4652	432	320	
112	224	352	1504	528	192	960	984	3208	0	
0	112	64	400	512	352	64	720	4544	1296	
80	192	672	592	816	272	0	1592	3816	32	
960	112	624	144	32	160	1620	4332	0	80	
244	272	352	560	176	992	0	4748	720	0	
480	0	416	80	144	32	3040	2808	552	512	
324	224	352	1200	288	352	320	4652	352	0	
644	304	352	560	176	352	1604	1896	2176	0	
564	352	352	560	208	352	640	4652	384	0	
244	272	576	560	528	384	0	3836	1664	0	
244	416	2176	752	176	352	0	2156	1792	0	

32	432	672	720	704	32	752	5364	240	432	
1616	80	224	0	1824	0	512	1104	4020	0	
320	944	464	432	720	3012	2176	1312	0	0	 ***
400	192	384	720	1136	1024	0	752	352	4420	
480	272	304	1200	656	224	3764	1232	1248	0	
0	240	640	960	32	2864	0	240	3556	848	
192	1120	112	1120	240	1024	624	192	4756	0	
1232	272	384	1360	816	1088	0	432	3796	0	
0	672	112	576	512	512	720	4836	0	1440	
1040	960	800	112	0	384	0	512	416	5156	
320	0	640	112	960	512	912	4580	448	896	
880	272	384	1200	816	1024	832	432	3540	0	
80	720	80	1280	400	432	1184	4612	528	64	
880	832	384	1200	848	384	80	4420	352	0	
240	432	384	752	1296	384	960	1072	3860	0	
400	272	1024	1200	1296	416	160	160	4452	0	
112	240	1312	80	32	192	1232	4852	944	384	
432	160	800	1792	416	112	64	4884	400	320	
1360	0	112	384	768	720	400	4948	688	0	
736	320	880	0	32	704	1184	64	5268	192	
576	640	1104	0	272	32	160	1264	80	5252	
272	224	864	400	480	704	272	5524	640	0	
240	272	1024	1200	656	1376	3636	160	816	0	
240	1632	384	1232	976	224	0	160	4372	160	
32	0	320	864	432	80	704	5236	752	960	
1680	272	544	2064	656	384	0	2276	1504	0	
272	592	544	1200	1296	224	0	1680	3572	0	
432	224	384	1200	752	224	0	80	384	5700	
240	272	1024	1840	656	384	0	1760	3044	160	
240	272	384	1200	848	384	640	160	4452	800	
1040	272	384	1360	2352	384	0	160	3428	0	
400	352	384	1200	1296	224	4420	112	352	640	
240	912	384	1360	1568	1024	32	352	3508	0	
432	912	384	1840	656	544	3636	624	352	0	
240	912	384	720	656	384	1280	320	4452	32	
0	3060	512	192	352	480	32	1056	3696	0	
240	272	384	1840	816	384	192	592	4660	0	
1760	272	96	80	432	1472	160	4564	384	160	
544	976	800	480	192	32	320	4868	1136	32	

592	0	0	1280	640	32	704	1200	5040	160	
352	144	32	960	224	480	1664	4832	320	640	
64	0	320	960	1392	160	112	896	4832	912	
160	912	544	912	720	2784	2448	1168	0	0	
0	864	784	720	2656	352	208	2912	192	960	
512	1440	1664	0	0	464	4752	192	112	512	
1664	912	592	272	640	1760	2608	1200	0	0	
752	192	720	352	32	2752	800	3184	784	80	
160	912	496	272	880	960	1936	368	3664	0	
160	944	384	1072	640	320	2016	448	3664	0	
400	0	80	240	256	672	1312	5152	704	832	
160	912	544	304	720	1472	3648	1888	0	0	
144	592	672	112	832	0	1840	4704	400	352	
0	0	1392	0	0	976	2224	224	4480	352	 ***
80	944	384	352	800	240	2384	96	0	4368	
320	992	1344	272	352	1664	1936	368	2400	0	
0	640	352	320	672	832	4256	1152	592	832	
320	160	1024	112	704	2736	2368	320	352	1552	
160	1024	384	272	640	2864	2096	128	2080	0	
240	1632	464	272	672	2816	2352	1200	0	0	
0	352	80	544	0	2896	1472	3264	400	640	
160	912	384	272	1280	352	2096	480	0	3712	
160	944	384	272	640	352	2816	3200	880	0	
32	0	80	960	320	1280	2896	0	160	3920	
0	592	912	0	0	320	976	5408	192	1248	
0	1024	800	1024	3008	0	0	2400	320	1072	
752	960	32	1936	0	2208	3056	0	704	0	
240	912	384	432	720	1664	1936	1008	2352	0	
640	960	640	0	3632	640	224	1120	1792	0	
240	912	384	1280	720	1920	2832	1360	0	0	
0	1760	32	400	0	0	4336	2176	704	240	
160	1632	384	272	640	560	1936	2624	1440	0	
160	912	416	912	640	352	1936	1088	3232	0	
352	912	464	272	640	2192	3648	1168	0	0	
480	1280	64	800	480	112	256	4752	672	752	
160	912	464	912	640	400	2128	368	3664	0	
160	1488	400	352	0	1904	416	832	4096	0	
160	1632	656	272	640	320	1936	368	0	3664	
0	80	1584	960	448	32	0	3888	272	2384	
352	0	912	0	1296	960	2128	2960	0	1040	
0	2736	112	800	672	784	1152	592	2768	32	
160	992	464	272	1280	320	1936	2496	1728	0	
192	912	384	272	1360	2672	2688	1168	0	0	
400	800	704	992	0	80	32	5088	1232	320	
160	912	384	112	1712	1632	2832	1904	0	0	
0	1008	0	272	1376	1872	240	512	4368	0	
160	32	352	0	32	2912	4064	0	1360	736	
240	2272	160	736	1888	640	0	2032	1680	0	
1664	1552	464	304	720	1680	2096	1168	0	0	

0	1120	784	0	160	1136	1424	464	3904	432	
32	0	1072	432	240	0	1520	1824	4304	0	 ***
0	272	1120	0	720	912	4112	912	992	384	
784	1664	976	0	400	160	1040	560	0	3840	
976	416	480	1552	32	320	1360	0	3568	720	
672	704	192	640	592	0	2576	624	0	3424	
800	160	512	320	352	960	1472	0	4208	640	
0	832	80	912	832	672	352	240	3680	1824	
160	64	1040	144	1056	864	1264	832	3680	320	
0	960	560	1024	832	352	512	80	3712	1392	
864	80	384	720	800	240	1168	192	3392	1584	
480	1664	384	672	800	336	0	3376	0	1712	
0	160	1744	0	0	1056	1984	2944	1024	512	
240	240	640	720	320	160	2336	272	4240	256	
80	80	752	0	0	256	2992	336	4496	432	
1312	784	736	0	432	352	912	1744	3152	0	
912	320	560	944	0	1600	352	3744	992	0	
960	80	0	1824	592	880	528	864	3696	0	
1152	2768	32	192	1200	0	560	0	400	3120	
624	832	960	112	80	0	672	400	3824	1920	
0	480	480	800	432	64	4816	1232	0	1120	
944	752	0	192	240	592	1296	560	3904	944	
640	1456	0	1040	0	432	608	832	4032	384	
2320	80	880	0	672	240	992	1440	2640	160	
400	32	752	0	0	1056	3808	576	1344	1456	
160	80	1360	320	432	704	2224	432	3200	512	
800	352	0	64	2384	720	3312	512	1280	0	
320	704	1072	192	1296	1936	672	0	0	3232	

0	320	592	112	1056	560	0	320	3520	960	
32	320	1056	752	944	192	0	0	480	3664	
592	672	256	512	0	0	3120	864	0	1424	
496	480	432	640	0	0	0	240	2384	2768	
512	592	0	272	80	112	1424	2592	1856	0	
32	0	960	272	944	0	1328	1600	2304	0	
112	0	960	304	240	0	2736	1440	1648	0	
1856	0	0	560	272	0	2816	1616	160	160	
32	0	960	304	240	0	2784	1472	1648	0	
192	0	960	272	240	0	880	1104	3792	0	
0	2528	32	640	480	240	1392	0	0	2128	 ***
32	0	960	352	944	0	1328	1472	2352	0	
64	0	960	272	240	0	1040	1904	2960	0	

1040	1616	480	960	160	516	0	480	2216	112	
548	2320	0	240	80	912	832	80	320	2248	
80	516	0	1360	160	752	80	3348	192	1092	
0	1124	608	704	1680	324	1540	0	0	1600	 ***
112	1856	4	32	112	0	2708	1280	240	1236	
0	676	432	676	400	320	1268	0	2240	1568	
0	516	32	836	400	640	1508	0	2208	1440	
1280	2004	160	244	832	160	32	0	2276	592	
2452	32	0	4	160	624	832	644	592	2240	
0	1312	276	80	320	68	996	560	160	3808	
0	2256	32	640	788	480	1232	388	0	1764	
4	596	192	720	720	240	1104	324	112	3568	
160	1504	224	640	480	240	2456	4	192	1680	
1124	2416	832	276	240	272	224	0	1876	320	
1076	2400	880	480	32	400	644	320	1124	224	
324	512	144	640	404	240	1664	2292	0	1360	
1156	224	80	1424	356	0	1360	320	2308	352	
1184	112	1672	32	80	192	2916	1040	352	0	
996	1412	32	960	484	240	2016	0	0	1440	
272	2528	648	480	0	224	672	720	720	1316	
880	516	512	0	564	1696	964	0	160	2288	
324	160	4	1104	160	164	2448	160	512	2544	
160	192	672	68	160	80	240	720	1844	3444	
1232	0	596	160	192	240	3648	404	0	1108	
84	544	112	672	404	240	3600	0	244	1680	
480	160	4	0	352	800	2224	272	512	2776	
1040	560	916	112	512	0	644	3476	320	0	
404	976	192	720	2048	324	1392	0	0	1524	
160	0	0	752	160	84	1124	416	992	3892	
704	964	0	4	2096	560	0	320	592	2340	
304	400	1604	352	272	548	3204	896	0	0	
80	708	1488	1156	0	0	160	2804	480	704	

116	320	832	800	320	112	432	520	2448	3776	
1588	0	400	1796	992	432	400	1680	2276	112	
2208	432	1316	1524	516	192	656	0	2832	0	 ***
0	916	1056	912	1408	356	2820	0	0	2208	
384	916	0	1184	1284	640	2788	1984	496	0	
2292	228	432	352	1040	1600	576	2512	644	0	
1040	564	496	1280	352	484	3588	352	0	1520	
0	484	416	1280	720	644	2036	0	2336	1760	
0	676	256	992	480	324	1476	3792	0	1680	
320	836	256	1440	2320	324	1396	0	1184	1600	
224	1252	528	1360	880	2436	1396	0	0	1600	
0	484	896	800	3040	324	1316	1104	192	1520	
2064	1316	496	720	720	484	1316	960	0	1600	
160	416	0	1200	2720	164	2824	1072	0	1120	
832	880	432	0	1120	144	2980	176	160	2952	
0	704	720	280	1040	480	3460	80	2352	560	
1472	1536	352	240	160	196	1600	3208	0	912	

464	400	352	1444	80	84	480	400	2512	1524	
1684	272	192	240	1104	884	0	352	2500	512	
384	2160	1188	884	516	272	944	0	1392	0	
672	400	400	752	320	248	0	704	1300	2944	
1136	432	1236	884	516	1408	496	0	1632	0	
400	544	160	820	996	1040	564	3056	0	160	
1044	324	1520	0	224	656	192	116	672	2992	
2000	672	1316	964	516	192	384	0	1312	384	
164	784	320	196	864	80	3168	1284	480	400	
544	960	164	640	2064	512	320	64	1668	804	
2672	320	1284	1332	560	464	768	144	192	4	
1616	384	752	240	160	1128	244	1728	1168	320	
272	160	480	628	1360	2244	0	1684	640	272	
352	432	1428	884	516	192	464	320	3152	0	
192	432	1156	1236	516	464	656	0	3088	0	
2000	432	1108	884	516	512	624	0	1232	432	
192	2048	1156	1204	516	464	656	0	1504	0	
596	0	388	1392	0	1616	560	720	2468	0	 ***
192	160	1476	36	240	480	384	944	0	3828	
160	272	244	944	0	1152	2932	112	1284	640	
112	432	1156	2324	516	192	784	0	2224	0	
2000	432	1316	884	516	224	576	480	1312	0	
368	752	1316	884	676	192	464	0	3088	0	
80	752	192	1040	0	484	1040	624	720	2808	
2000	432	1156	884	516	432	688	320	1312	0	
320	832	200	80	272	880	1780	160	2672	544	
0	0	464	244	1200	676	400	3140	1136	480	
1680	352	548	320	400	80	1604	192	564	2000	
1076	80	32	80	0	160	1376	304	3744	888	
592	432	1188	2340	916	224	464	0	1584	0	
352	432	1156	916	516	192	544	480	3152	0	

1488	320	480	480	336	480	0	1556	2788	276	
1232	1632	240	596	148	880	224	0	2740	512	
160	2112	352	272	480	196	1312	404	2916	0	
596	400	192	240	912	1120	3208	0	1424	112	
500	240	420	1168	0	240	480	800	4356	0	
516	352	676	1168	0	80	480	2672	2260	0	
756	0	388	1488	0	1968	512	720	2372	0	
1072	0	356	432	192	320	1160	400	3600	672	
756	0	356	1136	192	2096	560	752	2356	0	
432	160	420	976	1424	560	480	880	2392	480	
804	0	676	1200	352	240	560	720	3652	0	
464	752	200	672	0	752	3700	480	0	1184	
324	84	864	1360	0	560	1136	272	3028	576	
352	944	0	164	0	80	3808	724	436	1696	
0	912	192	352	308	676	1504	720	2864	676	
280	160	320	544	720	192	352	1552	3380	704	
676	160	436	612	720	0	720	560	2816	1504	
40	752	160	1472	400	2096	276	2096	672	240	
320	480	352	352	548	160	1952	384	80	3576	
432	0	436	784	0	560	480	1104	1668	2740	
576	0	1028	1280	0	240	800	784	3496	0	 ***
272	1120	404	916	400	2432	320	80	436	1824	
576	0	356	1136	0	2020	1024	720	2372	0	
436	320	708	1328	0	80	480	2672	2068	112	
36	244	320	400	32	784	1104	1120	2980	1184	
468	32	356	1456	160	80	912	2672	2068	0	
500	32	708	1168	160	1888	480	720	2548	0	
516	0	516	1200	0	1840	512	1072	2068	480	
464	192	436	1248	0	1792	800	720	2552	0	

304	240	932	1104	0	80	720	720	3656	192	
320	384	800	672	240	320	960	1232	2824	196	
1024	112	804	816	80	320	720	720	3352	0	
112	80	960	912	80	160	720	1232	2252	1440	
1056	1376	1124	816	80	80	752	720	1944	0	
2148	0	884	944	0	192	800	752	2228	0	
160	160	276	560	800	960	560	576	3816	80	
272	0	996	944	240	80	996	2272	2148	0	
2096	80	964	896	0	80	720	880	2232	0	
356	0	2356	784	0	272	880	720	2580	0	 ***
240	160	640	432	480	276	3896	80	592	1152	
112	0	804	864	240	1984	720	832	2392	0	
720	720	832	0	240	32	592	804	1188	2820	
592	0	400	1872	80	0	0	2788	1040	1176	
144	160	1124	1136	80	80	720	832	3672	0	
112	0	596	896	0	2112	800	800	2632	0	
4	756	1360	80	432	400	352	560	4004	0	
80	0	964	960	240	80	896	1040	3688	0	
880	0	884	976	80	80	720	720	3608	0	
464	1968	272	400	160	80	480	160	3564	400	
544	560	160	0	224	2628	80	320	2312	1120	
160	992	32	560	80	32	3900	560	1200	432	
112	0	808	784	160	192	1232	976	3684	0	

516	144	436	2016	0	432	752	1008	2500	0	
436	0	2228	944	0	352	880	720	2244	0	
352	192	2260	896	0	240	960	436	2468	0	
2436	240	0	0	80	192	352	1264	3128	112	
432	32	2228	784	240	400	752	436	2500	0	
544	436	0	560	112	1424	352	0	1992	2384	
356	112	436	752	0	272	2288	864	2724	0	
356	32	836	784	0	352	720	2192	2532	0	
356	80	2228	976	0	400	720	512	2532	0	
928	0	468	896	0	400	880	468	3764	0	 ***

560	704	1156	384	704	0	0	1044	3300	1684	
0	720	272	196	752	80	1200	4924	160	1232	
160	160	0	996	1280	0	5276	320	64	1280	
272	0	1108	896	1392	240	1044	884	3700	0	
912	0	1108	864	0	2144	912	756	2840	0	
272	0	548	1680	1552	960	1904	788	1832	0	
1124	436	960	1456	0	1328	2436	1444	352	0	
80	404	144	320	80	1440	352	4284	1360	1072	
912	80	740	624	0	880	880	2928	2492	0	 ***
320	800	0	32	80	240	544	964	2292	4264	
352	1824	1476	864	0	320	880	756	3064	0	
112	400	0	320	160	1492	992	1120	4268	672	
432	320	468	624	640	1040	720	2580	1992	720	
1680	80	960	1168	80	1440	272	400	3456	0	
672	80	1104	624	160	400	724	1664	4108	0	
400	272	1104	80	192	160	944	80	3344	2960	
676	0	1232	160	320	2480	112	3244	1312	0	
640	80	112	832	0	708	432	4860	832	1040	
192	352	0	1040	80	1152	720	1228	3296	1476	
672	0	1828	624	320	192	1444	2580	1876	0	
2356	160	628	1424	0	240	880	820	2308	720	
112	800	4	320	784	720	0	4860	1104	832	
272	32	984	260	80	880	2160	2480	2388	0	
1824	84	628	624	672	240	1360	320	3316	468	

80	2640	836	320	800	912	640	0	3448	244	
1152	160	768	272	0	1440	480	2256	1044	2348	
240	320	228	352	224	80	996	5288	2000	192	
1104	160	880	160	84	512	2632	2880	436	1072	
240	640	724	480	1072	496	1712	1120	3276	160	
640	1440	0	1028	4	160	0	800	2372	3476	
944	160	932	464	0	804	1360	2768	1044	1444	
0	640	352	516	832	640	2500	480	3768	192	
1376	880	900	944	0	960	720	2256	1884	0	
832	80	1536	704	160	1232	720	2768	1888	0	
800	80	496	192	80	800	596	992	3176	2708	
720	644	160	32	0	1200	0	2864	0	4300	 ***
672	400	0	352	640	724	464	3384	2852	432	
832	80	1328	1264	160	880	720	2848	1808	0	
1632	80	740	704	32	960	960	2196	2616	0	
912	80	740	704	800	880	564	1344	3896	0	
560	160	880	116	676	320	2064	3368	1504	272	
0	0	1152	0	0	0	160	3544	3168	1896	
352	1200	512	1280	864	980	792	2096	1844	0	
912	80	736	1488	80	800	880	3060	1884	0	
80	720	80	1396	960	0	1600	3468	1616	0	
944	720	480	720	4	240	160	516	4856	1280	
0	0	320	832	1040	832	676	3288	1984	948	
320	948	160	80	0	832	800	2096	164	4520	
1076	720	1024	464	0	800	640	1152	1192	2852	
80	832	784	640	400	0	516	3496	2180	992	

720	724	160	64	80	1200	80	240	112	6700	
1360	644	1668	32	0	1232	0	1232	0	3912	
1040	676	1236	32	0	1232	0	2240	0	3624	
720	676	240	64	1040	1312	0	1600	0	4428	
800	756	240	32	0	1232	0	240	80	6700	
720	1720	384	832	0	1312	0	1520	0	3592	 ***
960	724	0	912	0	1200	0	880	384	5020	
800	724	160	64	0	1312	80	240	0	6700	

640	1640	192	1316	1312	672	0	512	0	3712	
1120	0	912	64	320	640	1744	0	0	5196	
480	1072	0	112	960	592	0	640	676	5464	
1280	804	384	2024	0	912	0	640	0	3952	 ***
720	1120	0	160	800	0	4892	832	0	1472	
800	1672	192	1312	640	384	0	640	0	4356	
1952	0	0	0	0	160	4872	720	304	1988	
0	112	1360	80	352	672	4712	84	0	2624	
2640	836	1028	836	0	1184	0	560	0	2912	
1832	480	0	0	192	640	3072	0	3780	0	
640	1284	384	672	0	352	3256	800	0	2608	
672	160	672	272	800	832	1056	1396	0	4136	
160	0	0	144	1524	0	192	1232	5352	1392	
1312	1428	480	0	164	880	32	752	80	4868	
1952	880	164	0	416	0	400	1232	0	4952	
0	0	1704	720	880	1472	0	272	192	4756	
352	240	0	720	1424	1712	720	0	116	4712	
2724	672	160	80	640	1152	3764	804	0	0	
2560	836	272	672	0	384	0	1832	0	3440	
640	644	272	1632	0	272	3016	640	160	2720	
240	160	1552	160	0	640	656	4668	1920	0	
800	1280	224	1152	160	272	0	1280	0	4828	
1360	800	32	160	0	992	0	800	800	5052	
0	192	160	1280	320	160	0	2052	5592	240	
640	160	720	672	912	320	0	2132	4200	240	
0	1236	400	240	32	0	2112	480	112	5384	

640	880	64	1028	1944	240	0	5120	240	0	
1360	640	452	1232	320	912	0	800	0	4440	
1280	1476	944	1592	0	912	0	800	0	3152	
1280	640	544	1152	0	912	2780	640	0	2208	
240	0	880	484	0	0	2272	752	352	5176	
1280	640	900	1316	0	1828	0	640	0	3552	
2672	640	388	2072	0	912	0	640	0	2832	
640	192	160	1588	720	720	832	0	5304	0	
1280	640	624	2220	0	912	0	640	0	3840	
480	640	720	2188	240	192	672	0	0	5024	
1360	640	704	1224	0	1072	0	640	0	4516	 ***
436	0	1360	960	80	80	592	1360	640	4648	
1600	640	144	1152	80	1072	512	480	0	4476	
1280	1396	624	1232	0	1072	0	640	2024	1888	

0	1040	1452	1536	864	80	196	0	0	3552	
0	80	640	720	944	80	80	352	1124	4700	
0	0	672	1632	160	480	3964	0	1584	228	
800	0	896	1080	1236	1072	0	512	0	3124	
1600	0	512	320	0	992	1312	1040	0	2944	
720	80	624	352	0	948	0	560	672	4764	
832	0	576	1128	80	1748	0	512	0	3844	
320	0	1668	520	0	160	0	1472	1268	3312	
1280	32	160	480	832	436	3696	0	0	1804	
404	320	1268	0	1200	640	240	4296	352	0	
788	80	496	1076	884	912	0	640	0	3844	
64	0	320	1364	0	1452	3776	480	0	1264	 ***
1472	1232	624	352	640	948	0	320	0	3132	
0	512	1040	720	512	640	0	1284	32	3980	
240	240	32	756	0	752	320	80	3240	3060	
720	0	640	640	32	480	592	5580	36	0	
832	144	640	560	0	640	4700	480	0	724	
0	320	0	80	992	0	640	4304	720	1664	
0	432	112	404	640	912	720	3112	2308	80	
1440	80	464	320	112	1584	0	924	0	3796	
80	80	832	352	0	160	0	1232	2084	3900	

64	160	320	724	0	960	3556	800	0	1232	
64	0	320	724	0	1588	2928	800	0	1392	
1392	0	0	0	0	240	5064	80	1040	0	
32	800	0	0	0	0	5352	1632	0	0	
80	832	800	0	0	0	80	0	5428	596	
80	0	800	0	0	0	1712	80	5144	0	
112	160	960	1280	0	0	5304	0	0	0	 ***
64	0	320	804	0	1424	1536	2436	0	1232	
64	0	320	84	0	880	3636	480	1120	1232	
64	0	400	724	160	880	3556	800	0	1232	
64	0	320	724	0	1588	3248	800	0	1072	
144	0	1504	724	0	880	2336	836	0	1392	
64	0	320	724	0	960	3556	960	0	1232	
64	0	320	1128	0	880	1456	1552	0	2416	
64	1380	320	724	0	1040	2576	480	0	1232	
64	80	1504	724	0	1040	2416	836	0	1152	
1440	0	2228	240	0	752	0	0	3156	0	
1152	0	0	0	112	880	272	5400	0	0	
640	32	160	1360	0	0	80	0	160	5384	
3364	0	160	0	0	0	400	320	640	2932	
0	0	0	0	240	0	5224	80	400	1872	
68	0	320	804	0	880	1536	1792	0	2416	
64	0	400	84	0	880	2416	2900	0	1072	
640	112	0	0	160	480	624	0	720	5080	
1252	80	480	724	0	880	2336	832	0	1232	
64	1380	320	724	0	960	2576	480	0	1312	
64	0	320	964	0	880	2368	1988	0	1232	
64	160	320	724	80	880	3556	800	0	1232	
640	80	160	0	80	0	0	5320	720	816	
64	0	400	724	0	880	1536	2980	0	1232	
32	0	240	0	160	916	5188	0	320	960	
64	0	320	884	0	880	2416	836	0	2416	

160	240	0	80	1360	196	5384	0	1360	0	
160	0	724	0	640	272	3528	160	1040	2256	
80	832	0	240	400	0	3252	0	3336	640	
720	192	720	64	1124	0	5160	0	0	800	
80	1600	640	0	320	0	4828	320	992	0	
2792	0	80	240	160	0	1360	112	160	3876	
80	0	800	0	352	32	5592	0	1844	80	
672	80	160	0	160	884	3368	720	2096	640	
272	320	1680	560	160	0	5112	0	0	676	
0	0	240	80	0	720	5592	0	2148	0	
800	880	160	644	80	912	5064	240	0	0	
160	0	560	240	80	0	4796	160	1264	1520	
192	160	0	0	240	320	5624	640	880	724	
272	160	964	480	640	0	4984	1040	0	240	
2232	640	160	0	0	720	3908	160	80	880	
272	240	32	1120	240	240	5276	0	720	640	
160	244	80	1392	0	0	5160	640	304	800	
1280	400	0	0	272	0	5068	320	1440	0	
2344	160	0	640	400	720	800	3716	0	0	
160	0	240	0	1320	720	5428	912	0	0	 ***
304	960	1440	240	0	160	5324	160	192	0	

32	836	160	320	2388	880	3952	160	0	4	
160	0	80	0	1236	800	1712	672	4072	0	
352	0	1568	800	164	960	4216	672	0	0	
1680	0	112	0	356	720	4964	704	0	196	
1152	1828	80	0	164	1360	3364	784	0	0	 ***
960	80	64	0	240	1360	4764	832	80	352	
1156	0	112	0	324	752	3072	992	0	2324	
320	640	32	0	484	752	5268	672	164	400	
2132	0	640	0	84	720	3684	832	0	640	
160	0	0	720	112	0	5468	1392	720	160	
160	800	432	160	244	1440	4424	672	400	0	
32	0	0	0	1280	640	3608	800	0	2372	

640	240	64	0	560	3556	3660	640	0	0	
800	640	0	1908	0	0	3992	180	480	1360	
192	2740	0	0	324	1920	3464	720	0	0	
2932	160	640	800	704	0	0	4124	0	0	 ***
1952	1284	0	1312	0	2020	196	2596	0	0	
160	640	160	0	0	0	5004	2756	0	640	
752	320	160	0	480	1552	4668	1428	0	0	
752	36	0	1440	160	640	4700	432	1200	0	
32	3108	672	160	4	1520	3144	720	0	0	

2824	560	160	0	800	352	640	2756	0	1476	
192	3252	640	0	160	80	160	0	224	4860	
2904	160	1296	960	1664	160	0	2424	0	0	
3108	32	160	192	0	0	800	4316	640	320	
704	0	2948	160	240	640	112	4764	0	0	
960	912	0	352	0	0	3456	0	0	3888	 ***
1872	160	640	2756	784	0	0	3356	0	0	
0	800	0	3140	160	240	4984	244	0	0	
3012	240	640	800	1828	0	0	3048	0	0	
0	720	192	0	352	0	0	4568	640	3096	
2984	160	800	1072	704	0	0	2008	160	1680	
640	320	640	832	704	0	720	5712	0	0	
704	160	192	80	4	2260	0	400	0	5768	
0	0	0	800	1440	0	160	6240	496	432	
752	0	800	0	192	2264	244	5316	0	0	
0	0	2340	192	32	640	720	5292	160	192	
0	80	32	640	0	2612	4604	0	0	1600	
1840	192	3144	1120	864	0	0	2408	0	0	
0	2216	640	0	32	32	5128	400	160	960	

800	272	0	0	1072	148	0	4592	3392	320	
1040	1424	1200	0	512	0	4196	0	272	1952	
0	1232	240	0	32	720	0	1664	592	6116	
160	1344	432	32	640	160	480	3152	160	4036	
64	0	1600	0	0	1392	2416	1364	0	3760	
1552	1120	0	464	0	0	2192	0	1376	3892	 ***
804	912	0	592	0	32	2752	1508	0	3996	
880	880	240	276	80	672	2656	1028	0	3884	
752	704	880	320	964	1600	0	1152	0	4224	
2160	0	0	160	560	960	1472	432	640	4212	
1040	884	32	432	0	752	3524	0	0	3932	
912	912	32	352	160	0	3072	1232	0	3924	
0	1232	0	800	880	992	160	800	1232	4500	
1120	880	0	544	320	0	2752	0	1060	3920	
1552	752	160	192	0	640	880	1796	160	4464	

1584	800	160	832	0	0	2484	0	4028	196	
80	640	916	0	640	192	912	4568	800	1336	
1360	672	308	0	0	0	884	760	4916	1184	
640	164	1584	1152	160	0	0	640	1312	4432	
1632	0	0	992	0	2368	192	960	752	3188	
548	320	672	0	0	320	464	3072	400	4288	
0	112	864	640	4	112	1760	800	1524	4268	
320	640	1152	0	80	704	160	720	2436	3872	
1552	1120	0	192	0	0	2992	0	420	3808	
1552	800	0	352	0	0	1520	1480	264	4116	
1552	800	0	1264	0	0	2320	0	1172	2976	
320	720	480	80	0	1952	1416	0	4444	672	
1552	804	0	192	160	0	2800	0	752	3824	
640	32	800	320	32	1156	1824	0	1364	3916	
800	0	320	784	0	1120	1524	3904	0	1632	
720	32	640	0	480	640	1752	3324	1104	1392	
352	0	320	800	320	160	1312	196	4008	2616	
1552	800	0	196	36	160	2800	0	532	4008	
160	800	192	1760	84	704	0	0	2624	3760	
1472	400	816	640	0	112	5120	1124	80	320	
1360	32	4	192	1152	240	1792	0	1364	3948	
1552	804	36	832	0	0	2160	0	740	3960	
0	1376	0	160	0	800	952	1876	2480	2440	
432	1444	0	0	112	800	1668	320	1508	3800	
32	320	0	2248	992	320	2544	64	3564	0	
1520	800	0	352	0	0	2800	1408	2692	512	
240	2432	752	0	0	160	2244	0	672	3584	
832	800	480	304	0	640	2160	0	1104	3764	
1520	800	0	1504	0	0	2160	0	624	3476	
1280	1200	0	4	640	192	1392	276	784	4316	
0	0	640	1024	332	832	0	2928	0	4328	 ***
2224	1636	640	192	0	0	2160	0	2000	1232	
0	80	416	1392	640	2352	0	0	2272	2932	
1872	800	164	304	0	0	2192	0	4392	360	
1712	1760	4	192	0	0	2832	0	3392	192	

