#404	511	30	173	0	0	1007	491	91	1023	 ***
#4	374	8	178	167	167	934	101	774	1023	
#21	251	54	109	276	0	332	1023	727	937	
#31	406	202	434	76	30	1023	367	990	171	
#246	61	252	4	8	60	282	1023	797	997	
#278	278	335	76	61	274	145	266	994	1023	

389	138	274	188	0	0	779	1023	383	213	
419	511	46	158	0	8	950	369	151	775	
160	0	179	118	323	328	1020	0	236	1023	
0	511	263	199	190	42	304	191	680	1007	
400	122	34	158	0	259	785	385	221	1023	
95	511	0	45	282	391	438	215	1016	394	
164	137	61	402	0	0	946	491	163	1023	
389	145	152	152	0	0	945	1023	212	369	
511	485	156	319	402	230	978	0	0	306	 ***
448	0	511	305	313	161	1014	343	292	0	
114	69	0	274	153	42	1023	973	7	732	
151	34	244	252	30	271	795	450	1023	137	
164	370	0	152	106	35	256	794	1023	487	
160	126	156	42	0	274	888	429	289	1023	
511	134	45	196	0	0	1003	369	213	916	
385	259	31	158	0	0	946	1023	460	125	
183	130	45	36	0	0	979	429	1023	562	

361	305	152	355	157	472	627	0	0	1022	 ***
361	297	152	325	165	228	657	244	0	1022	
297	366	396	317	157	253	1023	369	0	273	
328	365	152	317	427	228	1023	248	0	363	
271	297	168	317	187	273	672	0	244	1022	
297	449	274	317	157	238	1023	0	377	319	
511	328	472	317	191	245	872	0	0	515	
324	305	164	364	465	230	1023	0	0	576	
316	297	396	317	157	288	368	38	252	1022	
511	297	152	447	157	260	771	244	244	368	
511	368	160	319	225	230	741	0	0	897	
332	297	156	317	157	230	552	1023	0	387	
312	305	152	317	157	276	1023	0	304	605	
422	297	511	327	157	230	759	0	0	748	

357	290	156	294	217	350	593	0	241	1023	
182	121	408	91	379	511	780	974	75	0	
357	412	152	415	236	365	319	0	244	1021	
357	416	456	430	157	91	319	274	0	1021	
282	95	64	30	23	34	0	951	1021	1021	
387	472	411	355	511	395	319	0	0	671	
0	274	159	347	4	45	1019	652	1021	0	
133	80	216	305	0	133	855	776	1023	0	
90	343	404	257	213	320	46	827	1021	0	
327	290	274	298	65	410	319	516	0	1022	
152	38	304	84	122	499	312	286	701	1023	
511	427	242	355	157	395	563	0	0	871	
141	429	76	175	259	376	640	152	252	1021	
60	434	0	277	186	424	30	791	1023	296	
128	69	68	503	294	402	0	1020	15	1022	
256	57	309	60	339	0	1020	200	747	533	
126	8	304	511	76	106	75	809	552	954	
357	404	160	477	511	395	486	0	0	731	 ***
155	88	381	376	190	304	289	715	0	1023	
477	290	426	355	157	350	323	122	0	1021	

30	198	68	95	23	395	83	166	853	1021	
23	150	15	122	193	12	137	892	365	1023	
145	121	320	252	275	182	34	90	490	1023	
0	64	153	258	332	511	952	582	0	80	
30	304	129	186	76	502	0	0	685	1020	
113	434	220	374	511	151	60	259	0	810	
113	419	160	404	87	166	319	0	243	1021	
221	511	0	72	0	334	553	64	183	994	
392	68	254	98	259	333	0	431	77	1020	
23	166	0	152	396	511	76	246	342	1020	
173	404	347	404	511	166	304	0	0	623	
219	471	45	413	267	382	0	0	1021	114	
113	438	281	404	511	288	304	0	0	593	
280	404	511	408	215	151	323	0	0	640	
60	195	197	0	511	0	0	1010	959	0	 ***
234	438	130	419	511	288	304	0	0	608	
173	465	175	404	239	151	304	0	0	1021	
113	404	236	446	511	151	384	0	0	687	
217	90	343	100	242	0	319	357	244	1020	
8	0	358	193	0	433	689	0	1023	228	
113	404	160	511	254	395	304	0	0	791	
0	303	15	145	0	60	365	1022	1022	0	
58	426	274	0	60	15	60	756	263	1020	
113	404	220	404	209	227	60	0	274	1021	
189	404	160	408	511	151	75	293	0	741	

143	150	180	0	312	105	0	857	1023	0	
75	105	195	0	405	0	381	586	1023	0	
210	165	511	30	328	120	0	629	777	0	
60	135	90	0	358	60	137	1018	563	349	
120	135	105	0	511	45	0	556	902	396	
99	135	150	463	511	0	0	635	777	0	 ***
90	350	60	75	60	75	977	1023	60	0	
121	165	135	0	448	511	0	568	822	0	
30	60	165	91	15	0	304	1023	1022	60	
180	120	75	0	358	30	152	1018	503	334	
0	0	75	135	151	0	75	289	1022	1023	
60	195	105	60	328	30	396	1019	577	0	
60	424	196	15	511	0	344	657	563	0	
75	165	154	99	511	75	0	884	807	0	

45	150	94	15	75	76	1023	304	91	807	
30	91	0	364	15	511	120	0	532	1017	
19	75	135	75	440	0	411	1022	503	0	
30	75	135	357	440	0	0	620	1023	0	
0	293	15	511	38	121	1018	0	60	624	
15	75	135	75	470	15	1023	247	625	0	
121	30	105	511	30	45	105	91	1017	625	
182	75	379	75	440	0	1023	368	138	0	
15	45	135	75	470	4	15	1022	503	396	
105	62	60	511	90	90	274	977	511	0	
15	75	135	90	470	0	628	244	1023	0	
105	0	511	0	364	0	170	1013	517	0	 ***
15	75	165	75	448	0	1023	376	503	0	
15	90	165	511	440	0	0	712	747	0	

120	60	80	0	370	5	227	688	1023	0	
105	15	511	30	124	0	113	94	579	1002	
53	75	335	60	0	511	474	1016	49	0	
105	15	511	45	368	0	106	729	121	573	
106	0	511	4	364	60	837	517	174	0	
30	90	505	79	242	507	1022	0	98	0	
49	30	511	64	278	105	34	1013	60	429	
61	30	511	75	364	4	1014	392	60	62	
187	5	76	34	353	0	226	669	1023	0	
293	45	120	511	90	60	490	0	964	0	 ***
150	9	81	245	505	0	166	303	91	1023	
60	511	30	4	45	280	60	415	1009	159	
60	45	49	0	34	139	244	168	1023	811	
124	164	73	45	368	0	543	1023	233	0	
135	4	379	76	511	15	211	658	584	0	
113	30	202	0	364	4	168	669	1023	0	
109	0	68	0	395	45	176	661	96	1023	
94	30	94	60	30	0	1023	772	350	120	
65	79	92	0	0	185	964	1023	135	30	
188	30	40	34	432	0	612	1023	214	0	
15	90	15	0	180	94	1023	167	989	0	
180	0	34	0	349	8	226	1022	217	537	
105	511	101	4	415	16	515	688	218	0	
80	19	42	60	349	122	234	1023	385	259	

293	45	196	511	120	198	644	286	568	182	
323	167	83	231	136	60	584	436	1023	0	
301	45	197	181	158	165	399	1023	574	0	
420	45	136	511	121	272	629	365	544	0	
275	79	211	275	0	511	76	269	983	364	
415	45	105	306	90	90	1023	0	686	283	
413	60	75	511	456	123	225	244	229	707	
415	98	260	402	511	103	612	0	642	0	
293	113	511	203	105	190	662	0	600	366	
301	45	165	511	128	60	819	156	544	314	
487	201	494	81	90	76	259	196	1023	136	
413	45	102	170	457	60	613	0	1023	160	
303	53	135	452	150	150	1023	0	777	0	 ***
507	60	75	511	105	158	705	156	758	8	
30	414	380	30	0	34	1003	106	23	1023	
309	45	83	511	212	60	697	38	566	522	
135	30	334	511	149	259	188	1010	427	0	

30	140	442	304	155	379	1023	268	91	61	
301	53	135	452	70	105	1023	0	754	0	 ***
303	83	135	452	38	79	1022	0	537	244	
78	94	38	503	274	60	135	548	140	1023	
511	15	0	342	114	336	1014	166	46	349	
316	63	135	452	91	511	632	0	693	0	
331	53	204	452	47	79	1023	0	704	0	
316	55	120	482	91	136	1023	374	296	0	
301	55	135	448	91	120	1023	374	346	0	
197	34	369	196	60	125	1023	451	164	274	
34	143	365	150	32	152	75	1023	320	599	

423	511	105	241	53	135	689	0	403	0	
335	53	120	181	53	109	1023	378	308	0	
324	102	105	159	55	105	1023	91	228	368	
346	60	113	163	54	107	433	261	1023	0	
315	53	150	289	55	105	1023	248	322	0	
362	53	105	224	75	120	1023	252	344	2	
311	53	105	163	98	113	205	1023	489	0	
301	59	239	179	511	107	365	0	799	0	 ***
83	0	60	91	508	97	132	566	1023	0	
301	237	105	163	97	128	1023	0	506	0	
175	42	38	30	30	138	591	83	410	1023	
301	53	105	163	173	92	1023	0	280	370	

79	281	0	393	120	79	1023	33	326	102	
286	72	239	251	511	108	570	0	399	0	
396	511	38	121	68	15	30	188	1009	60	
15	91	90	38	45	57	1023	258	66	753	
286	57	231	177	262	78	322	0	1023	0	
330	57	246	165	511	119	350	0	658	0	
0	151	127	511	15	0	415	38	159	1020	
278	47	291	75	511	16	36	99	60	1023	
511	19	0	33	60	57	0	1016	61	679	
61	511	182	72	328	60	878	166	60	118	
60	179	34	123	256	189	1023	0	572	0	 ***
16	158	361	49	491	124	1023	65	149	0	
301	78	231	178	511	78	637	8	414	0	

70	179	64	133	256	196	400	1023	156	0	
127	16	0	45	149	39	0	186	892	1023	
92	185	57	124	271	185	1023	126	414	0	
146	179	34	511	275	204	344	0	784	0	
64	511	319	29	169	93	126	12	1018	136	
68	179	34	128	271	185	1023	10	138	441	
80	187	38	121	256	200	1023	173	399	0	
4	24	34	400	183	94	496	53	1023	166	
57	98	45	261	187	86	506	154	60	1023	
30	54	60	27	224	59	861	0	1023	139	
34	114	64	34	16	34	1023	163	905	90	
42	511	202	0	392	94	226	23	0	987	
20	29	40	45	20	215	1023	128	53	904	
144	4	511	14	55	15	1023	50	213	448	
60	15	0	63	468	511	1018	87	160	95	
119	77	197	113	0	73	385	323	1023	167	
79	185	46	93	258	511	706	0	599	0	 ***

79	305	46	280	277	511	284	402	108	246	
60	29	201	301	263	511	883	94	147	49	
135	63	106	108	317	366	1023	0	130	290	
105	108	0	64	320	511	1023	19	74	314	
100	180	46	322	257	511	856	0	92	174	
0	0	30	106	61	19	128	153	1023	1018	
511	179	200	221	257	231	299	0	640	0	
59	47	126	252	62	0	746	1023	83	140	
511	242	75	60	34	87	999	0	432	98	
275	179	46	65	362	511	361	4	141	594	
511	60	15	510	75	0	1022	223	122	0	
87	114	46	108	392	185	453	130	1023	0	
90	23	38	198	41	511	209	387	34	1007	
21	301	28	43	77	511	970	380	147	60	
8	185	166	282	10	72	34	1023	758	0	
75	57	50	168	454	280	431	0	1023	0	 ***
245	122	34	0	51	124	857	49	33	1023	
55	19	34	209	124	511	138	139	286	1023	
1	289	116	308	42	511	800	265	137	69	
491	21	106	0	30	55	868	188	581	198	
99	98	0	42	75	346	1023	15	739	101	

71	175	61	124	453	172	376	534	1023	0	
243	59	80	336	457	156	635	0	1023	0	 ***
429	45	231	154	331	337	1023	0	439	0	
208	61	46	132	483	231	410	395	1023	0	
151	122	72	106	61	85	1023	179	246	944	
4	166	184	54	32	216	964	205	1023	141	
109	49	50	413	376	160	1022	246	564	0	
235	156	0	34	0	143	186	200	1023	1012	
182	76	274	511	15	60	191	60	979	641	
45	0	511	244	60	79	826	0	201	1023	
347	15	19	262	197	4	1001	61	1023	60	
76	79	84	124	214	158	455	776	1023	0	
184	15	30	270	213	197	0	178	1023	879	
158	0	23	69	224	137	76	1023	1023	256	
227	49	46	128	270	239	314	259	1023	434	
199	30	15	216	98	511	943	65	122	790	
198	31	139	152	200	169	113	259	1023	705	
30	0	65	258	0	511	1009	244	46	826	
23	253	49	110	175	237	1023	68	760	291	
15	49	170	204	453	156	410	0	1023	509	
77	45	106	98	205	132	259	30	1023	1014	
34	109	343	276	453	192	560	0	1022	0	

501	59	80	246	269	169	627	0	1023	0	
61	259	4	0	122	0	1012	394	1023	99	
182	59	103	306	472	212	1022	0	618	0	 ***
0	258	4	60	396	511	0	624	112	1009	
242	59	339	511	480	311	604	0	428	0	
242	59	99	246	272	143	1022	15	511	365	
209	119	80	235	209	122	1023	289	567	121	
190	76	80	261	457	152	330	0	405	1023	
275	119	91	276	457	137	596	0	1023	0	
269	59	510	246	273	137	360	0	489	631	
306	67	91	262	213	137	360	515	1023	0	
474	15	171	61	430	8	307	124	1023	361	
292	431	78	361	511	136	0	144	0	1021	
182	86	80	265	453	137	339	1023	409	0	
304	15	15	74	217	105	727	182	1023	312	
273	59	80	511	209	137	311	185	401	808	

342	171	256	335	19	75	1022	0	31	501	
315	126	73	371	318	85	1023	0	441	0	
4	122	122	122	69	261	1022	395	0	635	
122	170	61	8	490	464	1023	102	312	0	
4	267	60	0	0	220	746	308	1023	124	
334	275	0	510	0	130	1022	137	216	128	
23	30	212	72	30	75	875	80	1023	332	
65	8	12	90	0	511	994	426	338	308	
60	30	279	366	4	435	1023	275	91	189	
167	82	511	261	260	60	236	0	362	813	
182	51	73	288	349	36	1022	357	394	0	
122	6	83	73	4	192	1023	171	927	151	
182	51	88	338	228	123	323	0	396	1023	
284	75	191	15	289	8	1023	570	297	0	
0	243	511	8	354	475	256	905	0	0	 ***
202	130	4	185	127	230	738	113	1023	0	
306	69	83	274	0	198	350	449	1023	0	
250	51	73	250	511	183	593	0	841	0	
90	282	507	126	122	0	1023	216	309	77	
190	122	15	511	0	0	605	289	1020	0	
272	511	60	249	8	65	64	328	1021	174	
8	511	341	160	167	339	1010	90	126	0	
160	191	0	219	36	278	1022	196	650	0	
441	0	507	249	271	0	46	215	0	1023	
338	274	0	60	64	69	560	75	1023	289	
73	121	312	14	152	23	1022	398	0	637	
202	53	97	310	284	77	1023	0	706	0	
0	0	135	213	511	0	191	4	1022	676	
317	126	0	75	137	102	1023	316	592	64	
242	87	73	326	379	85	1022	0	538	0	
182	51	194	261	228	240	1023	0	573	0	

0	243	333	8	343	511	475	746	0	0	
4	384	511	60	8	308	129	1013	166	76	
91	6	488	501	173	69	0	1023	308	0	
274	0	91	145	105	267	60	1022	695	0	
282	247	333	8	232	64	471	1022	0	0	
511	281	338	8	232	64	467	758	0	0	
0	76	511	430	38	0	1016	134	304	150	
0	334	333	16	232	124	597	1023	0	0	
91	243	334	102	240	511	496	642	0	0	
19	187	121	0	0	19	195	1023	91	1004	
213	156	144	15	213	10	120	674	91	1023	
0	243	333	8	511	94	847	623	0	0	
4	15	15	510	396	2	271	1022	193	231	
153	12	511	125	308	244	122	939	139	106	
60	12	511	122	107	181	431	971	252	12	
0	511	368	8	232	64	740	736	0	0	
166	0	511	76	510	91	297	733	135	140	
0	243	333	46	232	64	1023	718	0	0	 ***
34	34	8	0	130	349	0	139	943	1022	
220	122	64	117	60	0	1022	623	4	427	
177	16	403	167	259	511	0	1020	0	106	
0	273	333	8	262	511	621	651	0	0	
332	151	466	0	171	94	345	1022	0	78	
0	61	143	4	350	19	372	1023	87	600	
327	60	479	125	382	0	1023	0	138	125	
0	273	511	379	240	94	524	638	0	0	
75	353	128	0	65	61	621	1023	197	136	
244	30	90	137	130	511	1003	198	165	151	
141	60	197	38	30	103	623	1022	76	369	
34	136	122	0	60	4	90	495	1022	696	
126	490	201	121	60	511	305	668	145	32	
126	15	510	30	8	69	115	1009	284	493	

349	334	511	75	8	31	0	1022	434	76	
106	0	244	60	74	120	434	1023	607	172	
30	60	507	60	30	263	539	1022	259	70	
8	510	8	510	91	312	572	829	0	0	
90	45	45	0	8	34	985	1023	8	602	
0	220	304	4	90	159	15	1023	60	965	
0	8	75	289	305	0	787	1022	100	254	
0	68	60	61	0	374	934	320	0	1023	
334	273	158	58	173	8	276	538	1022	0	
0	470	4	244	30	511	396	130	34	1021	
511	53	136	31	75	366	0	1010	259	399	
4	511	30	0	134	90	45	1006	556	464	
289	16	154	0	511	232	278	962	398	0	
0	243	510	433	505	4	535	610	0	0	
304	251	135	54	216	29	1023	828	0	0	
132	404	53	53	396	90	0	689	0	1023	
0	243	263	298	201	338	474	1023	0	0	
8	303	165	54	171	4	489	624	0	1022	
8	509	0	0	0	334	906	60	1023	0	 ***
90	57	0	133	45	278	1022	927	38	250	
0	281	335	510	217	34	448	1015	0	0	
60	30	511	366	162	434	0	974	267	36	
49	124	427	511	312	372	1013	32	0	0	
394	243	413	54	171	4	538	1023	0	0	
0	165	68	511	316	0	252	994	107	427	
8	243	195	46	167	304	1023	854	0	0	
46	75	388	0	511	0	0	839	141	840	
8	243	165	46	511	4	625	964	0	274	

0	0	487	0	0	0	749	1023	75	0	 ***
30	0	0	75	506	45	412	0	1022	244	
0	30	319	0	182	0	780	0	0	1023	
15	90	396	0	0	498	0	312	1023	0	
510	0	0	0	0	0	105	642	1017	60	
90	396	468	0	274	0	54	30	1022	0	
510	0	0	0	364	0	1020	372	68	0	
135	0	30	45	0	511	0	0	1019	594	
167	0	75	0	0	60	0	0	1015	1017	
0	94	0	45	30	511	64	0	1020	570	
364	430	30	0	0	30	122	60	1023	275	
8	198	0	0	0	334	559	212	1023	0	
182	45	30	427	0	60	567	0	1023	0	
0	0	0	372	30	0	0	91	1023	818	
15	0	242	0	30	0	30	1022	995	0	
0	30	257	45	0	0	0	708	1020	274	
38	304	30	90	0	0	759	90	1023	0	
0	60	0	75	506	30	0	0	1023	640	
53	0	244	0	0	319	0	105	1023	590	
0	426	0	137	30	349	334	0	1020	38	
45	460	15	122	60	60	0	549	1023	0	
8	8	0	0	0	334	151	60	1022	751	
8	290	0	0	15	338	418	242	1023	0	
0	45	197	304	0	0	1021	767	0	0	

289	312	0	30	0	145	244	365	512	1022	
137	308	488	53	267	45	128	1022	433	38	
0	38	282	511	244	259	447	1008	130	0	
510	509	374	334	0	8	887	0	297	0	
12	379	30	69	510	0	548	1020	351	0	
274	60	289	113	0	30	628	1022	503	0	
426	113	510	0	50	0	0	870	616	334	
91	27	335	244	0	0	1022	739	461	0	
0	511	30	0	0	503	381	749	632	113	
328	0	165	2	0	366	1023	244	0	791	
0	151	248	511	30	349	622	1008	0	0	
511	0	0	15	90	152	53	1022	347	729	
196	60	0	244	15	4	832	1023	271	274	
334	511	282	8	0	0	1020	109	655	0	
0	0	304	15	267	212	671	1023	0	427	
15	12	360	0	244	0	723	1023	151	391	
511	0	45	349	75	30	949	618	342	0	
0	0	387	244	0	8	449	1023	328	480	
106	319	297	0	259	68	1022	0	833	15	
334	30	373	0	0	190	32	0	1023	937	
511	0	274	0	338	319	327	304	0	846	
212	60	106	45	0	304	0	1023	925	244	
8	105	244	381	0	98	0	1021	911	151	
364	438	0	0	4	511	76	993	503	30	
244	0	53	0	244	120	687	305	1022	244	
0	244	511	0	359	42	61	15	766	921	
259	0	150	282	30	0	640	1023	244	291	
23	30	0	0	45	15	0	1022	796	988	
60	91	496	79	0	510	441	274	938	30	
0	399	297	0	402	396	69	1022	334	0	
510	0	365	182	304	0	0	646	912	0	 ***
0	0	90	226	274	366	0	1023	842	98	
0	122	0	274	334	510	267	867	259	286	
0	244	426	61	0	2	468	1022	444	252	
511	75	30	281	321	0	686	1007	8	0	

511	304	0	397	455	0	244	0	997	304	
511	30	335	167	305	378	304	364	818	0	
511	364	182	248	259	260	94	0	967	327	
511	154	0	366	0	504	259	154	996	268	
511	267	30	15	372	373	324	0	396	924	
23	65	0	2	463	203	618	0	1023	815	
256	274	430	167	244	0	0	1023	818	0	 ***
508	121	312	511	274	0	8	364	810	304	
242	0	304	312	0	313	1023	259	0	759	
0	304	380	400	0	244	130	4	1023	727	
304	61	511	456	0	60	15	1005	792	8	
304	0	244	0	61	8	979	548	45	1023	
305	23	464	60	8	319	1023	1010	0	0	
8	334	244	0	305	60	934	0	304	1023	
0	98	244	145	425	27	627	0	1023	623	
511	0	60	68	75	410	980	0	852	256	
0	260	23	511	30	365	105	426	940	552	
260	0	366	227	308	244	0	661	123	1023	
0	122	75	265	0	244	248	246	1023	989	
392	0	304	197	267	13	366	650	1023	0	

511	312	0	60	4	0	646	965	0	305	
0	511	414	45	274	0	0	699	860	0	
38	417	0	510	0	0	0	974	60	804	
278	426	61	0	98	346	30	0	1023	541	
488	0	0	0	75	511	76	937	716	0	
304	0	121	0	0	511	0	1021	27	819	
0	304	369	152	244	30	286	395	1023	0	
511	45	305	0	382	15	90	578	877	0	
61	0	4	252	75	0	244	122	1023	1022	
90	353	442	60	511	259	69	0	1019	0	
30	0	0	0	496	109	252	756	1023	137	
312	0	0	61	0	511	0	792	1009	118	
511	274	414	0	244	0	0	684	676	0	 ***
68	274	511	8	289	0	0	639	1014	0	
0	30	487	30	0	0	380	854	0	1022	
15	252	373	122	274	0	0	455	1023	289	
0	45	268	0	16	0	1023	1013	438	0	

61	30	0	0	274	0	1007	1022	0	150	
192	274	304	0	244	61	0	1023	446	0	
158	244	350	30	289	30	0	420	1023	0	
132	274	365	0	274	511	0	418	570	0	
364	0	511	0	30	0	334	1000	0	305	
511	394	30	45	0	0	0	1000	61	503	
0	30	60	0	0	0	334	90	1023	1007	
188	244	426	511	259	0	0	349	567	0	
304	15	503	274	151	350	947	0	0	0	
506	259	381	90	244	0	0	357	707	0	
132	304	319	30	244	0	0	1023	492	0	
193	305	349	0	244	511	0	372	570	0	
75	0	0	455	0	15	0	0	978	1021	 ***
511	274	444	0	264	0	0	285	766	0	
511	304	429	0	244	0	0	286	770	0	
15	60	30	60	0	511	740	1007	121	0	
0	60	0	105	0	30	319	0	1009	1021	
511	0	61	60	60	0	0	68	977	807	
0	0	379	0	47	0	1023	1008	87	0	
151	0	0	511	60	0	979	0	599	244	
128	511	335	30	305	0	0	349	886	0	
158	274	380	0	511	0	0	410	811	0	

45	0	19	455	45	15	0	445	672	1022	
113	511	0	478	0	39	0	0	996	581	 ***
34	38	0	286	259	137	0	0	942	1022	

312	4	274	490	0	145	0	0	1023	993	 ***
332	511	370	305	23	15	180	220	305	980	
314	511	385	91	0	38	818	53	1011	20	
0	429	244	150	60	274	1023	461	0	600	
68	121	0	511	0	493	548	0	691	809	
395	38	0	478	76	297	0	0	935	1022	
366	511	60	68	305	75	683	69	90	1014	
68	408	269	495	130	280	0	0	1023	568	
4	244	511	304	349	65	0	1003	0	761	
61	0	486	244	511	61	195	747	0	936	
109	511	320	98	313	30	0	334	960	566	
106	0	244	60	244	511	902	154	16	1004	
38	380	317	95	0	411	1023	68	909	0	
312	0	0	504	8	149	548	0	698	1022	
68	511	248	493	122	214	0	0	935	650	

