#8627.03	31766	29325	0	0	 88 ***
#10209.9	24781	29325	0	0	 85 
#9030.29	28181	29325	0	0	 82 
#9027.82	28784	29325	0	0	 75 
#9034.29	27119	29325	0	0	 73 
#10229.3	22152	29325	0	0	 67 
#10238.6	20708	29325	0	0	 61 
#9419.36	25271	29325	0	0	 50 
#9415.62	25284	29325	0	0	 41 
#10221.8	23751	29325	0	0	 35 
#9141.65	25293	29325	0	0	 34 
#10218.2	24100	29325	0	0	 34 
#9033.27	27199	29325	0	0	 3 
#9630.8	24807	29325	0	0	 2 
#10217.2	24576	29325	0	0	 2 

10101.6	17151	25246	62	2421	 98 
10105.2	18805	25246	57	2333	 97 
8482.57	22349	25246	29	631	 97 
9291.59	17555	25246	62	2537	 95 
9018.61	19499	25246	68	2750	 91 
10099.6	21907	25246	53	1848	 82 
10073.3	17012	25246	83	2906	 79 
10100.4	19265	25246	56	2403	 79 
8487.74	23304	25246	11	334	 79 
8215.5	24140	25246	70	2945	 76 
8485.44	23400	25246	13	350	 75 
7844.44	21765	25246	75	2471	 73 ***
8686.47	21784	25246	71	2209	 72 
10083.4	15888	25246	69	2762	 72 
10111.1	16473	25246	63	2156	 71 
9010.31	18778	25246	73	2402	 71 
9294.77	22380	25246	14	352	 62 
8496.99	22256	25246	33	730	 58 
8899.92	19772	25246	59	2614	 54 
9014.97	19916	25246	54	1988	 54 
9278.24	17156	25246	63	2553	 52 
8491.08	22188	25246	37	755	 50 
8481.71	25550	25246	20	411	 49 
9042.86	19748	25246	62	2597	 48 
9298.4	23042	25246	12	356	 42 
8480.07	18295	25246	76	2414	 37 
10084.3	15838	25246	83	3002	 28 
8920	17671	25246	79	2760	 26 
9297.88	23203	25246	13	409	 25 
9285.17	17656	25246	58	2290	 22 
10109.5	21440	25246	53	2152	 14 
10100.5	19097	25246	55	1978	 11 
8305.5	25919	25246	66	2627	 10 
10092.5	15280	25246	80	2839	 0 

8964.77	19250	26494	33	888	 97 
7876.91	22889	26494	24	851	 94 ***
9058.39	16810	26494	44	1101	 89 
8952.99	18547	26494	40	1065	 79 
8964.81	18752	26494	15	496	 74 
8952.48	17434	26494	44	1507	 54 
7893.97	18027	26494	43	964	 48 
7881.39	21557	26494	27	676	 47 
9333.04	15990	26494	82	2629	 46 
10154.1	17210	26494	37	1042	 38 
8954.66	21733	26494	26	644	 35 
10134	16457	26494	61	2618	 34 
9071.61	18125	26494	18	519	 30 
10154.4	16033	26494	73	2913	 29 
7880.24	19668	26494	31	752	 27 
9539.74	16489	26494	59	2100	 24 
8960.69	16983	26494	38	1057	 24 
8957.96	21247	26494	26	470	 15 
8957.67	17265	26494	36	798	 8 
7877.04	21554	26494	31	626	 7 
7894.84	24492	26494	20	691	 1 

10280.3	15206	29672	52	2418	 99 
8275.49	16395	29672	59	2302	 98 
8006	18960	29672	71	2588	 95 ***
9190.35	15934	29672	44	1020	 93 
9076.69	16561	29672	38	1302	 89 
8588.04	15013	29672	64	2703	 82 
9076.28	14983	29672	65	2681	 77 
8013.74	18984	29672	26	873	 77 
9200.52	14969	29672	57	2289	 76 
9465.36	13883	29672	77	2883	 72 
9664.43	14973	29672	55	2346	 72 
9086.25	18344	29672	26	873	 67 
10269.7	14597	29672	56	2325	 65 
10284.1	17042	29672	26	1192	 65 
9077.04	18419	29672	31	925	 63 
9087.77	16517	29672	28	931	 49 
10285.1	13363	29672	56	2389	 47 
10279.4	14176	29672	55	2390	 47 
8483.47	16908	29672	56	2496	 46 
9467.24	14729	29672	69	2814	 45 
9458.94	14812	29672	77	2612	 45 
9080.04	16308	29672	60	2556	 44 
9081.17	16158	29672	40	1105	 44 
9207.31	16132	29672	31	991	 42 
9663.18	14070	29672	57	2435	 40 
8018.1	21731	29672	16	445	 37 
9082.94	19004	29672	21	993	 36 
9183.13	15651	29672	45	933	 33 
9199.47	18865	29672	15	673	 31 
10280.7	16425	29672	28	931	 30 
8014.36	18992	29672	23	805	 29 
10272.6	15465	29672	43	1263	 28 
9082.67	19580	29672	22	655	 22 
9082.62	16792	29672	33	1019	 21 
10277.8	16291	29672	29	991	 15 
8494.88	15037	29672	66	2303	 9 
9079.25	17809	29672	27	888	 9 
10284.1	14641	29672	54	2362	 5 
10277.7	15032	29672	54	2457	 0 

9519.68	10908	29293	65	2020	 100 
10125.9	11016	29293	56	2137	 95 
9515.82	9742	29293	69	2415	 94 
7858.49	16628	29293	16	370	 89 
10145.9	9980	29293	61	2425	 88 
8532.35	10874	29293	66	2404	 88 
7875.83	15864	29293	20	550	 84 
10133.5	12679	29293	39	1162	 83 
8935.59	13194	29293	30	1010	 83 
8934.71	13364	29293	31	1014	 81 
10123.5	10707	29293	59	2308	 76 
7856.19	15569	29293	24	529	 76 
10134.1	10839	29293	57	2192	 75 
7305.68	12425	29293	70	2712	 75 ***
10116.8	11603	29293	41	1250	 74 
8945.29	14797	29293	19	746	 73 
9520.63	10941	29293	62	1918	 71 
10128.1	11311	29293	51	1984	 71 
8937.52	13724	29293	21	842	 71 
7863.8	16654	29293	12	360	 70 
8714.98	11351	29293	47	1863	 66 
9039.46	13375	29293	29	995	 66 
8936.25	14151	29293	27	889	 65 
8428.35	10232	29293	68	2508	 62 
7903.32	11846	29293	63	2359	 61 
7636.47	13380	29293	61	2086	 59 
8256.21	13551	29293	49	2338	 58 
8937.04	15533	29293	18	716	 55 
8128.04	11673	29293	62	2109	 54 
7857.67	17078	29293	16	502	 46 
8717.53	11227	29293	60	2160	 44 
8939.76	13713	29293	27	843	 44 
8934.73	13675	29293	28	935	 42 
7857.92	15397	29293	23	528	 41 
10130.8	10701	29293	59	2242	 40 
8935.1	13197	29293	30	1010	 39 
8133.35	14324	29293	58	2367	 36 
9047.3	12904	29293	30	1010	 36 
8443.95	11339	29293	64	2455	 32 
7635.69	13906	29293	64	2359	 31 
9543.72	9380	29293	67	2496	 25 
8935.85	14890	29293	27	798	 25 
7857.38	16806	29293	17	422	 24 
9319.65	11216	29293	59	2189	 19 
7855.86	16495	29293	23	467	 9 
7727.6	12272	29293	70	2694	 7 
8234.83	11934	29293	51	2227	 7 
7867.59	12173	29293	63	2008	 4 
7880.16	16526	29293	19	490	 3 

8618.01	13363	27923	8	628	 100 
7413.23	13609	27923	36	1773	 97 ***
8611.41	11306	27923	53	2056	 95 
8137.79	11075	27923	64	2333	 95 
8949.71	11944	27923	37	1771	 84 
8128.57	12787	27923	60	1922	 75 
10025.3	10433	27923	35	1359	 72 
9416.24	11871	27923	34	1451	 71 
10026.1	12624	27923	28	806	 70 
9428.88	11976	27923	33	1665	 62 
10018.1	11871	27923	30	1435	 50 
7872.06	12569	27923	65	2420	 46 
7809.38	14684	27923	31	781	 44 
10022.9	10920	27923	32	1192	 43 
8400.56	12968	27923	12	635	 43 
8033.3	12868	27923	40	1686	 40 
8027.57	12144	27923	62	2340	 39 
8225.18	12665	27923	35	1504	 33 
8152.57	11727	27923	63	2379	 29 
9218.82	11075	27923	36	1771	 27 
8339.98	9990	27923	55	2197	 27 
9420.31	12429	27923	32	1439	 26 
8625.54	12104	27923	34	1607	 26 
9234.14	10937	27923	45	1793	 10 
8399.66	14307	27923	29	658	 7 
10027.8	11589	27923	30	1104	 3 
8227.02	12566	27923	54	1824	 2 
7871.51	13237	27923	61	2085	 0 

8170.81	9404	23299	36	1888	 89 
7694.43	9844	23299	64	2279	 83 
7166.52	10959	23299	64	2141	 80 
7158.16	11273	23299	64	2400	 74 
8063.99	8683	23299	40	1601	 74 
7248.24	11829	23299	16	579	 72 
7248.54	11693	23299	26	616	 50 
7859.92	9948	23299	60	2342	 39 
7247.88	12130	23299	23	582	 26 
7248.85	10586	23299	14	767	 25 
7110.64	11754	23299	65	2247	 17 ***
7248.36	11786	23299	18	593	 10 
7248.01	12187	23299	10	422	 9 

8787.27	11405	22329	43	1890	 99 
9247.05	11989	22329	27	1221	 93 
9238.28	9751	22329	51	2191	 92 
7087.68	14000	22329	17	454	 91 ***
9030.91	11077	22329	47	1874	 90 
8158.25	12040	22329	31	1010	 88 
8154.44	12081	22329	29	980	 83 
8783.84	11635	22329	40	1630	 81 
9246.32	10570	22329	47	1990	 80 
9227.93	11198	22329	43	1411	 73 
8171.35	14228	22329	15	952	 71 
9833.64	12916	22329	25	804	 63 
9849.78	13815	22329	18	877	 60 
9873.85	11750	22329	39	2025	 58 
9873.83	11309	22329	41	1834	 58 
8757.2	11967	22329	29	997	 56 
9030.86	10690	22329	56	1976	 53 
8664.14	10588	22329	57	1853	 51 
7689.64	13213	22329	19	525	 49 
9046.99	11326	22329	44	1878	 48 
7946.61	12339	22329	43	1973	 40 
9828.39	11115	22329	43	1979	 38 
9824.74	11387	22329	42	1702	 38 
8162.13	11466	22329	59	2280	 37 
8754.47	12801	22329	27	835	 37 
9011.97	11157	22329	45	1496	 27 
7839.77	11614	22329	58	1975	 27 
7684.46	13790	22329	19	486	 21 
8616.22	11296	22329	45	1838	 20 
8153.96	12220	22329	48	1934	 11 
7574.83	12768	22329	59	2036	 1 
8233.07	11898	22329	57	2251	 0 

10111	13655	26894	64	2175	 100 
9539.23	13425	26894	67	2378	 100 
7870.97	15930	26894	64	1923	 99 ***
7972.18	16899	26894	22	311	 82 
8323.54	15608	26894	64	2196	 78 
8939.63	13660	26894	66	2213	 70 
9049.56	15383	26894	25	703	 68 
8437.76	14685	26894	31	1009	 63 
8438.58	13787	26894	26	838	 61 
10125.8	16327	26894	23	880	 48 
7975.71	16487	26894	13	330	 46 
10132	15691	26894	22	919	 32 
9064.89	15294	26894	24	712	 26 
8432.04	15520	26894	57	1632	 15 
10116	13447	26894	53	1944	 14 
9523.39	13719	26894	62	2022	 14 
9060.88	13678	26894	65	2168	 4 

9917.82	11841	24404	60	2392	 95 
8849.51	11989	24404	59	2464	 92 
7667.15	12894	24404	21	577	 89 
9907.79	11626	24404	63	2282	 87 
7662.25	13665	24404	10	327	 84 
8851.88	11511	24404	64	2575	 77 
9114.84	11426	24404	65	2606	 65 
8863.01	13592	24404	12	790	 63 
9916.24	11681	24404	61	2308	 59 
9933.29	11077	24404	62	2443	 57 
9951.43	12038	24404	55	2190	 56 
9941.51	12052	24404	57	2256	 54 
8844.29	11621	24404	70	2704	 52 
8729.79	12434	24404	24	1000	 52 
7649.31	13736	24404	20	437	 50 
8859.34	13058	24404	14	781	 49 
7666.48	13524	24404	19	436	 45 
7309.48	13472	24404	64	2232	 41 ***
9921.36	11215	24404	66	2518	 41 
9098.41	11947	24404	61	2205	 33 
7651.99	12055	24404	26	851	 33 
8746.05	13598	24404	12	758	 31 
7653.01	13080	24404	22	971	 29 
9094.79	11441	24404	68	2471	 25 
8744.93	13630	24404	11	743	 23 
9916.07	11859	24404	59	2104	 19 
9317.33	11421	24404	66	2480	 16 
9918.09	11271	24404	58	1969	 14 
9107.14	11730	24404	61	2178	 14 
7655.41	13772	24404	19	451	 11 
8727.65	12668	24404	22	995	 0 

8810.49	13095	24831	52	1782	 100 
8815.86	12918	24831	58	1721	 90 
8690.84	13174	24831	54	1661	 90 
8794.15	12408	24831	61	2075	 89 
7865.3	13522	24831	23	920	 88 
7871.33	13457	24831	23	882	 83 
9072.36	14521	24831	10	624	 82 
9277.63	12283	24831	55	1672	 80 
9877.22	14284	24831	11	750	 77 
9874.91	13395	24831	21	849	 76 
8081.55	13291	24831	22	901	 75 
7989.3	12912	24831	60	2155	 71 
9069.13	12475	24831	57	1649	 70 
8457.5	12895	24831	62	2211	 68 
9277.41	12551	24831	56	1874	 66 
9869.91	11658	24831	56	1741	 64 
9871.93	12562	24831	54	1718	 64 
9876.22	12484	24831	47	1884	 63 
9865.29	11882	24831	63	2181	 60 
9260.48	12780	24831	33	1239	 55 
7271.42	13771	24831	23	922	 50 ***
9872.74	12522	24831	49	1908	 47 
8462.26	13415	24831	13	758	 46 
9875.21	12941	24831	28	1167	 38 
9866.35	12151	24831	56	1698	 33 
8673.27	13181	24831	25	891	 31 
9878.79	13813	24831	11	742	 25 
9272.15	14165	24831	12	807	 22 
9879.4	14184	24831	10	620	 16 

9037.4	14096	23425	15	639	 98 
9852.87	12565	23425	47	1743	 89 
8657.36	14268	23425	8	239	 76 
9837.52	13107	23425	28	1174	 75 
9874.03	13914	23425	22	1056	 74 
7257.8	14134	23425	22	444	 72 
9846.2	12725	23425	49	1792	 71 
8048.79	13992	23425	25	996	 69 
7858.49	14220	23425	21	669	 67 
7255	13858	23425	26	616	 65 ***
9838.56	12368	23425	65	2254	 64 
8049.08	13212	23425	25	715	 53 
9033.28	12780	23425	61	1881	 46 
7355.46	13250	23425	59	1908	 45 
8653.14	14727	23425	8	96	 42 
7836.73	14043	23425	23	485	 39 
8661.62	12785	23425	47	1868	 32 
8047.31	14496	23425	10	231	 24 
8056.56	14289	23425	12	208	 10 
9864.56	11385	23425	51	1555	 6 
9037.72	12438	23425	59	1609	 6 
9849.55	12042	23425	67	2070	 5 
8046.51	14839	23425	16	267	 4 

7841.57	16628	23944	22	691	 88 
8668.15	16683	23944	5	309	 86 
7858.93	15883	23944	6	23	 84 
9868.7	13738	23944	60	1762	 54 
8668.6	16548	23944	5	264	 41 
9838.45	13851	23944	69	2129	 35 
7838.65	16903	23944	22	468	 24 
8650.93	14804	23944	24	703	 14 
7857.53	16795	23944	4	257	 2 
7245.01	15438	23944	23	699	 0 ***

8149.1	16240	25835	54	1371	 96 
9419.68	11862	25835	65	1614	 87 
9412.91	12088	25835	69	1889	 85 
8230.74	16098	25835	27	509	 84 
8236.71	16235	25835	24	703	 81 
8227.43	16349	25835	32	1092	 72 
8034.82	16288	25835	71	1934	 70 
10022.7	13238	25835	60	1215	 65 
8022.08	16970	25835	23	581	 57 ***
9409.89	13061	25835	61	1424	 52 
9245.92	16029	25835	26	773	 48 
10026.7	12630	25835	57	1160	 42 
10029.3	15611	25835	27	742	 38 
10047.4	12783	25835	53	1445	 36 
8835.69	16070	25835	16	161	 31 
10020.3	12485	25835	62	1633	 29 
8839.34	13599	25835	61	1590	 26 
10024.3	13240	25835	59	1184	 16 
9413.73	14143	25835	54	1621	 13 
8841.08	14386	25835	28	757	 11 
9241.35	16036	25835	20	676	 10 
8948.57	12907	25835	63	1222	 6 
8828.21	15678	25835	27	763	 3 
10039	16792	25835	15	564	 1 

9099.51	14637	27228	62	1970	 94 
9346.69	17348	27228	23	918	 82 
10153.3	16043	27228	55	1706	 78 
10160.9	16993	27228	53	1657	 78 
10169.8	15878	27228	53	1915	 75 
8471.41	14125	27228	63	1986	 70 
9348.75	17296	27228	17	564	 70 
9557.98	17111	27228	53	1624	 66 
8173.6	19069	27228	19	270	 64 
8971.42	18380	27228	11	353	 63 
10149.5	17080	27228	34	1328	 61 
7180.17	12480	27228	64	1821	 60 ***
9563.23	16451	27228	54	1619	 57 
8967.01	18681	27228	12	383	 56 
8973.68	17853	27228	21	926	 53 
8963.42	17868	27228	13	272	 52 
10158.6	16002	27228	55	1487	 51 
9343.38	12723	27228	58	1784	 51 
10164.4	16420	27228	53	1610	 49 
8962.51	18748	27228	12	451	 35 
8960.76	15644	27228	58	1571	 33 
10174.1	14379	27228	55	1695	 27 
9553.23	15264	27228	56	1724	 24 
9338.42	14026	27228	60	1723	 23 
10166.3	16645	27228	34	1125	 21 
9353.55	16604	27228	54	1763	 1 

10150.6	12230	26361	15	965	 97 
7217.66	13496	26361	16	479	 94 
7212.85	13508	26361	16	536	 85 
8001.93	13200	26361	11	147	 78 
8262.13	12327	26361	15	965	 77 
7212.52	13619	26361	17	540	 67 ***
7665.23	12934	26361	15	737	 19 
8266.54	12322	26361	15	965	 11 

7945.32	13796	28254	10	208	 98 
7326.72	13121	28254	45	2072	 93 
9017.92	12493	28254	40	1804	 91 
7133.87	13728	28254	20	634	 85 ***
8688.15	12164	28254	71	2395	 80 
7944.66	14472	28254	10	210	 79 
8689.98	12254	28254	68	2290	 75 
10095.6	11610	28254	69	2292	 75 
7153.17	14134	28254	18	589	 71 
7232.98	12702	28254	73	2356	 68 
8209.36	13072	28254	32	1063	 68 
9008.12	12494	28254	58	2199	 64 
9282.7	11570	28254	70	2364	 57 
9296.97	12526	28254	30	1710	 45 
8207.11	12534	28254	38	1516	 43 
7814.08	12992	28254	43	2034	 40 
9009.74	12083	28254	41	2015	 31 
7839.09	12917	28254	69	2243	 26 
7143.12	14481	28254	18	606	 21 
10093.1	13037	28254	28	995	 12 
8095.87	12387	28254	67	2016	 10 
7930.6	13169	28254	17	483	 10 
9286.23	12163	28254	37	1848	 7 
9497.58	11025	28254	71	2395	 5 
9022.62	12038	28254	72	2348	 2 
10096	12299	28254	33	1870	 2 

7816.05	13264	27773	70	2390	 99 
7916.12	13837	27773	19	531	 93 
7127.92	13931	27773	13	526	 87 
8193.9	13218	27773	29	1022	 81 
7840.32	11004	27773	44	1950	 73 
7120.51	13958	27773	16	526	 71 
7128.95	13884	27773	8	435	 70 
7810.08	13568	27773	70	2497	 69 
7109.26	14209	27773	5	310	 66 
7911.45	12490	27773	31	1830	 46 
7107.58	14132	27773	14	483	 42 ***
9475.2	12374	27773	43	1779	 28 
8994.79	13568	27773	22	812	 23 
8207.72	13599	27773	28	1018	 7 

7878	9864	24667	42	1520	 94 
9407.05	9309	24667	33	1222	 92 
7745.84	10245	24667	67	2148	 91 
7871	11348	24667	16	629	 87 
8141.27	9894	24667	21	860	 85 
8128.8	10039	24667	9	592	 79 
7861.4	11166	24667	17	593	 75 
7542.98	10743	24667	41	1730	 68 
7863.96	10055	24667	54	1818	 68 
8040.73	9691	24667	65	2080	 57 
7861.26	11163	24667	18	597	 57 
7524.26	11194	24667	64	1861	 48 ***
7881.34	10933	24667	16	369	 37 
8944.19	9401	24667	35	1493	 34 
9203.36	9046	24667	44	1433	 32 
8237.65	9582	24667	64	2084	 32 
8133.73	9638	24667	60	1410	 31 
9424.3	8663	24667	61	1581	 22 
9421.76	8985	24667	65	1756	 22 
7874.47	11090	24667	18	545	 22 
8120.85	10222	24667	37	1421	 17 

7934.99	10622	20742	12	153	 96 
7330.98	10680	20742	11	334	 93 
5819.41	6877	20742	35	1568	 89 
5723.3	6749	20742	37	1369	 89 
6328.69	6492	20742	65	1915	 88 
5607.19	7180	20742	61	1779	 83 
4867.34	7293	20742	34	1571	 83 ***
7330.86	10337	20742	18	568	 82 
8414.37	10045	20742	17	352	 78 
8142.08	10566	20742	12	153	 75 
7335.84	10565	20742	15	386	 74 
7346.78	10216	20742	16	567	 73 
7330.55	10681	20742	13	183	 61 
7325.89	10528	20742	24	682	 57 
8758.96	9807	20742	19	588	 55 
7948.01	10073	20742	20	592	 54 
5092.75	7166	20742	65	2099	 53 
6359.76	6241	20742	61	2079	 52 
7114.92	6524	20742	58	1937	 52 
6810.01	6303	20742	59	1937	 52 
7203.53	6766	20742	32	1437	 51 
7328.62	10167	20742	23	667	 46 
7331.1	8683	20742	24	737	 41 
7322.14	6597	20742	55	1624	 40 
7949.38	10207	20742	16	567	 39 
7948.94	9947	20742	18	527	 38 
7331.46	10353	20742	16	556	 34 
8742.81	10385	20742	12	153	 32 
7123.98	6178	20742	62	1825	 23 
7331.5	9985	20742	22	663	 7 
7333.67	5799	20742	31	1517	 5 
7325.89	10403	20742	16	567	 0 

8250.39	8971	22469	21	1082	 88 
8635.6	8941	22469	29	1238	 86 
8381.45	8600	22469	45	1686	 83 
7904.69	9607	22469	21	1075	 81 
7254.85	10297	22469	21	1082	 80 
10061.7	8291	22469	58	1860	 77 
7558.89	10081	22469	18	1010	 77 
9249.44	8479	22469	28	1230	 73 
7094.77	10776	22469	6	426	 73 
7452.81	9451	22469	25	1143	 57 
7798.43	9903	22469	16	514	 56 
8640.12	9170	22469	20	1074	 53 
9443.08	8946	22469	20	1074	 40 
8183.61	10641	22469	8	235	 40 
8454.88	8341	22469	37	1426	 37 
10065	9806	22469	11	401	 28 
10047.1	9552	22469	17	695	 24 
6644.23	10006	22469	22	1112	 19 
7191.14	7685	22469	60	1905	 19 
6360.9	8663	22469	30	1212	 15 ***
8070.86	9608	22469	12	768	 15 

10151.4	9322	22941	20	1389	 93 
7532.03	9404	22941	43	884	 93 
7278.22	9886	22941	27	366	 77 
7660.58	9684	22941	16	566	 69 
7083.56	10419	22941	20	353	 67 ***
9340.37	9647	22941	17	603	 62 
7652.94	9839	22941	38	984	 59 
10144.6	9496	22941	16	599	 58 
7670.66	9312	22941	23	736	 50 
8940.34	9635	22941	21	793	 49 
8959.66	9780	22941	15	523	 9 
7643.46	7973	22941	39	1049	 3 

7001	9293	21496	30	548	 94 
7857.26	8207	21496	43	2122	 86 
7016.87	9676	21496	16	329	 86 
5952.13	9088	21496	58	2090	 77 ***
6424.91	11994	21496	54	1798	 61 
6575.16	6408	21496	44	1726	 52 
7001.3	10066	21496	22	480	 33 
8288.5	9118	21496	42	2149	 28 
7833.09	10367	21496	12	279	 4 

9211.95	9135	21882	20	1175	 91 
8127.06	7685	21882	63	2286	 89 
6681.02	11327	21882	16	377	 85 
9213.86	7814	21882	25	1249	 84 
8351.73	8727	21882	39	1529	 79 
5619.79	10956	21882	62	2042	 75 ***
5862.67	10072	21882	19	551	 70 
6529.32	9311	21882	59	2255	 66 
5868.63	10260	21882	17	407	 59 
6687.55	7929	21882	45	1739	 49 
8139.45	10038	21882	15	815	 29 
6924.04	8912	21882	25	672	 25 
8911.06	7802	21882	60	2181	 24 
7988.98	8166	21882	40	1789	 20 
6329.84	9344	21882	43	1617	 18 
8815.48	7898	21882	42	1655	 13 
6417.43	8100	21882	63	2286	 12 
5878.34	9670	21882	30	636	 12 
8613.92	7322	21882	61	2248	 7 

7659.04	11642	24549	63	2351	 96 
7468.82	11656	24549	56	2027	 93 
8243.3	9527	24549	34	1872	 92 
10150.9	10727	24549	30	1316	 84 
7649.63	12565	24549	25	1198	 73 
6852.34	13024	24549	11	208	 71 ***
7657.04	12339	24549	14	246	 69 
9069.94	11842	24549	13	231	 68 
7991.88	11732	24549	28	1537	 67 
8948.54	11707	24549	26	1209	 59 
7177.92	12659	24549	6	47	 50 
8256.38	12651	24549	11	223	 49 
8935.09	11657	24549	30	1781	 41 
7662.35	12230	24549	12	441	 3 
9333.99	11558	24549	29	1487	 2 

8392.93	10284	25922	36	1101	 98 
9449.59	9576	25922	41	1272	 95 
7843.3	10708	25922	38	1698	 95 
8377.42	10093	25922	46	1827	 95 
8244.69	10324	25922	52	1856	 95 
9454.3	10406	25922	33	1730	 85 
9654.92	9589	25922	39	1384	 81 
9446.23	10575	25922	31	1507	 75 
8382.05	10985	25922	15	216	 75 
8040.32	11143	25922	16	515	 72 
6969.99	11530	25922	25	340	 71 
8379.12	9672	25922	61	2097	 69 
8851.32	10586	25922	11	708	 69 
10255	10224	25922	30	1278	 66 
8366.5	9920	25922	64	2150	 64 
9444.01	9680	25922	58	2193	 59 
10253.6	10444	25922	32	1516	 55 
8586.17	10900	25922	11	433	 54 
8093.88	10859	25922	30	1561	 52 
9471.45	9290	25922	63	2258	 52 
10249.4	10573	25922	32	1361	 45 
9187.97	10837	25922	9	403	 43 
8848.98	10644	25922	33	1559	 42 
8850.1	9812	25922	36	1616	 41 
9654.35	9513	25922	61	2119	 38 
8053.76	10620	25922	38	867	 35 
8384.95	10751	25922	29	1456	 29 
8375.01	11561	25922	6	89	 28 
8381.91	11108	25922	23	561	 17 
9659.04	10050	25922	34	1727	 15 
6884.21	10046	25922	56	2044	 15 ***
7588.14	11694	25922	20	593	 6 
7496.17	10646	25922	55	2120	 3 
7579.17	11053	25922	32	804	 2 
7588.63	10950	25922	37	863	 1 

