#36	22	38	33	7	79	0	154	79	299	
#59	37	19	83	103	69	85	47	245	0	 ***

53	32	16	33	60	54	186	151	102	0	
115	42	84	136	20	0	77	73	0	140	
59	22	58	0	0	58	165	256	16	53	
53	0	120	48	83	43	0	12	102	226	
51	32	18	65	44	49	69	36	63	260	
48	36	30	6	8	46	68	148	297	0	
47	52	16	53	44	55	77	268	75	0	
31	0	70	71	56	52	22	19	297	69	
50	48	82	0	0	92	30	28	72	285	
0	23	38	0	18	54	34	240	206	74	
47	38	16	33	108	73	77	47	248	0	
0	32	52	18	18	14	38	46	303	166	
52	34	16	53	47	67	189	30	199	0	
26	0	64	40	43	0	148	82	266	18	
33	32	22	65	54	55	93	287	46	0	
2	29	16	84	44	34	58	83	292	45	
50	49	60	16	26	52	116	20	0	298	
56	50	16	33	60	17	77	39	303	36	
23	0	34	58	24	20	48	158	273	49	
36	46	58	39	120	63	64	0	258	3	
0	7	68	0	64	70	89	174	189	26	
76	52	0	4	10	95	20	113	275	42	
47	66	16	41	60	51	63	41	302	0	
61	28	57	0	36	0	154	272	20	59	
44	65	37	40	84	66	202	0	0	149	 ***

42	52	37	74	102	66	66	0	0	272	 ***
45	30	52	54	50	32	32	58	74	284	
28	38	26	52	8	46	38	70	128	277	
16	4	34	66	16	8	54	237	230	46	
49	54	69	40	56	49	207	0	0	187	
58	64	82	66	65	6	56	286	28	0	
44	97	42	48	102	34	221	0	0	123	
66	88	2	0	79	14	34	29	102	297	
6	38	72	0	42	36	74	119	306	18	
8	96	72	103	46	28	52	0	36	270	
20	62	21	36	24	103	153	2	272	18	
44	52	37	44	68	34	262	52	16	102	
51	0	64	51	8	20	178	46	26	267	
12	90	50	8	10	32	70	275	5	159	

42	84	68	42	86	56	34	0	64	296	
42	52	43	102	102	44	58	32	0	297	
66	6	102	58	30	42	128	0	34	306	
38	84	58	8	98	28	32	64	42	320	
42	52	34	106	72	56	83	32	0	295	
22	32	64	0	172	88	38	86	30	240	
42	60	37	74	78	78	106	0	0	297	
44	52	48	46	54	0	50	65	116	297	
90	52	43	74	102	56	58	0	0	297	
42	84	21	58	70	70	26	64	40	297	
42	55	38	122	78	78	62	0	0	297	
10	40	40	54	104	60	278	0	186	0	 ***

0	0	10	48	64	52	336	128	20	44	
36	24	4	32	32	18	320	34	182	20	
0	64	36	44	62	38	281	90	87	0	
8	0	38	48	108	15	116	0	112	257	
4	0	70	68	40	0	40	82	326	72	
132	128	12	36	26	34	278	0	56	0	
34	60	18	54	18	50	284	8	156	20	
10	8	32	60	116	48	258	8	92	70	
40	0	32	52	108	10	116	0	233	111	
10	4	32	70	108	15	142	0	64	257	
40	26	32	64	100	42	254	0	144	0	
8	20	72	4	80	12	290	64	104	48	
8	43	32	52	104	10	214	159	80	0	
10	9	34	50	100	10	152	257	80	0	
34	66	56	0	64	0	52	18	294	118	
8	6	72	58	100	10	231	133	80	4	
40	0	34	48	148	70	210	0	152	0	 ***
86	8	8	0	100	34	0	284	162	20	

16	40	4	38	30	44	256	8	196	21	
52	16	22	36	78	14	259	16	96	64	
16	50	2	32	70	12	255	34	178	4	
139	72	126	0	53	4	18	181	0	60	
52	84	83	2	0	16	242	130	0	44	
66	16	32	2	46	70	136	279	6	0	
40	0	50	40	78	32	244	0	96	73	
38	44	143	16	70	4	230	62	0	46	
8	46	18	62	14	76	0	80	116	233	
26	44	20	122	4	14	220	203	0	0	 ***
20	24	42	28	157	132	72	0	178	0	
66	36	34	44	130	8	215	0	120	0	
48	0	28	36	116	7	258	0	88	72	
10	10	68	0	36	40	112	142	227	8	
16	122	0	6	12	94	247	72	48	36	

26	38	20	67	4	14	130	67	207	0	
10	38	16	16	32	0	235	186	40	0	
26	38	12	68	4	15	130	198	82	0	
64	0	0	8	48	85	230	24	82	32	
40	8	48	12	50	32	0	253	130	0	
34	4	34	89	4	18	58	177	59	96	
18	48	38	0	16	48	206	173	6	20	
16	14	40	4	12	4	213	206	24	40	
52	16	16	93	9	32	104	251	0	0	
36	47	14	66	6	62	154	188	0	0	
50	64	14	93	12	0	68	216	36	20	
10	48	32	32	39	0	56	226	48	82	
0	122	20	0	8	36	62	92	20	213	
26	38	12	65	5	14	219	64	130	0	
52	0	22	36	11	0	0	183	42	227	
11	76	26	6	60	9	116	269	0	0	
34	38	18	68	6	73	162	174	0	0	
0	8	4	0	95	100	252	70	0	44	
28	40	14	67	4	62	170	188	0	0	
26	41	12	65	4	14	227	136	48	0	
98	0	98	36	0	22	70	8	241	0	
2	0	0	0	0	51	254	50	180	36	 ***
26	38	12	68	6	14	130	72	1	206	

10	0	4	5	19	50	236	104	103	32	
0	1	55	17	123	40	201	126	0	0	 ***
20	42	142	12	24	10	231	26	56	0	
6	0	0	111	1	56	120	62	139	68	
4	111	0	0	4	51	106	82	108	97	
16	0	0	32	0	101	112	57	213	32	
0	2	16	2	8	28	165	50	215	77	
20	1	12	2	1	54	112	78	217	66	
52	40	2	0	37	4	127	243	44	14	
0	117	12	62	8	24	48	208	42	42	
4	3	0	0	16	55	220	139	86	40	
68	32	111	70	4	50	0	186	0	42	
7	18	10	0	0	52	89	46	239	102	
14	25	18	0	40	38	0	244	100	84	
44	32	8	50	43	3	237	146	0	0	
4	6	0	0	8	50	241	69	107	78	
2	29	4	0	20	34	238	110	90	36	
22	8	2	0	0	51	117	110	220	33	
112	55	36	0	48	6	56	48	194	8	
77	14	36	18	8	9	262	102	0	37	
114	37	44	52	44	8	0	20	197	47	
19	41	4	32	11	51	235	72	64	34	
33	45	4	29	10	0	267	119	36	20	
4	1	8	16	0	50	124	53	237	70	

0	101	124	49	18	114	164	129	0	0	 ***
80	18	55	37	14	40	102	111	0	242	
0	20	87	61	10	44	256	109	32	80	
0	1	59	49	139	84	134	125	108	0	
5	138	54	49	104	52	195	32	0	70	
40	6	71	17	43	64	126	114	0	218	
50	69	44	87	66	94	0	215	74	0	
40	18	53	21	139	64	100	152	112	0	
0	14	85	17	22	40	121	142	40	218	
5	51	55	85	38	141	197	127	0	0	
48	1	55	49	143	73	149	115	34	32	
0	22	67	26	14	92	140	115	0	223	
22	5	55	17	6	64	256	191	83	0	
0	42	55	37	38	40	104	148	0	235	
0	2	67	17	6	96	79	170	230	32	
0	6	100	54	146	48	89	146	110	0	

0	42	56	49	18	72	82	87	0	195	
0	48	95	49	14	76	146	173	0	0	
0	95	56	57	15	120	138	120	0	0	
13	55	49	56	0	37	153	195	20	23	
72	31	114	36	1	14	30	90	213	0	
18	59	55	49	18	65	128	209	0	0	
0	45	95	54	86	66	154	101	0	0	
44	125	17	17	22	0	207	56	85	28	
26	13	19	32	0	17	165	23	87	219	
14	25	35	27	70	52	199	143	0	36	
0	41	107	49	14	72	99	185	0	34	
88	13	32	32	49	18	78	44	23	224	
8	45	55	49	26	70	136	212	0	0	
0	57	63	92	14	66	130	179	0	0	
69	38	24	44	38	22	9	230	0	127	
6	58	27	39	40	30	70	229	102	0	
0	54	55	49	18	65	151	209	0	0	 ***
9	0	96	7	28	65	244	96	56	0	

38	4	12	59	11	65	27	20	237	107	
0	56	68	10	18	68	223	86	49	2	
0	68	55	25	18	56	87	217	2	52	
0	66	59	3	14	48	132	196	0	62	
0	44	50	24	14	89	109	196	54	0	
2	44	67	9	34	48	99	217	60	0	
0	64	65	26	16	66	230	63	50	0	
4	56	69	35	123	48	99	146	0	0	
24	6	31	16	70	15	88	226	18	86	
0	46	53	10	46	51	135	55	0	184	
2	52	64	8	38	48	119	197	0	52	
44	6	36	7	51	0	266	54	0	116	
12	36	15	54	10	57	4	127	221	44	
49	44	54	8	14	52	80	219	60	0	
0	44	87	19	14	50	84	217	65	0	
2	143	59	49	22	71	111	123	0	0	
34	48	53	138	32	68	101	106	0	0	
32	44	49	128	14	48	112	119	34	0	
2	60	53	61	14	155	132	103	0	0	 ***
6	95	52	46	8	8	35	53	92	185	
26	0	34	9	24	21	50	250	166	0	
2	48	71	25	34	48	109	201	0	42	
111	44	83	24	16	51	125	78	48	0	

24	16	24	0	40	2	30	265	134	32	
2	32	40	16	54	146	40	189	25	23	
2	70	53	20	14	157	82	40	8	121	
24	43	16	0	0	8	252	54	127	43	
14	41	20	5	30	8	221	31	10	187	
59	35	27	4	0	14	0	264	2	162	
16	60	53	26	18	94	236	24	0	40	
2	50	57	41	22	91	226	41	37	0	
12	23	14	86	27	0	15	262	54	74	
3	60	47	80	14	151	62	48	8	94	
68	0	28	55	74	33	192	93	24	0	
0	13	16	62	46	149	181	17	0	83	
41	60	49	137	18	102	66	36	0	58	
16	55	31	16	12	142	8	119	18	150	
8	60	53	21	14	102	232	41	36	0	
12	27	6	0	114	36	222	36	58	56	
6	32	18	14	46	24	252	39	15	121	
6	73	50	135	22	95	150	36	0	0	
57	60	71	40	4	104	28	153	22	28	
4	66	53	23	125	91	129	76	0	0	 ***
3	64	49	25	24	94	225	45	0	38	
0	68	5	9	90	37	22	44	36	256	
2	112	49	24	15	155	142	36	0	32	
56	64	53	21	14	151	82	90	0	36	
26	36	48	18	44	35	234	32	70	24	

23	58	22	25	143	24	70	13	40	150	
13	14	16	108	16	90	29	256	16	10	
4	49	53	16	27	60	239	34	86	0	
4	48	53	29	30	93	72	198	41	0	
28	30	39	20	17	4	220	97	8	105	
18	46	56	16	32	155	115	130	0	0	 ***
16	48	56	17	26	98	235	32	0	40	
14	42	73	136	27	94	118	64	0	0	
16	55	28	134	15	23	66	21	20	190	
4	50	53	14	28	99	85	33	188	14	
4	48	53	105	30	137	121	35	35	0	
18	32	25	13	139	57	34	41	26	183	
32	60	95	26	10	22	12	237	10	64	
24	13	133	22	9	86	50	198	33	0	
12	39	24	21	24	26	247	145	0	30	
42	58	63	19	127	94	100	65	0	0	
24	43	62	11	51	8	220	89	44	16	
12	50	57	19	32	98	228	35	37	0	
4	144	62	10	29	95	68	118	38	0	
6	56	60	17	124	90	84	32	99	0	
30	56	52	57	131	8	52	140	24	18	
4	94	123	21	27	91	140	68	0	0	
18	22	43	26	10	28	0	149	22	250	
43	58	56	16	124	100	117	54	0	0	
6	77	12	20	29	4	244	119	21	36	
57	0	108	65	33	48	86	138	33	0	
70	66	8	33	6	62	31	259	17	16	
15	40	24	0	148	59	195	44	43	0	
30	71	38	34	153	20	175	10	9	28	

33	20	16	3	6	4	329	56	8	179	
8	80	54	33	51	155	71	82	0	120	
24	32	8	93	2	8	138	297	12	40	
37	18	34	81	47	17	40	280	0	100	
9	61	28	9	7	61	176	260	35	8	
12	46	90	50	37	85	72	34	228	0	
8	70	45	49	35	136	38	27	208	38	
60	36	16	32	6	41	185	232	35	11	
127	4	118	4	2	42	63	22	272	0	
8	17	12	78	2	8	193	310	16	10	
10	60	31	44	44	4	279	139	1	42	
28	2	4	61	20	170	145	28	18	178	
14	76	39	8	26	60	215	90	126	0	
30	51	53	33	19	126	98	197	47	0	
12	78	95	60	28	72	93	216	0	0	
8	47	95	16	45	174	47	132	32	58	
56	46	62	137	51	84	71	147	0	0	 ***
58	68	55	114	20	84	75	180	0	0	
10	46	81	57	23	155	46	72	77	87	
94	44	56	32	35	189	50	122	0	32	
37	37	38	101	6	24	88	314	0	9	
32	140	0	6	36	0	40	130	10	260	
75	47	53	16	70	76	36	52	0	229	
45	53	7	0	22	75	93	254	42	63	

121	48	50	53	53	39	59	216	36	42	
39	94	36	33	61	43	98	227	48	38	
94	0	80	116	23	66	20	106	14	198	
0	67	3	40	107	18	12	236	234	0	
20	36	2	139	67	56	207	58	120	12	
14	46	45	25	0	20	210	193	108	56	
42	46	61	56	51	105	66	85	31	174	
37	52	70	158	104	81	79	136	0	0	 ***
5	10	0	68	105	109	0	6	253	161	
92	34	13	116	58	30	216	72	64	22	
0	6	109	90	28	130	294	39	0	21	
38	48	96	61	111	97	150	83	33	0	
70	46	25	39	57	100	76	62	34	208	
43	48	60	94	51	49	74	111	0	187	
27	62	11	121	74	26	221	61	56	58	
42	114	83	21	58	38	58	126	177	0	
35	52	67	36	77	46	142	181	81	0	
16	12	61	131	73	65	218	35	70	36	
54	82	53	17	54	102	61	78	12	204	
40	116	61	21	63	55	75	74	0	212	
42	78	98	25	71	40	69	98	0	196	
144	35	100	0	110	18	68	40	202	0	
90	83	64	104	93	79	126	78	0	0	
19	72	108	24	0	141	0	63	205	85	
38	82	39	46	51	84	190	153	34	0	
50	16	28	103	104	0	111	56	223	26	
14	14	16	140	12	39	36	62	278	106	
43	36	71	116	92	41	105	194	19	0	
42	48	54	104	53	40	62	77	64	173	
4	55	10	125	99	16	73	68	70	197	
0	136	18	16	56	2	20	0	208	261	
90	48	65	59	18	36	62	154	185	0	
0	33	93	124	51	42	47	56	206	65	
17	0	110	16	116	0	272	90	64	32	
40	46	25	17	85	73	70	220	0	141	
40	50	63	54	54	57	74	66	78	181	
12	26	33	54	46	38	227	229	36	16	
2	58	5	40	73	74	16	221	30	198	
19	44	40	102	0	57	94	218	41	102	
41	41	8	91	13	73	275	17	84	74	
38	56	101	13	110	45	46	94	12	202	
27	21	107	58	21	28	112	252	91	0	
10	32	72	92	68	58	60	257	68	0	
91	46	22	92	47	132	46	66	147	28	
32	36	12	0	9	124	8	220	228	48	
42	63	48	49	52	67	66	227	0	103	

0	12	88	146	8	83	52	64	237	32	
5	52	62	63	101	45	83	70	0	241	
52	64	49	180	32	65	33	128	50	69	
11	52	72	72	99	96	78	242	0	0	
8	64	14	138	82	104	19	0	198	95	
9	88	138	65	99	79	74	68	102	0	
57	83	39	111	18	79	225	74	0	36	
5	52	62	61	73	41	193	151	84	0	
5	58	74	72	99	70	208	136	0	0	 ***
82	48	44	101	6	99	69	0	0	273	
5	52	66	67	101	48	66	72	245	0	
5	52	38	162	99	78	110	142	0	36	
17	56	0	139	46	58	100	18	285	3	
9	52	32	187	99	91	78	76	0	98	
43	54	74	75	101	73	74	228	0	0	
5	88	107	79	101	166	76	100	0	0	
8	14	101	0	4	122	282	57	54	80	
64	126	50	8	0	82	17	46	1	328	
9	88	63	161	101	41	66	68	0	125	
11	52	76	68	99	87	225	104	0	0	
40	76	64	114	16	82	66	225	0	39	
0	49	67	131	4	29	68	219	72	83	
13	119	31	63	99	62	102	192	41	0	
5	65	74	162	101	73	78	164	0	0	
44	71	63	8	39	70	138	208	81	0	
37	42	0	0	12	84	68	158	18	303	
42	118	67	58	85	76	50	197	29	0	

39	28	56	49	63	22	98	112	221	0	
75	28	33	50	62	14	93	112	221	0	
36	7	36	8	120	0	0	309	10	162	
74	0	85	2	152	3	264	72	0	36	
0	0	32	19	92	12	295	42	48	148	
70	68	0	0	188	0	20	288	18	36	
5	52	39	59	95	14	204	120	0	100	
5	28	33	117	65	14	76	112	221	17	
21	0	8	0	0	90	42	108	299	120	
0	44	32	100	8	18	0	0	322	164	 ***
62	42	22	0	100	16	282	96	68	0	
62	18	1	8	48	6	279	207	43	16	
16	34	0	68	4	52	281	28	205	0	
5	52	42	154	82	22	108	223	0	0	
40	12	35	12	60	55	285	77	14	98	
0	66	40	24	56	0	340	58	60	44	
20	0	2	24	36	48	290	248	20	0	
4	56	136	0	36	32	291	63	50	20	
15	70	105	57	69	24	208	140	0	0	
57	0	24	80	6	0	258	207	44	12	
48	58	40	12	56	8	263	66	137	0	
15	56	42	108	67	46	204	150	0	0	
5	32	33	86	61	49	211	114	97	0	
16	124	54	105	16	0	266	0	54	53	
89	145	0	38	0	32	229	0	46	109	
50	80	38	0	16	72	0	306	20	106	
6	52	64	6	23	0	207	259	0	71	
10	42	144	68	0	40	63	277	44	0	
48	148	66	0	0	70	0	22	49	285	
22	28	44	92	4	68	272	140	18	0	
8	62	37	57	61	14	200	184	65	0	

0	36	20	100	16	68	0	0	325	114	
0	36	12	100	8	60	0	0	329	134	
0	76	28	100	18	18	0	0	285	154	
40	40	16	118	8	18	0	0	325	114	
0	112	113	0	14	16	267	0	4	153	
0	44	12	100	16	18	0	0	250	239	 ***

12	26	80	68	20	47	0	0	195	206	
54	90	20	7	80	74	0	72	257	0	
2	4	4	47	40	34	178	28	60	257	
8	17	0	4	13	4	203	265	48	92	
3	52	12	70	56	4	164	0	228	65	
0	20	8	72	30	82	0	0	227	215	
75	0	99	64	56	16	51	4	56	233	
36	24	16	76	16	2	0	87	199	198	
50	56	74	40	8	20	8	81	313	4	
0	4	32	40	19	107	0	222	230	0	 ***
0	24	8	74	16	46	171	0	199	116	
2	20	40	68	20	2	212	0	225	65	
18	24	8	66	16	2	64	32	208	216	
24	8	36	98	0	32	99	84	273	0	
0	56	15	80	50	74	0	0	227	152	
32	40	12	47	16	43	0	32	301	131	

4	0	32	0	24	0	0	36	307	157	
0	0	60	0	0	0	328	4	14	154	
0	4	40	135	23	24	0	196	138	0	
68	10	0	0	0	2	116	318	46	0	
4	0	0	6	0	182	84	234	18	32	
0	4	32	40	31	24	0	208	221	0	
36	20	0	0	14	0	161	329	0	0	
0	8	32	42	23	60	0	164	231	0	
40	0	8	0	36	8	149	0	0	319	
36	4	0	0	48	0	0	0	147	325	
24	8	36	42	23	24	0	223	180	0	
4	28	110	0	42	0	32	272	72	0	
88	4	0	102	0	0	0	316	0	50	
0	4	36	40	31	55	0	163	231	0	
88	0	0	0	0	4	0	328	104	36	
40	179	34	48	0	8	0	241	0	10	
0	16	0	4	52	12	166	310	0	0	
53	8	0	0	6	207	70	216	0	0	
0	84	36	0	0	0	0	0	326	114	 ***
36	36	6	48	8	8	28	141	222	27	
0	16	0	18	38	0	40	301	147	0	
0	6	12	32	32	4	20	111	311	32	
49	2	0	38	0	4	2	303	162	0	
0	4	0	0	44	0	8	326	0	178	

0	0	40	106	64	0	28	0	245	185	
33	24	68	2	18	8	122	68	313	12	
77	4	32	0	0	8	32	190	325	0	
0	131	44	36	44	0	0	72	64	277	
64	78	48	8	37	0	0	68	287	78	
0	112	44	0	32	8	72	42	288	70	
8	48	44	6	32	0	169	56	305	0	
32	0	103	16	80	40	0	116	281	0	
64	0	0	32	18	12	52	121	293	76	
0	52	64	119	0	24	112	297	0	0	 ***
32	0	8	4	52	43	48	102	311	68	
32	8	40	43	36	20	0	8	237	244	
68	28	8	0	40	36	0	42	302	144	
34	0	0	0	16	0	199	100	257	62	
118	36	8	0	16	116	32	40	302	0	
4	48	32	67	16	44	16	72	325	44	
76	72	64	68	4	4	19	14	307	40	
40	0	13	69	8	32	104	66	302	34	
10	32	0	0	48	8	0	70	247	253	
84	44	41	32	0	125	0	12	294	36	
13	36	44	16	82	0	156	0	253	68	
32	154	0	0	44	32	40	0	132	234	
40	0	44	0	76	0	36	294	0	178	
40	0	36	44	52	0	228	0	0	268	
45	68	0	64	18	48	0	32	321	72	
8	32	0	80	71	44	34	70	309	20	
36	48	0	32	137	0	0	255	16	144	
0	40	10	4	48	36	153	40	305	32	
4	24	8	64	40	40	32	48	244	164	
56	43	76	60	113	0	76	0	244	0	
112	40	36	110	48	0	0	45	277	0	
16	72	36	0	46	52	147	299	0	0	
34	0	8	36	32	32	65	16	180	265	
90	48	68	0	38	25	0	0	297	102	
76	36	0	0	0	8	243	233	0	72	

10	84	64	56	0	40	66	182	0	211	
0	4	0	136	68	96	64	84	261	0	
26	0	68	32	104	49	0	233	193	8	
0	64	64	80	0	40	80	273	64	48	
0	125	64	50	8	32	74	288	72	0	
0	60	64	48	6	20	138	292	85	0	
7	60	64	41	0	28	106	75	268	64	
0	120	64	57	12	8	82	273	0	97	
40	58	76	77	0	44	94	267	0	57	
12	70	64	45	18	0	205	219	0	80	
36	56	12	96	0	64	34	0	303	112	
0	78	0	86	0	128	106	199	32	84	
109	139	72	55	0	0	74	196	32	36	
32	100	68	71	8	40	80	274	0	40	
4	76	73	64	0	142	72	282	0	0	
0	0	0	141	0	78	100	10	256	128	
96	54	5	48	111	33	108	258	0	0	
16	48	43	135	82	85	121	183	0	0	
22	8	0	40	0	32	0	261	136	214	
48	75	40	4	2	13	68	257	136	70	
0	38	8	0	7	0	234	0	248	178	
95	32	56	169	83	40	238	0	0	0	 ***
131	56	64	48	77	12	138	187	0	0	
4	60	64	53	5	40	76	295	34	82	

110	0	66	83	88	72	263	0	0	0	
87	0	58	80	100	36	55	0	0	266	
0	50	2	134	90	116	252	0	0	38	
4	43	34	0	0	46	215	296	44	0	
94	0	100	156	74	44	30	184	0	0	
86	0	58	80	72	124	237	0	25	0	
78	8	56	186	70	36	210	0	20	18	
32	97	14	10	0	0	278	64	187	0	
78	6	64	72	69	36	273	0	84	0	
130	16	64	0	0	0	272	0	0	200	 ***
47	0	74	112	68	52	55	274	0	0	
74	8	0	124	32	0	266	16	12	150	
0	80	42	112	0	4	279	16	69	80	
94	0	57	84	70	72	33	0	272	0	
151	0	2	0	32	76	260	0	33	128	
87	0	72	183	120	40	16	0	164	0	
78	0	48	80	119	36	252	42	0	27	
32	66	16	4	42	64	304	122	32	0	
32	44	70	142	64	46	199	13	72	0	
84	33	48	72	70	60	275	0	0	40	
82	0	56	170	68	104	169	9	0	24	

64	16	40	0	0	8	254	0	0	261	
0	76	0	8	8	136	307	0	96	12	
133	16	60	32	0	2	264	0	0	136	
179	8	40	36	0	38	247	95	0	0	
8	32	0	8	18	6	328	0	57	186	
64	8	44	34	0	0	178	0	0	315	
72	16	64	24	132	0	159	0	0	176	
157	24	16	0	8	0	112	0	4	322	
14	89	35	0	161	134	210	0	0	0	 ***
72	25	64	0	0	20	286	0	0	176	
64	0	32	0	32	0	90	257	0	168	
80	161	4	0	40	0	148	210	0	0	

14	98	36	0	98	83	283	102	0	0	
4	4	48	61	56	127	259	36	98	21	
90	48	0	36	62	12	296	134	0	36	
2	24	68	153	0	14	112	0	341	0	
18	28	61	0	44	0	186	72	74	231	
6	64	25	165	42	0	248	70	38	56	
12	0	68	32	12	32	0	320	174	64	
96	32	38	19	42	56	295	30	0	106	
24	43	116	36	159	18	36	40	242	0	
145	36	52	8	32	51	238	72	80	0	
29	48	75	117	173	90	182	0	0	0	 ***
21	68	35	1	110	139	150	0	0	190	
6	2	68	81	0	26	0	38	174	319	
0	85	4	4	24	106	146	66	0	279	
56	0	2	38	8	76	190	264	32	48	
72	68	32	42	26	157	228	34	40	15	
14	103	44	4	110	90	149	0	200	0	
0	4	15	73	12	60	85	299	0	166	
0	6	16	40	80	15	349	138	34	36	
16	51	35	0	106	83	178	0	0	245	
82	74	40	28	140	144	206	0	0	0	
0	38	34	48	2	165	66	6	281	74	
76	161	0	36	32	108	237	0	28	36	
0	0	63	6	82	14	297	51	201	0	
42	0	0	4	24	0	271	70	287	16	

21	40	50	35	131	91	74	0	42	284	
15	119	34	79	130	90	207	0	94	0	
42	74	66	40	64	1	223	220	0	38	
47	73	0	94	26	0	298	70	0	160	
2	68	66	166	35	28	63	104	232	4	
15	72	50	44	96	106	287	0	66	32	
0	106	161	100	8	74	73	212	0	34	
98	72	104	111	110	90	183	0	0	0	 ***
90	72	74	20	12	98	0	309	93	0	
119	40	80	90	111	106	190	0	0	0	
53	72	51	90	116	121	74	191	0	0	
67	40	51	118	144	90	41	217	0	0	
40	0	0	133	8	20	68	72	112	315	
40	72	73	122	98	123	107	32	101	0	
48	40	59	150	118	90	159	0	104	0	
61	0	80	40	32	82	184	263	26	0	
40	58	42	151	13	53	213	16	82	100	
98	40	69	34	181	90	102	0	0	154	
36	0	128	66	145	64	4	2	74	249	
66	78	8	0	162	0	257	53	128	16	
32	8	34	54	36	0	230	49	52	273	
72	58	16	98	135	90	0	211	36	52	
22	51	83	107	115	90	186	0	0	114	
8	32	46	68	49	121	274	36	86	48	

