#80	436	0	240	352	160	84	32	2496	4460	
#192	32	0	0	240	0	644	1664	36	5532	
#2464	512	112	324	84	0	116	3524	320	884	
#32	4	224	1280	112	0	756	5108	0	824	
#164	480	0	0	432	160	36	544	1432	5092	 ***

160	2064	0	80	272	352	2108	2276	240	0	
1744	432	80	80	0	0	2052	712	80	2372	
240	480	0	0	272	272	32	224	480	5552	
160	1312	240	480	336	0	80	2436	2508	0	
32	80	0	352	3060	0	464	80	800	2684	
160	512	0	0	432	1760	36	944	244	3464	
160	1696	0	0	784	160	68	992	244	3448	
160	560	0	0	432	160	68	624	992	4556	
480	512	0	192	464	160	36	912	248	4548	
160	560	80	0	464	160	36	704	884	4504	
80	400	192	160	160	192	4560	0	592	1216	
160	480	32	0	512	512	148	672	248	4788	
160	800	0	32	432	160	68	1024	328	4548	
672	80	240	240	432	80	0	144	4992	672	
36	272	400	240	592	192	0	240	4020	1560	
480	432	628	288	0	160	3052	0	240	2272	
160	512	0	0	752	240	36	4852	312	688	
432	192	272	192	0	0	480	1252	4732	0	 ***
160	276	240	496	0	0	64	2208	2220	1888	

432	512	192	192	112	32	2388	864	3340	0	
720	144	640	64	0	0	192	1744	4368	192	
352	480	112	0	32	112	224	224	4496	2032	
64	352	160	352	160	240	432	2104	3736	464	
64	2228	1940	240	608	400	2152	432	0	0	 ***
256	560	0	400	0	2272	592	80	3904	0	
1776	192	864	192	432	0	480	896	3232	0	
464	192	192	192	80	320	2388	868	3368	0	
512	192	192	112	32	640	3976	900	1508	0	
1472	192	224	432	0	0	512	1088	4144	0	
112	32	464	640	0	1328	1152	384	3872	80	
1072	192	224	192	0	0	480	1184	1564	3156	
752	832	272	224	0	0	4068	868	1048	0	
464	192	224	272	0	0	480	1056	2140	3236	
432	272	192	1616	0	32	1920	1024	2576	0	
0	784	192	480	192	512	352	1184	4208	160	
432	224	192	192	0	32	800	1504	4448	240	
148	560	240	240	32	800	272	224	4620	928	
1536	192	272	432	0	64	832	1504	3232	0	
432	192	544	192	0	80	480	1060	1752	3332	
464	192	192	192	0	0	2004	1728	3292	0	
432	256	544	192	0	880	1968	2020	1772	0	
0	400	464	224	112	192	160	2556	2964	992	
1072	512	192	192	80	0	2384	1060	2572	0	
164	1072	240	416	464	112	80	432	4620	464	
0	80	432	320	384	352	32	240	4480	1744	
1104	192	192	192	0	1264	1716	1056	2348	0	
752	1376	196	224	0	672	1824	864	2156	0	
624	1648	304	912	0	0	480	864	3232	0	
432	256	192	192	0	144	1684	2256	2908	0	
144	560	112	2064	144	480	112	0	4448	0	

64	1280	272	560	1248	320	832	432	4372	0	
864	2080	1988	400	1248	400	1968	432	0	0	
240	1152	320	0	160	352	144	752	304	5956	
112	1376	0	896	0	320	1392	0	1248	4036	
32	112	224	560	112	1712	4932	896	480	320	
64	2880	852	880	608	1696	1936	464	0	0	
64	1440	272	240	608	560	2128	432	0	3636	
160	80	1152	400	896	64	32	832	800	4964	
112	224	32	272	160	976	2032	192	0	5380	
32	832	912	240	608	320	5332	432	0	672	
400	2880	500	80	768	1616	2704	432	0	0	
64	2240	852	1856	608	1040	2096	624	0	0	
320	0	144	1392	80	320	1328	0	5044	752	
64	720	272	1744	768	320	4500	352	640	0	
784	0	64	1280	192	0	5172	656	0	1232	
32	832	464	1456	32	832	400	640	4420	272	
240	720	224	512	704	352	4452	912	0	1264	
1040	464	192	640	64	512	3540	2448	480	0	
64	1440	1568	240	608	960	3508	992	0	0	
64	2912	1428	240	1552	560	2032	592	0	0	
336	2240	1204	240	608	400	3856	496	0	0	
640	2240	404	240	1248	1200	2976	432	0	0	 ***
1232	1104	160	352	832	80	4308	352	0	960	
320	672	432	192	176	304	5220	160	304	1600	
544	672	720	960	80	1024	0	224	384	4772	
512	3332	400	32	160	512	896	1840	640	1056	
192	1408	80	640	288	1552	592	32	0	4596	
0	160	160	160	1184	1312	912	912	496	4084	
560	800	80	384	112	112	512	4404	912	1504	
800	864	0	0	192	416	640	2096	3412	960	
800	1588	192	1152	240	304	3520	64	640	880	
384	32	240	896	32	960	1120	144	4932	640	
784	1504	1268	240	1248	400	2640	1296	0	0	

816	560	160	672	304	2144	4048	800	144	0	
960	0	160	160	640	256	512	4496	1664	800	
64	2496	304	0	1136	992	1408	432	2816	0	
1616	2320	464	160	1136	960	1920	1072	0	0	
64	832	544	0	1136	1600	1296	512	3664	0	
64	912	304	0	1136	2432	3728	432	640	0	
336	2272	400	0	2016	960	2848	816	0	0	
352	960	0	32	384	320	112	5040	112	2336	
64	1440	304	80	416	960	1968	624	80	3712	
816	800	304	160	2000	960	1328	432	2848	0	
64	2496	304	0	1136	960	1328	432	2656	272	
112	1424	304	0	912	1040	0	2400	0	3456	
64	800	496	0	1136	960	3920	512	160	1600	
400	32	64	512	0	1152	4224	1344	640	1280	
1568	1440	384	0	1136	1040	2448	432	0	1200	
64	800	1024	0	2000	1120	1328	464	2848	0	
0	400	32	160	2096	992	5040	384	544	0	
1888	1376	0	80	0	1472	160	432	1120	3120	
64	2016	304	0	1136	1040	2000	432	0	2656	
96	1440	272	720	1216	960	3648	432	864	0	
96	800	304	0	1136	1200	3616	1072	0	1424	
1248	2400	400	0	1136	960	2768	736	0	0	
304	64	832	80	0	0	0	2928	1056	4384	
1568	1440	304	80	1296	960	1488	432	2080	0	
96	2240	400	112	2016	1120	2848	816	0	0	
64	800	304	160	1136	960	3616	432	1424	752	
0	640	320	720	0	0	0	992	1680	5296	 ***
576	560	1312	0	1440	32	5008	0	224	496	
96	800	304	800	1216	960	1376	432	0	3664	
96	2352	1776	0	1776	960	1952	736	0	0	
320	0	0	1616	1472	464	5392	352	32	0	
64	1440	304	0	1216	960	704	592	4368	0	

1184	80	1344	800	0	0	0	1536	960	3520	 ***
80	160	560	880	640	320	0	3216	960	2608	
32	160	1200	832	0	1680	1024	400	4096	0	
0	160	400	800	1760	0	0	1696	1440	3168	
672	432	192	720	320	1424	480	1744	0	3440	
0	112	560	720	112	0	0	3376	880	3664	
80	240	320	880	0	880	0	1152	912	4960	
192	640	800	560	80	352	432	2976	3232	160	
80	912	80	32	944	320	1200	1200	0	4656	
0	560	352	464	0	80	1680	1152	480	4656	
0	992	400	720	160	0	3008	1072	800	2272	
384	1040	192	1200	0	320	4032	1296	960	0	
960	80	320	1040	0	80	3200	1072	512	2160	
720	32	320	880	0	400	3200	992	480	2400	
400	240	480	1360	0	80	3120	1104	640	2000	

144	0	800	160	0	0	2336	992	480	2528	
272	0	912	160	0	0	2336	992	560	2208	
576	0	880	160	0	0	0	1152	960	3712	
112	0	1456	80	0	0	112	1024	960	3696	
112	0	1120	160	0	0	2336	992	592	2128	
160	240	400	1744	704	0	0	624	0	3568	
272	0	960	192	0	0	0	1568	800	3648	 ***
112	0	1472	160	0	32	1904	992	560	2208	
144	0	880	160	160	0	240	1152	560	4144	

320	240	80	560	168	164	160	2640	80	3168	
512	196	1128	192	0	160	0	864	480	4048	
464	0	800	1524	352	0	0	1732	512	2196	
276	112	888	192	0	560	0	992	480	4080	
32	1152	1360	0	1776	0	192	4	68	2996	
272	0	1360	272	0	0	676	1024	2132	1844	
384	1208	1040	512	0	0	0	1700	704	2032	 ***
192	960	4	320	400	640	1312	84	736	2932	
0	80	1812	512	400	672	2580	1284	0	240	

160	1396	832	272	1056	276	800	2336	1108	1440	
464	488	1120	992	640	480	0	1236	352	3904	
544	1128	1040	1152	80	0	0	3524	672	1536	
464	328	960	192	640	240	2336	1156	272	3088	
384	728	960	192	240	0	0	1076	1664	4432	
484	1220	164	640	1152	2336	2080	800	800	0	
2496	168	1680	512	80	320	0	2212	352	1856	
624	248	800	192	480	0	640	2116	2768	1808	
384	1048	1040	352	0	0	2224	1636	352	2640	
644	84	32	320	832	1264	480	1632	1392	2996	
704	2888	1040	272	0	1152	0	1748	352	1520	
1844	240	512	352	0	560	1216	0	3672	1280	
864	600	1120	624	0	0	0	3524	912	2032	 ***
2016	1208	1040	192	0	80	0	2228	432	2480	

1520	356	1728	0	1952	432	0	532	1220	0	 ***
1024	568	1120	432	0	0	2000	1124	432	1040	
864	728	1280	272	0	0	0	1396	304	2896	
1184	568	1200	272	0	0	192	996	432	2896	
1056	568	1360	384	0	0	0	1476	304	2592	
0	80	80	464	352	1280	484	1444	3252	304	
864	600	1120	352	0	80	0	964	432	3328	
864	568	1280	272	0	112	0	2708	928	1008	
864	568	1120	272	0	80	160	2708	304	1664	
864	600	2560	272	0	0	0	996	272	2176	
112	672	4	880	240	320	1268	704	660	2880	
1024	568	1200	432	0	0	0	3044	464	1008	
1104	568	2480	272	0	0	160	1156	272	1728	
1024	568	1120	2048	80	0	0	996	272	1632	

1840	196	1040	0	1072	672	0	740	2644	0	 ***
1072	240	2020	1152	624	0	436	560	1844	256	
240	512	432	1184	80	832	352	1156	3416	0	
32	640	1120	160	320	472	660	0	1472	3328	
352	752	0	320	80	752	2224	904	2192	628	
1840	548	1568	1152	1072	464	0	100	1460	0	
1552	276	1456	0	1264	432	1888	388	948	0	
2532	1024	624	432	432	324	0	0	1796	1040	
1552	164	976	320	1072	432	272	388	2644	384	
832	0	2080	84	320	400	192	852	2768	676	
1024	272	864	0	272	564	192	884	2912	1220	
1552	196	1056	0	1680	432	160	420	2676	32	
1520	196	1568	80	1392	592	32	388	2404	32	
640	756	0	480	80	672	740	3428	1104	304	
1284	720	192	80	160	672	116	1552	3268	160	
0	560	272	944	196	400	1364	1104	3216	148	
1520	516	1008	0	1152	784	0	2068	1156	0	
64	1040	80	464	800	480	0	1040	920	3316	
1520	308	976	0	1360	912	0	420	2676	32	
1520	164	944	320	1392	592	0	532	2708	32	
1520	512	384	0	1040	592	336	2744	1076	0	
488	80	1488	704	1120	32	672	964	1904	752	
992	980	756	384	192	0	356	1280	2912	352	
2744	0	464	80	0	1552	1104	1264	400	596	
992	1072	704	324	64	164	0	2224	2304	356	
1840	324	1008	0	1072	512	32	2692	724	0	
1552	244	976	0	1392	432	480	420	2676	32	
672	80	592	2624	336	0	756	0	2712	432	
400	800	320	404	1376	192	1184	2292	0	1236	

1520	324	752	0	2448	640	0	320	1944	0	
352	320	192	80	320	160	520	3652	1040	1312	
112	192	0	160	0	560	948	912	1764	3300	
240	244	1152	384	992	320	240	720	2948	708	
512	672	480	240	720	240	1236	356	3492	0	
324	480	384	676	324	1184	400	432	3744	0	
240	1200	672	84	192	560	352	676	0	3972	
2656	480	80	32	1124	240	640	2176	0	520	
240	304	560	1128	592	2800	0	1520	644	160	
164	480	240	400	672	192	1268	592	3188	752	
1204	400	384	32	0	192	1200	3976	480	80	
644	1072	992	80	880	484	3204	160	432	0	
1312	404	1120	0	1040	560	0	324	3188	0	
1472	324	640	0	1120	720	0	2560	1112	0	 ***

1552	356	256	0	1280	400	160	612	3188	0	
1584	324	400	80	992	560	160	2336	1368	0	
1392	436	400	64	1120	720	0	484	3188	0	
592	480	196	480	484	592	816	2304	404	1456	
1472	516	368	80	1152	400	80	800	2936	0	
656	432	480	324	672	756	628	0	3856	0	 ***
464	464	832	836	756	272	2036	1200	0	944	
672	836	240	480	1600	464	548	2852	112	0	
384	644	320	64	640	672	624	3400	512	544	
756	0	352	272	320	224	164	3812	304	1600	
1472	356	240	0	1232	512	0	2528	1464	0	
400	1184	164	404	1476	0	32	304	1600	2240	
592	112	240	32	352	224	960	3788	1344	160	
112	432	0	432	480	352	516	1232	352	3896	
564	400	160	688	352	192	1120	2896	552	880	
1472	404	1584	0	1120	400	0	544	2120	160	
1472	516	240	0	1120	400	2304	480	1272	0	
752	80	192	192	0	720	240	3932	1344	352	
1504	404	480	0	1120	400	64	2560	1272	0	
0	560	400	640	912	960	1216	2648	384	84	
996	32	320	0	996	864	628	2240	464	1264	
1472	356	352	32	2528	400	0	960	1704	0	
1632	324	272	0	1120	400	160	2320	1464	112	
320	560	0	160	496	400	228	3976	864	800	
1584	436	240	0	1280	400	0	836	3028	0	
1664	356	1376	0	1120	560	0	1424	1304	0	
1632	548	240	0	1152	400	80	2356	1396	0	
304	656	320	192	192	400	1476	2872	1072	320	
640	2176	256	0	272	0	560	1112	640	2148	

480	432	1124	160	1024	2240	1344	0	2732	0	
832	1152	992	516	432	1396	872	0	3344	0	
32	720	0	244	80	352	2064	240	5164	640	
832	640	320	0	144	160	3340	560	2740	800	
320	512	480	1604	996	2084	1332	0	2208	0	 ***
672	2148	480	964	352	752	1504	752	1912	0	
0	240	992	1236	400	0	320	400	4972	976	
400	352	228	560	960	544	1504	808	3940	240	
1232	432	1120	1492	992	916	1188	0	2160	4	
112	832	84	0	1556	160	3960	1120	1712	0	
516	432	640	1284	352	756	1984	0	1232	2340	
480	704	480	192	356	832	2592	720	3180	0	
324	912	480	164	272	3056	304	1280	2392	352	
512	432	512	164	512	2036	1268	708	3392	0	
400	1072	560	164	836	1792	2612	192	1908	0	
480	1392	832	512	0	1876	240	720	3484	0	
512	432	1072	1124	596	756	1460	0	3584	0	

80	0	832	504	160	160	5352	1472	1280	80	
628	640	512	0	468	0	160	5192	640	1680	
320	436	560	1120	948	1312	1152	0	4072	0	 ***
320	432	1504	1236	1668	1940	1556	0	1264	0	
1040	432	672	1200	1032	1300	992	0	2452	800	
960	1232	804	32	960	0	3068	2384	160	320	
244	1424	516	160	672	320	0	640	1220	4724	
80	32	880	0	0	320	3688	3140	720	1060	
4	1856	800	1588	800	640	320	80	3112	720	
480	432	480	1232	996	1588	1584	0	2552	576	
960	768	640	1232	996	1508	2468	4	1344	0	
960	672	480	1360	836	1024	1152	0	2808	628	
0	0	32	160	0	832	2940	2592	708	2656	
320	1152	484	1440	996	2516	1152	0	1780	80	
352	1264	1124	1200	1076	1328	2788	0	628	160	
196	960	912	80	644	832	3928	2176	192	0	
324	432	480	1200	1156	1508	3252	640	928	0	
1072	596	1072	1200	996	1024	2740	32	1188	0	

1924	0	80	240	1716	80	116	2452	0	3472	
80	36	0	272	2080	480	192	672	4828	1440	
352	436	1200	1280	420	1312	960	0	4120	0	
0	356	560	1748	340	2272	1072	0	3732	0	 ***
80	160	400	720	676	1940	160	240	912	4792	
272	244	512	720	0	0	3252	0	32	5048	
400	832	624	0	32	960	0	676	5116	1440	
0	960	96	272	400	2000	4640	640	1072	0	
720	32	112	944	1476	320	84	1200	5192	0	
0	436	560	1232	1896	1984	880	0	3092	0	
320	628	1232	1120	308	1392	960	0	4120	0	
320	0	2592	4	752	304	0	720	5116	272	
400	356	720	1232	260	1952	1040	0	4120	0	
272	0	324	320	800	0	160	704	1824	5676	
80	388	560	1120	628	1952	992	0	4360	0	

0	884	272	1920	336	2432	352	0	3800	0	
0	1780	704	1472	0	1360	0	720	240	3720	
800	400	160	1700	64	64	240	884	4804	880	
64	432	0	1312	320	0	192	112	6520	1044	
640	64	960	1040	0	800	592	672	4904	324	
112	1236	160	1664	0	752	720	160	5192	0	
240	484	240	1152	416	2912	432	0	4120	0	
1024	1152	1152	80	884	1304	720	0	3680	0	
480	0	0	0	176	912	80	2084	640	5624	
160	912	1236	320	512	672	5352	832	0	0	
0	404	592	1120	176	2432	1152	0	4120	0	 ***
32	80	640	196	0	1200	432	2656	4760	0	
1704	164	240	1120	976	2112	512	0	3168	0	
240	272	80	640	672	1152	0	0	6428	512	
240	720	0	1360	304	112	1424	0	5672	164	
0	2152	320	720	896	0	640	5028	240	0	
304	32	1760	0	0	80	752	2308	4760	0	
0	304	704	1824	880	1720	0	644	0	3920	
112	324	0	272	960	2032	800	544	4952	0	
960	192	800	80	640	720	5560	496	436	112	
0	756	240	1120	144	1552	2948	2836	400	0	
32	160	1712	1136	1832	1392	0	160	3572	0	
816	672	0	1232	80	640	832	516	5048	160	
480	80	1920	752	160	32	3124	3448	0	0	
0	80	432	1344	356	640	992	1792	4360	0	
0	756	400	1920	336	2032	436	0	4116	0	

272	0	1396	640	2192	592	752	224	4088	0	
1184	640	240	1184	1072	160	4380	0	352	944	
432	0	800	240	432	672	752	0	5036	1792	
0	1040	880	0	832	240	1312	272	5068	512	
0	80	80	0	240	0	4688	736	3468	864	
0	400	592	1120	144	2432	992	0	1648	2828	
160	192	640	720	240	1360	80	1296	5148	320	
400	432	1504	1024	720	0	4844	240	992	0	
0	480	272	1440	176	2592	1312	0	3884	0	
752	224	0	352	192	0	960	1520	5116	1040	
0	800	800	1120	160	112	384	1152	5548	80	
320	320	2320	720	112	672	32	704	4956	0	
0	720	272	1120	144	2672	992	0	1456	2780	
240	640	1120	704	1280	0	1472	0	4700	0	
1952	0	64	1232	320	0	464	1600	4044	480	
32	1312	160	672	464	0	1840	640	4316	720	
352	1924	2960	320	240	0	320	0	3816	224	
0	400	272	1120	144	2512	3024	0	2684	0	 ***
0	0	512	512	1152	640	720	1472	32	5116	
400	32	0	832	160	1396	384	1552	4648	752	
0	1680	800	880	240	752	464	112	5036	192	
112	432	0	560	640	112	4476	3504	0	320	
880	144	0	2320	192	0	160	1504	0	4956	
880	352	432	0	80	672	1072	704	4524	1440	
160	320	880	2472	0	160	1216	0	4116	832	
992	0	640	160	640	32	1904	672	5116	0	
240	880	1472	0	0	0	2096	96	5052	320	

720	960	160	0	96	160	1608	560	3736	720	
836	800	0	1204	80	352	672	0	4024	752	
1360	32	1124	592	1040	936	0	480	3156	0	
80	0	4	1680	880	148	1872	32	880	3144	
644	0	992	0	240	0	1252	1904	3656	32	
160	160	1120	1268	324	672	80	32	4504	400	
320	1364	960	916	32	0	544	752	3192	640	
720	352	1504	1516	0	672	0	160	3716	80	
1712	32	276	1360	240	0	3900	1040	160	0	
112	160	0	1916	1444	320	256	432	4080	0	
640	80	352	32	1372	560	1440	80	3892	272	
1236	160	360	800	256	912	1152	1232	2612	0	
0	432	80	992	0	0	4388	1992	160	676	
0	0	0	0	832	1436	244	640	1392	4176	
560	80	0	1044	1280	192	4540	352	0	672	
4	512	480	720	112	592	1884	112	3664	640	
0	912	352	832	144	1232	2988	0	2260	0	
320	640	1072	0	4	0	272	1392	4380	640	
0	672	0	160	80	0	320	784	5132	1572	
832	640	160	0	2020	84	1072	80	0	3832	
672	324	112	480	720	320	0	2340	672	3080	
560	640	80	160	1552	0	1140	320	4156	112	
240	832	0	320	80	480	1404	1504	3540	320	
384	112	960	432	804	80	1784	80	2964	1120	
1772	80	0	272	992	1200	880	2804	720	0	
1480	0	320	800	112	672	3736	1280	320	0	
0	320	272	1604	544	1072	2372	0	2536	0	 ***
964	0	80	1852	720	224	672	0	480	3728	
196	1344	912	32	0	80	1152	0	4172	832	
192	352	32	640	80	960	1120	1136	3804	404	
0	112	832	0	112	832	1344	2096	3392	0	
80	160	272	1040	112	912	1152	0	3816	1176	
80	0	1600	80	692	992	864	4332	0	80	
80	352	272	800	112	920	2144	1312	2728	0	
1352	320	0	720	0	4	640	992	4532	160	
0	80	0	240	320	992	2564	352	2616	1556	
0	160	192	1312	192	752	1264	0	3872	976	
0	752	752	112	240	0	1044	1232	4588	0	
80	544	1040	0	400	32	404	276	4360	1584	
0	320	112	1316	0	240	1760	356	3752	864	
1280	484	160	144	640	0	1560	640	160	3652	

0	240	192	1040	192	240	1184	4164	564	0	
0	560	0	720	160	0	816	640	4920	0	
0	0	0	160	0	0	1424	640	5032	560	
112	1600	480	0	32	0	560	0	5032	0	
0	160	672	548	0	160	5156	1120	0	0	
0	0	0	80	80	432	320	1616	5288	0	
0	240	192	800	896	320	1184	0	564	3620	
480	352	0	240	80	0	0	1604	5060	0	
0	240	352	1600	192	352	1184	0	3896	0	
640	0	80	1872	0	112	4920	0	192	0	
0	0	1840	512	112	160	0	0	5032	160	
352	160	640	720	0	160	0	32	5480	272	
0	240	192	1440	192	240	3412	1536	564	0	
160	276	320	0	464	32	1280	1072	4212	0	
0	240	192	960	192	240	1184	0	3976	832	
0	240	192	1600	352	352	1184	0	3896	0	
160	240	192	880	192	240	3444	1904	564	0	
400	160	640	0	480	0	112	752	5192	80	
0	1120	80	0	0	672	0	1348	4596	0	
0	320	240	240	672	0	832	0	4952	560	
880	160	800	480	0	0	5384	0	112	0	
0	0	640	240	80	80	1280	864	4632	0	
272	400	0	640	0	1152	0	0	5352	0	
0	272	192	800	272	272	1184	4100	724	0	
400	1476	0	0	0	160	112	112	5316	240	
160	0	80	0	192	160	5524	0	756	944	
112	0	1232	640	0	0	5432	0	400	0	
752	240	160	0	0	432	5108	0	1124	0	
0	240	272	1680	192	352	1184	0	3896	0	
0	80	2900	0	0	0	3104	1732	0	0	 ***
160	240	192	800	192	240	1264	4164	564	0	
80	160	640	112	0	160	32	0	5352	1280	
0	240	192	800	272	400	3444	1904	564	0	

0	80	80	400	644	0	2144	3848	1472	112	
2096	720	672	1320	0	0	3348	624	0	0	
1280	80	160	0	0	80	1936	3852	1392	0	
720	160	0	80	352	0	3748	0	0	3720	 ***
0	0	0	0	320	752	480	4572	2656	0	
0	80	3384	112	1040	160	0	800	80	3124	
0	720	0	80	160	112	2660	4	0	5044	
32	240	240	0	1200	0	2704	3724	640	0	
80	80	3256	800	0	32	2144	2228	160	0	

912	640	800	0	0	0	4548	1072	680	80	
704	116	0	160	2728	960	0	1120	2944	0	
640	0	80	464	900	160	1280	0	720	4488	
160	116	640	36	864	800	2032	0	4084	0	
672	32	0	2068	160	800	244	3476	1280	0	
640	80	0	964	640	0	2344	320	240	3504	
800	64	0	80	192	0	2192	0	4116	1288	
160	160	244	1344	228	0	0	880	1680	4036	
640	160	36	80	272	0	1872	0	2464	3208	
80	64	0	640	0	1040	592	244	1620	4452	
0	800	1716	160	752	640	0	0	0	4664	
640	160	80	80	1472	404	1312	80	0	4504	
640	640	0	1780	0	160	1316	3408	788	0	
80	0	192	1072	192	644	0	0	4120	2432	
1440	192	1280	0	192	112	80	1424	0	4012	
720	0	1364	240	752	32	64	404	1072	4084	
672	864	0	2240	548	692	2752	0	0	964	
884	720	192	1472	272	80	0	0	244	4868	
0	80	32	720	1828	752	0	640	4680	0	
944	2400	112	0	240	404	640	2392	0	1600	
640	160	640	2116	352	0	2436	0	1664	724	
1312	752	0	160	0	640	400	32	3256	2180	
0	720	352	0	864	1280	0	2472	0	3044	
720	0	0	2404	512	192	1440	0	640	2824	
640	0	240	80	304	0	3024	0	160	4284	
516	880	1440	1120	512	0	0	672	3592	0	 ***
240	320	640	1312	0	32	160	0	2436	3592	
240	80	112	0	1476	272	1152	1280	0	4120	
800	80	2436	720	192	240	2436	0	0	1828	
916	832	752	0	0	0	1040	5192	0	0	
964	0	0	240	336	1024	3156	0	0	3012	

192	0	2972	2580	80	0	0	640	2896	0	
644	912	1040	1120	512	80	0	1024	4028	0	
720	192	112	4	0	160	160	4884	3128	0	
160	640	1716	0	0	0	1440	4220	432	752	
32	352	80	0	512	640	2400	112	5040	192	
0	32	1600	192	0	272	0	2696	0	4568	
320	352	0	80	1480	32	720	800	4264	1312	
3192	880	720	640	992	0	0	2388	548	0	
0	1680	1072	800	512	0	480	672	4144	0	
0	1876	800	0	640	2132	3832	0	80	0	
0	640	1072	80	480	1712	320	708	4348	0	
160	1312	0	720	0	192	0	800	5672	504	
0	0	160	32	164	0	0	5804	1600	1600	
0	1828	2276	160	80	0	672	2104	2240	0	
192	160	320	32	0	720	160	4296	2692	788	
160	724	2520	0	1152	0	480	0	4292	32	
0	720	832	3220	944	0	0	480	192	2972	
2532	0	720	400	160	0	4760	356	432	0	
0	912	1764	992	996	0	0	1392	3304	0	
400	916	720	960	1396	0	0	1312	3656	0	
4	512	1472	800	1764	640	4168	0	0	0	
352	0	0	884	0	2580	720	4504	0	320	
0	960	880	1040	1320	0	0	4020	1140	0	
800	160	640	2388	0	0	1360	4008	4	0	
0	960	32	0	160	0	800	1400	5816	192	
0	800	1120	752	868	0	0	4436	1384	0	 ***
640	304	2932	80	0	0	0	640	1892	2872	
0	0	432	672	1908	320	800	1364	3832	32	
640	1264	720	880	512	0	472	752	4120	0	
800	3284	0	0	800	80	0	0	32	4364	
32	880	756	800	912	0	0	832	4348	800	
0	244	2148	0	144	1280	640	640	0	4264	
1716	960	80	0	644	464	912	272	4312	0	
80	32	2660	0	0	160	0	3688	0	2740	
912	0	0	0	592	644	1280	80	3708	2144	
720	1360	0	0	192	0	0	4676	320	2092	
0	960	1040	752	512	0	948	992	4156	0	
1568	1876	724	640	992	0	0	2336	1224	0	
112	432	756	1920	640	320	672	0	4508	0	

0	160	992	592	788	0	0	4580	640	1816	
0	160	1072	752	788	0	0	2832	3964	0	 ***
0	1312	2380	320	192	0	0	5012	0	352	
0	160	1280	752	1028	80	0	2144	4124	0	
80	1604	912	0	1152	352	0	3976	784	708	
192	0	1200	272	1188	160	0	4692	1832	32	
672	640	1280	640	2308	1816	2212	0	0	0	
0	992	192	0	0	800	0	3144	3560	880	
84	160	960	272	628	160	2084	5060	160	0	
64	480	560	720	2036	720	864	4124	0	0	
32	320	0	160	0	0	1280	2196	0	5580	
0	164	2036	272	1108	0	0	4448	1540	0	
512	0	640	800	0	1312	0	0	1640	4664	
720	0	0	1120	228	112	272	4376	2548	192	
0	1120	80	640	0	160	192	3048	4100	228	
0	0	1520	272	788	164	0	4740	1444	640	
32	160	640	32	640	0	196	2660	4248	960	
0	32	0	160	640	800	0	1360	6144	432	
672	4	640	704	880	0	1072	2420	2856	320	
0	80	1280	912	1220	0	0	2112	3964	0	
0	1988	1040	832	1460	0	0	2704	1544	0	
160	0	2084	144	1108	160	0	1952	3960	0	

916	32	512	640	1076	640	512	1312	3564	1392	
0	272	160	392	2500	1040	80	3220	160	2772	
352	164	1552	1120	64	32	80	3120	4112	0	
0	320	0	0	960	804	832	512	5728	1440	
0	112	832	0	400	960	2000	880	4100	1312	
1392	0	800	192	640	2260	800	4400	0	112	
256	1632	400	160	320	640	160	3040	3988	0	
432	1360	1840	0	32	112	64	1284	4288	1184	
480	160	640	2612	0	272	3204	272	2956	0	
1120	64	512	0	1664	0	800	1552	4084	800	
400	0	1824	640	224	0	1280	1040	4112	1076	
0	196	1072	720	1312	720	0	2592	3984	0	 ***
196	720	240	992	2000	3012	1492	480	0	1464	
672	1040	352	1124	672	320	0	2064	4352	0	
640	112	320	0	0	1200	3152	272	3988	912	
800	560	1152	0	0	1456	4324	1360	0	944	
320	272	992	1360	756	80	192	2516	4108	0	
0	1616	0	1072	244	432	4500	1380	1352	0	
400	320	832	32	880	0	480	5904	836	912	
560	32	800	1712	1872	640	272	0	4708	0	
1232	484	2580	1120	880	192	0	480	3628	0	
704	400	944	80	832	0	1280	960	4356	1040	
160	192	1072	160	736	0	1364	2400	4512	0	
80	1280	1440	0	800	1424	400	624	4548	0	
880	272	0	0	160	2112	672	960	4384	1156	
32	0	560	192	912	880	112	0	2812	5096	
512	160	1600	720	0	160	640	80	4180	2544	
0	400	1860	704	276	0	4076	1680	0	1600	
800	160	560	352	3028	32	5504	160	0	0	
480	96	800	800	0	640	3504	0	4192	84	
1152	1040	0	160	0	992	3796	0	752	2704	

640	0	160	1904	480	676	192	432	4000	1600	
0	192	992	80	624	1200	640	2432	3924	0	
0	320	2080	996	960	80	432	112	3952	1152	
1668	640	1280	352	240	1472	0	0	4192	240	
1284	32	0	1632	160	560	1460	1152	3804	0	
0	196	1312	720	564	912	0	2432	3948	0	
0	836	992	240	720	720	0	2464	4108	4	
320	224	1156	720	752	720	0	3232	2960	0	
560	512	0	0	0	0	3280	0	4308	1424	
160	192	992	1040	592	720	0	2464	3924	0	
0	192	996	720	1392	1200	0	2624	2960	0	
480	0	0	4	756	832	2112	0	4264	1636	
112	240	0	880	0	2984	160	1504	4204	0	
64	320	320	0	1924	960	0	800	4704	992	
116	640	800	0	0	960	0	1692	4932	944	
912	112	960	1072	0	676	0	0	3368	2984	 ***
672	352	800	1360	0	384	0	0	4564	1952	
1904	0	752	80	1152	1188	4256	0	752	0	
1476	320	960	148	80	32	0	3752	2720	596	

