#9403.71	23752	29325	0	0	 46 
#9015.91	27819	29325	0	0	 45 ***
#10206.7	22799	29325	0	0	 39 
#9152.18	25480	29325	0	0	 11 

8687.34	17089	25246	81	2701	 99 
9488.06	18043	25246	39	1143	 99 
10084.8	17069	25246	81	2845	 82 
8884.4	21191	25246	37	826	 78 
10088	15655	25246	84	3124	 77 
9019.02	17450	25246	45	1799	 75 
7835.22	23422	25246	73	2917	 73 ***
8674.3	20681	25246	63	2595	 66 
10095.8	18594	25246	12	332	 65 
8470.45	21643	25246	55	2646	 46 
8885.28	18909	25246	60	2424	 40 
10100.3	17739	25246	44	1976	 34 
8919.7	18527	25246	64	2738	 30 
9495.77	18309	25246	14	337	 28 
8890.72	18787	25246	12	319	 20 
8424.44	22551	25246	82	2883	 14 
9004.11	18407	25246	77	3062	 13 
10093.5	18299	25246	14	351	 7 
8883.58	20850	25246	51	2578	 4 
9495.62	19133	25246	11	328	 2 

9057	16262	26494	79	2830	 98 
10160.2	17482	26494	20	741	 92 
7876.91	19130	26494	15	463	 86 
9350.6	16642	26494	78	2791	 75 
10148.6	16785	26494	57	2511	 74 
7876.61	20606	26494	20	397	 72 ***
8954.53	18158	26494	40	1004	 59 
8732.16	18299	26494	64	2558	 51 
10145.3	15959	26494	82	2880	 47 
8958.55	19020	26494	16	498	 46 
10154.1	15497	26494	53	2247	 35 
8963.25	17290	26494	22	878	 32 
8963.82	17628	26494	20	741	 31 
10151.5	15775	26494	55	2459	 30 
7877.77	19447	26494	13	231	 25 
8962.23	17930	26494	40	1277	 19 
8954.86	16939	26494	44	1048	 15 

8268.26	15779	29672	51	2478	 98 
9076.24	18163	29672	33	967	 93 
10275.1	13768	29672	74	2742	 91 
10277.4	13919	29672	73	2620	 90 
10270.4	14468	29672	47	2333	 90 
8017.6	17943	29672	68	2093	 88 
8008.39	18345	29672	17	529	 84 ***
10287.4	14368	29672	45	2111	 78 
9089.2	17451	29672	12	558	 77 
10276.8	14461	29672	49	2542	 75 
9085.78	15978	29672	38	1119	 75 
10264.7	14125	29672	72	2589	 74 
9192.38	15391	29672	19	859	 68 
8281.76	17250	29672	50	2343	 66 
8399.13	15878	29672	50	2345	 61 
9079.7	17611	29672	38	1067	 60 
8020.39	18258	29672	18	711	 36 
8475.53	14461	29672	71	2704	 27 
9207.91	13926	29672	74	2834	 27 
10279.6	14124	29672	49	2496	 24 
9084.9	16180	29672	15	895	 14 
9088.89	15879	29672	16	499	 8 
9082.44	18303	29672	15	816	 3 
9088.22	14509	29672	24	783	 2 

7645.67	9834	29293	66	1837	 99 
7857.63	12162	29293	13	456	 67 
9325.45	10731	29293	48	2290	 61 
8245.53	10982	29293	44	2119	 57 
8926.76	10857	29293	41	1676	 57 
7258.39	13810	29293	18	535	 57 ***
10144.2	10034	29293	43	2255	 53 
9051.39	10445	29293	59	2225	 50 
9048.81	11537	29293	36	1117	 49 
7864.08	12108	29293	13	502	 45 
10126.6	10955	29293	40	1703	 43 
7862.31	13571	29293	12	181	 26 
10131.6	11182	29293	37	1815	 13 
10148.1	9693	29293	70	2458	 10 
7857.22	11572	29293	14	460	 10 
10118.8	11004	29293	40	1726	 7 
9512.26	10325	29293	45	2252	 5 

8841.02	11921	27923	12	715	 92 
8835.5	12032	27923	12	715	 91 
7623.58	11356	27923	39	1477	 89 
7772.49	12504	27923	21	711	 84 
9418.72	10572	27923	43	2039	 78 
10029	11231	27923	34	1415	 70 
8839.52	11857	27923	13	730	 69 
8354.45	14388	27923	14	705	 67 
8328.47	11263	27923	64	2119	 64 
9402.97	10029	27923	57	2272	 64 
7165.77	12911	27923	18	573	 64 ***
10007	10289	27923	44	2022	 63 
8809.69	10755	27923	64	2120	 63 
8421.58	10876	27923	37	1881	 57 
8831.79	12012	27923	33	1165	 57 
10022.9	10648	27923	35	1434	 52 
9417.39	11311	27923	36	1119	 45 
8399.77	10905	27923	58	2170	 43 
10033.2	11759	27923	12	715	 39 
8835.67	11513	27923	15	746	 31 
7166.86	12317	27923	22	543	 30 
8935.87	10307	27923	63	2345	 20 
9425.83	10880	27923	35	1378	 16 

9260	8591	23299	39	1485	 97 
6995.99	11086	23299	11	243	 92 
7959.97	9399	23299	69	2506	 91 
6990.26	12620	23299	11	367	 88 
6987.76	12053	23299	16	474	 83 
8177.58	9473	23299	60	2093	 79 
6987.54	10830	23299	20	560	 74 ***
7352.93	10094	23299	65	2385	 66 
8183.24	10920	23299	18	799	 63 
8775.64	9635	23299	54	2094	 61 
8239.62	9253	23299	66	2232	 59 
8186.71	10217	23299	18	677	 59 
9246.78	9283	23299	65	2362	 57 
8197.37	11339	23299	9	419	 56 
7560.83	9816	23299	64	2142	 52 
8658.24	9422	23299	65	2386	 49 
8178.38	10793	23299	28	1022	 47 
6989.29	11963	23299	13	391	 42 
9252.68	9901	23299	44	1902	 40 
6988.43	11088	23299	18	476	 40 
8053.87	10026	23299	48	2062	 33 
6994.43	11685	23299	16	418	 33 
8068.24	9731	23299	67	2232	 28 
8067.05	10551	23299	29	909	 27 
8067.89	9827	23299	45	1722	 19 
6988.35	11749	23299	14	402	 12 
6988.8	11527	23299	17	408	 10 
9867.36	9645	23299	38	1649	 9 
9255.54	10209	23299	32	1168	 6 
7602.84	11790	23299	7	169	 1 

8167.59	10377	22329	16	729	 95 
7548.32	11322	22329	36	1686	 89 
6978.89	13665	22329	46	1924	 75 ***
6979.41	12349	22329	17	520	 72 
7570.99	11321	22329	14	470	 50 
9852.38	10172	22329	39	1719	 44 
9235.33	9529	22329	56	2043	 31 
7579.25	11350	22329	13	372	 31 
8768.48	11748	22329	11	775	 28 
7567.38	12553	22329	12	327	 19 
7578.68	10738	22329	16	519	 13 

10107.6	13012	26894	63	2267	 95 
7862.75	16472	26894	26	838	 94 
8936.86	14152	26894	29	1036	 90 
10130	13809	26894	30	994	 85 
7870.95	14776	26894	18	631	 81 
9313.37	13326	26894	64	2275	 76 
10141.6	16797	26894	15	527	 71 
9515.52	13637	26894	38	1158	 66 
7846.52	15770	26894	64	2120	 43 ***
10128.4	13576	26894	52	1899	 42 
9043.35	15706	26894	16	649	 42 
9038.9	14553	26894	23	1158	 36 
7866.64	15379	26894	27	596	 30 
9050.45	13680	26894	53	1891	 16 
8332.04	14190	26894	29	990	 16 
8332.67	14648	26894	23	940	 11 
8939.01	13857	26894	32	1017	 4 
9043.85	14514	26894	20	662	 0 

9914.63	11110	24404	64	2513	 97 
9923.31	11136	24404	49	2076	 92 
8727.81	12443	24404	17	1162	 89 
9094.16	11923	24404	59	2154	 73 
8827.73	12241	24404	49	1772	 72 
9092.45	11611	24404	66	2624	 69 
8031.39	11952	24404	65	2646	 67 
9314.54	11989	24404	48	2226	 63 
8515.5	12722	24404	47	1826	 63 
9915.7	12400	24404	44	1366	 62 
9124.2	11845	24404	53	2294	 57 
9912.11	10490	24404	68	2430	 53 
8727.68	12556	24404	55	2310	 48 
8835.39	12414	24404	13	623	 48 
8722.2	12643	24404	27	1022	 33 
8832.49	11926	24404	68	2399	 31 
9917.02	11648	24404	46	2049	 31 
7643.51	12794	24404	11	232	 25 ***
9920.33	12073	24404	45	1966	 22 
9927.76	11792	24404	45	1925	 22 
8728.82	12294	24404	56	2398	 22 
9109.67	12137	24404	46	1963	 19 
8740.86	12002	24404	50	2020	 19 
8730.3	12119	24404	63	2301	 19 
9113.56	11199	24404	58	1936	 18 
8045.96	12775	24404	59	2388	 18 
8132.58	12791	24404	51	1956	 9 
9919.88	11642	24404	52	2204	 9 
7919.16	12025	24404	64	2453	 7 
9922.04	11539	24404	46	1905	 1 

8681.38	14278	24831	22	703	 89 
8814.8	12763	24831	51	1658	 86 
9876.93	13856	24831	10	613	 82 
8680.68	14344	24831	14	734	 77 
8684.94	13394	24831	24	1148	 73 
9063.24	12716	24831	52	1913	 71 
8682.08	13876	24831	10	612	 69 
7612.57	13985	24831	61	2198	 62 
9868.96	11696	24831	62	2136	 60 
8798.36	14228	24831	9	608	 51 
8806.78	12559	24831	61	2090	 36 
7605.75	14020	24831	23	520	 35 ***
9274.57	12287	24831	43	1448	 34 
7612.81	12812	24831	28	533	 34 
8682.26	12584	24831	59	1890	 29 
9880.61	13034	24831	13	864	 29 
9268	12536	24831	57	2182	 28 
9873.21	12330	24831	38	1462	 27 
9875.57	14070	24831	6	573	 27 
9879.45	13982	24831	6	532	 18 
7622.59	14685	24831	20	452	 17 
9888.98	11971	24831	35	1501	 12 
9877.93	13557	24831	17	649	 9 
9868.95	12559	24831	36	1583	 3 

7595.53	14393	23425	25	839	 99 
9851.17	13052	23425	48	1457	 96 
7946.29	11997	23425	61	1978	 91 
8155.39	13703	23425	54	1789	 86 
7844.54	12551	23425	63	1974	 83 
8773.48	14266	23425	20	766	 78 
9841.83	13556	23425	51	1273	 77 
8762.94	13038	23425	58	1463	 77 
8773.75	13888	23425	19	591	 72 
8657.98	15233	23425	9	404	 70 
7580.11	14585	23425	19	545	 69 
8775.51	14870	23425	8	400	 65 
9850.82	13838	23425	46	1325	 62 
8656.11	14905	23425	15	730	 56 
8656.26	14044	23425	22	1142	 54 
9838.03	13507	23425	53	2084	 46 
8769.69	12953	23425	55	1867	 46 
9841.23	13709	23425	50	1803	 43 
9850.01	14113	23425	17	832	 40 
9843.79	13207	23425	53	1714	 37 
9839.91	12577	23425	55	2119	 36 
8654.82	14489	23425	23	1095	 34 
8430.68	13595	23425	60	2015	 31 
7579.28	15220	23425	24	812	 24 
9033.59	13392	23425	54	1956	 21 
7975.4	13957	23425	55	1791	 12 
9048.79	13754	23425	51	1632	 3 
7576.16	14288	23425	26	1083	 1 ***

7582.34	17443	23944	9	371	 100 ***
8654.35	17303	23944	13	619	 99 
8655.64	17143	23944	23	725	 94 
9047.45	15607	23944	44	1237	 93 
8047.94	15850	23944	66	1907	 88 
9862.7	14845	23944	47	1588	 88 
8669.33	16060	23944	59	2016	 84 
9057.17	15336	23944	65	1940	 83 
9033.94	15458	23944	65	1949	 80 
8769.71	15220	23944	71	2325	 76 
8656.84	16788	23944	12	745	 75 
8759.4	15659	23944	69	1930	 73 
9845.5	16093	23944	42	796	 72 
9847.77	16291	23944	41	1215	 70 
9241.88	15437	23944	49	1841	 70 
8657.89	16332	23944	29	750	 70 
7588.9	17063	23944	24	729	 69 
9859.33	14573	23944	70	2069	 66 
7583.21	17296	23944	28	767	 66 
9848.91	15038	23944	64	1751	 63 
9074.71	15202	23944	65	1742	 54 
8771.77	17097	23944	9	856	 50 
9052.29	14896	23944	66	2242	 21 
8774.63	16767	23944	28	751	 21 
9867.25	14479	23944	67	2068	 15 
9838.7	16179	23944	43	1413	 13 
9846.82	15085	23944	42	1149	 8 
9849.34	16248	23944	40	998	 8 
9043.41	15926	23944	44	1013	 8 

8943.75	13077	25835	47	1269	 94 
10013.1	11136	25835	59	1803	 92 
8844.43	15019	25835	47	1095	 90 
10022.9	15941	25835	43	1208	 80 
10021	14070	25835	46	1274	 74 
9423.04	15352	25835	46	1269	 74 
10026.7	15059	25835	44	1244	 72 
8619.08	15371	25835	49	1327	 59 
8834.96	16223	25835	30	920	 52 
10028.9	14770	25835	44	1173	 51 
9212.26	15579	25835	44	1164	 49 
7764.98	12961	25835	67	1841	 46 
9217.21	11777	25835	56	1621	 37 
8829.92	13762	25835	49	1421	 36 
7753.31	16355	25835	9	684	 31 ***
8838.76	16177	25835	35	1165	 30 
9215	12897	25835	58	1794	 24 
10021.8	12387	25835	55	1624	 15 
8956.28	16124	25835	26	892	 14 
9417.79	11759	25835	56	1639	 9 
10034.7	14873	25835	42	1165	 2 

8973.04	18054	27228	10	438	 97 
7892.99	17887	27228	24	650	 96 ***
10151.8	16145	27228	51	1843	 89 
10163.4	18735	27228	8	415	 87 
7893.05	17435	27228	18	355	 85 
8965.9	12997	27228	54	1941	 76 
10157.9	16291	27228	27	1239	 71 
8962	17031	27228	25	1203	 70 
8954.07	16225	27228	67	1977	 63 
10156.5	14358	27228	47	1833	 62 
10160.7	16733	27228	26	1119	 58 
8963.22	16994	27228	13	540	 49 
8966.29	17911	27228	11	266	 41 
10153.5	16374	27228	48	1707	 38 
10154.7	16310	27228	45	1605	 38 
10152.3	16740	27228	32	1025	 15 
10157	17596	27228	9	467	 14 
8960.29	16492	27228	59	1481	 9 
10146.9	16247	27228	53	1800	 9 
10158.5	17340	27228	12	298	 6 

10157.9	14309	26361	66	2333	 100 
7300.43	17377	26361	21	724	 95 ***
8488.78	16249	26361	23	1074	 91 
10183.4	13857	26361	63	2536	 85 
10174.8	13457	26361	64	2295	 77 
7893.44	16344	26361	27	688	 77 
10152.2	15515	26361	67	2718	 74 
10168.4	15190	26361	62	2071	 69 
8945.96	14512	26361	71	2551	 67 
7900.46	17593	26361	10	474	 60 
9353.58	14000	26361	78	2845	 54 
9353.02	15683	26361	68	2585	 50 
10173.6	16169	26361	22	1057	 46 
10167.4	15881	26361	64	2203	 44 
7900.66	16610	26361	19	603	 44 
10170.7	14978	26361	62	2158	 33 
7894.73	17986	26361	14	577	 32 
10167.3	14902	26361	65	2429	 29 
9564	12927	26361	70	2607	 11 

8319.65	13335	28254	58	2236	 95 
10106.6	14532	28254	48	1690	 95 
7238.26	16327	28254	13	451	 93 
8093.45	12715	28254	62	2287	 92 
9270	11866	28254	72	2219	 87 
8686.14	13569	28254	52	1852	 85 
7408.28	13099	28254	69	2386	 82 
8130.55	12612	28254	62	1928	 78 
10103.7	13528	28254	49	1562	 70 
8123.32	14190	28254	57	1970	 68 
7592.15	13949	28254	67	1964	 68 
8673.93	11924	28254	71	2165	 61 
9032.58	12539	28254	57	1628	 56 
8191.09	12141	28254	70	2307	 55 
10088.7	11883	28254	55	1604	 54 
10094.2	12674	28254	51	1935	 50 
9501.17	12166	28254	56	1921	 49 
9488.77	13176	28254	52	1576	 47 
9030.96	14590	28254	49	2014	 45 
8902.91	12318	28254	62	2035	 42 
9507.73	11816	28254	58	2187	 41 
8420.72	12639	28254	54	2040	 41 
7229.4	15296	28254	15	258	 40 
9289.06	11966	28254	59	1796	 39 
7229.36	15670	28254	16	513	 37 ***
7840.99	13355	28254	68	2200	 33 
9509.74	12500	28254	55	1882	 30 
8212.48	12655	28254	61	1993	 24 
10098.5	14392	28254	49	2044	 22 
9019.52	12211	28254	61	2017	 22 
10112	14274	28254	46	1356	 19 
7905.1	14955	28254	57	1994	 17 
9294.13	13936	28254	50	2009	 16 
8203.65	12462	28254	63	2023	 14 
9505.24	11932	28254	62	2006	 14 
9032.78	13957	28254	50	1960	 13 
7841.3	13793	28254	63	2301	 5 
7863.89	13669	28254	60	2067	 2 
10096.3	11639	28254	59	1974	 1 
8208.84	12843	28254	61	2294	 1 

8995.4	12925	27773	55	1719	 100 
9264.03	12861	27773	49	1708	 96 
7810.56	14060	27773	62	1621	 96 
9278.64	12028	27773	54	1799	 96 
8286.76	14691	27773	35	1097	 93 
7210.86	15734	27773	16	692	 92 ***
8676.21	13772	27773	56	1947	 87 
8904.85	12752	27773	61	1959	 86 
8408.75	13917	27773	54	1825	 66 
7807.08	14827	27773	17	484	 65 
10076.1	11949	27773	68	2021	 64 
8998.64	12754	27773	58	1798	 64 
9246.85	12049	27773	71	2173	 62 
8987.87	11654	27773	77	2523	 60 
7214.51	15298	27773	4	51	 59 
9015.6	12597	27773	58	1924	 48 
7573.22	12495	27773	74	2492	 41 
10074.7	12441	27773	53	1914	 33 
8291.77	14683	27773	31	1052	 33 
8687.5	12117	27773	66	2381	 21 
8187.41	12272	27773	64	2108	 14 
8379.81	12235	27773	74	2412	 12 
8078.92	13037	27773	57	1809	 2 

7525.56	11067	24667	64	2058	 99 
7241.67	11952	24667	53	1601	 98 
8354.2	11592	24667	32	913	 96 
8843.04	9082	24667	53	1857	 93 
8952.69	11395	24667	27	988	 93 
8955.91	11884	24667	24	751	 90 
8956.66	11387	24667	28	990	 87 
8608.41	9420	24667	67	2122	 86 
8031.72	11569	24667	48	1652	 86 
9221.85	9920	24667	40	1177	 81 
7771.88	12471	24667	15	507	 81 
8840.02	11850	24667	27	1029	 78 
8409.34	11118	24667	48	1548	 74 
7769.05	12646	24667	15	535	 64 
8340.16	9493	24667	50	1682	 60 
8827.37	9281	24667	56	1769	 54 
10017.7	9367	24667	45	1213	 53 
8016.92	11732	24667	47	1527	 53 
10031.9	9550	24667	42	1480	 51 
8840.55	11939	24667	26	739	 50 
8136.64	10187	24667	64	2084	 44 
7763.54	12786	24667	14	719	 43 
7539.01	11663	24667	55	1548	 42 
8023.15	10743	24667	55	2009	 39 
9228.24	9813	24667	48	1502	 39 
8950.37	12342	24667	10	393	 37 
7153.75	11973	24667	16	286	 35 ***
8838.76	12421	24667	14	743	 32 
10023.2	11363	24667	28	1326	 27 
8012.29	10939	24667	49	1592	 19 
8614.14	9816	24667	43	1387	 13 
7736	11533	24667	62	1818	 2 

7555.06	9573	20742	15	370	 98 
8625.26	6897	20742	47	1452	 96 
6135.44	7079	20742	51	1778	 96 
5715.4	6972	20742	57	1944	 93 
7335.92	6419	20742	52	1760	 88 
5638.07	7355	20742	61	1827	 88 
6724.7	6062	20742	58	1978	 88 
8163.65	6776	20742	48	1769	 88 
7560.52	7078	20742	47	1499	 88 
6951.08	9727	20742	18	526	 85 
7556.36	9661	20742	13	418	 83 
5808.99	7733	20742	48	1682	 81 
8630.21	9397	20742	27	640	 80 
6523.55	6371	20742	62	1626	 78 
6526.16	6329	20742	62	2054	 76 
8405.48	6477	20742	50	1785	 76 
6266.67	6563	20742	49	1526	 73 
8027.9	9120	20742	28	648	 65 
5248.6	7427	20742	59	1856	 59 ***
6823.92	7469	20742	45	1218	 52 
6134.3	6440	20742	55	1982	 52 
8635.06	6534	20742	49	1755	 43 
6956.16	10043	20742	14	546	 39 
6956.09	9815	20742	15	427	 37 
6955.51	9835	20742	15	427	 35 
7816.34	6918	20742	46	1451	 25 
7427.84	7280	20742	30	745	 25 
6354.88	8391	20742	44	1558	 24 
7681.19	6247	20742	55	1689	 24 
7555.04	9901	20742	13	302	 24 
6954.98	9999	20742	16	490	 21 
8754.01	6078	20742	56	1994	 17 
7352.59	5935	20742	61	2072	 10 
5462.33	8014	20742	55	1639	 9 
6968.09	9692	20742	24	733	 1 
7936.18	6488	20742	50	1744	 0 

8170.23	8377	22469	60	1905	 90 
8967.28	9987	22469	30	1041	 85 
9433.5	9747	22469	30	1232	 84 
7373.74	11379	22469	27	829	 84 
8033.57	9566	22469	34	1181	 79 
7106.83	10764	22469	29	485	 77 
10046.7	10441	22469	25	640	 74 
7241.47	9623	22469	50	1740	 71 
7544.19	9670	22469	37	1292	 70 
8369.7	9710	22469	32	980	 70 
8029.91	9102	22469	39	1261	 70 
6548.62	10686	22469	39	1282	 70 
8159.21	9552	22469	38	1320	 64 
7825.21	8539	22469	42	1362	 63 
7367.83	9173	22469	50	1675	 62 
8970.52	11990	22469	19	524	 61 
6289.19	11547	22469	25	451	 58 ***
7457.25	9548	22469	46	1620	 57 
8061.16	8430	22469	47	1665	 57 
8981.81	10991	22469	23	518	 55 
7800.32	10025	22469	33	1416	 47 
9445.81	8996	22469	32	1058	 46 
9430.94	8679	22469	38	1226	 40 
7773.24	8869	22469	44	1269	 40 
6784.13	10181	22469	50	1752	 39 
7449.13	9648	22469	49	1688	 38 
8960.84	9544	22469	37	1250	 37 
9239.31	10434	22469	28	967	 30 
6994.66	9344	22469	60	1905	 28 
8830.11	8866	22469	40	1347	 28 
8626.1	8971	22469	40	1347	 25 
8971.38	11524	22469	23	463	 22 
7357.92	10527	22469	31	1157	 16 
8997.58	8850	22469	34	1242	 10 
8646.95	11022	22469	28	925	 5 
8165.83	11375	22469	25	523	 4 
8418.12	8639	22469	41	1386	 3 

8926.88	9050	22941	48	1890	 97 
9326.52	8921	22941	39	2054	 94 
8267.33	11085	22941	33	748	 93 
7674	11326	22941	41	1914	 92 
9537.84	10217	22941	33	2013	 90 
9078.56	9853	22941	39	1895	 89 
8282.1	10119	22941	46	965	 82 
8148.33	10572	22941	41	2154	 81 
8530.43	9860	22941	38	2109	 78 
7476.72	11159	22941	42	854	 78 
7680.76	10495	22941	55	2395	 77 
8736.99	10618	22941	34	1727	 75 
9348.1	10075	22941	34	1711	 71 
9080.52	10587	22941	20	822	 70 
10150.6	9900	22941	37	1927	 69 
8964.4	10082	22941	36	1833	 66 
8269.47	11019	22941	35	915	 66 
8006.53	9924	22941	59	2556	 65 
8519.17	9690	22941	47	2241	 62 
8974.5	10421	22941	35	1559	 61 
8274.87	11163	22941	28	1174	 58 
9078.06	10827	22941	27	857	 52 
8738.4	10477	22941	30	1107	 51 
7340.84	8619	22941	60	2459	 48 
10139.7	10322	22941	27	1620	 40 
8346.93	9740	22941	57	2318	 27 
8746.37	9641	22941	50	2321	 23 
8279.68	11059	22941	33	856	 23 
7885.62	10223	22941	46	2220	 21 
7079.77	11395	22941	40	1881	 21 ***
9537.5	10069	22941	37	1873	 21 
7209.05	12552	22941	26	436	 20 
8276.52	10617	22941	35	1555	 19 
8273.82	12304	22941	25	703	 12 
9080.5	10659	22941	19	762	 10 
8014.35	11674	22941	37	761	 8 
8273.64	10146	22941	36	2004	 5 
8270.62	11543	22941	27	853	 4 

7919.68	9251	21496	36	2000	 94 
7821.9	10644	21496	10	209	 91 
7044.43	9214	21496	38	1869	 90 
8198.3	9650	21496	32	1696	 89 
8404.44	10053	21496	28	1463	 86 
9270.88	9468	21496	30	1542	 80 
7320.3	8664	21496	57	2420	 79 
7469.21	9800	21496	36	1903	 72 
8185.75	8809	21496	35	1795	 71 
8212.46	8453	21496	64	2543	 66 
5865.42	8727	21496	63	2277	 64 ***
8188.63	10018	21496	30	1730	 64 
9266.2	9598	21496	31	1871	 55 
7824.37	10205	21496	13	254	 37 
7820.65	10548	21496	11	227	 31 
7850.88	8971	21496	39	2195	 30 
8698.07	7770	21496	53	2266	 25 
7020.65	10388	21496	15	352	 25 
7018.18	11485	21496	32	843	 13 
8677.48	9807	21496	30	1695	 11 
8675.03	9976	21496	31	1689	 9 

6188.04	6998	21882	60	2188	 95 
5775.95	8594	21882	19	448	 94 
7399.42	8543	21882	28	839	 89 
5505.38	7221	21882	55	1773	 55 ***
7151.5	8551	21882	44	1786	 45 
5777.93	8582	21882	20	478	 31 
7403.45	8099	21882	18	635	 6 

7282.46	11473	24549	19	411	 85 
6936.89	10947	24549	63	2352	 62 
6848.46	12676	24549	32	871	 56 ***
7565.45	10860	24549	34	841	 54 
7658.89	10687	24549	20	599	 44 
7215.35	10706	24549	40	1863	 22 
8954.05	10664	24549	26	773	 16 
7066.78	11680	24549	8	218	 13 
8278.17	9716	24549	57	1700	 8 
8262.45	10045	24549	35	1668	 5 

8650.01	10017	25922	40	1686	 91 
8842.73	9994	25922	59	2120	 91 
9444.19	9923	25922	43	1994	 88 
8010.43	10434	25922	59	2131	 86 
10282.8	10366	25922	37	1441	 86 
8377.74	11869	25922	9	125	 86 
9458.5	11257	25922	13	217	 78 
10252	9706	25922	38	1642	 77 
9193.18	11276	25922	13	192	 73 
8054.25	11459	25922	35	806	 72 
10257	10794	25922	32	1449	 68 
10275.4	10889	25922	31	1295	 68 
7658.12	11383	25922	45	1700	 68 
8390.87	10835	25922	43	1858	 65 
7771.71	11307	25922	53	1975	 64 
10255.4	10398	25922	34	1335	 59 
8582.64	11262	25922	35	807	 57 
8039.47	11730	25922	11	201	 49 
7570.58	11542	25922	28	703	 47 ***
8852.81	11017	25922	28	488	 44 
9653.46	8837	25922	64	2157	 43 
10268.8	8863	25922	43	1916	 39 
8473.06	9313	25922	61	2048	 38 
8403.39	10421	25922	62	2385	 38 
8842.35	10619	25922	38	1586	 35 
9434.9	9816	25922	52	1882	 33 
9668.4	10417	25922	36	1629	 32 
8865.29	11311	25922	20	619	 30 
10260.5	10632	25922	33	1473	 29 
9087.65	9331	25922	56	2019	 26 
9667.61	10130	25922	39	1810	 25 
8006.33	10626	25922	66	2454	 23 
7572.98	11985	25922	15	677	 23 
8368.3	10959	25922	37	1052	 21 
8384.07	11421	25922	12	213	 20 
9475.44	9593	25922	46	1555	 18 
9650.58	10987	25922	36	1786	 8 
7993.54	11314	25922	41	1733	 8 
8117.57	10974	25922	54	2155	 7 
9066.24	10228	25922	39	1537	 5 

