#511	94	0	0	404	510	47	133	1010	1021	 ***
#30	49	8	511	485	8	934	1011	279	415	
#476	267	248	66	304	302	187	1023	857	0	
#412	396	419	252	494	49	99	267	319	1023	
#328	42	160	19	149	511	946	435	126	1014	
#44	511	378	316	0	167	393	76	837	1008	
#168	84	503	267	415	422	599	1023	249	0	
#156	161	53	511	511	263	251	67	747	1010	
#156	30	8	286	295	173	995	321	443	1023	
#511	246	220	280	130	4	181	977	617	564	
#244	301	363	511	194	256	827	942	4	88	

457	244	495	245	510	38	299	76	1023	0	
321	86	8	8	312	201	139	1023	352	937	
309	98	0	0	305	197	1022	232	347	877	
511	109	259	0	252	68	865	1022	301	0	
309	208	0	0	328	250	291	615	363	1023	
309	82	0	168	278	198	280	1023	356	693	
214	0	126	293	39	313	370	0	1023	1009	
332	94	0	0	282	216	291	456	1023	693	
309	217	0	0	282	197	306	1023	363	690	
309	98	130	0	282	212	86	1023	370	877	
439	106	0	15	282	197	269	1023	363	693	
221	259	27	0	0	348	334	1023	919	256	
511	358	0	0	297	242	169	355	578	877	
446	94	16	0	282	246	291	1023	356	633	
57	138	457	34	0	68	1023	947	158	505	
313	95	0	0	282	212	276	371	1023	815	
259	8	158	247	263	396	1023	817	75	141	
0	316	261	292	42	0	410	1023	365	678	
145	396	366	0	124	244	99	678	1023	312	
443	268	0	0	282	511	276	351	508	748	
16	228	0	286	138	244	45	921	1021	488	
309	94	122	4	297	361	276	382	1023	519	
309	128	0	0	282	205	208	1023	347	885	
284	278	30	511	0	248	0	398	733	905	
309	86	152	8	282	227	1023	72	351	877	
511	208	0	8	282	354	291	355	715	663	
511	86	0	16	404	197	261	388	889	635	
309	102	137	0	282	201	93	363	1023	877	
457	307	12	286	511	80	1004	0	730	0	 ***
446	86	0	0	290	224	284	401	1023	633	
317	94	0	0	305	216	1023	169	386	877	
144	263	137	0	0	70	573	209	968	1023	
468	0	0	13	326	511	356	406	789	518	

187	53	84	268	25	483	1023	316	1012	0	
174	20	488	282	222	149	219	214	1023	660	
472	307	12	347	511	80	608	335	779	0	
68	445	136	199	19	15	1023	785	256	505	
449	305	114	511	138	123	837	0	974	0	 ***
381	19	253	316	16	133	267	1023	30	1013	
145	308	161	51	34	408	895	167	259	1023	
66	278	83	84	290	323	1023	488	816	0	
224	19	110	423	19	207	507	274	646	1022	
487	367	20	301	328	80	359	1023	486	0	
366	307	291	316	511	149	766	0	745	0	
457	412	233	287	84	317	638	0	1023	0	
156	411	76	381	113	179	244	823	46	1022	
457	305	20	286	114	339	421	0	486	1023	
465	307	12	286	99	80	1023	0	828	351	
503	367	511	286	84	80	875	0	745	0	
460	370	149	0	467	34	1023	680	0	268	
152	284	271	303	130	460	1023	192	148	488	
453	336	133	301	92	368	1023	0	745	0	
457	511	42	294	92	80	880	609	486	0	
465	307	12	286	336	80	1023	0	576	366	
46	75	511	319	374	259	450	479	0	938	
252	160	299	183	289	88	716	61	380	1023	
286	511	263	457	397	499	37	0	969	32	
453	319	42	286	144	80	1023	359	745	0	
457	307	72	286	84	110	1023	372	740	0	
457	367	12	286	336	80	404	0	486	1023	
76	27	289	160	496	113	456	476	1023	335	
464	307	12	286	114	317	442	0	486	1023	
457	315	27	286	92	80	441	0	730	1023	
365	179	53	8	297	218	249	376	683	1023	
457	375	27	286	366	80	351	0	486	1023	
457	322	12	286	336	80	265	1023	670	0	
158	366	34	221	320	344	562	149	274	1023	
369	23	16	190	479	274	1023	826	182	69	
457	367	215	286	416	110	577	0	1023	0	
457	315	118	286	167	511	614	0	983	0	
137	442	419	30	427	144	1023	38	282	509	

450	198	68	328	156	243	629	1023	426	0	
450	183	8	384	186	68	1023	244	426	549	
122	190	60	282	365	328	120	747	1021	286	
327	183	8	328	370	181	1022	310	548	244	
464	183	160	305	450	121	389	1023	426	0	
198	12	167	488	0	224	140	385	1023	884	
450	183	8	328	141	429	473	1023	486	0	
435	131	503	137	45	159	1023	154	934	0	
304	213	256	151	197	426	671	30	1021	252	
105	511	38	372	511	130	1009	183	517	145	
327	431	38	305	126	395	445	1023	431	0	
197	274	259	141	270	271	83	700	304	1022	
466	378	274	0	350	15	1022	986	30	0	
449	183	24	324	156	181	691	4	486	1023	
449	183	8	446	126	140	658	1023	488	0	
374	400	511	118	0	30	960	175	793	160	
175	110	68	301	290	156	1022	252	411	736	
449	183	8	324	308	125	1022	342	486	274	
449	488	107	388	216	121	1022	0	730	0	
484	183	8	324	126	98	545	0	730	1023	
450	183	8	324	308	125	591	83	426	1023	
432	172	357	0	244	167	894	72	1023	160	
327	487	46	324	370	151	1022	0	794	0	 ***

228	228	392	98	68	122	1023	137	304	332	
469	261	0	197	274	76	1021	151	415	68	
227	426	125	12	8	15	1021	105	204	789	
511	129	398	271	152	15	23	396	20	1017	
0	0	91	0	90	76	1020	943	201	511	
105	137	0	0	0	15	548	982	1023	122	
190	487	73	155	324	143	336	1023	201	0	
281	502	23	76	305	203	1021	0	521	0	
235	0	99	411	0	315	0	172	677	1023	
511	319	68	61	305	372	836	259	201	0	
273	282	109	60	45	137	0	1005	0	1021	
128	282	186	181	171	339	1021	376	248	0	
15	125	30	15	15	303	1020	297	228	884	
152	0	60	511	490	0	346	978	0	395	
425	76	511	150	0	0	217	0	625	928	 ***
367	113	194	334	4	342	1021	263	34	260	
190	487	8	76	473	143	331	1023	201	0	
190	273	267	76	335	143	1022	0	626	0	
68	34	53	0	455	38	1021	1013	0	250	

45	0	120	15	76	379	1023	45	94	973	
365	136	45	150	30	90	142	579	1022	211	
349	120	105	0	75	150	1023	30	122	796	
493	30	379	15	76	0	622	15	120	1020	
38	418	501	358	75	208	151	1021	0	0	
30	19	75	75	15	319	868	227	120	1022	
395	106	90	150	0	30	187	379	411	1022	
90	45	391	121	494	129	0	387	90	1023	
91	83	113	90	143	496	293	440	0	1021	
380	136	511	150	15	120	232	0	670	556	
61	387	0	76	60	511	151	505	0	1019	
19	289	135	409	196	30	137	532	1023	0	
61	45	15	30	403	150	860	184	1022	0	
511	0	125	334	196	365	60	120	45	1014	
210	166	60	349	34	60	15	0	853	1023	
91	45	30	304	0	135	121	60	966	1018	
334	136	110	15	511	30	0	548	1011	75	
470	511	30	338	8	38	288	30	60	997	
90	165	0	304	30	197	845	75	45	1019	
395	91	45	356	0	0	645	0	1023	215	 ***
60	196	511	124	0	15	0	349	998	517	
75	76	61	15	409	0	105	1023	60	946	
135	289	90	334	0	60	608	27	1023	204	
120	30	60	151	30	4	0	891	1022	462	
425	76	75	180	30	0	277	0	685	1022	
15	105	360	511	75	0	536	164	1004	0	

365	76	30	211	244	0	335	0	1023	396	
0	0	125	105	60	45	1011	312	1022	0	
511	76	0	241	0	0	1003	246	456	147	
365	76	60	211	0	0	248	1023	565	132	
369	76	30	211	0	0	391	0	1023	580	
365	80	30	211	0	0	1023	0	443	528	
384	76	30	511	0	0	406	0	426	847	
365	76	30	196	15	0	256	0	719	1023	
511	0	30	0	487	196	381	983	0	92	
353	0	105	75	60	75	1023	0	0	989	 ***
365	76	64	211	0	0	271	0	670	1023	
304	121	45	30	15	120	1023	0	1022	0	

511	0	109	109	79	75	838	0	0	852	
8	90	64	15	0	94	1023	870	120	289	
0	511	91	0	34	150	997	412	0	378	
0	45	79	4	30	309	1022	135	79	870	
369	0	105	511	79	154	595	0	0	760	
211	30	124	0	289	60	1023	72	0	764	
136	45	83	96	304	61	45	780	0	1023	
387	4	105	60	75	79	355	0	1023	485	
460	4	139	278	60	90	1023	0	75	444	
0	19	30	511	248	105	60	549	30	1021	
334	0	136	511	72	75	571	0	0	874	 ***
0	30	19	124	0	510	64	729	75	1022	
364	0	139	94	64	511	617	0	0	784	
15	409	121	98	4	94	1023	674	0	135	
511	79	0	484	0	19	211	0	247	1022	

162	17	168	91	388	0	1023	0	897	297	
357	0	162	143	511	90	469	838	0	473	
511	0	192	45	68	75	983	596	0	573	
447	122	124	511	76	60	610	0	650	443	
0	139	0	387	395	511	500	0	1013	98	
334	0	185	511	106	127	1002	0	0	778	 ***
30	42	121	15	331	445	364	150	522	1023	
334	0	254	162	413	68	381	1023	0	408	
343	0	192	227	98	98	533	0	1023	529	
304	169	0	60	186	404	0	299	1023	598	
511	0	163	83	86	90	242	0	937	931	
511	441	154	75	68	98	757	0	0	939	

334	0	209	511	109	78	826	0	0	826	
77	342	293	64	196	341	1023	0	437	120	
335	0	139	128	46	70	563	1023	45	544	
239	105	511	42	289	128	1014	0	522	43	
105	12	19	190	72	137	986	1023	0	349	
334	0	124	212	128	511	836	0	0	748	
53	336	94	38	160	75	973	107	34	1023	
104	143	8	408	171	0	414	622	1023	0	
511	78	53	0	304	242	0	715	46	944	
61	216	61	0	316	27	1023	34	409	746	
297	511	109	90	71	72	282	167	380	914	
99	308	511	456	136	349	220	83	0	731	
42	153	30	258	511	502	295	997	60	45	
73	136	83	426	46	1	1023	669	256	180	
334	0	200	121	71	106	471	0	1023	567	
349	0	109	160	511	147	839	0	0	778	
64	244	120	106	110	511	64	202	616	856	
425	321	38	349	41	252	243	0	201	1023	
289	263	121	91	30	0	838	64	174	1023	
23	128	202	0	511	0	152	472	1013	392	
90	19	8	404	0	154	860	49	286	1023	
334	0	129	511	99	145	927	0	0	748	
342	0	124	113	327	85	879	0	0	1023	 ***
397	0	139	121	78	84	471	0	1023	580	
38	0	403	122	0	349	1023	796	83	79	
45	425	380	85	130	139	1023	0	537	129	
334	0	511	143	143	78	1009	0	0	675	
334	0	124	143	114	511	919	0	0	748	
23	164	90	60	171	334	83	90	855	1023	
334	0	124	121	145	108	473	0	1023	565	

91	72	352	0	139	0	1023	166	550	167	
220	319	49	254	75	38	69	505	8	1023	
486	0	94	143	205	100	509	0	0	1023	 ***
136	380	64	155	81	254	376	83	8	1023	
342	0	128	117	325	68	158	1023	0	399	
135	0	190	190	511	127	30	182	349	846	
334	0	219	121	213	100	520	0	30	1023	
109	250	95	75	51	278	228	405	46	1023	
334	0	143	113	170	84	259	420	14	1023	
349	0	128	113	330	68	107	1023	62	380	
113	31	212	34	511	34	155	978	492	0	
59	182	90	246	45	109	444	363	1022	0	
394	122	124	127	196	213	361	0	0	1023	
0	57	174	68	340	60	365	154	319	1023	
36	75	53	228	274	128	282	317	144	1023	
75	53	62	81	198	185	344	278	261	1023	
334	130	132	117	67	98	1023	0	276	383	
82	97	4	90	68	53	343	559	241	1023	
151	209	105	68	107	0	449	1023	251	197	
113	223	365	178	53	219	0	121	265	1023	
364	0	98	143	360	76	109	0	1023	387	
76	69	90	318	68	498	327	0	91	1023	
34	190	503	140	64	0	1023	68	86	452	
64	60	6	42	6	42	1016	1023	0	301	
83	90	35	118	197	235	144	268	367	1023	
91	243	19	102	365	30	272	327	90	1021	
163	15	364	159	0	8	552	91	1023	185	
0	309	53	106	77	38	1023	746	79	129	
64	145	64	8	511	48	1020	155	0	545	
456	8	128	132	52	76	1023	291	4	390	
340	0	129	117	184	160	1023	0	0	607	
21	112	61	511	0	0	1021	155	444	235	
45	151	8	30	4	17	235	75	972	1023	
68	4	61	30	77	493	90	181	533	1023	
118	0	511	65	365	186	0	365	867	83	
152	72	6	319	76	27	162	581	143	1022	

456	15	68	105	54	76	490	15	134	1023	
471	0	64	105	69	80	164	0	1023	460	
511	0	72	154	214	119	368	0	0	998	 ***
471	8	64	109	177	92	355	0	137	1023	
486	0	79	105	78	133	394	138	0	1023	
457	4	79	120	119	78	107	0	1023	449	
464	8	64	105	54	76	124	1023	0	518	
113	19	418	138	241	511	917	79	0	0	
471	250	64	511	242	91	351	0	0	456	
494	15	79	105	109	511	381	0	0	742	
486	27	102	105	214	92	1023	0	0	387	
486	15	64	117	218	511	650	0	0	375	
39	0	117	116	49	453	408	94	137	1023	
511	429	141	38	139	212	0	110	0	856	
30	126	0	180	100	49	95	368	465	1023	
456	0	64	105	110	511	606	0	137	447	
172	204	511	75	256	172	583	403	0	60	
471	15	64	105	511	78	355	0	137	700	
486	12	64	150	221	511	615	0	0	377	
15	5	17	161	27	0	216	36	936	1023	
62	38	60	98	511	506	798	53	23	287	
60	30	69	49	0	2	1002	201	0	1023	
456	0	79	124	62	91	111	490	0	1023	

0	57	45	272	351	10	247	138	334	1023	
486	280	61	192	511	108	325	0	0	514	
87	259	179	179	91	87	117	130	325	1023	
134	137	133	106	40	111	358	329	106	1023	
8	45	43	91	184	123	696	139	125	1023	
488	30	57	154	127	109	93	15	381	1023	
35	45	157	154	66	79	1023	841	20	57	
511	0	34	49	80	202	45	536	0	1020	
492	38	77	199	184	79	385	0	0	1023	
30	232	15	355	83	40	208	385	106	1023	
272	4	57	197	108	127	323	0	366	1023	
495	0	511	350	223	76	449	0	0	373	
8	133	91	19	23	23	64	868	225	1023	
217	13	50	19	504	30	117	437	67	1023	
511	0	59	216	188	509	599	0	0	395	 ***
49	205	27	80	34	47	98	875	39	1023	
96	74	0	124	34	35	274	136	681	1023	
77	44	53	102	210	29	1023	57	98	784	

95	128	57	36	251	511	1013	0	383	64	
94	51	34	19	227	4	800	188	1023	98	
443	0	18	237	133	184	1023	0	185	315	
94	75	33	267	114	124	1023	0	507	301	
368	0	91	286	184	108	1023	0	102	376	
194	125	127	194	91	84	0	696	4	1023	
283	81	49	79	97	511	0	186	966	286	
511	0	121	297	118	496	77	589	0	329	
32	75	49	8	31	118	159	846	197	1023	
376	0	106	141	176	62	77	1023	63	514	
338	0	112	226	118	161	168	0	392	1023	
20	86	173	120	511	465	128	903	0	132	
511	444	12	135	8	215	1006	30	122	55	
368	0	191	141	77	184	1023	193	0	361	
49	70	63	35	124	511	69	308	324	985	
108	96	60	19	15	511	585	0	1022	122	
475	0	27	292	176	511	141	150	66	700	
462	4	42	285	69	511	141	773	0	251	
31	16	51	105	8	4	68	293	1023	939	
370	60	168	216	73	511	630	132	124	254	
102	212	42	79	15	511	496	54	4	1023	
147	20	511	111	217	135	0	278	109	1010	
0	19	79	0	227	152	1023	1023	15	0	 ***
376	153	31	325	313	511	443	132	0	254	
94	105	361	115	54	111	1023	0	0	675	

0	212	79	124	276	152	582	1023	15	526	
183	125	510	75	152	0	1023	754	0	167	
4	0	137	122	60	64	508	997	1022	75	
124	308	143	0	357	217	1023	558	259	0	
15	0	198	90	308	64	63	1023	1023	205	
0	142	96	0	254	201	454	1023	819	0	 ***
304	0	30	183	511	213	991	141	90	526	
122	19	85	0	261	156	449	1023	723	151	
4	17	79	246	250	293	1023	818	259	0	
152	121	122	23	90	0	160	1023	971	327	
68	95	79	61	511	274	1008	615	15	263	
0	258	61	182	0	79	98	1023	274	1014	

0	159	122	122	511	90	979	122	570	299	
79	209	92	8	194	186	1023	575	608	0	
0	311	92	15	194	186	428	1023	473	252	
263	509	39	64	456	319	137	1020	137	30	
502	30	137	244	144	399	422	27	47	1022	
8	141	167	0	194	194	1023	808	439	0	
145	105	61	160	252	91	19	1023	197	921	
76	385	27	75	152	122	1023	814	148	152	
212	45	15	374	0	494	1022	64	190	558	
0	141	221	0	288	186	672	1023	443	0	
0	141	92	0	209	213	1023	819	477	0	 ***
152	8	280	42	99	296	1023	319	680	75	
45	379	496	8	248	510	1015	128	145	0	
0	511	322	15	122	91	0	381	999	533	
8	186	75	31	156	257	62	985	191	1023	

244	75	0	511	252	506	966	60	69	69	
19	0	38	98	64	169	1023	263	877	201	
137	190	87	31	259	211	1022	554	261	0	
0	195	60	395	290	19	1023	45	725	0	
30	511	158	0	221	8	1013	317	494	0	
21	196	0	235	137	69	75	1023	996	0	
0	141	17	0	322	265	647	1022	160	178	
122	61	365	4	15	4	1023	808	94	256	
236	182	511	0	0	15	1022	143	61	582	
0	160	78	0	265	511	414	580	744	0	
137	15	64	137	15	286	1023	547	140	388	
0	205	78	0	201	231	1023	551	463	0	
12	205	507	313	0	105	1022	159	198	231	
84	198	95	0	0	254	669	1022	430	0	 ***
0	309	509	52	0	510	186	973	213	0	
8	206	66	0	182	12	1023	983	136	136	
494	4	158	186	423	0	91	373	0	1023	
0	75	179	252	105	252	1023	0	786	80	
83	135	126	76	137	132	1023	638	138	264	
228	0	12	230	511	69	549	167	0	986	
15	217	122	0	94	63	267	1023	318	633	
511	248	183	8	15	91	190	982	460	64	
228	75	187	121	487	38	1022	494	8	92	
76	0	304	94	120	23	1022	191	156	766	
208	69	304	75	242	90	1023	650	91	0	
0	141	17	511	186	201	403	524	168	601	
23	110	98	64	4	30	1022	666	488	247	
64	141	17	27	186	203	331	602	158	1023	
194	113	511	23	483	122	319	926	0	61	
64	134	156	242	0	169	1022	578	297	90	

86	258	65	34	0	254	1023	597	342	0	
511	198	95	8	0	254	600	685	308	0	
84	258	135	0	0	254	335	1022	571	0	
76	0	60	122	167	388	67	592	165	1022	
445	30	125	63	190	8	64	1023	68	643	
84	198	65	8	30	258	686	1022	308	0	
171	252	187	159	0	0	664	8	1023	195	
0	511	381	182	0	506	126	203	750	0	
84	236	65	0	0	254	193	493	312	1022	
84	236	65	0	0	254	198	1022	800	0	
511	366	0	141	0	197	137	983	202	122	
282	38	64	0	122	90	761	1022	61	219	
274	252	0	0	27	76	164	120	1021	725	
332	198	65	0	0	262	198	1022	582	0	
45	61	332	251	135	141	1023	480	93	98	
86	198	65	0	0	254	1022	478	556	0	 ***
30	246	8	160	4	64	1023	155	128	841	
312	152	0	65	259	120	0	139	1022	590	
221	0	204	68	0	8	1023	60	1003	72	
207	252	122	121	149	61	122	1023	61	541	
182	270	212	511	65	0	1002	105	0	312	
61	0	61	32	136	221	595	1022	426	105	

69	137	19	282	295	194	1022	480	342	0	
0	244	35	0	106	135	1023	30	336	931	
511	416	34	0	0	194	521	566	598	0	
101	510	4	0	252	194	901	521	357	0	
69	175	21	0	0	194	521	1022	838	0	 ***
0	76	172	60	8	334	1023	773	304	90	
419	46	304	8	511	34	1022	60	406	30	
511	53	0	502	19	34	1023	548	150	0	
122	64	0	510	30	75	1021	674	260	84	
349	0	90	76	38	0	748	1023	334	182	
510	409	34	0	244	506	1023	24	0	90	
299	150	511	45	182	46	940	629	0	38	
99	137	72	30	0	209	685	1022	342	244	
98	83	88	0	30	216	983	319	0	1023	
72	0	364	122	274	511	899	396	47	155	
30	4	0	511	0	173	1021	130	111	860	
308	0	120	511	0	508	47	0	1011	335	
129	137	37	0	0	194	735	1022	586	0	
69	220	4	0	38	498	426	236	327	1022	
225	263	68	149	511	19	244	965	0	396	
30	423	484	124	61	289	1022	72	83	252	
364	273	511	0	424	83	46	0	880	259	
69	415	4	68	30	258	1023	334	639	0	
391	137	4	0	0	257	458	1022	571	0	
510	511	68	136	0	0	49	0	956	610	
244	412	150	79	30	0	62	1023	840	0	
319	150	506	0	511	27	884	370	73	0	

30	83	498	510	0	0	924	289	0	0	
4	105	30	244	0	280	1020	651	0	0	
206	53	23	0	0	194	241	1023	594	0	
19	60	510	418	0	304	1023	0	0	0	
69	53	145	0	15	224	215	1023	590	0	
0	0	0	0	304	60	75	1020	23	852	
105	289	509	396	0	0	12	1023	0	0	
69	53	19	0	0	511	806	267	609	0	
15	60	0	0	0	60	990	186	0	1023	
99	53	29	0	0	510	710	339	594	0	
30	90	0	45	135	0	1020	976	38	0	
510	83	488	30	0	60	197	966	0	0	
84	53	19	0	0	198	1023	241	716	0	
122	150	0	60	60	0	896	1023	0	23	
503	349	53	45	0	0	30	1020	334	0	
0	0	304	122	0	60	1021	60	0	767	
0	0	150	308	0	0	506	1022	304	44	
0	396	60	456	105	15	0	1023	279	0	
60	0	167	30	0	75	1023	975	4	0	
0	0	456	0	0	53	1021	530	30	244	
45	30	0	0	60	0	1014	1003	182	0	
488	60	511	0	0	60	0	0	1003	212	
0	30	30	15	244	0	1023	64	61	867	
105	197	0	0	30	0	1021	15	966	0	
84	175	19	0	0	194	241	1023	598	0	
432	0	381	0	510	0	0	0	1011	0	 ***
69	68	19	122	0	194	249	1023	590	0	
0	0	0	15	122	75	30	1023	1009	60	
0	0	45	479	0	120	670	0	1020	0	

68	242	0	15	30	503	91	948	1022	0	
0	342	0	312	90	0	1022	313	840	0	
510	259	105	75	0	8	244	228	994	496	
60	320	0	0	0	342	1023	858	316	0	 ***
98	152	60	60	0	0	15	883	1019	632	
259	456	71	60	510	23	244	304	992	0	
502	274	0	120	510	462	0	991	60	0	
158	373	381	0	45	488	64	60	1022	328	
60	510	136	38	378	319	503	0	975	0	
511	0	304	30	486	0	979	244	365	0	
38	487	0	0	0	0	335	1023	916	120	
511	34	387	30	0	0	669	267	1021	0	
91	60	323	282	511	334	0	248	704	366	
244	23	511	0	0	431	513	0	1001	196	
61	45	501	274	304	0	16	0	1020	698	
510	15	274	365	327	412	0	0	0	1016	
220	0	244	0	304	466	342	320	1023	0	
60	15	53	60	511	503	304	517	896	0	
424	510	381	8	256	0	304	0	761	275	
32	274	15	0	510	244	165	662	1017	0	
379	137	0	304	0	511	488	8	312	780	
495	34	319	15	0	510	526	1020	0	0	
510	165	309	0	369	381	274	0	911	0	
0	83	0	182	0	297	518	749	1022	68	
507	60	511	0	99	0	282	488	972	0	
282	197	0	0	259	0	93	244	1023	821	

320	334	12	0	68	312	375	464	304	1023	
136	259	48	60	0	334	1023	695	657	0	
30	60	0	16	120	328	0	1023	781	854	
244	0	312	0	76	0	994	1023	304	259	
68	15	244	30	0	312	1023	617	461	442	
75	319	0	68	511	312	320	936	671	0	
135	475	250	263	45	0	488	275	1023	258	
68	388	70	8	19	346	1023	674	616	0	
23	342	15	366	23	244	1023	811	304	61	
68	267	252	30	12	316	1023	696	548	0	
75	372	68	305	0	0	1021	823	488	60	
511	319	244	20	0	343	695	652	428	0	
366	69	0	15	0	496	1021	873	372	0	
0	91	304	511	365	60	122	751	0	1008	
0	309	105	0	145	102	1023	624	780	124	
60	23	0	0	252	259	1023	881	319	395	
95	15	90	0	382	244	1023	15	813	535	
511	244	0	0	267	16	213	939	0	1022	
488	488	60	60	511	0	1022	255	328	0	
364	259	126	8	0	327	1023	546	559	0	
0	0	0	141	60	511	1021	1023	456	0	 ***

0	60	0	79	15	0	1023	396	956	274	
30	0	0	190	135	511	747	522	668	0	
289	312	339	511	0	510	0	714	128	0	
320	0	60	511	372	304	0	1022	84	130	
0	0	137	171	98	326	1023	532	516	0	
0	0	0	141	511	72	778	663	638	0	
0	0	0	137	94	180	770	599	1023	0	
511	30	155	0	8	274	60	1008	323	434	
60	0	0	186	60	60	1023	836	578	0	
30	0	0	149	107	511	807	739	460	0	
508	0	30	0	0	504	741	1020	0	0	 ***
0	511	68	0	143	487	0	16	578	1000	
0	0	76	213	60	90	763	1023	578	0	
0	0	244	141	60	511	537	662	468	180	
304	438	0	421	260	0	61	996	323	0	
8	0	64	126	60	511	751	647	426	210	
0	137	0	156	152	511	777	604	466	0	
68	304	133	0	30	511	501	1004	244	8	
0	0	152	511	64	228	747	645	456	0	
42	0	15	30	304	0	894	1022	496	0	
511	313	16	4	274	98	0	917	670	0	
91	334	30	15	511	0	130	1020	364	308	

290	0	120	0	34	504	573	1023	0	0	
334	511	244	166	32	351	0	0	906	0	
120	30	274	45	60	60	0	1018	23	914	
511	0	45	0	252	346	304	963	16	107	
60	30	511	0	0	30	0	0	1023	890	
30	0	30	334	91	0	1022	1007	0	30	
84	274	0	511	120	319	260	0	0	976	
0	106	0	30	45	259	1021	1023	30	30	
90	357	349	372	0	248	1022	0	106	0	
511	0	274	0	60	0	0	158	888	653	
290	19	30	0	0	511	771	923	0	0	 ***
312	0	0	91	38	0	1021	1022	0	60	
503	509	60	181	0	0	0	268	0	1023	
511	105	61	0	0	0	334	940	90	503	
61	30	30	45	30	75	0	1022	274	977	
290	0	152	0	34	290	756	1022	0	0	
30	510	274	30	0	0	579	1001	60	60	
0	91	0	244	511	45	638	955	0	60	
0	0	60	511	151	0	45	0	1015	762	
511	45	0	165	0	327	983	513	0	0	
0	0	511	304	135	61	61	1021	394	57	
0	508	506	30	15	0	1022	463	0	0	

411	19	60	0	8	395	630	1022	173	0	
64	150	45	0	0	441	980	1023	15	0	
282	19	30	12	0	425	682	1023	245	0	
511	83	122	0	283	455	707	557	0	0	 ***
30	244	64	19	34	136	150	456	562	1023	
282	19	49	12	0	350	512	1023	0	471	
274	30	34	0	76	403	491	1023	0	387	

310	15	53	60	511	395	634	775	0	488	
279	374	53	0	511	445	799	780	0	0	 ***
282	511	122	30	434	395	793	674	0	0	
416	259	83	0	123	395	1023	452	490	0	
0	510	434	61	182	0	1023	163	0	868	
279	381	130	0	152	399	1023	633	244	0	
339	30	53	244	511	395	657	494	0	518	
511	276	282	0	298	395	923	556	0	0	
283	511	53	4	366	395	722	907	0	0	
292	244	53	0	182	511	669	802	0	488	
511	274	297	244	123	399	751	642	0	0	
313	30	53	0	153	511	486	682	0	1013	

