#10213.7	23187	29325	0	0	 71 
#10197.2	23318	29325	0	0	 52 
#9424.88	24215	29325	0	0	 52 
#9133.96	24331	29325	0	0	 46 
#8789.41	26580	29325	0	0	 39 ***

8307.89	19081	25246	84	3154	 92 
8490.01	22950	25246	66	2743	 92 
9264.79	15250	25246	21	716	 83 
8100.64	22090	25246	77	2806	 81 
8665.6	17721	25246	66	2650	 80 
8671.27	19790	25246	24	568	 78 
8685.36	20436	25246	21	548	 77 
9267.16	17654	25246	13	355	 75 
9477.55	17785	25246	11	405	 72 
9265.65	18024	25246	12	343	 47 
9007.4	16651	25246	78	2933	 42 
9267.23	19355	25246	11	497	 38 
9477.02	18448	25246	11	405	 24 
9014.91	17208	25246	75	2702	 20 
9017.58	17244	25246	72	2624	 17 
8216.17	20794	25246	68	2779	 12 
8681.33	18281	25246	45	996	 12 
8092.32	20673	25246	78	2395	 8 ***
8478.57	23828	25246	64	2067	 4 

8954.33	20384	26494	28	768	 96 
9339.27	17606	26494	46	2081	 94 
9325.14	18452	26494	50	2284	 94 
10147.6	18907	26494	41	1635	 92 
7901.27	22565	26494	81	2863	 87 ***
8135.33	15562	26494	61	2439	 84 
8974.41	21718	26494	18	790	 84 
8957.04	20271	26494	28	638	 81 
8952.92	19055	26494	41	1057	 79 
8150.55	22738	26494	12	385	 75 
10144.9	18180	26494	45	1895	 61 
9333.16	19853	26494	35	1019	 59 
8150.29	19685	26494	40	1065	 54 
9328.69	19034	26494	36	967	 38 
8149.21	22287	26494	26	638	 35 
10153.5	17680	26494	41	1513	 32 
9337.06	18957	26494	8	598	 29 
10150.2	18441	26494	43	2340	 28 
8157.69	22369	26494	20	588	 28 
9330.27	20181	26494	30	1139	 22 
8146.64	22785	26494	17	507	 20 
8146.85	22465	26494	24	631	 17 
9540.68	16827	26494	47	1646	 15 
8959.05	20520	26494	21	557	 14 
10152.9	17966	26494	44	1895	 13 
10137.6	15387	26494	46	2133	 13 
8153.61	21848	26494	29	683	 9 
8158.59	21871	26494	27	690	 8 
8160.23	22724	26494	19	587	 7 
8142.21	22972	26494	31	523	 6 
9069.02	18969	26494	56	2672	 3 

10281.8	15121	29672	44	1501	 99 
8028.5	19626	29672	10	555	 96 
9455.37	14177	29672	79	2738	 93 
8585.86	14958	29672	76	2761	 86 
10267.5	14107	29672	62	2519	 72 
8022.02	21400	29672	19	449	 70 
9186.03	16620	29672	33	1019	 63 
10265.6	14181	29672	71	2600	 59 
9183.02	15359	29672	74	2308	 57 
9193.74	15214	29672	32	1214	 57 
8015.98	20511	29672	21	554	 51 
8016.72	23010	29672	20	457	 45 
8587.72	15945	29672	75	2651	 43 
9071.54	16085	29672	34	1233	 43 
9203.02	14978	29672	64	2771	 42 
10280.5	14099	29672	74	2334	 40 
9201.64	15152	29672	58	2265	 40 
9087.73	15790	29672	73	2723	 38 
8018.07	17480	29672	23	716	 37 
8028.44	21658	29672	13	400	 29 
8017.15	21776	29672	19	714	 18 
8011.53	22261	29672	23	520	 17 ***
9204.74	14765	29672	61	2375	 16 
10265.6	14734	29672	62	2462	 15 
9193.6	14943	29672	78	2913	 14 
10292.1	13904	29672	70	2426	 14 
9185.79	15250	29672	71	2357	 13 
9654.3	14226	29672	73	2350	 13 
10269.6	14070	29672	75	2810	 10 
8871.42	15522	29672	75	2596	 8 
10284.7	14762	29672	56	1941	 8 
10274.3	14068	29672	76	2486	 8 
8021.61	21858	29672	16	477	 2 

8946.6	11143	29293	50	2158	 96 
9522.98	10248	29293	66	2385	 96 
8944.49	13628	29293	29	995	 95 
7881.12	16594	29293	11	398	 92 
8930.39	13549	29293	30	1010	 88 
8930.26	14688	29293	27	946	 86 
7864.17	17061	29293	9	194	 80 
10127.8	9995	29293	66	2220	 78 
10117.3	13083	29293	31	1085	 76 
8935.46	13986	29293	29	995	 75 
10143.7	13418	29293	29	995	 71 
7160.34	15702	29293	68	2651	 69 
10122.5	14501	29293	24	756	 68 
9305.8	10991	29293	53	2267	 66 
8261.73	16079	29293	24	1128	 61 
8935.13	14110	29293	28	991	 59 
8330.19	12071	29293	50	1888	 58 
9336.44	10110	29293	67	2562	 57 
9049.6	13582	29293	29	995	 56 
8933.54	14517	29293	23	925	 52 
9042.07	14696	29293	22	733	 51 
7874.73	16681	29293	11	276	 45 
7418.88	12638	29293	70	2549	 43 
8951.97	15666	29293	21	899	 43 
7862.49	16744	29293	10	102	 22 
10125.4	14066	29293	23	741	 20 
6809.63	10456	29293	71	2477	 19 ***
9329.16	10730	29293	51	2066	 18 
9033.96	13196	29293	30	1010	 14 
7877.31	16592	29293	15	361	 12 
7722.57	10785	29293	54	2137	 8 
8932.11	11852	29293	40	1006	 6 

7330.07	13643	27923	19	580	 99 ***
8932.82	10925	27923	21	585	 87 
8026.93	10030	27923	59	2105	 82 
7520.72	11602	27923	21	528	 81 
8938.23	10878	27923	39	1949	 80 
7517.87	11466	27923	22	543	 78 
8115.78	11174	27923	6	365	 75 
10028	9810	27923	59	1922	 70 
10007.2	10049	27923	24	1592	 48 
8595.92	11099	27923	25	952	 40 
8607.74	10941	27923	28	916	 39 
8026.91	11031	27923	62	2273	 16 
9208.22	10801	27923	33	962	 12 
9205.38	10744	27923	34	977	 11 
9207.93	10455	27923	34	977	 3 

9046.98	9349	23299	33	1305	 91 
7630.75	9371	23299	29	909	 88 
6556.91	10020	23299	19	566	 55 
7634.43	11592	23299	13	631	 39 
7631.48	9883	23299	28	901	 34 
7960.09	8465	23299	46	2091	 28 
6544.64	10846	23299	16	509	 21 ***
8451.06	9665	23299	24	839	 8 
8431.81	10019	23299	23	855	 2 

9827.27	10358	22329	40	1938	 91 
7938.78	11092	22329	15	215	 81 
7343.6	12749	22329	23	504	 73 
7934.74	11404	22329	14	200	 72 
9034.9	9549	22329	45	2063	 37 
7616.89	12429	22329	29	1050	 31 
7145.21	13981	22329	21	555	 29 ***
9828.08	10844	22329	38	1794	 24 
8176.31	10189	22329	60	2395	 20 

10131.7	13584	26894	54	2109	 100 
9033.82	13916	26894	26	602	 84 
8243.02	14823	26894	22	935	 81 
10123.2	13870	26894	31	1013	 76 
8227.19	14425	26894	23	446	 74 
8941.61	14005	26894	67	2361	 73 
9061.33	16585	26894	20	447	 67 
9315.81	14149	26894	23	863	 58 
8506.77	14102	26894	31	1048	 56 
10107.8	13638	26894	54	1627	 41 
8253.7	16742	26894	16	414	 33 
9051.72	13151	26894	56	1800	 28 
7428.44	14967	26894	24	554	 25 ***
9059.11	16324	26894	21	483	 24 

6863.33	13708	24404	67	2212	 100 ***
8311.86	11770	24404	26	1003	 93 
8033.56	11887	24404	21	785	 91 
8304.03	11784	24404	23	1137	 89 
7225.04	12456	24404	24	752	 82 
9309.05	10936	24404	61	2029	 73 
8030.67	12016	24404	22	525	 69 
9122	12090	24404	16	737	 62 
9115.57	12141	24404	14	745	 44 
7239.99	12087	24404	20	509	 37 
9912.38	11090	24404	60	2358	 19 
7231.2	12389	24404	8	93	 14 
8321.69	11293	24404	22	1030	 5 
8038.44	11804	24404	22	818	 1 

6809.24	13937	24831	17	598	 99 ***
9083.53	12944	24831	55	1433	 95 
8675.68	12743	24831	56	1832	 91 
8794.12	11581	24831	60	1624	 86 
9275.42	12181	24831	54	1512	 80 
8705.19	14104	24831	15	842	 75 
7888.73	13817	24831	28	1198	 72 
7738.18	13747	24831	57	1532	 64 
9890	13749	24831	17	598	 64 
9290.61	12803	24831	51	1541	 63 
9067.21	12636	24831	57	1750	 51 
9083.47	13485	24831	20	678	 51 
9899.16	14021	24831	14	502	 46 
9273.99	12328	24831	58	1945	 40 
9884.79	12033	24831	55	1719	 37 
9273.83	12391	24831	56	1733	 34 
7889.11	13379	24831	24	1130	 33 
8783.57	12657	24831	64	2024	 28 
9085.48	13698	24831	18	613	 22 
8815.51	13918	24831	18	602	 20 
7880.67	13781	24831	31	1225	 19 
9885.17	13046	24831	50	1479	 18 
9084.73	13074	24831	54	1463	 10 
8481.65	13161	24831	53	1812	 9 
8812.32	13007	24831	55	1670	 6 
9085.88	13144	24831	24	888	 5 
9086.87	13608	24831	18	613	 4 
7989.32	13107	24831	54	1601	 1 
8792.96	12263	24831	60	2195	 0 

6780.18	14010	23425	24	396	 93 
9841.18	12128	23425	59	1634	 91 
9016.4	12728	23425	62	1919	 84 
9849.55	12489	23425	44	1188	 61 
8659.77	13011	23425	48	1898	 52 
8650.6	13050	23425	50	1924	 50 
8763.13	12604	23425	65	2263	 48 
9867.54	11976	23425	67	2024	 45 
8774.03	12001	23425	63	1931	 42 
9846.22	12888	23425	54	1935	 39 
9046.42	12784	23425	59	1827	 32 
8664.55	12903	23425	64	2139	 28 
6780.27	13139	23425	8	105	 16 
6777.46	14699	23425	25	744	 12 ***

7857.42	16525	23944	27	1005	 94 
8669.5	17653	23944	6	119	 90 
7588.29	17242	23944	24	782	 88 
9848.48	16253	23944	46	1541	 86 
8668.68	16823	23944	23	951	 85 
7582.48	16560	23944	65	2196	 81 ***
8778.07	16368	23944	67	1996	 79 
8657.37	16447	23944	53	1618	 72 
9853.87	16450	23944	44	1311	 67 
9840.2	15945	23944	47	1579	 65 
7976.76	17969	23944	3	11	 63 
9033.85	16337	23944	65	2062	 61 
9846.74	15018	23944	51	1568	 58 
9832.55	14544	23944	67	1850	 56 
9846.89	16435	23944	46	1553	 56 
7986.04	16864	23944	22	962	 55 
8667.63	16831	23944	24	993	 50 
9037.94	15209	23944	50	1573	 47 
8669.44	17905	23944	2	5	 43 
9249.43	15201	23944	48	1565	 38 
9042.71	16275	23944	48	1124	 34 
7589.63	17365	23944	20	688	 23 
9866.36	17500	23944	5	163	 12 
9847.31	14844	23944	49	1491	 11 
7858.24	17119	23944	22	936	 10 
7599.16	18331	23944	15	207	 8 
9869.14	17378	23944	4	164	 6 
9854.15	16015	23944	45	1532	 1 
8241.65	16157	23944	70	2192	 0 

8841.94	16143	25835	21	892	 95 
8853.83	17685	25835	10	506	 94 
9421.48	11931	25835	43	990	 89 
10031.8	13829	25835	39	992	 66 
7758.1	17099	25835	26	759	 66 ***
8854.69	14781	25835	33	1093	 55 
9420.16	13439	25835	45	1192	 53 
10026	14526	25835	42	965	 45 
8964.93	16056	25835	16	868	 44 
8017.31	14243	25835	65	1603	 41 
10025.3	15771	25835	28	1011	 35 
8836.85	16430	25835	22	631	 26 
10041.1	15505	25835	31	917	 25 
10038	16478	25835	14	492	 23 
8836.25	15057	25835	34	1360	 22 
8033.92	11890	25835	57	1624	 15 
7765.76	16545	25835	12	564	 12 

9557.3	13963	27228	65	1845	 97 
8553.84	13317	27228	71	2267	 97 
7880.71	15060	27228	25	825	 97 ***
7901.96	18992	27228	22	391	 95 
9090.07	17148	27228	16	771	 93 
9363.59	14726	27228	66	1971	 91 
9084.05	14518	27228	67	2184	 74 
10148.8	13557	27228	67	1879	 71 
10182.3	14409	27228	61	2063	 68 
9080.67	17876	27228	21	762	 66 
8978.86	18786	27228	18	823	 53 
9086.38	17655	27228	23	1037	 46 
9536.91	14968	27228	64	1963	 31 
9089.38	18399	27228	18	967	 27 
9093.97	18714	27228	15	568	 10 
10164	14463	27228	61	1947	 4 
8965.78	17944	27228	20	622	 3 
8983.98	17836	27228	23	593	 2 

9565.29	14005	26361	77	2723	 94 
10156.3	13522	26361	55	2506	 93 
7901.53	16796	26361	3	309	 87 
7288.61	17247	26361	18	274	 83 ***
10150.2	13495	26361	77	2723	 58 
8532.76	14184	26361	71	2164	 50 
9097.75	15154	26361	51	2143	 50 
9574.75	14035	26361	71	2418	 46 
8973.22	14254	26361	61	2553	 35 
7290.03	16934	26361	19	319	 33 
7902.98	16494	26361	3	309	 32 
9583.21	14224	26361	47	2119	 18 
7892.39	16151	26361	4	110	 11 
9548.63	14089	26361	71	2629	 3 
7888.85	16611	26361	8	173	 2 

7221.14	15770	28254	19	751	 100 
7619.88	13968	28254	71	2373	 95 
10097.2	14248	28254	41	1416	 90 
9282.4	12762	28254	49	2076	 88 
9287.66	12067	28254	50	1569	 85 
8104.94	12884	28254	51	1774	 80 
7819.52	16499	28254	15	721	 79 
7845.01	14325	28254	58	2285	 72 
9475.29	11970	28254	68	2182	 70 
7845.97	13297	28254	70	2157	 65 
7218.72	15223	28254	21	868	 65 ***
8090.21	14359	28254	55	2133	 59 
7834.7	15399	28254	20	754	 55 
10100.5	11996	28254	52	2041	 43 
8417.36	13145	28254	43	1554	 37 
7504.79	10265	28254	73	2356	 37 
8103.54	12159	28254	54	1869	 32 
7930.56	13523	28254	68	2328	 32 
8900.96	12165	28254	50	1765	 30 
10104.6	11536	28254	68	2261	 26 
8297.57	14255	28254	45	1200	 18 
7833.55	14391	28254	58	2285	 17 
9502.63	12740	28254	48	2046	 15 
7828.34	13180	28254	72	2226	 14 
8294.89	13478	28254	49	1462	 9 
7220.64	16384	28254	18	728	 5 

8295.65	12049	27773	46	1825	 96 
10091.8	11863	27773	75	2305	 95 
9481.97	13486	27773	39	1683	 94 
8677.32	12916	27773	41	1998	 92 
7843.03	13148	27773	51	2000	 85 
8388.37	14309	27773	29	1238	 83 
10080.9	12700	27773	38	1826	 82 
8092.6	12495	27773	74	2270	 82 
7198.47	15537	27773	7	129	 75 
8671.23	13060	27773	40	1982	 66 
9481.84	13677	27773	37	1806	 66 
10097.3	12122	27773	40	1935	 64 
8387.65	14249	27773	31	1032	 63 
7812.09	13306	27773	41	1931	 62 
9489.21	12027	27773	46	2055	 60 
9274.72	12331	27773	40	1999	 60 
8229.34	12767	27773	49	1898	 53 
7197.09	14435	27773	14	304	 47 ***
9457.35	12026	27773	73	2389	 46 
10074.1	12002	27773	54	1993	 39 
10094.3	12170	27773	37	1718	 32 
8998.11	12045	27773	76	2331	 18 
7576.45	12880	27773	77	2575	 17 
10088.6	13487	27773	37	1712	 17 
8191.87	12054	27773	51	2076	 14 
8885.49	12537	27773	43	2037	 9 
9279.16	14063	27773	39	1844	 9 

10026.4	11038	24667	31	826	 98 
8351.02	10782	24667	44	1583	 97 
7768.44	11759	24667	49	1686	 95 
9406.4	9087	24667	66	2087	 95 
7806.45	10556	24667	48	1899	 94 
10032.6	9612	24667	42	1584	 86 
9233.87	10013	24667	39	1739	 83 
8160.33	10277	24667	47	1628	 80 
8035.51	10055	24667	60	1672	 79 
8226.02	10584	24667	45	1590	 79 
10024.4	9398	24667	43	1606	 79 
8844.83	11787	24667	24	993	 74 
8609.29	9914	24667	62	1898	 68 
8808.88	9347	24667	66	2000	 58 
8360.71	10154	24667	56	1709	 58 
10032	10443	24667	37	1173	 56 
7149.4	11922	24667	11	584	 56 
8418.32	10427	24667	44	1656	 55 
8611.52	9358	24667	45	1818	 52 
8132.3	9956	24667	67	2091	 49 
10014.6	8831	24667	67	2030	 49 
9225.1	10626	24667	39	1746	 46 
10024.5	10890	24667	34	862	 46 
10029.4	10841	24667	36	1096	 46 
9434.98	9083	24667	66	2140	 37 
8243.53	9954	24667	58	1333	 37 
7146.98	12439	24667	17	419	 37 ***
8341.82	9255	24667	67	2092	 35 
8153.59	11553	24667	43	1728	 33 
10032.8	9872	24667	41	1737	 30 
8829.88	10894	24667	32	1065	 30 
8934.96	11357	24667	20	904	 27 
8356.97	9692	24667	66	2144	 26 
8829.1	11910	24667	14	801	 19 
8626.33	9667	24667	43	1760	 11 
8818.23	10829	24667	40	1505	 8 
8341.79	11733	24667	27	952	 8 
8238.01	11125	24667	42	1798	 6 
9220.66	10158	24667	40	1264	 6 
8614.51	10377	24667	42	1714	 3 
10021.4	8878	24667	58	1470	 3 

8027.85	9042	20742	37	1019	 96 
7428.13	7118	20742	40	1440	 89 
6399.64	7218	20742	43	1546	 83 
5953.4	7285	20742	42	1685	 83 
6140.69	6757	20742	56	1921	 83 
6822.91	6749	20742	44	1753	 81 
8137.52	9854	20742	34	926	 79 
6141.89	6665	20742	51	1953	 77 
6952.76	10119	20742	13	260	 69 
6143.83	6528	20742	57	1967	 66 
6481.92	6967	20742	43	1768	 63 
9035.48	6132	20742	43	1738	 63 
8028.48	10002	20742	33	838	 63 
7822.58	9684	20742	39	1280	 57 
8147	9736	20742	19	369	 57 
6951.28	10204	20742	13	260	 49 
8629.29	9640	20742	32	884	 48 
8212.15	6758	20742	41	1715	 47 
6148.18	6086	20742	46	1745	 43 
8415.93	8414	20742	39	1447	 40 
5949.18	7032	20742	58	1952	 40 
7432.96	6766	20742	42	1692	 39 
6153.23	7245	20742	41	1656	 37 
8030.66	9856	20742	35	882	 34 
8230.36	6161	20742	45	1794	 33 
8138.66	6014	20742	54	1659	 22 
5339.47	7239	20742	53	1580	 22 
5932.33	7844	20742	52	1584	 21 
6954.5	10314	20742	12	245	 16 
4541.22	5488	20742	61	2031	 10 ***
8631.86	9425	20742	36	897	 6 
9017.51	6082	20742	44	1790	 3 
8030.45	9924	20742	32	766	 2 

8644.93	8905	22469	27	658	 78 
6989.22	8266	22469	28	494	 49 
8057.99	8996	22469	27	671	 33 
6477.75	9179	22469	46	1231	 20 ***
6841.15	10574	22469	45	1537	 15 
8389.35	7929	22469	41	1374	 9 
7754.65	7504	22469	45	1020	 9 
7237.57	9021	22469	23	592	 7 
8065.35	9144	22469	16	547	 1 

8534.05	9410	22941	52	2340	 99 
7274.37	12313	22941	61	2568	 92 
9061.05	9937	22941	23	691	 92 
7876.7	9674	22941	58	2248	 88 
9560.27	8841	22941	59	2157	 88 
8726.2	10052	22941	25	1566	 87 
7660.48	9816	22941	43	884	 85 
8250.08	10763	22941	31	2023	 82 
8252.43	10586	22941	19	521	 70 
8719.61	10316	22941	30	1757	 68 
9549.6	9084	22941	38	2082	 67 
9062.57	10137	22941	17	599	 50 
8956.63	9149	22941	59	2275	 49 
7381.09	11146	22941	58	2297	 49 
9073.46	9795	22941	28	1751	 48 
10148.3	9450	22941	28	1717	 48 
7396.79	10722	22941	35	496	 45 
7995.25	10821	22941	34	1958	 43 
8458.51	9197	22941	62	2583	 42 
8282.67	9504	22941	58	1975	 37 
8268.92	9921	22941	39	996	 34 
9543.96	9508	22941	38	1789	 29 
8455.88	9889	22941	34	2275	 29 
8468.12	9631	22941	38	856	 28 
8255.12	10335	22941	11	463	 26 
7092.39	10877	22941	62	2583	 23 ***
8251.88	9521	22941	41	1930	 21 
8250.43	11049	22941	28	1727	 21 
8011.86	10511	22941	32	476	 17 
8550.37	9272	22941	61	2568	 5 
7393.11	11270	22941	14	250	 3 

6420.46	10962	21496	58	2108	 99 
7828.45	11229	21496	12	199	 98 
8080.29	9242	21496	54	2150	 95 
10104.4	8780	21496	61	2051	 93 
9265.68	9531	21496	32	1979	 92 
7585.66	9554	21496	63	2483	 90 
10077.9	9354	21496	33	1249	 89 
7037.7	10454	21496	33	816	 85 
7499.21	11333	21496	12	214	 79 
7613.89	8670	21496	64	2491	 76 
8299.27	9498	21496	34	1809	 76 
7599.91	9362	21496	38	2051	 69 
8059.94	9317	21496	60	2219	 66 
7507.89	9943	21496	41	1322	 66 
9273.54	8913	21496	41	1726	 65 
8486.49	9056	21496	55	2138	 62 
7597.55	9546	21496	58	2212	 62 
8693.53	8904	21496	55	2285	 60 
6419.92	11030	21496	15	277	 60 
7014.54	11496	21496	12	274	 56 
6740.41	9820	21496	61	2353	 55 
8205.46	8432	21496	62	2055	 55 
6412.78	11523	21496	38	908	 54 
8084.96	8477	21496	64	2543	 51 
7859.62	9529	21496	33	1807	 51 
6412.61	11149	21496	39	903	 47 ***
7401.92	9683	21496	44	2000	 43 
9484.54	9122	21496	40	1850	 43 
8098.29	10769	21496	16	243	 42 
7945.91	8522	21496	63	2277	 37 
8208.57	10465	21496	14	290	 34 
10090.2	8416	21496	63	2299	 33 
8106.66	9772	21496	26	1404	 33 
7123.93	9179	21496	64	2543	 31 
8069.09	10052	21496	29	1688	 30 
8409.22	9115	21496	60	2118	 30 
7492.89	10883	21496	13	229	 25 
7035.53	10692	21496	34	819	 20 
7817.78	10850	21496	26	1088	 13 

7515.01	11183	21882	17	317	 100 
6321.25	11069	21882	34	872	 88 ***
6455.19	10510	21882	51	1708	 82 
7133.08	10765	21882	30	782	 74 
8940.31	10379	21882	30	1398	 67 
8332.39	11468	21882	6	105	 63 
6670.15	9465	21882	60	1951	 61 
6706.84	7344	21882	33	1605	 61 
8810.45	10669	21882	17	377	 53 
7732	10673	21882	31	1463	 46 
6683.21	8582	21882	60	1967	 45 
6329.7	11396	21882	12	272	 42 
6418.3	10211	21882	57	2202	 39 
8797.77	10636	21882	27	1432	 34 
8598.78	9799	21882	31	1461	 31 
7731.6	11306	21882	9	143	 30 
9186.41	9561	21882	30	1447	 20 
7713.19	7062	21882	54	2084	 17 
9205.04	10544	21882	25	1112	 10 
6322.84	10725	21882	32	827	 9 
6340.39	11369	21882	24	519	 8 
7139.9	10447	21882	32	872	 4 

10163.4	12439	24549	22	1168	 98 
9540.8	10000	24549	60	2100	 94 
8963.91	12550	24549	24	1187	 80 
8732.36	11308	24549	33	1659	 70 
8737.1	11650	24549	30	1594	 67 
9087.24	11050	24549	59	2254	 56 
10162.8	11444	24549	30	1362	 56 
9359.93	12392	24549	26	1439	 55 
9340.96	10059	24549	52	1947	 55 
8532.13	12416	24549	30	1628	 55 
8739.85	12741	24549	22	1378	 53 
7279.13	13406	24549	5	52	 53 ***
9068.44	11256	24549	63	2168	 51 
7887.27	12954	24549	29	1287	 46 
8526.27	12171	24549	34	1658	 39 
7465.05	13261	24549	63	2352	 38 
8961.08	12761	24549	5	78	 36 
7756.04	12908	24549	53	1959	 33 
9340.07	10883	24549	58	2164	 29 
7875.89	12747	24549	33	1463	 25 
7901.29	12568	24549	44	1767	 25 
9346.49	11539	24549	27	1277	 23 
8150.79	12969	24549	13	218	 21 
8167.97	12181	24549	31	1429	 19 
9337.59	12036	24549	27	1477	 18 
8452.28	11421	24549	35	1460	 16 
9336.49	11492	24549	29	1605	 14 
7665.26	12467	24549	60	2018	 14 
7875.94	11433	24549	62	2352	 8 
8262.44	11261	24549	37	1731	 3 
7657.84	13105	24549	63	2352	 3 

10260.2	9849	25922	27	1379	 81 
8471.2	11182	25922	5	125	 79 
9673.46	10841	25922	28	1553	 75 
9215.49	10682	25922	31	1581	 73 
8467.19	10843	25922	34	1445	 71 
8004.86	11354	25922	5	313	 66 
8597.48	10893	25922	4	99	 58 
7998.57	11621	25922	3	249	 53 
8038.76	8974	25922	49	2237	 51 
7993.58	10998	25922	6	369	 37 
7390.74	11837	25922	4	493	 34 
9174.52	10094	25922	33	1620	 32 
7657.85	10383	25922	46	1648	 26 
8371.18	10928	25922	36	1747	 26 
8383.9	10555	25922	36	1450	 24 
7296.13	11005	25922	36	1713	 21 ***
8376.03	10202	25922	38	1931	 12 
8013.73	10309	25922	64	2135	 10 
9200.75	10022	25922	40	1481	 3 

