#9026.53	27091	29325	0	0	 94 
#8806.17	29773	29325	0	0	 91 ***
#9412.13	24766	29325	0	0	 67 
#10237.6	21646	29325	0	0	 66 
#9032.16	25636	29325	0	0	 65 
#9144.27	24917	29325	0	0	 60 
#10225.8	22225	29325	0	0	 20 
#9607.76	22646	29325	0	0	 11 

10090.6	16855	25246	38	796	 100 
10090.8	20042	25246	26	332	 94 
10095.3	21432	25246	24	537	 91 
9030.67	17413	25246	72	2714	 86 
9289.83	17050	25246	42	1176	 86 
9494.54	22572	25246	25	650	 82 
9273.07	21175	25246	27	690	 80 
8684.65	23372	25246	20	575	 77 
8209.19	22463	25246	69	2903	 76 ***
9284.4	19188	25246	27	561	 66 
8672.45	19308	25246	39	811	 65 
8913.64	17214	25246	73	2759	 63 
10093.1	18741	25246	28	325	 60 
10098.2	20612	25246	23	465	 53 
8439.63	21930	25246	72	1951	 43 
10090.5	16674	25246	39	785	 36 
8680.46	17504	25246	37	766	 35 
8684.9	22786	25246	23	358	 34 
8686.56	19465	25246	36	1210	 31 
8679.14	22802	25246	34	515	 26 
10088.4	16885	25246	70	2809	 23 
10091.7	19638	25246	26	295	 16 
8310.66	22295	25246	77	2813	 8 
8475.51	21396	25246	68	2637	 4 
9280.66	18407	25246	29	495	 4 
10088	15998	25246	79	3052	 1 
8681.55	21310	25246	29	885	 0 

9317.8	16703	26494	76	2918	 97 
8252.07	20084	26494	34	766	 94 
9066.67	18483	26494	67	2466	 93 
8008.3	18070	26494	81	2982	 93 ***
9078.86	18015	26494	66	2424	 73 
9535.2	15844	26494	80	2384	 70 
10147.9	15596	26494	84	2899	 68 
10147.1	17331	26494	62	2265	 64 
10132.3	17105	26494	64	2438	 59 
9346.63	18238	26494	64	2563	 59 
10148.3	17005	26494	57	2099	 57 
10143.3	16439	26494	78	2845	 55 
10139.1	18040	26494	63	2372	 50 
10154.9	15520	26494	81	2721	 49 
9049.71	17825	26494	72	2294	 41 
10144.2	16668	26494	65	2340	 35 
8253.18	18592	26494	24	737	 23 
9074.84	16522	26494	79	2637	 11 
9348.09	16824	26494	73	2540	 6 
8145.07	20147	26494	74	2839	 5 
10142.8	18111	26494	62	2274	 3 

8114.41	15282	29672	42	1199	 98 ***
10279.2	13716	29672	42	2193	 94 
10271.4	15132	29672	43	1700	 90 
8118.2	16159	29672	33	963	 90 
9194.55	14097	29672	46	2295	 87 
8134	19160	29672	21	960	 61 
9186.07	15355	29672	38	1099	 59 
8382.84	14490	29672	78	2937	 57 
8137.28	16596	29672	7	142	 42 
9204.84	16310	29672	11	182	 41 
10264.3	15236	29672	40	2232	 40 
8864.46	14322	29672	55	2442	 37 
10273.2	14401	29672	44	2388	 28 
9669.15	14680	29672	45	2246	 25 
9196.1	15279	29672	39	893	 22 
10281.9	14894	29672	41	2101	 18 
9202.35	15595	29672	37	1058	 10 
10282.7	16271	29672	13	467	 2 

8425.71	10744	29293	40	2048	 92 
9032.08	11069	29293	10	311	 89 
9032.2	10693	29293	8	421	 50 
8724.24	9613	29293	50	1760	 45 
10110.8	11658	29293	6	391	 33 
9037.5	11737	29293	6	270	 26 
7160.77	10325	29293	43	2097	 13 ***
8441.1	10284	29293	70	2462	 12 
9517.4	10361	29293	36	1625	 11 
7962.35	11253	29293	10	82	 9 

7854.95	10222	27923	34	1744	 93 
8937.58	12019	27923	33	1639	 86 
8828.59	9914	27923	63	2379	 82 
8947.27	11577	27923	32	1452	 77 
7871.65	12639	27923	8	241	 77 
9211.46	11337	27923	32	1720	 60 
7760.34	13341	27923	49	1444	 44 ***
8141.41	12439	27923	9	593	 36 
8945.58	12118	27923	9	669	 26 
8958.8	13698	27923	6	476	 15 
10014	12023	27923	29	1178	 9 
9403.51	11342	27923	31	1754	 4 
8039.17	9442	27923	65	2180	 2 
10016.2	10184	27923	29	1376	 0 
8929.94	12028	27923	24	1243	 0 

8768.94	10299	23299	29	1001	 97 
8776.12	10559	23299	24	877	 91 
7582.82	11063	23299	25	616	 85 
7966.8	9513	23299	64	2080	 78 
7582.92	12568	23299	22	673	 74 
6978.07	9912	23299	55	1812	 64 ***
7967.14	10642	23299	47	2036	 63 
7581.01	11409	23299	24	612	 62 
8777.54	10479	23299	27	1053	 57 
7972.27	9919	23299	46	1761	 52 
7594.69	12373	23299	22	673	 47 
8770.53	10101	23299	29	1023	 44 
8663.29	10929	23299	24	1283	 42 
9851.09	9994	23299	37	1440	 40 
8667.95	10784	23299	26	893	 38 
8774.94	10077	23299	28	1022	 36 
9863.52	9322	23299	51	2115	 33 
8783.33	13205	23299	20	840	 32 
8660.86	10976	23299	28	1022	 30 
8673.53	10389	23299	28	1008	 29 
7588.27	11211	23299	23	622	 24 
8661.02	10778	23299	27	993	 6 
8801.66	9224	23299	62	2026	 3 

6969.69	12934	22329	12	376	 90 ***
9024.49	10643	22329	42	1764	 83 
8760.68	10091	22329	58	2320	 74 
6975.41	12415	22329	21	487	 46 
8151.8	10829	22329	28	1015	 22 
7066.36	10771	22329	59	2112	 9 
7562.72	10943	22329	8	265	 5 

7867.41	15524	26894	22	438	 83 ***
8447.95	15525	26894	17	652	 76 
8227.63	14988	26894	64	2244	 70 
8320.07	13176	26894	22	943	 70 
8319.8	15396	26894	23	821	 47 
8927.27	14556	26894	20	691	 44 
9045.59	12865	26894	29	814	 19 

7646.49	12336	24404	21	516	 100 ***
7649.01	11531	24404	21	483	 91 
8744.9	12626	24404	13	626	 86 
8745.05	13014	24404	11	595	 80 
7646.61	11725	24404	21	483	 65 
8846.21	11474	24404	22	973	 39 
9318.36	11069	24404	62	2041	 29 
7648.72	12610	24404	15	440	 27 
8860.63	12710	24404	12	517	 23 
9104.45	11303	24404	61	2296	 18 
8746.3	12902	24404	11	703	 15 
7666.01	12776	24404	12	146	 4 

9057.44	12531	24831	48	1937	 90 
8679.15	13121	24831	13	553	 85 
7602.82	13095	24831	19	543	 84 
7000.69	14316	24831	57	1488	 77 ***
9869.23	12594	24831	47	1461	 76 
9070.24	11850	24831	48	1678	 65 
9877.86	11693	24831	51	1882	 56 
8674.23	12899	24831	17	534	 55 
8678.33	13729	24831	14	625	 39 
9880.91	11904	24831	47	1819	 38 
8203.15	13033	24831	56	1874	 31 
7596.76	13640	24831	22	487	 30 
8791.29	12291	24831	53	1586	 23 
8467.54	12576	24831	53	1878	 23 
8681.76	12652	24831	24	927	 22 
8678.01	13066	24831	15	705	 10 
9874.7	12683	24831	15	711	 7 
9066.35	11509	24831	53	1792	 1 

9833.76	11546	23425	67	2310	 88 
8767.85	13597	23425	56	1608	 86 
8749.01	12891	23425	58	1561	 86 
9044.31	12631	23425	41	1191	 80 
9852.4	12022	23425	66	2256	 67 
9840.72	12456	23425	56	1870	 64 
9849.54	12292	23425	64	2163	 62 
8652.8	13688	23425	59	1811	 60 
7576.17	14173	23425	26	751	 60 
8787.15	13626	23425	50	1656	 59 
9835.73	12175	23425	66	2309	 55 
8053.63	13716	23425	11	552	 54 
9851.27	12445	23425	60	1699	 47 
7576.31	14899	23425	13	537	 40 
8784.59	13584	23425	57	1412	 34 
9029.88	12816	23425	67	2306	 31 
7134.9	14158	23425	63	1807	 19 
6989.93	14510	23425	23	713	 13 ***
7588.46	13950	23425	25	982	 8 
9036.94	13533	23425	57	1510	 4 

8666.97	16027	23944	64	1651	 100 
9252.14	16071	23944	60	1790	 99 
9874.57	15356	23944	51	1627	 81 
8764.07	15894	23944	65	1868	 79 
9051.09	16322	23944	59	1815	 78 
9862.17	15833	23944	54	2012	 73 
9846.55	15790	23944	60	1749	 72 
9835.39	15513	23944	71	2285	 70 
8056.6	17148	23944	19	557	 60 
9857.15	14939	23944	62	1583	 59 
8437.76	15939	23944	67	1880	 58 
9844.34	14824	23944	65	2096	 55 
8077	16379	23944	10	484	 49 
8781.04	15551	23944	63	1834	 45 
8666.88	16275	23944	63	1842	 43 
9063.74	16324	23944	53	1729	 36 
7592.99	17656	23944	8	58	 31 
9842.28	15781	23944	61	1932	 30 
8074.51	16575	23944	9	97	 23 
9259.03	15853	23944	25	626	 19 
9837.82	15403	23944	64	1921	 3 
7578.74	16708	23944	21	690	 2 ***
9847.08	15292	23944	61	1939	 0 

10028.2	13958	25835	50	1307	 82 
10033.1	12650	25835	53	1416	 65 
10019.3	14573	25835	51	1386	 64 
8831.28	14616	25835	33	1414	 64 
7768.23	16659	25835	18	400	 63 
9438.38	12010	25835	62	1754	 61 
8951.06	16801	25835	11	211	 61 
8946.53	15409	25835	27	1052	 60 
7759.48	16440	25835	25	489	 58 
8835.57	15916	25835	23	470	 57 
10032.4	11917	25835	55	1413	 56 
10020.7	12755	25835	52	1265	 55 
8169.57	11017	25835	64	1885	 55 
8610.86	15284	25835	62	1506	 53 
8840.09	16539	25835	12	222	 46 
8951.43	16451	25835	9	192	 42 
10030.2	16186	25835	17	322	 39 
7759.96	16162	25835	29	887	 37 
10020.1	13933	25835	53	1437	 32 
10005.8	10963	25835	66	1827	 28 
8626.09	13354	25835	56	1426	 22 
8944.89	15155	25835	32	1123	 21 
7781.26	16652	25835	24	1211	 18 
7749.06	17181	25835	24	917	 12 ***
8833.98	16313	25835	28	1011	 7 
8840.58	15898	25835	27	994	 6 
9420	13250	25835	54	1428	 0 

10155.7	15435	27228	60	1989	 97 
9080.78	16324	27228	60	2099	 96 
10155.7	13758	27228	62	1853	 90 
8962.09	17323	27228	20	885	 89 
8957.63	17612	27228	23	873	 87 
8961.07	16887	27228	27	934	 82 
10157.3	18273	27228	9	325	 78 
10155.2	17132	27228	21	1175	 77 
10156	15776	27228	58	1730	 76 
9071.32	17170	27228	26	995	 76 
8477.99	16391	27228	68	2206	 69 
10153.5	15987	27228	54	1680	 60 
9082.73	17640	27228	19	982	 60 
8180.8	17314	27228	67	1949	 56 
8961.16	17652	27228	21	830	 55 
9082.82	18383	27228	16	655	 54 
8971.99	17229	27228	26	1235	 49 
9073.14	17995	27228	19	1101	 47 
7886.7	18448	27228	21	601	 46 
10156.2	17021	27228	22	796	 38 
9070.14	16652	27228	65	1793	 35 
9549.35	14366	27228	61	1820	 31 
10156.2	16240	27228	26	1179	 29 
9075.81	16685	27228	64	2033	 28 
10158.3	14675	27228	59	1989	 28 
8742.09	16880	27228	64	1830	 21 
8954.85	17458	27228	24	874	 12 
9070.22	15081	27228	66	2055	 11 
10153.9	15501	27228	60	1729	 10 
7886.39	18468	27228	21	646	 9 ***
7890.59	18144	27228	22	594	 1 
10156.9	18301	27228	18	1039	 0 

7094.01	13472	26361	74	2796	 90 ***
9083.23	12612	26361	77	2841	 89 
9351.55	13467	26361	60	2437	 85 
8996.92	17721	26361	65	2457	 77 
10160.6	16417	26361	56	2263	 70 
8944.7	16211	26361	73	2779	 66 
9100.86	18418	26361	13	829	 64 
7896.58	19066	26361	19	569	 63 
7906.18	18549	26361	7	314	 55 
8982.29	18486	26361	57	2187	 46 
7896.52	19272	26361	19	340	 46 
7890.17	18791	26361	22	705	 45 
9084.14	17008	26361	30	1147	 38 
9345.93	16439	26361	71	2695	 27 
7901.53	18670	26361	9	82	 22 
9087.29	18445	26361	21	1139	 16 
10162.4	18251	26361	29	1261	 15 
7901.06	18843	26361	10	326	 12 
8979.45	18498	26361	10	820	 10 
8295.83	13049	26361	75	2693	 7 
9117.15	16760	26361	70	2673	 5 
8990.07	18181	26361	30	1276	 2 

7829.99	14272	28254	11	496	 94 
7825.34	11836	28254	13	264	 93 
7027.64	13164	28254	15	441	 66 
9487.92	11804	28254	66	2107	 46 
7023.91	14019	28254	14	194	 42 ***
9507.07	11269	28254	36	1478	 27 
9281.4	11765	28254	70	2399	 27 

7007.71	13899	27773	5	24	 95 
10091.8	12509	27773	38	1825	 91 
8671.31	12441	27773	44	1707	 90 
9282.19	11582	27773	46	1997	 87 
8872.07	11973	27773	74	2474	 87 
8402.61	12554	27773	77	2568	 83 
9280.4	12293	27773	44	1612	 76 
8681.04	13200	27773	39	1780	 66 
9472.24	12096	27773	41	2002	 62 
8887.92	12703	27773	39	1943	 48 
8898.48	13002	27773	30	1075	 48 
10080.4	12937	27773	38	1528	 33 
8217.52	13046	27773	42	1489	 31 
8273.42	12769	27773	46	1987	 20 
7813	12661	27773	69	2142	 17 
10092.3	12386	27773	38	1826	 13 
7018.59	12725	27773	72	2183	 11 
9028.79	12111	27773	47	1829	 5 
7005.24	13324	27773	7	56	 5 ***

8240.97	9260	24667	67	2144	 83 
8030.49	10164	24667	54	1268	 80 
7323.82	10931	24667	39	1782	 80 
6964.73	11570	24667	16	528	 75 ***
7763.09	11650	24667	14	534	 68 
8424.68	9271	24667	65	2024	 67 
8151.6	11202	24667	16	754	 58 
8961.15	9115	24667	35	1601	 55 
10037.8	10392	24667	32	1587	 44 
8038.79	10508	24667	21	894	 44 
9242.94	8766	24667	68	2152	 35 
7756.91	10672	24667	44	1486	 25 
8025.44	10850	24667	17	727	 21 
10032.1	8280	24667	65	1966	 16 
8026.55	9728	24667	64	1803	 14 
8333.87	9910	24667	33	1269	 12 
8418.44	9320	24667	64	2032	 12 
8953.57	11134	24667	14	803	 9 
8140.71	11224	24667	15	854	 8 

5541.51	7722	20742	53	1479	 100 
7830.74	9456	20742	37	1019	 97 
7126.79	6580	20742	41	1774	 92 
8639.13	9764	20742	16	466	 87 
7812.05	6447	20742	38	1515	 81 
5536.47	7938	20742	45	1865	 80 
8044.37	6365	20742	41	1560	 80 
7833.69	6858	20742	36	1675	 80 
7609.1	6947	20742	38	1684	 69 
6752.28	9986	20742	32	766	 63 
6752.74	9973	20742	13	269	 56 
4838.87	6604	20742	63	2091	 54 ***
8638.38	8308	20742	31	825	 52 
6474.67	6820	20742	39	1552	 50 
6037.42	7604	20742	59	1765	 47 
7544.88	7431	20742	38	1500	 43 
6769.62	11209	20742	9	367	 38 
6772.6	11069	20742	8	352	 30 
6049.78	5526	20742	57	1821	 27 
7831.58	9946	20742	16	466	 26 
6143.95	7119	20742	41	1767	 21 
6522.84	6485	20742	43	1842	 18 
7428.03	6232	20742	45	1828	 18 
8625.25	6144	20742	40	1774	 15 
6045.72	6732	20742	42	1834	 15 
7426.92	6330	20742	43	1849	 12 
7218.96	6476	20742	43	1820	 11 
7830.45	9924	20742	17	481	 10 
6752.7	10736	20742	25	644	 8 
7829.11	9572	20742	35	1015	 7 
6773.68	11123	20742	7	357	 6 
5774.51	6477	20742	63	2029	 5 
7820.16	5671	20742	53	1722	 1 

8362.18	9817	22469	8	171	 96 
8028.37	9179	22469	19	861	 90 
7347.67	10152	22469	6	140	 88 
6756.23	9372	22469	49	1332	 84 
7221.36	10026	22469	9	393	 64 
9239.4	8951	22469	25	990	 63 
6564.91	8378	22469	59	1875	 59 ***
9442.64	8081	22469	53	1788	 35 
8969.03	8940	22469	26	1150	 35 
8834.12	8929	22469	36	1327	 33 
8172.43	8362	22469	43	1478	 31 
7451.94	8637	22469	57	1799	 23 
6950.31	9358	22469	11	361	 23 
8647.52	9058	22469	41	1414	 21 
7758.9	9916	22469	8	171	 3 

7455.61	9856	22941	29	709	 98 
7375.74	9784	22941	61	2339	 76 
7463.45	8777	22941	26	922	 66 
7478.25	9292	22941	13	441	 65 
7723.06	9114	22941	25	740	 55 
7444.74	10275	22941	48	2275	 29 
7739.72	8440	22941	26	663	 16 
8285.58	8907	22941	15	807	 13 
7195.55	10955	22941	54	2166	 3 ***

8224.32	11183	21496	20	597	 97 
6991.86	7256	21496	65	2551	 90 
7117.27	11421	21496	30	553	 87 
9006.01	8570	21496	42	2217	 86 
8205.2	9390	21496	25	647	 84 
6602.92	9545	21496	52	2320	 75 
7598.33	8673	21496	60	2406	 71 
7126.76	10967	21496	33	812	 67 
10110.4	8972	21496	38	1866	 60 
8671.03	9056	21496	44	2108	 42 
8077.46	9083	21496	52	2320	 37 
7129.36	9109	21496	27	434	 36 
8224.77	10937	21496	20	597	 32 
7012.47	9009	21496	54	2402	 4 
5279.02	7858	21336	61	2033	 4 
8387.33	8706	21496	48	2192	 2 
5954.62	9018	21496	59	2192	 0 ***

8180.1	7439	21882	39	1872	 81 
6317.69	11682	21882	63	2286	 80 ***
6484.25	10227	21882	32	772	 69 
6796.41	6984	21882	47	1693	 59 
8908.05	9922	21882	10	517	 51 
8787.72	9071	21882	28	1428	 50 
7292.8	9226	21882	23	1206	 47 
6516.98	9341	21882	53	2062	 47 
7620.78	6595	21882	62	2271	 41 
6523.06	7938	21882	60	1768	 40 
7033.6	8342	21882	29	1672	 39 
9385.52	9032	21882	28	1571	 36 
6691.79	11068	21882	29	727	 34 
8095.96	10295	21882	8	397	 31 
7287.13	10331	21882	10	383	 22 
6886.8	8522	21882	29	1482	 10 
6397.08	10471	21882	58	1929	 6 

7543.21	12250	24549	61	2048	 96 
8956.08	14708	24549	8	128	 96 
8170.96	11152	24549	55	1946	 95 
7900.11	12004	24549	58	2293	 95 
8163.4	12195	24549	44	1638	 88 
8940.39	11820	24549	33	1611	 77 
8139.02	11545	24549	54	2172	 74 
10162	11009	24549	50	1991	 70 
8727.48	12004	24549	29	1191	 70 
7553.13	13441	24549	16	216	 63 
10142.8	11039	24549	31	1520	 54 
7366.14	13709	24549	51	1808	 54 
8471.68	13844	24549	12	242	 54 
7274.23	13997	24549	28	407	 53 ***
9555.54	11457	24549	31	1573	 49 
7631.06	11014	24549	61	2092	 48 
9357.55	10389	24549	54	1911	 43 
9072.56	13726	24549	11	192	 40 
9546.44	11708	24549	30	1273	 35 
9337.82	11872	24549	31	1307	 35 
7878.92	13910	24549	9	136	 31 
7463	12352	24549	50	2110	 29 
8262.34	12031	24549	23	724	 27 
8948.53	11038	24549	33	1536	 13 
8008.96	12146	24549	56	2217	 3 
8259.68	12368	24549	34	1648	 1 
10123.5	9747	24549	60	1986	 1 
7876.55	12431	24549	13	240	 1 
7974.95	10367	24549	59	2009	 0 

8368.17	10165	25922	63	2359	 100 
7995.21	11478	25922	50	1525	 99 
9478.96	9481	25922	55	2013	 97 
8470.3	11122	25922	18	1002	 97 
9196.7	10731	25922	28	350	 96 
8596.81	10348	25922	44	1557	 93 
9669.9	10093	25922	54	1787	 93 
7402.64	12519	25922	16	508	 90 ***
8277.78	11293	25922	41	1857	 89 
10281.3	10025	25922	41	1829	 83 
8358.82	11005	25922	48	2271	 82 
9080.55	11962	25922	14	410	 78 
9655.2	9347	25922	65	2287	 77 
7993.75	11718	25922	30	528	 70 
10255.7	10201	25922	45	2109	 68 
8853.65	10058	25922	67	2438	 68 
7779.22	11665	25922	65	2461	 64 
9176.79	9940	25922	56	2169	 62 
8400.01	10575	25922	56	2004	 52 
7998.54	12359	25922	13	498	 48 
8010.56	11727	25922	29	720	 46 
10285	9906	25922	54	2272	 45 
9465.38	9409	25922	58	1944	 42 
8390.04	10695	25922	43	2174	 40 
7790.41	11731	25922	64	2213	 35 
8480.24	10550	25922	48	1638	 29 
9073.32	9676	25922	57	1873	 27 
10271	10100	25922	46	2080	 27 
10265.5	10178	25922	48	2057	 27 
8001.85	12625	25922	7	184	 25 
10285.6	9771	25922	43	2225	 23 
8376.22	11687	25922	39	2184	 19 
8016.27	10309	25922	57	2055	 17 
9445.88	9641	25922	67	2439	 17 
9053.94	10223	25922	43	1935	 15 
8003.23	12099	25922	13	516	 14 
10263.8	10182	25922	52	1803	 10 
9066.41	10092	25922	55	2178	 10 
9657.4	10228	25922	42	1829	 8 
9077.83	10806	25922	39	1987	 5 
9186.36	10899	25922	29	594	 4 
9079.46	10354	25922	37	2084	 3 

