#63	88	483	21	404	0	291	858	1023	499	
#319	0	288	472	64	185	130	279	970	1023	
#423	92	122	339	480	208	135	1023	0	908	
#12	30	385	263	374	34	634	929	46	1023	
#511	64	389	16	423	34	520	156	992	625	
#158	511	309	38	15	441	500	48	732	978	
#0	434	431	117	0	60	927	1023	186	552	 ***
#500	160	492	0	396	85	1023	123	106	845	

0	464	431	132	0	0	1023	442	335	560	
0	434	453	250	16	30	369	320	1023	492	
8	487	423	124	0	0	1023	442	382	498	
19	160	366	240	243	492	15	1021	655	176	
0	434	423	140	0	15	460	320	1023	572	
0	255	77	152	0	142	795	36	1023	907	
0	464	424	246	0	15	1023	335	382	498	
0	502	438	124	0	0	402	1023	316	582	
4	442	431	117	0	53	392	1023	525	400	
304	0	402	279	279	175	159	1023	766	0	
0	442	431	116	122	0	407	1023	349	497	
31	434	309	384	8	15	371	442	1023	370	
511	187	88	502	0	0	548	1004	0	547	 ***
122	434	309	132	122	60	493	1023	531	161	
122	464	431	132	0	0	377	331	507	1023	
368	8	244	168	30	305	688	1023	553	0	
373	289	0	288	500	484	374	1023	25	31	

396	0	289	244	168	186	316	263	566	1023	
75	202	321	179	490	4	346	1022	530	282	
453	187	88	508	0	0	548	1023	38	606	
8	75	138	161	87	61	978	1022	0	921	
492	187	88	258	0	0	800	1023	306	297	
225	255	103	288	0	244	792	1023	252	269	
512	144	335	51	289	0	130	0	1023	967	
454	199	118	259	259	0	548	1023	0	591	
511	431	149	259	0	0	609	675	0	817	
462	439	103	258	0	30	608	528	0	1023	
0	45	61	0	505	130	725	1023	962	0	
415	259	278	67	278	65	426	260	380	1023	
8	38	267	503	114	45	1023	301	550	602	
454	439	88	511	0	0	548	895	0	516	
454	179	88	274	244	0	635	1023	0	554	
484	247	103	258	0	8	548	1023	252	528	
244	289	0	393	122	38	540	0	1023	802	
289	457	16	393	397	100	284	1023	342	150	
244	252	214	304	349	20	445	1022	15	586	
462	236	118	258	0	0	1023	653	0	701	 ***
454	289	88	264	0	0	578	1023	0	755	
23	194	327	329	47	132	657	1023	339	380	
270	217	352	266	16	0	792	1023	0	515	
372	30	275	53	64	182	320	1023	141	991	
106	16	460	350	0	511	138	943	248	679	

68	425	4	313	319	511	131	106	898	746	
461	511	91	252	0	0	594	658	0	954	
339	198	354	286	0	197	1023	641	0	483	
289	396	68	189	175	511	171	1006	670	46	
283	259	317	39	53	179	1023	305	283	780	
307	511	248	500	0	0	587	579	0	789	
339	228	232	256	0	60	1023	885	0	498	
399	175	95	72	0	366	823	1020	0	571	
511	298	121	403	0	0	625	584	0	979	 ***
510	262	118	258	0	0	887	746	0	740	
339	198	511	258	0	0	781	754	0	680	
339	511	254	256	0	0	973	567	0	621	
399	175	91	313	0	32	568	920	0	1023	
354	198	110	135	120	30	1023	949	0	602	
316	114	0	243	274	0	556	0	1023	995	
339	442	110	256	0	15	643	1021	0	695	
0	511	15	175	190	350	212	860	243	965	
414	198	170	271	0	0	853	1021	0	594	
399	243	110	256	0	182	823	1021	0	487	
339	320	114	256	274	15	639	1021	0	543	
391	389	190	259	23	20	422	331	473	1023	
121	137	312	334	49	274	412	629	233	1020	

335	289	60	143	90	0	303	1022	305	385	
61	34	120	129	197	45	313	1012	0	1021	
243	109	23	0	129	0	152	235	1020	1021	
446	90	248	0	490	15	155	392	76	1020	
442	0	257	150	244	510	0	1022	75	232	
375	304	30	509	0	15	432	244	0	1023	
64	60	212	511	75	61	31	838	61	1019	
186	425	92	430	0	53	320	61	342	1023	
335	289	91	387	30	15	303	1022	0	460	
511	289	30	203	61	0	687	264	0	887	
334	166	45	60	61	0	274	0	1022	970	
343	289	120	387	0	0	1023	370	0	400	
311	511	60	68	186	0	72	985	305	434	
234	8	60	511	151	46	1016	0	0	906	
313	349	30	511	0	0	243	972	68	446	
343	321	30	387	0	0	490	338	0	1023	
90	152	244	30	456	511	320	122	8	999	
395	304	30	417	0	0	303	460	0	1023	
511	289	45	387	61	0	413	263	0	963	
259	475	90	0	182	511	0	1022	61	332	
498	61	49	182	304	61	91	940	511	235	
151	61	122	84	357	90	751	111	182	1023	
327	289	30	226	0	0	304	348	1023	385	
60	68	27	91	354	215	244	274	578	1021	
4	90	0	0	136	0	978	1015	381	328	
289	83	511	0	34	456	0	0	970	589	 ***
61	303	15	0	511	60	0	1006	732	244	

215	75	167	30	45	379	395	137	304	1023	
185	158	287	0	60	456	0	289	312	1023	
120	90	30	511	90	45	136	0	731	1017	
125	98	511	45	304	364	0	0	691	632	
49	90	45	0	121	0	882	1023	76	484	
75	30	503	109	45	15	561	289	120	1023	
365	30	135	0	334	94	0	578	211	1023	
231	165	136	0	30	379	0	396	410	1023	
0	45	364	90	15	0	997	225	15	1019	
244	90	511	105	150	15	0	0	1017	638	
260	165	182	91	30	334	1023	0	304	381	
200	135	197	0	60	501	1023	0	349	305	
30	120	30	0	510	136	244	467	211	1022	
245	83	197	15	152	364	1023	0	312	379	
30	60	120	135	30	45	49	412	866	1023	
506	485	500	45	0	0	136	1023	0	75	
492	511	34	53	0	0	319	0	938	423	 ***
285	349	125	0	60	0	30	151	1023	747	
91	150	459	511	30	120	0	396	1013	0	

258	180	34	45	0	0	319	0	1023	821	
120	45	135	75	30	15	1022	76	320	842	
234	211	34	38	15	0	426	0	699	1023	
354	511	34	183	0	0	304	0	729	565	
228	511	34	38	0	2	518	0	845	504	
0	0	511	304	60	0	91	60	1015	639	
282	80	120	0	511	166	0	516	0	1005	 ***
511	442	34	38	0	15	518	0	457	665	
60	15	212	511	0	0	91	0	1003	788	
228	180	511	45	30	0	304	0	699	683	
30	289	8	64	90	30	1022	124	1023	0	
243	180	34	75	0	0	426	0	699	1023	
228	180	34	38	0	5	426	0	746	1023	
228	511	49	53	0	0	304	0	718	817	

275	95	109	15	90	141	0	1023	0	825	
278	49	90	0	82	140	39	234	638	1023	
34	120	15	45	511	95	1002	109	244	398	
511	136	90	0	147	330	0	568	0	791	 ***
304	99	90	0	54	136	447	420	0	1023	
304	95	105	49	511	170	0	752	0	587	
274	106	106	12	511	136	443	412	0	573	
481	511	0	275	137	159	128	0	0	882	
91	81	60	290	511	45	907	165	149	274	
289	76	103	0	87	166	152	647	30	1023	
274	16	124	43	56	170	0	1023	0	867	
64	60	455	426	297	129	0	120	0	1022	
323	76	91	0	511	151	400	400	0	621	
76	259	102	90	511	124	119	278	182	832	
15	0	334	140	0	45	120	53	1023	843	
274	106	94	123	511	140	396	415	15	499	
60	511	185	94	310	0	91	958	334	30	
46	0	53	60	0	121	902	293	75	1023	
445	45	45	30	511	338	34	971	19	135	

259	246	65	317	53	80	249	1023	181	570	
323	391	79	289	511	177	94	98	60	1021	
103	271	120	228	0	105	122	372	699	1023	
257	83	245	0	173	15	319	1023	872	56	
242	61	274	30	103	365	30	124	791	1023	
106	30	113	139	201	304	282	227	618	1023	
263	136	30	85	0	128	616	1023	567	195	
358	178	212	121	117	511	0	717	0	829	
338	312	32	15	85	105	873	1023	155	105	
139	68	244	379	177	120	1023	0	749	144	
60	406	60	364	511	64	274	1001	190	113	
342	198	120	60	72	133	0	1023	488	607	
30	15	417	30	511	182	487	999	364	8	
383	258	85	8	83	193	0	1010	0	1023	 ***
328	511	327	0	80	133	0	561	663	440	
289	61	75	116	381	79	691	1023	166	162	

90	133	122	282	60	289	98	766	30	1023	
138	319	83	55	106	141	79	915	34	1023	
301	60	264	45	90	17	204	859	30	1023	
75	164	90	78	276	154	158	700	175	1023	
179	50	501	319	93	57	1023	596	75	0	
0	179	106	38	47	0	888	349	263	1023	
286	241	246	17	0	320	90	555	115	1023	
46	266	0	53	47	353	962	34	109	1023	
323	258	100	84	98	133	0	874	0	1023	
227	45	180	320	385	0	653	1023	0	60	
165	69	411	75	328	124	68	0	630	1023	
87	247	85	221	99	129	0	1002	0	1023	 ***
323	266	147	23	83	133	0	486	1023	409	

101	511	461	53	8	154	0	1019	64	189	
87	109	508	49	25	510	1023	49	200	0	
182	68	140	0	111	72	208	308	448	1023	
156	120	49	160	0	15	64	72	901	1023	
51	99	83	144	224	129	0	370	1023	437	
38	135	281	289	51	270	329	83	1023	61	
35	23	98	104	19	136	549	316	257	1023	
379	72	162	227	83	97	274	0	243	1023	
219	174	0	231	308	163	31	331	80	1023	
72	51	136	147	60	294	90	0	687	1023	
83	95	83	118	106	125	0	1023	440	487	
21	221	90	0	30	132	992	36	15	1023	
49	427	144	20	350	102	293	152	0	1023	
49	105	83	244	220	225	0	611	0	1023	 ***
60	160	84	0	438	83	1023	115	597	0	
89	82	0	44	109	429	357	329	98	1023	
64	259	87	257	106	99	372	263	30	1023	
285	57	38	135	15	53	64	871	19	1023	
160	0	60	497	109	64	84	0	563	1023	
319	60	511	145	231	45	368	0	245	636	
114	92	36	122	68	136	110	783	76	1023	
61	60	349	272	112	303	38	342	0	1023	
334	45	38	98	68	75	136	231	512	1023	
135	99	112	113	53	244	576	68	137	1023	
334	219	511	129	0	36	0	403	860	68	
511	129	85	116	113	129	0	636	370	471	

87	83	76	76	30	34	47	1023	142	838	
102	88	45	23	139	45	8	19	1023	944	
153	54	23	47	500	0	147	0	489	1023	
510	492	23	34	0	151	173	30	0	1023	
45	191	13	31	117	34	111	811	60	1023	
0	72	47	61	42	72	105	78	936	1023	
24	124	72	107	220	190	0	1023	0	676	
76	60	12	69	120	45	60	754	217	1023	
157	38	0	400	8	0	45	682	1023	83	
39	97	194	122	205	189	381	186	0	1023	
304	19	19	0	121	76	143	667	64	1023	
34	97	79	107	205	163	0	216	512	1023	
119	124	34	169	121	300	0	402	144	1023	
57	97	62	111	209	189	489	199	0	1023	
19	40	75	511	214	149	0	733	0	695	 ***
84	129	110	97	64	0	0	598	1023	331	
34	101	68	122	222	159	489	218	0	1023	
76	30	15	30	24	171	143	864	1023	60	
34	116	75	96	208	174	503	207	0	1023	
19	97	137	511	220	159	0	590	0	703	
212	45	163	476	0	65	34	329	89	1023	
166	49	21	56	8	164	21	834	94	1023	

349	46	86	236	162	409	109	1023	57	0	
40	133	335	511	23	140	121	92	369	713	
34	122	132	511	183	136	0	660	0	699	
191	9	8	511	72	38	408	1013	124	103	
0	467	208	12	509	122	27	30	1023	79	
426	75	4	185	300	511	156	583	164	73	
188	205	64	511	79	83	144	251	308	644	
259	12	156	511	205	97	583	168	129	357	
511	38	68	15	64	19	8	86	651	1017	
57	37	68	65	175	46	1023	57	38	911	
86	116	23	34	27	0	169	801	1023	198	
68	0	83	170	31	43	1023	153	65	841	
49	40	511	123	246	134	0	645	0	729	
23	57	215	152	213	149	0	645	0	1023	 ***
12	41	90	511	235	119	0	275	411	783	
78	107	61	511	105	132	73	552	75	783	
40	15	63	305	357	119	332	211	12	1023	
193	276	4	511	75	0	274	302	699	143	
103	305	24	511	200	132	964	74	164	0	
78	125	106	511	76	190	150	136	357	748	
100	79	132	511	323	94	671	161	0	406	
19	44	75	122	214	142	36	1023	385	417	
86	162	304	511	0	86	79	969	193	87	
30	15	103	270	154	510	89	283	1023	0	
27	40	132	511	229	153	0	275	367	743	
60	103	65	511	94	160	346	1016	76	46	
261	0	60	225	511	168	0	714	135	403	
370	42	38	511	53	70	121	995	60	217	
19	40	100	248	511	118	0	712	0	729	
19	44	75	511	213	115	0	653	370	477	
45	8	511	38	18	46	1022	513	127	149	
49	70	75	137	213	118	370	1023	0	422	

34	45	50	68	34	182	224	848	30	1023	
19	57	262	106	67	58	394	428	124	1023	
231	0	180	46	63	511	190	306	0	1011	
130	19	31	72	199	123	45	755	141	1023	
169	64	49	12	0	223	637	1023	246	115	
4	72	15	95	62	23	173	915	156	1023	
511	8	79	301	275	156	952	120	136	0	
90	27	158	114	0	162	45	798	1023	121	
182	94	490	511	27	139	1022	15	58	0	
70	91	164	96	83	23	250	1023	0	738	
176	87	511	504	53	94	385	143	0	585	
130	156	79	46	104	304	0	627	69	1023	
140	4	23	23	186	30	97	976	36	1023	
182	90	190	29	511	312	106	98	1020	0	
49	167	46	90	27	70	138	905	23	1023	
2	4	64	208	117	33	57	870	160	1023	
511	0	19	2	201	0	1020	94	516	175	
265	107	135	106	61	167	0	1023	0	674	 ***
34	361	60	95	95	119	0	751	0	1023	

17	101	398	295	107	166	0	882	0	1023	 ***
65	511	109	75	50	158	120	1002	534	365	
211	122	201	511	75	0	282	1017	566	4	
511	97	113	266	38	194	0	516	778	476	
276	283	181	90	61	511	0	952	0	635	
0	15	131	79	23	145	912	1023	470	191	
63	69	511	475	134	233	496	891	0	117	
77	223	261	120	66	235	0	1023	770	214	
25	489	120	510	0	158	487	580	0	620	
17	231	105	216	78	158	0	1022	748	414	
15	0	447	213	0	139	1019	64	1023	69	
39	8	152	34	197	0	1023	443	1018	75	
49	0	38	4	510	319	75	1016	184	794	
511	384	109	250	75	143	0	727	0	790	
124	122	0	292	32	0	1023	847	364	185	
32	278	511	89	0	49	981	685	60	304	
93	221	135	372	66	162	736	1023	0	181	
4	197	112	134	53	80	369	1022	1018	0	
511	315	394	310	8	178	0	666	0	607	
182	15	0	45	196	137	244	1023	1023	124	
2	103	109	60	34	462	0	693	504	1022	

139	390	87	280	115	121	0	819	0	1023	
34	344	389	510	75	145	109	1022	164	182	
81	252	0	353	154	124	728	259	1023	0	
261	101	162	299	114	166	0	1022	0	849	
2	107	361	280	182	351	0	669	0	1022	
141	336	60	411	21	45	150	1023	38	749	
62	161	64	410	388	424	153	1023	213	76	
130	249	60	141	304	68	159	1022	659	182	
0	509	511	334	4	203	959	196	258	0	
261	370	15	75	15	68	1021	1023	126	0	
510	79	171	266	160	138	289	974	338	49	
126	17	181	2	21	34	714	1023	264	592	
21	97	117	363	123	332	0	1023	0	898	 ***
130	60	137	136	15	152	244	61	1018	1021	
308	198	57	109	77	421	236	1023	199	346	
2	101	511	295	99	362	0	670	0	934	
197	30	120	77	182	289	979	57	23	1020	
0	84	76	30	8	105	456	949	246	1020	
336	319	175	0	61	32	67	923	38	1023	
17	159	511	295	107	163	0	854	0	868	
240	193	334	141	34	170	261	1023	45	533	
168	4	502	233	49	511	336	1022	61	88	

62	63	68	352	167	147	0	452	1023	418	
97	108	68	511	144	267	0	933	0	624	
30	195	60	223	203	79	61	1022	490	389	
8	190	259	509	511	319	0	819	137	0	
38	80	255	91	80	191	1023	994	0	0	
502	30	76	251	79	0	1023	152	90	549	
171	186	0	0	468	511	394	0	0	1022	 ***
2	93	72	511	326	207	0	592	0	949	
62	124	68	386	101	151	0	456	381	1023	
488	0	0	44	126	133	0	878	60	1023	
0	126	434	31	511	91	105	1016	0	438	
4	27	511	0	486	0	77	861	527	259	
2	67	68	447	84	151	0	630	280	1023	
0	130	85	363	91	361	1023	402	0	297	
0	61	506	511	182	90	244	186	972	0	
76	122	0	64	197	342	0	1023	198	730	
40	93	68	405	107	151	1023	470	75	320	
80	385	15	0	23	302	924	0	0	1023	
2	131	74	325	178	151	414	455	0	1022	
197	182	96	0	17	69	951	1023	0	217	
34	97	380	340	133	181	0	1023	0	564	
8	19	0	61	242	15	349	1023	853	182	
15	4	91	4	190	8	441	976	1023	0	
511	438	158	422	232	0	735	122	134	0	
331	84	0	30	248	262	133	1022	0	642	
4	93	68	418	129	207	0	490	1023	320	
4	193	202	106	278	319	8	1022	64	556	
2	61	133	325	80	121	1023	463	58	486	
248	196	0	511	4	0	95	1023	314	361	

171	510	0	0	506	109	630	0	0	733	
171	216	0	0	506	109	356	1022	0	279	
171	269	0	0	412	353	431	0	0	1023	 ***
171	186	30	30	511	117	630	0	0	984	
399	170	510	0	186	244	45	99	38	968	
511	186	0	0	468	109	699	0	0	686	
379	45	8	34	359	30	0	443	338	1023	
211	511	186	68	212	274	993	124	80	0	
182	186	0	0	498	511	652	0	0	630	
0	227	72	91	12	15	461	60	699	1022	
30	511	267	0	141	106	975	68	75	486	

34	75	511	90	117	282	938	122	0	671	
137	233	30	64	79	0	1023	342	628	304	
109	128	30	511	8	106	824	663	461	0	
118	102	0	45	393	368	794	0	0	1020	
99	15	68	366	312	60	1022	30	693	175	
136	117	307	0	438	511	815	0	0	516	 ***
80	102	8	38	438	34	355	762	0	1023	
511	304	30	121	342	15	396	30	76	1015	
511	444	121	0	393	286	520	0	0	565	
110	159	0	30	378	511	287	0	845	520	
140	102	511	308	401	34	317	548	0	479	

364	0	0	511	0	0	0	284	152	1023	
120	0	122	244	60	404	30	0	334	1020	
166	117	187	0	438	34	372	0	0	1020	
212	117	46	0	438	34	464	0	0	1023	
151	121	76	0	438	34	494	0	0	1020	
456	30	0	0	30	0	787	8	0	1023	
334	381	511	30	0	0	1018	60	0	0	
0	30	511	0	38	60	674	0	0	1021	
419	75	0	0	30	15	60	404	308	1023	
30	15	0	441	60	15	0	685	68	1020	
45	0	0	438	60	30	738	0	0	1023	
0	128	510	197	396	0	380	0	0	723	
121	143	46	0	438	30	533	0	0	1023	
30	0	30	152	0	0	80	1020	0	1022	
0	426	495	0	105	0	289	0	0	1019	 ***
121	109	46	0	434	38	441	122	0	1023	
0	0	45	152	23	400	68	334	289	1023	
0	0	504	426	30	0	60	305	1009	0	
0	30	0	507	0	364	1022	0	0	411	
136	117	46	15	438	511	372	0	0	699	

181	503	90	510	130	0	0	488	1017	0	
30	0	381	75	53	30	61	556	711	1022	
91	17	319	488	78	0	904	0	0	1022	
411	38	0	503	180	98	0	0	667	1022	
169	0	304	61	124	0	0	1022	244	995	
407	212	372	0	105	0	405	0	396	1022	
8	182	297	293	349	61	556	150	0	1023	
75	15	488	0	167	0	395	1023	0	756	
0	318	511	244	394	68	518	0	0	866	
0	144	506	366	297	511	0	821	274	0	
456	301	145	0	0	0	304	578	113	1022	
152	15	304	365	30	75	0	244	712	1022	
289	320	0	320	510	75	979	0	0	426	
0	160	304	49	469	244	548	123	0	1022	
60	441	511	15	485	38	533	0	0	836	
60	182	364	0	120	511	533	0	298	851	
15	90	445	274	182	252	304	335	0	1022	
75	442	289	259	120	0	533	0	178	1023	
0	75	0	0	510	274	760	0	1021	279	
244	135	472	0	244	68	30	1023	0	703	
0	60	0	280	304	38	0	697	518	1022	
68	309	274	60	289	306	94	0	496	1023	
510	244	501	160	319	0	259	926	0	0	
0	90	0	34	105	510	810	358	0	1012	
246	0	30	494	0	183	271	672	0	1023	
0	274	0	221	23	120	963	297	0	1021	
0	109	320	312	0	165	19	972	1022	0	
68	0	0	502	274	244	0	808	1023	0	 ***
252	213	380	488	105	90	357	15	0	1019	
338	16	105	80	488	304	0	93	472	1023	
0	23	30	0	0	402	492	147	803	1022	
0	0	61	23	304	45	1023	548	0	915	
0	198	358	0	105	105	792	0	339	1022	
0	510	76	334	404	15	0	64	556	960	
320	0	68	0	259	0	77	763	409	1023	

76	0	320	0	0	439	0	928	1023	426	
353	62	308	304	16	75	8	69	1023	994	
282	0	381	61	0	42	488	1023	0	935	
0	387	272	0	297	350	883	0	0	1023	 ***
364	46	0	53	244	244	444	794	1023	0	
60	319	0	99	511	244	268	758	953	0	
511	319	289	259	380	77	0	928	327	122	
488	30	259	182	0	305	0	304	621	1023	
0	0	12	511	0	30	244	906	488	1021	
98	120	63	38	252	249	381	980	1023	8	
366	312	271	106	511	0	304	0	765	577	
396	75	349	334	271	0	0	0	764	1023	
395	91	0	350	252	267	0	834	1023	0	
304	60	328	15	8	334	304	592	1023	244	
109	68	244	511	304	244	0	748	679	305	
510	0	60	84	244	496	304	745	769	0	
240	308	0	290	244	305	0	802	1023	0	
0	4	511	23	8	244	401	1022	931	68	
83	0	205	12	0	0	424	509	1023	956	

0	0	0	304	0	165	344	0	968	1022	 ***
4	344	0	120	244	0	1023	630	438	0	
42	75	90	243	19	0	244	823	244	1023	
274	69	150	0	8	0	608	671	0	1023	
60	15	0	30	274	316	310	694	81	1023	
488	151	0	60	0	0	928	64	91	1021	
0	334	511	0	30	0	30	914	8	976	
15	334	304	274	61	53	95	0	647	1020	
15	327	272	60	357	121	629	0	0	1022	
0	335	347	0	267	121	373	337	0	1023	
0	342	272	30	297	118	1023	0	0	721	
0	83	42	511	0	350	944	0	873	0	
60	511	302	0	312	76	339	0	899	304	
4	120	60	90	15	0	914	579	0	1021	
244	0	182	0	368	30	836	120	1023	0	
0	0	90	511	373	471	843	0	515	0	
0	327	272	0	286	121	403	0	371	1023	
8	357	287	30	297	110	692	0	0	1022	

0	0	0	349	0	286	402	0	485	1022	
60	0	304	60	76	511	955	548	0	30	
0	0	0	334	0	511	352	0	459	888	
274	30	61	120	34	0	60	117	825	1023	
90	511	15	244	0	120	0	0	1016	548	
90	0	0	0	0	289	992	150	0	1023	
497	214	511	259	0	76	0	0	0	987	 ***
242	244	30	0	120	0	77	244	564	1023	
0	30	0	334	0	195	461	0	501	1023	
60	511	60	15	0	30	60	985	518	305	

487	30	38	15	195	0	1022	0	931	0	
511	373	30	319	8	308	98	185	62	824	
511	150	308	389	206	67	503	0	79	505	
505	406	61	510	90	124	0	0	1022	0	 ***
506	203	304	357	16	63	152	680	0	437	
479	223	368	271	76	278	0	0	0	1023	
511	180	319	267	34	103	0	795	0	509	
491	225	304	263	0	61	726	0	143	505	
511	188	157	244	64	151	304	90	16	993	
0	511	338	0	105	368	0	1002	349	45	
207	188	511	304	60	77	0	821	0	550	
509	237	398	381	16	69	15	722	0	371	
511	368	0	45	485	163	30	256	860	0	
162	207	471	267	0	121	467	0	0	1023	
367	222	338	259	0	69	1023	0	0	440	
0	444	45	45	194	482	454	0	31	1023	
481	240	319	259	0	224	12	426	0	757	
90	511	49	122	79	312	610	0	0	945	
511	75	265	150	259	27	274	248	0	909	

75	395	252	46	434	0	494	1023	0	522	
505	376	320	344	201	198	0	274	1023	0	
505	406	305	381	90	106	426	0	1022	0	
312	370	145	308	365	289	317	60	1022	53	
511	498	305	430	353	338	0	0	806	0	 ***
394	252	60	23	137	69	273	349	1022	662	
505	376	61	388	60	64	1023	0	638	126	
65	0	350	387	87	284	244	90	1022	712	
30	315	124	485	338	0	366	119	441	1023	
335	136	90	256	49	462	126	370	1023	394	
271	244	181	217	511	30	0	1004	653	130	
0	488	54	0	0	460	1023	894	164	158	
501	274	80	317	364	162	0	228	1023	292	
90	471	350	8	338	290	633	1023	23	15	
165	280	45	415	275	175	618	0	1023	245	
60	72	30	503	511	72	713	260	0	1020	
244	275	278	511	87	90	91	1018	0	647	
488	197	0	120	185	511	0	120	985	635	
0	91	511	90	366	0	106	259	1009	809	
505	346	80	407	364	426	1023	0	90	0	
505	507	121	373	308	511	834	0	82	0	
75	8	274	228	367	27	0	814	1023	425	
45	0	499	511	184	152	623	310	917	0	
101	462	449	30	30	308	280	62	1023	496	
488	19	0	30	511	442	548	69	987	147	
68	60	312	152	511	477	659	1002	0	0	
278	274	150	216	304	61	76	1023	0	859	
509	128	366	0	331	94	448	68	1023	274	
75	98	259	511	426	253	244	363	1012	0	
293	278	339	57	21	364	68	0	1023	798	
256	369	288	45	0	384	122	368	1022	387	
304	304	214	75	122	12	244	170	1023	773	

