#9029.28	27846	29325	0	0	 100 
#9023.39	33613	29325	0	0	 60 ***
#9125.38	24384	29325	0	0	 39 
#10212	22878	29325	0	0	 33 
#10224.3	21739	29325	0	0	 1 

10079.6	18574	25246	46	1051	 100 
8897.84	21529	25246	19	438	 97 
8307.2	18070	25246	77	2514	 94 
10092.9	19103	25246	31	797	 88 
9489.47	17457	25246	64	1913	 84 
9492.13	16682	25246	72	2682	 79 
8897.65	20046	25246	26	461	 78 
9276.69	17548	25246	82	3122	 77 
10079.5	19270	25246	45	967	 77 
8911.66	19919	25246	64	2237	 75 
8898.52	20096	25246	25	446	 68 
8093.93	22899	25246	74	2242	 63 
9304.08	18040	25246	70	2634	 62 
9285.83	18001	25246	80	2961	 61 
7852.82	22828	25246	82	2850	 58 ***
9291.19	19481	25246	67	2527	 50 
10098.2	16553	25246	66	2797	 48 
10105.6	17103	25246	64	2225	 32 
8212.84	18383	25246	68	2767	 24 
10103.1	18036	25246	62	2554	 22 
9016.33	18344	25246	75	2400	 18 
8896.07	20349	25246	20	415	 10 
10094.9	19928	25246	27	691	 8 
10099.6	18186	25246	62	2505	 7 

7885.14	15454	26494	35	842	 98 
9075.56	16208	26494	34	1059	 88 
7880.01	16464	26494	32	786	 60 ***
7880.35	16321	26494	31	686	 36 
7881.81	19949	26494	26	704	 26 
7891.44	18903	26494	20	816	 25 

9093.92	14214	29672	75	2746	 70 
10274	13514	29672	42	2415	 62 
10266.6	14303	29672	66	2490	 60 
8001.52	14755	29672	7	577	 52 ***
10283.6	14498	29672	9	397	 46 
9665.9	13864	29672	76	2927	 44 
9197.06	14367	29672	12	809	 16 
10261.2	14103	29672	75	2884	 11 
10293.4	13839	29672	41	2175	 7 

10122.7	10626	29293	33	1940	 93 
8454.09	11174	29293	45	2136	 92 
8332.02	11341	29293	63	2017	 76 
7853.35	12112	29293	7	144	 76 
8938.45	11336	29293	8	387	 58 
7649.23	13547	29293	48	1805	 44 ***
9062.26	9205	29293	46	1998	 40 
9059.76	11545	29293	4	157	 29 
7854	11594	29293	4	53	 27 
8719.52	10818	29293	51	2191	 23 
7918.25	9964	29293	66	2473	 23 
9516.16	10755	29293	31	1754	 17 
8931.65	11269	29293	10	570	 17 
9052.92	10758	29293	8	617	 12 
9324.81	10585	29293	34	1981	 4 

6949.45	15218	27923	63	2333	 97 ***
8144.36	12866	27923	27	886	 97 
10021.7	10987	27923	23	725	 83 
8934.67	11634	27923	23	802	 77 
7759.55	11819	27923	63	2059	 76 
8602.02	10484	27923	53	2139	 73 
7736.39	11136	27923	65	2416	 71 
8146.7	12318	27923	18	739	 71 
10021.8	10580	27923	51	1860	 68 
8131.28	12656	27923	28	634	 66 
8629.25	12099	27923	23	800	 62 
9224.37	14150	27923	15	785	 61 
8133.92	11265	27923	44	1991	 59 
7350.81	15735	27923	47	1858	 57 
8390.75	10909	27923	64	2172	 52 
9417.13	10817	27923	40	1662	 43 
7521.36	12018	27923	30	935	 39 
8021.51	11472	27923	48	1540	 20 
8841.2	11048	27923	31	1524	 11 
10018.6	10841	27923	32	1312	 10 
9217.33	11918	27923	19	906	 8 
8147.85	12088	27923	28	916	 5 
10023.9	11710	27923	20	642	 2 

7978.53	8949	23299	66	2171	 96 
9052.34	11197	23299	29	787	 96 
6792.81	12223	23299	24	689	 93 
7593.73	13710	23299	20	783	 92 
7867.1	10542	23299	51	1891	 79 
8651.47	10389	23299	54	1928	 78 
9260.82	9994	23299	50	2117	 72 
7596.94	11506	23299	31	862	 67 
7707.13	9110	23299	67	2416	 66 
9848.02	9107	23299	54	2125	 63 
7604.34	11212	23299	29	772	 63 
7968.75	10694	23299	31	1031	 54 
6784.19	9578	23299	55	2217	 50 
6783.31	14009	23299	18	672	 42 
9258.08	9502	23299	57	2247	 39 
6794.35	11513	23299	29	772	 39 
8672.11	11908	23299	24	929	 38 
9052.81	9542	23299	54	2248	 29 
6782.64	12318	23299	25	704	 28 
6782.35	11720	23299	28	757	 23 ***
6783.65	11564	23299	27	528	 22 
9061.49	11547	23299	25	933	 20 
9043.69	8873	23299	58	2292	 19 
8671.01	10234	23299	53	1939	 17 
9260.83	9297	23299	54	2202	 14 
6784.06	12484	23299	24	702	 12 
9041.62	9784	23299	51	1988	 10 

9032.42	10675	22329	40	1644	 83 
7953.68	10957	22329	55	2096	 69 
7627.82	11579	22329	28	1197	 69 
9241.62	10445	22329	53	2081	 64 
7576.01	12899	22329	9	191	 61 
7955.72	10743	22329	19	967	 51 
7572.21	11873	22329	12	605	 49 
6764.06	12414	22329	18	539	 29 ***
9847.63	10448	22329	47	1836	 12 
7568.95	11306	22329	59	2020	 1 
9030.17	10641	22329	59	2341	 1 
7840.03	11293	22329	38	1199	 1 

8944	14532	26894	15	856	 99 
8447.36	13081	26894	21	1325	 93 
7862.71	13654	26894	18	684	 76 
9320.63	14330	26894	15	989	 71 
8241.84	15825	26894	13	592	 54 
7053.23	15837	26894	18	611	 29 ***

6840	12139	24404	22	662	 89 
9912.73	11456	24404	67	2292	 85 
8124.28	11589	24404	60	2290	 71 
9925.49	11368	24404	68	2674	 64 
9923.26	11531	24404	53	1879	 58 
6838.68	12263	24404	15	298	 57 ***
6840.69	12248	24404	13	101	 51 
6842.4	13399	24404	11	83	 46 
9923.66	11436	24404	56	1906	 44 
9935.51	11406	24404	58	1954	 41 
8045.7	11625	24404	24	878	 35 
9910.15	11478	24404	66	2384	 33 
6841.4	12765	24404	12	94	 22 
6839.38	12141	24404	16	313	 20 
6839.45	12476	24404	13	88	 15 
9910.91	11549	24404	64	2635	 10 
7650.41	12033	24404	19	587	 9 
9926.88	11996	24404	23	629	 4 

7609.09	13621	24831	20	451	 96 
8456.79	12947	24831	59	1945	 90 
8692.14	12081	24831	39	1692	 87 
7878.35	13337	24831	2	259	 85 
7606.66	14266	24831	27	759	 76 
8670.89	12817	24831	61	1973	 73 
9872.94	13009	24831	25	1031	 61 
7983.2	13169	24831	24	833	 59 
9885.28	12954	24831	4	256	 58 
9888.81	13209	24831	3	263	 48 
8688.82	12568	24831	39	1315	 45 
7608.34	14673	24831	23	772	 45 
7602.29	13494	24831	60	1838	 33 ***
9871.58	12797	24831	38	1093	 28 
8802.97	13250	24831	3	278	 26 
9073.69	13184	24831	6	465	 24 
8821.71	13097	24831	15	766	 22 
9273.04	12851	24831	35	1111	 18 
7877.16	13450	24831	24	1008	 17 
8694.97	13084	24831	26	1015	 13 
7627.5	13231	24831	56	1636	 11 
9879.34	12820	24831	32	1063	 4 

6976.72	14149	23425	26	490	 100 ***
7578.38	13740	23425	14	613	 87 
9039.09	11996	23425	54	1309	 76 
8180.94	12889	23425	15	645	 70 
8049.07	12694	23425	54	2072	 61 
9851.89	12277	23425	46	1720	 61 
9848.33	12503	23425	47	1805	 28 
6993.37	14290	23425	25	973	 16 
7575.1	13186	23425	19	487	 15 

8063.99	16220	23944	11	257	 97 
8764.48	15252	23944	68	1858	 96 
7589.09	16071	23944	21	589	 80 
9844.45	14578	23944	62	1384	 75 
9853.74	14968	23944	60	1895	 74 
8058.87	17192	23944	17	713	 73 
8658.25	15397	23944	28	1007	 51 
9248.55	15171	23944	62	1839	 30 
6976.41	15526	23944	23	713	 13 ***
9862.43	17151	23944	10	677	 9 

8245.6	17060	25835	23	897	 97 
9235.85	13381	25835	59	1703	 96 
10020.7	13994	25835	45	1334	 91 
7172.97	15339	25835	26	737	 75 ***
9221.4	13657	25835	46	1101	 74 
9220.47	13521	25835	48	1281	 70 
8830.28	15537	25835	18	927	 70 
8963.15	14082	25835	66	1508	 69 
10015.4	12542	25835	47	1570	 60 
9409.02	12029	25835	50	1624	 60 
8829.47	13319	25835	68	1566	 60 
8934.06	15229	25835	37	1165	 57 
8348.38	16310	25835	12	741	 50 
10031.2	13048	25835	46	1528	 37 
8939.06	14206	25835	37	1271	 37 
8832.06	14983	25835	65	1214	 34 
8945.42	14824	25835	17	1111	 27 
7785.69	16187	25835	24	409	 20 
7869.29	12552	25835	71	1919	 9 

10184.6	16732	27228	23	901	 100 
10175.7	15768	27228	52	1616	 92 
10163	12677	27228	56	1819	 79 
8495.83	16973	27228	15	717	 79 
8393.53	17108	27228	14	676	 69 
8269.69	13912	27228	64	1508	 67 
8989.44	16192	27228	53	1414	 63 
8956.43	14707	27228	54	1553	 62 
9329.18	12314	27228	64	2184	 50 
7904.69	18263	27228	18	505	 50 
10153.5	13604	27228	61	2080	 47 
10158.9	16809	27228	26	995	 42 
8378.65	17318	27228	15	818	 30 
7900.58	16946	27228	19	567	 14 ***

7912.82	18217	26361	6	341	 100 
7906.33	18752	26361	14	260	 84 ***
7916.95	17912	26361	21	668	 82 
10169.6	17412	26361	27	1253	 77 
8000.57	13559	26361	67	2364	 74 
7911.97	18153	26361	9	390	 72 
7907.7	18629	26361	17	306	 71 
8984.01	16298	26361	63	2275	 63 
10162.7	13215	26361	63	2588	 62 
9092.38	14909	26361	53	2040	 60 
8973.87	15745	26361	64	2137	 37 
8978.56	17777	26361	58	1824	 33 
8991.38	17915	26361	20	1031	 29 
8987.74	18140	26361	8	829	 21 
9106.45	17362	26361	31	1284	 14 
8982.21	18099	26361	10	891	 9 

8910	16861	28254	24	931	 100 
7835.53	17902	28254	11	250	 99 
8900.03	12937	28254	57	1953	 96 
8906.93	13069	28254	53	1698	 94 
8412.31	12468	28254	69	2048	 94 
7696.89	13378	28254	66	2014	 91 ***
7967.28	13248	28254	67	2256	 90 
9292.08	12998	28254	51	1712	 89 
8492.11	13078	28254	52	1881	 89 
7826.4	14576	28254	59	1952	 85 
8211.27	14651	28254	57	1663	 80 
8302.02	14016	28254	54	1751	 80 
8411.11	13948	28254	54	1876	 80 
9035.34	12376	28254	58	2176	 78 
8204.68	12603	28254	68	2106	 78 
7842.89	17580	28254	5	94	 77 
9284.16	11930	28254	63	1975	 75 
7840.17	12187	28254	72	2326	 71 
10095.5	12927	28254	53	1792	 70 
8209.79	13769	28254	58	2157	 68 
8207.55	13668	28254	60	2221	 66 
8698.15	12779	28254	61	2045	 65 
7834.14	17427	28254	15	341	 58 
8232.57	12855	28254	61	2141	 57 
7856.4	17415	28254	19	576	 55 
7841.09	17421	28254	10	323	 51 
8887.87	12649	28254	61	1935	 48 
8120.25	13693	28254	61	2263	 45 
9020.96	17382	28254	13	260	 45 
9010.11	11908	28254	67	2048	 39 
7954.04	13973	28254	64	2071	 38 
9283.44	12320	28254	63	2301	 37 
9287.79	11587	28254	55	2092	 35 
8217.8	13275	28254	60	2252	 31 
9026.24	16934	28254	17	307	 30 
8213.86	13308	28254	61	2139	 29 
7843.1	17084	28254	22	618	 28 
9018.71	16854	28254	27	966	 23 
10099.3	12794	28254	52	1769	 22 
9024.59	16997	28254	15	351	 20 
9018.21	13430	28254	49	1877	 18 
9022.13	12716	28254	57	1907	 18 
8474.08	13673	28254	56	1788	 18 
8910.31	17289	28254	15	325	 15 
10100.9	15037	28254	48	1810	 12 
8912.72	16459	28254	31	1084	 10 
8085.64	11510	28254	71	2326	 9 
9494.54	12362	28254	54	1949	 9 
8678.13	12644	28254	66	2070	 4 
8914.08	16035	28254	28	995	 4 
9498.9	11416	28254	68	1976	 2 
9018.31	12474	28254	64	2296	 0 

7673.74	13857	27773	19	602	 74 
7676.54	13664	27773	7	643	 68 
9270.33	11530	27773	68	2284	 67 
8202.33	11896	27773	44	1894	 62 
9261.86	11369	27773	74	2473	 56 
7677.56	13510	27773	22	904	 36 
7370.63	12954	27773	73	2199	 24 ***
7687.64	12396	27773	20	954	 23 
7682.2	13442	27773	6	586	 18 
8441.89	11623	27773	57	1724	 6 
7677.04	13518	27773	24	1058	 6 
10075.4	11334	27773	46	1403	 5 
9469.89	11715	27773	35	1493	 2 

8339.58	9954	24667	57	1947	 99 
8349.79	8714	24667	32	1357	 98 
8418.25	11568	24667	12	729	 95 
8942.85	11815	24667	9	631	 85 
8944.46	11232	24667	9	459	 84 
7334.51	10799	24667	61	1786	 79 ***
8141.33	10102	24667	19	898	 74 
8010.5	10226	24667	59	2113	 65 
8047.35	9885	24667	64	2027	 56 
9209.45	9927	24667	29	1277	 53 
7345.06	11198	24667	14	746	 47 
8029.58	9987	24667	55	1958	 45 
10024.1	9872	24667	27	1153	 39 
8941.27	11770	24667	11	629	 39 
8128.52	9096	24667	65	2030	 29 
10017.3	9696	24667	29	953	 28 
10024.7	9897	24667	24	862	 26 
7888	10891	24667	59	1959	 25 
8138.05	12078	24667	11	549	 25 
8330.69	9267	24667	58	1886	 19 

6512.71	6650	20742	29	934	 97 
7140.76	10231	20742	19	379	 95 
8625.33	5723	20742	35	1575	 90 
7148.8	9903	20742	7	422	 85 
7150.96	9904	20742	6	418	 73 
6474.45	5995	20742	39	1125	 71 
5988.32	6121	20742	57	2038	 70 
7956.62	9873	20742	7	422	 64 
5776.44	6817	20742	56	1779	 62 
6874.15	9492	20742	26	766	 62 
5457.75	7363	20742	58	1778	 55 
5340.12	6927	20742	65	2144	 49 
6733.25	7443	20742	27	1126	 46 
9230.52	6167	20742	32	1297	 44 
5929.47	6836	20742	31	820	 42 
6149.01	6788	20742	33	1518	 42 
7140.26	10416	20742	18	366	 39 
5652.62	5830	20742	61	1565	 32 
6204.43	6177	20742	34	1523	 32 
7150.59	9196	20742	18	586	 28 
7956.7	9175	20742	10	516	 23 
8217.55	7089	20742	28	1176	 17 
7337.18	5605	20742	58	2007	 7 
7957.58	9035	20742	11	531	 7 
5268.6	7825	20742	65	2129	 4 ***

8050.08	9762	22469	19	734	 100 
9446.86	8181	22469	25	1038	 96 
7774.15	10209	22469	22	1146	 90 
8378.88	9680	22469	13	371	 89 
7460.13	10634	22469	21	880	 87 
8847.56	8149	22469	60	1905	 81 
8859.32	8259	22469	31	1375	 79 
8373.64	10036	22469	7	145	 67 
8363.69	10113	22469	18	737	 66 
6982.14	9088	22469	23	1154	 49 
8980.24	11188	22469	6	115	 48 
7560.91	10307	22469	20	963	 45 
6758.56	10283	22469	23	1108	 44 
8876.37	9605	22469	18	1025	 43 
6116.28	11459	22469	13	255	 42 ***
8252.33	9605	22469	22	1135	 32 
9457.93	9442	22469	21	1039	 27 
7781.14	10230	22469	20	1070	 22 
7760.21	8522	22469	50	1790	 21 
8971.02	9568	22469	21	1056	 19 
6732.11	8877	22469	58	1601	 18 
10052.8	9402	22469	21	1153	 7 
8649.58	8939	22469	43	1546	 3 

8129.16	9279	22941	61	2339	 96 
9094.53	8683	22941	39	1887	 91 
7884.54	11127	22941	23	721	 90 
9061.6	9258	22941	61	2523	 88 
7297.12	10677	22941	59	2423	 83 
6818.57	11196	22941	11	225	 79 ***
10157.1	9657	22941	30	1976	 75 
7884.73	10919	22941	44	932	 74 
8278.46	10063	22941	30	1963	 72 
10149.4	9154	22941	36	1992	 64 
9090.84	9728	22941	36	1998	 62 
9549.25	9663	22941	33	1990	 61 
7885.46	10129	22941	28	1931	 60 
10155.3	10139	22941	27	1642	 45 
9084.32	9586	22941	60	2553	 44 
8366.89	10039	22941	33	1935	 41 
7314.06	10225	22941	57	2271	 38 
10171.5	10301	22941	24	1681	 34 
7662.38	9762	22941	59	1973	 31 
7859.65	11131	22941	52	1979	 31 
9543.55	9732	22941	32	1979	 29 
7405.79	11700	22941	7	427	 28 
7869.96	9351	22941	61	2461	 25 
8475.92	10857	22941	13	300	 25 
8483.1	10736	22941	23	1511	 23 
10156.5	10319	22941	25	1831	 22 
8936.53	9712	22941	41	2212	 9 
8964.03	10834	22941	15	570	 8 
8965.3	9693	22941	39	2089	 6 
9088.87	10605	22941	17	597	 6 
8739.59	9651	22941	60	2508	 1 
10152.5	10035	22941	30	1622	 0 

6162	11305	21496	64	2491	 84 ***
6371.2	8033	21496	65	2551	 73 
6679.29	10251	21496	61	2464	 68 
6765.3	9421	21496	30	565	 67 
7832.61	8559	21496	23	708	 62 
6747.94	9568	21496	14	261	 60 
6420.22	6045	21496	63	2063	 49 
6720.28	7072	21496	31	1979	 48 
7938.56	8697	21496	12	489	 47 
7824.16	9375	21496	9	432	 24 
7210.21	9138	21496	29	1857	 16 

7410.19	9156	21882	46	1567	 100 
7256.03	10816	21882	34	848	 100 
5836.91	8018	21882	50	1846	 96 
7131.42	10911	21882	35	908	 96 
7409.17	9319	21882	49	2037	 95 
6682.92	12150	21882	16	156	 94 
5634.92	7672	21882	52	2119	 93 
6065.02	12212	21882	17	290	 93 
6074.64	11962	21882	19	242	 81 
7240.96	10948	21882	33	902	 76 
8335.45	8889	21882	39	1425	 72 
5515.52	8190	21882	53	1634	 66 ***
8348.74	8883	21882	38	1434	 59 
7267.25	11463	21882	24	656	 57 
9214.72	8682	21882	39	1700	 53 
7806.8	10587	21882	37	1336	 44 
8145.48	10151	21882	38	1709	 23 
6678.4	11733	21882	22	454	 14 
8138.5	10230	21882	38	1640	 12 
6793.32	11081	21882	47	1964	 6 
7536.09	6582	21882	41	1247	 5 

9553.69	11687	24549	14	525	 95 
8156.28	11196	24549	16	613	 89 
7546.14	12359	24549	17	561	 87 
10145.2	11115	24549	30	1690	 84 
7637.4	10203	24549	56	1942	 80 
7928.19	12008	24549	17	561	 61 
8467.89	10810	24549	32	1517	 51 
7344.92	13146	24549	39	873	 32 
7443.74	12685	24549	55	2030	 31 
8351.74	11835	24549	14	289	 31 
9348.77	10581	24549	55	1740	 30 
7902.23	11731	24549	30	537	 29 
8267.51	11176	24549	38	1878	 26 
7562.14	11918	24549	37	947	 20 
9557.3	10440	24549	49	2091	 14 
8147.81	12273	24549	16	557	 12 
6833.15	11588	24549	56	2060	 10 ***
8354.61	10665	24549	37	1681	 10 
7472.13	12522	24549	41	983	 1 

8024.79	10803	25922	9	176	 99 
9192.79	10413	25922	37	1697	 89 
8382.18	10231	25922	57	2102	 89 
9229.14	10234	25922	39	1472	 86 
8019.95	10496	25922	10	481	 72 
9208.86	10264	25922	6	359	 70 
8022.07	11320	25922	8	386	 55 
6945.91	11069	25922	23	439	 50 ***
8018.13	10990	25922	41	1222	 39 
7987.39	10761	25922	60	2355	 26 
10265.3	9560	25922	55	1942	 24 
9448.87	10156	25922	35	1599	 24 
9674.57	10259	25922	25	1490	 21 
8661.77	9565	25922	66	2487	 21 
10285.9	10097	25922	31	1682	 18 
7574.81	10079	25922	62	2208	 16 
7982.95	9742	25922	65	2332	 16 
8855.55	9567	25922	41	1581	 12 
8246.86	10026	25922	64	2393	 3 

