#472	50	141	23	446	188	450	937	1023	0	
#0	175	156	511	0	465	204	1013	805	401	 ***
#91	477	487	0	511	160	966	25	34	979	
#511	259	31	427	34	369	286	686	1001	126	
#421	162	320	278	72	397	1023	912	145	0	
#317	130	186	137	461	169	972	1023	0	335	
#259	298	60	172	511	488	181	957	301	503	
#61	65	0	155	175	68	765	1023	854	564	

4	171	156	38	130	408	1023	320	759	378	
15	167	156	186	30	416	309	1023	695	390	
69	206	156	511	45	412	318	483	691	496	
79	503	491	53	434	8	1023	0	754	42	
282	171	286	38	0	347	1023	343	455	442	
0	186	194	511	69	408	477	324	840	378	
8	171	175	38	0	408	394	401	769	1023	
0	171	187	511	0	408	592	394	731	393	
144	95	221	511	509	0	1010	153	0	744	 ***
9	293	164	282	0	412	334	1023	492	378	
0	171	164	68	0	412	416	320	813	1023	
511	45	274	236	30	83	973	869	366	0	
30	171	156	61	127	408	342	1023	691	378	
8	327	156	511	23	408	314	567	691	382	
366	511	0	205	76	222	0	944	894	169	
8	167	156	38	130	408	1023	328	751	378	
0	171	164	42	0	431	1023	442	736	378	
0	175	186	511	0	408	312	680	718	397	
0	434	156	46	0	499	649	1023	386	194	
0	167	164	38	0	511	341	696	943	527	
15	69	23	335	297	508	1023	312	604	201	
5	187	156	152	8	408	334	1023	736	378	
511	57	0	332	396	412	915	196	568	0	
263	205	21	282	0	0	309	914	1023	370	
122	168	42	169	0	416	374	1023	691	382	
61	15	123	426	4	145	590	366	1023	634	
0	179	156	511	0	416	811	320	494	500	

63	35	83	143	385	0	370	791	558	1023	
152	103	221	16	509	0	622	805	0	1023	
511	98	42	267	503	110	1023	91	0	806	
449	252	509	366	282	384	0	0	1023	186	 ***
349	298	264	450	290	305	1023	192	0	280	
0	91	272	236	263	23	550	91	1022	903	
19	511	126	137	132	61	305	1015	840	305	
61	252	157	54	288	305	1023	320	450	541	
38	122	53	198	53	122	1023	384	653	805	
231	194	282	254	0	426	1023	587	404	50	
8	419	382	75	77	313	1023	244	130	780	
46	98	157	154	297	380	679	328	1023	289	
134	260	160	202	274	198	1023	281	94	825	
305	274	260	79	243	15	1023	851	248	153	
80	23	235	244	292	171	823	560	0	1023	
274	145	49	402	97	252	1023	663	122	424	
144	103	221	76	265	0	1023	624	0	995	
256	124	175	297	30	511	0	1022	994	42	
365	511	259	87	107	0	982	110	8	1022	
205	38	239	0	157	20	844	925	1023	0	
34	53	152	165	423	505	1023	792	15	289	

342	496	251	366	280	384	0	0	380	1022	 ***
38	366	464	137	8	404	564	387	1021	132	
355	366	23	383	16	122	320	358	1023	555	
449	282	338	244	282	506	0	0	397	1023	
159	190	23	98	396	311	0	1014	1021	309	
511	252	346	274	284	444	0	0	609	801	
357	253	156	381	98	384	312	0	557	1023	
15	319	274	60	511	0	987	396	0	959	
509	496	216	370	327	384	0	0	1022	197	
453	252	216	396	282	384	244	0	1023	271	
191	274	90	54	349	98	244	183	1023	1015	
434	0	305	0	60	372	1023	160	1023	144	
132	282	30	136	294	260	282	248	1020	837	
79	175	0	248	447	212	892	289	1020	159	
297	357	400	366	376	384	0	131	187	1023	
356	248	400	297	393	128	304	194	1023	178	
327	253	400	426	38	414	0	1023	369	271	
387	252	156	366	282	380	244	167	1023	264	

49	60	0	61	91	507	951	192	0	1021	
68	8	262	244	340	365	259	0	366	1020	
68	8	297	244	158	338	304	0	492	1023	
90	511	0	15	183	0	700	105	305	1023	
83	8	236	244	432	201	274	61	370	1023	
83	68	236	259	310	323	260	0	370	1023	
121	319	511	30	0	152	789	0	0	1010	 ***
0	75	213	304	76	87	1020	227	0	930	
0	91	304	480	171	461	280	30	94	1021	
68	327	247	244	341	304	0	0	381	1020	

136	15	212	480	15	509	0	380	0	1023	
121	105	75	199	282	479	320	167	0	1022	
334	76	45	180	15	60	60	1023	977	0	
304	60	288	79	218	106	297	0	395	1023	
211	319	319	45	105	75	674	0	0	1022	
334	30	165	76	0	198	699	117	129	1022	
38	45	511	121	509	193	1004	0	349	0	 ***
181	409	334	45	0	30	354	0	396	1021	
136	180	289	30	90	45	704	274	0	1022	
181	349	511	90	30	75	339	381	0	814	
64	91	274	189	188	135	617	159	30	1023	
60	0	34	91	75	151	438	60	838	1023	
511	457	105	259	0	121	195	121	1001	0	
75	79	304	45	212	60	776	76	120	1023	
15	30	121	319	180	105	917	0	60	1023	

38	30	259	91	166	178	454	0	441	1023	
38	30	511	91	169	178	481	0	289	893	
38	30	309	91	170	176	843	0	1023	0	
440	60	45	75	0	30	975	0	32	1023	
38	30	276	138	511	193	862	0	632	0	
38	60	0	139	511	60	964	908	0	0	 ***
244	45	121	75	32	0	1023	1005	0	135	
38	30	260	91	196	182	860	0	1023	0	
38	30	261	30	166	254	467	0	1023	411	
364	151	30	0	120	34	1023	65	0	893	
289	30	260	101	511	223	721	0	545	0	
38	30	291	91	166	178	436	0	427	1023	
38	152	259	95	158	193	1023	244	518	0	
30	30	381	121	165	151	364	370	45	1023	
38	60	511	91	169	178	435	893	305	0	
38	45	259	93	166	178	1022	0	289	590	
30	91	196	32	152	105	1023	27	1009	15	
38	75	291	91	511	178	773	0	449	274	
38	30	260	91	169	178	464	1023	427	0	
38	511	261	91	166	178	447	698	290	0	
83	30	511	91	166	180	707	0	912	0	
38	30	262	91	169	178	462	1023	427	0	
244	166	511	45	30	106	503	985	0	90	

291	60	0	184	511	83	822	622	0	0	 ***
15	94	136	30	0	38	715	1022	215	308	
151	357	75	91	60	15	0	726	75	1023	
76	511	0	139	308	76	762	701	0	0	
45	68	0	511	364	64	514	344	0	663	
0	340	75	135	65	95	0	840	0	1023	
94	94	65	154	244	95	804	1023	0	0	

203	511	253	274	260	90	820	632	0	0	 ***
139	312	0	290	511	212	407	756	0	416	
160	293	113	0	109	121	289	936	0	1022	
79	60	0	511	299	75	690	987	342	0	
79	68	0	256	259	304	1023	887	167	0	
109	60	75	352	274	511	602	572	488	0	
109	150	24	314	312	45	1023	518	0	548	

211	75	252	229	321	95	1023	687	0	0	 ***
218	60	297	275	259	94	1023	667	0	0	
204	511	252	214	259	120	295	428	610	0	
203	511	252	214	268	105	299	431	610	0	
203	79	252	229	274	159	1023	674	0	0	
203	136	252	229	259	75	464	1023	0	252	
198	124	0	70	395	109	229	1023	441	304	
216	125	252	214	274	120	669	1023	0	0	
203	511	252	224	259	105	261	617	0	461	
45	438	114	0	64	34	45	1023	293	837	
204	511	313	214	259	212	295	641	244	0	
219	511	252	237	320	90	657	607	0	0	

13	34	83	156	0	327	1023	95	159	670	
220	62	8	219	320	216	1023	126	366	0	
97	83	256	186	320	212	383	1023	0	0	
220	0	126	511	500	34	1021	148	0	0	 ***
105	4	68	8	249	205	1023	236	148	514	
299	8	278	225	0	45	1023	530	42	110	
181	96	97	349	102	252	117	1023	23	320	
80	60	8	174	259	94	1023	374	488	0	
94	190	8	188	326	124	1023	201	406	0	
126	383	42	90	82	69	1023	137	338	270	
0	34	511	510	94	83	946	0	138	244	
79	60	8	181	320	511	691	710	0	0	
6	147	45	166	8	250	0	1023	106	809	
27	342	0	0	511	278	997	168	128	109	
79	237	16	137	350	90	336	1023	292	0	
83	90	23	227	358	220	1023	168	368	0	
203	68	8	245	356	90	1023	118	38	411	
259	23	167	239	0	72	537	1023	79	161	

49	45	17	57	1	85	57	1023	84	1018	
115	102	12	388	55	210	1023	166	0	365	
126	17	23	115	64	24	894	150	0	1023	
65	411	38	511	100	0	953	94	174	90	
30	114	304	273	2	184	88	369	1023	49	
45	75	54	31	15	60	1023	95	29	1009	
252	42	88	49	511	192	60	280	902	60	
32	57	240	30	67	109	1023	74	804	0	
214	15	134	186	447	511	576	353	0	0	
184	234	151	511	193	113	396	0	636	18	
15	45	8	74	144	47	49	1023	209	822	
197	0	134	511	447	49	721	103	274	0	
48	185	4	31	271	118	409	1023	212	135	
201	30	130	511	447	64	722	331	0	0	
38	511	12	323	128	166	983	0	49	226	
15	497	8	109	0	57	120	467	140	1023	
85	142	78	0	79	0	879	0	150	1023	
201	0	511	131	462	49	728	354	0	0	 ***
197	511	126	193	466	49	541	353	0	0	
72	54	42	0	511	60	666	120	801	110	

381	75	216	81	72	123	1023	413	93	0	
132	0	135	152	62	126	1023	83	353	411	
347	17	511	111	49	263	75	884	109	111	
121	94	114	73	19	143	799	91	0	1023	
78	72	511	0	134	170	57	391	578	486	
64	47	511	72	296	119	286	34	98	950	
50	57	46	190	113	15	1023	761	80	142	
24	56	102	19	17	80	68	867	221	1023	
201	0	202	148	405	89	1023	111	298	0	
264	53	102	511	276	158	662	346	15	90	
31	0	167	47	511	0	1018	544	89	70	
31	21	18	178	92	21	1023	883	76	134	
246	0	511	130	402	53	885	109	141	0	
49	243	154	511	38	102	1022	0	91	267	
136	290	122	106	63	53	1023	575	109	0	
203	25	511	290	123	0	130	625	121	449	
215	15	511	145	417	64	752	358	0	0	
47	32	178	38	27	29	1023	209	49	845	
231	0	511	192	398	62	696	383	4	0	
197	0	246	148	404	75	1023	110	259	15	
60	33	191	201	334	2	293	143	197	1023	
197	15	239	146	404	108	345	1023	0	0	 ***
47	41	149	38	53	62	1023	959	1	104	

49	108	39	13	160	336	661	1023	85	64	
94	15	492	190	15	125	157	1023	130	297	
38	57	51	130	61	72	233	1023	127	746	
55	15	127	217	308	511	154	240	911	0	
200	117	232	116	432	511	128	802	0	0	
232	0	511	19	152	32	1012	28	53	499	
107	15	170	168	415	98	127	1023	0	415	
75	15	217	142	400	170	235	261	0	1023	
148	19	268	511	411	154	369	658	0	0	
155	30	125	444	344	49	224	1023	144	0	
61	8	510	259	45	15	552	1023	34	31	
23	30	4	128	121	107	793	1023	137	172	
511	23	500	171	0	75	1022	201	0	35	
80	0	60	0	94	511	124	1010	126	533	
135	32	232	116	404	231	301	1023	64	0	
113	15	125	283	400	111	342	1023	0	126	
75	15	202	108	511	113	321	912	155	126	
138	75	229	511	404	49	919	213	0	0	
64	34	28	56	42	291	31	1023	262	707	
34	19	15	76	511	76	677	34	77	1019	
216	233	0	27	0	47	675	1023	268	49	
150	15	254	108	351	79	258	300	0	1023	
278	511	128	116	293	323	406	483	0	0	
75	15	105	246	511	109	934	543	0	0	 ***
138	137	65	511	400	199	250	202	636	0	
150	15	161	230	434	55	109	361	1023	0	
23	53	0	99	122	42	169	1023	907	100	

32	261	46	158	510	60	258	612	964	88	
506	183	137	216	511	121	154	0	178	983	
83	105	139	65	70	259	1023	64	954	227	
150	19	74	348	359	94	186	1023	736	0	
64	15	181	261	117	216	1023	412	700	0	
182	53	87	359	78	77	1023	464	666	0	
75	15	89	263	511	94	923	750	263	6	
45	152	159	201	511	368	352	370	248	583	
19	90	61	181	511	177	772	952	136	90	
84	17	185	256	329	292	189	1023	0	614	
0	336	196	174	15	27	203	1015	0	1023	
6	122	59	30	510	398	1023	34	609	198	
394	19	85	367	218	154	239	1023	0	490	
510	511	106	0	126	17	910	275	534	0	
79	15	237	191	464	158	182	640	1023	0	
265	25	146	271	146	102	1023	507	0	504	
45	261	511	195	223	94	178	560	922	0	
296	19	70	486	511	94	230	430	0	853	
105	17	511	244	404	216	505	987	0	0	
171	45	116	193	267	94	1023	389	252	439	
49	220	136	38	61	191	1001	271	0	1022	
0	47	19	174	511	64	1013	137	719	305	
262	15	97	221	149	94	324	492	1023	312	
194	75	60	431	34	212	279	1023	0	681	
167	122	69	90	511	126	196	1021	658	29	
102	296	0	511	136	0	1017	141	34	752	
45	19	55	206	76	317	1022	492	757	0	
182	72	30	277	125	34	273	1023	0	973	
27	12	181	142	60	164	1023	915	171	294	
79	228	78	240	360	368	613	1023	0	0	 ***
140	15	511	236	389	225	536	937	0	0	
75	15	93	455	511	368	250	534	506	182	

68	408	178	0	511	430	1014	0	365	0	 ***
153	45	511	510	139	213	23	0	381	999	
167	61	65	188	0	15	857	1022	507	92	
399	511	156	167	304	31	319	916	171	0	
69	75	29	27	244	130	875	1022	152	351	
0	0	80	263	106	338	752	53	360	1022	
49	197	384	222	104	135	357	1023	0	503	
53	197	63	511	419	140	850	741	0	0	
66	257	315	225	359	124	605	1023	0	0	
117	94	165	184	34	402	121	1023	834	0	
34	197	86	372	412	511	614	748	0	0	
34	137	63	270	356	510	887	717	0	0	
34	220	63	510	340	105	421	430	0	851	
68	145	38	0	289	511	197	321	426	979	
72	262	63	210	363	380	601	1023	0	0	
34	197	63	218	116	120	1023	672	0	531	
34	197	71	240	96	511	365	557	15	888	
308	197	71	285	359	128	603	1023	0	0	
49	197	127	225	361	124	365	1023	503	0	
380	137	511	0	15	8	0	183	1018	722	
257	434	210	132	114	250	1023	0	523	31	
511	205	63	286	96	105	477	577	654	0	

77	246	171	6	511	430	476	0	835	0	
23	156	205	61	278	430	1023	0	576	0	
8	269	296	0	109	430	1023	0	617	0	
441	0	84	79	511	126	149	396	60	906	
23	301	163	0	296	460	1023	0	486	0	 ***
0	38	511	122	509	244	984	142	134	68	
267	165	122	0	263	506	126	183	98	1022	

53	293	171	0	292	308	1022	0	520	0	
248	422	99	60	305	4	1023	186	166	146	
126	258	0	511	0	125	1017	421	141	60	
109	166	98	511	84	0	1018	368	61	244	
0	145	0	12	511	147	79	642	972	151	
30	0	258	511	220	94	472	996	0	78	
12	350	109	0	60	511	967	278	171	201	
0	249	427	0	19	75	1023	122	158	586	
30	8	0	398	369	159	1022	45	376	252	
246	198	75	103	156	34	1022	190	635	0	
23	338	163	511	40	248	638	272	426	0	
38	120	206	506	12	324	1023	60	208	162	
135	327	364	0	511	30	1005	137	0	150	
0	60	49	82	68	4	1023	962	411	0	
76	510	137	75	98	430	310	0	1023	0	
142	300	75	61	293	160	1023	64	461	80	
106	511	257	156	0	441	0	1018	170	0	
247	125	511	94	338	4	998	244	0	98	
25	301	163	0	294	308	1022	0	546	0	 ***

338	0	120	60	23	511	671	1017	100	0	
90	135	98	57	0	510	775	160	1015	0	
43	379	79	0	0	53	1023	294	0	969	
510	329	332	0	27	323	780	0	539	0	 ***
46	394	120	304	54	383	1023	0	516	0	
60	249	510	0	0	396	244	335	23	1023	
8	373	150	0	57	365	620	0	1023	244	
410	94	244	149	136	8	1023	0	746	30	
329	60	327	4	120	45	1022	4	909	20	
510	286	120	0	27	308	641	781	167	0	
304	60	511	377	471	0	30	42	1015	30	
128	90	19	510	68	210	792	0	1023	0	
8	288	88	0	57	349	539	488	1023	0	
64	511	68	150	4	45	38	113	854	993	
166	45	244	34	0	396	35	898	1022	0	
15	0	64	46	312	319	1023	0	167	894	
122	511	109	0	0	65	541	30	1005	457	
8	324	98	30	27	510	518	0	1021	304	
33	373	88	0	27	500	555	0	242	1022	

0	0	175	0	510	357	1018	274	0	0	
8	132	362	0	12	385	203	1023	209	0	
15	68	75	0	471	0	1023	0	30	652	
8	132	328	137	12	259	1022	216	220	0	
23	0	0	0	244	434	1022	426	90	95	
30	0	0	510	0	105	1023	666	0	0	
334	0	381	45	471	15	1020	30	38	0	
437	30	60	45	60	0	1017	30	655	0	
0	90	105	122	0	0	1020	65	45	887	
8	254	324	0	16	486	223	0	1023	0	
8	254	332	0	72	319	1022	0	327	0	
0	0	511	120	0	0	680	0	0	1023	 ***
8	98	259	511	4	265	878	228	83	0	
38	274	23	197	364	415	1023	0	0	0	
304	30	60	0	0	15	902	0	0	1023	
0	60	0	364	30	510	1006	289	0	75	
511	254	332	0	73	323	617	0	224	0	
511	391	332	0	12	331	518	0	239	0	
511	30	23	0	0	60	704	0	0	1006	
8	254	328	0	42	263	1022	212	205	0	
30	289	0	471	0	502	1023	19	0	0	
30	0	30	135	0	0	1023	1022	0	94	
0	244	0	30	15	60	1022	933	30	0	
0	45	0	143	122	30	1020	15	951	8	
15	83	212	304	0	0	1021	0	0	699	
0	60	0	244	68	90	1020	685	167	0	
15	0	60	60	45	0	1023	838	293	0	
8	132	358	0	134	274	1022	201	205	0	
8	254	339	0	31	349	330	0	1023	0	
8	132	332	0	12	263	222	1023	342	0	
510	254	484	0	12	323	512	0	239	0	
480	122	45	304	0	364	0	0	0	1019	
60	0	0	15	0	510	1018	640	61	30	

0	30	492	90	274	8	743	259	0	1023	
120	0	0	30	0	496	394	152	708	1019	
60	309	244	425	0	0	570	289	0	1022	
0	244	305	143	0	0	866	0	1023	338	
0	0	304	387	0	0	820	129	259	1020	
274	274	252	122	0	105	749	61	60	1022	
510	366	60	0	0	0	313	878	0	792	 ***
30	0	244	76	244	205	400	15	1022	683	
98	27	304	244	319	53	0	8	844	1022	
0	8	0	60	511	331	61	794	248	906	
137	510	60	274	76	0	278	0	588	996	
0	45	165	496	328	0	1022	98	765	0	
0	0	488	120	488	0	494	0	310	1019	
0	60	510	449	0	151	244	518	15	972	
0	0	286	151	150	244	798	0	267	1023	

102	508	121	8	0	0	551	1023	0	899	
122	0	313	274	511	259	887	0	0	846	
60	511	511	0	68	0	0	843	427	792	
511	378	219	0	0	304	381	687	0	732	
75	511	60	0	0	0	426	875	434	831	
434	267	53	244	0	0	0	905	286	1023	
136	366	511	0	0	0	244	759	464	732	
511	274	250	244	0	60	396	700	0	777	
366	327	305	0	511	320	637	0	0	746	 ***

511	319	350	0	338	61	777	143	0	304	
60	0	0	511	511	0	0	933	743	45	
83	338	305	0	511	335	416	0	0	815	
61	158	30	274	511	244	1020	0	248	257	
190	338	305	0	248	46	1023	0	289	364	
286	0	0	46	106	398	1023	944	0	0	
0	260	305	426	511	0	304	907	0	90	
220	439	350	0	244	69	458	0	0	1023	
511	60	328	30	305	53	1018	220	30	248	
30	105	0	244	259	0	1021	1023	61	60	
0	379	0	190	121	0	1023	786	244	60	
190	323	365	0	244	297	1020	0	0	364	
511	379	335	0	244	65	777	0	113	379	
0	0	511	0	90	488	999	0	699	16	
509	0	511	274	0	312	0	953	0	0	
61	75	0	38	274	274	1023	0	259	799	
61	304	0	0	0	0	503	913	0	1022	 ***

0	0	0	15	60	91	990	121	244	1023	
90	0	90	509	304	0	1022	0	529	0	 ***
126	304	62	0	0	0	520	1023	0	509	
0	0	226	30	60	0	244	961	1023	0	
61	334	32	60	45	30	564	396	0	1022	
0	503	0	90	61	195	123	518	31	1023	
306	76	75	30	0	0	0	945	90	1022	
0	0	2	370	80	454	0	1022	616	0	
0	0	511	106	60	244	1015	60	548	0	
0	289	0	511	61	45	1015	623	0	0	
353	511	76	112	334	0	135	0	0	1023	
0	60	30	335	244	15	687	75	75	1023	
91	304	0	0	60	0	518	1023	0	548	
61	365	17	30	0	60	533	456	0	1022	
91	334	61	0	0	32	533	470	0	1023	
0	30	0	15	120	0	374	0	982	1023	
30	488	511	0	0	0	165	340	1010	0	

149	0	184	293	0	30	42	1023	997	0	
68	30	110	418	334	15	1023	187	533	0	
511	64	383	60	105	0	971	563	61	0	
304	443	75	110	303	60	0	400	1023	0	
94	305	94	83	511	0	994	504	133	0	
0	60	0	75	333	90	1023	297	349	491	
27	90	30	274	88	0	259	927	1023	0	
23	154	472	511	90	6	1011	30	244	177	
0	8	102	0	60	30	1022	75	1013	408	
190	0	197	355	319	0	1023	178	456	0	
34	182	129	15	252	8	1023	75	75	925	
90	319	450	0	0	511	719	99	530	0	
73	0	128	358	323	17	1023	0	631	165	
75	0	98	392	334	68	729	0	1022	0	 ***
0	38	475	30	75	330	1023	135	60	552	
0	23	12	0	23	83	1020	535	0	1022	
61	162	154	511	353	0	259	30	884	304	
198	15	96	403	316	4	1023	0	456	207	
259	49	0	154	15	132	1023	289	616	181	
23	60	51	217	0	320	1023	150	681	193	
190	4	124	358	429	15	1022	0	576	0	
321	165	181	156	0	0	778	1023	0	94	
75	4	68	497	413	0	1023	0	608	30	
45	133	4	105	8	15	1023	366	1019	0	
398	15	471	4	480	34	0	0	1023	293	
143	155	4	0	75	510	1022	96	0	713	
30	4	8	221	64	244	895	75	154	1023	
76	34	105	335	304	113	1022	0	729	0	
91	91	30	195	135	248	906	0	0	1022	

21	310	338	433	0	1	152	1023	0	963	
69	511	8	150	430	319	982	0	772	0	
346	244	439	434	511	0	1008	214	15	30	
75	0	158	317	426	264	350	628	1023	0	
75	304	239	317	304	4	1022	0	724	252	
0	212	315	332	244	374	0	380	1023	361	
39	0	511	184	308	38	1023	152	738	248	
135	0	511	332	426	248	720	0	869	0	 ***
31	488	462	138	0	391	494	214	1023	0	
15	394	339	90	274	121	195	777	1023	13	
279	30	68	182	75	0	0	647	1023	937	
507	60	250	369	304	4	622	102	1023	0	
0	511	244	182	73	244	481	304	186	1016	
75	90	98	347	312	511	835	0	973	0	
4	25	161	305	460	83	282	263	1023	635	
489	0	75	275	137	0	252	472	518	1023	
353	0	273	383	313	0	0	1023	274	622	
282	90	1	430	90	282	309	0	734	1023	
309	319	511	137	274	0	765	0	797	129	
105	244	251	511	334	68	747	0	981	0	
75	511	372	321	312	248	616	0	786	0	
304	424	91	64	511	137	91	274	1011	334	
492	182	75	304	30	0	1023	905	196	34	
435	393	395	64	0	312	0	460	1023	159	
317	0	487	0	511	120	374	522	0	910	
379	0	336	511	456	4	94	958	503	0	
511	0	0	120	15	289	1003	244	820	239	
16	303	289	1	75	30	762	682	1023	60	
339	212	244	12	140	263	165	411	1023	432	
75	232	342	340	319	186	725	0	1022	0	
30	506	255	349	45	60	684	244	1023	45	
342	15	342	278	121	0	215	0	1022	906	
313	248	511	221	259	135	0	613	941	0	
90	122	289	511	120	0	732	181	248	948	
0	105	0	158	441	400	80	82	1023	952	
319	184	158	317	304	404	532	0	1023	0	
366	57	105	4	30	75	4	1023	991	586	
4	64	186	319	98	60	1023	786	701	0	
8	91	0	493	252	60	724	555	1023	35	
4	501	213	435	65	39	698	263	1023	0	
75	8	224	332	334	248	1022	0	754	244	
15	431	342	126	61	339	805	99	1023	0	

