#63	140	12	39	0	0	141	72	12	268	 ***
#2	51	2	41	26	36	259	16	106	208	
#11	48	15	24	37	0	48	203	114	247	
#10	55	28	84	12	16	314	49	152	27	
#43	27	36	2	4	14	46	249	105	221	
#40	49	50	12	8	40	23	65	202	258	

56	21	44	51	0	0	115	205	106	89	
71	105	17	35	0	2	136	56	44	221	
26	0	26	34	50	52	185	0	46	268	
0	118	36	28	40	10	64	36	93	262	
62	16	14	35	0	36	123	62	30	309	
26	107	0	8	44	59	72	33	278	60	
32	24	25	67	0	0	133	72	42	292	
55	24	28	32	0	0	133	212	52	151	
133	92	26	45	59	33	199	0	0	100	 ***
73	0	118	40	50	37	272	50	47	0	
24	10	0	36	24	10	310	173	4	96	
25	18	32	34	16	40	132	70	300	20	
26	50	0	22	28	10	36	207	240	68	
31	18	30	20	0	48	125	88	40	287	
106	22	16	53	0	0	140	56	28	266	
54	36	10	35	0	0	133	205	166	48	
39	20	20	19	0	0	149	88	264	88	

88	56	24	62	26	64	112	0	0	279	 ***
88	54	24	46	30	32	126	32	0	279	
54	89	56	44	26	39	222	74	0	107	
67	88	24	44	72	32	222	34	0	128	
40	54	28	44	42	52	140	0	32	279	
54	86	40	44	26	35	220	0	94	112	
116	59	92	44	44	41	120	0	0	195	
68	56	28	54	92	33	176	0	0	204	
64	54	56	44	26	64	76	18	34	275	
118	54	24	62	26	49	181	32	32	133	
123	78	28	45	60	33	163	0	0	181	
70	54	26	44	26	33	76	242	0	140	
62	56	24	44	26	55	176	0	64	204	
118	54	110	47	26	33	170	0	0	153	

86	52	26	54	58	52	86	0	57	301	
36	34	68	42	82	103	129	244	34	0	
86	68	24	94	68	52	46	0	32	302	
86	70	88	102	26	12	46	40	0	302	
50	22	34	6	10	18	0	186	158	288	
94	100	64	62	107	76	46	0	0	223	
0	48	50	72	2	20	196	94	290	0	
38	40	58	40	0	32	137	124	303	0	
48	76	60	94	28	42	14	116	294	0	
70	52	40	56	18	84	46	128	0	278	
20	20	46	20	16	95	66	52	122	315	
140	76	64	62	26	76	78	0	0	250	
48	100	12	26	34	100	88	20	34	310	
32	88	0	54	40	74	16	136	287	45	
58	10	34	66	48	82	0	194	4	276	
36	28	58	32	50	0	326	48	98	96	
18	2	64	129	40	28	34	112	90	255	
86	66	26	78	137	76	78	0	0	225	 ***
58	14	56	90	50	64	40	109	0	291	
150	52	64	62	26	48	48	16	0	306	

16	42	34	16	6	80	42	56	112	298	
6	62	2	16	56	4	26	122	72	336	
24	42	42	34	46	48	10	36	104	316	
0	34	61	64	46	128	235	106	0	28	
16	64	46	42	12	100	0	0	130	292	
54	82	58	50	123	44	20	34	0	237	
54	70	26	66	38	46	54	0	56	292	
42	177	0	36	0	56	74	22	34	261	
86	34	68	50	36	72	0	58	14	284	
4	84	0	32	56	166	16	80	78	186	
86	66	48	66	128	46	52	0	0	210	
84	88	20	110	36	54	0	0	290	20	
54	72	40	66	150	62	52	0	0	206	
78	66	126	68	57	44	56	0	0	207	
32	80	56	0	109	0	0	261	164	0	 ***
94	72	18	68	132	64	52	0	0	202	
86	74	30	66	58	44	52	0	0	292	
54	66	44	74	130	44	64	0	0	226	
30	40	50	20	80	0	68	72	32	310	
2	0	52	81	0	96	136	0	293	42	
54	66	26	115	84	76	52	0	0	229	
0	70	4	20	0	32	80	242	254	0	
24	80	44	0	32	2	32	154	36	298	
54	66	58	66	54	54	20	0	36	294	
66	66	26	68	134	44	22	46	0	230	

52	50	84	0	48	52	0	212	155	0	
40	24	60	0	81	0	52	190	206	0	
88	58	130	4	44	44	0	169	116	0	
32	50	42	0	48	16	20	269	100	76	
64	48	46	0	91	12	0	170	166	56	
48	48	68	81	107	0	0	185	116	0	 ***
12	50	32	30	32	34	135	312	16	0	
50	64	54	0	84	126	0	151	124	0	
16	10	56	12	2	0	64	208	261	24	
80	46	40	0	48	8	20	283	68	60	
0	0	16	50	46	0	28	44	182	287	
32	74	46	12	44	4	56	269	116	0	
32	92	80	2	96	0	63	188	100	0	
36	52	76	36	82	36	0	211	124	0	

8	52	30	8	36	10	253	44	12	120	
6	24	0	72	4	87	30	0	108	242	
10	16	60	14	88	0	58	259	68	0	
10	16	60	71	88	0	0	181	147	0	
0	50	2	97	6	40	193	0	12	173	
8	16	60	14	96	2	206	87	84	0	
40	4	44	91	6	24	20	12	244	88	
34	16	92	14	88	0	206	102	21	0	
8	8	60	14	96	2	2	259	68	56	
30	15	32	83	20	36	40	243	74	0	
8	16	60	16	96	0	132	85	160	0	
38	0	136	0	66	0	58	191	84	0	 ***
8	16	68	14	90	0	205	104	68	0	
8	18	68	79	88	0	0	212	100	0	

42	24	18	0	68	3	81	137	190	0	
50	4	141	4	35	0	45	30	76	178	
10	18	48	32	0	156	98	193	8	0	
38	8	117	20	68	0	24	163	24	101	
39	0	119	1	66	24	167	112	35	0	
12	36	96	17	72	69	236	0	25	0	
20	12	126	9	46	20	12	189	32	97	
8	16	116	26	78	1	228	69	12	9	
70	2	24	6	64	0	76	131	190	0	
43	6	64	135	40	8	91	0	176	0	 ***
50	5	27	33	91	0	56	83	16	202	
14	110	12	2	12	50	16	59	241	47	
32	8	12	0	6	45	32	34	261	133	
44	70	21	12	67	0	119	191	39	0	
54	2	101	17	89	8	68	131	93	0	
42	4	35	0	66	1	58	136	221	0	
40	0	16	0	83	8	60	128	18	210	
19	4	25	14	10	0	242	133	52	64	
17	42	17	0	0	55	133	263	32	4	
81	8	9	9	90	0	142	191	33	0	
4	20	8	0	72	14	226	48	171	0	
58	0	6	0	62	3	80	248	33	73	
38	111	30	2	89	5	112	142	34	0	
12	5	8	32	62	16	92	237	63	36	

43	6	80	128	56	33	145	48	112	48	
59	22	44	65	53	8	141	67	240	0	
47	6	56	38	76	52	92	211	121	0	
62	6	60	122	56	97	117	74	105	0	
39	27	70	49	0	138	12	67	209	88	
59	6	56	105	40	12	236	0	131	54	
95	14	40	128	88	17	72	32	71	142	
59	20	108	102	134	18	107	0	151	0	
43	42	150	51	48	28	163	0	126	48	
47	6	88	88	60	8	212	22	105	63	
103	78	84	34	24	16	40	70	216	34	
95	6	54	32	89	8	108	0	283	24	
48	10	60	84	72	56	232	0	137	0	 ***
108	14	40	128	48	48	142	34	133	4	
16	93	60	12	0	5	255	31	8	219	
52	6	44	122	56	8	204	8	129	70	
36	16	48	146	29	36	80	243	65	0	

8	31	64	48	37	80	229	71	12	21	
47	10	60	84	21	24	222	0	133	0	 ***
48	18	60	84	10	18	240	0	91	32	
29	50	8	85	36	20	28	93	27	225	
118	8	0	66	30	57	197	63	10	52	
51	13	60	84	16	131	137	0	109	0	
55	10	70	84	17	18	236	0	111	0	
55	11	48	92	16	24	236	50	69	0	
47	11	60	82	16	32	236	50	67	0	
42	9	66	60	12	23	225	69	47	48	
17	60	60	44	7	20	12	224	61	96	

63	124	56	60	18	40	146	0	73	0	
65	10	60	45	18	26	232	52	72	0	
57	32	56	38	19	24	214	24	67	49	
71	14	58	40	19	25	85	38	230	0	
52	10	80	58	19	24	228	34	75	0	
77	10	56	48	32	28	214	34	80	1	
51	10	56	40	32	28	57	195	111	0	
47	13	76	44	133	25	86	0	156	0	 ***
26	0	16	12	104	49	27	115	231	0	
47	54	56	40	29	36	204	0	114	0	
36	22	8	4	8	25	133	20	88	236	
47	10	56	40	35	17	240	0	85	50	

30	56	0	83	40	26	195	12	80	45	
45	20	78	74	138	30	108	0	74	0	
64	129	8	40	12	8	12	72	202	20	
8	24	26	10	20	26	252	76	23	102	
45	12	74	46	71	22	75	0	222	0	
63	12	78	39	139	41	87	0	108	0	
0	63	41	141	8	0	62	6	40	206	
42	9	79	14	133	8	20	24	16	222	
130	10	0	18	22	14	0	205	8	160	
31	110	40	27	48	20	225	34	12	20	
32	41	14	27	38	45	241	0	129	0	 ***
8	50	64	22	83	53	251	10	26	0	
49	19	74	46	137	22	140	4	76	0	

35	41	18	32	38	46	130	177	51	0	
35	8	0	18	37	11	0	42	162	255	
41	44	20	28	46	44	243	18	84	0	
62	41	14	125	44	47	101	0	134	0	
26	120	60	13	29	18	31	6	221	44	
34	41	14	32	40	44	243	5	45	70	
39	43	16	26	38	52	243	29	82	0	
1	12	10	55	37	40	128	14	223	48	
17	43	12	59	50	17	78	62	20	210	
16	25	28	8	57	19	131	0	250	34	
10	24	22	14	5	18	258	27	150	40	
16	149	51	0	61	42	60	11	0	178	
7	14	19	12	8	64	244	19	14	167	
46	2	83	7	16	4	256	24	57	73	
28	8	0	34	80	155	189	30	26	18	
34	11	36	43	0	14	98	102	202	28	
42	44	18	19	40	142	154	0	109	0	 ***

41	59	18	45	50	128	78	105	48	82	
24	9	53	106	38	109	225	43	25	22	
72	27	50	23	71	84	219	0	54	54	
40	51	0	34	60	147	243	4	23	52	
47	42	18	55	39	188	189	0	35	41	
0	0	10	46	8	6	18	62	282	222	
152	41	99	38	39	64	90	0	131	0	
25	13	17	61	25	0	180	235	36	62	
108	80	36	16	18	35	218	0	103	40	
73	41	18	16	91	180	82	1	61	91	
109	32	4	132	36	0	239	86	16	0	
44	32	18	21	107	62	123	19	228	0	
36	8	10	46	14	118	57	108	8	249	
6	54	15	19	29	120	240	78	61	32	
4	70	73	44	4	25	8	287	139	0	
40	25	20	55	91	113	106	0	204	0	 ***
45	57	18	0	22	42	194	14	17	245	
17	10	14	34	17	149	40	70	44	259	
1	107	40	62	21	112	209	43	24	35	
179	5	37	0	16	19	200	50	110	38	
24	43	0	14	34	86	280	8	127	38	

34	39	20	46	90	69	86	109	224	0	
63	26	36	98	92	61	127	0	214	0	 ***
129	20	44	50	74	113	194	0	93	0	
36	23	18	50	94	97	92	80	227	0	
64	16	36	32	8	40	241	37	33	210	
2	60	31	17	9	61	267	48	202	20	
46	21	20	84	92	63	243	33	115	0	
62	24	0	12	0	26	83	57	240	213	
48	10	36	132	8	32	28	22	275	126	
6	0	109	32	32	42	199	0	53	244	
110	8	6	62	52	2	217	8	220	32	
16	25	26	46	61	62	102	128	251	0	
80	4	8	111	58	52	0	45	216	143	
35	0	5	11	68	24	12	239	239	84	
72	21	18	48	66	99	82	36	216	59	
53	16	4	54	42	146	262	10	16	114	
37	10	19	71	29	82	42	46	204	177	
12	0	10	58	0	139	241	81	16	160	
12	43	18	34	88	65	217	24	131	85	
8	21	35	89	90	61	91	0	224	98	
17	20	50	44	56	55	71	4	175	225	
14	53	72	66	90	68	144	0	210	0	

98	26	36	62	90	65	128	0	217	0	
8	36	2	0	16	0	203	90	346	21	
30	26	42	94	96	91	197	0	146	0	 ***
0	58	2	32	54	120	0	108	49	299	
62	26	72	156	100	97	122	0	87	0	
62	26	42	62	67	56	201	4	130	72	
40	58	36	68	58	51	206	40	130	35	
32	32	36	66	92	59	82	0	80	243	
74	58	40	66	92	55	118	0	219	0	
73	26	113	62	92	55	90	0	95	116	
96	28	38	67	60	55	90	74	214	0	
122	2	38	13	124	4	94	24	228	73	
71	115	40	76	153	23	0	48	0	196	
30	34	36	68	90	55	87	241	81	0	
50	2	4	29	30	52	135	48	304	68	
50	26	36	165	58	55	72	69	78	113	

72	36	35	46	10	36	297	0	12	144	
76	62	26	104	100	27	199	0	94	0	
2	16	33	16	12	86	319	78	0	126	
16	46	8	2	114	76	315	43	68	0	
2	38	26	0	0	54	132	66	304	66	
68	44	0	78	0	20	331	18	61	68	
5	4	64	38	12	36	223	18	240	48	
10	4	6	44	0	123	296	68	72	65	
32	4	44	48	2	69	322	73	18	76	
22	18	101	86	81	32	44	0	64	240	
30	22	26	96	104	11	201	117	81	0	
16	3	38	13	2	51	277	36	208	44	
30	22	34	124	64	27	78	0	82	227	
88	34	28	2	44	4	322	106	60	0	
0	56	122	4	56	109	107	234	0	0	 ***
53	20	2	25	19	68	212	50	239	0	
98	12	39	36	0	54	60	110	279	0	
66	22	26	76	136	47	123	0	192	0	
36	69	84	18	16	0	326	62	42	35	
52	16	4	108	0	0	151	78	279	0	
74	95	32	59	4	9	16	48	308	43	
2	101	102	32	36	46	311	40	18	0	
26	28	0	84	19	38	317	54	122	0	
84	0	80	98	38	0	19	78	0	291	
69	40	0	32	34	12	120	36	295	50	
14	40	67	5	26	6	276	102	0	152	
37	23	39	96	94	23	239	0	137	0	
0	0	68	36	74	0	28	2	303	177	
46	18	0	34	20	51	295	70	120	34	
62	29	26	103	106	27	207	0	128	0	
30	22	66	70	64	96	188	0	152	0	

0	56	82	4	72	107	132	226	0	0	
2	77	88	32	4	66	44	327	27	12	
12	3	82	152	84	12	0	278	56	0	
38	0	24	28	38	40	32	286	193	0	
44	58	82	4	40	34	128	289	0	0	
82	76	85	4	40	34	128	230	0	0	
0	16	88	60	20	0	270	69	76	80	
0	72	82	8	40	58	175	244	0	0	
24	56	83	26	44	113	137	196	0	0	
6	26	28	0	0	6	104	277	12	220	
40	26	52	4	58	5	64	195	14	221	
0	56	82	4	95	42	225	175	0	0	
2	4	2	96	56	1	44	302	78	94	
24	6	95	42	66	32	16	290	58	50	
32	6	113	30	45	72	85	254	36	6	
0	107	95	4	40	34	169	230	0	0	
48	0	80	40	74	24	52	270	68	23	
0	56	82	24	40	34	236	207	0	0	 ***
8	18	2	0	20	80	0	58	208	285	
60	16	34	54	20	0	314	123	2	56	
86	6	68	56	36	107	0	270	0	50	
0	64	82	4	56	116	159	198	0	0	
54	46	70	0	38	46	90	324	0	11	
0	8	74	2	52	6	90	302	32	113	
76	32	104	30	54	0	308	0	43	32	
0	72	126	61	43	42	140	195	0	0	
36	78	68	0	10	12	141	248	52	34	
32	16	36	24	20	108	285	26	76	56	
22	32	52	8	16	24	162	249	40	74	
18	44	16	0	32	2	38	90	308	131	
18	111	48	40	32	102	133	160	22	13	
18	2	106	16	4	12	49	250	98	124	

76	68	75	36	4	8	0	262	93	32	
32	0	32	8	38	56	84	226	151	27	
4	32	76	32	16	37	126	280	34	17	
4	123	4	120	12	66	84	241	0	0	
36	6	16	0	2	18	183	293	4	96	
0	60	54	2	48	55	4	291	8	132	
0	4	40	40	58	0	139	258	53	62	
0	36	10	18	0	52	163	71	0	304	
68	60	62	29	33	3	92	143	164	0	
0	69	2	32	8	128	52	44	18	301	
103	10	70	12	36	48	0	251	40	84	
2	93	4	0	20	48	8	292	99	88	
38	6	81	0	112	34	50	276	57	0	
0	56	112	80	100	2	147	157	0	0	
40	58	56	28	44	9	236	183	0	0	
46	68	9	22	56	36	0	211	0	206	
0	56	124	60	36	52	109	217	0	0	
2	70	60	28	32	2	135	161	0	164	
4	124	0	0	0	68	157	32	269	0	 ***
36	13	0	46	18	41	178	240	10	72	
0	64	117	70	54	6	103	240	0	0	
32	4	108	48	62	97	0	249	40	14	
13	56	56	134	66	68	256	5	0	0	
64	56	93	28	32	2	143	236	0	0	
0	88	36	111	46	0	34	246	18	75	
2	56	64	24	30	64	177	237	0	0	
10	10	95	0	125	0	0	141	22	251	
4	56	60	24	86	2	175	211	0	36	

0	0	98	0	0	0	132	294	36	0	 ***
4	0	0	40	84	12	58	0	330	32	
0	4	46	0	48	0	175	0	0	287	
8	36	52	0	0	98	0	48	318	0	
76	0	0	0	0	0	30	141	301	12	
38	64	67	0	40	0	14	8	329	0	
165	0	0	0	80	0	225	66	24	0	
56	0	8	6	0	98	0	0	304	88	
22	0	36	0	0	12	0	0	321	169	
0	38	0	14	16	68	13	0	303	108	
68	69	4	0	0	8	16	32	323	40	
4	40	0	0	0	68	115	58	275	0	
36	18	8	64	0	32	106	0	296	0	
0	0	0	76	8	0	0	31	307	138	
4	0	72	0	8	0	4	248	224	0	
0	8	60	10	0	0	0	130	304	48	
10	64	4	26	0	0	108	40	308	0	
0	8	0	34	98	8	0	0	291	121	
12	0	32	0	0	52	0	30	308	126	
0	70	0	18	4	72	80	0	304	12	
12	86	2	16	8	32	0	82	322	0	
4	4	0	0	0	68	58	32	292	102	
4	48	0	0	4	70	93	68	273	0	
0	24	44	64	0	0	294	134	0	0	

52	68	0	8	0	22	32	72	160	254	
20	65	64	10	38	16	48	297	90	20	
0	6	38	100	32	40	122	311	19	0	
129	94	50	68	0	4	270	0	53	0	
3	76	10	10	108	0	96	292	73	0	
40	32	40	48	0	8	198	234	68	0	
56	52	93	0	16	0	0	257	114	80	
16	8	62	32	0	0	186	241	123	0	
0	144	4	0	0	68	52	234	114	52	
50	0	76	1	0	48	327	32	0	134	
0	48	33	113	4	76	142	252	0	0	
72	0	0	4	36	24	14	305	59	154	
76	32	0	32	8	1	200	237	42	40	
76	107	42	4	0	0	301	46	92	0	
0	0	44	8	38	56	155	262	0	105	
4	5	71	0	32	0	120	278	52	106	
158	0	12	72	36	8	222	84	76	0	
0	0	90	32	0	2	72	321	48	103	
24	68	46	0	36	36	220	0	234	4	
72	8	54	0	0	52	13	0	315	154	
162	0	36	0	78	48	70	64	0	210	
56	8	22	16	0	64	0	313	157	32	
2	44	32	56	0	40	0	320	126	48	
84	85	0	0	2	133	16	272	68	8	
32	0	12	0	32	52	197	40	271	32	
0	32	152	0	83	10	8	4	105	274	
36	0	68	46	4	0	96	318	32	68	
8	4	0	0	16	4	0	246	190	200	
32	16	66	38	0	151	88	40	233	4	
0	78	54	0	94	52	18	304	68	0	
106	0	56	30	44	0	0	136	296	0	 ***
0	0	36	64	42	48	0	310	118	50	
0	16	0	40	72	137	38	279	40	46	
0	32	78	8	0	1	77	304	132	36	
68	28	4	54	67	0	210	235	2	0	

132	64	0	58	112	0	32	0	251	64	
74	8	60	28	40	81	64	96	262	0	
76	96	48	34	36	40	41	0	272	70	
77	54	0	48	0	72	36	73	252	101	
123	38	12	4	98	76	71	0	56	235	
6	9	0	1	116	88	148	0	209	136	
35	40	91	28	32	0	0	223	264	0	 ***
73	40	46	84	40	0	2	96	268	64	
80	0	64	68	0	67	193	40	0	201	
0	64	86	83	0	32	20	1	211	216	
64	8	74	88	0	32	4	313	128	2	
64	0	32	0	8	2	209	96	12	290	
40	8	90	32	4	68	211	260	0	0	
2	72	32	0	40	32	208	0	64	263	
0	44	32	22	104	8	162	0	205	136	
76	0	32	36	40	84	240	0	168	37	
0	38	10	124	12	72	44	80	235	98	
36	0	60	60	66	32	0	138	57	264	
0	26	36	41	0	32	33	33	235	277	
79	0	48	36	38	4	48	138	322	0	

143	58	0	32	1	0	138	270	0	40	
0	104	94	12	40	0	0	170	262	0	
10	110	0	124	0	0	0	275	32	131	
42	80	8	0	50	75	8	0	277	142	
64	0	0	0	36	106	12	339	125	0	
64	0	40	0	0	146	0	199	7	226	
0	48	74	24	32	16	41	106	341	0	
146	20	40	0	51	4	40	104	277	0	
16	0	1	36	36	0	32	16	302	243	
48	75	60	32	145	36	22	0	264	0	
16	0	0	0	66	45	34	192	309	20	
66	0	0	8	0	157	0	128	274	49	
167	40	86	0	32	0	0	148	209	0	 ***
26	40	121	2	44	0	0	138	311	0	
0	8	94	8	0	0	76	112	0	384	
2	34	75	16	40	0	0	138	333	44	
0	12	37	0	4	0	293	240	96	0	

8	16	0	0	40	0	217	290	0	72	
83	36	46	0	32	8	0	272	166	0	
82	32	52	4	42	8	0	85	338	0	
67	40	54	0	36	132	0	84	230	0	
80	0	174	0	8	0	72	269	0	40	
169	104	8	12	0	0	0	276	8	66	
0	8	32	0	0	0	68	40	233	262	
90	32	60	132	34	0	0	74	221	0	
64	4	179	48	44	50	254	0	0	0	
179	34	69	20	32	0	0	76	233	0	
67	52	52	8	32	0	0	252	180	0	
75	53	60	0	32	132	0	80	211	0	
14	0	0	112	0	2	0	0	207	308	 ***
179	40	102	0	37	0	0	103	182	0	
171	56	88	0	32	0	0	100	196	0	
2	12	16	32	0	122	98	321	40	0	
0	20	0	44	0	8	66	0	203	302	
96	0	8	16	16	0	0	34	343	130	
0	0	84	0	7	0	257	256	39	0	
56	0	0	187	32	0	207	0	129	32	
66	106	48	8	40	0	0	74	301	0	
74	40	56	0	102	0	0	82	289	0	

8	0	4	112	24	2	0	66	154	344	
48	163	0	120	0	11	0	0	196	176	 ***
6	10	0	120	36	18	0	0	200	324	

68	1	48	124	0	22	0	0	233	272	 ***
49	164	50	40	6	4	80	68	57	250	
67	98	57	16	0	12	239	14	258	7	
0	92	32	80	32	40	199	65	0	228	
36	53	0	137	0	136	88	0	156	162	
110	10	0	120	36	54	0	0	188	250	
48	107	32	36	40	34	146	11	40	274	
36	89	39	129	69	45	0	0	198	163	
2	32	116	64	76	27	0	323	0	128	
19	0	112	32	165	8	55	104	0	273	
54	132	42	44	44	8	0	72	213	159	
56	0	32	32	32	118	161	58	3	276	
20	64	68	51	0	58	269	36	202	0	
68	0	0	134	2	23	96	0	162	283	
36	169	33	128	16	57	0	0	188	141	

