#244	2288	240	400	0	0	520	432	240	3976	 ***
#0	4	32	804	192	400	4136	244	144	2384	
#160	640	272	404	64	0	248	2336	624	3592	
#192	112	192	720	240	320	5280	0	1088	196	
#512	484	0	0	80	272	272	3748	164	2808	
#112	324	352	240	160	160	84	900	2132	3876	

112	80	240	640	0	0	656	2576	1684	1564	
404	976	320	320	0	32	436	432	880	3752	
192	0	144	672	320	400	1428	0	376	4020	
0	1920	32	224	480	160	640	304	240	3552	
240	0	272	320	0	80	832	544	272	4992	
480	1104	0	160	240	192	432	320	4432	192	
272	160	480	320	0	0	384	432	768	4736	
84	112	240	320	0	0	356	2644	1040	2756	
1936	784	160	192	176	320	2196	0	0	1788	 ***
432	0	1536	160	272	400	4128	352	272	0	
432	192	0	80	144	160	5088	1456	0	0	
112	352	0	32	320	112	992	752	4800	80	
160	32	0	112	560	144	32	2908	3204	400	
244	0	272	352	0	320	548	1072	160	4584	
1028	80	320	672	0	0	516	432	240	4264	
80	80	192	320	0	0	384	2576	3188	732	
404	32	400	320	0	0	708	1072	4276	340	

1072	464	160	544	176	320	912	0	0	4416	 ***
1072	432	160	224	256	320	1184	0	0	4416	
432	1104	160	192	176	432	2852	832	0	1884	
672	1104	160	192	464	320	2884	32	0	2236	
112	432	224	192	496	720	1472	0	0	4416	
432	752	160	192	176	352	2852	0	1168	1980	
1568	512	864	192	496	480	432	0	0	3520	
672	464	192	352	816	320	1488	0	0	3760	
592	432	160	192	176	960	832	352	32	4336	
1616	432	160	224	176	640	2420	0	0	2396	
1744	864	192	192	848	320	1892	0	0	2012	
704	432	160	192	176	320	192	3332	0	2556	
592	464	160	192	176	720	1488	0	640	3632	
1664	432	1376	224	176	320	1956	0	0	1916	

1072	384	192	384	816	400	432	0	752	4948	
400	672	352	832	992	1328	864	3268	672	0	
1072	384	160	1184	1008	400	272	0	0	4900	
1072	416	800	1344	176	240	272	160	0	4900	
352	416	640	112	192	320	0	1728	832	4788	
1232	1024	320	544	1040	880	272	0	0	4068	
0	320	992	768	0	400	2272	272	4356	0	
704	784	800	160	0	576	736	880	4740	0	
960	864	224	1872	240	192	144	384	4500	0	
752	384	160	416	336	1040	272	1600	0	4420	
80	320	272	400	0	864	672	384	1152	5236	
2048	544	960	544	176	880	272	0	0	3956	
944	1344	240	192	32	1312	160	80	32	5044	
640	1088	0	720	432	496	320	1120	4420	144	
1152	192	672	32	304	992	0	1904	80	4052	
32	512	496	640	352	0	5460	912	32	944	
0	32	640	1824	800	560	672	288	832	3732	
1072	352	192	544	1952	880	592	0	0	3796	 ***
1104	256	160	1120	672	640	160	512	0	4756	
2352	384	320	544	176	320	304	0	0	4980	

320	512	672	272	112	960	832	1008	304	4656	
112	1232	32	0	1104	32	416	192	800	5728	
160	816	192	32	256	640	160	720	1072	5600	
0	640	1184	960	224	1856	3520	832	0	432	
320	640	896	512	240	1296	0	0	1296	4448	
1072	672	832	32	1712	880	400	32	0	4016	
1072	432	192	352	704	912	432	0	800	4752	
512	3168	0	672	0	464	192	432	272	3936	
1072	672	992	992	80	1104	0	160	224	4352	
64	1664	0	320	160	2896	320	1536	832	1856	
1712	352	272	352	1792	912	400	0	0	3856	
1664	800	400	1520	64	96	0	0	4720	384	
1072	432	464	352	2240	912	400	0	0	3776	
1232	352	1840	352	736	880	464	0	0	3792	
640	1584	800	0	1424	0	0	3840	1360	0	 ***
1872	432	32	384	1872	960	400	0	0	3696	
1712	512	272	352	784	880	400	0	0	4736	
1072	352	528	464	1792	880	624	0	0	3936	
272	800	352	384	1280	0	720	784	0	5056	
32	0	384	1552	0	1264	1264	0	4640	512	
1072	352	192	1568	1312	880	400	0	0	3872	
0	1072	80	384	0	640	896	3072	3504	0	
416	640	240	0	640	32	640	1776	384	4880	
1072	352	832	352	704	1072	400	0	80	4784	
1312	352	192	352	1872	880	432	256	0	4000	

1024	992	1680	0	304	1040	0	3280	1104	0	
800	464	1200	0	944	0	80	3552	2384	0	
1760	1136	1856	80	224	880	0	2768	720	0	
640	992	832	0	304	320	80	4336	1040	880	
1280	944	912	0	1088	240	0	3136	1664	160	
896	944	1360	944	1408	0	0	3152	720	0	 ***
240	352	640	592	640	672	752	5216	320	0	
944	1264	1072	0	1024	1776	0	2464	880	0	
320	192	1120	240	32	0	640	2768	3632	480	
1600	912	800	0	304	160	80	4608	400	560	
0	0	320	992	912	0	560	240	1712	4688	
640	1472	912	240	224	80	160	4336	1360	0	
640	1184	1600	32	1168	0	512	3248	1040	0	
720	1024	1472	656	608	720	0	3344	880	0	

160	1040	576	160	720	192	3632	240	240	480	
112	480	0	800	80	704	592	0	1200	3472	
160	304	1200	272	1120	0	192	3792	400	0	
192	304	1200	992	1120	0	0	3008	624	0	
0	320	32	1168	112	800	2144	0	240	2624	
160	304	1200	272	1280	32	2336	1456	400	0	
800	80	880	784	112	480	400	240	3504	160	
352	304	1200	272	1120	0	2336	1456	400	0	
160	144	1200	272	1280	0	32	3792	400	160	
592	272	640	624	400	720	160	3520	512	0	
160	304	1200	304	1280	0	1552	1456	1184	0	
752	0	2064	0	672	0	1152	2080	720	0	 ***
160	304	1360	272	1152	0	2288	1504	400	0	
160	336	1360	544	1120	0	0	3520	400	0	

832	480	164	0	676	32	1600	1700	2096	0	
992	80	2340	80	676	0	836	592	240	1744	
168	352	320	640	0	2932	1312	1712	144	0	
752	160	1476	400	704	0	480	2228	480	900	
752	0	1568	4	672	480	1924	1552	628	0	
240	720	1264	324	1120	84	3360	0	468	0	
384	240	2000	164	272	400	192	2004	640	1284	
160	320	1568	512	912	4	2996	708	240	160	
1344	4	324	80	624	0	1520	1588	2096	0	
196	112	1280	2528	800	160	836	0	1668	0	 ***
992	64	480	0	836	0	1120	1588	320	2180	
272	1536	240	32	240	324	320	196	3504	916	
640	160	224	0	112	884	0	624	3892	1044	
864	1300	304	240	676	0	1636	2128	432	0	
1072	32	1524	320	736	160	1344	1556	836	0	
816	80	320	0	672	4	1120	1688	2880	0	
784	0	272	0	992	160	1156	1552	324	2340	
356	80	484	272	192	0	3488	1028	400	1280	
304	832	320	0	0	1076	404	3940	624	80	
1556	160	112	164	1136	0	2004	2128	320	0	
80	384	160	0	1440	272	2964	820	1460	0	
1152	0	80	0	592	36	1600	3632	324	164	
752	1488	480	32	1076	68	1584	1776	324	0	
196	84	112	640	592	0	1792	3492	592	80	

196	112	1600	2112	1120	320	1844	192	1540	640	
516	112	880	1264	1040	160	1796	352	3556	0	
276	112	800	704	1520	1040	1156	2336	1732	0	
196	112	1152	2032	1120	1920	996	736	1412	0	
112	516	1392	320	0	2256	240	996	2404	1440	
196	112	1120	2064	800	240	3252	0	1572	320	
1236	272	800	2112	800	320	1268	0	1332	1536	
196	384	2064	1648	2032	272	836	0	2244	0	
196	832	2592	944	960	240	2196	0	1716	0	
276	112	1760	1056	1200	160	3028	80	1412	592	
1072	1524	720	644	480	304	160	1392	2708	672	
1236	112	1040	624	800	160	836	0	4708	160	
276	192	1200	1024	1440	1120	3044	0	1380	0	 ***
1156	272	800	2112	960	960	1684	320	1332	80	
320	1204	560	240	0	84	3860	592	160	2656	
356	112	880	2032	800	160	3204	160	1892	80	
704	320	304	2528	244	80	1600	3576	320	0	

160	596	320	320	724	944	2976	1072	240	388	
276	192	1200	1024	384	480	2884	0	1300	0	 ***
276	352	1200	1024	192	320	3236	0	820	320	
560	960	160	720	80	400	544	852	516	2948	
1648	160	0	648	592	480	2400	1236	176	400	
356	224	1200	1024	320	2224	1556	0	836	0	
436	192	1392	1024	320	320	3140	0	916	0	
436	192	960	1184	320	480	3140	32	996	0	
276	192	1200	992	320	640	3140	32	948	0	
512	164	656	1200	240	436	2932	400	880	320	
324	1200	560	880	112	80	224	2884	560	916	

276	2016	1120	1024	352	800	1828	0	788	0	
596	192	1200	848	352	512	3396	32	1076	0	
468	592	1120	752	352	480	2756	480	1204	0	
756	192	1152	784	352	480	996	80	3412	0	
308	192	1600	784	352	480	3300	32	1156	0	
820	192	1120	944	640	560	2724	32	1172	0	
308	192	1120	784	544	480	1092	2128	1556	0	
276	224	1152	848	2256	480	1300	0	1668	0	 ***
512	0	320	240	1040	912	516	1316	3348	0	
276	656	1120	784	496	640	2660	0	1572	0	
384	400	160	80	160	480	1664	384	1120	3372	
276	192	1120	784	320	320	3556	0	1604	32	

560	784	0	992	800	480	2036	196	1264	836	
244	384	1152	1392	2256	560	1160	0	800	0	
320	2064	160	704	240	160	240	1360	2300	400	
160	480	512	192	276	480	3860	1152	432	404	
244	224	1120	864	1072	400	1156	0	2868	0	
516	224	1200	736	2336	752	1352	0	832	0	
0	1220	656	2320	160	0	240	88	800	2464	
160	160	1156	272	1988	112	320	480	320	2980	
1904	160	0	320	432	240	0	2228	160	2504	
564	1504	480	516	320	400	2868	672	240	384	
640	484	240	464	112	868	3540	0	1600	0	 ***
112	992	592	400	640	1044	3816	192	160	0	
324	336	1120	896	2256	400	1704	80	832	0	

672	484	304	496	112	912	2408	1456	960	0	
672	112	0	352	672	148	0	480	1588	3780	
800	484	352	464	272	864	3544	32	992	0	
1184	484	240	1920	192	900	1812	0	1072	0	
480	1600	560	144	240	276	576	112	2936	880	
672	484	240	592	144	864	3544	32	880	352	
720	516	240	464	112	1024	3544	224	960	0	
4	192	160	116	720	752	2048	272	2580	960	
308	804	240	832	864	320	560	1136	400	2340	
272	480	560	112	756	304	916	0	3764	640	
160	464	400	240	80	320	3820	176	1392	752	
272	2432	672	0	164	708	1184	196	0	2176	
112	196	352	240	64	1232	3620	32	272	1684	
832	0	672	80	276	80	3864	432	800	768	
560	160	0	592	592	2496	2300	560	192	352	
576	192	400	836	0	240	1236	1888	2196	240	
800	484	272	304	112	2628	2340	0	864	0	 ***

804	484	272	496	272	2064	1524	1396	912	1312	
480	112	724	2016	80	1440	3340	800	112	432	
1440	488	912	384	752	1168	3012	0	996	384	
800	944	0	640	528	2144	3724	32	400	324	
912	484	272	384	112	3568	2344	0	672	788	
0	0	192	832	160	112	4	1152	4380	2704	
2544	484	1876	336	112	1108	1764	0	1312	0	
432	240	4	832	480	0	2828	2864	672	1184	
1376	1280	720	320	352	676	2932	0	1304	576	
1120	484	272	224	1152	3344	1284	4	1152	500	
1504	640	80	1792	720	0	3104	1696	0	0	
864	640	272	336	1472	1112	2084	4	2752	0	
720	112	192	544	160	1568	804	1520	144	3772	
84	352	272	320	560	1600	3720	832	1156	640	
80	1392	1396	192	36	352	112	4500	1476	0	
800	484	272	1024	832	2132	1668	0	2324	0	 ***
560	1120	352	0	324	784	2792	272	272	3060	
320	192	240	272	0	2464	716	1360	192	3780	
0	2048	752	560	356	1456	3340	192	160	672	
3332	32	720	0	320	352	2872	644	880	384	
432	836	0	192	672	960	4652	160	912	720	

564	404	304	912	832	1264	1072	1524	3044	0	
912	484	592	1632	832	1152	1552	0	2764	0	 ***
1844	400	432	992	832	2176	2100	0	1144	0	
324	432	272	992	912	1872	1152	960	3004	0	
1216	0	672	640	160	724	3336	324	0	2848	
0	1200	272	276	160	884	4488	592	2016	32	
880	404	272	1024	1184	1184	3380	0	1592	0	
864	112	0	192	0	164	1600	800	3300	2888	
640	192	80	1856	160	640	240	432	4572	1108	
112	0	1028	320	640	800	2528	0	724	3768	
1872	160	80	912	720	0	2792	160	2584	640	
320	484	432	912	832	1152	1344	960	3484	0	
1552	80	160	2164	784	720	0	772	2452	1236	
320	0	36	196	992	160	240	3136	3208	1632	
1120	404	272	912	992	1904	1312	80	2760	164	
720	320	80	720	832	2416	4488	192	0	152	
400	176	32	1392	240	1600	832	592	1892	2764	
240	0	160	832	0	1984	3744	1280	272	1408	
240	512	320	640	1684	960	2500	416	1284	1364	
160	404	272	1712	832	1152	1156	0	2920	1312	
320	400	912	832	800	996	1060	80	1444	3076	
240	1044	704	992	832	1264	2496	0	2348	0	

992	484	592	912	1440	1232	1584	0	2844	0	
160	80	0	0	0	0	2432	1152	5868	388	
272	484	704	1552	912	1792	2224	0	2140	0	 ***
0	832	0	640	112	1632	0	880	912	5072	
912	484	672	2628	992	1904	1472	0	1016	0	
912	484	704	912	960	1104	2304	80	1820	800	
464	1124	592	1024	800	992	2340	160	1908	676	
304	564	592	992	832	1152	1312	0	900	3432	
1104	1124	672	992	832	1072	1392	0	2892	0	
1108	484	1344	912	1472	1072	1472	0	1176	1040	
1552	516	672	992	832	1072	1472	192	2780	0	
1792	32	400	196	1792	0	1552	420	3108	788	
1076	1924	756	832	2272	112	0	896	0	2212	
272	628	592	1024	800	1072	1392	3396	904	0	
352	32	80	512	240	1040	1396	640	5084	704	
672	484	592	2820	800	1072	1104	1348	868	320	

1120	352	36	272	192	720	5000	0	80	2224	
1152	1204	384	1744	1632	512	2184	0	1184	0	
0	0	628	0	240	1360	5304	912	0	1552	
0	912	160	32	1312	784	5240	836	720	0	
32	432	512	0	0	752	1280	640	5036	1312	
1040	160	0	592	0	32	5624	32	1204	1312	
68	80	960	720	240	720	3360	320	3256	272	
160	80	112	880	0	1696	4920	720	784	644	
640	80	192	0	32	628	5432	1120	352	1520	
112	324	1264	1360	1232	640	512	0	624	3928	
272	404	384	1552	1712	192	2304	2232	944	0	
0	0	752	244	32	672	4232	352	2832	880	
272	404	544	2112	880	512	1184	0	944	3144	
1392	672	560	32	240	32	5356	1152	560	0	
0	800	1988	0	464	1476	1968	3300	0	0	 ***
992	80	32	160	32	964	3408	944	3384	0	
1616	240	756	80	0	704	560	1344	4696	0	
992	404	384	1184	2272	864	1428	0	2468	0	
720	1028	672	352	0	0	5512	880	160	672	
672	0	80	1428	0	0	2196	1232	4388	0	
1152	912	640	800	0	164	272	320	5240	496	
32	1272	1712	240	400	272	5236	800	32	0	
144	240	0	1680	320	112	5400	644	1456	0	
720	0	592	1952	96	0	276	1520	0	4840	
724	160	0	640	640	192	1376	720	4872	672	
272	800	676	32	192	112	4152	1360	0	2400	
384	404	624	1552	1520	432	3656	0	1424	0	
0	0	1360	400	464	0	240	32	4808	2692	
240	352	0	672	80	996	4600	752	1664	640	
912	484	384	1700	1712	512	2432	0	1860	0	
272	404	1184	1072	912	1784	1984	0	2384	0	

0	800	1312	0	984	1396	1904	3760	0	0	
32	836	1044	640	80	672	800	5668	144	240	
240	0	592	2672	1680	224	0	4316	432	0	
112	0	480	560	752	160	640	4472	2980	0	
240	800	1312	0	464	640	1824	4876	0	0	
916	1200	1312	0	464	640	1824	3800	0	0	
0	320	1060	192	400	0	4120	1312	1152	1600	
0	1120	1312	80	464	1120	2736	3324	0	0	
480	800	1312	400	544	1464	1968	3188	0	0	
112	160	560	0	0	80	2080	4188	224	2752	
480	160	992	80	832	80	1280	3008	272	2972	
0	800	1312	0	1464	800	2996	2784	0	0	
32	80	32	960	480	0	192	5068	1520	1792	
464	80	1156	800	672	0	0	4968	1120	896	
640	112	1508	512	880	1440	992	3880	80	112	
0	1716	1508	0	464	640	1968	3860	0	0	
960	0	564	800	432	480	400	5096	1360	64	
0	800	1312	400	464	640	3308	3232	0	0	 ***
112	320	32	0	400	960	0	1120	2832	4380	
800	320	672	1024	400	0	5308	1440	32	160	
1640	112	352	1120	80	1392	0	4596	0	864	
0	960	1312	0	784	1468	2368	3264	0	0	
400	912	416	0	400	880	1392	5564	0	192	
0	160	1472	32	400	80	1152	5084	624	1152	
880	640	1360	560	96	0	5196	0	832	592	
0	1120	2072	432	500	800	2048	3184	0	0	
720	912	1360	0	160	176	1716	3720	720	672	
0	320	720	160	80	1476	4568	192	1520	1120	
80	640	720	112	320	432	2448	3772	800	832	
320	880	0	0	640	32	752	832	5244	1456	
320	1520	592	800	640	996	2480	2456	112	240	
32	32	1396	320	32	240	944	3720	1600	1840	

880	720	516	720	80	144	0	3868	1200	592	
640	0	0	160	724	1120	720	3112	2048	196	
80	640	464	640	320	84	1872	4268	32	320	
80	1716	80	1948	240	672	256	3728	0	0	
720	112	320	0	32	352	1956	4508	80	640	
0	880	432	0	960	1076	80	4780	160	352	
0	80	800	160	512	0	1428	3788	1040	912	
0	720	192	352	0	32	1840	724	0	4860	
720	880	1232	484	304	4	1752	2032	1312	0	
0	352	32	0	160	1848	80	736	320	5192	
1316	192	1392	240	720	0	0	3724	160	976	
0	1200	80	0	32	960	160	4812	676	800	
112	112	1604	0	1484	320	320	4608	160	0	
0	800	1536	764	1024	0	2276	2320	0	0	
160	832	1120	480	544	112	3308	2164	0	0	
912	400	148	432	160	720	0	3264	0	2684	
0	800	2480	480	384	352	1508	2716	0	0	
32	1072	1200	480	304	0	1920	2400	0	1312	
80	2128	0	0	0	720	1156	640	3996	0	 ***
720	244	0	912	352	164	1480	3536	192	1120	
0	960	2324	32	736	80	1348	3240	0	0	
640	80	1404	0	1200	1280	0	3748	160	208	
244	1104	160	1912	672	720	3828	80	0	0	
596	800	1204	480	304	0	2180	3156	0	0	
0	1760	720	1436	272	0	32	3712	352	436	
32	800	1280	400	272	640	1468	3828	0	0	
168	192	1204	0	1764	0	0	1200	80	4112	
80	800	1200	400	612	0	2836	2712	0	80	

0	0	1312	0	0	0	916	4868	720	0	 ***
80	0	0	800	1024	240	192	0	5480	0	
0	80	272	0	640	0	2100	0	0	4724	
160	720	80	0	0	1280	0	304	5272	0	
560	0	0	0	0	0	592	1524	4900	240	
752	320	676	0	160	0	272	160	5476	0	
2740	0	0	0	960	0	2964	672	480	0	
1120	0	160	112	0	916	0	0	5028	480	
112	0	720	0	0	240	0	0	5396	1348	
0	720	0	272	320	64	244	0	4996	1200	
720	724	80	0	0	160	0	640	5348	144	
80	480	0	0	0	720	1236	832	4468	0	
400	352	160	640	0	640	800	0	4824	0	
0	0	0	880	160	0	0	564	5108	1104	
80	0	1120	0	160	0	80	3412	2964	0	
0	160	880	192	0	0	0	1312	4952	320	
192	640	80	512	0	0	512	800	5080	0	
0	160	0	672	1296	160	0	0	4452	1076	
240	0	0	0	0	400	0	592	5048	1536	
0	736	0	32	80	800	960	0	4968	240	
240	1040	32	0	160	640	0	352	5352	0	
80	80	0	0	0	720	1152	640	5032	112	
80	320	0	0	80	720	1156	1040	4420	0	
0	480	560	640	0	0	4744	1392	0	0	

400	720	0	160	0	112	0	800	3092	3496	
80	644	0	192	112	320	960	4920	1152	400	
0	112	112	1284	0	160	1792	5316	4	0	
1800	1232	32	720	0	80	4560	0	356	0	
36	880	192	192	1384	0	640	4656	800	0	
160	640	160	960	0	160	3540	3080	80	0	
160	1040	1116	0	272	0	0	4240	992	960	
320	144	592	0	0	0	1948	4016	1760	0	
0	2376	80	0	0	80	80	4132	992	1040	
352	0	1520	0	0	0	5516	0	0	1392	
0	960	4	1480	80	880	1856	3520	0	0	
160	0	0	80	720	160	272	5080	516	1792	
1520	640	0	0	160	4	3184	2952	160	160	
880	1352	192	80	0	0	5156	880	240	0	
0	0	240	160	112	800	2420	3608	0	1440	
80	84	752	0	0	0	800	4632	1040	1392	
2664	0	240	800	720	160	3252	80	864	0	
0	0	1152	0	0	32	480	5752	320	1044	
480	720	272	0	80	720	2856	0	3572	80	
800	160	432	0	0	720	240	0	5276	1152	
3064	0	80	0	880	320	752	640	0	3044	
800	160	432	320	0	640	0	5224	1204	0	
32	880	0	160	0	800	0	5404	544	960	
1040	724	0	0	0	2056	320	4400	80	160	
0	0	240	0	0	1040	3396	160	3944	0	
0	0	2632	0	992	160	160	80	164	4592	
80	0	1360	272	80	0	320	5704	0	964	
160	80	0	0	320	80	0	3336	2420	2384	
640	320	32	720	0	2552	800	160	3476	80	
0	880	432	0	1232	80	352	5084	720	0	
1272	0	480	272	240	0	0	1440	5076	0	 ***
0	0	720	1280	192	0	0	5196	400	992	
0	0	0	160	800	2264	112	5044	160	240	
0	0	912	160	0	0	564	5112	1952	80	
40	560	80	752	672	0	3472	3172	32	0	

1828	640	0	192	1600	0	0	0	3832	640	
408	160	560	240	160	944	640	1280	4340	0	
484	1280	640	32	80	160	804	0	4500	752	
516	1040	0	0	0	160	80	1444	3504	1988	
2036	112	240	80	1312	880	756	0	160	3156	
112	164	0	0	1680	1760	1892	0	2324	800	
36	160	1152	240	0	0	0	2756	4388	0	 ***
164	800	272	948	160	0	32	1280	4436	640	
1280	0	640	720	0	672	2148	160	0	3112	
0	640	1072	992	0	0	80	4	2372	3572	
640	160	436	800	0	640	80	5304	640	32	
640	0	0	0	160	32	2528	640	240	4492	
160	160	832	640	80	720	2500	3640	0	0	
32	800	0	0	160	640	2468	0	640	3992	
0	880	0	112	1440	144	2548	0	2168	1440	
484	0	640	720	800	1040	3220	0	1744	84	
0	112	168	2068	240	800	880	640	3152	672	
64	0	560	880	672	0	0	1472	1080	4004	
0	512	720	144	0	0	4	0	2804	4548	
916	0	320	400	112	36	0	1472	5476	0	

2436	512	0	640	4	0	1472	4136	0	160	
0	1364	1232	240	160	0	0	2112	4252	0	
192	1552	0	1764	0	0	0	4536	640	676	
192	640	160	0	992	836	160	0	4264	2116	
0	0	0	0	720	1396	240	6136	868	0	
640	0	800	0	0	2068	0	2288	116	3448	
0	320	832	160	0	320	148	1472	6108	0	
2292	400	160	0	32	80	800	800	4796	0	
304	0	4	80	720	0	0	0	4732	3520	
960	836	240	640	2388	80	432	0	3784	0	
320	0	0	0	32	884	32	3128	4884	80	
672	0	0	160	0	2532	0	640	4408	948	
3100	160	1072	0	0	0	0	1664	3364	0	 ***
488	160	1712	32	240	0	0	1472	5256	0	
0	160	1216	160	0	0	880	0	0	6944	
32	32	836	0	160	0	0	2112	5948	240	
0	240	64	0	64	0	4600	3152	1240	0	

160	320	0	0	160	0	2388	5100	0	1440	
1636	80	272	0	0	160	0	4196	3224	0	
1632	0	400	80	192	160	0	1024	6080	0	
1316	160	432	0	80	2148	0	1024	4408	0	
960	0	2856	0	160	0	800	4632	0	160	
2868	1440	160	240	0	0	0	4668	160	32	
0	160	640	0	0	0	720	800	2824	4424	
1792	0	560	2148	32	0	0	832	4204	0	
640	80	3332	320	880	352	3964	0	0	0	
3384	32	720	400	0	0	0	864	4168	0	
1316	400	400	160	0	0	0	3796	3496	0	
1476	400	560	0	0	2148	0	944	4040	0	
272	0	0	1600	0	32	0	0	2196	5468	 ***
3436	160	1392	0	32	0	0	2020	2528	0	
3276	480	1104	0	0	0	0	1940	2768	0	
32	240	320	640	0	1716	32	5788	800	0	
0	400	0	880	0	160	672	0	2100	5356	
1188	0	160	320	320	0	0	672	6236	672	
0	0	1040	0	112	0	3836	3824	756	0	
1120	0	0	3492	640	0	2468	0	1848	0	
1312	1396	320	160	160	0	0	832	5388	0	
1472	160	480	0	1316	0	0	992	5148	0	

160	0	64	1600	480	32	0	352	1760	6148	
960	2648	0	1712	0	192	0	0	1984	3100	 ***
112	192	0	2400	80	32	0	0	2080	5700	

720	4	320	1824	0	112	0	0	2672	4432	 ***
260	2768	32	160	112	80	1600	1040	480	3552	
648	784	164	320	0	240	3780	272	3764	112	
0	1184	0	1600	640	160	1792	324	0	4384	
720	956	0	1952	0	2240	480	0	1824	1912	
1552	192	0	1712	680	432	0	0	1824	3692	
0	1392	640	720	160	672	1632	196	800	3872	
720	1056	88	1872	1360	144	0	0	1984	2860	
0	0	1412	640	864	512	0	5696	0	960	
356	0	1280	0	2784	160	752	160	0	4592	
1072	1760	192	880	192	160	0	800	2644	2384	
1120	0	0	640	0	1476	1284	1152	32	4380	
400	640	676	992	0	192	4128	672	2384	0	
720	0	0	2032	32	116	640	0	1952	4592	
720	3080	4	1872	0	784	0	0	1824	1800	

