#87	15	305	324	0	398	414	389	1023	775	
#0	388	0	49	500	454	1023	471	409	436	 ***
#48	69	291	42	248	289	642	132	1023	946	
#342	498	412	115	321	172	1023	36	0	811	

8	507	0	0	319	461	152	1022	868	50	
122	122	0	65	271	381	567	1023	398	438	
304	248	49	190	89	29	365	720	370	1023	
0	362	0	101	286	381	396	425	413	1023	
272	171	263	10	15	169	274	257	1023	933	
267	53	252	340	412	410	1023	134	0	496	
253	432	456	175	212	344	1023	0	492	0	 ***
293	256	0	187	86	0	1023	467	66	1009	
46	373	8	49	271	385	1023	411	413	408	
27	141	343	33	0	0	1023	739	144	937	
0	49	0	23	386	511	967	734	183	534	
99	160	167	282	353	30	1023	520	482	271	
393	244	511	246	19	256	944	557	217	0	
0	373	46	171	279	397	1023	293	397	408	
0	388	0	49	269	385	1023	411	396	466	
500	382	0	511	156	286	0	238	909	405	
97	312	4	378	396	263	651	263	0	1023	
23	373	8	50	271	385	1023	404	441	409	
279	0	0	503	427	69	1023	60	80	946	
0	419	4	49	275	385	1023	289	520	423	

385	30	37	45	423	380	0	106	1022	1023	
248	246	317	419	189	312	407	260	1023	30	
248	188	319	434	204	372	663	0	1023	0	
511	396	38	46	53	0	966	914	126	401	
285	38	427	57	91	179	601	162	1023	588	
256	156	313	235	433	511	925	0	622	0	 ***
244	156	313	175	501	297	392	1023	350	0	
0	158	419	0	396	164	185	268	1023	838	
49	44	382	262	122	419	374	1023	303	473	
248	186	347	419	204	312	1023	244	468	0	
252	279	366	49	309	400	93	437	1022	244	
248	338	347	175	189	479	392	260	1023	0	
278	261	317	175	189	320	636	252	1023	0	
136	269	385	137	290	264	380	149	1023	418	
248	198	317	175	443	305	1023	0	742	0	
278	400	317	235	174	305	392	1023	327	0	
248	164	328	175	189	419	722	1023	183	0	

54	134	303	0	135	121	804	947	1023	0	
12	156	313	357	446	392	1023	521	301	0	
23	143	308	244	511	134	973	254	106	825	
262	244	87	412	252	121	1020	350	514	259	
15	305	145	34	456	190	823	191	1020	342	
152	511	260	227	321	98	1018	0	934	0	
290	312	313	235	384	373	1023	0	591	0	 ***
94	239	150	134	130	221	373	869	1022	289	
327	182	313	235	412	511	517	122	902	0	
90	457	186	46	252	42	157	775	1020	496	
77	278	328	235	324	433	578	1023	245	0	
61	228	335	15	212	511	304	45	800	1010	
8	152	313	314	350	510	517	0	1023	334	
246	185	404	324	168	0	294	878	1022	0	
253	511	305	402	136	0	92	0	945	877	
382	156	99	235	294	388	403	1023	541	0	
256	318	511	220	476	373	624	0	743	0	
175	0	496	182	61	175	1020	395	1017	0	
511	496	30	511	441	175	0	136	250	971	
91	365	94	134	243	38	488	614	1020	434	
28	338	313	235	309	388	395	492	1023	0	
500	175	313	325	354	373	334	124	1023	0	
8	212	343	250	290	511	624	380	903	0	
286	160	373	220	274	373	502	312	1021	0	

0	160	241	0	442	68	983	1023	0	15	
286	312	69	235	140	213	657	0	1020	0	
34	319	163	0	182	487	145	79	1023	500	
15	288	511	8	120	0	0	655	1023	312	
61	75	72	244	15	213	1021	210	1021	0	
301	308	0	220	372	511	627	0	593	0	 ***
511	87	8	433	213	441	68	15	989	167	
15	45	219	60	259	335	1020	0	872	107	
286	459	32	220	91	213	353	0	255	1023	
362	312	98	220	95	228	597	0	1020	0	
91	151	30	159	8	30	1023	213	945	282	
286	323	98	281	138	213	1023	0	570	0	
191	128	49	181	156	380	259	286	1020	282	
511	45	122	8	441	279	426	935	30	135	
286	308	69	220	95	243	688	0	1023	0	
19	49	8	212	113	511	808	91	935	186	
19	0	45	60	273	137	30	365	1020	983	

357	139	45	220	121	302	289	274	1023	0	
372	109	15	220	121	242	394	274	1023	0	
0	335	0	60	173	195	928	60	1019	0	
297	511	106	98	121	347	685	0	605	0	
0	8	259	511	166	121	120	195	991	399	
94	105	30	320	91	150	822	45	1023	90	
312	64	135	190	151	302	304	289	1023	0	
347	94	0	313	211	511	289	0	746	259	
308	0	76	45	60	75	0	255	928	1023	
15	0	76	19	30	120	318	166	1004	1022	
312	511	0	205	227	257	548	0	710	0	 ***
45	45	30	196	60	244	30	114	1022	984	
0	289	0	121	75	30	943	228	61	1023	
30	511	274	0	196	0	91	87	1003	578	
297	64	30	135	234	302	304	1023	381	0	
15	27	105	15	334	271	844	106	1023	30	
304	79	0	242	120	242	349	30	381	1023	
49	60	15	210	0	0	472	1023	866	75	
342	64	30	265	136	242	289	319	1023	60	
297	94	105	182	113	242	274	441	1022	0	
342	511	0	250	121	394	623	0	529	0	
76	4	259	180	135	15	0	1023	256	822	
135	68	0	60	91	274	905	91	1022	124	

289	105	0	15	105	227	60	1023	364	492	
312	366	0	137	121	511	608	0	625	0	
15	45	60	181	511	0	244	1016	0	608	
312	148	0	158	121	259	1023	0	659	0	
312	121	0	179	130	227	688	0	1023	0	
0	511	274	120	150	45	136	457	0	987	
312	126	0	175	121	231	692	0	1023	0	 ***
19	34	0	75	0	196	1023	334	0	999	
312	111	0	137	121	231	304	0	1023	441	
30	511	30	15	105	319	0	251	426	993	
511	91	106	0	15	0	1016	289	45	607	
314	139	0	152	121	511	304	0	865	274	
75	0	304	92	60	60	289	182	595	1023	
312	511	0	145	121	257	304	0	748	282	
30	0	0	15	30	486	1018	106	0	995	
30	62	90	75	69	30	293	1023	1008	0	
312	109	0	511	121	227	304	0	283	813	
342	129	0	180	121	227	1023	0	658	0	
75	60	0	45	17	106	106	914	1023	334	
312	105	0	137	410	511	578	0	627	0	
0	30	60	30	121	60	381	975	1023	0	
511	124	0	175	121	227	556	0	966	0	
210	60	0	99	64	511	913	198	625	0	
312	111	0	152	125	227	304	1023	426	0	
0	91	511	291	150	30	536	61	1010	0	
327	132	0	145	188	227	1023	0	638	0	
314	115	0	190	129	511	560	0	861	0	
121	511	45	244	90	90	61	457	971	90	
312	115	0	15	121	242	349	244	259	1023	
342	511	15	151	144	350	548	0	619	0	

357	105	0	167	83	511	308	0	738	304	
139	0	0	15	94	339	0	186	1023	777	
511	231	0	217	107	292	620	0	595	0	 ***
511	338	0	171	83	242	578	0	650	0	
351	105	80	179	83	511	548	0	716	0	
91	511	75	150	244	79	381	83	929	30	
60	0	30	166	76	511	1020	293	49	368	
319	511	4	201	113	197	692	0	536	0	
349	105	49	53	89	231	293	0	1023	381	
304	135	12	61	90	212	736	0	1023	0	
310	511	30	186	83	197	582	0	674	0	

42	2	45	30	120	165	1023	552	129	935	
275	196	159	449	511	232	665	0	556	0	
170	226	106	327	106	156	635	1023	294	0	
174	196	60	68	121	511	605	989	167	152	
482	511	156	83	166	66	605	0	974	0	
154	60	105	0	289	168	717	1023	335	192	
511	175	33	68	365	95	605	182	716	293	
240	136	0	60	106	316	798	131	233	1023	
45	197	109	511	121	162	1018	880	0	0	 ***
113	98	94	430	424	197	152	313	1023	199	
511	196	10	182	55	95	735	0	377	882	
166	166	8	92	511	34	416	0	976	674	
482	166	171	486	511	95	605	0	527	0	
274	99	280	64	241	321	170	0	1023	571	
215	256	0	190	106	125	673	1023	455	0	
170	441	0	326	204	308	384	187	1023	0	
236	234	68	60	166	476	607	1023	173	0	
166	166	10	479	108	184	628	0	1023	279	

19	396	81	511	259	23	45	304	250	1005	
197	75	267	282	113	65	1023	64	730	77	
304	258	75	308	114	160	1022	408	244	0	
30	8	105	30	0	169	1023	334	198	996	
17	61	42	143	364	45	1023	819	0	379	
85	64	19	0	27	349	113	228	985	1023	
139	328	212	357	462	0	244	0	128	1023	
75	0	124	365	84	90	1023	576	168	388	
0	94	364	0	486	194	1022	83	517	133	
45	164	55	181	30	320	1023	586	170	319	
279	498	83	0	234	217	1023	8	227	324	
68	23	230	289	130	75	380	30	645	1023	
252	419	8	511	79	397	75	997	155	0	
16	197	94	293	121	101	1023	576	0	472	
97	205	94	278	151	99	431	515	1023	0	
85	260	68	509	90	139	0	460	259	1023	
68	243	60	2	167	109	1023	774	90	357	
83	197	90	339	136	99	1022	927	0	0	 ***
364	79	33	174	457	94	1023	102	122	445	
75	357	289	511	219	105	946	61	60	270	
163	79	289	511	210	338	808	392	103	0	
244	282	182	125	42	0	1023	238	105	652	
502	308	197	282	162	105	1023	121	193	0	
193	312	90	334	8	61	532	340	1023	0	
151	296	30	4	259	0	778	273	1023	79	
77	221	511	27	0	293	98	997	0	669	
0	257	195	511	68	244	60	946	612	0	
64	380	53	49	30	511	997	68	568	173	
30	53	511	33	293	0	950	90	933	0	
47	311	55	511	20	95	970	282	15	587	

83	201	83	341	136	107	338	1023	248	0	
171	98	511	61	353	182	980	0	106	98	
83	83	68	365	136	113	1023	213	370	106	
226	75	60	273	136	114	1023	349	304	0	
117	135	69	335	262	114	153	352	1023	0	
68	92	59	511	335	0	910	312	72	201	
75	100	182	377	155	113	1023	261	274	0	
98	139	511	511	23	79	334	0	865	0	
36	90	365	97	38	98	60	321	432	1023	
87	120	60	386	138	103	1023	269	0	374	
30	302	511	166	109	100	0	271	49	1022	
197	53	120	362	140	511	532	645	0	0	 ***
105	0	113	338	170	220	1023	76	228	287	
417	77	60	511	136	213	516	630	0	0	
0	490	0	160	511	42	70	1022	140	125	
75	83	120	511	136	99	878	166	122	370	
0	88	352	107	237	128	260	30	335	1023	
62	89	99	361	75	60	1023	182	343	266	
79	85	83	343	136	99	1023	335	34	343	
105	75	74	354	142	99	1023	314	252	122	
98	143	511	347	151	103	599	608	0	0	
87	293	42	304	15	30	1023	399	91	276	
75	105	60	351	140	151	399	1023	8	248	
68	8	46	131	156	95	1023	383	477	173	

186	511	120	332	133	148	675	331	0	0	
252	93	106	95	156	60	485	1023	30	136	
60	30	83	0	53	146	1023	0	30	1011	
216	0	79	30	58	60	105	865	0	1023	
108	54	190	83	64	0	4	910	1023	0	
182	45	136	347	113	133	198	1023	0	259	
75	57	27	286	15	127	487	1023	66	273	
83	30	13	503	89	49	1023	368	0	278	
167	54	120	332	140	87	376	1023	0	137	
167	64	150	332	136	511	147	660	269	0	
182	83	151	329	121	148	399	1023	0	0	
192	64	120	332	117	511	162	664	0	274	
105	71	60	170	197	511	323	561	419	19	
197	45	124	332	140	148	167	1023	260	0	
197	45	120	351	117	87	126	1023	370	0	
23	2	70	60	147	105	171	1023	65	770	
68	119	25	494	94	23	0	1023	556	34	
15	68	64	95	102	511	64	169	327	1021	
60	45	105	332	102	511	614	267	122	278	
134	19	54	132	144	75	252	1023	460	143	
49	95	152	10	38	55	75	1023	53	886	
167	60	120	332	102	92	125	415	1023	0	
60	0	15	511	38	0	1016	243	125	428	
201	65	124	511	117	148	855	415	0	0	
19	57	64	61	26	0	1002	1023	102	82	
262	437	124	31	132	0	0	1023	394	33	
77	334	68	57	0	511	30	977	261	121	
169	27	135	419	42	87	534	1023	0	0	 ***

183	290	109	343	106	87	336	1023	0	0	 ***
183	8	105	374	43	112	370	1023	259	0	
183	16	124	373	44	95	1023	360	259	0	
39	501	39	0	84	8	454	1023	104	225	
2	124	0	93	110	152	883	90	1023	0	
91	115	263	76	19	291	159	1023	371	69	
30	511	169	66	259	34	68	926	414	0	
19	490	44	511	24	0	1020	263	19	87	
146	118	66	423	65	0	163	375	98	1023	
77	111	376	102	49	30	370	0	339	1023	
169	46	136	360	42	95	225	1023	381	0	
53	72	100	68	156	79	813	0	113	1023	
34	38	18	292	151	159	468	1023	241	53	
54	95	10	502	95	150	197	1023	24	327	
76	115	0	79	102	106	105	1023	68	803	
182	23	135	511	34	102	887	355	248	0	
511	8	109	358	73	102	408	908	0	0	
23	60	511	381	343	19	40	46	1023	31	
185	271	106	373	72	511	378	581	0	0	
128	61	42	19	76	53	962	34	1023	79	
227	511	335	0	66	120	53	970	83	112	
172	14	115	347	185	87	123	1023	0	411	
511	142	40	0	155	8	516	79	8	1018	
171	64	105	343	64	102	1023	341	0	264	
2	511	61	273	61	109	128	304	925	103	
19	45	64	80	18	12	240	1023	166	810	
7	113	15	42	45	125	757	1023	274	76	
77	60	95	137	27	49	782	1023	90	137	
231	79	50	0	61	39	862	1023	15	117	

68	146	60	31	285	45	83	1023	0	797	
8	12	30	15	105	237	1023	66	197	845	
132	499	33	97	220	99	175	1023	260	0	
141	60	38	83	10	237	121	1023	237	588	
8	49	157	132	2	246	138	1023	68	715	
10	0	68	63	186	76	186	1023	842	84	
64	79	82	105	109	77	35	1023	294	670	
0	183	140	0	199	36	65	1023	735	157	
49	248	96	304	72	86	1023	439	221	0	
98	5	70	32	109	77	256	1023	834	34	
45	229	38	0	51	83	178	1023	82	809	
273	511	4	15	15	38	0	661	1021	0	
221	156	60	34	0	8	1023	841	35	160	
90	34	49	213	156	61	777	1023	135	0	
31	237	94	434	72	207	440	1023	0	0	 ***
34	168	154	406	209	93	148	303	1023	0	
155	15	186	46	155	0	1023	57	156	745	
122	19	62	122	15	19	1023	1020	60	76	
31	172	293	282	191	98	1023	260	0	188	
0	21	69	143	126	45	1022	800	128	184	
134	40	118	55	479	32	415	1023	60	182	

94	305	129	312	45	267	553	1023	261	0	
30	111	508	426	64	511	696	643	0	0	 ***
49	93	105	100	27	153	549	1023	42	848	
98	168	94	205	100	321	538	1023	248	194	
125	354	94	411	300	205	477	1023	0	0	
130	151	60	30	244	15	336	1023	1000	0	
205	115	64	182	120	207	1023	392	248	433	
34	137	66	322	212	141	120	1022	935	0	
0	0	276	46	328	150	1023	55	1023	88	
211	15	166	45	34	63	887	1022	284	262	
64	99	201	228	30	227	111	1023	861	145	
30	111	111	475	75	449	136	1022	580	0	
234	115	109	426	94	284	494	1022	211	0	
32	23	255	242	23	250	157	1023	195	789	
68	57	6	139	83	227	141	1023	971	274	
98	141	125	175	169	169	124	849	117	1022	
30	137	196	441	186	276	128	1023	64	508	
184	47	31	292	102	270	1023	841	199	0	
21	30	91	510	510	19	182	994	66	566	
122	111	79	415	94	268	583	1022	197	98	

4	122	212	227	61	255	1022	38	45	988	
0	255	124	426	53	510	669	937	0	0	 ***
0	128	113	197	53	477	1023	468	0	515	
445	152	121	511	60	511	77	982	75	40	
121	61	496	45	30	60	1023	987	120	31	
30	111	117	426	49	432	787	1022	0	0	
12	61	4	60	61	511	238	1012	327	688	
120	65	167	332	83	137	1023	696	58	293	
15	0	0	251	60	511	762	278	83	1014	
289	111	128	446	60	510	941	489	0	0	
366	137	250	4	0	30	78	186	900	1023	
167	134	91	167	0	4	503	1023	126	759	
30	111	177	182	30	415	1023	485	8	513	
192	32	122	75	30	316	1023	884	221	79	
30	126	169	426	425	510	810	478	0	0	
122	94	75	509	182	507	1022	252	79	132	
30	119	128	441	68	510	691	987	0	0	
8	130	259	170	30	353	80	1021	900	23	
137	69	0	130	222	511	1018	15	857	15	

0	511	135	68	144	195	982	33	684	0	
145	137	122	194	18	511	620	915	60	30	
0	357	140	265	449	511	511	519	0	0	
19	308	126	439	152	0	488	1022	198	0	
122	65	60	164	0	366	80	61	812	1022	
38	0	274	0	182	511	414	1022	201	110	
66	258	320	0	45	0	0	1023	949	91	
475	511	410	167	0	61	102	763	263	0	
122	72	277	130	286	64	1022	582	60	137	
83	511	489	0	60	389	886	202	132	0	
68	263	0	273	0	130	134	862	0	1022	
441	0	122	45	23	0	134	810	154	1023	
76	391	263	172	60	151	1023	578	0	38	
68	23	122	123	220	0	958	216	0	1022	
19	34	61	135	27	60	1023	795	91	507	
30	274	130	84	60	511	995	228	198	242	
0	57	507	308	467	60	1023	23	87	220	
0	126	19	212	122	511	196	1013	115	438	
369	378	94	34	135	510	885	134	0	213	
0	511	0	486	61	137	138	1015	259	145	
0	338	182	511	159	45	1001	155	342	19	
328	0	141	228	338	511	1016	0	126	64	
0	246	91	303	38	480	571	1023	0	0	
511	4	61	45	0	182	893	426	197	433	
0	258	49	364	53	484	1023	521	0	0	 ***
160	487	349	435	75	134	0	90	1022	0	
458	0	197	61	61	511	136	985	76	267	
89	75	293	129	137	0	1022	0	274	733	
152	381	45	125	94	510	1019	31	145	250	
4	15	135	152	23	443	0	1022	867	91	
126	263	4	16	8	511	968	704	91	61	
443	0	510	0	0	185	852	518	199	45	
297	160	134	136	0	510	998	211	246	60	
8	137	342	0	76	276	1023	0	187	703	
137	272	0	216	12	289	138	1022	575	91	
430	60	140	130	42	511	1001	175	0	263	
331	511	8	168	156	121	0	964	493	0	
510	504	122	364	442	248	417	145	0	0	
19	60	256	68	30	122	1023	151	718	305	
191	61	124	508	0	511	867	0	445	45	

4	174	95	83	128	304	1022	0	260	589	
60	30	94	0	260	145	1022	203	197	648	
338	15	75	478	145	511	1003	94	0	0	
427	34	143	511	278	0	989	69	73	135	
0	250	15	243	53	479	252	344	1023	0	
0	258	45	364	98	487	384	1023	0	0	 ***
278	0	167	95	115	0	1022	667	152	163	
137	511	262	15	130	424	878	93	209	0	
0	403	197	191	64	398	1023	0	283	100	
8	242	15	273	23	511	999	588	0	0	
4	251	135	73	15	94	1023	68	183	813	
120	8	80	19	141	396	1023	0	812	60	
34	126	4	159	91	0	986	135	101	1023	
34	49	335	124	8	182	17	0	887	1023	
0	312	53	368	38	483	1023	382	0	0	
511	55	190	128	187	205	988	0	90	305	
0	61	400	163	75	0	0	730	208	1022	
12	45	34	60	61	273	1022	711	410	31	
0	284	79	243	23	483	173	352	1022	0	
302	0	495	0	15	148	94	1023	433	149	
95	182	106	16	110	0	608	1022	0	520	
0	15	202	214	15	200	0	370	621	1022	
189	30	125	0	76	415	1022	30	772	0	

271	0	274	91	0	141	796	0	245	1022	
304	510	388	0	0	30	504	1021	83	0	
0	395	75	90	38	511	612	906	0	213	
212	83	136	511	19	278	896	370	335	0	
8	261	90	319	511	483	34	341	0	793	
45	389	45	349	511	483	42	676	0	300	
75	377	128	75	511	481	64	336	0	793	
0	135	419	179	0	244	98	19	723	1023	
449	189	42	19	0	94	960	1023	64	0	
15	120	61	15	0	304	1023	815	457	30	
511	133	150	319	91	491	271	874	0	0	
60	133	297	121	98	485	38	585	1023	0	
335	109	45	4	0	0	58	1022	953	314	
68	510	90	424	129	481	217	921	0	0	
212	45	0	12	53	511	0	905	113	989	
60	38	110	290	492	30	60	1023	737	0	
16	30	15	216	91	248	1022	692	182	328	
15	19	224	106	305	0	1023	961	187	0	
121	248	60	242	137	110	1023	827	34	38	
312	133	45	511	76	483	327	675	278	0	
152	122	319	316	0	15	726	168	0	1022	
121	145	114	90	511	483	789	587	0	0	
0	15	368	511	0	396	0	1022	224	304	
105	34	259	511	0	506	822	511	92	0	
197	53	204	282	256	0	1023	553	100	172	
151	133	45	90	83	481	271	1023	0	563	
0	141	45	511	113	504	622	904	0	0	 ***
60	163	87	75	83	498	1022	341	511	0	
10	144	45	85	331	312	290	388	212	1023	
4	38	99	90	0	462	967	1022	158	0	
4	362	0	158	15	0	1023	717	187	374	
0	286	0	30	90	511	0	860	457	606	

30	81	45	75	106	500	474	1023	0	0	
0	0	12	182	364	15	1023	648	30	60	
0	30	30	227	0	15	0	1023	1009	0	
274	0	75	0	0	0	1022	0	45	918	
0	45	90	510	0	45	944	610	0	90	
0	0	45	90	156	0	1021	0	0	1022	
0	0	60	30	184	0	1022	0	61	977	
0	412	304	45	137	30	0	1022	324	60	
16	165	38	511	304	244	0	981	75	0	
0	73	15	75	273	509	1022	367	0	0	
127	77	45	75	90	500	1023	397	0	0	
0	282	0	0	274	0	680	1023	75	0	
34	54	15	60	60	494	1023	263	331	0	
30	509	0	137	0	0	289	349	0	1020	
509	308	0	0	0	334	38	122	0	1023	
15	30	0	60	0	182	15	1020	30	982	
30	334	0	426	0	491	0	1023	0	30	
0	39	15	60	60	494	1022	267	377	0	
38	75	510	0	0	0	0	689	0	1022	 ***
0	0	0	30	8	491	693	1022	90	0	
0	0	0	120	0	510	996	0	610	98	
0	0	396	30	476	304	30	1023	60	15	
0	81	75	75	511	504	482	606	0	0	
0	77	167	94	120	494	1023	359	0	0	
0	77	90	79	212	494	1023	359	0	0	
0	0	75	45	475	0	244	1023	46	426	
0	16	0	511	60	372	327	911	137	0	
0	0	135	511	38	353	0	1023	274	0	
189	15	364	19	122	511	1023	0	0	91	
30	81	45	75	94	511	482	1016	0	0	
0	69	72	105	105	511	1015	457	0	0	
244	30	45	511	374	60	942	0	60	68	
0	30	511	30	0	30	958	0	60	715	
0	120	419	0	0	510	0	981	0	304	
0	69	510	109	182	498	373	593	0	0	
152	15	60	15	342	0	0	1022	38	690	

15	511	30	90	507	0	1012	632	0	122	
75	60	144	182	488	83	488	377	0	1022	
19	8	0	349	297	91	685	312	135	1023	
511	463	282	244	0	0	322	287	0	810	
319	0	0	259	289	0	151	630	248	1023	
510	83	267	117	0	304	0	759	0	879	
68	75	282	23	62	76	488	355	468	1022	
305	45	90	304	0	0	574	1023	578	0	
122	23	0	181	244	0	0	977	349	1023	
91	0	511	68	471	244	246	304	0	984	
0	0	274	0	191	94	279	998	60	1023	
30	403	379	0	0	0	0	631	456	1020	
349	30	190	45	0	4	548	731	0	1022	
0	365	60	252	0	0	840	75	304	1023	
252	23	364	396	0	0	1022	847	0	15	
46	94	282	44	120	244	0	672	395	1022	
358	412	301	0	0	62	0	763	0	1023	 ***
511	274	0	60	38	0	967	946	123	0	
511	334	8	120	244	0	228	963	511	0	
38	94	510	280	254	30	0	542	548	623	
30	152	510	365	488	264	275	835	0	0	
244	319	0	15	30	8	60	947	274	1022	
45	30	0	15	8	402	697	182	518	1022	
0	0	274	60	267	510	564	1000	0	244	
361	0	511	0	0	289	496	0	836	426	
304	99	0	15	304	0	488	1022	687	0	
15	91	259	259	137	342	0	792	4	1020	
312	305	45	259	0	259	90	558	68	1023	
511	289	409	151	297	0	244	0	1018	0	
0	30	0	274	94	15	826	563	94	1023	
23	130	0	433	38	0	659	308	306	1022	
42	83	511	244	68	61	0	546	341	1023	
60	60	474	0	0	510	0	518	282	1015	
396	316	510	60	304	244	0	30	263	796	
65	0	511	410	0	488	15	382	60	988	
106	319	282	244	0	4	320	622	0	1022	
30	61	259	15	0	0	505	38	989	1022	

0	0	8	366	60	510	334	1023	64	847	
4	244	68	15	137	0	639	838	244	1023	
274	410	252	0	120	60	800	273	0	1023	
411	257	0	0	72	297	0	1023	889	263	
0	8	15	65	427	511	259	973	638	316	
334	274	511	388	31	4	0	997	61	612	
323	425	259	0	121	312	0	257	1023	492	
44	45	412	511	357	0	76	1005	762	0	
379	23	15	0	304	0	263	1023	493	712	
275	414	425	0	0	68	0	486	1022	522	
0	511	241	0	503	500	533	0	267	657	
0	304	274	60	15	0	339	1023	350	847	
374	312	64	75	0	334	259	1023	327	444	
267	410	73	23	244	60	0	1023	556	556	
90	244	15	66	354	372	750	1023	31	267	
511	256	244	229	23	312	267	970	400	0	
327	402	16	0	31	121	0	340	952	1023	
297	380	335	15	396	511	0	0	878	400	
47	72	281	0	252	0	244	906	387	1023	
488	479	511	45	27	38	587	1022	15	0	
271	511	72	0	259	66	0	883	620	530	
259	380	244	60	8	327	370	1023	0	541	
334	319	0	12	0	68	305	465	686	1023	
0	511	0	0	252	0	978	862	365	244	
19	81	289	60	90	274	244	820	312	1023	
0	90	23	84	349	80	548	1015	1023	0	
38	302	0	313	0	30	943	1023	503	60	
328	418	69	0	511	304	426	664	0	492	
283	319	374	75	286	68	0	1023	784	0	
308	282	196	319	412	0	672	1023	0	0	 ***
90	23	0	496	334	30	45	1023	492	679	
511	410	317	141	0	419	0	751	0	663	
511	502	80	0	38	226	0	759	319	777	
267	410	103	0	110	319	0	1023	458	522	
267	402	27	264	30	129	548	1023	0	522	
304	511	328	61	211	304	0	706	0	787	
32	379	511	113	385	0	0	875	583	334	
297	455	12	80	0	60	563	1023	0	722	

8	156	211	334	30	84	0	1023	0	957	
308	316	136	349	46	69	556	1023	0	0	
61	76	0	0	0	0	364	1023	975	304	
60	49	274	274	0	198	848	1023	0	77	
244	259	0	364	30	105	667	1020	0	114	
128	53	60	0	366	4	289	1022	327	554	
0	427	30	274	60	412	1022	0	0	578	
62	15	0	195	0	305	852	1023	351	0	
4	320	4	0	60	511	274	1008	0	622	
511	132	120	366	45	0	0	533	252	844	
511	0	8	0	0	0	967	301	1016	0	 ***
65	45	244	31	0	274	981	1023	0	140	
15	30	39	0	309	30	342	1023	951	64	
308	343	136	334	16	60	583	1023	0	0	
304	297	136	394	61	4	586	1021	0	0	
4	0	90	61	0	0	15	1023	1018	592	
0	488	511	15	0	120	548	992	38	91	
511	317	136	349	31	0	556	903	0	0	
368	282	196	338	191	0	1023	405	0	0	
248	0	503	0	151	98	89	1023	319	372	
316	0	8	0	502	289	287	1022	135	244	

0	0	0	0	394	511	985	320	334	0	
334	30	0	0	0	0	609	553	1018	0	
395	0	30	0	511	30	488	523	567	0	
335	91	0	0	289	0	0	806	1023	0	 ***
511	0	334	30	90	510	810	259	0	0	
334	0	60	0	0	0	624	515	1011	0	
511	0	91	30	0	30	488	485	909	0	

511	95	0	308	289	15	0	592	908	0	
0	0	110	373	0	80	1023	974	158	0	
343	110	0	0	423	0	0	1022	587	233	 ***
414	511	0	0	278	15	438	608	454	0	
335	91	0	19	364	0	0	1021	462	426	
60	491	511	425	0	15	0	989	0	227	
365	30	15	8	248	60	517	1021	454	0	
472	95	8	241	278	0	0	601	1023	0	
511	121	60	64	0	397	488	0	949	128	
393	30	60	129	0	30	993	1023	0	60	

293	17	372	291	0	0	400	1023	353	492	
199	0	140	0	182	98	1023	349	259	991	
60	8	250	125	0	244	419	1023	105	1007	
30	365	511	434	469	361	0	75	996	0	
152	185	502	30	334	19	12	1023	357	627	
343	366	244	0	378	122	0	1023	404	361	
351	170	130	30	378	0	504	1023	402	253	
60	278	16	335	122	129	84	1023	338	856	
373	350	62	244	378	122	0	1023	398	291	
412	380	0	0	500	0	492	249	1023	185	
183	45	4	38	470	75	342	1022	810	252	
335	60	383	87	320	244	278	1022	91	421	
366	0	263	463	94	0	464	1023	568	0	
244	227	497	196	342	0	31	1023	0	681	
30	426	0	0	511	256	731	788	0	499	
8	259	161	282	60	406	274	1023	259	509	
403	472	0	252	378	4	0	305	404	1023	
358	106	0	0	408	0	386	1021	564	398	
403	110	244	0	382	0	0	814	1023	265	 ***
347	228	0	60	378	0	244	604	1023	357	
30	0	244	60	144	202	773	400	1023	365	
449	152	30	244	252	34	892	1023	75	90	
0	274	308	511	338	60	430	320	1000	0	
511	426	166	0	464	488	103	0	1004	79	
4	19	0	168	436	0	422	1023	1012	157	
15	94	91	0	183	23	918	586	308	1023	
64	0	496	121	266	395	319	1023	382	175	
403	359	0	0	500	30	505	1023	406	15	
471	244	19	278	80	331	106	1023	182	507	
430	365	132	511	61	257	518	843	124	0	
30	0	306	263	8	290	464	1023	646	211	
492	487	76	511	180	355	989	151	0	0	
343	359	117	0	408	0	0	1023	648	343	
347	350	32	312	378	0	0	259	540	1023	
343	236	304	0	423	244	0	1023	415	253	
167	511	364	0	486	488	8	1021	132	64	
0	45	68	27	335	110	621	1023	488	524	
88	136	274	327	256	445	692	1023	0	0	
137	481	338	30	435	407	0	390	0	1023	
349	0	0	488	312	429	264	1023	254	122	

