#1968	352	0	0	84	580	272	724	3288	1072	 ***
#80	404	80	2304	384	80	192	3608	240	968	
#356	160	4	400	400	228	1152	3940	1700	0	
#272	112	272	80	516	160	560	564	168	5636	
#272	88	160	80	240	2352	512	192	0	4444	
#80	2260	84	308	0	160	240	192	2548	2468	
#272	320	32	84	240	280	1492	5620	0	0	
#160	112	352	2224	84	32	516	292	1936	2632	
#80	240	4	352	116	560	896	416	436	5240	
#2384	0	484	144	0	4	388	4136	480	320	
#0	272	404	2544	276	4	272	4036	4	528	

400	0	384	512	112	112	484	560	4988	0	
320	320	32	80	404	276	80	4776	464	800	
256	384	0	0	244	272	4888	916	432	160	
1104	320	80	0	80	432	2700	2644	192	0	
256	320	0	0	308	784	272	3532	512	1568	
256	240	0	432	80	272	240	4792	440	800	
320	0	32	244	196	464	496	0	4888	912	
368	400	0	0	84	436	272	2312	2880	800	
256	352	0	0	84	272	480	4812	512	784	
256	384	80	0	84	432	628	4984	544	160	
288	512	0	80	84	272	112	4812	592	800	
464	80	192	0	0	352	720	4492	1172	80	
1504	432	0	0	164	752	272	2728	1540	160	
336	352	112	0	84	756	272	4984	496	160	
320	80	320	320	0	640	4640	240	144	848	
288	352	0	0	84	480	112	2712	2724	800	
32	80	352	512	80	320	2976	2928	192	80	
0	432	160	160	304	0	192	4960	640	704	
32	160	0	0	0	0	272	1492	5164	432	
320	800	0	0	84	1604	112	2852	1316	464	
64	272	0	352	112	0	352	1584	4816	0	
256	352	0	32	164	676	240	3000	2640	192	
256	704	0	0	84	304	548	4984	432	240	
96	160	80	1328	0	0	0	160	3280	2448	
256	320	320	32	84	512	4840	564	464	160	
1472	320	0	32	84	544	272	2728	1620	480	
1584	320	0	64	84	272	80	3044	1944	160	
256	432	80	0	84	276	608	2980	2676	160	
520	160	32	240	1488	640	3640	0	832	0	 ***
336	320	0	0	164	468	144	3080	2880	160	
336	352	0	0	196	436	3796	1460	816	160	
144	160	80	0	0	320	472	1024	356	4996	
560	0	0	84	192	2208	384	320	3644	160	

160	144	400	64	64	912	1824	1228	3268	0	
752	160	0	192	336	192	752	704	4624	352	
600	160	32	880	1280	640	2920	480	1072	0	
564	1232	896	224	80	80	4648	272	36	32	
512	160	432	912	640	1120	3456	0	832	0	 ***
80	64	32	480	64	480	112	4576	320	1856	
64	192	224	400	320	192	1024	1184	160	4304	
320	80	544	752	256	1232	4144	0	736	0	
832	80	320	176	112	304	32	80	1076	5052	
840	800	64	320	224	640	1200	3144	832	0	
840	160	112	352	1312	1312	2984	0	992	0	
520	832	304	240	224	512	3576	0	1856	0	
160	752	192	80	1024	304	0	896	384	4272	
520	160	64	240	544	720	1652	0	832	3332	
552	160	32	240	304	640	3672	0	1824	640	
904	800	1296	240	224	640	2968	0	992	0	
1360	720	96	0	1264	80	3236	384	0	924	
752	244	116	144	0	800	4728	288	992	0	
516	480	832	320	256	752	3916	0	992	0	
520	1264	352	272	256	640	2744	1184	832	0	
552	160	32	240	256	640	3768	0	1792	624	
144	576	1312	560	32	160	192	2028	0	3060	
32	352	304	160	112	272	880	384	992	4576	
432	2016	80	592	192	1184	84	0	3324	160	
516	192	356	240	864	640	3764	580	912	0	
520	160	672	240	224	960	3688	736	864	0	
520	800	32	240	256	640	1412	0	832	3332	
352	64	112	400	32	1152	752	432	4496	272	
592	160	32	240	544	512	1916	0	832	3236	
520	192	192	240	256	640	2036	0	832	3156	
1056	352	320	32	192	800	1476	32	164	3640	
520	832	112	240	576	640	1076	0	832	3236	
520	240	32	240	256	640	724	5220	192	0	
912	0	192	624	192	336	672	240	320	4576	
512	112	80	544	1024	160	4688	304	400	240	
520	800	256	240	448	960	2936	0	1904	0	
520	192	592	240	1104	1504	3048	0	864	0	
80	672	352	320	160	720	4320	192	96	1152	

512	320	672	272	768	1120	1888	3636	192	0	
512	160	32	880	1248	400	2772	0	192	3184	
0	640	400	240	1344	400	1072	624	4484	176	
512	160	32	272	608	1760	4100	1744	192	0	
672	160	192	160	1360	1120	1888	3636	192	0	
672	32	160	352	0	752	832	64	5556	960	
512	160	32	240	768	1792	1408	3636	832	0	
160	0	32	752	240	1296	5236	1312	352	0	
640	624	64	1376	560	592	160	320	4964	80	
960	64	112	1312	1184	80	4484	160	960	64	
592	160	192	160	608	1280	2528	3636	224	0	
272	320	32	32	1456	192	400	960	800	4916	
1744	112	704	0	1024	32	4052	1392	320	0	
512	160	192	240	768	1760	1248	32	832	3636	
512	160	32	240	608	1312	2080	3604	832	0	
656	1472	1072	624	0	80	4772	192	160	352	
432	432	432	432	2192	144	4996	80	240	0	
512	160	32	240	1248	1152	4052	832	832	320	
512	0	516	912	1408	1120	4080	0	832	0	
704	160	32	320	608	880	2160	0	832	3684	
512	160	32	240	1248	1152	1376	704	192	3764	
1760	176	592	0	0	240	2868	496	2896	352	
512	800	276	240	608	1280	4160	0	1504	0	 ***

1072	512	624	832	672	0	5360	32	240	304	
304	1344	0	512	80	704	4800	992	240	672	
1120	640	640	64	32	32	4800	512	1504	304	
2896	672	80	2400	320	32	192	160	96	2800	
0	0	320	0	880	192	5712	1760	720	64	
992	160	0	0	0	32	640	3120	4384	320	
432	800	192	960	480	1200	1216	3664	704	0	
672	832	112	240	416	1840	4128	0	1408	0	
864	0	288	480	0	1760	0	224	2032	4000	
1648	992	672	160	416	1040	3936	80	704	0	
960	352	800	640	480	32	0	1312	0	5072	
944	400	640	1024	1056	480	4368	704	32	0	
80	640	320	160	32	1440	5536	384	816	240	
320	0	640	2512	1280	0	896	1792	0	2208	
1280	320	1856	1392	0	0	992	0	32	3776	 ***
1840	992	224	1280	32	656	4288	112	160	64	
432	800	32	240	1328	1200	1200	3712	704	0	
432	880	112	240	528	1200	4112	0	2144	0	
672	320	224	0	1280	272	4784	944	0	1152	

192	0	800	80	192	1312	4224	400	832	1392	
640	512	352	1392	160	640	784	240	3584	1120	
752	912	800	0	480	960	4016	192	800	512	
1152	320	1360	32	192	0	1312	160	880	4016	
144	1184	880	432	352	1504	944	3984	0	0	
80	112	240	672	160	352	960	1360	880	4608	
720	480	592	1392	0	80	832	1152	112	4064	
640	400	624	432	928	832	0	1184	720	3664	
528	544	864	720	912	352	352	1520	0	3632	
800	640	1408	1392	32	1040	944	0	272	2896	
160	1072	0	240	272	1392	944	1264	0	4080	
112	480	432	1392	1152	160	640	944	4112	0	
160	192	32	240	784	1040	1072	1264	4640	0	
1696	0	592	720	1072	464	640	880	320	3040	
1760	944	432	880	192	160	160	0	1152	3744	
272	240	320	320	0	1312	800	192	1440	4528	
400	832	512	32	2976	240	0	400	3552	480	
1392	1776	160	416	32	192	1472	320	640	3024	
880	1552	0	240	80	560	864	720	192	4336	
720	480	352	2208	0	0	3504	0	864	1296	 ***
640	1264	1536	864	0	160	0	800	2704	1456	
480	192	160	160	1472	0	752	3152	240	2816	
832	272	560	752	0	480	2208	224	3184	912	
912	64	240	1120	112	32	0	1072	4240	1632	
960	320	432	1552	80	0	1584	0	272	4224	
32	880	432	2832	720	0	992	768	2768	0	

640	320	320	864	0	0	1280	0	2288	1728	
0	0	800	752	240	320	1664	512	3152	0	
912	320	0	1184	0	0	3568	0	512	944	
640	320	480	864	0	0	1504	2336	384	912	
640	320	320	864	0	0	1744	0	1856	1696	
640	320	320	864	0	0	3536	0	384	1376	
800	320	320	1088	0	0	1904	0	352	2656	
640	320	320	784	80	0	1584	0	544	3168	
832	0	112	0	1024	1120	992	2720	0	640	
864	0	496	240	640	400	2240	0	0	2560	 ***
640	320	480	864	0	0	1744	0	352	3040	
640	320	160	192	32	880	4016	0	1200	0	

816	0	528	432	804	400	1968	0	0	2632	
64	800	196	32	0	964	3572	880	720	352	
0	1024	352	0	352	720	3844	240	0	1048	
0	192	356	4	80	192	3856	720	544	1636	
912	0	496	1496	752	804	1120	0	0	2000	
880	240	672	0	192	240	3092	480	0	1784	
880	160	388	272	432	480	320	884	0	3764	
788	4	496	160	800	432	736	0	2164	2000	
624	4	660	112	640	480	2704	0	560	1796	
0	164	192	1780	32	320	640	3216	64	1172	
592	0	724	1488	676	400	1024	0	0	2676	 ***
0	320	164	592	0	916	276	1264	400	3648	
752	0	848	272	644	1776	1176	0	0	2112	
160	1200	400	520	0	864	2832	832	0	772	
1456	404	0	968	0	192	1200	0	384	2976	

1120	32	176	320	500	0	4288	0	2752	488	
832	0	1060	912	1060	560	448	2800	0	2004	
784	0	1380	112	676	400	3440	880	0	2004	
1792	0	660	2208	756	240	496	0	1600	1924	
0	1076	0	1232	800	2356	1440	0	2224	548	
720	0	1300	2384	836	448	1824	0	0	2164	 ***
240	404	800	160	1984	676	480	832	320	3780	
592	0	740	1072	1524	320	820	2208	0	2400	
672	0	1380	512	756	640	612	0	2464	2640	
640	1284	0	512	240	1360	0	1312	2304	2024	
1152	0	820	272	836	560	960	0	3152	1924	
784	800	740	192	676	640	2196	0	0	3648	

720	0	900	2368	404	352	592	0	0	2404	
272	640	404	164	992	1188	3136	0	240	704	
400	0	740	752	196	320	560	2896	240	1636	
832	352	2016	404	240	1120	2448	0	164	164	
800	84	36	272	324	400	1296	3568	0	960	
720	0	660	992	532	2128	624	0	0	2084	
272	240	596	240	112	480	2176	516	164	2944	
404	1200	32	304	436	0	992	1584	2788	0	
2688	596	192	0	240	880	0	1088	240	1816	
160	276	304	0	356	272	3808	164	1280	1120	
256	2112	804	592	560	724	160	192	352	1988	
384	276	2096	352	560	832	1448	272	0	1520	
324	1120	64	560	1664	432	228	2836	272	240	
244	592	352	640	196	0	3776	704	36	1200	
720	0	900	624	260	512	752	0	2048	1924	
752	0	628	784	2100	608	624	0	0	2244	
400	0	912	272	788	832	484	272	1424	2356	
1040	1456	168	880	272	32	992	0	272	2628	
192	84	480	480	80	0	992	260	912	4260	
160	1072	324	0	2224	0	864	352	1700	1044	
432	164	80	112	0	644	2112	304	244	3648	
720	0	660	2176	420	736	944	0	0	2084	
752	0	660	592	820	384	864	0	0	3668	 ***
880	0	820	624	356	384	624	0	2048	2004	
168	0	544	0	0	560	4020	1184	880	384	
320	880	592	880	80	676	2612	0	1076	624	
720	0	2244	752	564	352	752	0	0	2356	
720	0	660	752	452	2128	944	0	0	2084	
240	564	592	160	244	432	352	352	640	4164	
720	0	660	624	548	592	624	0	2048	1924	

352	436	592	0	1232	0	3220	592	1504	276	
672	720	324	816	640	192	240	884	80	3636	
1040	0	500	912	500	448	736	0	0	4068	 ***
720	880	432	788	276	592	1024	720	80	2692	
752	0	660	592	676	320	1104	1840	0	2260	
1152	0	272	1152	1552	464	160	1104	712	1636	
720	0	1140	624	420	544	944	0	320	3492	
960	1312	276	272	196	192	1184	592	480	2740	
720	0	820	592	356	384	992	176	64	4100	
800	0	660	592	704	320	672	2096	336	2024	
640	192	480	324	2496	80	912	1032	2048	0	
464	272	560	1444	240	804	848	628	2944	0	
1360	0	660	624	420	512	736	0	0	3892	
0	340	888	464	1312	400	512	832	560	2896	
148	352	224	832	160	676	1680	592	788	2752	
432	240	388	676	320	788	1664	320	160	3216	
720	32	692	624	516	640	2624	0	320	2036	
596	864	4	240	512	384	416	1076	1760	2352	
560	340	1040	560	304	0	596	3796	32	976	
592	640	480	948	388	804	0	688	1152	2512	
960	0	500	912	868	352	672	0	1920	2020	
192	640	480	2112	480	736	304	0	520	2740	
196	560	592	676	672	0	3652	176	720	960	
432	144	0	192	4	404	1344	3892	0	1792	
432	480	224	388	1040	752	1316	144	480	2948	
624	640	32	912	320	192	912	512	560	3500	
1040	80	512	992	0	80	1424	480	3460	136	
0	164	240	676	560	160	2928	2080	564	832	
436	240	544	80	2468	192	1316	752	0	2176	
720	32	660	672	388	352	2624	480	0	2276	
720	0	660	624	420	1024	2208	0	0	2548	
160	836	432	2000	0	0	2036	884	1472	384	
320	784	80	112	4	80	836	560	1568	3860	
240	32	596	112	416	752	560	1040	1040	3416	
436	0	2336	592	992	516	0	672	2260	400	
320	724	32	672	240	160	868	992	704	3492	

720	80	436	752	388	352	752	80	112	4276	
800	0	436	752	468	384	1232	0	1408	2468	
1152	0	516	1152	740	656	752	0	0	2980	 ***
880	80	436	752	388	512	752	0	80	4068	
1040	0	596	752	500	736	1072	80	0	3172	
720	0	516	832	980	352	672	0	1408	2468	
800	32	356	752	388	352	880	1536	0	2852	
960	160	832	1072	708	2000	1544	672	0	0	
880	32	436	2208	900	480	720	0	0	2292	
1120	80	516	752	804	2000	912	0	0	1764	
1040	240	708	752	740	432	2192	0	0	1844	
1040	80	436	832	744	1920	1104	0	0	1792	
84	0	1072	672	276	512	1232	800	400	2900	
2308	880	80	192	1440	640	0	752	0	1656	
160	672	0	356	640	400	468	832	1600	2820	
720	0	436	752	896	1952	672	0	80	2440	
352	1200	2656	640	40	1076	672	992	0	320	
800	80	436	752	2196	352	720	0	160	2452	
1040	80	436	1072	868	1936	752	0	0	1764	
160	32	84	752	272	0	804	80	1668	4096	
352	400	240	512	1376	928	1916	560	112	1552	
560	240	224	400	0	0	2144	924	0	3456	
720	0	596	864	468	512	672	0	0	4116	

0	356	192	752	308	32	1908	640	384	3232	
960	112	468	1296	2180	512	404	0	0	1872	
544	80	1076	224	480	436	672	80	2116	2096	
976	80	752	596	224	720	276	480	992	2708	
80	160	280	832	992	0	864	1072	464	3060	
960	112	436	1152	916	496	432	32	160	3108	
228	480	592	320	544	512	3768	880	160	320	
2304	0	352	272	196	592	240	3048	0	800	
992	192	500	1424	420	352	832	0	0	3092	
240	672	80	896	384	272	1160	512	1040	2548	
1152	0	436	1284	852	592	400	0	0	3088	
992	0	1620	1300	740	352	1120	0	0	1680	
64	752	512	36	116	112	320	1040	800	4052	
496	80	224	192	640	240	404	916	560	4052	
992	0	436	1664	424	1904	560	0	0	1824	 ***
480	512	224	240	192	356	644	1232	192	3732	
400	336	0	960	164	68	1072	720	224	3860	
560	176	320	832	228	80	3700	384	720	804	

320	1152	352	240	1716	1828	2216	0	1040	672	
352	240	240	112	880	32	1312	672	4864	832	
1792	0	84	916	1220	272	2480	0	1220	1552	
672	800	276	1236	1028	912	3780	0	80	752	
832	0	888	1936	424	672	2528	0	864	1392	
720	644	996	352	576	720	0	1540	0	3988	
240	720	272	640	624	1872	0	1320	3704	144	
784	0	1236	1156	1060	1584	400	1204	0	2112	
320	560	240	36	224	512	1392	672	720	4860	
864	0	968	992	388	272	400	2660	160	2832	
672	0	1076	1540	1028	1024	720	0	912	2564	
160	512	400	1120	1796	2176	1152	2188	0	32	
1872	1312	36	1440	32	320	3932	320	0	272	
832	0	520	992	500	272	2384	1604	0	2432	
192	512	640	272	1152	2016	512	640	240	3360	
512	960	640	112	80	1844	1156	0	4232	0	
752	0	244	2080	388	1488	1040	1120	672	1752	
1956	32	404	1312	468	2624	720	1108	0	912	
272	80	480	960	64	0	432	240	3220	3788	
832	640	436	1792	500	2096	564	1284	0	1392	
468	880	352	720	80	3744	1232	560	0	1500	
160	160	2192	880	784	1152	0	352	864	2992	
0	80	672	0	1120	160	5184	2160	160	0	 ***
868	960	244	1632	548	2304	400	1188	0	1392	
672	1040	1044	912	416	432	2628	0	0	2392	

0	1120	672	0	1344	160	2792	3508	160	164	
160	800	992	800	80	0	4348	2548	0	192	
4	0	32	0	640	640	1492	3860	2532	720	
0	436	1312	0	1200	352	4248	2212	160	0	
80	0	240	720	644	644	160	3344	3416	672	
0	80	704	0	1280	404	2616	2324	2512	0	 ***
640	0	240	1440	1984	272	4192	32	720	400	
0	80	672	0	1204	192	3064	2996	752	960	
0	80	672	912	1280	192	4572	2052	160	0	
240	800	0	160	960	0	724	3452	2832	752	
720	320	672	160	1312	160	4012	2240	160	164	
0	832	160	640	0	672	1040	3560	80	2936	

0	992	0	0	1504	720	4680	0	600	1584	
752	800	704	32	640	244	4332	1376	1200	0	
0	912	704	80	640	244	2584	2452	2432	32	
36	1360	272	640	960	720	160	5500	352	80	
960	320	80	0	912	1040	1060	192	160	5356	
32	80	1424	0	640	324	4332	1328	1920	0	
112	1040	160	112	80	272	84	4604	720	2896	
240	112	64	720	192	0	5432	2036	964	320	
1200	160	32	32	0	1120	5708	640	468	720	
0	80	1584	0	1072	244	2536	2612	1952	0	
0	80	704	0	720	360	4692	1412	2112	0	 ***
320	36	80	224	400	1024	4764	800	1712	720	
160	1200	2480	32	4	880	5180	32	112	0	
0	1920	1204	32	0	480	0	80	5432	932	
80	400	720	240	164	1360	640	3028	192	3256	

0	800	0	2072	80	1264	5232	192	192	164	
192	0	352	800	672	592	3544	80	3088	676	
32	720	464	164	80	1680	5336	1440	80	0	
0	224	640	1120	1072	80	4476	112	2272	0	
80	1636	352	0	352	80	4724	272	2500	0	
80	1472	0	1072	80	240	196	4776	2080	0	
0	80	32	0	1200	996	2864	2516	1552	756	
0	160	800	32	32	0	5628	2592	720	32	
704	640	496	0	0	80	5208	1440	160	1268	
0	240	672	0	1312	1672	2384	1168	2548	0	
160	80	640	32	32	164	4872	1360	912	1744	
0	752	672	0	640	644	4408	1168	1712	0	
32	736	352	240	0	880	5160	1236	240	1120	
272	240	480	0	0	1360	2404	4568	672	0	 ***
0	160	1104	224	0	3156	640	4312	400	0	
32	320	304	0	640	32	3304	4480	4	880	
1200	4	1472	672	672	0	240	832	0	4904	
0	800	196	0	992	400	3704	0	3664	240	
704	1120	0	240	400	1392	3928	1152	948	112	
320	0	80	1604	2228	240	160	1156	0	4208	
80	272	0	0	992	160	240	4232	1520	2500	
1072	32	160	80	32	240	720	6060	960	640	
400	672	164	800	832	320	5320	1152	32	304	
752	0	640	960	880	64	4200	240	116	2144	
272	240	640	720	1200	720	2504	3072	628	0	
0	80	32	1712	560	324	2496	1088	1584	2120	
240	272	992	672	0	112	5036	1840	0	832	
672	80	32	240	560	324	2112	1408	1552	3016	
1040	880	1300	192	1028	0	720	4532	0	304	
672	32	192	1280	0	160	4040	2468	272	880	

272	880	160	320	0	1360	2920	3380	864	0	
952	240	320	80	0	1360	2404	4128	672	0	
272	880	720	0	0	1360	2160	4008	756	0	
240	0	640	0	160	1040	160	1328	1632	4956	
672	320	832	160	720	32	480	4588	720	1632	
272	240	160	80	160	1360	1536	5676	672	0	
144	32	160	1040	0	0	1792	32	5116	1840	
0	1628	352	1280	0	1312	32	720	4832	0	
272	640	160	0	0	1360	1488	2784	672	2780	
272	640	160	0	0	1360	1376	5676	672	0	
1400	320	0	32	0	1552	80	5076	1696	0	
400	160	640	0	0	960	3184	3052	160	1600	
320	672	0	0	144	192	400	1280	5164	1984	
272	240	160	0	0	1440	1536	5516	992	0	
160	160	272	832	1360	160	5116	432	784	880	
272	240	160	0	0	1360	4632	2816	676	0	 ***
160	1040	80	144	32	640	5036	560	1232	1232	
640	400	0	192	80	1120	0	1184	5228	1312	
432	0	1184	720	0	0	4524	640	1952	704	
1920	32	0	1104	192	160	0	4796	160	1792	
640	1072	560	1420	160	0	4800	832	0	672	
160	0	160	80	1312	384	2736	3852	640	832	

240	80	160	112	116	720	4552	1984	756	0	
0	0	276	0	1120	960	4572	80	368	1344	
840	196	80	0	0	720	1680	2576	2628	0	
320	440	0	0	32	720	3956	2464	788	0	
240	192	32	0	0	720	3716	2984	836	0	 ***
0	240	196	640	80	960	3528	1876	480	720	
512	432	240	80	480	244	4348	640	1664	80	
1044	240	0	1152	160	320	4012	432	1360	0	
1040	640	0	32	160	560	5068	244	144	832	
832	0	960	240	112	0	660	4796	720	400	
836	1040	144	0	0	1904	4124	192	0	480	
240	1600	836	160	640	192	4668	32	0	352	
320	80	672	80	0	752	4188	1872	756	0	
728	752	352	0	320	960	2128	192	0	3288	
324	0	1280	0	320	1240	4212	80	112	1152	
80	32	0	1760	0	1520	3296	80	880	1072	
432	0	1280	1080	0	160	352	0	5176	240	
880	80	144	0	0	720	2756	3384	756	0	
240	784	0	0	160	880	2840	1668	836	1312	
272	112	720	1156	1636	80	0	4664	0	80	
320	272	432	800	160	240	4988	724	752	32	
1280	1056	1236	0	996	752	320	0	3000	80	
240	164	0	720	80	1364	2512	2608	1032	0	
516	80	0	0	0	1312	3040	2936	836	0	
1396	1436	720	832	0	0	160	0	4176	0	
0	276	1360	800	160	0	400	3372	2352	0	
592	1600	1104	0	1356	144	3680	0	244	0	

80	800	2144	1380	0	0	3060	352	0	0	
0	960	320	0	0	1232	4628	676	0	0	
320	192	32	0	0	720	1792	3924	836	0	
32	640	560	592	0	480	5512	0	0	0	
240	192	32	0	80	880	1664	3924	804	0	
0	0	0	0	240	640	320	5480	64	1072	
800	112	1284	320	0	0	32	5268	0	0	
240	192	32	0	0	516	4720	1200	916	0	
160	640	0	0	0	240	1200	480	0	5096	
400	192	32	0	0	912	3972	1472	836	0	
320	720	0	192	960	0	4712	512	400	0	
1348	272	0	160	0	640	672	4724	0	0	
320	192	32	0	0	720	5044	672	836	0	
0	1440	0	160	640	0	756	4708	0	112	
400	880	432	112	0	0	160	5032	800	0	
0	0	480	0	0	160	5032	640	0	1504	
0	0	1232	480	0	0	992	4644	160	308	
0	80	240	960	752	160	0	5428	196	0	
480	0	240	80	0	800	5144	1072	0	0	
0	0	592	0	0	272	4952	1920	80	0	
320	80	0	0	432	0	4872	1872	240	0	
0	240	1732	0	0	640	0	0	4724	480	
0	320	80	32	0	0	5320	640	432	992	
800	432	0	0	80	0	5000	160	1344	0	
320	192	32	0	0	720	1824	3892	836	0	
1312	0	32	0	2708	0	0	0	3764	0	 ***
240	272	32	0	0	720	1824	3924	804	0	
0	0	0	80	0	672	160	3444	3300	160	
0	0	192	1344	0	800	640	0	4840	0	

720	1280	0	80	240	80	320	2692	3368	0	
0	880	0	244	800	0	5432	192	1232	0	
2136	80	800	800	0	80	0	400	4452	32	
640	320	0	0	0	752	3368	2980	720	0	 ***
880	112	240	640	0	0	80	1040	4956	832	
80	800	240	640	1432	192	0	640	4756	0	
560	80	0	960	2344	3540	0	896	400	0	
1152	832	32	0	240	0	484	640	5080	320	
240	3336	880	112	80	720	32	0	3380	0	
2600	0	640	80	960	0	3700	0	800	0	
320	1620	0	0	0	0	240	5048	640	912	
1432	164	880	80	0	0	1632	240	4352	0	
320	640	804	192	3048	880	0	0	2896	0	
0	112	2392	0	0	160	160	0	4772	1184	
160	240	912	240	640	0	112	0	5164	1312	
1064	80	160	800	880	320	0	0	0	5476	
880	0	0	0	160	1876	832	320	4712	0	
640	32	272	640	2984	80	480	1040	2612	0	
1360	872	32	80	36	0	640	0	4800	960	
160	160	80	0	2744	0	1440	3216	980	0	
960	160	0	640	0	2536	0	80	672	3732	
3200	164	800	160	0	952	160	3344	0	0	
1396	1200	272	0	804	160	1344	0	3604	0	
0	752	0	640	0	352	112	1044	5160	720	
2112	640	472	0	272	0	240	0	5044	0	
160	720	0	0	32	0	516	0	5288	2064	

800	880	36	0	672	672	596	352	640	4084	
880	160	272	640	0	800	2344	2468	1168	0	
160	640	0	160	1280	352	0	3364	192	2584	
0	0	1152	0	752	0	1912	4196	640	80	
672	160	0	160	0	672	2936	1748	2144	240	
800	800	0	720	2116	672	388	1988	1248	0	
960	1668	1360	112	320	0	0	192	4084	36	
720	832	192	32	84	864	2264	2384	1360	0	
160	832	160	0	112	0	2980	3688	640	160	
720	192	80	160	36	704	3480	2720	640	0	
720	1040	672	160	0	0	4104	1396	0	640	
2436	800	0	116	0	352	2196	2192	640	0	
0	192	0	80	0	32	4232	2836	1360	0	
0	320	640	1732	1312	640	0	2228	0	1860	
0	192	880	0	112	756	3876	1200	432	1284	
320	112	0	0	36	80	2324	3588	800	1472	
836	80	800	0	864	0	2840	80	2992	240	
884	0	0	0	112	116	320	1796	0	5504	
0	0	640	640	2500	0	2484	2148	320	0	
1280	160	832	80	0	752	2888	1120	1620	0	
0	0	0	112	640	3028	160	3512	1280	0	 ***

0	640	0	724	80	0	2612	160	4984	160	
320	0	0	356	1060	3188	80	2372	1984	0	
240	672	676	1956	0	2000	0	2776	1040	0	
240	0	640	1844	1152	640	0	4300	512	32	
0	0	80	432	832	2196	1444	2456	1920	0	
0	0	0	112	3192	676	240	3428	1712	0	
0	0	0	80	964	1552	192	2808	3764	0	
1668	320	992	0	32	160	640	4152	724	672	
640	0	0	512	640	640	1444	4204	1280	0	
160	0	0	144	880	3080	720	3092	1284	0	
1220	0	320	0	0	112	1748	5960	0	0	 ***
0	1828	352	0	1392	800	0	68	960	3960	
0	0	752	628	640	800	112	5148	1280	0	
0	0	0	112	640	3348	244	2340	1396	1280	
640	3508	0	224	64	0	160	4012	752	0	
32	0	484	32	640	3140	84	1908	1200	1840	
0	80	0	144	1028	3188	400	3160	1360	0	
352	640	836	0	320	1828	1360	3992	0	32	
0	0	160	2276	644	1696	80	3224	1280	0	
356	0	32	160	640	0	2016	6124	32	0	
2676	240	64	32	160	992	0	4556	640	0	
320	800	320	80	1556	0	32	4328	1280	644	

224	0	880	0	324	112	1940	6088	0	0	
800	2660	0	992	160	272	0	0	4684	0	
960	160	80	352	480	640	0	5872	64	960	
1748	0	400	0	32	2192	640	3656	68	832	
640	160	2264	0	0	80	0	0	4952	1472	
160	0	80	960	320	0	3336	4552	0	160	
224	160	0	2904	1120	272	68	0	0	4820	
0	1024	0	160	192	80	2064	5728	160	160	
800	752	752	1312	0	4	5596	0	352	0	
2068	0	160	0	640	0	0	1472	4440	788	
224	36	320	0	0	1316	1828	5844	0	0	 ***
512	0	0	320	144	0	2304	5968	0	320	
32	1440	640	1280	0	0	0	1524	0	4652	
2264	832	160	0	0	0	960	4520	800	32	
160	160	160	192	320	672	0	6064	160	1680	
224	0	880	0	324	192	1780	6168	0	0	
160	2900	80	160	0	0	320	4668	640	640	
0	320	0	0	1988	192	1360	5068	0	640	
0	0	640	1620	960	0	192	0	6076	80	
2344	192	0	1392	0	592	3140	1908	0	0	
0	0	1556	640	992	160	160	4392	1440	228	
0	2080	1316	160	32	0	4248	1732	0	0	

240	64	640	0	80	960	2612	4640	1360	0	
272	1312	400	0	0	672	2480	5380	80	0	
192	36	320	112	0	1280	2468	4680	1508	0	
1412	672	948	0	160	1600	1600	4204	0	0	 ***
160	0	640	112	192	832	1360	800	3852	2648	
240	64	512	80	0	400	1956	5608	0	1736	
160	192	352	0	672	992	1588	5568	0	1072	

512	32	432	640	1252	960	1040	5216	0	0	
192	1936	432	0	512	1396	1520	4096	0	0	 ***
224	2368	984	160	672	960	1440	3276	0	0	
352	32	752	0	0	960	4204	3784	0	0	
0	1744	640	160	640	0	4288	1472	0	1140	
192	32	1232	0	320	964	2160	5184	0	0	
832	192	432	0	1224	960	2224	3900	0	320	
1296	1224	272	0	432	960	1520	4380	0	0	
224	512	432	4	0	960	2000	5952	0	0	
256	0	432	0	640	2068	1440	5248	0	0	
1328	192	1376	0	0	964	2196	4028	0	0	
544	192	432	0	160	1440	1600	3308	0	2408	

