#155	95	33	0	7	0	57	208	78	114	 ***
#15	6	39	52	8	46	109	63	255	154	
#17	75	42	48	21	6	116	150	272	0	
#56	24	29	36	57	66	218	45	216	0	
#42	66	50	15	45	17	243	221	48	0	
#36	48	134	53	41	2	140	4	22	267	
#132	18	36	49	38	44	78	41	286	25	
#38	133	43	0	82	64	34	21	60	272	
#55	17	43	8	0	33	104	246	226	15	
#55	46	14	10	15	8	41	164	315	79	
#17	68	66	46	10	50	0	74	205	211	
#56	16	46	16	52	16	256	48	72	169	
#36	54	54	58	57	27	235	12	214	0	
#0	62	76	24	69	136	224	35	65	56	
#20	57	27	28	21	68	46	24	299	157	

12	48	42	46	40	38	120	253	72	16	
34	46	68	20	18	17	90	293	38	63	
57	70	29	0	27	0	86	82	214	122	
8	70	50	18	8	0	106	299	70	58	
10	60	52	38	58	26	0	309	8	126	
21	38	42	52	55	5	98	234	98	44	
8	17	5	66	21	16	72	36	150	296	
60	18	42	10	19	38	153	240	38	69	
61	81	44	0	9	0	93	220	67	112	
20	52	78	0	58	112	97	167	0	103	
61	78	31	0	38	0	60	220	83	116	
49	64	118	28	60	66	0	65	237	0	 ***
38	0	46	0	8	69	44	185	259	38	
36	29	26	12	34	2	68	195	8	277	
68	58	32	62	52	6	16	298	85	10	
42	18	12	10	10	36	270	185	0	104	
61	78	28	0	7	22	87	220	68	116	
132	94	20	0	5	0	201	72	41	122	
43	27	10	28	70	77	90	293	49	0	
39	62	21	6	55	27	0	267	32	178	
6	17	18	58	0	2	162	300	72	52	
81	82	45	0	6	0	242	72	43	116	
61	82	28	0	23	0	87	163	64	179	
85	48	116	23	47	42	36	225	0	65	
81	80	28	16	7	0	63	220	78	114	
34	51	24	0	131	0	242	61	78	66	
38	26	16	15	4	50	22	170	110	236	
46	64	103	46	20	14	300	74	20	0	
95	62	30	2	6	0	76	220	84	112	
16	44	38	0	26	56	42	298	64	103	
122	37	16	4	26	66	35	204	97	80	
38	52	28	57	26	13	59	299	43	72	
96	0	19	39	102	24	175	183	49	0	
56	22	48	46	40	117	47	7	32	272	

97	44	36	28	62	58	32	180	174	0	
45	32	41	60	115	68	0	223	127	0	 ***
36	28	36	34	58	58	0	103	118	240	
36	30	36	60	60	58	244	59	128	0	
44	60	73	28	64	58	32	94	258	0	
12	12	68	68	94	74	240	98	45	0	
92	103	36	44	60	58	0	248	70	0	
45	36	69	28	76	98	0	231	128	0	
70	8	26	0	6	34	303	92	40	132	
45	32	36	28	94	66	66	285	43	16	
38	30	36	110	78	58	80	60	221	0	
32	6	20	22	26	18	68	70	282	167	
36	28	52	30	90	62	0	90	257	66	
64	38	34	58	2	8	179	274	18	36	
45	64	36	28	60	98	0	289	91	0	
24	0	24	6	24	4	223	231	149	26	
49	62	36	60	66	66	48	285	39	0	
65	34	36	28	60	66	118	100	204	0	
61	36	36	28	62	66	64	285	73	0	
45	32	50	28	78	68	0	220	190	0	
45	58	131	55	60	66	0	147	149	0	

50	24	66	54	52	2	102	324	44	54	
82	22	44	0	131	18	106	121	248	0	
16	80	42	23	54	181	208	168	0	0	 ***
52	60	38	36	76	84	0	102	37	287	
24	32	34	92	52	44	268	143	83	0	
0	12	48	80	18	169	0	94	259	92	
10	56	22	56	44	84	144	58	298	0	
84	64	38	84	60	105	0	86	251	0	
64	52	38	30	44	74	70	296	0	104	
52	82	72	40	0	20	32	26	134	314	
16	0	32	38	80	26	80	302	120	78	
76	32	38	60	60	84	74	86	262	0	
4	36	20	96	68	70	92	300	34	52	
44	60	38	60	62	52	37	287	116	16	
12	40	38	70	84	52	84	119	273	0	
52	32	70	76	84	54	40	73	291	0	
70	28	66	68	34	42	64	300	48	52	
54	40	40	122	22	6	36	302	84	66	
100	0	38	22	56	52	68	300	136	0	
88	16	44	0	2	36	156	6	318	106	
62	50	56	0	14	50	56	162	4	318	
50	12	44	68	72	84	32	330	80	0	
12	32	70	60	52	102	262	120	62	0	
28	100	38	94	68	44	0	73	287	40	
2	0	48	44	22	4	100	322	150	80	
119	32	62	139	52	53	0	183	132	0	
30	48	46	92	84	44	32	187	209	0	
54	30	38	60	86	60	0	68	40	336	
12	32	70	108	84	52	0	195	179	40	
60	32	38	60	62	52	64	73	291	40	
84	64	38	68	144	68	0	73	233	0	
20	20	38	92	84	44	287	103	36	48	
12	64	38	84	122	84	34	114	220	0	
22	64	38	92	52	60	262	114	68	0	
12	64	38	36	52	52	96	97	291	34	
0	179	26	42	50	56	34	136	249	0	
12	32	56	92	90	52	42	94	302	0	
104	14	22	4	38	125	88	285	84	8	
28	66	40	58	10	2	48	298	154	68	

30	2	0	64	48	18	42	156	302	40	
68	8	2	96	12	24	116	296	16	64	
4	0	18	48	118	8	6	110	296	94	
8	78	30	46	56	162	180	142	0	0	
32	96	56	36	154	18	14	206	42	48	
58	88	86	0	0	72	292	74	6	26	
123	78	33	14	50	92	166	146	0	0	
38	44	37	18	2	163	56	232	44	68	
8	78	29	14	62	50	132	72	257	0	
8	80	22	54	50	19	138	74	257	0	
20	16	52	12	46	36	66	296	36	122	
8	78	30	16	56	76	260	178	0	0	
56	30	50	6	44	16	124	290	20	66	
0	0	72	0	0	82	164	60	290	34	 ***
4	80	20	18	58	14	152	40	32	284	
16	82	70	14	37	123	132	72	156	0	
0	32	18	32	52	42	268	154	30	74	
18	10	52	54	52	158	198	64	18	78	
8	84	22	14	50	168	142	58	156	0	
12	114	26	14	52	166	172	146	0	0	
0	50	20	28	0	168	76	228	52	80	
8	78	22	14	83	20	140	78	0	259	
8	96	20	14	50	20	174	244	76	0	
34	0	4	64	32	64	230	0	8	266	
0	30	78	0	0	32	68	322	10	162	
0	52	40	84	160	0	0	216	16	134	
38	82	50	115	0	135	230	0	36	16	
15	78	22	22	54	123	132	104	152	0	
32	48	34	0	194	64	44	160	126	0	
12	78	22	102	54	100	180	154	0	0	
0	88	2	38	0	16	278	198	38	44	
8	114	22	14	50	31	132	224	107	0	
8	78	25	46	50	20	132	109	234	0	
19	78	26	14	50	113	260	142	0	0	
24	64	20	88	56	6	46	292	34	72	
8	78	27	46	50	22	142	72	257	0	
8	108	37	66	0	135	26	60	262	0	
8	114	37	14	50	18	132	72	0	257	
0	4	96	48	72	34	0	262	16	170	
34	0	46	0	98	48	157	240	0	79	
0	158	6	72	50	58	58	62	220	18	
8	82	28	14	82	18	132	218	120	0	
10	78	22	14	86	158	190	144	0	0	
22	58	36	50	0	4	50	304	96	82	
8	78	22	6	106	86	200	196	0	0	
0	52	0	32	106	110	60	60	282	0	
8	50	18	0	34	168	254	0	68	102	
12	139	26	54	128	33	0	200	110	0	
123	110	27	16	54	88	140	144	0	0	

0	56	40	0	8	90	90	56	259	54	
2	0	54	22	12	0	92	190	281	0	 ***
0	14	56	0	36	78	269	50	50	100	
40	84	50	0	20	8	84	108	0	259	
50	22	56	78	2	16	68	0	245	116	
34	36	42	32	30	0	194	32	0	253	
40	8	26	16	18	48	170	32	263	32	
0	42	4	46	42	34	66	45	250	124	
8	6	52	40	56	44	114	74	243	16	
0	80	32	52	42	18	58	36	245	90	
44	4	20	36	40	12	64	42	247	144	
56	84	20	34	40	18	0	235	0	166	
0	8	88	0	0	86	134	223	88	26	
12	12	32	36	16	8	198	46	279	14	
4	4	38	0	0	46	200	66	273	22	
66	40	70	0	27	20	78	120	232	0	
46	48	28	96	0	112	18	255	50	0	
48	4	0	92	30	44	140	44	251	0	
90	140	18	26	62	0	60	0	22	235	
32	42	80	6	4	0	34	20	258	177	
0	24	24	72	22	4	293	158	0	56	
48	38	0	10	12	30	66	60	245	144	
64	74	0	52	0	70	34	42	265	52	
136	4	44	0	34	12	98	104	213	8	
20	2	38	0	0	86	265	66	84	92	
8	4	68	16	54	68	148	22	239	26	
40	18	0	4	137	68	230	26	130	0	
48	36	72	10	101	99	82	0	0	205	

0	16	32	6	54	60	0	17	244	144	
2	18	86	38	80	10	0	0	88	251	
78	34	14	58	0	0	238	78	0	73	
83	24	22	64	0	0	0	12	138	230	
59	30	0	14	8	6	78	180	198	0	
2	0	48	14	49	0	101	146	213	0	
8	0	48	16	12	0	211	138	140	0	
126	0	0	28	14	0	215	94	88	8	
4	0	48	16	12	0	213	141	139	0	
10	0	48	15	12	0	124	105	259	0	
0	158	34	32	24	12	118	0	0	195	 ***
2	0	48	18	51	0	103	140	211	0	
4	0	49	14	12	0	84	196	214	0	

52	121	56	48	8	27	0	56	189	6	
29	144	0	12	36	46	74	4	16	202	
37	27	0	105	10	38	36	239	10	61	
0	66	81	36	88	17	143	0	0	132	 ***
6	126	1	2	6	0	148	66	44	164	
0	38	54	35	20	16	81	0	205	114	
0	30	34	43	20	32	93	0	203	108	
66	125	40	13	42	8	2	0	202	65	
143	34	0	1	8	32	42	65	30	208	
0	66	15	36	16	5	131	28	8	258	
0	139	34	32	42	24	62	102	0	128	
33	31	42	37	36	12	93	17	22	240	
8	113	44	32	24	12	163	1	44	122	
89	147	42	15	12	14	12	32	182	18	
55	144	76	26	2	20	34	48	146	12	
17	26	40	33	22	12	102	206	0	105	
59	12	4	109	51	0	68	32	178	50	
60	38	118	2	4	10	227	54	50	0	
51	78	34	49	25	12	189	0	0	125	
46	145	35	24	0	12	68	36	36	161	
44	29	26	0	29	123	81	0	40	191	
49	8	1	56	8	9	209	8	26	189	
8	10	34	7	72	4	12	36	141	239	
62	0	31	72	10	12	250	69	0	57	
5	29	38	34	21	15	236	0	63	122	
24	8	1	0	18	40	176	46	26	224	
52	28	47	6	26	0	148	238	18	0	
24	55	42	37	136	19	119	0	0	131	
8	0	0	38	40	5	59	22	130	261	
36	49	0	1	126	60	0	52	30	209	
17	52	81	21	46	29	239	78	0	0	
4	37	115	61	0	0	40	214	56	36	

39	16	42	40	16	8	54	28	207	249	
115	0	53	125	50	22	20	116	192	6	
141	22	84	77	27	10	148	0	190	0	 ***
48	52	86	50	72	19	210	0	0	162	
20	48	0	92	97	32	217	151	42	0	
135	13	22	18	52	113	64	216	66	0	
68	31	58	65	19	25	237	83	0	113	
0	26	54	96	36	49	105	0	211	122	
0	35	62	50	24	18	125	259	0	126	
16	59	46	72	140	17	76	32	124	117	
29	74	78	68	76	125	119	0	0	130	
32	47	78	41	173	17	67	120	12	112	
128	69	59	36	36	41	85	113	0	132	
8	22	0	60	156	41	221	87	0	104	
42	44	22	64	56	8	228	11	8	216	
0	68	36	16	52	24	239	4	198	62	
74	113	19	60	8	11	130	238	0	46	

56	22	18	73	4	37	24	36	215	116	
117	14	10	13	56	93	0	50	190	58	
22	135	78	45	27	30	146	0	118	0	
37	20	20	38	16	15	64	36	134	221	
96	22	82	45	27	74	124	0	131	0	
36	60	40	43	84	52	45	233	0	8	
85	17	76	0	44	50	27	7	72	223	
126	34	83	49	27	10	84	0	98	90	
9	40	16	11	77	20	239	113	24	52	
29	80	41	80	123	26	16	4	161	41	
153	18	97	85	29	24	112	8	42	33	
119	52	38	13	8	59	45	175	76	16	
16	40	25	33	100	139	0	170	64	14	
20	22	90	45	27	12	88	66	231	0	
27	22	76	63	27	28	130	0	228	0	
124	22	74	45	27	26	96	0	95	92	
28	125	76	61	27	30	130	0	124	0	
31	0	21	105	0	125	92	36	191	0	 ***
42	56	76	3	12	26	20	96	16	254	
8	16	13	64	0	58	226	38	65	113	
38	22	75	133	27	10	104	0	192	0	
124	22	84	45	29	14	97	88	98	0	
23	38	84	45	83	10	90	0	228	0	
4	38	10	101	0	25	101	32	69	221	
124	22	76	45	27	26	100	82	99	0	
18	42	12	4	14	46	192	8	205	60	
1	0	72	13	60	35	22	236	106	56	
85	18	29	17	20	4	183	10	45	190	
71	4	2	37	0	8	167	16	247	49	
52	22	78	140	47	14	120	0	128	0	
21	22	76	47	27	10	95	72	231	0	

114	17	43	24	18	24	0	111	182	47	
63	116	12	64	25	46	12	0	216	26	
11	130	19	30	24	11	66	69	220	0	
34	20	10	12	64	56	224	0	122	38	
28	12	23	77	0	12	56	106	266	0	
45	20	37	60	0	8	56	206	148	0	
39	37	22	77	0	123	58	68	140	16	
72	0	19	22	10	48	109	20	243	37	
55	4	20	58	10	129	93	38	123	50	
22	10	23	50	109	52	56	77	155	26	
63	0	37	64	20	12	76	68	240	0	
73	40	14	34	0	38	248	24	0	109	
49	6	46	68	0	30	91	19	225	46	
34	49	0	9	0	4	255	38	23	168	
0	78	10	36	17	35	109	37	223	35	
32	8	16	28	38	11	18	127	232	70	
35	8	39	33	36	3	36	61	221	108	
6	38	8	107	20	135	15	187	52	12	
16	25	50	20	29	8	147	20	20	245	
23	0	25	56	1	29	58	56	117	215	
30	0	69	82	0	16	72	72	239	0	 ***
14	59	21	47	21	147	16	4	73	178	
30	0	20	60	0	128	132	38	122	50	
24	16	37	72	4	4	72	207	105	39	
3	15	16	54	2	42	89	56	227	76	
27	2	20	90	8	5	80	209	139	0	
31	2	53	60	40	118	56	37	133	50	
33	0	29	62	16	117	58	71	105	89	
25	44	25	65	2	115	72	36	146	50	

16	12	49	74	0	10	68	36	243	59	
16	38	42	34	12	17	98	78	221	11	
70	6	41	58	5	20	68	68	231	0	
6	4	48	62	6	10	68	62	126	175	
76	104	57	58	4	7	70	36	105	50	
136	0	45	65	0	12	72	72	165	0	
8	8	20	44	89	82	28	30	251	7	
14	0	51	64	13	7	53	202	163	0	
133	4	49	64	0	6	102	76	133	0	
20	0	144	58	0	19	108	68	150	0	 ***
12	8	34	22	28	16	255	21	30	141	
8	0	41	64	44	124	70	74	142	0	
37	36	42	0	13	2	33	61	126	217	
48	0	23	133	4	0	0	210	55	94	
8	9	74	74	4	9	68	74	247	0	
6	2	31	63	0	134	72	74	185	0	
1	41	103	4	38	23	20	77	260	0	
5	0	51	66	12	6	96	84	247	0	
68	0	45	66	4	6	68	70	240	0	
24	136	14	21	8	6	90	8	238	22	
31	28	8	0	12	163	52	32	185	56	
8	51	18	78	4	4	259	30	93	22	
6	0	46	56	8	13	115	82	241	0	

27	9	25	127	0	27	71	136	146	0	
23	1	141	69	34	21	76	69	134	0	
23	10	142	65	0	15	114	55	144	0	
155	12	16	2	7	10	18	161	181	6	
24	2	141	60	44	26	70	55	146	0	
32	25	2	28	6	77	20	16	153	209	
20	9	24	56	0	17	203	79	160	0	
19	2	45	58	1	21	68	203	151	0	
20	4	141	68	0	25	68	94	148	0	
64	0	25	64	0	30	76	57	252	0	 ***

28	53	79	73	37	0	0	54	245	85	
0	54	15	13	38	4	62	301	24	143	
8	11	0	67	64	2	319	32	7	144	
14	0	58	49	110	17	105	77	224	0	
46	0	57	64	18	137	111	73	148	0	
14	0	29	89	110	52	199	41	120	0	
59	41	53	108	0	104	197	74	18	0	
5	22	25	16	8	72	24	278	148	56	
47	4	40	35	0	50	92	231	155	0	 ***
17	40	0	18	4	14	35	50	203	273	
18	126	97	63	0	22	76	75	161	16	
41	20	3	18	8	112	82	58	277	35	
23	32	26	34	48	56	69	220	108	38	
123	6	51	92	4	72	15	20	253	18	
52	5	56	35	8	41	69	116	272	0	
21	14	56	20	26	10	50	8	253	196	
41	19	64	8	16	153	22	233	98	0	
48	5	7	42	5	55	26	291	122	53	
12	18	0	54	4	65	36	65	242	158	
35	16	95	50	16	15	106	220	101	0	
141	40	35	93	0	33	78	75	121	38	
22	59	2	16	44	36	0	295	138	42	
15	2	52	19	4	50	141	214	157	0	
94	21	33	35	34	16	100	32	246	43	

4	138	75	32	94	46	32	0	214	82	
59	24	41	16	0	76	40	218	58	185	
14	34	17	34	15	4	51	308	180	60	
56	9	44	25	7	26	200	234	60	56	
33	32	69	26	105	27	120	56	241	8	
32	72	0	109	1	9	0	72	193	229	
50	9	50	56	0	43	118	227	56	108	
0	33	38	44	46	50	191	24	265	26	
109	46	65	66	0	51	84	196	100	0	
47	4	94	38	8	81	84	228	133	0	
57	6	26	12	20	42	47	66	237	204	
68	33	8	18	0	98	0	228	0	264	 ***
66	40	0	20	48	37	24	246	213	23	
43	6	70	66	9	46	116	232	129	0	
116	4	43	39	2	50	128	127	208	0	
47	9	39	54	40	46	77	148	257	0	
30	8	44	23	35	32	187	247	81	30	
1	16	74	16	0	2	10	250	226	122	
18	62	27	64	62	55	42	209	146	32	
49	4	38	80	5	42	124	241	134	0	
22	53	4	71	66	2	162	250	87	0	
97	68	26	36	19	12	10	93	291	65	
18	0	32	59	52	45	35	238	184	54	
16	81	8	20	0	58	40	210	14	270	
106	36	53	26	1	42	100	74	65	214	
21	42	58	36	38	0	44	253	175	50	

36	37	8	20	4	94	4	60	102	357	
100	33	122	18	0	96	0	144	0	209	
84	35	102	18	0	96	0	192	0	195	
68	35	12	20	52	100	0	160	0	275	
40	39	12	18	0	96	0	60	100	357	
68	125	20	58	0	100	0	158	0	193	 ***
49	37	0	62	0	94	0	93	84	303	
72	37	8	20	0	100	68	60	0	357	

32	121	10	83	69	68	0	108	0	197	
58	0	46	4	48	64	152	0	0	316	
72	54	48	6	48	64	0	38	35	323	
96	43	22	124	0	80	0	112	0	211	 ***
54	72	0	8	40	0	298	44	16	156	
42	125	10	82	32	54	0	112	0	231	
98	32	0	0	2	56	307	36	18	139	
2	38	70	4	34	36	302	37	1	164	
132	46	87	59	0	97	0	110	0	157	
129	24	0	32	26	64	155	0	258	0	
32	67	23	50	0	52	234	88	0	142	
36	24	34	30	42	42	142	76	0	262	
44	16	16	9	77	0	10	78	318	120	
85	110	24	0	57	45	4	54	20	289	
98	44	25	0	23	32	24	147	0	295	
0	0	126	36	76	106	0	32	26	286	
20	60	16	54	72	120	36	0	25	285	
139	34	8	38	48	111	251	59	0	0	
128	46	46	50	0	54	0	179	0	185	
32	35	14	98	2	49	221	80	8	149	
12	24	78	24	0	64	82	288	116	0	
40	66	12	76	8	48	0	144	0	294	
101	56	2	56	0	50	18	60	40	305	
0	58	8	64	16	24	16	161	329	12	
32	40	36	34	46	32	0	147	273	48	
32	114	20	12	18	2	140	41	6	303	

51	44	54	87	136	12	0	266	29	0	
68	34	29	78	16	64	0	120	0	270	
64	111	52	100	0	64	0	120	0	168	
64	34	30	76	0	64	212	80	0	119	
14	0	46	73	0	0	178	38	18	312	
64	34	87	83	0	112	0	112	0	187	
134	34	56	128	0	64	0	112	0	151	
32	28	56	120	53	36	42	0	312	0	
64	34	35	135	0	64	0	112	0	235	
40	32	36	135	15	42	82	0	0	297	
68	34	39	82	0	72	0	112	0	272	 ***
73	0	68	48	4	22	78	68	32	286	
80	34	10	76	4	72	60	72	0	271	
64	107	34	78	0	72	0	80	141	103	

32	52	111	110	76	21	13	0	0	239	
0	4	32	54	50	4	4	82	137	287	
0	0	66	82	8	24	263	0	164	47	
40	2	81	73	98	72	0	122	0	166	
80	34	28	32	0	66	164	84	0	166	
36	6	66	34	0	67	0	60	98	287	
42	2	32	111	36	107	0	122	0	202	
48	0	117	80	0	40	0	90	69	210	
64	34	8	24	58	25	248	0	0	193	
55	48	98	0	60	50	60	265	18	0	
41	7	28	106	77	64	0	129	0	202	
6	0	16	69	0	110	252	56	0	145	 ***
74	99	34	66	32	68	0	80	0	201	
18	58	52	36	26	64	0	139	2	259	
12	12	34	55	0	38	16	20	232	235	
84	0	32	64	70	24	64	313	3	0	
42	8	32	28	0	48	291	88	0	117	
64	16	0	4	99	16	32	271	36	116	
0	22	6	37	64	46	36	227	196	20	
105	38	26	32	6	98	0	148	0	201	
4	6	42	34	0	40	0	96	177	255	

22	8	16	40	0	48	241	74	0	111	
6	0	16	37	0	118	174	74	0	135	
104	0	0	0	0	12	308	36	100	0	
2	72	0	0	0	0	322	148	0	16	
4	90	40	0	0	0	4	0	327	95	
4	0	88	0	0	0	150	4	314	0	
6	72	64	96	0	0	322	0	0	0	 ***
4	0	16	41	0	107	106	157	0	129	
6	0	35	5	0	44	241	56	79	94	
6	0	20	39	25	44	241	74	0	111	
8	0	32	37	0	118	189	74	0	102	
10	0	111	37	0	44	144	95	0	119	
7	0	18	37	0	48	241	82	0	127	
4	0	16	78	0	44	101	110	0	207	
4	108	16	37	18	52	159	56	0	110	
8	4	111	37	0	52	149	93	0	106	
104	0	133	12	0	70	0	0	241	0	
92	0	0	32	6	92	14	324	0	0	
32	18	8	100	0	0	4	0	72	326	
179	0	8	0	0	0	100	16	32	225	
0	0	0	16	12	0	316	4	54	158	
25	0	16	41	0	44	105	122	0	207	
4	0	20	5	0	44	170	215	0	102	
32	6	0	0	56	24	96	0	36	310	
104	6	24	37	0	44	144	90	0	111	
4	108	18	53	0	48	159	56	0	114	
6	0	18	49	0	44	144	188	0	111	
7	8	16	37	22	44	241	74	0	111	
32	4	24	0	4	0	0	320	36	140	
4	0	20	54	0	44	107	219	0	112	
2	0	12	0	8	98	312	0	80	48	
8	0	16	45	0	44	148	92	0	207	

10	12	0	4	84	43	318	33	164	0	
8	0	37	0	32	46	257	40	116	132	
36	74	0	12	20	16	237	0	241	32	
68	42	37	52	57	2	306	0	0	104	
36	114	32	0	32	0	292	80	82	0	
164	16	4	12	40	32	68	38	40	254	
4	0	40	0	34	34	331	0	157	68	
66	36	8	0	40	45	249	36	108	80	
14	48	100	60	8	0	307	0	0	131	
0	64	44	5	0	36	328	16	175	0	
72	76	40	81	36	46	305	12	0	0	
40	0	28	12	36	0	289	40	114	109	
10	8	0	32	44	16	330	65	60	103	
14	72	97	56	32	0	300	53	0	44	
136	32	40	0	0	36	255	41	52	76	
14	44	66	88	12	12	316	48	36	32	
8	13	4	102	48	2	306	64	48	73	
96	20	0	0	46	0	304	48	154	0	
141	8	0	32	20	68	152	247	0	0	
8	0	12	0	105	68	317	158	0	0	 ***
16	80	120	44	0	8	318	8	74	0	

2	43	40	32	141	44	274	40	32	65	
8	0	4	0	95	72	118	146	270	0	
26	0	81	72	41	80	267	146	0	0	
84	0	6	0	51	68	297	148	0	59	
58	112	36	0	42	100	212	153	0	0	 ***
48	36	4	0	45	100	288	122	4	66	
59	0	38	0	49	70	154	130	0	213	
16	32	2	32	75	70	295	114	9	68	
128	0	32	0	37	68	214	154	0	80	
8	0	0	36	38	64	308	150	101	8	
8	40	72	8	45	104	270	114	52	0	
2	0	32	0	96	64	188	120	0	211	

32	12	36	0	60	184	230	128	0	0	
40	32	0	136	0	0	259	11	24	180	
10	146	32	0	49	96	217	132	0	0	
177	40	64	72	68	0	0	261	0	0	 ***
126	100	0	98	0	136	11	211	0	0	
8	80	8	0	0	0	317	205	0	64	
38	16	41	0	56	78	284	169	0	0	
38	35	0	104	40	32	303	22	108	0	
2	161	66	8	33	76	204	132	0	0	

171	28	8	0	40	18	32	207	32	107	
42	175	32	0	8	4	72	0	12	298	
159	41	66	80	117	24	0	156	0	0	
179	2	8	10	0	32	72	260	64	16	
68	0	173	8	12	32	38	280	0	32	
48	78	0	50	0	0	209	0	0	258	 ***
112	40	64	143	73	0	0	211	0	0	
0	72	0	185	8	44	287	47	0	0	
162	44	48	72	128	0	0	189	0	0	
0	36	10	0	18	0	0	285	64	230	
179	40	40	54	68	0	0	106	8	148	
32	48	32	74	68	0	68	321	0	0	
36	40	10	4	1	140	64	20	0	328	
0	0	32	40	72	0	8	346	123	22	
70	0	72	0	42	143	13	303	0	0	
0	0	147	10	2	32	100	302	8	42	
0	4	2	32	0	158	271	0	0	176	
108	42	171	56	76	0	0	190	0	0	
0	141	64	0	2	2	294	20	72	48	

40	14	0	0	56	57	0	295	236	16	
54	104	60	0	74	0	278	0	14	130	
2	62	12	0	2	68	0	182	46	340	
8	100	54	2	32	8	24	208	8	270	
4	0	80	0	2	70	188	117	0	253	
78	88	0	56	0	0	158	0	72	262	 ***
57	78	0	62	0	2	170	77	0	268	
44	76	28	47	4	34	166	53	0	262	
38	36	78	16	81	96	0	92	0	277	
142	0	0	8	28	80	122	22	32	280	
54	77	2	54	0	54	211	0	0	262	
48	78	2	67	8	0	186	62	0	263	
0	62	0	56	44	50	8	40	158	296	
88	76	0	60	16	0	156	0	55	263	
78	38	8	10	0	64	44	139	40	293	

80	72	40	74	32	0	190	0	267	13	
4	64	47	0	32	10	126	268	40	177	
100	35	65	0	0	0	79	40	281	168	
32	41	121	58	24	0	0	32	178	282	
82	0	0	82	0	147	74	80	71	232	
61	48	66	0	64	16	24	188	20	281	
0	38	76	85	1	6	169	42	78	273	
16	50	58	0	4	36	120	36	187	261	
110	88	16	42	32	0	199	0	25	256	
78	72	0	50	0	0	172	109	19	268	
110	72	0	101	0	0	213	0	63	209	
16	36	73	6	0	114	171	0	286	66	
78	73	0	58	8	0	188	32	72	259	
32	2	72	32	34	59	176	32	69	260	
40	32	17	96	0	56	77	256	0	194	
36	2	32	0	72	32	125	245	58	166	
18	32	32	88	48	8	66	43	211	222	
110	72	0	43	3	24	220	0	31	265	
8	72	10	120	5	68	0	0	228	257	
76	21	95	32	0	54	301	153	4	32	
68	3	1	10	77	44	154	16	133	262	
110	73	3	74	32	16	156	0	41	263	
32	86	0	40	0	56	53	162	124	215	
22	121	0	0	8	40	119	32	175	251	
2	16	0	146	52	16	216	36	236	48	
76	72	0	50	0	0	188	179	176	27	
12	122	88	0	64	58	145	0	34	245	
74	72	25	48	0	32	188	0	72	257	
108	72	16	113	0	32	156	0	40	231	
80	60	0	65	34	10	86	15	136	282	
0	0	32	84	52	90	0	240	0	270	 ***
129	118	33	42	0	0	188	0	104	154	
0	20	54	102	81	147	0	0	146	218	
94	88	9	48	0	0	190	0	283	56	
86	120	33	42	0	0	225	0	235	27	

