#28	56	44	58	29	138	27	151	216	0	 ***
#70	45	16	64	0	43	0	211	141	157	
#67	52	97	20	26	16	227	21	221	0	
#60	60	58	4	0	16	240	59	25	225	
#20	32	66	18	137	55	78	0	96	245	

28	28	46	74	25	8	167	87	224	0	
29	56	42	42	27	109	160	119	103	0	
12	56	58	59	25	3	149	187	138	0	 ***
14	4	45	40	5	88	13	110	179	189	
37	56	44	42	25	29	133	190	131	0	
34	57	42	13	28	36	57	105	297	18	
20	12	6	20	52	105	81	50	279	62	
66	108	24	49	4	4	28	28	98	278	
28	58	19	56	34	18	44	69	301	60	
27	4	35	22	6	13	41	128	313	98	
46	28	42	46	25	8	42	103	107	240	
44	43	65	36	20	8	59	281	0	131	
47	0	82	7	6	16	25	68	315	121	
48	58	45	58	125	3	42	87	184	37	
0	38	52	24	36	21	0	293	66	157	
10	20	22	18	16	54	44	58	284	161	
45	28	40	42	25	4	237	107	159	0	
28	56	33	59	25	39	263	93	91	0	
15	72	21	27	25	36	66	170	255	0	
120	2	4	16	60	20	297	56	2	110	
45	28	42	62	25	3	285	88	61	48	
48	52	34	12	30	35	20	38	216	202	
16	4	58	24	130	4	40	158	253	0	
40	8	50	17	65	98	293	64	52	0	
20	6	54	115	0	26	87	66	275	38	
56	18	6	36	20	40	0	250	209	52	
6	75	8	15	65	2	140	27	285	64	
29	64	43	46	41	21	265	88	90	0	
28	24	46	46	41	3	46	89	126	238	
32	24	42	46	41	115	66	88	95	138	
74	32	8	22	18	114	10	136	256	17	
110	12	71	58	0	60	239	66	71	0	
28	76	42	42	29	7	260	104	99	0	
28	55	56	36	0	0	55	180	220	57	

18	50	66	44	44	79	119	39	252	0	
43	57	40	28	18	48	222	207	48	0	
10	12	56	48	58	50	0	38	157	282	
8	56	58	60	25	39	242	108	115	0	
8	56	57	79	25	3	49	221	132	81	
7	11	44	48	60	39	66	33	117	286	
46	56	58	60	25	3	242	108	113	0	 ***
40	60	58	58	41	2	242	98	112	0	
10	42	6	18	56	69	239	101	0	170	
44	0	72	50	44	22	263	18	198	0	
53	36	29	44	0	50	241	53	123	82	
0	5	27	53	48	70	248	92	118	50	
3	11	68	70	52	50	69	24	82	282	
33	18	24	38	43	58	250	69	178	0	
40	22	58	58	49	2	68	58	112	244	
8	58	42	75	117	3	150	98	160	0	
64	0	4	0	88	84	40	260	32	139	
43	0	44	0	25	48	38	88	253	172	
22	56	21	19	22	20	202	96	253	0	
54	40	32	48	60	2	279	24	107	65	
25	4	60	26	25	42	40	60	132	297	
10	88	58	58	21	2	64	62	108	240	
16	20	4	16	48	55	231	16	191	114	
20	10	48	62	18	2	68	242	123	118	
22	16	56	2	60	38	301	160	32	24	
36	42	36	10	29	80	195	54	166	63	
36	5	4	72	13	62	297	66	106	50	
24	163	42	58	0	56	100	0	181	87	
40	24	51	83	25	10	151	193	134	0	
12	62	58	58	17	35	54	53	122	240	
28	28	75	32	64	110	221	101	52	0	
6	10	58	42	46	0	308	83	104	54	
4	16	38	73	14	69	217	0	219	61	

78	36	30	6	50	54	88	0	318	112	
38	50	120	52	84	2	258	102	66	0	
28	60	44	66	56	34	287	66	104	27	
52	0	75	0	58	11	0	140	272	164	
42	28	54	114	6	11	100	134	283	0	
42	22	56	92	51	2	124	180	203	0	
88	12	0	126	18	2	64	258	80	124	
86	28	52	53	7	2	176	262	106	0	
72	18	0	0	48	70	277	48	87	152	
40	38	40	6	60	82	312	50	98	46	
66	64	6	70	134	48	0	66	278	40	
76	6	24	24	40	80	300	126	56	40	
111	40	6	66	28	56	311	30	124	0	
8	20	0	24	56	66	282	104	166	46	
56	32	12	92	38	119	275	16	132	0	
36	44	78	20	40	60	282	108	32	72	
34	84	13	44	56	28	315	102	64	32	
34	64	16	56	26	52	287	64	16	157	
24	104	72	60	34	58	288	16	96	20	
62	6	52	90	88	62	292	0	30	90	
78	22	64	76	80	2	277	105	68	0	
46	22	56	60	72	104	201	105	106	0	
10	46	12	108	54	8	286	148	26	74	
94	76	22	20	12	58	285	86	57	62	
26	42	24	88	18	72	302	172	18	10	
64	48	54	4	36	84	326	58	38	60	
74	38	20	82	38	16	300	78	126	0	
40	12	40	0	34	54	82	274	168	68	
66	28	22	16	64	34	295	112	35	100	
58	16	92	66	48	14	251	137	42	48	
42	20	0	0	60	96	302	98	68	86	
6	72	0	12	36	12	302	102	166	64	
12	0	34	0	114	0	78	174	260	100	
54	52	107	84	6	18	283	102	66	0	
16	34	30	82	64	136	285	72	53	0	
32	0	98	74	2	72	344	120	30	0	
42	38	80	60	8	42	281	107	114	0	 ***
28	0	30	60	96	45	307	92	68	46	
42	22	64	62	40	2	154	264	122	0	
37	0	80	0	0	44	70	158	90	293	
40	48	61	26	58	54	268	61	136	20	

26	52	26	32	74	32	261	2	54	143	
42	0	86	0	10	80	32	0	177	275	
58	34	26	82	14	124	50	58	256	0	
40	48	42	64	64	82	0	56	306	0	
88	80	50	36	50	18	304	0	40	36	
44	34	16	90	60	10	288	0	40	120	
4	34	20	2	32	32	156	20	76	326	
42	38	76	18	6	50	275	98	62	37	
6	36	71	50	0	42	130	96	271	0	
0	6	166	42	52	40	24	244	128	0	
152	6	19	16	34	2	275	96	68	34	
14	38	80	50	4	42	300	106	68	0	
54	34	67	60	56	89	104	234	4	0	
6	32	64	50	0	56	88	256	150	0	
48	66	54	78	64	64	0	50	278	0	
16	2	64	54	50	0	174	28	278	36	
10	38	72	50	0	44	290	96	102	0	 ***
12	34	72	50	4	42	290	96	102	0	
42	6	94	0	66	114	40	282	0	58	
0	2	144	0	58	0	228	52	40	178	
54	4	112	66	54	84	290	6	0	32	
20	8	36	48	32	32	36	148	48	294	
44	66	2	82	52	2	268	140	46	0	
48	81	0	0	0	8	132	228	177	28	
156	28	94	42	0	2	234	0	106	40	
10	34	72	50	8	42	284	108	94	0	
34	68	48	14	2	24	298	176	28	10	

18	4	72	106	4	42	239	102	66	0	
42	87	6	52	62	54	99	251	0	0	
2	126	112	44	0	58	38	36	237	0	
13	26	0	148	22	20	64	0	134	226	
6	56	12	44	8	38	66	22	142	259	
26	40	32	40	16	6	225	144	46	78	
38	2	32	4	16	52	235	60	206	8	
62	6	58	22	0	70	239	100	60	36	
10	6	104	101	0	42	208	102	80	0	
32	70	0	64	60	46	267	78	0	36	
20	6	64	26	4	88	222	153	70	0	
40	30	38	36	60	0	190	240	19	0	
2	40	34	4	36	20	32	303	8	174	
101	20	56	64	0	42	62	177	131	0	
2	20	26	4	72	42	247	140	56	44	
60	0	18	24	50	0	0	247	212	42	
10	4	60	64	4	42	267	124	78	0	 ***
24	8	36	72	42	8	281	16	158	8	

10	4	61	97	12	4	227	82	76	0	
134	16	92	18	74	16	159	0	0	64	
2	0	8	8	16	56	171	16	200	96	
10	4	61	64	6	2	237	94	95	0	
10	4	60	65	14	4	240	98	78	0	
26	14	42	22	12	65	150	0	0	242	
56	8	0	6	20	0	73	12	179	219	
58	34	94	0	116	14	179	0	0	78	
0	28	76	74	22	0	211	30	132	0	
10	4	91	64	1	2	243	82	76	0	
8	4	66	64	0	2	230	96	103	0	 ***
10	4	60	64	8	2	245	93	87	0	
97	36	2	0	4	20	254	40	120	0	
10	4	60	35	4	10	240	96	78	36	
20	32	64	24	22	0	262	8	137	4	

8	21	54	13	15	52	253	97	50	0	
26	36	0	38	12	8	144	247	20	32	
14	6	66	78	1	0	131	64	203	0	
91	43	0	17	124	44	8	35	201	0	
65	18	46	8	123	10	207	86	0	0	
113	71	8	48	52	20	0	201	0	50	
8	8	66	21	0	4	257	99	100	0	 ***

8	2	59	20	4	24	165	106	100	211	
32	58	42	20	16	8	278	76	76	93	
21	62	6	84	8	37	146	56	257	22	
12	37	82	56	0	2	172	69	235	34	
20	29	98	12	0	134	164	93	149	0	
50	7	78	69	0	24	186	199	86	0	
8	60	71	20	28	134	167	111	100	0	
64	69	68	32	86	42	231	25	31	51	
44	34	94	37	0	4	248	166	72	0	
30	13	19	72	76	47	94	22	92	234	
42	0	42	36	4	0	182	241	152	0	
88	129	66	28	0	2	191	95	100	0	
40	12	83	36	44	34	60	32	111	247	
28	32	38	44	85	164	185	30	84	9	
8	38	82	56	9	20	277	69	52	88	
126	41	42	36	0	56	165	109	124	0	
32	6	86	28	19	36	267	116	109	0	 ***

32	20	13	152	8	79	46	170	33	48	
26	5	88	44	5	4	217	119	61	32	
141	23	70	29	0	7	117	114	100	0	
66	30	26	32	19	0	199	73	156	0	
28	13	94	39	19	2	215	103	88	0	
34	21	70	29	0	2	135	210	100	0	
60	12	78	30	45	35	0	110	0	231	
26	33	153	64	75	35	0	76	0	139	
66	46	72	15	24	30	219	59	30	40	
32	0	90	28	45	3	231	96	76	0	 ***

32	0	86	42	35	3	223	81	78	0	
66	16	70	26	16	0	231	34	70	51	
127	18	86	33	8	0	152	64	92	0	
36	0	87	42	8	8	233	72	94	0	 ***
54	48	64	134	24	57	19	0	180	0	
30	15	36	38	44	21	120	39	237	0	
32	0	92	28	40	12	233	32	77	34	
32	0	82	26	24	2	93	32	240	49	

36	0	87	33	39	0	204	74	94	0	
30	0	81	48	12	6	90	214	86	0	
33	8	142	0	59	27	0	201	26	71	
37	136	46	12	0	13	185	118	0	20	
30	0	93	40	8	6	240	76	70	4	
30	0	81	40	14	10	80	214	98	0	
38	0	77	36	120	2	166	56	72	0	
32	4	84	40	10	104	137	36	70	50	
32	0	85	36	8	12	241	58	95	0	 ***

30	0	68	42	12	13	245	56	102	0	 ***

157	0	60	108	37	44	98	82	68	0	
49	75	26	8	63	9	193	0	231	0	
28	0	48	51	0	13	143	66	92	213	
108	44	0	2	41	18	8	49	130	254	
61	12	44	54	2	4	252	81	128	16	 ***
60	13	8	47	12	6	293	37	86	92	
28	17	54	54	7	5	244	151	50	44	
41	2	56	26	18	95	251	38	93	34	
28	0	120	38	39	25	204	50	60	90	
29	8	56	36	158	44	159	84	80	0	
56	32	20	52	12	14	233	128	107	0	
96	36	50	4	16	9	303	74	42	24	
77	8	132	0	6	0	282	74	17	58	
78	0	57	74	13	6	243	54	108	21	
18	82	13	37	26	10	297	34	127	10	
7	25	40	0	69	50	33	0	243	187	
58	0	53	70	112	56	91	120	94	0	

80	61	2	16	62	5	216	20	231	24	
16	28	68	60	110	98	193	47	97	0	
0	115	20	96	52	6	266	25	105	32	
20	19	10	95	16	9	235	81	203	29	
0	59	0	43	45	87	226	172	35	50	
0	9	46	6	136	101	267	32	32	88	
16	40	35	49	50	100	154	178	95	0	
49	59	21	6	58	44	237	146	58	39	
0	0	4	16	120	65	37	188	12	275	
40	48	53	18	41	0	166	294	48	9	
60	16	40	91	2	11	129	70	113	185	
81	13	72	55	2	16	237	128	97	16	 ***
48	75	99	14	56	63	91	224	47	0	
80	71	21	30	52	0	194	91	134	44	
61	9	40	54	28	12	218	48	122	125	
63	35	56	66	0	21	95	82	212	87	
0	20	1	78	0	4	164	243	201	6	
57	9	16	54	57	10	253	121	100	40	
32	18	9	18	134	59	250	0	70	127	
67	9	28	59	11	36	228	37	88	154	
78	44	53	42	0	55	248	114	35	48	
53	32	109	58	30	4	249	28	154	0	
60	9	40	122	22	13	241	30	80	100	

53	13	76	55	32	18	245	122	92	16	
49	13	74	55	0	16	239	52	128	96	 ***
52	66	31	23	44	46	204	201	55	0	
58	16	8	14	2	52	0	305	234	33	
41	60	116	48	28	75	30	303	21	0	
2	40	55	32	48	110	119	280	20	16	
50	13	76	55	2	20	155	251	84	16	
49	13	74	59	2	16	237	116	140	16	
64	12	17	95	50	35	244	162	19	24	
64	42	26	7	62	122	183	126	90	0	
4	0	20	24	128	56	245	34	179	32	
49	13	77	55	6	19	232	129	126	16	
12	54	28	5	56	8	213	270	23	53	
5	50	26	60	16	18	254	35	145	113	
0	40	4	0	109	110	22	106	279	52	
16	24	37	43	46	10	294	53	107	92	
70	31	78	38	22	18	295	116	37	17	
33	14	36	52	24	4	301	0	169	89	
49	15	72	55	2	12	136	120	245	16	

43	8	42	69	0	19	92	91	116	208	
37	2	0	41	112	65	46	40	321	24	
40	40	42	69	0	28	96	229	112	32	
4	23	14	52	40	168	267	0	120	0	
18	4	82	15	76	32	274	111	32	44	
0	4	178	53	20	56	292	65	0	20	
32	38	64	0	16	4	256	36	209	33	
8	24	22	0	38	44	0	346	148	58	
41	40	74	61	0	19	246	34	104	69	 ***
40	16	42	54	0	57	249	90	116	24	
36	4	127	82	82	40	55	0	262	0	
16	12	77	10	12	39	288	48	156	30	
2	40	68	72	4	92	283	34	69	24	
24	11	42	151	0	96	119	52	106	87	
82	8	6	56	36	2	301	41	130	26	
96	125	20	0	0	46	39	300	62	0	
22	36	22	0	16	38	308	112	0	134	
40	8	42	53	0	50	119	211	104	61	
26	0	77	16	67	90	66	291	0	55	
24	1	11	0	34	20	146	72	340	40	
43	48	42	68	0	18	132	209	104	24	
40	8	43	61	0	50	97	78	111	200	
48	120	20	0	34	66	267	57	26	50	
64	8	34	55	0	52	235	54	110	76	

34	66	84	157	41	0	0	227	70	0	
0	50	56	76	0	64	21	307	0	105	
43	40	54	68	0	19	123	202	88	42	
38	0	8	32	52	4	288	28	45	184	
40	16	8	73	46	46	276	26	68	80	
24	44	70	60	0	31	123	42	96	189	
27	40	62	80	0	19	135	202	88	26	
34	11	20	64	57	40	275	22	130	26	
40	44	54	60	0	19	238	96	88	40	 ***
42	44	46	64	0	19	145	42	88	189	
47	40	54	60	0	19	244	86	96	33	
45	29	46	94	0	27	238	43	88	69	
41	40	46	60	9	39	238	45	88	73	
20	68	48	64	6	38	289	4	50	92	
41	40	64	68	0	24	238	42	88	74	
0	74	34	39	54	38	284	70	68	18	
16	56	44	16	0	19	100	61	104	263	
122	46	92	0	8	85	302	24	0	0	
24	0	76	0	64	10	22	137	294	52	
49	44	50	60	0	26	238	42	88	82	
40	44	46	60	0	19	139	51	90	190	
34	98	42	106	4	16	275	10	72	22	
32	18	8	10	56	0	296	68	165	26	
38	6	68	34	53	0	293	36	95	56	
122	0	14	0	50	50	280	103	24	36	
40	52	46	127	0	19	192	43	88	72	
40	44	46	88	0	87	178	42	88	66	
58	45	60	60	0	19	238	42	88	69	
68	46	44	32	18	6	325	0	0	140	
22	102	94	54	78	0	279	0	26	24	
32	40	46	40	0	18	87	63	240	113	
49	40	62	60	0	19	119	53	88	189	
40	40	54	123	0	27	187	42	88	78	

16	44	19	48	0	18	124	155	48	182	
24	76	6	84	0	19	234	42	131	38	
0	44	22	64	22	4	283	166	41	8	
92	40	7	111	0	23	201	94	48	38	
24	44	18	38	0	19	181	194	62	74	
42	74	10	55	0	51	128	84	168	42	
38	16	8	33	0	40	211	7	249	52	
43	3	52	32	4	26	209	72	213	0	
67	106	64	4	22	6	231	0	118	36	
72	44	14	48	0	27	128	203	76	42	
0	56	30	80	127	0	0	254	39	68	
67	66	36	16	0	30	198	199	42	0	
1	16	0	135	0	104	280	62	24	32	
24	2	58	98	32	44	148	226	0	22	
0	0	16	0	36	140	162	262	0	38	
25	40	38	48	4	19	162	212	60	46	
48	42	38	52	0	28	233	61	32	120	 ***
16	10	40	26	64	67	161	222	0	48	
18	116	6	48	0	19	121	93	48	185	
20	40	8	32	6	60	178	226	0	84	
0	4	36	86	80	10	173	174	0	91	
20	74	6	86	0	23	127	103	32	183	
0	20	0	36	36	26	295	48	48	145	
85	3	70	4	68	0	20	176	228	0	
52	40	6	32	0	19	234	176	48	47	
1	50	12	50	106	53	111	207	64	0	
64	12	109	54	28	2	103	0	32	250	
30	48	14	112	0	23	182	159	24	62	
97	48	36	0	89	72	260	18	34	0	
11	8	74	38	0	34	157	238	56	38	
84	33	0	76	0	2	36	279	88	56	
48	18	88	20	32	0	169	34	229	16	
74	64	58	0	44	4	77	42	0	291	
16	40	6	55	0	51	136	136	32	182	
36	4	38	76	0	8	290	41	64	97	
50	40	8	112	0	28	184	106	24	102	
68	40	40	0	0	60	0	183	45	218	
16	44	7	92	0	19	126	106	62	182	
16	22	52	10	41	8	220	230	51	4	
16	41	32	70	40	8	181	250	0	16	
24	40	10	92	0	19	128	165	58	118	
48	34	104	61	0	48	0	253	82	24	
22	40	19	80	0	19	195	164	77	38	

48	10	38	4	0	85	156	40	4	175	
6	6	32	32	8	41	270	52	0	113	
2	20	106	0	0	8	318	14	0	92	
70	8	20	0	33	0	241	32	47	109	
0	88	28	8	0	19	218	32	28	139	
16	0	54	0	0	18	0	148	10	314	
70	0	16	24	0	0	325	111	10	4	
48	9	38	4	0	22	83	77	36	243	
32	20	0	4	0	62	88	16	334	4	
8	70	24	6	16	48	269	113	0	6	
50	2	38	20	0	22	83	38	36	271	
48	28	38	4	0	22	245	101	4	70	
20	8	4	0	12	88	317	111	0	0	
48	6	36	4	0	18	99	38	36	275	
66	32	6	0	16	18	303	86	4	29	
0	0	179	40	4	0	64	217	0	56	
24	6	4	42	20	3	320	13	16	112	
122	0	40	68	0	0	290	40	0	0	
0	2	36	12	0	0	279	195	36	0	
0	2	0	83	12	0	36	36	319	72	
20	16	44	8	16	0	253	25	48	130	
0	0	96	106	34	10	282	0	32	0	
4	0	8	0	0	0	337	171	6	34	
0	0	0	0	4	0	319	64	0	173	
32	2	36	4	0	6	276	18	144	42	 ***
6	179	0	68	0	0	231	0	0	76	
0	38	52	8	4	184	224	0	2	48	
0	16	0	0	32	20	112	308	72	0	
0	32	20	0	0	44	0	316	148	0	
6	20	78	0	0	32	320	36	68	0	
48	2	46	4	0	38	245	26	113	38	
36	0	16	0	0	0	269	52	187	0	
4	0	8	0	0	36	292	56	22	142	

0	0	16	34	32	27	263	0	72	224	
34	12	4	0	72	68	256	76	111	35	
64	28	44	36	0	40	234	36	0	186	
72	8	4	32	12	4	241	0	163	132	
2	97	40	0	0	36	0	321	44	128	
64	8	48	32	0	4	149	32	269	62	
0	76	44	32	0	6	208	50	212	40	
32	8	12	64	0	4	239	32	54	223	
0	40	60	32	32	0	240	92	0	172	
36	72	76	32	0	4	274	125	25	24	
0	2	46	86	32	108	0	306	88	0	
44	0	8	80	0	42	255	82	83	74	
40	8	72	0	32	4	279	86	118	29	
0	44	40	52	110	58	0	0	286	78	
0	62	8	64	0	48	213	36	237	0	
49	68	0	32	0	48	18	0	237	216	
49	68	16	10	10	60	262	16	109	68	
0	0	64	16	56	4	238	0	246	44	
38	64	64	40	4	12	230	52	138	26	
68	2	64	8	0	44	277	51	88	66	 ***
28	0	32	6	16	80	208	16	242	40	
4	0	0	40	36	69	328	88	84	19	
32	0	75	14	33	36	271	26	74	107	
76	0	48	8	0	48	0	171	317	0	
104	8	0	56	32	66	194	29	179	0	
64	120	20	0	0	0	88	0	304	72	
64	4	38	44	0	44	298	176	0	0	
32	42	68	32	0	4	245	181	33	31	
76	16	42	0	0	0	237	114	145	38	
66	32	32	0	0	40	226	137	59	76	
50	64	8	46	72	0	0	122	306	0	
56	1	40	72	0	0	0	44	234	221	

0	64	0	96	0	64	8	185	0	296	
48	0	64	0	0	45	214	68	169	105	
36	12	64	0	64	40	228	78	108	83	
56	64	40	75	0	48	207	131	92	0	
40	0	40	32	34	77	335	0	48	107	
38	127	64	34	32	32	63	33	96	194	
78	12	0	28	53	80	282	44	136	0	
37	50	0	68	26	0	253	198	36	45	
93	0	11	12	72	96	253	0	152	24	
76	0	100	0	0	35	104	64	209	125	
32	0	6	6	0	90	276	96	131	76	
104	11	68	0	0	64	234	106	48	78	
52	98	34	0	36	78	205	36	0	174	
108	51	36	0	36	94	267	86	0	35	
17	64	12	0	46	48	266	84	176	0	
46	97	0	72	12	44	232	94	0	116	
0	8	100	32	84	44	197	30	218	0	
42	50	64	2	0	52	238	124	0	141	
70	0	72	8	0	71	256	32	48	156	 ***
100	32	10	0	6	50	286	133	96	0	
72	68	85	0	0	123	0	94	33	238	
39	54	105	0	88	33	218	0	0	176	
32	16	81	0	8	0	0	316	148	112	
97	18	64	0	68	0	80	290	0	96	
12	38	40	132	116	1	226	0	148	0	
72	0	64	0	44	36	236	32	88	141	
70	0	72	0	10	40	67	211	44	199	
0	112	58	10	0	48	236	0	4	245	
0	5	32	8	90	32	174	69	0	303	
70	44	111	0	0	71	196	86	44	91	

68	0	48	10	0	0	225	32	0	299	
149	2	0	68	32	80	256	39	16	40	
70	0	72	8	2	32	132	14	49	303	
52	0	36	5	0	2	215	50	128	194	
8	118	0	145	0	0	81	0	52	278	
104	16	72	8	0	45	344	0	40	53	
52	0	31	0	12	118	286	77	0	106	
68	0	80	24	0	68	116	0	52	274	
0	46	82	0	161	68	43	0	0	282	
102	0	74	103	0	98	209	0	48	48	
0	80	107	0	92	120	0	0	283	0	
64	0	0	34	2	36	249	24	241	32	
72	0	72	8	56	32	322	0	52	68	 ***
38	0	4	52	25	55	318	190	0	0	
0	131	36	0	70	45	250	120	30	0	
0	0	152	64	98	0	4	72	0	292	
79	0	74	8	2	32	139	0	45	303	
32	64	8	0	8	34	257	247	0	32	
104	0	48	68	40	127	263	0	32	0	
0	0	0	42	172	16	295	16	37	104	
36	4	30	108	0	79	135	0	0	290	
16	143	32	34	0	68	32	33	76	248	
12	18	40	9	0	36	242	24	32	269	
0	4	5	133	72	74	271	0	81	42	
128	0	72	41	0	55	99	0	49	238	
71	32	104	13	0	34	330	0	40	58	
2	32	33	32	11	40	219	20	32	261	
3	0	54	34	105	0	302	26	0	158	
32	36	4	0	81	33	308	8	4	176	

32	4	0	12	18	42	315	32	4	184	
113	0	0	42	187	0	0	47	74	180	
35	1	0	12	34	50	273	136	0	102	
42	0	40	8	64	49	336	8	40	56	
40	0	48	50	0	4	271	42	0	188	
2	67	129	0	76	0	280	0	33	56	
50	0	54	1	124	68	238	0	108	0	
10	0	40	16	64	34	341	0	93	45	 ***
0	166	8	8	0	6	0	241	214	0	
0	120	0	56	0	42	295	48	64	18	
176	72	0	48	40	73	200	34	0	0	
2	12	0	0	72	0	291	16	10	240	
120	0	0	0	48	8	0	0	272	195	
0	40	0	42	8	114	266	19	154	0	
37	12	40	10	56	32	341	0	44	71	
98	120	12	68	40	0	40	0	0	265	
0	8	44	48	143	64	222	0	32	82	
80	2	84	0	150	0	245	0	64	18	
84	33	10	18	0	0	263	161	74	0	
0	8	179	45	16	0	200	0	0	195	
34	74	34	76	0	13	284	128	0	0	
34	0	40	8	66	49	286	4	56	100	
62	0	24	6	20	4	283	35	104	105	
58	0	8	2	72	8	270	0	193	32	
0	0	40	57	42	134	100	0	270	0	
0	32	0	16	8	64	325	8	188	2	
68	16	32	0	0	8	249	34	72	164	
8	135	30	32	0	0	96	0	278	64	
149	0	8	64	10	0	308	64	40	0	
0	0	0	8	0	78	194	10	345	8	
56	10	90	160	8	24	263	0	0	32	
12	16	16	0	10	72	274	55	188	0	
13	8	56	56	50	0	349	32	0	79	
0	32	127	132	10	42	254	0	46	0	
8	32	0	94	0	116	296	53	44	0	

58	38	16	40	48	2	276	56	72	108	
0	10	112	0	107	30	271	50	0	134	
72	20	0	76	0	8	230	16	82	210	
0	4	135	0	10	66	273	58	168	0	
35	108	60	0	95	76	290	0	0	50	
40	0	95	36	48	78	268	37	88	24	
23	4	10	70	10	112	292	12	181	0	
0	80	42	0	0	2	0	269	64	257	
0	24	81	7	114	38	270	56	68	56	
73	0	66	12	39	40	293	0	56	135	
76	70	109	5	108	0	284	16	46	0	
18	16	32	12	64	92	295	0	58	127	
26	33	33	52	72	50	286	113	49	0	
42	4	4	32	10	8	278	68	28	240	
50	4	18	42	72	116	246	44	122	0	
10	104	22	66	19	88	266	0	89	50	
8	36	90	20	40	0	271	41	4	204	
66	112	26	74	0	0	270	0	142	24	
18	9	81	8	67	50	316	0	60	105	 ***
42	17	36	2	67	50	341	90	64	5	
58	8	36	8	64	34	332	102	57	15	

0	32	100	24	33	11	235	40	178	115	
0	4	0	98	80	59	245	49	28	205	
112	87	72	0	0	2	287	24	48	136	
0	56	32	40	0	66	309	168	97	0	
16	49	112	38	106	0	72	8	168	199	
114	36	141	35	19	124	201	0	0	98	
30	70	65	40	87	51	286	0	56	83	
39	133	96	0	93	48	276	38	42	3	
55	75	40	0	20	0	255	109	214	0	
4	18	64	57	105	83	42	276	66	53	
78	64	80	0	80	35	242	181	8	0	
16	6	65	40	107	66	281	0	56	131	
129	32	16	44	48	80	265	16	34	104	
15	6	65	40	66	66	231	0	57	222	
8	32	58	0	38	104	242	78	136	72	
123	20	40	16	1	50	0	18	220	280	
57	34	42	34	64	8	215	56	23	235	
14	6	65	24	67	52	285	0	130	125	
18	26	0	0	95	78	161	32	318	40	
10	137	24	37	32	2	96	286	104	40	
72	88	6	0	99	34	254	42	173	0	
56	80	56	20	14	24	33	194	0	291	
64	2	16	48	39	32	236	42	82	207	
0	8	6	0	88	0	183	50	147	286	
46	6	65	40	84	50	286	0	60	131	 ***
39	7	65	40	66	82	261	0	56	152	
32	40	0	32	40	17	167	68	293	79	

