#0	640	0	164	192	496	484	4876	896	592	 ***
#484	36	592	112	488	480	0	1344	4692	112	
#0	224	0	240	2336	864	896	2748	400	632	
#160	32	0	272	4	0	4772	1676	112	1312	
#2256	304	84	560	240	32	912	512	164	3276	
#0	112	612	192	436	80	304	4788	0	1816	
#36	192	1236	164	752	516	144	4708	0	592	
#192	400	112	800	2388	0	0	2356	240	1852	
#960	480	164	32	80	0	112	192	3924	2396	
#36	400	0	244	400	112	2912	32	4120	84	
#0	0	160	112	512	80	736	4644	1924	172	

400	0	320	320	0	32	304	4768	160	1248	
352	32	80	640	0	80	1492	4604	192	80	
0	720	0	160	80	160	516	4172	448	1296	 ***
192	32	160	112	480	112	2972	3300	192	0	
144	720	0	160	80	160	484	4172	448	1184	
400	112	32	416	32	1584	240	4656	0	80	
464	240	0	64	320	1888	240	1956	2380	0	
1504	384	160	192	0	160	0	3808	272	1072	
432	484	84	432	112	0	784	1364	3860	0	
352	272	160	0	0	320	520	2276	3220	432	
1232	224	32	160	160	160	432	192	4848	112	
0	80	0	160	400	864	516	4316	464	752	
0	960	32	160	80	192	484	4204	416	1024	
80	640	112	160	0	192	484	4428	352	1104	
0	720	0	160	112	192	884	1176	448	3860	
80	32	144	228	784	480	352	5208	0	244	
160	112	432	564	400	304	2112	3436	32	0	
160	160	240	272	352	64	1728	4336	240	0	
0	400	480	0	592	64	272	3252	2492	0	
512	480	992	0	192	160	356	4504	244	112	
0	640	0	160	80	160	596	2616	736	2564	
144	592	352	160	160	0	160	4248	1076	660	
432	160	400	480	32	112	2536	3080	160	160	
0	560	0	192	0	240	324	1880	448	3908	
320	160	272	32	272	80	400	5068	112	836	
2512	320	240	0	400	112	0	224	3192	552	
256	400	564	320	0	144	672	4844	240	112	
304	432	544	224	580	916	0	0	1732	2820	

0	720	0	160	80	192	1508	1240	336	3828	
592	32	80	400	80	464	4096	1760	160	400	
176	432	240	432	516	192	240	4760	912	164	
0	800	0	800	0	160	548	2716	2128	912	
176	160	64	240	320	676	1284	5000	144	0	
112	720	0	160	112	1120	548	4140	304	848	
0	720	0	160	112	480	516	3048	2036	992	
0	1152	0	160	80	160	548	4140	336	1488	 ***
0	1360	0	192	160	160	516	2620	2144	912	
160	320	516	240	64	784	644	4148	0	1188	
320	192	352	80	112	304	304	3556	432	2412	
352	144	0	496	480	192	0	2016	4384	0	
80	512	672	432	0	224	352	736	436	4620	
144	32	516	80	784	432	0	3508	672	1896	
160	0	112	144	352	112	2700	3252	1232	0	
0	304	0	880	192	1664	112	2852	0	2060	
0	1392	0	480	112	160	516	4140	416	848	
112	384	196	272	80	192	1908	4728	112	80	
32	1440	0	240	0	160	516	1352	448	3876	
1904	112	224	800	880	340	0	3452	0	352	
224	64	272	416	400	480	164	1076	0	4968	
80	240	320	320	160	0	224	64	1620	5036	
0	720	0	912	432	160	516	4140	336	848	
912	112	0	176	384	640	160	0	736	4944	
0	112	0	160	80	192	868	1160	2144	3348	
64	160	544	160	336	0	320	3980	0	2500	
0	144	384	320	0	756	384	4648	724	704	
0	720	0	384	80	896	516	2024	368	3076	
944	352	112	640	324	80	100	4680	832	0	
0	720	640	272	80	160	548	4044	336	1264	
352	400	32	112	352	432	84	4412	240	1648	
0	400	112	160	0	160	544	5120	976	592	
0	144	432	196	1424	612	640	2692	0	1924	
0	832	320	160	80	160	516	1832	336	3828	
1264	272	320	112	320	208	112	240	720	4496	
0	720	0	240	80	192	1184	2776	1316	1556	
160	144	352	912	192	672	4736	80	464	352	
0	720	0	160	112	160	516	1620	2512	2264	
32	192	640	672	240	240	772	4412	0	864	
0	1040	80	160	0	832	516	1240	368	3828	

32	576	320	32	672	1152	496	400	352	5348	
0	1152	0	0	0	160	944	4388	784	1952	
112	704	400	224	272	432	320	5188	1024	704	
800	0	224	1472	240	176	592	5012	0	864	
352	704	944	784	560	672	4932	320	112	0	
112	1504	0	480	272	384	400	224	544	5460	
192	832	176	400	352	992	960	4372	272	832	
2628	432	1136	192	1024	0	432	704	2832	0	
1040	0	832	1024	192	400	592	4372	576	352	
752	672	992	80	176	384	160	4420	752	992	
64	992	864	144	160	320	1632	0	4244	960	
224	384	80	720	112	240	704	1152	320	5444	
256	1152	864	0	0	320	640	4452	1584	112	
160	672	640	160	720	160	544	4596	304	1424	
480	1056	960	112	480	304	64	4292	0	1632	
0	1152	0	160	240	192	544	4692	976	1424	
0	512	160	320	80	192	544	5172	496	1904	
800	752	0	0	0	640	576	4324	1104	1184	 ***
32	512	640	160	640	160	704	928	4404	1200	
160	560	640	832	0	880	4756	320	160	1072	
0	512	0	320	80	800	544	4596	1136	1392	
240	32	2868	64	512	912	352	240	1712	2448	
0	512	0	192	880	160	1184	4564	496	1392	
0	1152	0	320	112	800	544	4692	336	1424	
624	0	672	752	32	1040	32	384	752	5092	
1376	592	0	1120	160	704	224	4452	0	752	
1472	256	704	2116	240	1168	752	2672	0	0	
800	64	0	672	0	1120	3460	1856	0	1408	

880	592	0	0	32	640	304	1344	1104	4752	
544	0	1344	992	0	0	800	3888	816	1264	
1744	32	2464	0	944	640	0	3072	192	560	
800	624	0	0	0	2288	368	3904	464	1200	
832	592	0	0	0	640	944	4784	544	1312	 ***
352	1888	480	112	1104	800	304	3424	960	224	
96	64	1056	640	960	32	0	5008	1680	112	
800	592	0	0	2656	640	224	1456	384	2896	
832	752	80	640	0	752	304	4784	464	1040	
0	704	192	0	112	880	352	592	1120	5696	
480	592	672	640	720	32	0	672	384	5456	
800	624	0	0	320	1520	3344	1776	304	960	
800	592	0	32	0	720	464	4800	464	1776	
800	32	160	1760	352	352	960	224	3888	1120	
112	1440	0	192	320	720	0	1168	1344	4352	
240	352	1680	640	1168	80	0	4736	752	0	
800	592	0	0	0	720	304	768	5248	1216	
64	512	80	192	160	1280	1872	4848	240	400	
112	2256	192	960	592	672	0	3776	880	208	
1184	160	240	752	80	32	192	5232	1136	640	
800	592	160	0	160	640	944	4784	304	1264	
992	80	352	192	1024	0	256	4800	32	1920	
112	992	0	912	352	832	192	4288	1136	832	
80	640	3408	960	0	0	1712	1792	1056	0	
1824	1200	672	0	32	112	160	3920	944	784	
160	160	912	0	1344	480	0	4000	1792	800	

944	1392	80	80	0	640	464	3520	944	1360	
304	816	752	1072	0	1440	3072	128	0	1840	
832	1072	80	32	240	0	784	4320	704	1360	
640	432	80	512	1472	800	1904	3152	240	192	
832	704	0	960	0	80	784	3488	1104	1472	
832	560	320	240	0	112	912	4128	1040	1280	
832	592	240	0	320	320	672	2096	2432	1920	
352	752	0	912	0	0	1536	880	1536	3456	
1024	752	80	0	160	0	1136	3488	1424	1360	
1120	1184	880	800	416	80	112	3968	864	0	
1792	1024	0	160	0	80	816	3488	624	1440	
704	0	224	64	1072	1632	864	3392	1472	0	
320	240	240	80	192	240	4656	32	1792	1632	
928	0	560	960	752	640	800	4032	0	752	
832	704	80	0	0	320	1264	960	1104	4160	
1824	704	160	0	0	320	704	720	352	4640	
0	80	480	1312	640	272	4560	496	0	1584	
832	1072	0	0	80	800	816	4064	560	1200	 ***
592	672	480	0	1264	784	1856	3056	0	720	
1232	320	1520	80	3344	1360	0	0	1568	0	
992	0	640	160	672	1280	1216	4304	0	160	
880	32	0	400	720	224	4944	0	960	1264	
400	192	432	1472	80	0	512	4736	800	800	
192	192	800	800	80	320	32	4624	1552	832	
1152	592	0	80	160	112	704	4304	400	1920	
240	640	80	512	160	1104	432	3440	0	2816	
1232	592	80	160	0	160	864	4080	384	1872	
512	880	0	0	272	160	3024	3232	720	624	
992	592	112	0	0	1776	1344	2544	384	1680	

112	624	400	0	0	832	320	2800	1072	1280	
32	1072	0	0	112	800	1200	3264	400	560	
32	1200	0	0	80	800	752	1408	240	2928	
0	320	672	560	400	0	0	3488	1616	384	
32	720	0	0	240	800	784	2384	240	2240	
32	1040	0	0	80	960	752	1376	272	2928	
880	352	320	1120	0	0	480	3552	160	576	
672	432	2672	0	240	240	0	2192	992	0	
32	0	320	160	320	464	4512	352	560	720	
640	80	1024	672	192	1456	752	0	2624	0	
32	1040	0	736	80	800	752	3328	432	240	
32	1040	32	0	1568	800	752	2416	240	560	
592	0	880	32	160	192	240	3792	1392	160	
32	1072	0	0	80	800	976	3248	432	800	
320	192	1664	0	240	80	160	1280	0	3504	
0	0	1200	32	0	560	512	1392	1648	2096	
32	1040	0	0	80	832	752	1808	2176	720	
32	32	432	0	800	464	0	3104	976	1600	
0	320	1264	464	192	1040	656	2752	752	0	
32	1040	0	0	112	800	816	3488	480	672	
0	432	560	0	832	32	1296	912	0	3376	
32	1040	0	0	112	800	752	1808	2176	720	
1232	112	640	320	160	0	0	1392	240	3344	
32	1040	0	0	1568	800	752	2256	432	560	
32	1072	0	0	80	480	816	3168	400	1392	
32	1040	0	0	112	1072	752	3472	400	560	
32	1072	0	0	240	800	1056	3248	432	560	
0	1600	352	96	240	1696	0	2016	0	1440	
192	1072	0	0	80	800	1120	3216	400	560	 ***
224	1072	0	0	80	800	928	3376	400	560	
32	1072	0	0	80	1072	784	1968	464	1968	

272	640	0	512	80	880	752	1900	1984	560	
1104	160	2128	80	0	564	0	1396	324	1824	
0	1600	404	320	0	672	160	2244	352	1828	
80	0	2016	0	244	1972	724	1024	0	1520	
2292	612	896	1040	676	240	0	1424	0	400	
192	1040	4	192	88	880	912	3280	400	592	
960	672	272	64	1064	2388	592	1568	0	0	
672	832	32	272	464	724	0	2148	2196	240	
320	548	644	0	0	1472	640	0	1360	2596	
0	1232	320	320	1824	0	0	832	308	2744	
244	1124	0	352	160	2208	672	912	1908	0	
224	640	84	0	480	432	784	2232	560	2144	
1200	112	1104	788	388	164	0	2880	0	944	
192	640	0	0	1504	960	912	1928	884	560	
836	1520	0	0	80	804	852	2608	240	640	
544	648	164	0	80	880	992	1648	480	2144	
484	944	628	640	0	1152	628	0	512	2592	
272	644	32	32	80	640	676	4164	560	480	
0	80	1488	480	1520	480	32	2344	884	272	
960	1028	1728	196	512	196	880	0	0	2080	
352	36	192	0	160	0	1300	3088	224	2228	
1040	704	0	1488	640	160	32	2532	984	0	
2368	512	948	160	80	1360	0	320	0	1832	
228	800	160	0	80	168	752	3280	400	1712	 ***
768	1072	84	948	0	560	944	1732	0	1472	
192	800	160	80	80	1152	752	1660	400	2304	
148	992	1156	1712	0	160	352	2468	592	0	
0	320	320	308	160	0	432	3264	2616	160	
512	1072	84	0	400	628	400	1988	160	2336	
276	672	80	0	80	832	1072	1428	560	2580	

272	480	320	0	80	968	1392	1380	3072	1712	
400	480	320	0	400	648	1072	1812	240	4304	
272	2704	32	116	0	900	3136	1920	596	0	
276	640	1792	0	80	408	752	2800	1136	1792	
804	1152	624	240	224	116	0	3732	1184	1600	
752	244	832	196	560	512	1684	160	3456	1280	
32	1284	2416	1472	480	1584	0	0	512	1896	
352	560	240	160	400	8	752	4484	400	2320	
192	1200	1360	0	80	88	752	4244	400	1360	 ***
0	916	400	0	272	724	752	2960	628	3024	
560	916	0	1472	240	964	628	1392	3504	0	
244	480	320	0	80	8	2096	3824	592	2032	
196	640	400	0	80	2152	832	2112	1040	2224	
272	1124	240	0	1072	1696	2000	2916	356	0	
724	672	240	272	1444	112	596	3984	0	1632	
4	196	1236	800	0	1712	2448	1568	1712	0	
480	640	320	0	80	1284	752	1816	320	3984	
1444	992	592	432	272	1360	0	1824	880	1880	
512	480	800	720	160	4	752	3928	640	1680	

160	560	560	32	320	80	912	3996	400	720	
704	560	560	0	272	80	832	3772	240	720	 ***
320	400	560	0	80	80	2528	2380	752	640	
160	320	400	560	240	1204	3960	464	0	432	
160	640	560	0	80	248	752	2228	240	2832	
192	640	560	0	80	240	976	1964	432	2656	
672	2052	1620	0	756	416	144	480	1600	0	
240	560	560	0	80	240	2560	2380	240	880	
240	196	84	704	240	0	4052	1280	0	944	
160	560	672	0	80	80	816	3660	592	1120	
192	560	640	0	0	320	784	2204	400	2640	
160	560	880	0	80	112	1056	3612	240	1040	
168	0	0	1424	832	320	320	1232	592	2852	
640	512	272	916	592	112	388	576	0	3732	
512	116	960	356	560	672	2560	964	1040	0	

112	752	1872	356	356	0	240	3380	576	560	
3168	320	192	416	720	0	484	836	0	2068	
160	912	672	0	560	0	784	2508	2048	560	
788	804	1396	0	320	160	1232	2848	0	656	
272	1104	1472	752	0	164	0	0	1140	3300	
192	560	560	0	400	80	752	2088	2548	1024	
160	880	752	0	240	400	752	3996	432	592	
160	560	560	240	400	352	752	2460	240	2480	
352	624	880	0	480	80	752	4044	400	592	
272	592	560	352	560	80	784	4044	400	560	 ***
304	560	880	0	80	80	752	4044	592	912	
2128	192	384	84	240	0	1636	1344	0	2196	
160	560	784	0	336	0	1104	2364	240	2656	
1448	1104	116	672	1472	224	0	928	2240	0	

548	192	752	640	640	756	80	3540	800	0	
164	160	1032	320	592	400	2288	1152	1520	320	
160	592	832	992	480	80	752	2156	480	1424	
80	400	164	592	240	400	916	2900	1744	512	
320	752	480	352	480	80	112	2412	1120	1840	
160	672	560	352	400	160	784	1832	800	2228	
512	164	80	240	480	480	640	3944	1056	352	
160	752	592	480	1632	0	720	2972	400	240	
240	640	160	640	888	752	320	3860	64	384	
596	720	192	2576	512	800	0	520	0	2032	
320	432	480	320	512	80	832	2012	1120	1840	
352	64	916	0	404	640	912	3940	320	400	
944	400	512	2160	1184	948	0	0	84	1716	
240	432	320	832	352	720	324	3456	352	920	
1076	240	400	80	164	400	512	1296	2788	992	
672	432	560	320	640	240	752	3772	320	240	 ***
160	720	352	0	8	0	384	1584	752	3988	
320	64	1040	164	544	800	400	2824	1072	720	
1680	0	436	884	432	0	960	1728	912	916	
400	356	356	480	0	2064	480	2868	512	432	
160	608	564	320	640	80	800	3272	800	704	
112	464	720	720	32	2036	0	1000	2096	768	
0	720	148	240	800	80	564	3812	1392	192	
272	432	560	320	480	240	720	4124	400	400	
560	644	2340	480	400	0	1584	0	1204	736	
160	432	560	432	480	320	752	4252	320	240	
0	656	2400	544	1040	832	0	484	88	1904	
516	516	480	64	80	320	320	2944	2388	320	
400	480	160	672	672	0	2940	880	1104	640	
272	160	592	320	628	432	960	4024	560	0	
240	592	640	480	400	240	784	1464	400	2708	
404	160	1824	240	1044	0	0	1040	160	3076	
160	544	560	704	480	240	752	2028	640	1840	
240	432	512	352	560	160	2560	2572	320	240	
400	432	592	320	400	160	912	4172	320	240	

240	432	432	320	480	320	912	2428	192	2048	
992	384	160	1024	640	384	160	152	3908	0	
1520	404	160	480	0	1808	260	2352	404	416	
240	416	400	320	480	400	944	4204	160	240	
168	32	356	192	432	320	320	2704	432	2848	
240	352	240	320	480	352	752	3612	1056	400	
336	192	0	560	320	400	560	3816	1108	512	
240	160	304	272	592	192	1344	3900	560	240	
240	528	240	400	512	320	912	4140	240	272	
480	592	80	624	0	160	160	1460	260	3988	
756	564	0	2224	1312	224	1072	996	224	432	
672	432	1792	0	480	240	1104	2524	160	400	
1812	512	0	624	560	788	1936	436	1136	0	
480	560	272	272	416	240	1040	2844	0	1680	
160	832	704	0	196	1504	272	2180	560	1396	
168	992	1188	752	560	992	1440	1520	192	0	
1124	656	1584	0	0	356	992	592	432	2068	
272	624	240	400	592	272	752	2460	192	2000	
720	756	592	196	944	624	352	0	1232	2388	
720	720	804	704	32	640	916	740	2528	0	
328	512	244	960	432	896	992	2768	0	672	
244	676	400	240	400	1600	1972	688	1584	0	
672	672	400	320	512	240	752	3836	160	240	 ***
1024	896	800	224	1024	512	840	1440	1044	0	
804	80	192	624	1300	1892	1424	0	1488	0	
916	224	352	352	192	432	0	1588	676	3072	
1328	384	900	592	1664	192	1120	1224	400	0	
512	248	160	240	672	2480	432	2676	384	0	
400	708	320	2272	400	0	1312	1412	388	592	
228	464	560	240	0	0	192	2980	2352	788	
752	404	420	224	0	464	400	3908	352	880	
352	320	160	400	260	480	912	3940	484	496	
512	436	272	880	544	1104	2432	1352	272	0	
852	1640	1600	272	304	704	320	1872	240	0	
320	432	240	352	720	240	912	4156	160	272	

400	832	400	1376	512	84	1360	1852	1280	1440	
192	0	160	320	1040	1120	4012	0	2532	160	
240	304	324	960	544	240	1860	3304	960	800	
1136	80	0	32	0	720	960	4044	2208	356	
160	1236	720	352	512	80	80	3128	1280	1988	
400	688	240	320	512	804	880	2296	1156	2240	
2580	0	144	1712	120	640	0	2384	1120	836	
356	0	192	80	0	160	720	5276	2032	720	
436	512	240	1440	672	80	720	2168	960	2308	
800	672	240	320	432	720	244	2168	0	3940	
0	160	160	672	720	0	672	32	1668	5452	
560	592	240	960	512	244	720	1960	832	2916	
240	1264	240	1616	112	400	1360	1256	320	2728	
800	160	0	4	752	0	4308	2280	240	992	
0	1440	672	0	1028	640	800	544	304	4108	
240	596	560	1040	432	240	1392	3836	320	880	 ***

64	1312	644	160	1428	0	0	752	5320	240	
80	1044	480	512	432	160	1152	3740	160	2160	
80	404	400	1120	432	868	1156	3076	1664	720	
80	484	400	1040	432	240	2308	1992	752	2192	
240	80	244	1040	1472	0	3180	0	2928	736	
4	832	400	720	240	720	640	3244	2720	400	
160	0	672	272	720	0	3416	656	720	3304	
80	352	1204	400	192	1232	0	3032	800	2628	
752	0	992	992	400	0	916	2180	244	3444	
80	564	400	1120	464	644	1392	1876	800	2580	
1364	1392	320	352	32	0	2980	2104	1184	192	
884	80	324	0	80	560	3608	2640	272	1472	
960	224	240	960	436	2228	640	936	3296	0	
80	568	400	1044	432	160	2032	2036	1776	1392	
756	112	464	1352	0	160	3268	720	0	3088	
240	568	560	1040	1380	400	1472	1476	272	2512	
320	160	32	0	112	720	720	3724	1872	2260	
160	404	564	1120	512	240	1392	2600	512	2416	
80	644	560	1040	548	880	1028	1284	1440	2416	
80	516	640	1040	832	640	1796	3176	480	720	 ***
352	720	80	480	784	352	2308	1120	3724	0	
1280	164	0	832	0	112	800	192	4204	2336	

80	516	432	480	912	640	2276	3464	480	800	
240	640	0	656	240	432	944	3368	2328	1232	
80	676	400	400	864	640	2756	2040	512	1712	
112	516	400	400	832	640	2308	3512	480	880	
1520	756	352	992	432	2004	1316	1540	0	1168	
272	672	2756	192	160	672	0	3356	160	1840	
80	516	560	512	832	1392	3384	1604	480	720	
196	80	480	1360	720	352	400	5016	144	1332	
80	516	640	400	992	560	2116	1832	480	2464	
0	1136	2320	320	0	244	672	112	4956	320	
160	116	592	240	752	244	1024	3944	992	2016	
432	512	996	640	1200	320	404	3448	1936	192	
304	640	992	4	640	404	5256	1840	0	0	
112	516	1120	400	832	560	1876	3464	480	720	 ***
192	1376	80	80	2084	64	1456	3708	0	1040	
160	1312	192	32	32	400	2084	3768	704	1396	
0	148	1232	964	720	1824	640	2852	192	1508	
80	752	720	1888	80	244	272	5244	640	160	
80	516	400	1104	864	644	1752	2480	320	1920	
192	832	400	320	548	704	1520	3624	800	1140	
1076	1620	1040	868	1844	304	912	2304	112	0	
432	352	192	1344	480	884	992	3240	0	2164	
400	1748	320	1072	192	880	884	3256	336	992	
1072	240	80	320	1472	148	1540	3576	400	1232	
160	596	640	1040	1268	1888	1940	2032	516	0	
580	800	992	1104	480	2068	480	400	3176	0	
1184	224	864	1320	480	880	1732	720	2676	0	
3524	0	240	0	112	416	4264	404	1120	0	
36	1520	80	884	224	672	1600	3928	256	880	
1156	64	272	0	1072	992	5128	1396	0	0	

192	832	1632	320	480	0	2308	4200	32	0	
752	464	1280	240	1440	480	2984	1316	400	640	
0	1392	1392	384	480	644	0	4824	880	0	
112	592	1120	240	1632	480	1188	724	480	3428	
0	80	304	800	0	0	0	4388	4200	224	
1800	272	1280	672	160	640	5172	0	0	0	
80	80	32	880	400	1072	1972	4680	640	160	
1184	160	832	0	80	80	900	0	1552	5208	
0	832	400	32	0	0	80	4356	832	3464	
752	320	160	640	192	0	1040	5420	192	1280	
0	0	1716	960	0	0	800	4224	2228	68	
32	224	0	240	0	720	4232	0	196	4352	
720	320	1360	240	160	832	640	5320	404	0	
32	1072	32	0	0	880	5432	628	960	960	
112	624	1040	1076	800	480	2112	1236	640	1876	
112	432	720	80	800	1152	2700	2080	1280	640	
144	432	1040	160	960	480	1820	2368	480	2112	
272	432	1200	80	800	480	2032	2700	1280	720	 ***
320	0	0	240	640	1824	4424	1796	32	720	
144	432	1680	80	960	560	2388	1236	480	2036	
112	1072	1040	80	800	960	1396	3064	640	832	
436	432	400	80	1632	480	1592	2944	1120	880	
240	912	1472	0	112	480	0	4664	804	1312	
720	1784	672	0	0	752	0	3828	2240	0	
112	432	1040	80	800	640	2856	1716	560	1760	

240	560	1120	80	960	480	2972	1584	1440	720	
176	0	960	1520	1548	1520	0	224	0	4208	
272	512	720	384	0	2356	320	640	0	4952	
240	432	1360	80	880	480	2984	1700	1280	720	
560	432	1200	80	960	480	1392	2652	960	1440	
80	80	1600	992	560	0	272	4296	2276	0	
2028	320	416	320	1440	1920	336	3376	0	0	
560	512	1200	0	800	480	2112	2168	1524	800	
160	112	112	1472	160	1072	0	4828	1920	320	
0	672	320	0	0	240	948	4264	1792	1920	
112	160	80	1040	1360	32	1904	4476	480	512	
884	352	352	0	0	960	1600	0	1584	4424	
2204	240	464	640	272	0	3664	1680	992	0	
320	704	1280	0	160	112	0	5996	960	624	
720	32	112	112	2000	0	1552	0	1152	4476	
720	1200	240	0	32	160	3216	3436	0	1152	
0	64	160	1040	400	160	352	4956	1584	1440	
320	1948	1520	832	0	240	80	4320	896	0	
112	1040	640	240	640	592	0	4108	1632	1152	
80	1040	880	192	0	0	4988	160	800	2016	
240	432	1200	80	800	560	1392	2652	2080	720	
400	0	1600	80	112	640	1280	5260	0	784	
1404	240	640	0	0	160	544	4976	2000	192	
880	0	2032	160	640	720	320	0	752	4652	
560	432	1360	80	800	480	2112	2652	960	720	 ***
272	432	2000	80	1120	480	1392	2700	960	720	
800	832	1064	240	432	0	992	1728	4068	0	
1476	1200	80	2000	0	0	992	640	240	3528	
832	352	80	640	752	80	2544	4636	240	0	
800	0	192	432	832	240	240	4860	720	1840	

592	400	80	0	912	320	1712	1624	992	2088	
0	320	1232	1324	0	992	640	80	3892	240	
416	0	0	304	400	720	0	4492	752	1636	
1268	240	192	80	0	1716	1360	3588	192	84	
1200	0	32	0	800	36	3804	1648	960	240	
328	0	320	80	800	672	3784	1696	720	320	
480	0	164	672	160	0	4012	880	1712	640	
752	240	1384	1748	80	512	0	4004	0	0	
80	32	0	1464	80	1800	656	4608	0	0	
80	1316	804	992	644	560	1280	2964	80	0	
480	320	644	160	320	480	1552	2972	1072	720	
64	800	116	916	0	1120	912	4600	192	0	
0	1024	352	0	1388	1232	0	3172	0	1552	
0	560	1120	0	1680	32	1204	3820	112	192	
400	992	80	0	160	320	1552	2904	1512	800	 ***
800	1372	32	160	644	352	1360	3888	0	112	
400	564	160	0	160	1040	1584	1624	992	2196	
720	832	1524	0	0	1312	3852	0	480	0	
0	240	400	832	0	0	720	3116	752	2660	
0	832	160	0	0	160	1280	3352	160	2776	
400	320	112	0	160	640	1552	2932	992	1612	
564	960	0	304	0	720	0	3032	1940	1200	
32	512	0	320	1392	1924	0	3896	400	244	
880	80	800	0	800	192	84	3740	2032	112	
480	160	0	240	4	112	1616	3756	1120	1232	
400	964	160	0	240	960	1584	1736	960	1716	
400	352	160	0	400	324	1632	2296	960	2196	
2032	400	0	320	480	32	32	5232	192	0	
0	672	720	832	112	800	0	4076	112	1396	
1392	0	672	800	320	356	752	4348	0	80	

160	800	512	160	0	0	240	4872	0	1072	
320	672	320	0	0	0	1824	3288	592	800	 ***
80	352	0	432	0	0	1040	5192	720	0	
0	0	160	0	0	0	272	5352	1232	800	
1360	0	144	400	0	80	480	4552	800	0	
0	192	320	720	80	0	0	4712	1792	0	
0	640	0	0	320	640	192	4964	740	320	
320	672	240	0	0	80	1824	3288	592	800	
0	800	160	160	0	32	320	4164	2180	0	
320	672	80	0	80	0	1712	3256	592	1104	
320	672	80	0	80	0	2832	3000	672	160	
0	960	0	800	112	0	0	960	4984	0	
0	720	0	32	0	0	0	3444	3380	240	
0	0	80	0	0	0	1840	3284	640	1972	
0	0	2612	0	640	32	0	2944	0	1588	
0	3252	320	0	0	800	0	3252	0	192	
320	0	160	0	80	160	1200	5112	144	640	
0	2404	640	0	320	0	0	640	0	3812	
480	672	80	0	80	0	2704	3048	592	160	
0	0	0	0	0	160	3444	640	0	3572	
800	640	720	0	832	0	0	4632	0	192	
320	672	160	0	80	0	1712	3048	592	1232	
0	320	192	0	0	80	0	5064	1520	640	
1156	80	592	0	0	720	0	5268	0	0	
320	832	80	0	80	0	1808	3304	592	800	
320	672	80	0	80	160	2704	3048	592	160	
320	672	80	0	160	0	1936	3256	592	800	

80	1280	1748	0	0	516	560	4596	0	0	
960	752	320	0	640	356	4680	640	272	160	
80	2616	640	240	640	0	0	3684	880	0	
160	640	832	0	192	0	0	3224	1040	2692	
672	240	240	720	960	320	2688	2264	0	676	
644	160	3224	800	0	0	0	0	3712	240	
80	1312	720	160	0	272	2548	3496	192	0	
1556	32	800	80	0	80	3440	2072	720	0	
32	0	1624	0	1200	0	160	880	4884	0	
720	0	240	0	800	240	3108	3480	32	160	
400	672	960	160	240	0	5480	400	276	192	
160	836	352	720	720	80	3520	1752	320	320	
640	0	192	0	0	0	3024	3400	960	564	
320	672	404	1280	0	160	992	3960	752	240	
0	1604	80	0	864	640	2968	2624	0	0	
1752	480	352	720	640	1668	0	0	3168	0	
0	80	36	640	192	960	1280	5592	0	0	
0	80	880	1752	0	0	4916	240	0	912	
320	1472	400	640	0	0	1236	4040	352	320	 ***
0	0	240	832	0	912	2016	3704	912	164	
1120	672	320	0	0	0	5864	80	480	244	
880	1312	320	0	0	80	2228	3480	320	160	
0	3032	304	0	0	880	4048	0	320	196	
160	356	32	0	720	640	3376	3336	80	80	
116	80	1440	1476	160	244	0	0	5264	0	
80	0	320	112	0	756	0	3256	3984	272	
640	1072	240	0	80	0	5528	0	980	240	

512	80	0	640	0	1364	1952	3216	968	0	
0	112	800	80	672	196	800	3960	1872	240	
672	80	80	112	0	148	560	4120	2160	800	
0	2304	320	2516	0	0	356	1316	1600	320	
0	1680	272	320	800	32	0	3256	0	2372	
516	0	1664	0	800	160	1984	2088	1520	0	
240	0	964	160	1312	272	0	4824	640	320	
84	116	0	832	560	800	640	4276	1424	0	
0	0	2464	720	964	1588	0	2720	0	276	
1424	884	0	160	0	164	1664	2436	0	2000	
0	0	0	1348	80	640	0	160	2528	3976	
1492	80	80	0	160	640	640	4968	0	672	
720	800	884	160	0	80	3520	1656	912	0	
80	704	0	880	32	0	80	4324	1720	912	
640	112	0	800	112	0	2484	3784	800	0	
676	1620	800	1440	0	400	3156	0	640	0	
0	2240	1860	720	0	0	1700	84	480	1648	
644	0	1232	0	112	160	1712	4120	752	0	
80	1520	320	672	0	36	1712	3800	400	192	
0	1552	992	880	116	0	1200	2840	272	880	
0	1712	400	640	800	0	640	2040	2228	272	
320	1972	724	0	624	0	352	4100	0	640	
32	320	832	2148	160	720	1368	3152	0	0	
1360	160	80	960	0	640	100	4232	0	1200	
160	240	116	640	112	0	0	4040	1040	2384	
0	0	1184	0	0	32	1120	4044	80	2272	
640	32	960	32	0	160	720	2596	3432	160	
272	0	1040	84	720	64	0	4004	1600	948	
0	864	720	720	0	1344	0	4356	484	244	
800	432	720	2308	0	0	160	84	0	4228	
0	2112	960	640	0	192	724	3240	464	400	 ***
0	160	0	240	672	1520	0	4312	916	912	
1312	1600	320	640	0	0	2000	2508	272	80	
644	512	4	660	0	960	2512	0	0	3440	
32	160	720	32	1072	240	752	4324	84	1316	

0	2196	160	0	0	400	2888	3716	0	0	
1796	32	0	720	0	960	0	4012	240	1600	
1076	720	0	260	1312	320	1044	4116	512	0	
320	2308	880	644	0	592	112	3432	352	720	
0	0	112	720	400	0	2808	4408	32	880	
192	0	1680	0	160	960	0	3612	0	2756	
0	640	244	640	0	64	2432	4460	880	0	
0	1312	640	644	0	832	160	5548	192	32	 ***
0	640	112	964	0	1636	4168	640	1200	0	
1920	32	640	160	0	244	1408	4444	0	512	
1280	160	0	800	640	1540	480	4300	160	0	
160	1716	0	0	788	0	160	4376	2000	160	
800	160	272	0	320	0	0	4664	3144	0	
160	0	720	0	32	160	788	4764	512	2224	
0	0	160	36	320	0	1280	4772	192	2600	
64	0	400	640	1312	2740	164	4040	0	0	
160	0	0	2292	0	0	0	1440	0	5468	
0	1796	880	640	0	192	1156	3752	864	80	
704	1472	1280	800	4	560	80	3836	512	112	
640	0	836	640	0	944	308	4792	560	640	
2580	480	32	0	112	4	640	4472	1040	0	

160	880	32	0	960	0	1268	5484	0	784	
0	192	640	960	0	320	160	6192	0	1104	
880	352	84	240	0	0	1280	3948	2592	192	
800	400	1668	0	720	640	320	4796	224	0	
0	832	2332	0	0	0	32	6052	320	0	
0	560	160	0	0	2344	0	160	3572	2772	
800	160	32	192	160	80	880	5472	1792	0	
320	0	0	160	2696	480	800	5112	0	0	
1120	0	592	0	960	0	996	4428	0	1472	
0	832	320	4	240	752	80	5676	192	1472	
80	160	0	0	800	0	2740	4508	0	1280	
192	32	240	800	720	0	1984	5600	0	0	
1120	1872	320	0	0	192	260	4172	320	1312	
0	704	640	244	0	752	160	5852	352	864	 ***
640	560	0	320	384	800	0	6240	80	544	
0	0	0	160	640	80	0	4328	2328	2032	
160	1232	640	0	0	720	112	5632	160	912	
0	992	0	0	0	0	992	4320	2032	1232	
0	352	0	0	0	400	6240	1824	0	752	

1232	144	32	0	272	912	80	4300	2388	1236	
912	400	1556	1312	800	0	0	5492	124	0	
1476	0	400	80	1952	1232	4032	80	1344	0	
320	32	0	1440	320	320	1072	5376	1636	80	
1200	704	880	356	0	240	2560	4272	192	192	
944	800	1200	32	320	0	2660	4128	512	0	
0	2700	800	1600	480	1520	3256	0	0	240	
724	708	720	244	0	784	176	4500	720	2020	
320	0	1792	752	1076	1396	1104	4156	0	0	
1280	1348	80	320	0	836	1840	4060	0	832	
0	464	164	2548	0	1680	1152	960	0	3628	
1040	192	480	0	640	256	3756	2712	800	720	
640	192	1428	1364	32	0	960	4120	1188	672	
720	32	1280	640	80	224	512	5904	1204	0	
240	1152	1040	196	832	960	1940	4236	0	0	
0	768	640	324	720	756	240	4532	1076	1540	
0	0	320	1120	1152	36	0	2560	4576	832	
0	144	480	320	720	32	1284	2696	3800	1120	
1200	960	80	32	1312	1440	4	1536	4032	0	
32	1632	864	432	1584	320	3972	0	1760	0	
32	400	640	304	240	968	80	5308	800	1824	
32	320	1048	672	512	800	0	0	3524	3688	
480	160	160	84	0	720	1664	6256	352	720	
596	1312	0	0	0	912	740	3772	1952	1312	
240	2568	0	640	1076	192	0	2160	640	3080	
352	164	0	304	160	1120	0	4080	1120	3296	
672	1232	160	1200	160	880	1856	0	4272	164	
0	1344	400	244	0	720	112	4516	1124	2136	
32	1056	640	244	84	464	160	6124	720	1072	
1552	0	912	480	148	800	800	3712	320	1872	
0	848	1280	1236	0	880	244	4580	0	1528	 ***
192	0	0	80	1280	80	6464	672	1796	32	
320	0	832	912	2752	480	2080	0	0	3220	
0	144	432	196	704	80	2720	4284	0	2036	

752	644	0	160	432	352	192	2400	1044	4108	
0	1744	640	160	832	1124	880	0	4604	100	
276	1312	400	2032	2000	792	3104	0	168	0	
0	480	2112	960	672	2360	116	0	0	3384	
352	1428	80	640	1444	1108	672	4360	0	0	
480	1392	320	2068	960	0	352	4288	224	0	
160	0	1056	400	320	0	1012	0	3124	4012	
0	848	0	1472	4	640	244	4372	480	2024	 ***
1120	1776	64	144	32	676	640	5068	324	240	
0	1776	640	832	0	356	324	4452	36	1668	
0	816	640	832	0	704	248	2088	320	4436	
32	592	480	640	1316	640	672	0	4204	1508	
112	480	800	0	1648	352	0	324	5008	1360	
0	0	640	432	800	0	1072	4224	1280	1636	
0	784	960	1632	0	640	160	1920	164	3824	
640	880	832	752	400	320	1036	3796	0	1428	
1268	1104	1040	1200	0	160	1600	0	708	3004	
2228	264	160	0	960	1472	0	0	2584	2416	
384	512	992	0	2480	0	352	4320	1044	0	
960	32	352	0	880	1440	1296	3800	276	1048	
32	644	64	1264	0	160	320	1200	1232	5168	
0	640	384	0	0	2296	1840	1180	2944	800	
80	224	1904	1792	0	640	240	4160	880	164	
32	804	640	544	320	1796	0	2240	80	3628	
948	164	708	2240	680	352	0	3328	0	1664	
480	800	1392	784	324	832	352	3808	1312	0	
0	832	992	2312	644	0	1040	480	3784	0	
160	0	80	2816	992	804	1920	320	2992	0	
0	0	0	480	880	644	500	1880	960	4740	
0	736	544	832	0	640	164	4660	320	2188	
640	880	832	0	720	160	708	2788	0	3356	
1552	832	0	960	868	2804	0	0	2428	640	
0	992	196	32	672	240	648	2496	996	3812	
992	80	832	0	832	324	672	3952	1280	1120	
832	1040	480	1316	644	192	1280	3948	0	352	
0	816	708	832	0	640	2536	2880	0	1672	

