#316	415	339	145	125	276	80	1023	1011	0	 ***
#1	335	57	261	309	459	979	111	195	1023	
#325	273	349	221	307	312	445	1023	475	0	
#141	278	27	108	167	72	737	1023	862	315	
#170	45	396	70	370	23	515	123	1023	995	
#16	312	87	478	143	488	416	0	767	1023	
#12	244	66	217	182	387	1006	551	42	1023	
#381	42	27	145	471	19	1023	187	415	1020	

312	294	327	15	511	261	202	663	802	0	
314	278	347	15	62	398	88	1023	603	259	
179	0	30	130	282	429	1023	841	221	252	
267	286	451	374	248	0	1023	94	480	164	
267	28	176	42	504	430	122	1023	795	0	
315	186	274	289	274	20	0	1023	36	970	
314	278	316	53	46	284	105	1023	842	126	
314	278	202	45	511	261	82	824	870	0	
207	45	298	248	206	60	1023	530	15	755	
46	275	317	126	263	468	455	1023	259	155	
271	111	294	403	0	159	1023	0	604	522	
327	308	316	15	46	269	1023	110	973	0	
69	396	304	75	279	23	61	1023	278	879	
289	30	411	100	8	53	183	865	425	1023	
34	167	325	260	134	274	948	224	1021	0	
248	20	69	358	29	101	160	1023	639	740	
16	381	132	331	145	134	936	289	1023	0	
45	122	438	339	0	412	0	1023	867	141	
282	45	35	282	366	0	945	122	1021	289	
160	213	91	399	404	442	522	1023	68	65	
61	122	179	431	403	176	297	1023	436	259	
153	215	289	274	374	153	633	1023	273	0	
308	34	277	42	0	157	959	313	1023	274	
42	46	305	294	415	60	419	1023	622	161	
436	278	324	45	54	284	97	1023	846	0	 ***
63	157	305	213	279	201	731	415	1023	0	
260	0	259	61	167	145	145	941	1023	386	
160	248	278	282	274	0	224	46	1023	852	
330	278	377	30	46	276	63	1023	842	122	
19	388	323	347	157	435	62	633	1023	0	
314	286	316	511	168	291	82	622	797	0	
286	278	314	32	320	292	274	1023	568	0	
8	99	122	157	511	75	297	1023	1012	83	
15	511	389	160	0	0	38	460	801	1013	
314	290	347	23	91	276	152	1022	872	0	

157	212	263	98	16	244	197	991	252	1021	
182	96	256	465	290	28	177	1023	614	320	
46	312	16	267	105	30	419	1022	244	990	
252	27	152	146	244	164	217	1023	299	927	
0	301	0	175	305	273	341	1023	56	977	
258	31	233	160	396	322	232	1023	796	0	
190	278	194	75	62	284	339	1023	1006	0	 ***
0	259	16	349	68	434	50	985	1023	267	
0	72	446	244	0	511	151	389	667	971	
156	121	0	99	423	38	1022	167	1021	404	
243	486	290	511	245	511	0	843	322	0	
308	171	0	0	297	42	1023	138	1015	457	
453	0	75	0	53	24	1022	687	848	289	
15	156	12	336	76	114	635	1023	246	838	
190	278	316	105	69	307	95	1023	572	496	
220	301	194	45	298	269	529	1023	572	0	

68	263	220	384	103	268	571	1023	621	0	
304	291	426	131	240	113	381	1023	308	304	
46	4	0	505	0	396	802	350	1022	396	
0	503	0	500	511	68	369	984	99	487	
158	60	304	15	87	366	908	313	1023	287	
402	304	410	445	84	328	0	1022	42	484	
77	115	34	0	426	166	687	0	993	1023	
140	19	23	278	68	30	1014	1020	305	624	
16	401	258	396	95	0	274	1020	750	311	
455	487	138	0	34	334	1023	1020	0	30	
0	30	266	155	0	46	1020	738	1022	244	
244	23	443	395	511	280	503	114	0	1008	
252	511	244	129	469	4	153	980	109	670	
160	30	362	250	83	15	830	271	499	1021	
370	450	99	68	216	137	110	1023	1005	43	
68	130	422	259	68	290	459	0	804	1021	
114	83	0	422	16	348	846	1021	0	671	
68	338	205	182	84	267	583	1021	773	0	 ***
64	385	194	511	71	339	654	682	621	0	
312	282	190	165	70	479	365	1022	636	0	
479	334	30	244	491	87	522	39	274	1021	
417	412	0	0	73	461	1016	122	0	1020	
190	274	278	220	273	130	282	1021	83	770	
267	45	30	42	91	403	503	1022	913	205	
64	278	220	135	321	405	454	1023	621	0	
140	431	465	396	251	331	1007	0	0	500	
286	23	243	443	342	163	997	4	0	1020	
68	187	296	350	128	268	366	835	0	1023	
283	206	151	0	0	166	867	1023	312	513	
152	72	76	150	298	492	30	982	248	1021	
126	227	244	96	480	282	744	1022	38	262	

0	60	0	308	30	251	1007	1020	75	181	
134	343	206	64	295	286	243	1023	338	0	
93	319	212	511	68	23	709	533	464	0	
61	511	23	105	246	473	1006	507	0	0	
34	379	197	212	76	23	521	1022	468	0	
38	38	511	175	0	456	0	746	0	968	
334	441	212	303	68	23	309	1022	220	0	 ***
494	0	366	511	185	121	244	966	45	0	
34	319	197	182	76	68	324	1021	468	243	
124	319	258	182	76	23	1023	459	468	0	
150	60	496	0	274	511	154	1020	206	61	
202	452	109	511	76	342	0	904	336	0	
475	0	120	0	381	0	0	190	1017	749	
152	27	220	433	349	103	19	1021	282	326	
197	64	137	265	150	38	0	1021	297	763	
90	0	343	0	0	137	1021	942	229	170	
34	319	197	243	76	38	373	1023	629	0	
362	258	304	98	347	208	0	332	1023	0	
0	288	305	0	0	130	227	1020	319	643	
293	122	456	152	83	511	1004	84	0	227	
67	319	197	182	106	23	547	1023	468	0	
411	396	120	235	61	156	366	1020	60	107	

15	120	45	459	487	90	1023	410	121	0	
338	0	45	60	0	150	1005	45	105	1022	
135	75	30	90	110	0	0	1022	913	395	
105	274	212	241	90	68	339	1023	403	15	
335	15	90	188	76	165	655	1023	173	50	
151	0	0	196	15	15	379	103	1021	890	
45	30	95	76	105	0	0	394	1022	1003	
45	244	227	181	120	23	339	1022	432	137	
105	319	272	241	60	23	369	1023	99	259	
15	113	15	319	45	118	197	1023	75	850	
75	426	212	165	120	23	369	1023	357	0	
122	90	30	124	304	151	60	1023	60	806	
45	396	182	211	90	23	399	1022	113	289	
60	90	0	45	75	394	1022	30	944	110	
151	109	511	60	15	0	366	994	556	8	
45	274	227	196	150	23	385	1023	447	0	 ***
364	91	90	75	0	105	45	262	716	1022	
60	325	353	60	151	0	137	1023	661	0	
509	150	309	15	54	30	136	1023	319	225	
0	65	98	511	0	0	244	211	644	997	

109	30	8	96	342	60	1012	1023	0	0	
45	0	30	511	45	0	45	700	319	985	
60	274	17	45	121	0	0	1005	1023	135	
45	274	167	166	90	15	366	1023	534	0	 ***
45	304	152	197	90	15	381	1023	473	0	
45	274	152	166	90	45	366	519	1023	0	
180	122	75	259	124	30	1023	0	15	852	
104	15	30	139	0	60	837	1023	472	0	
0	0	30	228	30	105	304	905	1018	60	
511	30	0	274	75	75	610	1015	90	0	
76	30	0	0	90	121	180	259	906	1018	
45	274	182	196	90	23	400	1023	432	15	
91	0	289	120	0	0	950	1019	166	45	
0	45	0	45	165	289	0	892	1023	221	
45	274	30	368	511	15	366	692	379	0	
90	0	45	0	511	456	0	244	333	1001	
0	120	61	60	0	120	274	838	1023	184	
45	274	152	181	90	15	1023	369	531	0	
30	30	350	511	0	30	654	1000	60	15	

323	10	160	166	150	0	1023	332	409	0	
45	274	152	136	90	0	244	1022	443	167	
509	49	124	511	150	65	797	368	0	0	
49	493	45	211	94	0	279	1023	379	0	
511	79	65	64	49	150	0	1021	0	634	
45	244	109	140	511	0	366	621	537	0	
370	166	511	338	212	181	0	204	591	0	
30	308	160	141	105	0	439	367	1023	0	
45	511	167	136	120	0	411	770	413	0	 ***
159	338	94	474	511	199	0	238	0	560	
79	244	157	136	90	0	278	1023	169	397	

179	261	190	181	120	0	440	649	1023	0	
45	30	38	204	152	334	411	1023	806	0	
252	334	160	196	180	1	381	1023	516	0	 ***
45	365	15	361	45	149	32	1023	136	872	
252	289	212	273	180	39	259	1023	516	0	
30	336	152	136	511	45	791	541	501	0	

244	335	168	135	120	138	259	1023	471	0	 ***
267	297	160	211	511	0	289	496	662	0	
349	45	31	45	0	54	1022	1023	324	0	
374	274	53	242	165	1	259	1023	502	0	
252	275	38	511	150	0	473	890	304	0	
252	511	205	151	120	1	259	816	578	0	
274	274	160	90	90	133	259	590	1023	0	
252	16	68	196	135	0	1023	823	380	0	

252	110	190	105	93	49	381	1023	357	0	 ***
0	121	38	105	120	511	598	557	510	0	
324	129	310	511	355	0	155	136	640	0	
0	377	38	60	280	15	264	503	1023	0	
189	173	53	98	0	160	338	1023	0	526	
2	340	38	83	124	23	578	1023	349	0	
410	120	165	0	83	149	0	1023	167	443	
243	0	0	0	0	510	157	593	34	1023	
0	90	30	148	120	15	267	501	1023	366	

0	125	61	139	511	45	381	802	372	0	 ***
0	125	60	105	66	68	381	608	1023	0	
15	110	79	105	105	290	370	1023	339	0	
125	49	50	19	61	15	1023	170	23	901	
271	377	147	511	61	292	34	0	0	743	
90	511	100	0	151	88	771	586	139	0	
65	83	92	325	511	70	280	1010	0	0	
0	110	187	109	75	64	381	1023	98	389	
0	106	45	120	66	72	1023	655	349	0	
0	125	186	511	30	64	381	572	567	0	
203	139	463	511	366	212	151	0	391	0	
0	125	45	109	36	79	1023	639	380	0	
1	125	45	124	60	64	526	1023	98	370	
125	164	95	52	0	511	1022	324	143	0	

9	183	48	66	0	30	65	1023	162	891	
140	9	0	35	95	98	52	1023	74	951	
202	131	18	135	486	30	121	1023	297	34	
148	511	244	105	87	72	698	0	0	612	
61	57	61	183	85	76	51	1023	30	850	
0	110	103	110	511	94	637	570	342	0	
0	133	95	49	56	45	1023	521	555	0	
0	114	70	109	511	81	400	572	620	0	
0	127	61	117	62	182	381	1023	398	126	
47	106	61	254	47	60	404	1023	105	370	
246	119	80	139	511	64	385	576	357	0	 ***
103	262	60	79	505	0	350	95	1023	0	

61	0	434	507	17	511	30	914	30	34	
0	125	183	511	181	171	263	344	760	0	
17	88	131	94	170	151	704	1023	160	0	
30	511	177	122	502	91	34	87	984	0	
158	8	0	510	20	511	205	0	293	833	
124	58	140	124	511	64	262	368	789	98	
511	254	137	231	269	64	321	357	394	0	 ***
36	156	505	19	4	17	197	1023	551	30	
66	83	156	60	511	60	130	0	1023	449	
77	61	61	169	511	90	507	614	448	0	
143	60	4	122	511	64	267	987	128	252	
19	58	61	226	511	272	381	805	98	107	
190	201	25	124	84	87	1023	63	741	0	
8	12	0	85	511	190	90	1017	46	579	
36	15	83	511	34	502	0	1022	81	254	
75	60	511	19	19	0	34	1021	340	459	
55	72	61	216	376	60	1023	423	252	0	
2	511	112	128	79	60	259	689	332	366	
508	8	265	30	164	2	169	369	1023	0	
2	61	243	231	511	60	259	662	357	152	
126	4	126	136	19	34	100	1023	844	126	
62	77	61	64	255	60	381	374	1023	181	
203	0	94	12	0	91	106	17	992	1023	
173	58	121	94	511	120	319	312	98	732	

45	507	160	0	511	160	114	1021	327	144	
489	511	15	75	113	242	193	996	355	0	
80	220	263	361	113	121	597	1023	211	0	
136	186	190	90	187	184	1023	944	0	49	
38	79	0	378	65	87	98	1023	853	368	
511	197	175	152	79	85	184	225	974	407	
127	75	202	186	269	156	784	1023	91	76	
183	19	75	242	15	0	280	956	1023	196	
80	152	510	126	292	504	447	0	0	878	
511	318	239	278	109	68	327	959	180	0	
27	327	0	511	74	167	201	1016	547	119	
511	59	53	15	134	51	640	1004	248	274	
313	265	137	278	234	60	1023	498	181	0	
244	511	75	145	2	121	216	1002	612	61	
437	106	441	511	19	400	145	800	110	20	
191	0	8	94	258	273	1023	0	1020	122	
0	19	136	30	334	123	137	1023	913	274	
511	75	184	509	160	442	38	854	120	96	
511	265	168	495	293	125	89	140	903	0	
34	123	167	76	511	502	171	816	314	275	
21	264	137	338	235	95	325	551	1023	0	
510	169	57	110	319	224	326	1022	109	143	
40	269	261	201	184	60	443	509	1022	0	
511	265	277	216	109	120	321	709	217	244	
511	6	49	198	289	220	151	1010	214	341	
511	254	263	266	248	323	608	275	241	0	 ***
60	226	212	21	34	152	1018	244	1022	0	
511	75	315	164	19	38	1015	531	186	135	
183	80	192	57	79	395	136	705	139	1023	
360	110	137	117	291	0	1023	609	342	0	
511	380	160	331	109	64	443	871	120	0	
57	92	171	408	132	156	1022	203	748	0	
105	206	286	185	216	128	44	1023	0	796	

511	240	271	270	304	79	284	166	90	759	
265	300	267	275	511	361	543	272	180	0	 ***
269	269	282	259	289	79	324	1023	180	0	
243	64	19	312	141	152	205	1021	748	69	
300	300	263	274	259	79	299	177	1023	0	
265	239	263	251	244	147	1023	166	120	256	
217	221	278	511	21	406	166	180	0	974	
511	239	263	263	304	79	299	242	774	0	
0	90	122	374	511	319	412	972	143	31	
265	239	271	251	256	99	329	1023	241	0	
511	47	166	65	207	186	369	1021	266	136	
511	98	114	98	488	15	340	954	200	156	
511	254	263	259	274	79	299	185	850	0	
511	221	413	0	505	84	0	879	23	338	
265	239	282	251	259	106	308	241	1023	0	
265	376	331	129	252	79	94	166	1023	259	
304	239	511	251	259	343	611	276	180	0	
265	239	271	251	319	94	324	1023	188	0	
166	34	510	38	69	4	0	1023	764	366	
511	38	153	435	150	236	264	45	124	1018	
269	235	263	266	244	79	1023	177	98	320	
511	83	213	95	30	400	193	373	198	878	
511	247	263	263	244	79	299	226	842	0	
265	247	248	251	244	511	55	297	200	656	
434	511	0	61	511	0	61	122	319	955	
511	239	263	251	304	94	55	189	812	256	
265	235	222	251	229	139	1023	162	113	335	
509	151	274	0	15	0	719	132	1022	152	
266	239	256	266	252	323	89	260	1023	0	
511	87	274	311	165	209	354	18	70	975	
265	239	297	251	244	94	314	1022	248	0	
511	228	372	208	335	109	34	338	797	42	

15	511	122	0	216	76	160	0	731	921	
0	267	4	19	511	61	1018	90	507	275	
305	91	136	137	511	0	294	0	271	1007	
175	511	258	182	0	510	0	152	0	964	
265	235	214	318	510	106	116	154	834	0	
27	365	25	34	511	0	940	516	137	197	
360	205	218	244	290	166	1023	152	94	0	
0	137	61	427	136	481	366	1023	38	83	
286	507	61	0	141	0	234	1023	364	136	
4	30	122	255	511	411	159	15	1019	226	
267	243	218	275	288	102	92	154	90	1023	
265	205	227	274	322	102	120	214	1023	0	
122	125	114	15	142	15	470	1023	581	145	
0	4	396	0	110	244	226	749	0	1023	
339	4	474	61	79	426	213	1023	35	98	
95	0	113	274	511	149	60	121	431	998	
299	329	511	289	241	102	739	150	92	0	
221	456	141	42	511	84	0	1016	187	94	
76	0	8	60	370	242	635	1022	96	243	
248	76	231	175	511	10	930	488	83	0	
8	402	202	0	511	282	834	376	0	137	
356	215	218	229	237	102	102	120	150	1023	
0	122	152	0	258	432	99	606	1023	60	
122	511	65	0	510	0	213	1020	90	221	
15	73	243	228	139	434	0	598	1022	0	
0	0	252	206	273	94	193	711	0	1023	
76	242	511	4	73	83	157	1014	167	425	
30	61	334	137	511	61	271	1001	146	200	
259	197	327	203	511	317	75	62	767	34	
265	235	322	233	511	102	101	743	240	0	
265	277	218	229	226	117	1023	305	92	0	
352	239	220	229	510	102	784	150	166	0	
273	205	279	244	288	511	644	150	64	94	
182	0	221	72	511	126	301	411	0	928	
344	205	279	229	262	102	94	120	94	1023	
0	137	0	111	511	90	308	130	994	471	
122	98	244	15	198	0	382	1023	38	632	
79	124	395	320	0	249	0	1023	554	8	
121	351	4	19	136	81	0	1022	1018	0	
250	494	19	182	357	78	0	1023	349	0	
259	201	258	233	265	42	91	380	1023	0	
341	167	222	229	228	300	32	120	90	1023	
23	72	243	0	90	278	362	1023	646	15	
269	205	226	290	222	175	147	195	1023	0	
265	295	222	225	511	315	675	150	94	0	 ***

263	280	511	244	345	162	610	150	94	0	
511	0	62	84	450	141	0	246	167	998	
263	295	90	350	511	162	736	150	102	0	
61	8	45	76	511	356	222	989	385	6	
166	4	155	114	511	259	929	141	252	128	
37	75	34	34	511	433	981	105	259	190	
413	511	342	0	60	477	122	0	248	486	
136	397	80	304	504	171	1022	0	45	0	
0	330	75	31	65	276	1022	95	75	690	
388	211	323	12	217	72	1023	0	322	91	
75	235	160	4	511	8	974	185	244	263	
259	272	334	199	511	102	839	75	68	0	
0	308	153	0	511	79	1020	160	0	428	
269	280	92	236	323	162	1023	150	124	0	
263	310	96	206	511	319	94	698	162	0	
0	427	122	30	511	4	210	0	1011	344	
0	511	182	0	505	0	99	235	971	156	
49	151	20	220	511	288	1022	68	330	0	
494	186	511	495	0	0	282	0	134	557	
263	280	98	206	349	162	1023	154	124	0	
4	0	167	121	238	427	155	1022	0	525	
263	280	370	206	511	319	94	150	466	0	
19	242	94	221	327	436	1023	120	177	0	
8	232	155	509	0	511	1006	0	174	64	
263	280	120	214	511	162	90	850	169	0	
0	83	160	487	68	209	1023	62	552	15	
263	280	103	206	511	364	94	150	688	0	
293	250	90	206	315	222	1023	162	98	0	
259	272	80	191	270	102	327	60	1023	75	
4	0	191	0	397	510	1019	350	79	109	
146	183	317	0	511	319	883	149	0	151	
263	280	98	206	383	162	1023	150	94	0	 ***
105	190	335	122	510	49	995	83	23	247	
263	280	96	221	511	162	835	120	94	77	

15	316	282	23	4	160	1022	154	864	0	
209	141	312	0	105	244	1023	90	682	34	
17	206	42	146	75	331	1023	863	0	137	
313	502	441	346	15	0	1022	76	38	87	
293	82	12	221	512	149	350	1022	199	0	
0	42	0	152	305	0	1023	121	921	276	
8	198	27	304	15	189	1023	21	736	319	
45	258	0	68	291	99	1023	692	0	364	
60	91	511	0	137	273	144	0	846	778	
60	30	121	511	138	433	68	75	618	786	
511	61	128	68	0	60	1018	845	149	0	
0	434	305	126	76	60	1022	4	79	734	
404	38	65	23	338	60	1023	703	186	0	
323	60	8	191	277	107	87	700	64	1023	
273	23	61	0	0	23	760	677	1023	0	
511	495	0	349	15	45	1022	0	98	305	
274	8	72	376	0	135	1023	0	916	36	
53	2	196	126	94	60	1022	171	304	812	
252	511	334	90	79	0	1022	499	53	0	
295	60	128	0	0	34	1023	334	77	889	
72	60	319	75	0	511	927	251	625	0	
60	4	0	0	409	23	1022	33	999	290	
510	76	18	251	300	147	1020	120	398	0	 ***
0	244	45	305	304	4	748	0	1023	167	
60	195	42	60	60	511	20	0	1023	869	
511	128	509	0	0	30	1014	388	0	260	
335	128	417	511	0	30	0	932	404	83	
265	76	16	511	367	147	992	60	406	0	

15	60	60	366	506	0	1015	312	0	0	
30	0	30	0	0	0	1022	0	259	993	
30	503	30	289	60	334	1020	0	68	0	
75	442	30	0	0	0	1023	64	274	426	
45	490	8	244	0	0	1023	0	182	342	
504	0	90	259	0	122	1020	0	339	0	
244	38	126	236	266	64	1022	0	338	0	 ***
327	0	0	30	430	394	1023	0	0	130	
0	15	0	507	30	0	1022	0	760	0	
259	130	4	118	298	75	1022	0	428	0	
244	23	4	236	266	201	1022	0	338	0	
15	8	8	114	330	511	687	0	661	0	
0	0	0	0	506	0	1023	0	304	501	
244	27	4	236	262	75	463	0	1023	0	
244	12	4	236	277	197	342	0	1022	0	
0	30	90	510	0	60	1021	0	593	30	
30	105	404	0	0	0	1020	30	304	441	
411	8	4	114	283	75	1022	0	417	0	
120	0	15	0	30	45	1023	949	152	0	
0	0	0	274	0	0	977	1023	60	0	
404	30	15	0	30	60	1020	456	289	30	
90	274	122	438	342	30	15	0	1023	0	
0	60	152	0	60	60	1020	0	982	0	

30	244	167	68	10	60	1023	274	140	903	
335	0	509	15	45	0	0	0	993	1022	
8	4	244	90	0	334	1022	627	98	492	
75	23	0	60	505	31	412	791	0	1022	
282	170	381	45	68	372	1023	244	334	0	
244	105	91	471	0	0	1023	586	260	139	
304	30	366	128	68	488	1020	0	395	120	
433	0	30	0	511	0	147	781	0	1017	
342	305	0	510	507	143	274	838	0	0	
259	0	15	91	457	30	15	304	1022	726	
15	510	0	78	304	0	0	1006	762	244	
244	120	122	350	312	0	1023	414	334	0	 ***
0	319	182	511	30	307	976	0	0	594	
113	364	30	244	8	61	1018	503	304	274	
350	400	304	181	0	0	1023	53	364	244	
17	0	137	342	0	244	1023	664	304	188	
45	15	75	102	0	278	1023	38	978	365	
109	0	0	65	417	0	1017	1022	15	274	
68	60	0	511	105	30	1009	884	252	0	
282	244	259	468	510	313	0	0	843	0	
274	511	222	244	0	0	1015	547	106	0	
289	376	152	0	0	105	422	0	1022	553	
312	60	105	60	0	252	1022	274	743	91	
396	313	259	68	0	0	587	1022	274	0	
289	305	304	105	182	244	1023	0	429	38	
0	30	129	510	0	334	942	0	670	304	
334	15	60	0	102	205	1022	526	140	515	
105	122	503	166	252	15	1023	120	0	613	
0	488	30	0	136	510	158	625	972	0	
61	396	19	68	90	244	984	30	4	1023	
0	34	267	304	79	0	1023	61	132	1019	
320	290	366	289	511	60	681	0	402	0	
373	160	105	0	503	60	1023	53	277	365	
98	488	0	0	509	15	1023	655	131	0	
510	0	308	0	426	0	1006	334	335	0	
334	274	130	68	391	121	1023	244	334	0	
248	105	0	0	15	511	929	302	809	0	
457	244	510	291	0	60	861	0	496	0	
244	289	45	0	409	0	1023	635	274	0	
23	319	396	488	332	90	1023	60	188	0	

42	180	376	312	282	0	0	997	1023	0	
310	8	511	259	0	402	0	930	0	792	
244	120	366	511	297	90	893	357	334	0	
0	511	227	372	312	488	800	0	0	502	
0	139	374	511	244	0	954	388	305	297	
0	282	0	304	120	511	289	0	1021	685	
0	0	259	0	511	0	969	128	548	797	
141	23	319	244	90	350	1023	0	1022	0	
244	180	186	282	274	0	1023	430	593	0	
252	120	122	244	278	90	1023	420	663	0	
0	15	205	0	19	511	350	856	952	304	
0	488	30	0	80	0	1023	921	426	244	
304	158	138	267	488	0	1023	409	425	0	 ***
0	0	511	411	358	0	0	376	763	793	
365	0	0	4	488	0	334	1023	983	15	
304	120	243	252	244	275	1023	447	304	0	
326	23	0	68	503	0	1023	337	932	0	
312	0	293	145	244	0	1023	807	91	297	
289	312	0	60	0	91	1022	670	441	327	

0	488	0	165	0	0	1021	84	958	87	
429	402	499	23	0	429	0	1021	0	0	
305	30	90	0	509	511	1023	335	0	0	
90	244	0	61	0	305	1023	894	126	60	
334	60	244	0	91	60	1020	0	940	54	
60	181	511	51	488	4	785	358	365	0	
72	158	183	77	488	34	1023	403	365	0	 ***
30	511	0	90	30	0	319	793	970	60	
107	511	138	79	488	4	745	366	365	0	
30	83	252	468	189	45	1021	0	212	503	
8	19	305	8	278	327	1023	363	0	472	
282	323	503	0	364	4	1023	69	137	98	
244	487	60	75	252	94	1021	404	166	0	
64	75	0	0	283	16	1023	1014	328	0	
49	244	419	0	4	211	853	0	0	1023	
90	426	106	60	4	244	1023	766	84	0	
120	98	146	79	488	0	1023	91	365	393	
511	0	274	252	0	274	122	1021	0	349	
464	308	130	99	0	135	1023	385	259	0	
259	60	150	404	244	38	1023	428	0	197	
15	488	19	511	509	0	244	0	1001	16	
45	30	60	308	335	8	1021	205	791	0	
30	275	288	61	0	0	1023	522	210	394	
488	355	60	15	154	0	1023	157	461	90	
463	267	202	0	23	0	1023	479	274	72	
121	53	244	395	0	0	1023	0	937	30	
0	0	60	392	305	511	0	0	1017	518	
90	248	8	130	244	4	1023	365	319	372	
488	30	90	503	15	0	639	0	1023	15	
60	417	168	23	274	23	1023	450	365	0	
188	511	138	23	492	0	759	327	365	0	
105	496	0	0	83	136	1023	485	79	396	
465	511	0	486	372	0	0	113	0	856	
244	20	321	0	0	0	1023	454	121	620	
113	60	492	91	0	244	1023	378	60	342	
60	402	142	30	274	30	1023	120	380	342	
0	136	128	0	503	0	0	57	1020	959	
0	244	0	511	304	350	951	323	90	30	
8	274	4	342	0	134	1018	0	1023	0	
83	34	129	51	0	120	1023	99	563	701	

0	91	0	0	15	244	1022	805	123	244	
98	173	305	75	274	34	1023	167	395	0	
60	0	30	211	68	102	1023	61	432	557	
129	113	46	83	274	49	1023	402	425	0	
98	511	91	83	488	34	746	128	365	0	
83	60	53	159	488	60	1023	133	485	0	
135	61	244	0	252	30	1023	648	90	61	
120	0	60	319	0	0	1018	1012	15	0	
165	259	45	91	90	98	1023	712	61	0	
0	364	0	511	61	120	0	1000	488	0	
98	174	61	75	488	34	1023	166	425	0	 ***
0	158	125	30	263	0	1023	167	398	380	
500	90	60	0	364	511	0	0	1019	0	
368	138	15	304	8	53	1022	636	0	0	
68	68	61	425	511	64	846	106	395	0	
75	395	454	0	511	0	1019	0	0	90	
102	38	114	319	305	34	1023	244	365	0	

110	99	83	79	389	34	1022	477	425	0	
109	175	30	60	0	60	1022	772	91	399	
225	91	53	75	488	42	1023	23	459	239	
23	76	17	312	447	226	0	1023	594	0	
95	45	4	394	0	34	1023	489	147	487	
0	113	441	0	470	68	1023	129	399	75	
102	182	53	79	507	61	1023	221	490	0	 ***
90	263	64	0	219	60	1023	60	893	46	
90	76	68	60	500	90	1023	28	459	324	
113	151	205	248	45	99	1023	495	263	76	
121	91	194	75	323	30	1023	156	459	246	
61	350	156	173	425	319	1023	45	106	60	
220	106	60	75	503	96	1023	16	433	186	
511	0	40	0	120	8	914	120	0	1005	
150	80	126	414	0	95	1023	635	105	90	
132	186	72	75	271	278	1021	224	459	0	
121	79	181	8	488	272	1023	546	0	0	
259	121	68	0	19	227	1023	143	550	308	
204	138	75	72	379	0	763	64	0	1023	
60	0	77	0	511	15	798	98	183	976	
98	76	68	83	488	38	1022	204	641	0	
45	90	90	15	511	45	0	939	923	60	
0	23	490	61	0	60	1022	972	60	30	
60	358	312	0	0	260	1023	181	310	214	
27	409	167	91	0	0	0	1022	1002	0	
98	76	198	79	488	76	1022	173	489	19	
334	8	54	90	384	276	1022	128	422	0	

64	308	60	167	121	68	1023	901	16	513	
232	388	45	312	323	289	1022	216	414	0	
150	0	511	244	426	15	1021	90	659	125	
60	244	0	366	76	312	77	931	152	1023	
30	73	68	35	193	448	1023	807	564	0	
61	342	30	456	68	0	1023	364	775	122	
68	8	259	409	354	152	1023	60	783	125	
102	84	244	186	293	349	1023	368	399	193	
227	0	428	0	312	0	711	1023	50	490	
274	0	343	250	236	0	1023	133	854	128	
511	0	90	157	151	398	972	278	684	0	
24	83	503	314	417	158	1023	0	719	0	
456	136	31	0	184	122	1023	30	796	463	
182	482	19	76	30	23	1023	867	68	471	
123	212	267	460	274	267	494	121	1023	0	
471	188	0	366	0	338	1023	406	304	145	
456	120	511	244	151	30	1022	0	65	642	
60	0	45	49	277	489	1023	980	53	265	
368	411	0	15	75	376	0	618	355	1023	
65	0	0	304	109	102	1023	339	861	438	
106	418	45	271	507	45	1022	182	459	186	
159	396	334	130	109	68	1023	274	365	383	
416	8	64	404	278	0	183	1023	0	865	
94	84	46	64	511	304	916	610	612	0	
207	84	282	155	0	190	1023	305	92	903	
102	92	105	64	293	289	1023	626	647	0	 ***
4	259	408	0	0	435	553	1023	225	334	
447	183	0	156	275	511	30	0	762	877	
290	34	270	240	1	244	1023	745	304	90	
45	507	378	69	60	441	1023	147	473	98	
102	19	34	51	420	61	1023	949	488	94	

