#9608.98	23934	29325	0	0	 98 ***
#9630.51	22315	29325	0	0	 95 
#9406.05	25963	29325	0	0	 94 
#9130.19	27168	29325	0	0	 93 
#9023.54	33687	29325	0	0	 93 
#9412.92	25727	29325	0	0	 79 
#9400.53	26246	29325	0	0	 42 
#9030.89	31235	29325	0	0	 35 
#9609	23828	29325	0	0	 33 
#9421.39	25043	29325	0	0	 32 
#8821.78	34447	29325	0	0	 18 
#9043.66	27730	29325	0	0	 7 

10100.6	17912	25246	46	1840	 95 
9494.96	19543	25246	38	855	 95 
9288.02	18740	25246	48	1800	 85 
9486.26	20666	25246	29	582	 73 
9497.3	19510	25246	38	855	 70 
8231.88	22763	25246	52	2453	 66 
10097.4	16512	25246	51	2574	 66 
9484.7	21385	25246	28	549	 65 
9293.81	18910	25246	47	2184	 52 
9298.69	17972	25246	46	2159	 44 
8186.63	18973	25246	58	2285	 43 
9485.81	20703	25246	22	482	 43 ***
9487.05	22133	25246	18	430	 39 
8681.54	17089	25246	49	2577	 21 
8483.97	21541	25246	54	2534	 11 
10089.7	15181	25246	80	2871	 8 
9498.01	19157	25246	41	830	 8 
8888.7	22750	25246	41	1422	 4 
9487.13	16778	25246	68	2599	 3 
10082.9	19943	25246	27	812	 0 

9530.57	20757	26494	11	322	 97 
9543.25	20236	26494	20	528	 94 
9541.92	20609	26494	25	641	 86 
8365.86	23450	26494	72	2757	 85 
9525.9	16114	26494	63	2286	 85 
9326.13	19298	26494	56	1935	 75 
9325.81	21474	26494	10	175	 70 ***
10142.7	19537	26494	29	745	 63 
9542.3	20190	26494	23	545	 61 
10143.2	20217	26494	21	772	 56 
8726.35	20739	26494	67	2378	 55 
9531.52	19517	26494	54	2037	 52 
9048.06	18428	26494	63	2252	 34 
8925.52	19904	26494	29	1357	 31 
9057.61	16809	26494	68	2099	 26 
10142.6	20015	26494	22	537	 9 
9341.9	16799	26494	65	2042	 3 
8460.76	18739	26494	68	2486	 3 
9538.05	15259	26494	34	752	 3 
9531.79	19435	26494	55	1800	 1 

9464.71	16822	29672	27	675	 100 
8405.43	12947	29672	75	2865	 98 
8847.64	16255	29672	56	2211	 97 
9452.85	17224	29672	23	857	 95 
10255	15383	29672	58	2141	 91 
9669.52	15765	29672	55	2390	 91 
9087.39	14306	29672	73	2863	 91 
10267.6	16051	29672	52	2361	 90 
10261.9	13956	29672	68	2747	 88 
10258.9	15207	29672	59	2381	 79 
9655.74	14660	29672	62	2560	 78 
9447.11	17817	29672	18	307	 69 ***
10268.3	14602	29672	61	2397	 67 
10257.3	17565	29672	20	365	 61 
9457.89	16064	29672	57	2313	 59 
10269.7	18023	29672	17	563	 59 
8851.62	15431	29672	62	2594	 58 
10254.4	15494	29672	59	2469	 54 
10254.5	15538	29672	58	2275	 47 
10264.1	17694	29672	18	567	 46 
10257.4	18524	29672	16	261	 42 
10267.4	14866	29672	59	2350	 41 
10260.3	15173	29672	56	2149	 37 
9196.17	14026	29672	64	2433	 36 
9459.96	16345	29672	30	591	 29 
10275.2	14628	29672	60	1976	 23 
9182.45	14773	29672	60	2240	 19 
8107.63	16205	29672	73	2448	 18 
8860.07	16779	29672	54	2383	 16 
8376.63	15758	29672	64	2522	 15 
9459.21	19585	29672	14	223	 14 
10278	15010	29672	57	2437	 12 
9461.12	19410	29672	15	606	 10 
10260	16344	29672	27	797	 9 
9467.05	17163	29672	26	907	 8 
10262.8	14987	29672	58	2385	 7 
9667.02	16208	29672	56	2211	 2 
9075.48	15013	29672	72	2735	 0 

9303.82	9877	29293	45	2160	 100 
8718.72	10435	29293	44	1852	 92 
7652.96	11969	29293	65	2585	 91 
8247.85	11347	29293	63	2531	 91 
7974.1	11957	29293	63	2247	 88 
10123.6	10882	29293	39	867	 88 
7982.91	15672	29293	53	2367	 87 
9315.91	11247	29293	39	913	 86 
9038.35	12260	29293	39	1560	 85 
9307.69	11919	29293	17	155	 83 
10112	11196	29293	41	2089	 70 
9303.94	11097	29293	43	1778	 68 
8143.93	11786	29293	64	2102	 65 
10111.8	10971	29293	43	1754	 56 
9049.99	11724	29293	41	1954	 49 
9512.09	13540	29293	5	155	 48 
7856.69	12630	29293	64	2589	 43 
9509.34	13605	29293	5	155	 42 
9306.62	12335	29293	16	140	 40 
8923.89	10163	29293	65	2523	 37 
8226.09	12804	29293	58	2088	 34 
10118.8	11123	29293	42	1953	 29 
8700.82	12631	29293	6	170	 26 ***
7882.2	13564	29293	62	2388	 17 
8430.41	11488	29293	44	2141	 17 
8246.35	13203	29293	46	1973	 13 
9321.19	11707	29293	35	840	 10 
7644.69	9605	29293	67	2591	 9 

9198.07	12273	27923	20	1080	 100 
8597.45	12441	27923	40	1618	 97 
8621.03	15023	27923	28	1010	 94 
9203.81	13345	27923	17	428	 91 
8402.79	11131	27923	60	2130	 83 
10009.4	14761	27923	9	455	 83 
8607.75	14784	27923	30	1169	 81 
10010.8	13165	27923	11	371	 77 
8945.86	14051	27923	37	1716	 75 
8936.97	14264	27923	38	1588	 72 
9202.06	11621	27923	44	2062	 66 
8606.13	10707	27923	46	1994	 66 
9206.96	11612	27923	44	1911	 62 
9408.15	12876	27923	17	474	 60 ***
8947.95	11622	27923	42	1736	 51 
9413.21	14756	27923	11	592	 42 
10010.2	13530	27923	14	627	 38 
10009.4	15265	27923	8	470	 37 
9408.74	9939	27923	54	1967	 36 
9206.57	11832	27923	40	1578	 36 
9407.09	11140	27923	42	1827	 35 
7169.07	14078	27923	55	2029	 32 
8147.95	11920	27923	54	1991	 18 
8364.04	11545	27923	56	2014	 17 
9209.75	11781	27923	33	1325	 16 
8337.44	11790	27923	45	1933	 15 
10027	11758	27923	38	1382	 15 
8151.51	13823	27923	49	1769	 10 

9243.58	9684	23299	36	1774	 85 
9845.62	11675	23299	6	282	 83 
9034.67	12037	23299	34	790	 80 
9041.31	12000	23299	35	1536	 79 
9045.76	11042	23299	35	1254	 69 
9047.5	12164	23299	33	1644	 62 
9251.45	10964	23299	33	1049	 61 
9254.01	11584	23299	27	958	 59 
9254.2	10724	23299	31	688	 42 
8765.02	11388	23299	37	1539	 38 
9039.28	9588	23299	37	1766	 36 
7587.54	10503	23299	61	2247	 36 
9245.07	11777	23299	7	434	 34 
9253.62	11153	23299	32	1081	 29 
8783.68	11792	23299	36	1616	 16 
9033.86	9784	23299	36	1843	 16 
9846.9	10282	23299	28	1249	 15 
6578.17	11399	23299	60	2261	 11 
7961.7	8622	23299	38	1979	 11 
8773.86	12516	23299	34	1272	 10 
9245.26	11708	23299	6	168	 5 ***
7361.36	11839	23299	51	1976	 2 

9233.04	13804	22329	24	947	 98 
8765.39	10756	22329	48	1994	 90 
9019.64	10148	22329	42	1901	 90 
8161.3	11143	22329	56	2165	 88 
9240.14	13810	22329	15	516	 88 
7834.69	12575	22329	55	2204	 86 
9230.88	10992	22329	38	1802	 83 
9016.05	11078	22329	37	1270	 82 
9234.15	12488	22329	28	1006	 82 
7935.31	12386	22329	53	1928	 80 
9827.37	13079	22329	6	380	 80 
9829.62	12720	22329	9	122	 78 ***
8428.49	12271	22329	48	1861	 77 
8752.34	13008	22329	33	1638	 77 
9024.57	12565	22329	34	1447	 72 
9824.47	10922	22329	32	1011	 70 
8049.01	11757	22329	52	2223	 70 
8753.4	12990	22329	35	1497	 68 
9029.43	12972	22329	31	1482	 68 
9233.2	13359	22329	27	931	 68 
7690.04	13830	22329	57	2181	 66 
8747.69	11236	22329	37	1848	 59 
9232.48	14110	22329	28	1071	 59 
7945.81	11968	22329	55	2032	 53 
7951.42	11768	22329	58	2005	 53 
9234.13	13509	22329	17	602	 53 
9025.82	12742	22329	33	1795	 46 
8644.06	10753	22329	53	2283	 40 
8444.61	11558	22329	52	2248	 38 
9022.6	13321	22329	32	1530	 35 
7826.1	11327	22329	59	2138	 34 
8161.52	12324	22329	51	2119	 30 
8753.85	12065	22329	35	1818	 28 
9826.38	12956	22329	8	216	 25 
9826.3	13043	22329	9	486	 24 
9247.11	12441	22329	17	823	 23 
8745.44	11377	22329	37	1940	 16 
7948.7	12818	22329	49	2066	 16 
8748.14	13235	22329	36	1510	 15 
7165.58	14103	22329	52	2067	 12 
9226.9	12557	22329	30	1615	 10 
9242.82	13347	22329	17	602	 7 
9219.62	11115	22329	32	1605	 3 
8750.2	13374	22329	35	1706	 0 

10119.3	15557	26894	5	369	 99 
7880.11	16100	26894	66	2335	 97 
10114.3	13675	26894	40	1500	 93 
9033.28	13814	26894	42	1867	 83 
10106.6	15801	26894	11	406	 75 
9040.53	13958	26894	31	912	 69 
9525.76	13532	26894	61	2167	 67 
9318.77	13579	26894	63	2060	 61 
9068.05	13187	26894	66	2346	 61 
9033.89	14269	26894	16	316	 60 ***
10108.7	13587	26894	42	1770	 57 
9302.04	13589	26894	58	2048	 54 
10123.1	13501	26894	56	1916	 51 
10131.6	13260	26894	63	1869	 51 
8699.68	14016	26894	59	1829	 51 
10108.5	14729	26894	13	841	 49 
10113	15076	26894	8	658	 48 
8239.54	16032	26894	46	1922	 41 
8512.07	14547	26894	62	2274	 37 
10113.4	13771	26894	27	836	 30 

8825.79	11541	24404	15	535	 86 
9911.28	11185	24404	45	1833	 78 
7770.58	14544	24404	63	2502	 56 
8834.58	11474	24404	61	2177	 54 
8829.35	11536	24404	9	301	 52 ***
9102.47	11410	24404	59	2481	 35 
8288.46	12094	24404	55	2104	 34 
9907.52	10662	24404	65	2239	 33 
8127.47	13123	24404	67	2308	 24 
8239.19	11838	24404	62	2559	 17 
8245.06	12704	24404	50	2300	 2 
8041.89	13453	24404	60	2302	 0 

9058.12	13307	24831	11	886	 95 
8783.26	13240	24831	48	1902	 94 
8461.96	12713	24831	63	1994	 92 
8788.14	13381	24831	17	902	 89 
9867.29	12682	24831	36	1508	 84 
8786.58	13236	24831	18	872	 82 
7976.15	13617	24831	14	882	 78 
9871.12	12707	24831	35	1298	 73 
8789.13	13783	24831	13	883	 67 
8790.56	13457	24831	16	880	 61 
9868.8	12514	24831	39	1568	 60 
9862.67	12549	24831	44	1805	 57 
7998.69	13334	24831	29	915	 55 
8794.03	12911	24831	21	871	 51 
9867.62	12454	24831	46	1737	 46 
8815.45	12808	24831	27	932	 45 
9068.63	12293	24831	61	1899	 37 
9872.62	13229	24831	5	583	 31 ***
9878.46	12124	24831	34	1596	 25 
8656.58	13028	24831	50	1891	 24 
9863.34	12728	24831	36	1253	 17 
8792.11	12544	24831	63	1968	 12 
7983.77	13528	24831	27	1174	 12 
9870.33	12424	24831	37	1591	 11 
9867.29	12801	24831	14	857	 6 
9904.93	11762	24831	65	2013	 4 
9864.14	12028	24831	56	1973	 1 

9836.25	13928	23425	37	1672	 94 
9838.21	11687	23425	44	1691	 86 
9838.72	13734	23425	39	1641	 75 
9031.61	12597	23425	41	1696	 63 
8154.79	14027	23425	60	1865	 61 
9840.33	13352	23425	38	1649	 54 
9850.64	12912	23425	13	506	 52 
7957.56	14330	23425	42	1396	 51 
7960.42	11684	23425	63	2065	 40 
9843.48	14181	23425	3	278	 40 
9844.22	13439	23425	37	1498	 37 
9844.06	13618	23425	3	278	 30 ***
9848.82	13400	23425	17	1088	 29 
8754.47	13466	23425	46	1682	 26 
8666.95	13963	23425	61	2156	 24 
8763.7	13675	23425	44	1595	 21 
9842.44	14927	23425	8	79	 17 
9035.84	14301	23425	40	1654	 14 
9835.91	13946	23425	37	1382	 13 
9830.45	12611	23425	40	1533	 7 
9831.93	13995	23425	36	1078	 3 

8755.95	16858	23944	46	1510	 100 
8168.12	16588	23944	54	1507	 100 
9842.56	16324	23944	8	89	 100 
9845.89	17041	23944	3	247	 97 
8755.09	17141	23944	48	1598	 94 
9060.69	15688	23944	67	2213	 93 
8770.03	14958	23944	71	2270	 91 
9241.13	15582	23944	63	1652	 85 
7949.08	17173	23944	46	1823	 83 
9034.75	15285	23944	70	1929	 80 
9061.49	15921	23944	65	1915	 79 
9845.06	16766	23944	4	17	 79 
9829.05	15235	23944	46	1802	 71 
9835.55	14768	23944	63	1609	 65 
9234	14672	23944	66	1849	 62 
9843.55	16825	23944	4	70	 53 
9840.17	15112	23944	45	1505	 51 
9231.93	16219	23944	48	1747	 51 
9834.47	16645	23944	41	1566	 44 
9239.36	15884	23944	44	1314	 38 
9845.27	15386	23944	6	300	 35 ***
8159.3	16941	23944	66	1940	 28 
8767.29	16793	23944	51	1644	 27 
9836.32	15473	23944	11	484	 27 
7595.09	17962	23944	73	2356	 24 
9834.59	17016	23944	39	898	 20 
9845.74	16502	23944	4	297	 18 
9828.98	15638	23944	45	1579	 17 
8790.96	16035	23944	67	1807	 15 
8664.54	16050	23944	72	2291	 15 
8774.02	16430	23944	43	1409	 8 
8767.38	16237	23944	44	1471	 8 
9056.65	16108	23944	65	2013	 7 
8070.12	16411	23944	69	2041	 1 
9259.1	15457	23944	56	1728	 1 
9832.23	17060	23944	41	1397	 0 

9421.03	11557	25835	69	1874	 99 
8937.7	16039	25835	44	1266	 98 
10022.4	12672	25835	43	1300	 95 
10036.1	14792	25835	21	450	 87 
9203.97	15197	25835	47	1551	 86 
10016.1	14392	25835	41	1422	 77 
8935.33	16850	25835	50	1618	 77 
8930.2	16665	25835	56	1548	 75 
9423.35	14149	25835	47	1565	 73 
10016.2	12870	25835	44	1607	 73 
10014.1	13525	25835	43	1479	 67 
8846.62	17172	25835	63	1338	 65 
10010.4	15340	25835	6	427	 64 ***
8951.82	16967	25835	42	1144	 63 
8844.95	15645	25835	68	1866	 56 
8828.78	15955	25835	67	1812	 50 
8827.56	16181	25835	68	1885	 39 
8836.45	14716	25835	69	1874	 37 
8944.03	15513	25835	43	976	 33 
10029.8	14890	25835	39	1495	 21 
8166.35	16804	25835	64	1484	 16 
9409.47	14494	25835	42	1442	 13 
8938.25	12615	25835	49	1153	 7 
9414.19	12021	25835	65	1475	 5 
10024.5	14361	25835	42	1596	 2 
8819.99	16185	25835	64	1389	 1 

9544.46	16570	27228	52	1959	 97 
9082.39	16798	27228	51	1909	 93 
9547.4	16858	27228	48	1814	 92 
9547.33	13797	27228	64	1928	 92 
10155.7	16232	27228	44	1575	 91 
9341.97	16245	27228	55	1879	 87 
10148.7	16191	27228	46	1554	 85 
9335.8	18018	27228	45	1414	 85 
9548.38	14492	27228	52	1688	 75 
8999.77	17375	27228	69	1994	 75 
9074.74	17836	27228	63	2121	 74 
9075.38	17740	27228	61	1794	 66 
9548.44	12912	27228	67	1949	 65 
9335.86	14860	27228	63	1848	 65 
9075.51	15922	27228	57	1729	 65 
9545.02	16618	27228	49	1636	 63 
10140.9	17463	27228	5	341	 60 ***
9081.11	17978	27228	53	1640	 45 
8992.14	16721	27228	70	1964	 44 
10149.9	16350	27228	18	1014	 44 
8985.2	18203	27228	65	1980	 43 
8982.54	18704	27228	64	1933	 41 
9079.21	18336	27228	48	1596	 26 
8971.61	17952	27228	66	1958	 21 
9555.25	18214	27228	43	1194	 15 
10151.6	15448	27228	47	1561	 15 
8967.83	18466	27228	66	2129	 14 
10157	13563	27228	54	1640	 14 
10151.2	17947	27228	4	96	 13 
10144.4	16287	27228	32	791	 9 
10152.6	12654	27228	62	1821	 2 
10138	17014	27228	17	744	 2 
10145.8	18280	27228	4	99	 1 

9110.71	15550	26361	73	2539	 96 
8968.83	17231	26361	68	2229	 94 
10149.7	18311	26361	4	36	 90 
9368.8	16125	26361	62	1875	 87 
10165.8	17268	26361	47	2169	 80 
10147	13726	26361	49	2335	 80 
9555.26	17702	26361	51	1968	 71 
9359.81	13629	26361	63	2295	 67 
10153.9	13485	26361	51	2109	 54 
9078.42	18632	26361	66	2412	 54 
9352.79	17405	26361	63	2261	 51 
10152.2	18597	26361	2	10	 50 
9100.39	17632	26361	67	2551	 48 
9359.21	17425	26361	54	2481	 48 
10176.1	12542	26361	74	2750	 37 
8974.2	16438	26361	71	2263	 18 
9084.5	17635	26361	56	2192	 18 
9111	17487	26361	62	2393	 14 
9352.99	17246	26361	58	2384	 13 
10151.1	17913	26361	3	254	 13 ***
8507.22	16816	26361	73	2502	 9 
9347.51	13950	26361	68	2391	 7 

9292.9	17326	28254	20	484	 100 
9278.28	16796	28254	21	795	 99 
10079.1	16593	28254	19	599	 93 
9005.19	12451	28254	48	2124	 90 
8213.84	13004	28254	57	2141	 89 
7955.52	13637	28254	59	2029	 89 
10097.8	16267	28254	33	1043	 88 
8467.94	12690	28254	50	2078	 87 
9277.7	12713	28254	43	1744	 87 
9480.2	12631	28254	45	1886	 87 
9287.13	16690	28254	22	642	 83 
9019.17	11299	28254	47	1943	 82 
9297.51	16388	28254	21	582	 82 
10081.2	17129	28254	9	212	 80 
8198.17	13245	28254	51	1975	 76 
9275.89	16308	28254	24	873	 73 
10093.1	13847	28254	41	2000	 57 
10080.9	12372	28254	44	1758	 55 
8689.74	11364	28254	69	2388	 55 
7284.97	12376	28254	66	2244	 55 
10074.1	12497	28254	44	1949	 55 
9495.21	12683	28254	44	1991	 53 
10082.2	12853	28254	42	1836	 51 
7883.13	14367	28254	60	2228	 41 
10082.2	16656	28254	6	144	 36 ***
10081.2	17265	28254	7	152	 35 
8462.47	13597	28254	48	2041	 19 
8200.88	11898	28254	66	2044	 17 
8420.88	12305	28254	57	2058	 9 
9270.81	12962	28254	46	2046	 9 
10085	16513	28254	11	441	 8 
9297.97	17153	28254	20	781	 7 
8676.29	13276	28254	42	1714	 0 
9280.86	17411	28254	20	837	 0 

10068.3	16098	27773	21	791	 94 
8986.92	12686	27773	47	2070	 86 
9464.11	16132	27773	28	538	 86 
9464.29	15971	27773	25	660	 79 
9285.43	11848	27773	72	2382	 78 
7820.62	14004	27773	73	2363	 76 
10069.5	15177	27773	23	647	 76 
8984.48	13463	27773	50	2198	 75 
10077.1	13063	27773	45	1955	 73 
8653.91	12832	27773	56	2042	 70 
8071.28	13037	27773	76	2309	 70 
8985.21	12671	27773	53	1934	 69 
9466.78	12350	27773	46	2030	 68 
10069.4	15954	27773	22	577	 67 
10085.5	11971	27773	71	2271	 64 
8870.89	11627	27773	73	2234	 62 
8083.05	12853	27773	72	2373	 56 
8862.93	13130	27773	54	1719	 56 
7838.19	13510	27773	71	2340	 53 
10089.4	11948	27773	67	2302	 52 
8189.66	13553	27773	58	1982	 50 
8986.14	12886	27773	51	2158	 50 
8460.62	13248	27773	55	2075	 47 
10073.2	15051	27773	27	951	 47 
9466.55	15859	27773	30	1015	 41 
10063	16145	27773	6	100	 32 ***
9468.63	15585	27773	23	924	 31 
10076.6	12082	27773	66	1734	 26 
8197.07	12798	27773	71	2111	 26 
10068.9	15956	27773	22	769	 19 
7920.14	13733	27773	52	2142	 9 
10069.2	15368	27773	23	936	 7 
9254.02	13519	27773	45	1999	 2 
7824.68	13846	27773	73	2484	 1 
8198.45	12094	27773	58	1914	 1 
10081.7	15987	27773	21	844	 1 

10012.5	12934	24667	12	641	 96 
9230.46	8967	24667	61	2025	 87 
10016.4	12917	24667	18	600	 86 
10018.9	12626	24667	13	466	 79 
10033.8	8508	24667	67	2137	 76 
9414.95	12790	24667	24	943	 71 
8393.58	11462	24667	47	1707	 67 
6816.66	10650	24667	63	2009	 63 
7526.84	11988	24667	61	1967	 55 
10026.1	12684	24667	12	237	 54 ***
10016.3	12678	24667	19	884	 52 
8599.71	9175	24667	43	1557	 50 
10019	12466	24667	13	449	 43 
7550.99	9199	24667	54	1666	 42 
10024.5	12439	24667	20	886	 23 
9208.17	10435	24667	41	1519	 18 
10036.3	8892	24667	66	2107	 18 
9223.3	13301	24667	20	916	 6 
8132.42	10491	24667	52	1876	 3 

8412.25	8424	20742	30	575	 99 ***
5602.9	7861	20742	52	1795	 98 
8411.48	9084	20742	26	463	 96 
6116.6	7339	20742	43	1898	 92 
8199.54	6063	20742	47	1862	 80 
9230.33	8065	20742	34	911	 73 
7124.84	7051	20742	46	1850	 72 
8411.04	8360	20742	31	550	 63 
8404.73	10044	20742	42	1666	 62 
7323.75	5317	20742	53	1789	 61 
8421.01	7993	20742	38	855	 59 
8422.14	8264	20742	29	785	 57 
7604.39	6953	20742	46	1658	 56 
6528.36	6828	20742	49	1978	 52 
6511.1	6868	20742	47	1933	 52 
9003.11	6912	20742	46	1888	 52 
9005.39	6869	20742	42	1621	 46 
6264.72	7010	20742	51	1741	 41 
4124.22	5878	20742	55	1896	 31 
8409.38	7301	20742	45	1879	 31 
6508.7	7219	20742	49	1963	 30 
6722.59	6287	20742	49	1630	 22 
9231.85	8263	20742	30	789	 0 

8160.89	10686	22469	27	636	 96 
9446.49	11139	22469	22	658	 93 
9432.25	7766	22469	39	1260	 92 
6844.28	9766	22469	48	1682	 91 
7087.8	10414	22469	40	1506	 84 
8999.87	9851	22469	34	804	 82 
8624.48	8715	22469	38	1382	 79 
8386.62	10106	22469	31	716	 76 
7457.14	8936	22469	46	1541	 75 
7376.54	9763	22469	48	1508	 66 
8637.87	8548	22469	44	1390	 55 
8372.94	8488	22469	47	1275	 48 
7344.2	10008	22469	44	1658	 47 
7573.51	9912	22469	33	722	 45 
8646.31	8583	22469	43	1598	 42 
8380.9	9186	22469	35	1024	 41 
6845.05	8875	22469	57	1749	 37 
7752.16	9553	22469	44	1612	 35 
8632.28	9914	22469	25	610	 34 ***
8156.62	9068	22469	39	1345	 34 
6487.75	10095	22469	56	1509	 30 
6690.29	8715	22469	59	1890	 28 
7453.21	9696	22469	44	1400	 28 
7294.48	9223	22469	53	1748	 26 
9446.27	9451	22469	34	1071	 22 
7897.32	9705	22469	43	1614	 22 
9250.43	9634	22469	33	786	 21 
8188.14	9271	22469	37	1047	 16 
8374.3	8673	22469	42	1569	 15 
7563.2	9860	22469	40	1330	 11 
8364.32	10258	22469	27	606	 5 
7555.36	10646	22469	39	1382	 2 
7316.81	7698	22469	49	1387	 2 
7079.47	11112	22469	41	1491	 1 
8968.49	7966	22469	35	1224	 1 
8141.68	9663	22469	38	1484	 0 

7895.64	10173	22941	43	2212	 99 
7940.3	10499	22941	38	1701	 89 
7934.76	11622	22941	36	574	 89 
8522.06	11884	22941	17	291	 88 
7989.73	10043	22941	36	1708	 84 
8277.96	9425	22941	38	1825	 83 
7881.07	11603	22941	42	2154	 80 
7882.74	10863	22941	40	1585	 79 
8730.25	9509	22941	36	1943	 78 
7099.39	12124	22941	48	2121	 76 
8725.64	10682	22941	17	409	 71 
7384.23	9970	22941	50	2014	 70 
7884.13	10175	22941	44	2257	 70 
7470.34	11597	22941	47	1927	 65 
8517.36	9185	22941	41	1972	 64 
7923.53	10078	22941	40	1761	 60 
9537.37	9725	22941	26	1915	 54 
9066.88	9487	22941	32	1536	 48 
8147.79	10825	22941	28	609	 48 
10154.1	8988	22941	41	2208	 31 
8552.31	10536	22941	27	616	 28 
8523.43	11029	22941	8	102	 12 ***
8473.29	9043	22941	51	2304	 10 
7893.59	10486	22941	43	2203	 8 

10079.2	11324	21496	13	177	 95 
8187.42	8654	21496	37	2034	 93 
8685.61	8316	21496	50	1948	 87 
8453.9	10584	21496	16	247	 82 ***
6988.05	8769	21496	33	1736	 78 
8396.5	11498	21496	31	1365	 78 
8455.24	11683	21496	13	175	 75 
8681.93	7976	21496	62	2520	 71 
9267.96	11442	21496	13	173	 69 
9266.74	11517	21496	11	139	 65 
8095.57	8350	21496	64	2491	 64 
9473.95	10201	21496	28	1633	 61 
5151.96	9063	21496	63	2430	 49 
6515.13	9089	21496	47	1666	 44 
9262.9	11534	21496	15	211	 38 
6409.98	9076	21496	54	2091	 18 
7482.33	8388	21496	51	2286	 18 
9480.19	9060	21496	29	560	 17 
9272.08	9446	21496	30	672	 11 
8070.69	8624	21496	40	2006	 6 

8300.53	7486	21882	58	1988	 92 
6622.75	9828	21882	37	1603	 91 
7497.56	7943	21882	54	2080	 88 
7508.4	11602	21882	28	1330	 81 
9181.93	10005	21882	25	1287	 81 
8215.76	6950	21882	61	2263	 69 
5713.94	9931	21882	59	2151	 68 
6902.06	8003	21882	30	1582	 49 
8117.29	11285	21882	26	1396	 49 
6434.44	9977	21882	37	1567	 44 
9994.29	12038	21882	8	157	 38 
8307.48	9366	21882	27	1274	 36 
8101.48	11432	21882	27	1303	 36 
6331.22	8691	21882	60	2210	 36 
6187.41	9879	21882	61	2241	 35 
8367.83	11674	21882	25	1161	 29 
6708.57	7895	21882	61	2263	 26 
7239.1	7619	21882	55	1821	 22 
9998	11865	21882	8	157	 22 
8374.31	11608	21882	9	194	 21 ***
8107.66	11229	21882	27	1347	 12 
9184.25	11041	21882	11	226	 4 
9176.8	10095	21882	26	1278	 0 

7653.09	12102	24549	57	2223	 100 
8262.48	12296	24549	38	904	 100 
8277.17	13899	24549	31	587	 99 
9540.45	12422	24549	13	201	 94 
10140	12550	24549	9	167	 91 
8522.94	12969	24549	11	154	 86 
9353.37	11093	24549	59	2185	 79 
8460.63	11568	24549	15	276	 76 ***
9056.03	11152	24549	57	2057	 75 
7861.57	11276	24549	53	2081	 68 
7288	12276	24549	57	1979	 65 
8261.27	13901	24549	32	1527	 61 
8005.17	14179	24549	52	1580	 56 
6461.79	12638	24549	58	2254	 36 
9058.25	11451	24549	37	1625	 27 
8732.4	12516	24549	10	186	 18 
7393.57	11052	24549	60	2246	 10 
8255.7	12389	24549	36	1610	 5 
9062.27	11423	24549	34	1733	 4 
8968.66	11122	24549	59	2357	 1 

8378.43	9998	25922	53	1865	 94 
8365.18	11491	25922	54	1776	 93 
9186.93	10088	25922	28	500	 93 
8372.24	11845	25922	35	1901	 92 
9472.9	9442	25922	37	1577	 87 
7488.71	11624	25922	65	2439	 86 
9177.78	10401	25922	7	350	 86 
9451.91	9614	25922	37	1564	 83 
7393.87	11940	25922	66	2434	 80 
8577.77	9909	25922	29	762	 80 
9438.34	9677	25922	40	1535	 79 
8370.83	11271	25922	41	1793	 73 
8572.64	10188	25922	8	364	 73 ***
8376.31	9926	25922	63	2454	 70 
8287.74	9960	25922	68	2499	 70 
8377.22	10696	25922	57	2101	 66 
9177.04	10498	25922	7	328	 59 
10263.6	9646	25922	36	1414	 58 
8016.17	12707	25922	56	1986	 46 
8275.33	11404	25922	56	1994	 46 
9202.05	9502	25922	59	2057	 39 
10249.5	9415	25922	45	2028	 36 
8250.5	10379	25922	60	2403	 27 
8380.33	10762	25922	42	1790	 27 
8585.16	10633	25922	7	94	 26 
7657.17	10539	25922	58	2302	 18 
8467.41	9814	25922	67	2495	 5 
9656.16	9169	25922	46	1745	 5 
8045.86	11659	25922	41	1716	 5 

