#447	114	46	152	197	369	364	1018	0	1023	 ***
#23	214	0	506	0	248	524	769	1023	423	
#500	274	255	290	156	511	65	984	17	678	
#264	0	122	366	60	492	244	1023	141	1018	

510	511	434	4	0	335	319	1011	0	263	
451	106	46	152	187	397	244	507	274	1023	
451	136	46	152	182	381	260	507	249	1023	
483	510	243	236	20	323	0	549	1023	0	
305	121	46	152	438	366	181	755	0	1023	
301	0	303	382	0	265	1023	183	336	594	
428	106	42	156	201	488	196	747	0	1023	 ***
457	429	0	126	0	42	830	399	81	1023	
373	79	145	28	271	130	441	576	321	1023	
355	36	0	345	15	0	362	1023	278	973	
435	106	46	274	182	378	181	503	259	1023	

84	486	324	278	407	267	319	1023	263	0	
487	106	49	154	453	244	357	579	0	1022	
436	297	289	209	395	471	167	164	1023	0	
442	136	34	146	201	244	365	861	0	1022	
446	0	227	81	511	72	0	958	400	756	
158	57	244	343	352	430	458	386	1023	0	
427	121	30	158	201	304	441	747	0	1022	 ***
130	50	57	284	130	331	483	1023	963	0	
130	15	145	284	108	125	958	0	663	1023	
176	305	72	392	438	121	1023	557	367	0	
414	73	16	409	314	429	1023	427	346	0	
427	196	34	146	445	244	364	511	61	1023	
201	508	94	166	244	87	926	1023	202	0	

196	161	263	270	319	130	933	1021	106	122	
309	121	30	276	79	212	878	593	0	1023	
511	38	0	267	46	227	955	442	335	700	
402	136	244	69	0	492	922	0	235	1021	
456	121	152	154	197	441	1023	732	0	245	
289	511	329	46	482	381	0	846	0	637	
427	247	60	188	79	242	319	625	312	1022	
427	121	152	221	139	182	60	1006	1021	192	
350	495	91	156	183	60	145	887	132	1022	
19	248	91	323	150	238	340	694	395	1023	
361	323	23	244	244	120	471	343	1022	370	
0	0	79	282	8	380	1021	122	1006	623	
290	60	45	511	415	30	34	259	929	948	
480	395	453	502	297	38	1021	0	335	0	
427	0	128	213	0	38	1021	319	987	388	
305	343	134	495	312	121	49	649	90	1023	
60	53	155	304	167	0	1017	1023	742	0	
427	197	30	154	287	182	308	915	0	1021	 ***

98	91	188	0	0	114	1020	503	918	0	
411	312	30	91	487	114	141	68	257	1021	
511	465	141	201	38	234	336	0	0	1006	
60	465	510	150	30	430	107	8	151	1021	
181	464	137	511	15	0	0	623	0	1001	
72	0	75	287	182	309	99	106	781	1021	
61	30	62	150	475	0	797	0	334	1023	
282	263	197	107	148	30	139	745	0	1021	
23	94	458	125	84	79	90	167	791	1021	
244	152	30	24	272	212	487	488	0	1023	
30	309	221	0	236	197	739	177	0	1023	
12	106	304	288	110	304	308	256	221	1023	
60	259	68	0	139	122	228	930	106	1020	
183	167	30	24	272	182	368	305	380	1021	
286	90	181	60	152	0	943	191	8	1021	
457	114	38	72	281	224	0	252	471	1023	
120	0	4	227	275	0	0	304	979	1023	
76	195	358	4	0	0	1006	1023	0	270	
183	167	30	84	333	182	444	488	0	1021	 ***
267	15	273	38	135	65	201	842	76	1020	

349	0	272	57	155	0	1023	0	854	60	
335	60	0	76	511	212	603	593	0	380	
0	114	410	0	124	75	745	113	167	1022	
30	105	398	235	75	0	0	0	1021	906	
120	150	0	106	409	90	0	79	793	1023	
91	60	31	106	332	75	534	518	0	1023	
120	211	0	511	333	212	323	488	0	572	
45	60	60	121	303	182	323	653	0	1023	 ***
150	278	61	60	106	0	867	135	90	1023	
109	0	76	60	211	30	121	784	357	1022	
0	38	135	185	75	388	858	0	68	1023	
91	45	90	136	348	182	368	488	0	1022	
34	448	151	30	0	0	75	845	165	1022	
105	45	511	170	45	364	1015	411	104	0	
95	274	8	479	150	511	0	0	332	921	
90	511	90	60	135	364	0	503	0	1017	
75	341	163	511	135	259	0	0	265	1021	
45	105	45	181	211	182	323	655	0	1023	
0	196	106	132	128	38	761	0	387	1022	
175	46	165	0	199	105	0	358	699	1023	
45	30	0	256	211	227	445	1023	0	533	
184	30	61	75	45	60	913	1022	380	0	
75	106	75	94	136	30	105	319	807	1023	

45	30	511	123	121	122	411	653	0	664	
304	60	75	156	0	49	0	891	122	1023	
45	30	62	113	91	122	415	409	1023	370	
75	90	15	289	274	60	0	126	728	1023	
334	511	0	181	45	15	533	123	0	938	
72	83	40	0	248	195	258	0	1023	761	
304	90	91	511	60	90	1018	45	0	471	
45	30	30	128	91	122	293	531	1023	387	
289	15	30	364	91	15	445	1023	0	408	
511	0	45	165	197	15	895	304	548	0	
45	30	30	106	151	137	502	657	0	1022	
75	30	0	145	91	122	1023	409	415	370	
45	75	30	100	213	127	1023	653	0	414	
30	15	511	105	0	305	1015	0	669	30	
511	30	60	120	396	76	987	75	425	0	
45	30	30	106	91	122	289	441	503	1023	
264	394	30	165	511	411	570	0	0	335	
30	38	75	45	75	334	967	78	15	1023	
170	0	335	60	38	30	1023	90	15	919	
45	148	34	205	0	113	343	769	1023	0	
45	30	60	106	136	122	506	653	0	1022	 ***
45	511	30	90	121	122	441	653	0	667	
45	30	30	113	91	122	445	415	1023	366	
0	0	60	98	45	120	861	307	166	1023	
45	30	30	100	91	122	445	428	1023	366	
350	152	364	224	102	51	0	0	414	1023	
30	151	349	380	45	511	0	349	865	0	
180	105	75	76	289	0	827	1023	0	105	
45	75	278	511	243	0	323	313	0	892	
0	30	180	396	0	60	0	997	1017	0	
511	30	244	120	45	15	716	0	15	984	
38	0	350	112	0	121	60	946	30	1023	
45	511	30	113	91	124	415	653	0	698	

109	45	45	90	106	122	609	424	0	1023	
60	20	30	102	106	122	412	439	259	1023	
0	444	89	151	60	30	111	665	0	1023	
60	23	61	120	107	122	404	653	0	1023	 ***
90	19	60	90	103	122	385	683	0	1021	
45	511	0	120	121	171	381	653	0	571	
79	8	274	64	0	196	0	839	1023	90	
511	289	60	124	64	30	0	474	1021	0	
139	90	30	15	511	0	0	692	79	1017	
68	15	30	94	80	141	655	469	0	1021	
30	0	170	112	368	53	0	197	620	1023	
45	35	54	90	106	152	625	443	0	1023	

23	511	60	120	76	75	500	668	0	1010	 ***
45	45	68	135	90	152	643	561	282	1022	
75	64	60	120	266	145	1023	661	0	629	
216	105	0	458	197	357	0	502	185	1023	
15	502	75	102	341	75	105	805	1023	0	
45	27	150	98	282	122	460	836	0	1023	
15	53	61	374	145	122	263	409	578	1023	
90	45	60	128	76	171	914	1023	0	536	
19	0	125	511	0	45	817	471	972	83	
510	0	410	68	303	102	1023	293	0	334	
424	43	68	274	229	0	1023	0	850	132	
45	0	410	230	0	68	1023	114	943	210	
398	27	257	0	222	91	456	1023	0	569	
304	511	56	120	106	0	402	526	0	1018	
113	0	475	511	0	335	597	235	663	114	
75	160	90	220	511	137	488	653	0	709	
45	27	61	165	511	350	248	638	0	998	
23	19	143	120	228	122	248	683	434	1023	
45	27	83	364	228	511	522	554	0	709	
83	400	90	136	76	152	537	1023	0	546	

17	511	134	166	428	84	278	934	341	0	
23	511	163	120	61	15	587	826	0	587	
201	367	172	90	0	5	0	1023	876	159	
34	83	19	156	167	179	883	304	45	1023	
4	245	254	38	0	62	552	715	1023	0	
0	94	106	193	304	349	0	551	273	1023	
106	151	210	0	259	196	267	472	1023	209	
84	282	60	120	76	23	587	638	0	1023	 ***
245	64	193	98	268	178	341	201	1023	282	
23	511	83	150	0	434	618	364	0	710	
110	364	34	357	252	0	1023	195	316	242	
366	60	12	510	0	0	242	632	49	1022	
23	282	60	181	76	15	626	1023	152	455	
38	282	60	150	61	15	1023	670	0	594	
23	271	121	120	76	30	820	410	0	1022	

114	53	60	98	110	221	275	608	0	1021	 ***
76	70	60	90	106	15	397	597	126	1023	
315	151	139	80	341	344	0	0	167	1023	
511	0	8	33	68	167	1023	0	76	674	
60	69	72	506	15	89	154	573	0	1022	
92	27	197	128	61	17	648	368	0	1022	
92	38	90	105	198	15	602	398	0	1022	
178	0	0	325	45	143	228	448	170	1023	
30	403	68	188	205	0	1023	0	245	398	
64	511	66	91	127	269	786	319	327	0	
365	20	0	68	0	121	1023	42	739	182	
74	0	61	162	444	511	45	0	258	1005	

125	511	34	106	64	0	163	416	0	1017	
118	23	511	117	57	152	385	334	0	739	
144	23	60	102	34	152	412	1023	15	471	
122	8	0	19	508	184	422	150	0	1023	
230	49	0	15	511	15	60	1011	275	270	
57	75	27	0	177	4	811	211	51	1023	
69	169	75	36	213	511	0	734	629	0	
137	23	75	235	57	167	385	334	0	1023	 ***
99	0	57	42	192	23	910	0	90	1023	

204	83	59	98	113	213	327	357	1023	0	
259	38	75	113	61	190	381	338	0	1022	 ***
0	54	108	0	57	499	86	463	1023	187	
50	32	139	166	511	29	284	368	898	0	
152	42	75	99	183	184	385	334	0	1023	
166	334	138	49	147	115	452	1023	53	0	
118	23	75	244	63	152	396	383	0	1023	
100	117	334	69	70	8	346	410	1023	0	
384	132	108	83	57	25	1023	224	441	0	
15	109	62	101	61	80	258	768	0	1023	
394	511	143	46	30	39	395	730	189	0	
155	88	53	351	511	184	258	117	760	0	
114	15	75	231	72	186	263	338	160	1023	

87	23	212	147	115	48	460	1023	0	423	
93	146	197	114	38	42	259	136	490	1023	
268	113	197	128	130	55	526	98	0	1023	 ***
49	30	205	30	90	182	846	0	83	1023	
17	0	141	60	0	15	141	1023	989	152	
511	137	109	53	164	38	384	372	111	659	
0	7	34	511	110	37	977	404	0	458	
124	38	75	254	53	164	319	392	96	1023	
132	23	90	53	57	68	523	429	140	1023	
22	27	45	511	27	462	242	61	145	996	
511	70	75	113	102	102	383	392	0	790	
120	0	206	0	55	17	76	160	881	1023	
76	23	77	272	42	63	380	582	0	1023	
291	40	75	113	42	68	382	248	1023	256	
250	30	75	296	511	117	289	434	0	536	
94	150	45	511	199	0	283	255	0	1001	
87	105	136	235	46	38	261	528	79	1023	

274	83	169	511	130	70	400	881	0	471	
244	0	510	509	91	183	90	958	4	400	
250	21	83	12	265	252	0	68	1023	1015	
186	0	463	115	90	79	0	923	1023	110	
24	76	0	15	139	511	769	986	311	158	
223	201	510	34	120	222	583	158	0	938	
129	75	308	152	193	47	994	68	0	1023	
171	4	364	180	74	0	947	40	1022	187	
242	280	55	86	188	21	0	288	807	1022	
77	80	278	30	154	25	295	998	29	1023	
100	34	98	36	137	124	156	969	312	1023	
198	90	173	511	143	83	1021	298	0	472	
60	130	151	444	120	0	104	1023	829	128	
68	80	72	214	86	0	161	739	1023	546	
111	79	319	171	138	98	856	195	0	1022	
160	136	167	154	130	53	927	102	137	1023	
288	77	418	198	511	57	1014	305	121	0	
511	239	167	96	134	53	537	250	0	1002	 ***
138	137	372	64	0	66	835	1023	198	156	
262	154	333	368	87	99	85	578	1023	0	
228	46	30	511	203	145	576	0	227	1023	
15	60	60	0	137	145	1016	1023	533	0	
312	15	51	235	64	93	264	932	0	1023	
137	75	501	34	145	102	278	128	566	1023	
15	83	60	0	0	142	1023	369	916	381	
511	331	342	109	441	135	250	561	309	0	
460	511	411	327	30	0	122	122	927	79	
76	190	61	143	173	152	729	130	312	1023	
509	15	84	139	197	511	0	456	1016	62	
64	509	0	14	95	94	212	766	1023	212	
152	511	4	15	64	305	1019	187	60	672	
141	96	175	64	252	511	339	523	0	888	
203	353	511	0	64	361	168	156	216	957	

0	57	0	511	224	154	286	432	292	1018	
0	210	280	206	49	75	109	137	887	1021	
34	400	149	252	496	200	229	105	86	1023	
182	0	49	469	511	8	389	1016	106	244	
27	267	113	350	0	151	681	124	1023	238	
510	210	152	19	60	64	365	61	560	973	
89	508	49	81	61	274	156	271	462	1023	
38	327	0	257	498	0	65	1021	663	105	
64	27	272	30	0	23	1020	328	187	1023	
34	220	219	508	42	510	274	218	0	949	
456	258	167	96	74	53	567	280	0	1023	 ***
313	196	312	390	462	511	724	0	62	4	
106	122	12	60	246	511	282	501	140	994	
15	339	45	365	60	235	190	639	64	1022	
0	15	60	394	60	8	305	1022	132	978	
501	262	182	111	66	68	49	190	522	1023	
325	395	0	8	179	85	594	0	1023	365	
511	385	62	220	46	277	308	164	1001	0	
0	269	140	99	511	0	269	304	359	1023	
182	64	411	92	128	84	1023	122	0	868	
483	243	160	36	74	53	353	177	1023	372	

90	72	217	4	491	263	429	104	60	1022	
123	403	217	8	122	15	1022	212	0	630	
0	75	197	0	216	0	162	922	157	1023	
79	491	4	75	0	38	81	855	106	1023	
335	0	0	23	126	112	171	140	822	1023	
432	250	137	95	87	38	1023	212	128	350	
282	140	141	500	252	30	245	109	30	1023	
34	380	305	236	62	0	59	1023	653	0	
0	381	15	124	102	384	630	0	94	1022	
151	186	335	511	446	171	816	0	136	0	
500	60	148	0	0	61	137	196	1023	627	
501	171	90	15	256	0	191	1022	506	0	
505	0	61	0	511	138	846	217	350	124	
80	160	125	0	366	490	1023	364	0	144	
426	258	137	19	64	175	1023	196	132	322	
0	380	68	510	461	110	1003	0	0	220	
45	152	38	0	0	297	75	244	1023	878	
252	31	61	0	167	511	969	757	0	4	
0	125	263	191	183	0	1023	167	800	0	
238	61	15	510	65	460	381	0	0	1022	
198	15	61	27	136	198	338	145	611	1023	
106	187	34	309	27	128	586	126	227	1022	
426	370	139	19	72	38	377	216	72	1023	
69	244	243	187	137	15	60	152	623	1022	
402	75	426	182	61	0	81	228	275	1022	
435	120	15	0	268	60	206	339	287	1022	
157	95	34	0	0	77	518	121	728	1022	
511	65	4	231	327	0	911	79	0	624	
252	181	15	0	15	65	80	1023	139	982	
126	61	511	0	0	228	0	730	1019	77	
216	130	130	151	100	263	0	418	322	1022	
282	110	244	72	0	201	0	1023	130	690	
456	258	137	112	64	55	436	212	0	1022	 ***
511	239	137	19	135	38	125	216	983	349	

510	120	152	0	140	510	12	149	122	944	
456	254	167	102	64	55	91	447	0	1023	
38	144	143	510	380	334	955	0	155	0	
426	273	137	102	64	85	117	432	0	1023	
426	296	137	104	64	55	89	1023	0	465	
60	73	38	152	105	271	60	152	725	1023	
426	254	137	102	64	85	123	445	0	1023	
130	433	109	511	60	259	0	0	1006	151	
38	0	113	338	121	258	548	160	61	1022	
426	274	45	106	64	179	437	105	0	1023	
456	258	137	104	64	40	83	60	435	1022	
68	64	4	38	72	61	782	365	182	1023	
426	258	139	112	64	55	121	1023	0	461	
109	19	312	0	511	68	999	183	200	258	
205	0	0	122	0	144	212	626	328	1022	
68	23	73	328	186	285	64	531	79	1022	
98	110	0	8	252	244	631	53	241	1022	
426	254	137	102	94	40	1022	90	87	407	
426	259	139	104	102	55	1023	90	0	461	
243	64	94	178	0	282	543	61	171	1023	
91	511	153	0	120	190	1002	158	434	0	
0	72	114	111	505	152	683	0	1022	0	
434	289	137	106	64	55	461	90	0	1023	 ***
15	98	165	271	61	121	407	328	171	1022	
426	292	137	132	64	40	79	60	1022	407	
12	167	138	125	369	0	641	184	0	1023	
60	15	68	61	76	130	1022	304	34	889	
456	254	137	132	64	63	1022	94	0	437	
267	30	36	143	72	42	514	105	427	1023	
30	372	136	38	0	75	182	198	605	1023	
130	511	121	23	91	0	150	369	297	967	
306	65	511	0	0	238	381	0	141	1017	
456	254	137	102	64	63	117	443	0	1023	
68	0	109	42	30	231	392	765	0	1022	
430	254	145	104	64	89	461	90	0	1022	
125	186	105	16	60	57	938	0	149	1023	
430	254	139	112	64	55	117	1023	0	465	
189	120	0	0	113	75	156	881	103	1022	

313	303	441	110	42	40	463	105	0	1023	 ***
4	91	90	190	34	8	76	761	563	1023	
343	269	214	331	34	40	44	542	0	1023	
102	83	147	0	27	30	899	309	220	1023	
496	391	60	510	59	444	552	0	0	328	
321	254	511	316	34	30	933	30	151	260	
274	15	511	246	244	4	0	0	535	1011	
313	498	167	72	72	130	64	15	486	1023	
120	259	60	90	15	152	1023	1022	99	0	
403	269	122	511	335	376	267	0	0	557	
212	184	40	0	57	103	278	1022	274	670	
343	367	122	511	64	336	279	0	0	818	
0	53	304	201	30	69	842	319	0	1022	
130	49	173	109	259	103	98	248	648	1023	
23	109	511	320	38	122	1013	0	704	0	
313	269	220	72	124	55	1022	0	244	521	
312	34	197	418	160	511	365	61	0	782	
0	168	316	320	60	120	724	0	110	1022	
373	504	152	377	510	21	522	0	0	381	
98	102	0	511	212	0	289	716	0	912	
407	60	166	259	511	0	74	0	389	974	
274	60	75	42	109	190	1022	145	304	619	
426	282	511	305	68	199	16	30	0	1003	
373	299	396	80	49	63	1022	0	0	558	
313	359	122	117	511	48	298	282	0	790	
313	329	122	91	338	78	85	462	0	1022	
305	278	126	53	98	98	1022	160	0	700	
343	269	122	87	34	284	476	98	105	1022	
138	19	75	465	511	44	0	916	672	0	
321	269	122	346	49	40	393	1022	0	278	
364	345	137	132	34	284	1022	0	0	522	
487	0	117	98	0	0	396	1023	529	190	
343	511	8	173	30	0	30	1020	168	557	
373	430	511	316	34	368	209	0	0	599	

152	68	274	30	0	0	723	64	0	1023	
505	0	0	0	45	0	0	609	152	1023	
8	15	15	68	0	90	274	724	120	1020	
0	105	490	0	30	0	1009	670	0	30	
511	194	395	106	408	0	549	0	0	171	
349	152	45	0	15	0	750	0	0	1023	
60	60	449	0	45	274	0	0	426	1020	
0	30	316	372	34	49	512	0	0	1021	
0	105	105	0	15	0	1020	0	244	845	
0	0	0	227	0	30	15	1023	79	960	
60	60	0	0	60	0	933	0	198	1023	
313	342	319	136	38	0	102	62	0	1022	
45	0	30	30	30	0	0	1012	167	1020	
30	0	0	60	274	30	122	742	60	1016	
60	0	0	15	0	274	0	962	0	1023	
499	0	15	46	30	143	0	0	578	1023	
511	8	15	0	30	0	0	1017	753	0	
0	334	60	0	419	30	1020	0	60	411	
349	0	0	15	152	430	335	30	0	1023	
313	235	319	106	68	0	53	30	188	1022	
313	346	319	121	38	0	85	90	0	1022	
313	342	319	98	42	0	30	167	0	1023	 ***
0	506	274	440	23	60	0	0	8	1023	
0	510	0	0	0	442	304	0	60	1018	
0	30	334	0	30	0	105	755	60	1020	
212	90	45	60	0	0	0	906	0	1021	
45	30	0	244	0	122	60	60	1023	750	
15	60	167	0	0	60	684	334	0	1014	
274	471	105	0	352	0	75	34	0	1023	
60	511	244	274	511	0	0	0	0	734	
90	197	0	0	450	0	30	304	244	1019	
235	30	30	0	0	0	1023	0	0	1016	

8	61	122	30	244	297	774	0	364	1019	
244	167	120	0	61	244	90	304	670	1019	
76	244	0	304	0	122	60	120	970	1023	
0	488	263	171	0	61	120	1022	717	77	
0	244	0	150	305	244	0	0	955	1021	
45	186	15	334	60	351	503	304	99	1022	
404	16	342	171	308	0	332	0	323	1023	
124	152	488	4	395	244	0	0	489	1023	
510	0	304	312	396	0	0	984	413	0	
244	60	15	0	379	120	1014	65	0	1022	
349	53	0	313	0	75	1016	90	0	1023	
0	297	0	30	20	210	929	15	396	1022	
30	15	4	334	0	61	320	829	304	1022	
61	38	0	30	17	244	586	182	1022	739	
510	0	510	496	319	0	0	62	0	1022	
496	350	121	0	0	349	60	38	483	1022	
259	205	334	286	154	0	309	350	0	1022	
327	15	394	122	357	274	0	0	410	1020	
0	252	320	0	0	8	919	349	49	1022	
12	0	34	45	334	395	274	466	336	1023	
456	282	91	38	259	173	304	259	35	1022	
45	60	68	320	60	297	683	366	0	1020	
136	83	0	488	346	30	90	130	593	1023	
395	45	510	0	0	60	950	0	655	304	
380	486	319	282	45	8	23	353	0	1023	 ***
252	426	319	91	294	0	120	334	60	1023	
426	244	498	260	0	90	310	0	68	1023	
274	75	0	276	0	105	478	0	689	1022	
418	105	426	0	364	271	61	252	0	1022	

403	334	509	0	511	53	0	456	0	946	
122	305	244	364	460	0	1023	679	0	15	
0	137	8	312	150	30	271	601	1023	680	
75	434	304	355	77	91	320	533	0	1023	
60	60	8	4	503	372	866	0	1023	316	
38	244	316	60	304	99	258	1023	0	870	
496	91	68	8	511	0	120	989	426	503	
511	474	0	32	8	15	304	315	652	901	
0	511	38	511	60	0	896	336	860	0	
290	380	0	4	0	79	646	1023	0	790	
143	434	304	282	75	38	259	410	244	1023	
79	267	15	152	259	305	161	312	639	1023	
332	0	0	64	182	440	431	1023	740	0	
252	316	140	244	143	30	263	8	793	1023	
0	15	252	182	432	38	267	1023	263	740	
75	456	312	282	75	244	75	357	313	1023	
319	426	511	373	289	83	0	259	0	952	 ***
511	305	364	0	0	58	0	678	274	1022	
327	426	342	511	320	64	0	276	0	946	
244	0	511	474	42	0	0	1016	850	75	
244	368	8	60	305	0	1022	122	1023	60	
511	65	304	15	397	259	248	705	449	259	
79	434	304	505	84	0	90	359	334	1023	
75	471	304	497	219	8	1023	259	0	356	
30	489	15	376	289	0	1021	992	0	0	
75	426	511	260	259	45	0	319	305	1012	
30	128	488	0	371	0	265	0	1023	907	
90	0	299	511	132	244	183	503	357	893	
83	487	381	496	21	0	319	349	53	1023	

0	0	0	90	511	248	1020	0	23	911	
426	0	8	91	0	511	488	188	90	1001	
23	0	27	0	511	274	121	0	829	1018	
0	0	244	0	511	0	0	760	1018	270	
304	30	425	15	0	0	1007	0	0	1022	
0	0	83	0	0	334	71	655	637	1023	
511	0	506	304	488	38	27	0	929	0	
0	0	68	364	64	50	319	916	0	1022	
244	121	15	30	150	0	0	1023	244	976	
319	60	380	365	60	110	0	488	0	1021	
30	15	0	0	511	8	0	305	913	1021	
304	90	260	425	90	83	0	533	0	1018	
72	60	45	244	511	0	267	591	0	1013	
259	182	350	365	45	83	0	496	0	1023	 ***
0	274	211	0	501	8	289	0	498	1022	
34	252	0	395	323	64	712	0	0	1023	
304	60	274	448	30	75	0	594	0	1018	
68	45	0	0	45	488	135	999	0	1023	

30	90	0	0	0	98	0	950	354	1022	
0	60	61	511	0	60	30	813	0	1009	
259	0	448	365	111	113	0	226	0	1022	
0	120	511	53	425	0	0	61	364	1010	
304	468	166	68	456	0	0	60	0	1022	
244	90	106	30	45	0	1007	1022	0	0	
259	30	364	365	90	75	0	343	0	1018	 ***
511	15	334	365	45	75	0	343	0	856	
0	30	0	334	60	396	0	75	626	1023	
0	0	151	0	334	511	578	0	0	970	
95	304	0	30	173	0	98	821	0	1023	
105	491	511	0	0	60	0	15	366	996	
0	0	0	110	334	335	75	0	667	1023	
511	0	395	395	15	90	0	292	0	846	

244	180	364	380	64	120	237	61	45	1023	
0	4	19	60	411	4	104	165	1023	928	
19	90	8	511	0	139	1023	137	0	791	
470	0	426	120	509	0	95	1023	0	75	
34	60	45	120	105	0	993	244	95	1022	
15	244	0	90	80	181	1023	124	130	831	
271	49	379	365	94	79	0	458	0	1023	
180	235	4	0	60	64	30	124	998	1023	
263	75	376	365	64	102	0	450	0	1023	 ***
0	304	105	45	128	511	513	30	61	1021	
0	30	91	30	0	8	456	1023	105	975	
17	0	304	180	120	487	339	1023	248	0	
304	265	30	94	30	94	0	490	388	1023	
42	136	0	158	60	158	0	1022	313	829	
60	511	0	480	0	472	87	35	150	923	
139	90	64	274	15	0	1022	0	1023	91	
114	132	274	0	60	507	585	1023	0	23	
140	244	30	8	471	483	120	0	200	1022	
47	34	144	8	30	217	0	1007	208	1023	
397	34	380	369	90	96	268	61	0	1023	
402	129	0	0	45	0	30	75	1023	1014	
38	15	76	117	124	120	90	98	1017	1023	
23	53	0	145	276	497	0	248	453	1023	
244	30	124	392	60	60	0	395	391	1022	
259	38	469	487	68	0	0	375	0	1022	

248	15	376	308	511	316	0	572	0	895	
248	0	498	380	79	312	0	702	0	1022	 ***
370	511	406	312	342	72	0	442	0	786	
257	0	494	364	304	98	0	701	0	1023	
492	0	406	319	60	198	0	198	548	1020	
456	0	304	484	30	338	380	1023	60	166	
15	503	0	45	511	183	858	76	990	60	
308	79	99	4	282	0	1023	997	60	389	
248	152	354	304	511	87	0	994	0	591	

