#244	600	432	400	192	0	5560	0	160	752	 ***
#512	164	144	0	0	0	400	1368	1476	4276	
#32	148	32	196	2336	160	644	640	3992	160	
#320	0	80	84	160	64	3024	4	240	4364	
#84	324	388	240	2256	244	624	3700	0	480	
#164	160	228	352	116	432	5720	432	0	736	
#260	272	384	948	160	352	2632	160	3172	0	
#400	320	80	388	320	0	488	1328	80	4936	
#0	464	0	648	1220	432	2896	952	1424	304	

240	592	432	240	304	0	2316	80	372	2976	
80	352	112	0	432	320	224	1432	4600	0	
80	160	112	116	80	480	4492	192	0	1840	
240	64	192	352	80	80	792	4488	0	1264	
240	596	432	400	32	0	4044	1136	272	400	
240	592	432	240	304	0	2316	112	240	3076	
352	240	432	160	340	560	512	0	64	4892	
960	240	432	0	272	116	0	400	480	4652	
0	480	240	304	0	272	3108	160	144	2844	
512	0	0	432	336	916	4924	80	192	160	
352	992	432	400	32	0	2076	32	160	3076	
244	676	464	432	32	0	4984	0	320	400	
244	320	240	592	560	112	4616	420	448	0	
272	116	192	228	192	160	4408	1184	800	0	
276	480	116	400	160	192	448	0	5400	80	
320	592	432	272	224	0	5040	0	272	400	
272	144	0	32	80	480	2176	320	4048	0	
240	596	432	240	64	0	1624	192	3764	400	
240	624	512	352	32	0	4960	0	480	352	
0	432	400	80	320	3012	2956	0	32	320	
480	0	0	192	564	112	3204	256	2344	400	
272	1056	432	400	112	0	4960	0	240	80	 ***
84	240	112	80	500	512	4004	1188	832	0	
320	192	1672	112	0	112	4424	0	240	480	
272	116	144	400	164	272	3300	1204	1680	0	
112	672	432	272	32	0	4368	1344	80	240	
560	0	0	0	160	0	888	1572	176	4196	

80	64	416	1744	720	160	0	672	3504	704	
304	896	432	80	752	0	5488	32	80	0	
624	1056	352	80	112	0	4800	0	240	800	
0	192	352	320	272	1748	484	1456	0	3240	
912	416	0	352	548	272	4072	1332	0	160	
548	192	224	320	756	160	4840	0	480	544	
272	1056	352	80	112	0	4288	0	752	1152	
160	256	1232	992	112	324	4604	0	240	144	
1008	0	1984	192	592	352	3536	0	80	320	
160	480	0	304	896	320	1916	0	3876	112	
304	896	960	320	112	32	5280	0	160	0	
272	1056	432	80	112	0	3328	32	432	2320	
272	1376	432	0	112	0	4288	32	832	720	 ***
672	356	160	112	480	608	0	0	856	4820	
304	1056	432	160	112	0	4448	32	800	720	
272	1024	544	160	784	32	4928	0	240	80	
112	1200	480	32	560	336	0	228	496	4620	

272	1376	992	0	112	0	4884	32	832	880	 ***
1312	160	512	384	160	512	1120	0	4820	400	
32	224	752	0	1872	0	800	1392	320	3988	
400	960	224	1728	560	0	864	3700	144	800	
272	1376	352	0	272	0	4804	832	192	1280	
832	992	112	560	384	32	4404	1824	160	80	
272	1376	432	0	112	1440	4772	64	192	720	
272	1216	352	0	272	0	2080	32	1472	3684	
272	1376	432	160	784	0	4772	32	832	720	
1184	560	32	0	0	1376	3764	0	1584	880	
272	1856	512	0	144	0	4852	192	832	720	

112	1104	1104	0	32	0	5584	32	640	1040	 ***
32	320	160	160	832	3264	0	3072	0	1808	
0	192	1360	720	64	112	0	4016	1984	1200	
304	1104	960	0	112	0	1984	112	1440	3632	
480	720	0	0	0	1392	4048	1712	544	752	
640	1232	864	464	240	112	5280	96	0	720	
784	720	1280	352	400	176	5440	112	0	384	
320	0	0	0	1392	304	4944	960	224	1504	
912	1104	992	0	112	160	4736	32	720	880	
272	1136	992	0	192	80	4784	32	1280	880	
672	320	0	2768	880	160	0	2752	0	2096	
272	1104	992	800	192	0	4784	32	640	832	
80	32	480	0	1440	832	4176	1360	192	1056	
0	0	1072	752	1632	192	1856	2688	0	1456	
0	240	0	960	1680	0	1200	160	4992	416	
1504	960	1216	160	0	160	4864	112	32	640	
272	272	320	640	0	1120	4896	432	1552	144	
640	0	160	1152	112	912	0	0	6048	624	
0	0	32	192	640	1232	512	320	5856	864	
272	1296	992	0	928	0	2448	32	704	2976	
944	752	256	320	0	0	5072	544	1440	320	

160	432	144	480	320	160	4064	1312	1552	800	
320	32	0	912	512	480	560	0	2160	4448	
480	160	192	272	800	192	2272	4016	1040	0	
320	1696	1280	832	0	960	3056	880	304	96	
112	944	1104	240	112	0	4288	32	1520	1072	
1504	592	352	560	512	240	3344	0	2176	144	
192	1024	32	0	320	240	1456	160	5120	880	
0	400	160	240	1584	640	4144	1792	80	384	
1072	192	560	112	912	80	0	240	2080	4176	
1856	240	704	1440	272	384	4384	144	0	0	
352	880	720	544	1024	960	3520	272	960	192	
112	1024	1552	0	224	0	4320	32	720	1440	 ***
272	320	1584	224	320	352	3488	112	1792	960	
960	2704	384	624	160	672	0	0	1824	2096	
640	320	112	1232	1920	512	0	2704	960	1024	
960	1072	144	160	320	0	3840	1168	880	880	
112	1152	0	224	640	0	2960	3136	560	640	
0	512	992	432	80	80	3424	2608	0	1296	
192	832	1488	0	0	0	3600	912	1280	1120	
432	224	80	112	272	320	4768	1072	864	1280	
720	960	144	0	1472	160	4624	336	1008	0	
32	1152	240	80	1616	80	1152	480	3952	640	
320	976	608	720	224	240	3952	192	672	1520	
592	704	640	1200	800	112	1200	0	4064	112	
112	944	672	400	0	160	4272	112	1520	1232	

672	32	160	160	960	592	3504	480	800	80	
0	752	1664	160	272	0	3728	32	80	752	
0	752	1312	0	224	0	1984	944	80	2144	
352	880	160	800	512	160	3584	400	320	272	
0	912	1152	0	192	0	1984	2288	112	800	
0	752	1472	0	704	0	3568	32	112	800	
32	240	800	80	192	512	2096	640	2208	640	
0	752	1152	0	576	0	1984	32	1984	960	
112	864	1472	0	224	0	3472	192	272	832	
0	752	1152	0	1680	32	2912	32	80	800	
560	464	608	720	976	512	3376	224	0	0	
160	752	1152	0	192	0	1984	32	2336	832	
320	240	576	752	672	496	1584	0	2800	0	
0	2000	832	624	2256	400	224	0	1104	0	
112	864	1472	0	224	0	3504	192	240	832	
0	752	1152	0	352	0	1984	944	112	2144	
1472	704	0	400	960	0	1232	2032	640	0	
0	752	1696	0	224	0	3856	32	80	800	 ***
0	752	1312	0	704	0	3728	64	80	800	
80	64	320	480	240	0	1904	0	1856	2496	
0	0	160	1056	0	1280	592	0	1072	3280	
112	864	1504	160	224	0	3504	32	240	800	
144	0	320	240	832	1872	0	0	960	3072	
0	752	1472	0	192	0	1984	32	864	2144	
112	864	1712	0	224	0	3504	32	240	752	
0	752	1152	0	656	0	1984	32	2064	800	
560	432	0	1152	80	320	0	400	816	3680	
0	752	1152	0	192	0	2896	192	112	2144	

0	0	1320	0	544	1488	2964	304	160	800	
84	4	1232	192	336	0	2516	0	2416	800	
0	0	1152	84	544	0	2664	240	320	2576	
0	0	1392	240	256	0	2868	32	88	2704	
0	80	1152	436	384	272	4372	0	80	804	
324	0	276	0	560	192	2896	1472	0	1860	
720	560	2528	432	240	516	432	2152	0	0	
32	320	1588	0	224	84	4132	0	400	800	 ***
160	352	1472	0	224	0	4372	4	196	800	
0	320	1620	80	544	80	3896	0	80	960	

0	0	2036	992	64	84	2884	80	2976	560	
0	2320	1556	0	944	164	2260	1312	240	880	
32	0	1444	640	944	84	2996	432	2304	800	
32	0	1716	80	384	2516	3588	160	560	640	
240	0	1476	0	144	804	2836	0	1840	2336	
0	320	1556	880	64	484	2068	0	2192	2112	
752	320	1556	0	624	164	3044	160	2256	800	
0	320	1556	0	144	2516	2516	112	1312	1200	
1264	0	80	1124	0	2080	3572	0	320	1236	
320	0	2244	720	64	84	4884	0	480	880	
32	960	1556	0	64	164	4228	560	752	1360	
720	0	1764	80	224	1668	3348	1072	0	800	
352	80	1796	80	704	244	5300	0	80	1040	 ***
352	320	1716	0	64	84	3012	400	2848	880	
0	320	1556	0	144	1044	3700	0	160	2752	
2256	640	1556	0	64	244	3316	640	80	880	

992	512	240	356	1444	564	2928	0	464	240	
724	512	196	0	784	912	192	0	3104	1316	
164	320	160	592	400	644	3044	720	1424	272	
320	80	1124	272	64	404	2468	240	2048	720	
320	80	1204	240	256	244	2836	160	224	2176	
352	80	1316	80	64	244	2516	0	2048	1040	
512	0	196	160	752	404	468	1952	2816	480	
352	432	400	1232	784	0	2160	1120	272	988	
320	160	640	80	64	244	3240	0	384	2608	
384	468	320	272	960	640	2548	948	160	1040	
512	240	1124	80	224	244	2356	80	272	2608	
320	640	1056	304	116	80	2768	0	324	2132	
352	0	324	160	560	272	3812	788	1120	352	
388	352	880	464	32	0	2192	1072	1716	644	
320	80	1156	80	64	244	2868	80	2048	800	
752	0	116	432	1360	0	1264	196	356	3264	
640	84	1200	352	996	676	224	1328	2240	0	
640	160	1072	192	1152	496	2276	360	0	1392	
244	1312	756	736	0	80	1172	720	400	2320	
1040	624	80	836	868	384	1856	1056	0	996	
0	752	432	384	832	724	800	1232	0	2584	
400	240	2672	404	352	0	1296	0	2296	80	
480	84	112	672	800	160	2944	2068	420	0	
480	80	1876	192	64	244	2356	0	1728	720	
400	280	400	1152	544	164	3456	832	0	512	
320	80	1040	80	64	240	2076	400	2640	800	
320	160	1156	240	96	244	4036	320	208	960	
240	480	320	416	160	1120	1848	916	2240	0	
736	0	916	240	356	1924	1408	752	1408	0	
480	0	912	352	2464	1172	1448	0	672	240	
0	592	192	596	320	1972	1236	672	2160	0	
352	80	1124	320	64	244	2468	320	2048	720	
512	192	1316	80	1520	804	2244	0	112	960	
276	0	884	800	192	800	1188	576	0	3024	
1396	144	240	240	0	276	1476	0	944	3024	
352	832	552	400	720	1140	2752	960	32	0	
560	0	84	868	340	80	992	1216	752	2848	
640	384	964	80	116	1072	768	2688	1028	0	
580	400	752	0	484	432	2900	240	720	1232	
4	512	80	432	84	560	1300	944	912	2912	
320	2436	320	352	0	0	2612	996	272	432	
352	240	836	80	416	244	3908	0	480	1184	 ***
1120	112	560	2016	160	160	160	84	2264	1104	
84	4	80	304	0	1124	3408	432	1360	944	
352	80	1124	240	224	244	2388	80	2048	960	
480	80	1284	80	64	532	2836	0	80	2304	
240	436	864	0	752	400	2608	1664	32	744	
400	560	0	0	196	160	1984	2816	1044	580	

352	160	548	160	384	244	2740	0	752	2864	
352	160	708	112	384	244	2244	0	2960	1040	
996	160	672	1584	0	80	2468	352	1700	192	
72	480	656	112	1424	480	2160	1200	1620	0	
352	160	996	400	384	484	2132	32	400	2864	
1984	160	996	544	1024	244	1780	0	400	1072	
352	160	676	80	384	404	2660	0	624	2864	
352	160	672	112	704	932	3800	0	432	1040	 ***
704	800	4	480	672	244	192	0	2464	2644	
80	160	592	480	352	2372	2192	1700	36	240	
608	192	676	400	704	244	3780	0	560	1040	
32	112	320	0	1104	516	2632	640	2208	640	
192	836	672	1312	720	68	1648	2480	276	0	
436	32	272	432	880	304	160	1588	480	3620	
160	480	360	352	240	3232	160	2688	532	0	
320	160	676	80	384	244	3312	560	1044	1424	
756	240	0	224	80	192	3736	1712	1024	240	
384	864	624	0	496	1792	2688	832	0	524	
736	2640	1392	0	484	320	1140	0	672	820	
964	160	1108	160	272	512	1968	0	2100	960	
192	432	228	784	1184	640	2176	708	1860	0	
2000	432	80	832	0	352	2076	1040	320	1072	
544	160	708	80	704	272	3492	0	720	1524	
640	0	560	592	304	560	3356	624	1184	384	
836	896	756	192	432	1776	240	720	2356	0	
496	160	644	432	544	244	3300	352	992	1040	
884	112	0	240	80	912	3888	1072	116	900	
352	160	708	400	576	628	1812	0	2016	1552	
352	160	1220	240	384	564	3492	32	240	1520	
192	880	400	728	2128	352	2848	160	516	0	
672	4	624	224	1280	2996	884	0	112	1408	
4	272	160	192	352	964	1504	0	4048	708	
564	436	352	912	192	240	0	1104	2820	1584	
244	32	432	240	400	676	1024	1072	464	3620	
0	244	352	112	1472	592	880	388	464	3700	
80	80	80	324	2464	0	264	544	2864	1504	

320	2404	1280	0	164	96	2820	560	0	304	
672	224	276	240	560	672	3028	516	0	1760	
480	672	2544	320	4	272	1828	1552	276	0	
240	320	596	0	0	480	2464	752	2660	436	
432	160	480	80	500	1072	3832	160	272	960	
1108	880	0	1936	272	560	404	564	2224	0	
672	672	516	192	160	640	3828	0	352	916	
272	2256	1200	240	820	0	1960	0	640	560	
516	160	720	80	352	800	3736	192	272	1120	
592	160	672	160	352	752	3708	160	432	960	 ***
480	112	1752	512	912	800	2384	720	276	0	
432	192	800	1632	352	800	2428	80	272	960	
704	320	640	320	320	884	3608	0	192	960	
400	464	2304	1392	1348	996	240	324	480	0	
672	240	640	80	352	800	3532	160	352	1120	
880	2128	320	1108	756	0	0	992	944	820	
164	160	512	112	400	800	420	4148	240	992	
352	160	640	240	496	884	2408	0	352	2416	
672	160	800	112	352	752	3708	160	272	960	
352	160	720	80	432	720	3740	400	272	1072	

1376	196	1488	192	592	880	2004	432	644	0	
752	176	480	80	568	320	3536	788	0	1104	
720	240	352	160	80	320	352	3764	116	1700	
480	240	112	0	1792	672	560	832	112	3004	
592	160	352	160	320	592	2332	32	2432	832	
356	1236	512	384	592	400	352	0	3648	324	
400	80	192	432	512	192	912	512	592	3980	
592	160	320	80	320	784	2300	32	752	2464	
640	0	144	356	1104	560	3188	784	756	272	
656	400	400	320	352	592	3660	0	464	960	 ***
80	80	32	324	608	720	432	1312	3912	304	
400	672	1680	640	1392	304	2164	520	32	0	
356	992	400	112	832	464	1808	2088	752	0	
232	464	800	1792	0	480	2256	160	592	1028	
192	272	1240	512	1024	112	2132	160	2160	0	
624	160	320	192	416	752	2380	1408	592	960	
160	512	800	176	192	4	1652	724	3584	0	
464	592	640	0	400	160	3928	240	1024	356	
432	1184	320	592	84	240	676	3668	432	176	
1232	320	724	80	320	400	2100	1364	0	1264	
2336	192	320	560	320	576	2028	0	432	1040	
544	192	1200	2788	244	160	880	0	1440	356	
416	352	80	240	800	596	1632	320	2888	480	
592	160	160	240	384	624	3736	0	432	1476	
592	160	352	160	352	656	1980	192	944	2416	
240	560	64	320	436	560	944	3768	272	640	
672	352	320	192	352	592	2412	160	432	2320	
1392	240	1288	1120	484	272	592	400	640	1376	
880	480	384	80	640	1680	432	992	2236	0	
624	352	352	160	352	592	3708	192	432	1040	
644	240	352	1456	112	544	2948	1076	432	0	
352	592	88	240	752	1040	3108	608	0	1024	
624	240	320	352	352	624	3660	0	672	960	
160	320	1044	0	244	640	3140	880	320	1056	
2064	0	880	32	1060	704	516	672	964	912	
464	240	80	400	320	436	4048	400	904	512	
644	0	544	496	176	1604	672	2868	800	0	
356	432	640	464	240	32	3892	324	1104	320	
272	784	4	404	592	0	2784	752	1316	896	
592	192	320	432	2176	592	1788	0	752	960	
196	400	1040	544	276	0	2176	192	564	2416	
624	384	0	244	484	1360	272	0	656	3780	

112	160	496	240	1204	1904	2188	2432	480	320	
0	1444	160	640	80	192	3376	240	2044	1360	
464	480	400	164	480	512	2940	2304	1392	400	
1104	320	484	192	400	1232	4220	0	1104	480	 ***
240	960	592	80	196	0	0	4092	640	2736	
80	272	272	480	0	0	2036	352	4332	1712	
464	432	320	160	724	2016	632	1360	2948	480	
432	320	400	84	400	624	4632	788	1136	720	
160	724	240	752	372	960	3384	720	800	1424	
624	160	0	720	960	1024	388	4632	0	1028	
1104	80	160	2112	0	192	560	3664	640	1024	
884	0	276	356	960	1280	3860	784	320	816	
404	0	720	720	992	160	1504	80	4956	0	
464	400	400	80	960	1316	2536	640	596	2144	
880	192	32	1200	352	560	4060	800	196	1264	
256	912	164	672	272	484	1760	0	1312	3704	
944	320	192	112	880	480	4108	32	1552	916	
4	544	752	352	484	0	2536	1632	1792	1440	
400	244	720	32	272	3776	2140	0	480	1472	
384	0	1156	1888	432	676	3248	0	64	1688	
320	64	160	592	192	784	240	3312	112	3760	
320	1872	1232	1472	2472	0	232	512	1424	0	
480	356	1072	640	164	788	4180	1744	112	0	
400	192	80	432	1360	592	3580	272	880	1748	
400	832	1344	160	80	544	1600	0	680	3896	
324	960	0	544	144	1472	3516	480	992	1104	
464	484	672	160	320	1264	1596	640	656	3280	
1152	320	240	564	464	880	1740	0	3024	1152	
944	960	516	160	320	512	4396	432	576	720	
80	1840	112	80	164	880	0	512	5084	784	
720	512	160	0	32	1648	0	4240	512	1712	
1280	1072	480	352	516	1076	3544	752	464	0	
240	484	868	1552	432	0	2576	160	1072	2152	
112	240	80	976	1152	0	3508	784	800	1884	
464	640	400	720	1600	1040	1756	784	464	1668	
784	480	800	160	480	512	2588	804	2608	320	
144	352	1360	880	0	2552	1344	2184	720	0	
160	1536	320	384	80	160	4908	1028	240	720	

640	640	32	0	0	160	2840	672	4776	160	
320	240	752	752	256	728	3208	1072	800	1792	
1812	80	244	160	160	800	1940	3284	1440	0	
1396	320	804	112	400	1232	3284	1296	1076	0	
0	356	1184	32	352	164	2856	672	1680	2624	
1152	320	168	272	1428	1072	3876	640	992	0	
1072	324	324	112	400	992	3016	640	1264	1776	
640	324	196	160	592	1620	512	0	2004	3872	
192	1444	884	1840	160	640	1696	1408	1656	0	
0	816	752	1028	880	1040	2984	2148	0	272	
960	432	0	324	720	84	3104	3464	832	0	
144	160	880	0	648	672	512	2896	2968	1040	
1444	1200	1392	544	356	192	3000	352	1440	0	
592	1000	880	784	480	2096	1588	1700	0	800	
960	996	320	640	720	836	3480	880	544	544	
888	784	880	1028	864	352	1776	3076	272	0	
164	1680	960	32	0	800	2616	160	640	2868	
80	0	0	2052	160	640	4424	1840	640	84	
1072	320	808	548	480	1232	3204	800	1104	352	
480	484	868	1456	1648	0	2336	324	1364	960	
720	164	272	512	464	192	3660	0	1120	2816	
1472	320	484	624	400	1232	3272	640	1312	164	
1072	352	564	192	432	1872	1188	1316	2452	480	
160	80	272	272	832	996	3612	1312	992	1392	
1280	272	512	320	400	1480	3368	1152	272	864	
1072	400	484	544	720	1316	3204	640	1220	320	
800	112	800	800	1288	272	2916	400	0	2532	
1072	480	484	272	400	1232	3848	544	1316	272	
1072	320	484	912	400	1188	3752	160	1392	240	 ***
112	320	720	544	800	400	2744	784	244	3252	
644	320	1392	672	320	836	3000	832	240	1664	
1072	400	628	912	400	1156	4040	160	1152	0	
1312	480	488	192	480	1232	3320	640	1584	192	
0	512	320	1312	592	164	3172	512	836	2500	
1700	1264	0	32	672	320	0	4056	1280	596	
1072	324	516	272	560	1316	1700	640	1776	1744	
352	80	0	640	512	1424	2096	1204	1076	2536	
0	272	272	644	1520	708	3524	400	192	2388	
160	464	672	1552	352	0	560	992	2168	3000	
1072	320	164	192	400	1152	1096	720	2640	2164	
1712	320	564	192	1344	1664	1784	644	1696	0	

1360	644	752	544	0	672	800	5068	0	240	
640	404	916	1408	400	660	592	2960	2100	0	
1232	400	196	912	400	1028	2100	160	2064	1588	
992	320	196	1472	480	1268	3688	272	1312	80	
992	320	244	912	432	2932	2292	160	1232	564	
1232	384	164	832	400	1028	3768	800	1312	160	
192	160	800	356	0	112	5208	80	592	2580	
992	320	804	944	400	1028	2132	480	1312	1668	
992	1040	164	832	400	1108	3768	304	1312	160	
32	0	224	964	832	80	4492	0	2384	1072	
80	0	36	2036	400	1344	960	32	5192	0	
192	564	752	640	1024	0	5148	0	1760	0	
992	400	196	1472	400	1140	3768	160	1472	80	
1072	320	276	832	320	1188	3688	240	1424	720	
324	560	404	496	512	160	3860	1412	2352	0	
992	320	356	832	480	1908	2020	160	1424	1588	
1072	352	1444	832	512	68	3768	160	1792	80	
640	720	80	164	352	992	5624	160	160	1188	
992	320	244	864	480	1268	2580	272	1392	1668	
1072	320	196	832	432	1908	3688	160	1392	80	 ***
992	352	196	832	560	1028	3768	880	1392	80	
400	80	672	0	80	1712	224	1284	80	5548	
1072	320	404	912	560	1268	528	192	1392	3432	

0	80	80	640	1952	1072	4584	800	592	196	
116	832	0	1952	192	160	0	0	1312	5432	
1200	320	192	832	912	1076	3720	160	1584	0	 ***
0	400	80	160	1600	32	112	1392	720	5500	
192	0	992	4	0	1072	3496	240	224	3776	
800	0	32	1040	0	960	4184	116	1184	1680	
0	432	0	0	800	1752	4948	832	1232	0	
720	720	480	0	0	672	3304	192	3232	676	
720	1396	128	400	160	0	3768	0	3424	0	
0	384	800	704	1664	0	4888	756	480	320	
1152	784	0	160	160	672	5196	240	112	1520	
544	672	480	1360	0	944	0	564	5432	0	
720	640	0	880	1152	640	4472	224	1156	112	
32	324	704	80	0	0	4632	1152	1600	1472	
0	640	720	80	640	496	4024	164	2032	1200	
1072	240	0	2272	0	752	4636	192	640	192	
1840	384	720	224	0	0	5240	164	880	544	
80	640	1440	0	240	832	1988	240	0	4536	
240	1312	0	2628	240	160	4264	0	960	192	
80	784	1184	240	0	1040	4712	640	0	1316	
960	308	912	720	0	32	800	1360	4904	0	
0	944	976	80	4	0	5352	800	1200	640	
2040	0	800	0	800	0	1280	160	320	4596	
1360	320	480	640	0	352	3800	3044	0	0	
800	1440	1552	0	0	1024	5036	0	0	144	
784	320	192	112	0	240	5464	320	1200	1364	
1712	272	80	480	0	192	5240	0	1792	228	
672	0	80	640	112	0	2000	4680	1200	612	
1152	0	224	0	880	356	3192	3520	0	672	
80	1360	880	944	1376	0	4396	320	640	0	
720	160	192	1152	112	2168	1700	960	2832	0	
0	32	32	0	640	1344	4888	516	2112	432	
352	960	0	1072	0	640	3544	0	3424	4	
2192	160	432	832	112	1108	3608	160	1392	0	
80	960	240	432	240	0	3412	32	4600	0	

640	1312	0	192	512	320	4072	672	2116	320	
1120	160	192	832	912	752	1768	640	3780	0	
800	884	1056	0	1120	480	240	5032	0	544	
32	1760	720	112	0	1432	4004	480	416	1200	
320	1432	32	1792	640	704	4116	0	1120	0	
1552	720	272	0	320	1548	1056	0	800	3888	
224	480	0	1280	400	0	3484	352	3296	640	
0	880	880	160	352	480	4796	880	1056	672	
880	272	640	912	144	1472	4844	832	0	160	
640	800	160	0	160	640	4748	112	2176	720	
1236	320	192	832	1072	788	3652	480	1584	0	
240	800	640	0	640	1136	4956	784	320	640	
1264	752	192	992	240	960	480	0	80	5196	
112	512	560	1072	0	160	0	1232	5148	1360	
80	1640	480	2480	1312	880	0	1824	1460	0	
160	192	1520	672	0	912	5516	432	752	0	
80	832	160	672	320	112	4988	1200	1520	272	
0	320	0	960	464	912	400	992	5036	1072	
880	320	192	832	1072	752	2640	320	3148	0	
1920	160	0	192	80	112	1456	960	0	5276	
800	464	80	240	2112	160	4988	80	160	1072	
0	112	80	832	960	1120	4572	2016	112	352	
480	672	192	2000	1124	0	4424	512	0	752	
752	832	160	304	1600	352	4284	640	672	560	
1200	160	192	832	912	752	1424	160	1744	2780	
320	1312	1200	1120	0	64	5244	0	720	176	
944	160	2196	1828	272	1200	160	0	0	3396	
80	1796	1680	1656	160	0	0	3984	800	0	
432	304	240	1152	912	80	4524	880	992	640	
32	272	1152	800	1216	800	4684	0	160	1040	
640	320	192	1680	672	112	4988	80	880	592	
32	320	960	32	432	1760	5020	800	0	800	
1236	320	192	832	912	832	3892	356	1584	0	
1312	80	192	320	160	864	5000	880	352	996	
1200	480	192	832	912	752	2164	480	3144	0	
192	832	712	0	0	1120	4836	1360	1104	0	
880	240	192	832	912	1232	1376	160	1552	2780	
272	240	192	720	0	720	5068	1584	1360	0	
1360	320	192	832	912	752	3644	480	1664	0	 ***
384	1520	832	0	1760	0	2152	272	3236	0	
0	720	160	112	320	112	4760	2196	1104	672	
480	0	0	80	1040	3160	864	512	3300	720	
0	192	640	720	320	1708	5408	352	816	0	
400	32	2108	32	0	960	3616	0	1152	1856	
352	1160	1600	0	2932	240	2624	0	0	1248	
1548	0	800	640	112	992	832	160	704	4368	

0	1040	0	404	0	160	832	3064	3220	0	
0	80	320	880	720	0	3820	2784	116	0	
244	832	832	32	640	160	4316	0	1664	0	
832	160	116	192	672	720	1620	1200	2340	868	
800	944	1452	0	0	1040	756	0	0	3728	
320	160	704	0	32	1104	5004	720	676	0	
144	1072	488	0	0	1312	560	1076	4068	0	
1036	320	192	480	1264	720	1540	1872	1296	0	
160	724	112	84	80	1632	2688	1400	400	1440	
880	160	112	832	784	720	1300	1184	592	2156	
912	320	112	192	832	1680	1300	560	1500	1312	
0	640	112	1796	112	160	0	912	3948	1040	
1232	320	272	192	704	720	2108	2004	1168	0	 ***
880	400	112	352	752	752	2500	1916	1056	0	
192	720	912	160	1044	944	4076	672	0	0	
1280	400	112	820	672	1392	1432	1956	656	0	
80	0	320	32	1724	960	960	80	3840	724	
916	0	160	2000	0	640	0	2360	1424	1220	
0	960	192	1716	516	0	1696	160	752	2728	
720	84	320	320	400	80	5020	832	832	112	
480	160	112	272	1392	912	1172	560	1024	2636	
1300	160	0	640	640	832	3804	80	272	992	
912	320	144	192	992	880	1860	2348	1072	0	
1280	320	112	420	916	2000	1944	560	1168	0	
0	0	480	404	432	1200	4236	416	80	1472	

0	240	320	0	0	240	676	912	5428	0	
0	0	0	160	0	640	0	3300	3364	352	
912	0	0	0	880	0	320	432	0	5272	
32	192	1152	0	80	80	5480	0	720	80	
0	1188	0	160	0	0	1040	0	0	5428	
820	0	160	0	144	720	724	800	4448	0	
912	0	160	80	32	800	564	4436	832	0	
0	0	320	0	0	80	5304	240	1760	112	
320	240	320	0	32	0	4920	672	0	1312	
160	80	3380	400	240	0	2596	0	0	960	
272	240	160	0	64	720	2264	800	3296	0	
272	160	640	320	1120	112	5000	112	80	0	
160	800	0	720	0	320	5044	384	388	0	
704	0	0	0	0	0	640	160	3540	2772	
160	0	0	640	0	0	5540	1124	0	352	
80	0	0	0	80	1952	4344	800	80	480	
0	0	160	0	0	1104	32	5080	0	1440	
272	0	160	80	32	880	1592	3248	832	720	
3284	80	112	0	832	160	0	0	0	3348	
0	80	0	0	512	32	5112	400	1600	80	
272	80	160	240	32	640	404	800	5188	0	
272	0	160	160	32	800	404	800	5188	0	
0	800	2868	0	192	80	3716	80	0	80	
192	0	0	320	0	0	944	80	5320	960	
800	400	80	32	192	800	5032	480	0	0	
160	0	0	0	0	80	4468	0	1748	1360	
272	0	160	0	224	720	564	800	5076	0	
160	720	0	0	0	0	5288	1296	352	0	
272	0	160	80	32	800	484	3780	2208	0	 ***

0	0	0	160	1044	240	752	2944	0	3640	
0	608	112	0	160	0	1440	5176	1124	160	
800	160	240	0	80	720	400	5036	1120	224	
800	720	884	0	640	0	112	160	5304	160	
436	80	160	0	800	592	1280	5192	240	0	
80	160	0	80	800	0	5224	0	916	1520	
0	992	160	0	160	1440	1200	1916	2208	704	
0	80	160	80	0	0	880	1552	3720	2308	
1200	640	956	0	32	720	240	3872	1120	0	
192	0	884	80	80	960	304	2440	3520	320	
836	32	352	640	0	640	400	5848	32	0	
0	240	0	352	1712	0	992	80	5208	196	
0	2352	952	160	0	160	0	352	4804	0	
640	800	160	0	80	880	80	0	3288	2852	
160	0	640	320	720	1304	4836	640	160	0	
0	32	2632	640	4	0	80	880	4032	480	
832	720	80	640	320	160	884	0	5144	0	
0	0	80	320	160	0	112	1968	5500	640	
80	640	0	720	0	160	3368	400	80	3332	
160	192	80	0	80	160	720	32	3400	3956	
2080	0	0	80	240	160	0	3128	3092	0	
112	640	960	720	320	0	832	5116	0	80	
160	800	192	240	0	560	644	1104	5080	0	
352	0	192	36	32	1040	400	3544	2544	640	
192	0	0	0	1280	864	320	4520	964	640	
0	112	80	0	400	640	160	1744	5368	276	
320	0	480	0	144	800	3152	2776	1108	0	
116	80	800	320	704	880	560	2072	3248	0	
192	800	1040	0	272	720	320	4552	884	0	 ***
272	1432	160	0	32	800	560	4384	1140	0	
352	0	400	0	824	720	1156	1632	3696	0	
388	0	160	3864	160	0	0	320	3888	0	
0	0	192	0	752	720	992	960	5164	0	
832	240	0	192	320	80	0	5000	1284	832	
2168	800	0	800	0	160	4	0	640	4208	
0	160	160	160	640	160	1392	5244	0	864	
240	80	240	0	640	640	3208	160	0	3572	
320	0	160	0	32	1044	0	4600	1520	1104	
0	0	192	80	320	960	0	2984	3604	640	
724	0	640	240	432	0	0	1520	5224	0	
0	964	720	0	912	0	0	2544	80	3560	
1440	320	160	0	0	640	676	2968	2496	80	
640	1552	160	80	80	404	112	3448	2304	0	

80	320	2352	240	0	992	32	4040	0	676	
832	240	80	1396	272	0	80	4840	992	0	
80	112	160	1072	644	1632	0	4040	0	992	
160	1552	720	0	672	0	2532	840	0	2256	
708	880	880	0	240	0	148	4004	1632	240	
240	240	1360	0	640	192	720	4220	480	640	
800	468	1952	0	992	0	3480	0	1040	0	
228	640	80	272	640	0	880	4440	1552	0	
800	720	1680	192	0	160	0	4044	976	160	
80	720	80	832	84	2836	672	3428	0	0	
916	1520	80	244	32	400	2320	3220	0	0	
2308	1136	0	144	1040	0	0	0	3272	832	
320	720	112	0	644	916	880	3472	1668	0	
160	720	1072	0	0	912	640	4428	800	0	 ***
224	800	1200	0	80	832	720	3996	880	0	
880	2100	640	672	1600	832	0	920	1088	0	
192	0	1120	0	0	112	1920	3864	1524	0	
1156	0	160	0	0	640	672	5752	320	32	
112	0	36	2564	320	752	0	2084	2864	0	
192	640	1200	1280	0	304	80	4044	800	192	
160	720	1104	0	1444	240	160	3960	944	0	
832	320	80	196	0	800	1392	4040	992	80	
640	160	32	2596	0	640	2548	0	2116	0	
992	564	32	1280	0	1876	0	2948	0	1040	

0	0	800	32	80	160	240	3528	3240	1280	
32	640	2532	0	4	0	720	4952	160	320	
112	32	0	32	1120	880	2664	4036	0	484	
0	0	1360	2196	0	672	1400	3476	0	256	
320	432	0	4	1232	832	832	4796	720	192	
0	112	0	196	836	80	0	4516	1280	2340	
80	720	1040	672	320	468	480	5420	160	0	
0	1828	864	0	1892	640	4136	0	0	0	
36	1040	880	0	0	192	1056	5996	160	0	
240	720	880	164	0	464	1392	5340	160	0	
0	720	0	0	0	2724	800	160	4284	672	
80	752	0	0	64	320	1316	160	512	6156	
320	384	720	0	1284	640	4248	1764	0	0	
480	80	192	640	0	84	32	4604	3248	0	
320	880	832	0	1284	720	720	4604	0	0	
112	720	964	0	0	144	3796	2664	960	0	
0	1572	640	1280	720	0	480	3836	832	0	
0	0	1732	0	2260	640	0	3204	0	1524	
0	800	640	0	192	320	4284	2404	80	640	
0	1136	640	0	0	880	4768	304	0	1632	
2240	0	1796	720	1668	0	0	2936	0	0	
1668	240	640	640	0	0	480	3948	224	1520	
32	880	0	1236	0	0	640	4464	148	1960	
1120	0	672	2900	192	0	640	3112	724	0	
640	672	0	160	0	0	0	548	6300	1040	
0	0	836	160	640	832	384	4204	0	2304	
720	800	1040	0	32	112	640	5464	552	0	 ***
0	480	2728	640	0	640	112	0	4760	0	
1428	644	192	720	112	320	0	3864	1280	800	
160	160	112	1312	3400	0	0	1748	0	2468	
640	80	160	320	3060	0	160	2304	0	2636	
192	0	32	1360	0	1204	4036	984	352	1200	
800	2564	640	0	0	160	4284	0	912	0	
0	640	0	404	0	0	1552	2804	0	3960	
4	0	0	1232	640	708	4516	708	1552	0	
1440	992	1716	80	0	640	3784	708	0	0	
0	880	880	80	0	788	320	5500	912	0	
640	640	0	800	64	3560	676	2980	0	0	

160	560	0	32	832	640	160	5504	0	1680	
800	160	192	0	2112	1508	0	4476	320	0	
0	0	1940	864	240	640	0	3800	2084	0	
160	32	352	0	0	0	720	2932	3932	1440	
400	320	2612	0	800	960	0	3676	160	640	
960	240	240	0	32	224	640	4648	2584	0	
112	160	160	2628	352	160	5244	0	752	0	
512	800	160	2344	880	0	0	0	4872	0	
0	640	160	0	320	0	2740	432	5244	32	
800	240	1232	0	32	32	640	4496	2096	0	
0	832	912	272	800	0	112	5640	0	1000	
320	800	480	0	0	32	4372	3404	160	0	
320	720	0	320	0	1120	864	5072	960	192	
2616	0	480	0	0	0	0	3680	2600	192	
640	240	800	0	64	432	800	6240	352	0	 ***
0	720	160	32	640	320	0	5804	612	1280	
640	320	880	0	192	64	640	6076	756	0	
1920	160	1104	0	896	800	0	4428	0	260	
640	0	80	960	0	672	820	5020	1376	0	

516	512	0	192	1920	2244	0	1656	0	3556	
640	880	804	80	756	464	880	5000	1092	0	
1440	1280	1472	1332	0	320	856	0	0	3896	
432	144	0	320	800	2272	1824	3064	1736	4	
864	640	880	0	80	480	1796	4556	1300	0	 ***
800	160	800	432	0	432	752	4560	960	1700	
960	320	992	160	240	0	2180	4192	1552	0	
960	272	516	1360	192	0	1828	4520	948	0	
720	4	1120	640	800	592	720	4588	1412	0	
0	1120	1600	1280	0	224	1232	4548	272	320	
196	1872	1312	644	160	2780	0	3248	0	384	
1120	272	640	400	320	1816	4436	1592	0	0	
1360	80	240	1428	0	832	32	4568	400	1656	
320	0	0	2112	192	752	832	2224	4164	0	
720	80	912	4	352	1120	1940	4968	500	0	
2400	1204	192	1316	960	352	144	3708	320	0	
640	640	880	0	112	480	1024	4560	560	1700	
320	160	912	720	912	352	4208	0	3012	0	
352	912	400	320	880	32	3392	84	4224	0	
0	0	1440	880	800	2572	3640	0	384	880	
0	80	176	480	0	672	160	5844	800	2384	
404	256	1680	400	0	324	672	4136	2724	0	
1600	112	1120	432	112	1520	160	4548	0	992	
640	160	964	720	144	400	832	4780	1956	0	
2488	2464	0	0	884	192	2968	1120	480	0	
992	948	720	0	672	1508	1120	0	4636	0	
640	1440	1184	240	800	912	0	4196	512	672	
644	80	192	352	752	400	640	5740	672	1124	
32	192	160	1440	1552	0	800	5940	0	480	
320	960	112	32	1280	112	1200	5956	240	384	
672	160	160	0	112	720	800	4748	1432	1792	

324	160	160	320	960	0	1844	4248	0	2068	
84	0	0	0	644	1040	432	4236	304	3344	
1440	0	160	400	832	32	2276	4112	672	160	
0	640	32	160	0	960	2196	3952	1632	512	
676	32	880	640	2244	640	0	3144	228	1600	
704	640	240	0	2448	512	676	2356	2508	0	
960	1792	112	1124	0	832	0	4480	0	784	
704	640	240	0	1076	1376	432	2232	3384	0	
32	2080	960	160	160	1300	672	4044	676	0	
0	160	112	160	192	800	644	2900	2000	3116	
32	644	2164	160	192	0	3388	2304	480	720	
1056	960	408	384	0	1472	0	4332	160	1312	
704	720	36	640	0	0	1716	2612	516	3140	
1280	36	1780	644	992	320	0	1684	3348	0	
1284	2112	0	2364	224	1280	2660	160	0	0	
704	644	916	0	400	320	3076	2472	1552	0	
1348	640	400	0	84	320	1024	4680	1588	0	 ***
32	64	1792	320	0	640	1280	3096	2860	0	
4	0	720	912	512	0	1600	4156	1472	708	
1312	196	960	0	512	640	832	4284	836	512	
0	0	1600	1072	84	672	896	1344	4416	0	
1524	800	80	0	32	1280	1024	3948	800	596	
1200	68	320	0	1184	1344	0	1044	80	4844	
272	0	720	1280	0	192	3532	1976	1440	672	
1344	640	244	0	80	672	672	2556	3876	0	
0	0	2112	0	960	320	2744	1732	2216	0	
640	0	160	964	1680	164	832	4264	1124	256	

