#0	66	0	9	15	74	93	283	158	49	 ***
#43	39	81	6	59	58	0	138	285	38	
#0	44	0	17	142	44	112	155	84	149	
#8	50	2	16	6	0	283	127	89	166	
#130	33	39	47	60	34	78	58	29	239	
#2	56	81	42	41	70	17	285	0	153	
#68	10	81	41	55	29	25	294	0	144	
#58	71	22	41	144	0	0	186	46	179	
#82	56	9	4	7	0	104	28	257	200	
#51	20	2	45	53	6	217	68	264	21	
#36	16	8	24	26	36	134	284	167	16	

70	16	48	64	2	3	64	298	24	98	
18	2	6	50	48	8	174	287	90	4	
0	53	0	8	9	56	111	258	105	87	 ***
10	50	12	54	43	6	212	242	42	16	
8	53	0	8	9	40	125	258	105	81	
20	24	2	71	2	96	124	289	36	23	
26	28	0	38	50	121	13	203	208	0	
116	20	8	10	18	8	0	263	126	118	
45	41	5	54	40	0	72	169	261	0	
34	32	8	0	0	48	84	207	236	38	
99	12	2	8	8	24	38	106	302	88	
0	21	0	24	25	95	95	262	105	60	
0	65	2	24	9	58	93	263	102	71	
20	49	6	24	5	58	91	275	100	59	
0	53	0	8	11	58	113	63	120	261	
42	35	24	13	89	56	99	314	0	15	
9	22	22	29	36	64	195	254	56	0	
40	26	28	19	37	54	188	251	44	0	
0	70	72	32	32	22	46	242	167	4	
42	60	85	32	42	42	35	280	29	40	
0	49	0	8	9	40	67	206	118	190	
24	32	37	25	40	0	56	281	155	37	
54	10	20	25	5	22	203	235	9	104	
0	61	0	10	5	60	85	101	104	261	
17	10	63	20	63	38	22	307	38	109	
152	64	60	0	54	41	0	47	235	34	
65	52	61	18	0	10	82	299	14	86	
51	40	78	64	49	49	0	0	129	227	

0	53	0	8	40	58	161	68	66	257	
30	2	52	54	36	24	259	156	74	24	
43	70	34	38	43	10	44	291	80	58	
0	57	0	41	3	56	113	148	196	97	
10	58	4	60	50	36	147	301	27	18	
6	53	0	8	10	72	145	259	64	94	
0	53	0	8	11	72	111	160	192	104	
0	107	0	8	8	56	113	259	66	94	 ***
0	85	0	10	12	56	111	175	197	65	
28	17	64	28	36	73	99	256	0	110	
16	26	66	37	38	21	18	250	73	166	
20	42	32	42	56	10	64	168	277	0	
23	42	50	22	0	60	66	138	29	281	
12	2	27	36	43	54	0	232	98	207	
56	32	24	8	50	6	148	242	145	0	
0	66	48	44	14	123	22	231	0	163	
0	87	0	24	10	56	111	259	70	94	
22	22	43	49	38	13	161	286	25	52	
34	89	0	12	4	56	111	75	72	258	
121	24	62	40	76	55	0	251	0	82	
46	20	48	38	52	24	59	125	0	299	
5	12	16	34	24	0	94	38	183	305	
0	53	0	46	26	56	143	259	66	62	
78	70	0	28	20	84	24	0	102	305	
0	23	0	8	8	58	129	95	197	193	
68	8	62	8	20	0	96	268	16	165	
34	40	54	64	0	40	39	282	88	70	
0	53	0	69	9	96	111	106	68	199	
66	52	38	66	50	8	23	283	74	51	
0	53	32	14	8	56	113	254	66	115	
18	20	50	54	52	54	30	273	44	116	
0	69	6	8	5	24	112	292	98	97	
0	45	29	11	88	51	82	204	0	201	
0	59	16	8	8	56	111	98	98	257	
98	14	16	6	64	28	24	30	151	280	
0	53	0	14	9	58	144	212	118	103	
42	8	37	78	44	66	292	36	40	68	
0	53	0	8	11	56	114	118	210	141	
2	10	50	34	12	46	137	275	2	143	
0	69	4	8	4	90	111	68	100	257	

2	48	48	66	50	58	58	36	84	322	
0	106	0	0	2	24	117	269	136	118	
22	36	20	60	14	70	18	316	84	132	
40	48	46	90	12	43	36	299	64	94	
66	68	48	42	44	66	304	96	38	0	
6	92	32	24	30	68	68	92	30	330	
10	42	10	54	68	84	50	286	62	106	
157	38	112	10	52	0	134	58	211	0	
68	0	74	52	43	52	50	285	94	54	
38	66	52	22	10	70	8	287	137	82	
36	50	44	40	40	48	178	0	282	54	
44	68	6	36	70	44	36	122	16	330	
62	90	44	0	16	16	32	298	176	38	
8	82	32	24	38	56	96	282	64	90	
40	86	80	24	56	50	36	286	0	114	
0	106	0	24	14	26	96	285	130	91	
0	75	8	16	6	58	112	309	74	114	
88	86	0	0	2	48	98	266	104	80	 ***
2	74	32	8	34	24	152	50	285	111	
8	30	64	42	0	76	298	48	40	166	
0	74	0	16	6	56	96	282	154	88	
12	50	171	20	58	48	18	28	166	201	
0	74	0	10	46	56	128	279	90	89	
32	106	0	16	10	56	96	284	66	106	
32	0	82	70	34	52	34	118	38	312	
102	32	0	90	40	84	62	287	0	75	
76	62	84	132	28	114	72	204	0	0	
40	20	0	66	16	104	254	194	0	78	

92	46	0	0	4	32	52	73	104	299	
28	0	119	50	0	0	56	257	76	116	
106	18	142	0	99	32	0	235	42	28	
88	48	0	0	0	148	57	209	72	80	
90	46	0	0	2	32	84	287	76	85	 ***
34	128	24	24	90	42	16	252	80	12	
40	6	54	50	80	18	0	300	132	22	
88	46	0	0	154	32	46	76	68	192	
90	54	4	33	2	38	52	287	72	70	
0	36	26	0	6	92	36	30	138	338	
24	78	36	80	36	66	0	50	20	312	
88	48	0	0	16	77	244	99	64	66	
88	46	0	2	0	36	60	286	72	112	
40	2	8	122	18	18	96	46	264	88	
6	74	48	10	16	52	0	60	164	272	
13	36	84	66	94	6	0	297	106	0	
88	46	0	0	0	52	52	42	310	112	
4	26	4	44	56	64	94	298	60	52	
6	148	10	80	30	66	0	254	94	14	
60	26	44	38	4	2	10	316	170	32	
88	46	8	0	8	32	85	287	64	84	
50	4	18	42	68	0	32	290	2	196	
6	50	0	62	18	74	14	280	156	42	
20	66	179	64	0	0	120	195	58	0	
92	108	50	0	2	6	8	259	55	122	
8	8	80	0	116	40	0	270	138	42	

80	70	4	4	0	32	56	241	66	100	
32	74	38	54	0	120	233	10	0	92	
74	54	4	2	12	0	74	265	84	84	
32	22	4	26	74	40	164	237	44	10	
74	36	0	48	0	4	74	235	104	78	
74	28	16	12	0	6	78	259	100	80	
74	30	12	0	16	16	66	119	208	112	
50	38	0	48	0	0	114	63	94	246	
84	38	4	0	8	0	124	235	88	72	
56	60	76	40	22	52	6	265	76	0	
122	52	0	8	0	4	78	235	48	106	
36	0	12	52	70	82	50	245	106	0	
16	12	44	4	10	12	285	2	90	178	
48	32	28	48	86	32	41	268	0	70	
74	36	4	0	0	16	98	54	104	267	
124	36	8	0	0	16	68	55	66	280	
0	4	56	66	32	14	279	26	0	176	
74	54	0	0	4	40	74	255	76	76	 ***
30	34	24	0	64	72	150	243	0	36	
62	48	76	4	176	107	0	0	180	0	
98	0	32	8	66	101	68	272	0	8	
44	2	0	20	36	12	299	0	80	160	
20	10	54	74	4	0	122	289	40	40	
10	10	72	40	4	16	2	283	174	42	
90	30	0	4	8	6	68	267	68	112	
12	32	4	26	40	56	22	247	0	214	
94	30	4	8	0	8	78	253	68	110	
26	76	0	0	14	8	231	230	36	32	
82	30	6	0	0	126	102	139	68	100	

6	32	20	0	0	42	16	225	136	96	
34	54	1	0	6	40	96	230	68	44	
34	60	0	0	4	40	70	84	60	221	
0	17	85	28	20	0	0	241	162	20	
34	36	0	0	12	40	72	147	28	204	
34	52	0	0	4	50	70	79	62	222	
44	18	16	56	0	0	56	249	8	126	
34	22	158	0	12	12	32	205	98	0	
2	0	16	8	16	75	278	50	92	36	
64	4	52	34	76	95	38	0	210	0	
34	52	0	89	5	40	70	185	54	44	
34	52	2	0	119	40	70	152	60	44	
81	0	44	34	8	10	12	258	118	8	
34	54	0	0	4	41	82	226	54	78	
16	10	120	0	12	4	40	128	0	243	
0	0	60	2	0	28	26	175	87	195	
34	52	0	0	4	42	70	121	198	52	
2	2	54	0	56	56	0	238	82	83	
0	16	64	56	11	52	34	220	120	0	
34	52	0	0	10	40	74	241	88	34	
0	22	28	0	42	34	163	46	0	238	
34	52	0	0	6	40	70	105	198	68	
62	8	32	48	8	0	0	150	12	253	
34	52	0	0	119	40	70	144	70	44	
50	54	0	0	4	26	75	225	36	103	
34	52	0	0	6	105	70	194	68	44	
34	55	0	0	12	40	89	229	54	60	
0	116	18	7	12	124	0	134	0	162	
42	54	0	0	4	40	94	227	68	44	 ***
47	54	0	0	5	40	84	231	68	44	
34	54	0	0	4	105	72	108	40	156	

46	32	0	26	4	44	70	129	184	28	
56	8	132	4	0	29	0	105	49	180	
0	80	21	16	0	34	10	206	18	178	
36	0	122	0	13	140	37	52	0	163	
140	84	46	52	35	12	0	174	0	20	
42	52	1	10	6	44	78	232	36	62	
80	34	14	4	76	144	30	181	0	0	
34	43	2	14	75	38	0	197	148	12	
16	29	35	0	0	112	32	32	100	207	
0	62	16	16	131	0	32	74	17	215	
45	59	0	18	8	134	34	78	187	0	
44	32	5	0	24	22	72	128	44	192	
60	6	60	73	21	9	0	220	0	114	
42	32	0	0	115	48	78	127	61	60	
75	114	0	0	4	41	80	156	28	65	
60	36	9	0	4	44	87	91	40	192	
57	48	82	32	0	58	36	0	43	207	
46	33	2	2	4	33	83	260	76	24	
0	36	112	24	76	24	2	198	45	46	
48	58	125	11	58	11	76	0	0	176	
34	4	42	0	8	0	117	233	12	113	
52	68	0	112	33	8	34	199	57	0	
145	58	81	8	4	68	0	16	0	183	
45	40	8	0	4	10	70	232	36	118	 ***
89	86	37	50	0	28	52	146	0	75	
42	40	8	4	4	58	70	101	36	200	
10	50	61	102	0	8	51	218	63	0	
0	16	48	17	8	0	22	239	205	8	
26	54	5	0	52	34	20	145	24	203	
47	34	4	0	4	43	103	78	44	206	

46	56	16	0	4	51	102	115	223	86	
52	24	16	0	52	35	118	103	28	271	
46	153	2	7	0	64	232	160	35	0	
47	33	91	0	52	22	71	211	82	90	
89	58	32	12	12	7	0	250	60	179	
70	13	58	11	28	26	149	42	238	64	
3	65	146	90	72	112	0	0	27	184	
50	45	12	8	20	2	102	276	36	148	
42	60	68	0	4	22	102	264	69	68	 ***
0	47	20	0	16	69	70	228	33	216	
44	47	0	74	12	81	36	166	239	0	
45	24	16	0	36	7	156	247	48	120	
43	64	20	0	4	139	74	142	68	145	
14	89	12	0	54	122	150	223	35	0	
37	34	12	30	105	7	31	265	0	178	
49	11	63	40	2	86	209	153	86	0	
56	32	48	0	4	65	70	102	64	258	
74	50	30	23	30	72	0	192	44	184	
58	24	40	36	8	33	70	250	96	84	

40	28	28	2	16	20	110	252	69	36	
85	28	28	0	14	20	106	223	61	36	 ***
48	20	28	0	4	20	215	147	39	80	
40	16	36	28	13	93	249	104	0	22	
40	32	28	0	4	33	102	118	29	215	
42	34	60	0	5	28	82	107	38	205	
66	123	83	0	78	26	24	73	128	0	
44	28	28	0	5	28	213	135	60	60	
13	11	5	84	12	0	268	160	0	48	
40	28	35	0	4	20	109	245	64	56	
42	28	33	0	0	32	76	115	69	206	
40	28	44	0	5	22	118	248	28	68	
10	0	0	75	74	64	16	94	46	222	
34	58	14	79	30	6	37	95	0	248	
58	39	48	35	44	68	202	55	52	0	

6	40	94	20	35	0	44	232	31	78	
164	17	12	39	38	0	25	157	0	128	
40	46	34	0	30	0	40	135	193	62	
41	41	89	0	32	9	85	217	0	66	
62	56	75	40	3	9	0	0	107	228	
42	28	28	0	20	4	70	131	205	52	
40	44	38	16	12	22	38	252	88	30	
40	28	30	14	20	34	72	137	12	193	
50	32	46	0	40	4	40	254	20	94	
63	30	28	19	28	6	40	254	84	28	 ***
35	28	44	0	4	4	103	254	46	62	
130	10	23	5	12	16	116	68	0	200	
40	44	40	0	18	0	90	127	14	207	
74	56	10	53	91	14	0	85	197	0	

45	10	38	39	33	42	4	236	120	0	
9	8	58	16	30	52	205	95	76	18	
56	30	42	53	24	6	38	117	26	175	
4	21	9	30	45	23	67	221	121	26	
65	39	24	19	24	8	22	128	57	181	
57	35	30	18	20	10	41	114	40	202	
27	25	4	14	26	25	32	259	105	50	
25	38	30	24	116	2	36	168	52	76	
12	66	10	83	49	39	16	252	20	20	
38	53	12	154	28	72	0	28	0	182	
65	24	25	17	26	6	42	124	57	181	
34	7	47	0	24	81	46	257	18	53	
49	23	27	133	92	53	0	0	53	137	
15	22	17	74	18	36	21	233	34	97	
55	13	20	5	9	21	29	148	217	50	
83	22	28	16	48	16	38	240	64	12	 ***
8	39	18	0	2	0	38	164	40	258	
16	7	54	9	29	42	20	218	136	36	
124	0	24	77	22	0	50	171	49	50	
20	22	20	72	0	128	24	215	44	22	
57	32	30	16	32	8	40	225	40	87	
40	24	36	38	2	109	0	88	189	41	
0	38	10	13	56	4	32	252	152	10	
64	22	28	17	42	14	36	256	36	52	
28	33	148	24	21	0	96	0	161	56	
57	24	29	22	24	18	38	262	32	61	
0	34	142	30	70	42	0	74	10	165	
27	27	27	4	4	16	19	197	212	34	
20	58	8	34	36	0	231	76	56	48	
14	10	30	16	54	54	80	247	62	0	
60	30	32	25	20	14	40	113	20	213	
23	9	130	28	85	0	0	53	8	231	
57	30	28	53	24	14	38	110	32	181	
60	22	26	20	28	10	213	144	32	12	
69	22	48	17	20	11	78	258	32	12	

61	24	22	17	24	18	46	138	26	192	
51	23	8	90	32	36	12	58	258	0	
78	25	8	40	0	128	15	193	23	58	
61	22	20	18	26	38	80	266	24	13	
13	2	20	10	22	33	19	229	22	198	
60	18	12	18	25	23	38	251	70	53	
20	17	2	30	16	20	28	255	137	43	
12	8	18	14	47	13	150	262	32	12	
60	30	12	22	26	17	46	263	78	14	
26	30	7	34	0	10	24	156	19	262	
41	31	0	136	82	15	55	140	45	23	
85	23	115	0	26	16	56	170	25	52	
135	44	1	32	28	42	105	25	156	0	
27	31	18	16	24	12	134	222	0	84	
10	42	44	0	11	108	14	201	44	94	
12	50	61	42	32	72	105	183	11	0	
91	37	117	0	0	22	66	33	24	178	
31	32	12	52	34	18	38	133	29	189	
38	73	31	11	48	32	20	0	97	218	
38	52	41	38	5	35	47	89	223	0	
25	26	13	54	25	62	82	213	0	68	
13	35	20	19	21	119	204	36	101	0	
85	34	38	16	26	16	72	244	24	13	 ***
69	51	43	15	52	28	76	179	55	0	
44	4	10	35	73	122	74	34	172	0	
47	12	20	22	10	25	0	145	59	228	
105	52	65	35	89	12	58	66	86	0	
30	15	26	45	55	152	23	201	21	0	
20	41	16	138	20	0	71	161	69	32	
13	24	34	13	2	16	12	203	208	43	
41	21	75	13	0	27	20	258	34	79	
24	16	24	20	17	24	131	260	26	26	
33	24	15	46	35	88	211	70	46	0	
80	88	80	17	16	56	32	187	12	0	
65	24	12	19	54	16	46	260	8	64	

56	42	20	86	28	7	71	103	64	177	
14	0	8	35	52	58	262	0	214	11	
63	16	17	49	30	30	115	244	49	41	
107	4	0	2	0	36	48	264	164	29	
11	63	38	19	26	9	6	233	80	169	
71	36	17	16	26	43	46	138	59	202	
148	0	28	130	11	34	0	200	59	44	
19	0	10	4	1	28	52	321	183	36	
58	28	12	90	34	6	54	116	48	208	
43	36	12	16	23	54	79	132	0	259	
0	24	8	34	54	1	34	2	168	329	
78	30	12	48	26	15	38	141	44	222	
15	64	12	120	8	22	70	87	48	208	
40	10	0	17	38	0	278	201	16	54	
0	107	34	0	109	32	45	45	20	262	
46	31	28	53	22	14	72	264	64	60	 ***

4	67	85	8	113	0	16	88	305	31	
22	55	40	28	22	8	58	268	24	192	
40	21	20	57	41	61	61	231	133	52	
38	25	22	53	22	44	120	109	156	128	
12	24	13	69	74	17	229	0	237	42	
33	42	20	38	29	52	32	241	208	22	
40	2	52	14	37	0	245	39	52	236	
4	34	62	52	10	62	0	236	40	217	
38	0	54	66	36	0	47	197	31	248	
38	46	20	57	24	33	86	136	56	221	
71	102	20	34	3	0	221	189	67	10	
45	20	17	0	4	44	257	206	30	94	
66	31	13	102	23	133	33	84	232	0	
38	30	20	70	22	8	102	114	145	168	
58	6	58	74	0	24	230	41	0	226	
14	32	28	52	111	20	92	83	78	207	
16	8	18	16	6	36	52	266	176	123	
42	21	29	56	42	12	88	141	76	210	
6	33	28	56	61	44	55	70	154	210	
38	27	32	52	42	34	125	242	57	68	 ***
20	53	4	40	45	18	201	74	262	0	
80	9	17	78	0	6	42	10	258	217	

36	27	22	24	46	34	115	257	57	104	
30	50	0	50	12	54	50	246	136	94	
36	35	20	20	44	34	139	146	59	189	
38	27	20	20	42	34	119	257	57	108	
94	71	18	83	39	101	67	185	0	64	
14	66	162	10	26	34	0	244	10	156	
4	27	28	26	74	72	243	123	57	68	
27	4	40	84	68	35	20	295	8	141	
36	27	32	20	66	30	107	138	57	209	
32	93	148	16	0	13	35	24	297	64	
9	23	30	12	41	18	117	272	50	150	
22	29	51	48	60	16	37	252	181	26	
16	80	50	1	48	69	316	124	16	2	
38	27	56	20	42	30	95	257	89	68	 ***
10	104	22	22	105	36	96	259	0	68	
8	66	10	50	5	21	157	262	40	103	
0	9	65	50	37	124	32	234	58	113	
20	54	36	128	38	13	30	314	65	24	
36	27	20	61	44	35	92	164	48	195	
10	44	39	16	45	68	76	260	72	92	
55	87	70	47	125	17	94	205	22	0	
38	35	29	72	24	45	51	218	0	210	
20	121	16	58	10	76	63	242	18	98	
56	13	4	66	74	41	129	255	22	62	
10	35	32	70	99	134	131	182	29	0	
31	60	50	57	75	141	40	39	229	0	
93	15	44	102	42	80	89	36	221	0	
179	16	12	16	54	56	260	55	74	0	
35	76	6	45	12	35	133	271	16	93	
114	4	31	36	70	82	297	72	0	16	

10	42	84	32	74	0	150	274	22	0	
38	24	64	12	74	26	219	113	54	64	
0	72	70	52	72	67	18	292	45	0	
6	30	59	12	118	24	61	117	56	205	
0	4	48	58	0	0	18	277	269	14	
128	62	66	68	24	32	308	0	0	0	
4	36	2	44	53	56	136	285	48	24	
93	24	42	0	52	20	55	16	79	307	
0	42	20	34	0	0	20	262	62	248	
40	32	10	32	26	0	68	326	42	112	
0	0	124	64	0	0	40	254	197	9	
3	12	32	30	0	68	277	0	14	252	
36	64	68	44	8	60	35	313	60	0	
2	70	2	17	32	46	322	101	48	48	
6	32	52	55	40	24	106	110	67	196	
6	22	36	4	40	60	212	147	97	64	
9	22	54	8	48	26	99	160	57	205	
14	22	60	4	42	24	134	223	96	69	 ***
32	0	0	12	32	92	274	192	2	52	
8	22	87	4	48	28	121	110	56	204	
6	54	52	4	44	50	71	236	65	106	
23	22	22	5	118	26	82	193	89	108	
14	46	74	0	56	24	16	286	105	67	
38	128	66	0	16	40	0	255	129	16	
8	22	52	4	40	34	213	133	60	122	

12	28	56	4	48	24	220	129	105	53	
10	2	80	111	116	76	0	28	0	256	
46	42	36	20	0	155	64	52	0	264	
12	22	68	4	44	24	220	136	96	53	
28	22	60	4	50	24	70	220	80	121	
4	4	80	50	44	0	31	285	149	32	
141	48	58	34	108	96	18	176	0	0	
28	26	60	0	40	24	106	165	173	57	
8	6	38	74	24	54	0	295	148	32	
0	67	16	2	0	28	115	265	90	96	
6	8	6	84	68	4	144	273	58	28	
79	19	52	0	0	64	82	0	113	270	
135	12	61	48	16	0	225	116	66	0	
16	36	64	0	10	40	0	348	132	33	
68	4	8	8	116	0	126	0	58	291	
36	60	12	0	18	46	200	249	0	58	
0	4	8	54	72	8	35	296	80	122	
16	139	92	74	0	14	22	258	64	0	
40	54	48	12	32	30	0	275	130	58	
6	52	76	12	0	0	298	11	74	150	
12	22	60	6	40	28	102	220	136	53	
54	0	80	24	6	32	128	315	0	40	
110	12	64	0	0	24	28	299	100	42	
92	0	122	24	32	70	16	0	38	285	
28	22	68	4	40	24	106	220	114	53	 ***
14	22	100	6	56	24	102	222	80	53	
72	44	91	12	54	0	52	97	257	0	
111	62	4	132	0	0	84	32	28	226	
44	18	20	36	38	52	164	279	28	0	
58	0	44	38	42	12	14	292	36	143	

30	20	4	0	46	16	86	200	66	186	
0	16	95	104	0	98	33	36	260	12	
24	0	36	48	20	38	0	269	71	148	
97	12	10	20	0	123	100	229	42	21	
60	0	34	0	72	3	254	155	64	12	
18	0	16	4	40	34	264	146	84	48	
24	0	41	34	10	0	269	76	168	32	
40	44	106	125	4	58	0	261	0	16	
4	3	2	109	36	129	82	289	0	0	
20	100	41	82	67	28	64	232	20	0	
24	16	65	8	16	24	78	237	102	84	
6	72	7	98	0	56	110	279	26	0	
0	52	66	0	110	94	0	220	0	112	
0	28	56	0	100	66	126	260	8	10	
20	50	4	0	8	16	110	230	160	56	 ***
40	106	2	60	33	18	68	241	0	86	
20	29	8	0	8	52	112	131	98	196	
86	42	112	2	0	66	258	0	88	0	
0	12	36	74	0	0	37	228	40	227	
0	42	8	0	48	10	64	238	26	218	
20	16	7	0	8	64	78	231	66	164	
29	66	0	48	0	38	0	222	190	61	
4	26	0	16	102	133	32	258	68	15	
44	20	42	32	40	10	37	254	166	9	
24	24	2	12	1	40	146	252	88	65	
20	49	8	0	12	48	180	169	64	104	
20	18	8	0	20	17	114	165	96	196	
102	20	20	16	24	70	82	278	42	0	
0	34	68	44	6	41	0	270	40	151	
118	0	87	40	16	19	70	266	0	38	

8	40	26	72	0	0	12	300	0	102	
16	34	16	0	0	0	101	242	78	73	 ***
4	66	0	22	0	0	118	314	36	0	
0	0	8	0	0	0	30	324	158	40	
100	0	8	36	0	4	56	284	72	0	
0	42	16	68	4	0	0	292	138	0	
2	48	0	0	48	64	10	301	71	16	
16	34	12	16	0	4	102	242	78	56	
0	40	8	8	0	2	48	275	179	0	
16	34	4	2	20	0	86	244	78	76	
16	34	4	0	4	0	147	231	98	26	
0	48	0	72	54	0	0	80	306	0	
0	36	0	2	0	0	0	229	249	44	
0	0	4	0	0	0	174	246	32	104	
0	0	155	0	32	68	0	223	0	82	
0	176	64	0	0	40	0	238	0	42	
16	32	8	0	4	24	126	310	8	32	
0	153	80	0	16	0	0	64	0	247	
24	36	4	0	4	0	136	234	94	28	
0	0	0	2	0	8	253	64	0	233	
72	64	36	16	74	0	0	288	0	10	
16	34	8	0	4	0	102	234	80	82	
0	16	10	0	16	4	0	310	172	32	
91	36	78	0	0	36	0	319	0	0	
16	42	4	0	4	0	105	237	96	56	
16	50	4	0	4	10	136	234	78	28	
16	50	6	0	8	0	104	242	78	56	

38	96	121	0	32	77	28	276	0	0	
48	38	16	0	64	19	285	96	78	24	
52	156	32	12	64	0	0	244	108	0	
40	64	42	32	10	0	0	241	52	187	
66	44	12	68	48	16	179	198	0	37	
81	40	171	40	32	0	0	0	228	76	
4	98	68	8	0	14	214	235	27	0	
79	2	40	36	0	36	215	192	68	0	
34	0	121	0	60	0	104	60	289	0	
36	0	12	0	72	44	173	256	66	9	
20	34	48	8	12	32	309	52	95	58	
8	75	20	36	36	36	221	172	16	48	
64	0	10	0	0	32	170	248	80	64	
49	34	21	64	0	8	84	262	86	60	
0	115	4	0	44	64	224	217	0	0	
127	40	18	68	64	117	0	0	234	0	
0	36	69	66	10	48	113	326	0	0	
16	4	76	127	0	0	291	108	0	46	
16	74	20	32	0	0	98	266	82	80	 ***
32	16	44	42	0	46	127	240	80	41	
56	34	16	0	0	32	329	68	72	61	
44	98	16	0	0	36	146	256	48	24	
0	156	48	0	0	44	249	0	48	123	
40	21	2	16	36	64	174	243	4	68	
72	4	88	109	8	45	0	34	308	0	
4	0	48	22	0	39	0	243	234	78	
64	86	12	0	4	0	324	0	133	45	

74	68	32	32	0	120	98	239	50	0	
0	38	40	68	82	11	72	263	95	44	
66	36	4	38	0	41	28	272	172	56	
0	148	16	147	0	0	67	99	153	83	
32	84	46	48	72	34	0	182	0	215	
27	0	122	0	40	40	148	196	140	0	
44	0	100	40	66	30	0	289	96	48	
37	55	0	74	60	40	64	278	105	0	
32	0	124	68	49	116	0	212	0	112	
104	80	32	8	0	41	149	199	0	100	
0	32	0	107	4	32	16	40	216	266	
118	36	36	0	8	32	64	288	0	131	
36	40	96	8	0	4	252	167	78	32	
4	52	0	76	67	0	36	280	88	110	
32	38	32	72	38	0	219	242	40	0	
36	124	72	72	32	53	212	0	32	80	
0	112	114	36	0	0	121	53	120	157	
49	0	94	32	6	72	118	272	70	0	
4	76	48	34	0	3	136	253	84	75	
0	78	82	44	7	0	92	224	78	108	
0	118	20	32	40	0	81	162	197	63	
48	120	37	0	84	0	82	278	0	64	
66	48	90	131	40	68	70	200	0	0	
100	40	4	80	0	48	40	275	0	126	
24	12	7	32	38	64	32	268	52	184	
0	0	60	32	64	66	56	267	36	132	
32	34	48	50	32	8	36	216	217	40	
46	32	84	5	84	4	0	264	81	113	
32	76	52	36	0	68	0	282	121	46	
40	54	36	137	0	0	104	69	0	273	
0	106	48	32	0	10	101	244	88	84	 ***
0	40	0	12	66	76	0	279	146	94	
66	80	16	32	0	0	133	224	110	52	
66	74	17	71	0	80	190	0	0	215	
34	8	52	35	54	12	134	280	37	67	

0	147	40	0	32	20	196	247	0	0	
126	2	0	36	0	80	0	266	12	160	
55	68	1	47	82	16	117	270	26	0	
16	117	44	33	0	30	38	238	82	84	
0	0	6	36	20	0	208	286	34	92	
42	0	84	0	8	48	0	262	32	206	
0	64	13	64	0	4	154	289	94	0	
0	66	32	33	0	42	72	313	74	50	 ***
0	32	38	81	0	122	269	32	108	0	
128	2	64	8	0	13	154	287	0	26	
112	8	0	72	64	113	24	281	8	0	
8	123	64	0	89	0	8	282	100	8	
72	8	14	32	48	0	0	300	208	0	
8	0	36	32	2	8	41	304	58	193	
0	0	8	3	48	0	64	300	42	217	
4	64	20	32	98	165	41	258	0	0	
40	0	0	146	0	0	0	184	0	312	
0	91	44	32	0	10	91	254	108	52	
36	74	64	40	1	28	36	259	90	54	
64	0	91	32	0	80	17	306	28	64	
151	24	2	48	6	1	128	270	52	0	

8	44	34	0	48	0	66	307	0	136	
0	42	32	48	0	16	8	343	0	154	
44	50	37	12	0	0	65	263	162	10	
72	20	120	0	84	32	16	287	12	0	
0	42	150	0	0	0	98	305	48	0	
0	28	8	0	0	147	0	8	247	205	
40	8	2	10	8	4	44	309	186	32	
16	0	0	8	166	56	104	293	0	0	
88	0	30	0	80	0	83	288	0	74	
0	42	16	1	12	39	36	317	74	106	
4	8	0	0	72	0	229	266	0	64	
10	2	44	40	36	0	198	313	0	0	
56	126	16	0	0	42	15	274	48	66	
0	36	32	13	0	39	40	325	82	76	 ***
33	28	0	16	20	72	0	346	4	124	
0	0	0	8	64	4	0	277	188	102	
8	62	32	2	0	36	70	315	72	46	
0	83	0	0	0	0	50	282	166	62	
1	18	0	0	0	20	346	188	0	70	

64	8	2	0	30	80	4	278	153	95	
78	20	79	98	40	0	34	307	58	0	
107	0	20	4	98	62	271	4	148	0	
32	2	0	72	16	16	152	305	115	4	
94	36	92	19	0	44	128	281	10	10	
48	40	60	2	66	0	199	273	26	0	
0	166	41	112	56	92	235	0	0	12	
37	37	36	13	0	58	43	287	100	103	
48	50	90	38	55	71	88	274	0	0	
64	105	4	18	0	43	172	266	0	42	
0	56	9	155	0	84	122	48	0	240	
52	10	24	0	32	15	243	230	40	68	
32	26	73	69	34	0	80	273	61	66	
52	2	64	32	4	12	58	331	159	0	
12	58	84	11	42	48	181	278	0	0	
0	40	32	17	36	39	44	291	136	79	
0	0	16	58	58	35	16	160	297	74	
0	40	24	48	36	18	65	230	197	56	
92	48	4	4	66	72	1	158	269	0	
2	116	44	22	112	48	266	0	104	0	
2	21	32	16	12	50	36	317	40	188	
2	18	54	34	26	40	0	32	254	254	
24	40	8	5	0	52	182	349	18	36	
47	98	0	0	32	46	41	254	98	98	
12	158	0	32	56	42	0	156	34	224	
19	9	0	16	8	89	0	269	56	248	
34	62	42	60	8	44	174	0	281	9	
0	68	20	13	0	38	38	288	138	111	
2	54	32	13	7	24	40	340	100	102	
78	0	46	56	9	40	72	255	32	126	
0	44	64	64	0	46	45	291	80	80	 ***
10	0	32	4	64	4	330	34	202	34	
16	0	44	47	168	72	136	0	0	231	
0	10	54	12	36	21	168	278	0	135	

38	65	0	8	24	50	42	214	69	258	
0	131	82	9	90	90	44	0	283	39	
49	98	52	102	131	58	236	0	42	0	
48	24	122	82	66	148	39	0	0	239	
18	73	68	64	107	105	50	283	0	0	
24	102	64	105	48	48	84	281	12	0	
24	0	70	52	48	32	55	0	223	264	
0	76	0	74	1	34	77	281	121	104	 ***
88	133	4	40	18	35	67	290	49	44	
0	122	64	58	0	21	50	285	83	85	
0	74	32	42	0	38	95	107	96	284	
3	30	40	64	70	48	34	32	274	173	
38	24	72	0	127	51	0	33	290	133	
0	0	66	22	73	0	70	277	96	164	
0	40	64	82	0	34	72	96	121	259	
64	45	74	70	70	16	87	268	0	74	
104	104	84	92	0	8	80	0	85	211	
131	16	40	32	80	92	0	0	164	213	
52	27	101	64	140	0	18	280	86	0	
49	2	66	0	44	72	132	253	16	134	
50	67	20	101	0	40	49	60	63	318	
0	80	22	0	0	145	156	144	181	40	
36	12	130	90	0	32	12	275	156	25	
36	41	65	77	48	128	0	128	4	241	
65	75	37	144	36	50	0	245	0	116	
56	40	102	40	17	58	100	257	98	0	
0	42	103	142	81	0	116	24	260	0	
8	16	36	166	66	41	160	48	227	0	
33	16	0	24	76	33	27	207	80	272	
0	86	28	74	0	34	41	295	97	113	
64	44	42	34	68	8	39	231	32	206	
115	74	0	64	77	165	0	0	209	64	
17	50	43	2	66	60	67	214	51	198	
82	36	42	0	42	49	34	267	128	88	
74	100	24	84	65	10	131	262	0	18	
0	42	53	42	0	66	221	178	80	86	

