#80	80	196	160	224	0	996	560	864	5180	 ***
#0	192	832	0	80	192	2444	112	4088	400	
#2256	400	320	80	112	112	484	240	3952	384	
#0	164	164	512	224	4	3632	2248	0	1392	
#800	400	2212	0	0	240	2856	0	1208	624	

84	496	32	244	144	516	0	832	1748	3456	
240	84	356	560	240	352	0	356	4772	592	
340	1056	628	240	160	32	1120	0	0	3976	
80	0	544	160	112	0	832	832	352	4640	 ***
80	80	272	272	144	0	832	752	400	4720	
384	112	0	80	192	0	1780	480	3636	888	
0	112	84	320	704	628	0	4856	304	544	
352	160	1204	160	144	160	0	336	352	4684	
64	320	192	320	64	436	0	5044	228	884	
160	80	32	848	400	592	512	280	4648	0	
144	192	304	484	228	1268	896	0	4036	0	
304	160	160	304	320	724	1316	240	0	4024	
880	412	112	0	0	432	432	528	192	4564	
512	0	224	160	192	32	832	720	240	4640	
80	0	192	192	144	80	512	1280	400	4672	
80	80	192	160	112	80	868	1072	240	4668	

0	0	432	192	352	0	192	1924	272	4700	
0	32	512	160	112	0	192	1792	752	4512	 ***
32	2324	96	0	512	0	1352	1124	912	1712	
832	1872	2672	32	80	400	2032	0	144	0	
512	752	32	112	0	448	912	4864	432	0	

512	160	32	416	272	192	304	0	5380	2112	
0	32	400	160	784	0	192	1632	1552	4628	 ***
1088	1664	304	112	704	0	1872	560	0	3076	
112	912	224	736	400	80	1712	624	768	3812	
32	160	336	32	752	0	2032	3828	0	2208	
0	0	304	80	1072	192	0	1712	4996	1024	
80	608	160	304	192	0	1280	544	4980	1232	
80	240	784	0	32	160	5860	640	400	1184	
80	432	640	160	0	0	512	2304	752	4500	
384	240	0	272	0	304	0	4100	2784	1296	
1552	400	304	928	32	880	0	0	3620	1664	
672	2688	272	1072	0	384	144	352	3796	0	

704	320	32	720	416	800	0	1440	64	5152	
0	32	352	320	752	0	32	752	2912	4496	
160	160	192	592	0	832	1680	0	1664	4368	
2032	0	32	0	0	1264	5104	112	1104	0	
0	32	512	160	752	0	32	1552	2112	4496	 ***
0	864	480	0	0	1392	864	640	752	4656	
160	32	1040	176	592	1552	32	672	1024	4368	
0	32	480	240	1424	0	432	784	1472	4784	
480	800	2896	0	1280	96	2560	480	912	144	
880	672	0	160	640	0	0	4896	672	1728	
80	560	0	640	1520	0	4688	1360	800	0	

0	272	512	160	752	0	80	1472	2112	4064	 ***
1440	32	320	0	832	192	1520	3104	1984	0	
80	672	752	480	112	112	192	1632	1760	3632	
80	1680	80	0	480	0	3152	112	352	3488	
160	640	192	400	0	160	0	5056	1904	912	
640	112	672	240	144	0	32	1712	1520	4352	
320	384	800	2944	272	832	0	0	1424	2448	
0	1968	160	1120	672	800	1232	0	1168	2304	
112	32	0	1440	832	784	0	992	1024	4208	
192	240	272	320	1280	160	720	2928	32	3280	
880	272	1232	832	352	912	4304	0	640	0	
0	32	1264	160	112	0	32	2032	1760	4032	
0	192	832	160	512	0	3104	1712	1440	1472	
432	1728	1392	0	720	560	2496	1312	784	0	
192	832	272	800	800	240	160	1200	720	4208	
912	320	32	0	464	480	752	5024	1200	240	
800	160	0	80	272	1424	640	3472	1072	1504	
1632	32	1264	1120	160	832	2432	0	0	1952	
240	512	0	1072	160	112	0	1216	1664	4448	
272	1392	160	160	1040	0	432	1664	992	3312	
2256	320	1200	672	160	352	256	0	400	3808	
1792	1712	464	0	1024	224	192	4016	0	0	
960	32	720	80	1072	2512	0	3056	0	992	
400	112	592	240	192	0	144	2032	2080	3632	
800	112	160	832	240	1440	272	880	352	4336	
1360	832	1536	432	576	0	224	0	1232	3232	

0	192	512	0	752	0	240	1440	1184	3120	 ***
352	400	640	320	0	192	160	272	2960	2144	
0	192	512	32	752	0	160	1120	3088	1584	
0	192	512	0	720	0	160	1152	2960	1744	
0	432	80	1184	800	592	0	0	2768	1584	
640	192	272	0	800	320	0	3584	272	1360	
240	0	480	272	720	192	560	2048	640	2288	
0	160	112	960	0	224	3744	720	1200	320	
0	192	544	0	992	0	0	1312	832	3568	
1040	240	0	160	480	400	0	1520	3296	304	
0	192	512	320	864	0	160	1440	672	3280	
1392	0	0	384	224	240	0	2320	1072	1808	
0	672	320	0	1280	1104	32	160	3712	160	
592	1312	1536	352	480	752	112	32	0	2272	
0	192	512	0	752	0	32	1120	3056	1776	

80	192	516	436	640	352	480	0	1796	3088	
960	0	240	1028	1648	0	320	2472	272	640	
164	160	548	0	916	0	320	800	1264	3408	 ***
276	496	752	0	0	720	304	960	1432	2640	
596	516	272	0	2864	112	0	308	480	2432	
592	272	160	0	1764	320	0	3636	80	756	
80	320	280	0	640	0	432	800	1540	3488	
4	868	192	560	1312	836	0	1856	1952	0	
480	196	720	2496	352	336	0	464	192	2344	
0	0	240	240	1508	0	944	80	1860	2708	
640	1124	80	192	80	360	1040	3584	480	0	
4	164	592	80	32	0	468	800	1616	3824	
1392	112	324	720	560	320	560	692	0	2900	
0	240	512	4	916	0	528	800	1664	2916	

324	240	596	640	2320	0	512	880	1328	2836	
0	240	752	1080	1152	724	2560	256	2912	0	
1584	1072	644	0	432	1188	624	0	2864	1268	
164	240	2292	160	916	320	0	2640	1264	1680	
484	320	596	240	912	0	3168	1360	1392	1204	
192	160	596	640	880	320	0	880	3968	2040	
192	560	1076	0	960	320	1248	800	1104	3416	
676	160	596	480	2388	0	192	832	1344	3008	
408	480	640	592	272	1440	3604	0	1600	640	
404	404	304	192	992	192	0	4304	0	2884	
804	720	516	0	752	0	2176	960	2544	1204	
756	32	1040	1616	240	0	1508	564	432	3488	
1040	0	564	240	1040	1920	1028	228	0	3616	
884	480	516	0	1156	0	480	800	1984	3376	 ***

244	480	356	0	320	0	672	2496	1328	1844	
144	320	880	1232	80	480	0	308	2180	2116	
320	160	352	1076	1156	1696	1600	1348	32	0	
244	672	676	0	320	0	640	720	1264	3204	
432	1312	160	0	960	1920	1152	1484	320	0	
644	640	480	548	916	0	896	3104	512	0	
0	400	800	352	656	484	0	3728	320	1000	
0	240	192	2356	324	0	0	404	1744	2480	
244	560	516	160	676	0	480	720	1184	3200	 ***
244	480	516	352	320	0	480	800	1264	3284	
32	400	880	2340	672	1240	1200	224	752	0	
244	480	356	320	356	0	480	800	1504	3200	

244	480	36	576	1232	0	512	720	1120	3284	
356	0	784	864	320	0	1280	272	1028	3300	
1488	4	272	592	944	624	884	800	352	2244	
84	672	720	1280	80	96	676	2804	1600	192	
1072	240	0	0	36	960	832	2144	480	2440	
244	640	516	160	464	0	592	80	1184	4324	 ***
996	432	416	880	1264	996	484	432	0	2304	
240	0	960	84	512	464	3924	1556	464	0	
548	80	272	384	1632	832	720	0	756	2980	
240	512	116	432	0	400	2148	592	0	3764	
0	0	596	384	320	964	532	3904	0	1504	
8	512	720	240	2512	704	2000	0	1508	0	
672	80	1076	192	1028	704	0	1040	900	2512	
356	800	1104	80	272	276	1264	0	1556	2496	
276	320	560	160	240	592	1988	112	276	3680	
1456	560	196	0	0	624	800	3460	944	164	
244	800	484	160	784	0	800	720	1216	2996	

240	320	384	1876	548	832	0	644	944	2160	
512	488	160	320	0	480	1280	484	384	3840	
164	640	84	512	464	0	880	0	880	4324	 ***
320	240	272	0	800	560	356	404	1104	3892	
164	672	164	320	432	0	560	80	880	4676	
160	160	80	592	560	752	1280	0	1708	2656	
520	1360	160	432	352	944	640	0	564	2976	
832	32	544	884	440	912	400	0	1072	2832	
164	880	164	400	432	0	480	0	704	4724	
352	720	272	912	756	880	960	0	1044	2052	
32	320	400	400	2336	240	1152	160	2508	400	
272	0	516	240	880	0	432	516	3668	1424	
120	352	2096	160	2404	0	0	112	752	1952	
1184	1684	512	436	432	576	0	2128	996	0	
240	640	196	320	432	0	480	160	800	4680	
0	512	408	992	352	0	2112	352	480	2740	
0	192	352	388	192	836	1300	2400	0	2288	
160	1828	1552	160	496	756	0	1344	0	1652	
0	320	1280	1316	592	272	1220	900	2048	0	
0	484	512	0	912	560	3816	144	1280	240	
832	720	1124	516	564	720	0	3056	416	0	

324	32	1200	192	1428	720	624	640	304	2340	
628	80	160	0	240	624	200	512	3808	1552	
596	640	672	868	864	0	480	2948	480	256	
164	192	116	352	432	80	756	160	1280	4272	
160	192	144	352	512	240	880	0	1040	4284	
320	240	116	384	624	0	640	0	1200	4280	 ***
272	240	64	884	0	224	992	0	1272	3856	
400	240	704	516	160	480	544	640	304	3816	
196	164	84	512	576	0	2464	32	880	2896	
80	80	400	1184	304	628	400	464	644	3620	

80	32	464	0	672	0	320	240	3556	4172	
196	800	516	864	272	0	1280	320	2436	2852	
640	160	276	388	1328	0	960	1316	832	3636	
0	160	144	0	480	3460	32	1232	640	3388	
0	704	1440	464	4	400	3032	32	400	3060	
1360	192	0	672	516	880	112	832	4892	80	
0	0	960	1312	0	2112	4112	0	320	720	
640	160	192	224	272	640	800	160	1760	4688	 ***
1120	224	640	240	144	240	400	1916	880	3732	
592	884	32	2032	160	0	0	1712	1424	2700	
160	80	192	224	1568	0	1476	240	1520	4076	
992	160	1072	224	912	160	832	0	2436	2748	
240	0	720	352	304	800	320	1072	1992	3736	
400	880	32	352	800	388	436	1024	1040	4184	
640	32	752	320	32	192	1436	2272	832	3028	
1152	272	352	640	224	644	1040	1632	0	3580	
480	800	116	544	2464	0	1440	4	560	3128	
192	400	0	752	788	272	80	640	2544	3868	
4	1360	480	256	240	320	272	1312	320	4972	
960	164	112	864	1232	0	640	160	2224	3180	
160	160	116	224	880	320	3344	192	1120	3020	
160	272	80	160	320	1156	5084	320	1344	640	
160	2112	112	864	592	0	1316	0	2036	2344	
192	160	1236	1040	560	112	832	672	952	3780	
592	272	1184	480	0	2384	432	352	240	3600	
880	480	112	224	1552	0	1444	32	2320	2492	
160	480	544	976	272	0	3108	0	1760	2236	
516	676	420	244	624	960	1152	0	1232	3712	
880	480	640	640	32	164	1424	80	5084	112	
592	1600	1952	272	480	752	0	4	32	3852	

720	192	192	224	560	720	1152	160	2592	3408	
592	804	512	304	240	640	1440	320	1600	3468	
720	160	672	164	160	832	544	1312	196	5160	
308	80	464	800	592	1920	0	960	3252	1544	
432	240	160	512	1520	240	1636	1140	144	3896	
516	80	272	624	160	672	2400	960	1840	2396	
272	1600	196	352	1632	1076	960	112	400	3320	
1040	2496	804	352	1440	80	1120	912	0	1676	
388	1316	1072	1392	1920	512	1632	600	0	1088	
1600	352	112	0	160	112	1620	2032	640	3292	
640	160	592	256	832	800	1600	160	1792	3088	
592	192	4	0	560	1312	912	1632	1348	3368	
560	336	0	580	1040	352	3748	2160	0	1144	
640	724	272	192	320	640	800	160	1792	4380	 ***
2000	560	1408	0	1280	832	0	516	548	2776	
836	0	84	1472	400	992	656	992	1120	3368	
720	884	640	1376	624	1520	32	0	1856	2268	
720	0	80	304	964	1672	2128	0	1632	2420	
320	160	720	672	164	324	1264	2768	0	3528	
480	80	192	192	0	720	1444	1552	1440	3820	
640	324	0	320	1072	1540	404	400	5220	0	

720	804	272	192	160	672	320	160	1904	4876	 ***
640	724	272	384	320	640	640	272	1232	4956	
2000	920	272	1488	320	0	800	320	1312	2648	
240	32	32	1392	160	724	160	2452	1040	3848	
640	884	272	864	320	640	320	160	1072	4908	
160	1312	240	1232	592	0	516	80	1152	4796	
2000	0	992	160	224	0	1600	240	4864	0	
752	272	640	0	948	400	640	4844	1232	352	
640	724	272	272	160	672	992	240	1232	4876	
32	724	640	320	720	1872	64	516	32	5160	
400	676	240	0	1440	832	144	800	1780	3768	
720	724	272	192	160	720	320	912	1104	4956	
112	192	160	324	0	560	2304	144	1472	4812	
2240	964	496	756	1072	0	240	752	512	3048	
832	756	272	192	320	640	880	160	1152	4876	
144	8	0	1024	1712	432	832	880	1760	3288	
80	32	80	352	32	0	5472	560	1360	2112	
800	432	320	752	164	0	1072	960	752	4828	
1040	32	0	32	36	272	0	2724	960	4984	
0	1508	400	640	1120	36	192	1232	640	4312	

160	640	80	832	912	196	800	640	1232	4504	
640	1604	192	32	160	32	400	1760	1776	3400	
1712	80	0	0	880	320	912	4280	1812	0	
1280	240	272	240	0	704	980	1040	5240	0	
912	1056	0	560	640	32	160	1204	5272	160	
640	880	2240	84	160	64	240	1152	1984	2552	 ***
80	1360	720	80	480	640	4712	1492	0	432	
192	112	1360	800	160	0	1712	644	0	5016	
80	160	720	0	916	0	0	992	1812	5316	
192	884	160	0	160	672	1588	1824	1664	2852	
640	724	720	436	800	32	240	1904	1744	2756	
0	1024	1952	0	160	240	272	4344	2004	0	
0	0	1392	432	160	0	800	5352	1620	240	
480	80	160	112	1072	388	1392	5432	160	720	
80	800	2000	352	0	192	0	720	1620	4232	
752	724	800	196	160	32	400	1232	2384	3316	
800	964	160	432	832	68	960	1232	1696	2852	
640	752	944	0	960	272	276	5000	160	992	
640	724	192	0	1156	192	320	2592	2144	2036	
996	720	800	0	160	1348	240	1920	1472	2340	
160	1280	192	0	352	240	0	1748	1232	4792	
1440	724	240	32	160	32	1200	1268	1776	3124	
880	836	800	592	160	32	320	1860	1504	3012	

640	1072	160	880	32	160	640	544	1280	4748	
384	480	32	1600	480	1104	0	5356	0	720	
640	880	1440	432	160	32	964	948	1664	2996	
640	880	1684	160	320	32	320	1460	1664	2996	
192	1496	0	0	644	960	0	272	80	6512	
640	880	1600	116	160	32	432	2080	1664	2552	
640	964	1840	80	160	32	240	1264	1984	2952	
800	880	800	80	160	32	240	2940	1984	2240	
192	1916	240	0	1392	80	480	4832	160	864	
352	240	1440	80	0	800	1920	272	224	4828	
640	880	2484	80	160	32	708	832	1024	3316	
0	32	144	32	272	1280	880	800	2480	4236	
80	0	1200	832	1120	192	224	1040	800	4668	
1280	0	592	400	160	160	704	720	1280	4860	
640	912	1440	400	240	192	240	1380	1744	2968	
224	32	160	192	1680	480	800	0	2352	4236	
240	1280	80	720	32	480	1552	160	912	4700	
880	0	1152	400	624	1040	1280	320	0	4460	
0	160	1040	640	32	240	464	672	5036	1872	
160	0	32	240	1280	1392	720	0	1424	4908	
192	32	80	0	960	240	80	1872	5020	1680	
480	2008	1360	192	0	224	0	0	1360	4532	
1076	160	784	720	992	480	960	192	0	4792	
160	800	0	800	192	384	0	3228	112	4480	
960	880	1440	160	160	32	240	2940	1664	1680	
640	880	2240	80	160	32	240	1108	2224	2552	 ***
640	960	1440	80	160	32	352	2116	1824	2552	
640	880	1440	80	160	432	1396	912	1664	2552	

192	1484	1280	0	0	192	320	1600	84	3568	
320	320	724	112	80	640	0	2656	800	3068	
1444	80	1360	80	160	64	272	2504	1312	1444	
352	884	176	1372	80	640	880	0	80	4256	
400	1304	0	0	736	960	240	672	0	4408	
432	64	400	832	800	340	0	720	400	4732	
560	432	160	32	112	728	640	2504	32	3520	
320	160	1760	112	160	224	160	1716	1312	2796	
1120	112	320	1552	1716	32	80	0	0	3788	
320	720	1392	80	160	272	2236	672	1312	1556	
0	800	400	160	1040	880	0	112	1560	3768	
0	824	640	112	640	1120	4	0	800	4580	
352	80	2000	112	164	112	320	1464	1392	2724	 ***
1264	400	0	84	1280	80	880	80	832	3820	
160	644	32	720	640	320	0	3492	400	2312	
148	0	880	192	644	0	832	3000	0	3024	
704	0	1344	352	80	1120	752	0	4368	0	
32	88	512	640	432	880	192	3224	0	2720	
240	436	112	1636	0	0	4264	880	0	1152	
0	0	592	1716	112	644	192	240	3224	2000	
160	272	648	0	1120	0	0	832	3240	2448	
0	80	112	320	640	240	480	3576	2392	880	
560	704	0	80	640	724	240	752	640	4380	
320	112	1440	240	160	32	160	2756	2064	1436	
0	404	672	960	320	112	944	2428	80	2800	
404	80	1472	160	480	112	112	1792	1312	2796	
640	116	324	1904	400	0	960	1200	0	3176	
320	240	1360	160	160	32	784	1596	2544	1524	
112	0	800	0	80	0	32	2908	2912	1876	
512	880	160	784	644	720	400	80	0	4540	

640	0	480	112	0	3220	640	0	2484	240	
112	80	1280	272	160	80	720	3956	640	516	
320	160	884	32	112	0	0	0	1360	4948	
0	0	720	0	0	1104	0	5352	320	320	
0	560	272	960	80	80	0	4292	0	1572	
80	160	0	320	32	1828	0	0	880	4516	
1040	0	192	0	240	0	640	960	32	4712	
240	0	640	400	0	112	0	1312	0	5112	
400	0	720	320	32	0	0	1232	192	4920	
0	0	112	1792	0	32	240	560	0	5080	
352	80	80	880	160	468	0	960	0	4836	
0	0	32	80	0	0	160	5000	1744	800	
1748	192	80	0	320	0	480	1232	32	3732	
192	80	1280	112	160	80	112	1952	752	3096	
192	80	1280	192	160	80	720	1184	752	3176	
80	880	0	0	1424	0	80	4792	0	560	
1680	0	0	0	0	0	4836	672	320	308	
192	160	1440	112	160	80	80	4292	752	548	
0	0	0	80	0	0	0	5288	192	2256	 ***
32	32	32	0	0	0	800	0	1840	5080	
192	80	800	752	160	80	80	4292	752	628	
0	240	0	640	160	1232	0	0	5352	192	
0	912	1120	160	0	240	788	0	0	4596	
240	240	240	324	80	0	0	1152	960	4580	
1040	0	352	0	800	400	0	512	0	4712	
0	272	0	320	192	0	1680	240	272	4840	
400	160	880	320	0	80	32	0	1200	4744	
80	880	0	0	112	320	1200	0	0	5224	
560	80	0	1632	160	160	5224	0	0	0	
192	80	1280	192	160	80	720	3956	640	516	
624	0	0	320	320	0	80	992	5480	0	
112	80	1280	112	160	80	720	1344	912	3016	
192	80	1280	352	160	80	80	1872	752	2968	
320	160	32	84	752	1424	160	1156	1360	2368	
112	80	1280	112	160	80	720	2496	752	2024	
1440	400	240	0	160	32	5348	196	0	0	
720	320	0	916	0	0	432	80	4948	400	
80	640	960	160	320	32	320	400	276	4628	
0	0	752	480	1024	0	0	160	112	5288	

0	80	0	160	800	320	164	5144	32	2080	
192	0	240	1280	240	80	1616	0	0	5132	
0	0	0	480	0	0	5724	640	1856	80	
324	432	720	80	0	0	0	5000	192	2032	
240	0	1280	0	832	0	560	4956	112	800	
720	2680	0	0	640	880	0	2240	0	1620	
640	1236	160	0	160	0	320	5480	0	784	
164	160	0	160	800	32	0	4728	1024	1712	
432	0	240	0	32	160	1360	5644	672	240	
0	84	640	240	1040	36	0	0	5188	1552	
192	0	0	724	640	0	512	5240	272	1200	 ***
80	880	160	32	80	192	0	5720	0	1636	
0	960	0	160	0	80	1252	5848	0	480	
1120	0	640	384	80	720	320	5196	0	320	
0	0	0	2952	0	160	0	3696	736	1236	
0	80	352	80	1440	160	4504	0	2164	0	
0	640	800	320	240	0	192	5356	1232	0	
272	0	1272	672	240	800	0	4964	560	0	
352	0	320	720	800	0	160	5356	0	1072	
1472	0	880	0	0	160	752	800	0	4716	
160	0	640	3112	0	240	80	4052	336	160	
640	1616	0	0	0	0	720	5164	160	480	
2664	800	0	0	0	160	1440	3472	4	240	
0	0	964	0	0	560	0	2016	80	5160	
0	80	240	0	832	432	80	5756	800	560	
1312	960	400	160	0	0	0	752	192	5004	
320	0	0	240	752	0	836	5672	800	160	

244	192	0	1072	0	1440	0	1824	3960	0	
192	884	0	720	720	0	1040	5096	80	0	
480	0	80	916	640	0	832	4344	800	640	
1600	272	944	112	80	164	0	4440	0	1120	
800	1700	1280	0	160	0	4760	0	0	32	
320	0	0	724	0	1220	0	2836	2432	1200	
800	0	192	912	672	0	1600	4156	240	160	
0	112	112	1600	0	0	2212	0	432	4264	
80	0	2000	80	32	112	0	3320	864	2244	
912	192	112	640	720	0	192	3932	880	1152	
0	32	160	160	2216	0	640	0	640	4884	
2164	160	640	0	80	0	0	80	1280	4328	
432	0	0	672	640	84	1556	4196	240	912	 ***
2212	0	0	752	1440	0	272	2056	400	1600	
192	832	160	640	784	0	272	3932	960	960	
432	0	0	192	640	784	388	4216	240	1840	
1280	0	0	0	400	1472	160	2488	272	2660	
832	0	32	1520	640	0	584	3892	400	832	
832	0	0	720	720	192	80	4504	644	1040	
544	0	0	640	672	32	272	3932	320	2320	
832	80	112	640	1344	0	192	3932	640	960	
32	160	800	0	724	196	752	3828	2240	0	
640	880	752	560	356	880	400	4264	0	0	
2516	0	0	0	0	672	160	3272	2112	0	
80	640	596	0	1844	0	0	2912	2420	240	
32	320	720	708	0	80	3140	2932	800	0	
840	880	864	1124	0	320	0	0	0	4704	
384	0	112	640	640	240	1072	4012	240	1392	

800	320	0	644	672	160	800	5820	32	112	
0	160	272	0	112	4520	0	3624	0	672	
160	0	0	592	640	0	1060	6268	640	0	
752	0	0	832	676	80	1480	4276	1120	144	 ***
160	0	0	32	720	752	1040	6268	244	144	
80	2432	0	0	0	192	3016	0	800	2840	
0	640	0	1632	800	224	640	3956	1464	4	
960	164	160	1504	1664	84	0	4324	500	0	
800	0	720	0	0	0	832	5932	640	436	
400	80	480	672	800	80	916	5516	80	336	
160	1712	0	0	0	640	6268	0	320	260	
320	160	0	4	160	512	4536	2948	640	80	
400	160	0	1320	0	400	880	5416	0	784	
320	0	0	640	640	80	1232	6064	240	144	

320	1444	0	320	32	720	5900	640	192	0	
1200	644	32	32	32	160	3844	2584	800	240	
992	320	1504	0	160	0	160	4572	1860	0	
0	1620	0	640	0	800	0	2228	880	3400	
640	0	0	80	0	608	1308	4500	1600	832	
0	1268	160	0	320	160	1280	6188	192	0	
0	240	2996	160	0	0	272	4460	640	800	
400	752	352	36	884	80	1184	4056	192	1632	
384	80	0	672	0	84	820	5012	0	2516	
640	0	2820	1120	960	32	0	3996	0	0	
560	160	0	960	36	240	1972	4328	1200	112	
784	0	32	0	640	0	2784	4108	640	580	
168	996	352	0	0	720	1040	4420	560	1312	
480	80	356	800	196	80	980	4692	1120	784	
592	0	160	832	356	80	1312	4532	1592	112	
32	0	960	160	0	320	116	5548	1680	752	
512	884	0	832	116	80	1220	4532	1280	112	 ***
32	320	400	832	0	640	2032	5312	0	0	
192	192	960	1392	0	32	1284	4280	164	1072	
672	80	0	832	36	80	1640	4292	1824	112	
0	32	0	160	640	320	692	5724	2000	0	
832	160	320	160	192	0	2596	4748	160	400	
2036	640	0	0	720	1600	512	3868	192	0	
3508	192	0	240	320	948	4360	0	0	0	
0	640	192	272	160	164	1632	4484	1312	712	
480	320	0	880	36	240	1744	4844	880	144	
0	0	320	320	800	0	3140	4696	32	260	

432	32	912	1508	1636	2160	228	3688	0	0	
2596	160	1280	0	324	2432	3512	64	0	228	
244	0	160	320	0	784	4384	3952	640	112	
1072	2820	640	64	640	0	644	1360	3164	192	
640	320	112	4	432	720	896	6160	672	640	
320	0	352	672	1460	160	1716	4076	1840	0	
0	160	720	1184	1920	1492	4240	0	240	640	
432	0	32	0	964	960	672	3996	3268	272	
640	352	864	0	352	0	964	2936	4488	0	
516	516	0	912	756	0	3528	2144	1632	592	
80	3304	1024	112	832	752	160	4012	320	0	
484	512	80	832	548	0	996	4840	1920	384	
672	3280	352	0	160	32	1072	2664	400	1964	
480	480	0	916	148	192	1984	4796	1120	480	
672	1796	912	880	160	960	832	3744	0	640	
0	944	0	836	1316	544	1072	0	2424	3460	
720	724	0	0	160	880	112	5820	0	2180	
0	560	676	720	1876	1264	1072	4108	320	0	
992	640	0	1120	960	996	160	4576	160	992	
0	960	160	0	240	1360	160	688	4976	2052	
0	912	484	224	0	1392	3188	3156	248	992	
400	160	160	1840	800	116	1104	4016	2000	0	
560	484	0	1136	116	352	1268	4920	1040	720	
832	1200	240	912	120	0	1264	4876	1040	112	
1072	1044	800	704	720	0	1136	4080	800	240	
512	480	224	308	116	0	2112	4892	1840	112	
160	912	36	160	80	352	1076	4060	1600	2160	
672	480	32	1440	196	0	1184	5020	1200	372	
2192	192	352	640	192	1120	640	4276	352	640	
3200	352	112	320	0	80	1672	192	4588	80	
1240	448	884	1344	480	480	1600	4120	0	0	
560	480	0	912	760	0	1424	4828	1552	80	 ***
272	992	0	672	32	480	1236	640	80	6192	
800	0	304	1392	80	640	0	1440	1684	4256	
272	1044	992	1552	944	912	0	4000	0	880	
960	480	352	0	240	800	0	4512	436	2816	
160	752	160	1792	320	320	836	4576	1040	640	
0	1152	832	160	2424	160	80	4796	160	832	
976	1792	160	1632	160	192	1684	4000	0	0	
992	484	80	672	0	192	4256	1760	160	2000	
560	480	352	196	272	0	1516	5300	960	960	
2112	640	80	32	1828	0	0	672	1120	4112	
1152	160	1856	1312	1040	0	160	3920	192	804	
512	512	0	864	516	0	1860	4856	1360	116	

384	1600	800	1280	884	0	160	2652	2324	0	
2216	164	0	0	576	960	640	548	800	4180	
2468	32	192	804	192	992	2920	1844	0	640	
592	352	560	824	1600	0	32	2448	3356	320	
320	160	1920	964	992	160	2952	0	2616	0	
720	352	640	1200	640	164	320	2660	3352	36	
480	480	0	1520	676	0	4152	1696	1080	0	
480	480	480	880	676	0	944	4316	1184	644	
484	480	0	880	676	0	1744	4396	1424	0	
384	192	1104	1148	0	0	644	5172	0	1440	
0	2984	112	0	1120	1792	1120	1672	0	1284	
480	704	480	320	192	0	4000	2948	0	960	
1760	320	32	84	1840	112	436	4348	0	1152	
484	480	0	912	676	0	1508	4344	1200	480	 ***
2160	836	0	1072	800	192	160	1848	3016	0	
480	480	320	240	1284	0	3080	1508	1236	1456	
512	2740	80	160	1312	804	3692	0	784	0	
196	644	0	272	32	1936	720	4204	1360	720	
800	2088	480	448	0	880	1988	2760	0	640	
0	112	480	160	32	80	1952	4	2932	4332	
32	1600	0	80	1444	704	2932	2456	516	320	
160	752	1188	0	480	1280	0	3932	1796	496	
80	832	0	400	356	36	1920	4316	1344	800	
1840	1792	32	436	1600	160	884	3340	0	0	
480	484	320	240	676	32	1824	4716	1312	0	
0	948	400	1120	560	964	32	4236	1024	800	
1440	4	0	192	400	160	0	3948	1280	2660	
832	640	36	1072	160	580	1908	1872	0	2984	
272	320	160	192	160	1624	5692	0	352	1312	
1392	144	0	0	0	320	2024	4328	1632	244	
160	32	2084	672	320	0	0	5180	672	964	
544	0	2216	324	1920	0	3976	320	784	0	
0	2896	720	160	0	1860	32	0	3424	992	
484	1120	0	800	648	32	1504	4392	1104	0	
0	400	0	0	2592	192	1200	2528	788	2384	
4	64	784	160	912	704	240	5212	1600	404	
1632	512	0	160	160	1312	672	4336	1300	0	
0	192	672	640	32	1108	2660	2824	800	1156	
432	80	992	1472	1284	0	160	4000	1504	160	
880	672	1184	0	1024	0	1600	724	0	4000	
480	480	0	560	676	640	1584	3084	1124	1456	
800	160	0	1476	1232	1072	672	3948	724	0	
276	352	0	880	752	32	3184	2524	1604	480	
800	192	356	0	800	512	240	4332	2032	820	
832	0	640	320	32	1792	0	4304	1840	324	
192	640	800	640	964	1040	464	4476	384	484	
804	432	32	1776	0	960	832	480	3804	964	
272	1264	0	640	640	2020	0	3724	1524	0	
192	640	1316	2432	196	0	0	80	2568	2660	
160	992	160	4	2004	160	308	4104	512	1680	

