#512	0	0	80	112	0	3880	312	644	2800	 ***
#2304	112	0	32	244	404	436	4260	356	192	
#80	204	160	0	240	320	1904	4452	544	436	
#160	4	320	84	160	820	1376	0	112	5304	
#160	0	272	512	632	2688	1156	1508	1412	0	
#32	1392	400	0	84	116	3088	320	144	2764	
#32	4	320	2576	0	272	400	992	280	3464	
#512	192	352	404	1872	160	1024	1640	2184	0	
#32	0	164	320	112	416	3048	324	3600	324	
#228	352	3104	160	0	80	324	4	3288	800	
#628	0	2528	196	160	0	992	1332	224	2280	
#400	160	1824	32	516	720	1108	116	3464	0	

400	336	0	304	352	164	5164	192	80	560	
512	0	0	400	144	32	1636	344	4404	80	
480	160	464	352	0	112	4184	1284	160	356	
512	0	0	160	64	112	1892	312	2356	2144	
544	0	0	80	64	320	1636	312	4404	192	
164	1648	624	0	80	496	3304	0	1040	196	
0	320	324	64	36	400	5752	496	80	80	
592	0	0	80	32	0	1860	1128	736	3124	
704	128	880	116	160	0	4888	116	80	480	
244	2016	144	192	0	192	4060	160	304	240	
160	160	112	480	0	64	2604	112	0	3860	
512	0	0	160	32	0	1988	792	1796	2272	 ***
592	0	0	112	144	0	2420	312	1828	2144	
400	0	240	0	96	192	4960	160	1392	112	
404	1552	4	0	592	0	3060	868	272	800	
0	0	624	160	272	192	512	4800	112	880	
512	0	160	112	32	0	1572	312	4740	112	
1504	0	0	80	112	480	384	312	3160	1520	
192	36	0	400	272	352	3300	112	2488	400	
512	32	0	80	32	80	1684	664	640	3828	

464	0	0	160	32	0	1764	1032	2500	2112	
432	0	32	160	1024	0	1764	744	3476	432	
512	0	0	160	32	0	3796	744	2388	432	
0	384	1380	64	1504	224	1188	276	3044	0	
64	320	0	192	224	1280	544	2060	160	3220	
544	0	244	320	144	0	2968	112	224	3508	
432	0	112	160	0	0	2052	744	2500	2064	 ***
464	352	0	160	32	0	3892	392	2340	432	
432	0	0	160	752	32	2052	632	3460	544	
432	640	0	160	64	352	1764	744	3476	432	
640	544	0	0	112	720	32	1184	360	4472	
432	0	384	64	240	196	2148	756	256	3588	
112	32	320	0	272	352	512	1884	0	4580	
432	0	0	320	112	720	836	168	2224	3252	
64	432	80	752	272	32	1104	0	836	4492	
432	112	0	160	352	0	1732	1384	3460	432	
240	496	1392	144	32	0	512	240	512	4496	
0	400	592	352	1024	192	0	464	424	4616	
432	0	32	80	32	0	5120	240	704	1424	
32	0	272	32	356	560	1640	944	512	3716	

432	800	272	160	0	0	1056	960	5076	624	
400	0	3380	80	544	0	0	3120	1664	192	
80	144	0	912	0	320	1776	864	1632	3652	
464	0	352	1520	0	0	896	320	1568	4260	
384	192	352	240	320	704	672	1024	832	4660	
32	0	752	640	112	160	112	1504	4468	1600	
544	480	640	2868	32	480	560	1296	2480	0	
240	912	384	96	1440	432	1680	192	320	3684	
512	0	352	160	992	352	720	656	816	4820	
32	80	672	112	992	192	592	192	1792	4724	
144	864	0	704	512	560	352	320	432	5492	
432	0	112	160	0	672	1216	1184	1376	4228	 ***
992	352	912	112	112	960	1696	64	0	4180	
400	0	272	160	640	0	944	992	1440	4532	
752	384	240	0	1280	192	432	1632	832	3636	
1104	160	752	160	0	0	1056	352	1536	4260	
0	192	720	0	864	32	624	304	4532	2112	
352	0	32	720	1264	560	384	320	144	5604	
32	240	384	672	432	80	1456	1232	272	4580	
432	160	112	720	80	0	1248	352	2016	4260	
432	0	112	160	160	640	1664	352	1600	4260	
32	272	384	400	1072	192	704	832	5108	384	
560	192	960	224	192	192	192	352	1040	5476	
432	240	640	944	672	112	0	144	5060	1136	
432	0	1312	80	0	160	576	800	1856	4164	
144	672	464	112	352	1040	5060	400	1024	112	
304	80	304	672	192	640	1216	832	0	5140	
80	192	528	816	2724	0	0	1392	0	3648	
0	592	832	944	0	592	2560	272	592	2996	
800	832	224	1168	752	0	0	512	1040	4052	
432	0	752	160	0	800	2592	384	2016	2244	
1280	576	720	352	160	160	1488	560	400	3684	
1232	0	272	192	0	640	2176	608	2016	2244	
432	160	752	80	640	160	784	160	1216	4996	
432	0	752	160	0	0	1696	416	5140	784	
112	752	256	480	560	112	320	1360	976	4452	
1040	0	144	32	992	432	1648	720	32	4340	
112	320	1120	1840	352	0	912	4452	272	0	

32	1120	720	64	0	944	512	800	0	5456	
1440	0	336	320	0	32	800	784	1280	4656	
1680	0	944	1152	32	0	304	4432	0	1104	
224	672	832	720	864	0	4864	0	912	560	
1440	1040	240	624	640	272	0	4336	0	1056	
320	0	80	0	32	752	1344	5232	1136	752	
1472	400	1040	1520	256	224	0	0	2576	2160	
352	80	240	160	0	672	544	5232	1616	752	
240	320	352	352	752	560	1376	0	496	5200	
1120	0	80	80	0	752	544	1632	1136	4304	
320	432	0	640	1024	96	880	800	1072	4384	
64	1360	480	0	96	1200	640	0	512	5296	
576	2272	192	224	592	0	512	4288	992	0	
880	192	320	32	1696	672	352	320	464	4720	
384	1040	432	704	512	960	208	0	1120	4288	
352	0	432	0	640	672	928	1104	1216	4304	
384	80	704	1040	480	1920	4560	480	0	0	
352	0	112	0	672	672	976	1104	1456	4304	
992	0	80	80	0	672	576	1648	1296	4304	
192	32	112	1952	784	160	480	160	5776	0	
192	80	1200	880	112	0	1440	3328	0	2416	
32	112	800	1120	400	960	400	0	1120	4704	
352	0	272	640	0	864	864	1136	1216	4304	 ***
864	320	1776	112	2128	1472	2304	0	672	0	
0	320	32	320	800	640	0	1504	1712	4320	
992	112	1600	0	992	416	560	2256	0	2720	
352	80	880	0	0	672	544	5280	1168	672	
224	0	2176	352	192	0	0	1280	4080	1344	

432	80	400	1312	0	304	1264	720	816	4096	
0	192	192	1520	144	0	656	912	1216	4592	
1072	0	912	1072	0	384	2960	1184	1136	704	
352	960	240	640	0	224	592	1616	1136	3664	
320	432	1264	160	0	0	80	560	3568	3040	
352	160	272	1392	480	384	1024	1024	1216	3120	
592	0	432	1072	0	304	1184	1120	2784	1936	
512	400	272	720	320	224	784	720	1728	3744	
1424	704	512	752	240	160	640	0	1584	3408	
400	112	1152	1600	432	208	592	1136	0	3792	
640	432	160	240	0	560	1184	3456	112	2640	
960	400	0	0	896	80	3040	320	160	3568	
960	160	672	400	192	0	752	496	832	4960	
512	0	352	800	720	224	992	1024	896	3904	 ***
1520	144	784	720	560	240	192	1280	0	3984	
752	0	512	1440	80	224	1216	880	1312	3008	
352	160	672	960	32	304	896	960	976	4112	
352	240	352	192	480	224	1584	1552	1328	3120	
0	352	32	2960	160	720	640	320	1024	3216	
880	64	752	736	1120	0	192	864	1824	2992	
0	720	160	432	32	1072	992	992	800	4224	
0	480	2416	1600	272	400	0	1328	2928	0	
352	560	1312	1632	0	32	0	3216	2080	240	
2880	0	672	400	1152	272	2896	0	992	160	
352	160	400	1200	0	384	736	3840	1456	896	
1104	432	0	672	672	800	32	1056	0	4656	
2064	640	240	832	416	80	912	160	704	3376	
2096	240	1392	192	0	560	992	1776	0	2176	

160	320	0	320	1600	80	80	1920	704	2256	
512	32	352	800	720	224	1152	512	176	2960	
32	672	144	512	0	400	1152	944	416	3168	
816	80	832	0	368	672	320	160	992	3200	
320	560	1280	0	864	320	512	848	80	2656	
1600	560	272	0	192	544	160	480	640	2992	
480	0	192	960	720	224	992	2336	368	1168	
480	0	352	832	720	656	992	1872	176	1360	
480	0	352	800	752	224	960	2704	176	992	
752	272	32	112	400	784	0	1264	560	3264	
0	32	1040	352	160	0	1280	320	624	3632	
1152	800	112	224	512	32	0	3248	1360	0	
480	0	352	960	720	224	704	736	176	3088	
512	0	352	800	752	224	3248	112	176	1264	
1120	864	1024	432	80	512	352	448	0	2608	
192	672	80	0	992	160	560	80	784	3920	
720	160	64	752	640	160	1040	848	736	2320	
2096	0	1024	0	160	0	0	2000	1616	544	
80	1152	880	0	0	192	0	880	272	3984	
480	256	336	112	752	752	752	400	0	3600	
512	0	352	800	720	224	1040	368	336	3088	 ***
592	320	0	192	2512	0	480	0	192	3152	

544	0	272	752	724	192	720	2832	432	1112	
320	80	1568	96	320	720	1552	0	436	2488	
164	496	400	1200	1940	0	276	400	320	2384	
672	272	0	592	836	1488	320	0	2216	1184	
592	0	980	720	720	272	832	624	468	2372	
880	224	320	2496	660	0	724	1760	516	0	
560	244	0	592	880	704	640	964	112	2884	
880	84	356	0	352	80	1012	400	672	3744	
672	0	352	720	720	496	640	2580	244	1156	
80	644	192	432	228	0	0	1072	3072	1860	
624	4	468	724	720	352	960	416	272	3040	
832	80	516	720	720	228	720	144	224	3396	 ***
384	1364	0	672	0	336	240	720	884	2980	
352	32	596	116	432	1280	800	0	1860	2112	
592	164	1280	0	272	356	1120	1604	112	2080	
480	320	4	992	1076	592	400	192	596	2928	
0	436	708	960	1104	160	560	2948	704	0	
196	240	752	516	80	228	2736	0	640	2192	
240	356	1120	912	0	200	1024	656	672	2400	
512	0	512	916	800	192	964	404	2176	1104	
224	276	1040	1344	1892	192	0	1796	0	816	
32	808	560	80	192	1072	0	1472	244	3120	
512	0	192	880	724	512	1076	2176	416	1092	
320	432	912	464	484	0	2932	804	0	1232	
1044	480	240	544	0	544	1220	0	2484	1024	
836	0	272	800	752	1568	560	384	440	1968	
960	644	564	0	704	912	480	192	436	2688	
800	324	484	240	960	192	464	3364	752	0	
1748	0	960	0	304	160	1124	2532	320	432	
384	964	516	80	352	0	480	804	1136	2864	
160	404	160	0	0	1168	3408	1128	1152	0	
592	0	480	1040	164	544	0	2968	192	1600	
160	884	408	320	304	864	560	0	1024	3056	
784	0	224	720	880	200	1124	384	272	2992	
512	4	468	832	720	276	640	544	192	3392	
1812	0	352	1120	880	352	640	388	276	1760	
320	320	80	32	352	836	724	0	916	4000	
592	352	560	2288	0	80	0	932	1232	1544	
336	436	32	884	1440	964	416	576	0	2496	
1108	2304	964	0	144	0	192	0	944	1924	
0	80	276	352	196	1632	912	1328	512	2292	
1328	0	276	912	1524	196	672	368	512	1792	
324	240	0	640	32	596	432	480	832	4004	
432	160	756	992	280	320	704	1632	0	2304	

1152	560	836	800	1440	196	720	304	384	3284	
1640	2816	148	1552	384	1472	1312	352	0	0	
240	160	1632	320	144	1504	408	1600	720	2948	
916	640	404	480	112	112	304	1604	0	5104	
512	80	676	912	720	276	1760	112	784	3844	
272	240	676	720	720	356	3024	0	864	2804	
560	0	1072	1120	160	544	728	3572	320	1600	
1040	708	640	0	80	676	3664	1220	1456	192	
160	2656	1584	1364	32	192	1816	0	1712	160	
832	720	596	1072	480	196	880	0	160	4740	 ***
752	352	320	592	560	644	84	912	2116	3344	
272	484	320	1200	672	0	356	2464	832	3076	
80	1072	720	240	784	2144	160	1504	324	2648	
1712	676	4	32	960	1280	3492	1120	80	320	
480	0	432	0	276	912	644	672	4448	1812	
272	720	516	720	1200	164	560	592	832	4100	
512	400	996	720	1360	196	1440	192	464	3396	
720	2068	640	632	0	112	1280	1104	0	3120	
816	1476	672	0	0	400	3104	2488	640	80	
832	80	516	1040	720	196	880	352	2368	2692	

672	80	592	800	480	144	720	0	320	3932	
640	352	400	192	272	2308	160	756	644	2016	
768	1220	112	840	1440	432	0	1136	0	1792	
564	352	352	480	896	660	0	484	3232	720	
672	80	912	752	640	276	880	0	160	3368	 ***
628	32	240	0	272	724	880	272	2800	1892	
160	1024	4	592	0	0	704	1780	948	2528	
160	240	640	160	84	272	3496	592	64	2032	
496	352	0	1312	2708	0	1764	564	544	0	
0	320	240	432	832	2776	0	1892	432	816	
720	1284	0	640	272	160	660	0	640	3364	
2576	384	80	0	480	192	1428	936	0	1664	

592	464	752	0	960	272	912	32	592	3628	
160	464	564	512	80	1444	1152	784	0	3044	
800	0	272	0	244	432	3232	2640	200	384	
592	112	1104	240	640	224	1232	0	384	3676	
224	352	320	964	1508	400	640	400	704	2692	
592	80	880	640	752	800	752	0	1088	2620	
592	80	1024	0	640	948	992	0	352	3576	
672	320	1120	88	112	1104	800	468	80	3440	
592	160	1408	32	640	276	784	0	640	3672	
832	400	720	640	832	256	720	0	544	3260	
224	1024	640	464	1072	160	480	272	920	2948	
516	384	160	992	160	144	1316	1936	400	2196	
624	1840	912	0	992	240	1232	0	0	2364	
592	592	720	640	672	192	1040	0	640	3116	
560	320	32	800	404	624	1524	32	1940	1968	
592	1840	912	960	640	660	1668	0	160	772	
352	112	916	196	0	784	1812	896	2816	320	
624	112	1232	960	800	272	880	592	160	2572	 ***
512	1760	468	432	0	560	32	672	196	3572	
0	112	0	464	1536	1024	1552	800	576	2140	
352	752	32	352	36	1396	708	432	1200	2944	
192	640	64	2384	196	1440	1864	0	1280	144	
624	112	752	0	960	2052	752	0	672	2280	
880	788	192	720	80	564	912	816	320	2932	
752	400	752	672	640	192	752	448	160	3436	
480	1908	1616	192	272	192	2068	164	560	752	
112	320	724	80	1040	272	3620	64	0	1972	

352	352	640	404	400	480	944	480	164	3732	
240	1200	84	352	192	164	432	1200	192	3892	
112	1280	112	480	400	272	1236	324	752	2980	
832	240	0	352	0	480	964	832	196	4052	
0	272	240	560	2632	896	240	0	720	2388	
196	464	400	484	800	512	352	400	1360	2980	
512	304	912	960	960	1472	560	480	160	1628	
64	1524	400	272	800	0	0	944	996	2948	
240	464	480	80	0	320	0	384	4224	1756	
624	112	912	1120	880	400	560	320	240	2780	
880	560	640	480	400	84	1280	880	656	2088	
592	272	912	1200	832	240	640	320	160	2780	 ***
592	112	912	960	800	320	1696	480	240	1836	
352	228	560	720	560	192	676	996	0	3664	
672	960	1144	2160	84	144	832	960	992	0	
80	1040	320	992	720	1044	240	0	1412	2100	
592	112	912	960	896	160	800	400	240	2876	
1268	384	320	320	560	0	800	884	164	3248	
592	560	304	112	0	672	404	960	1040	3304	
0	560	112	480	160	672	512	516	1232	3704	
320	160	112	240	272	960	964	640	580	3700	

80	384	624	436	404	752	244	0	1024	3856	
0	724	640	304	2992	832	516	400	0	1396	
192	304	912	1040	832	160	1076	320	80	2888	
432	304	992	1040	672	352	640	400	192	2780	
192	676	84	896	708	80	720	0	1072	3376	
2080	960	384	672	0	1156	880	944	244	484	
80	404	176	3440	160	1584	960	360	0	640	
0	672	224	592	436	80	624	2388	400	2388	
160	768	672	272	320	0	1024	0	520	4068	
324	192	592	0	480	272	752	352	3800	1040	
592	672	1748	944	400	0	2308	32	592	516	
272	276	1072	1152	672	240	752	320	240	2808	
240	160	64	0	304	160	2224	672	232	3748	
112	400	320	352	272	400	2308	32	564	3044	
160	160	0	736	160	80	228	164	3732	2384	
272	432	752	1152	752	160	832	320	388	2744	
32	464	880	484	144	80	1592	512	880	2736	
0	68	272	560	240	592	624	1232	672	3544	
272	148	324	720	640	384	960	720	640	2996	
0	0	992	240	1712	224	992	352	960	2332	
224	464	880	1040	1312	160	640	352	160	2572	 ***
276	464	0	272	672	2704	0	756	80	2580	
352	808	160	1424	800	944	800	0	464	2052	
32	240	672	560	832	192	592	320	240	4124	
112	1856	592	1272	400	1364	1344	864	0	0	
32	272	592	224	560	400	1040	912	480	3292	
192	464	1072	1072	752	160	640	480	160	2812	
80	112	192	512	160	192	592	960	1024	3980	
384	400	2704	112	240	480	2296	0	404	784	
324	1072	640	672	404	1088	356	352	2896	0	
0	1152	1252	192	80	1472	864	0	592	2200	
868	432	672	352	436	272	1680	352	0	2740	
640	272	2352	384	0	64	960	80	580	2472	
560	0	2324	160	192	912	2276	464	916	0	
320	2544	0	1072	0	4	544	160	1104	2056	
32	8	400	672	112	672	832	1072	1188	2816	

0	640	512	240	0	164	1520	400	4780	1280	
1120	724	112	672	192	560	340	0	1280	4536	
400	0	2036	160	320	320	704	160	1440	3996	
64	2336	724	1040	832	160	640	804	160	2776	
624	112	160	0	788	560	800	1280	1472	3740	
0	884	800	800	720	240	1344	384	384	3980	
512	244	244	84	192	1232	0	1520	2224	3284	
512	32	192	592	324	352	1792	0	1196	4544	
0	960	896	160	752	640	1120	272	1068	3668	
464	400	912	564	112	160	1232	640	160	4892	
464	720	80	160	224	1764	1664	80	680	3700	
832	992	864	464	2276	1360	564	1544	640	0	
68	304	560	400	912	800	1760	320	432	3980	 ***
720	1264	160	248	1328	2240	916	432	0	2228	
112	1684	432	192	720	1424	3892	440	640	0	
660	0	148	1236	2608	160	2000	1348	1376	0	
160	580	84	912	400	2152	752	3024	1472	0	
1040	400	788	320	336	164	5060	948	480	0	
512	1044	116	1184	192	480	0	640	1444	3924	
464	912	160	400	672	320	1556	320	4260	472	
1440	2416	276	788	1604	0	0	272	1664	1076	
468	320	0	832	1712	32	320	1456	240	4156	
240	1152	320	1408	244	640	80	0	1072	4380	
80	432	0	880	32	832	512	1072	4860	836	
1680	480	432	192	0	240	80	320	2580	3532	
0	0	484	1204	496	992	752	4532	512	564	

352	800	0	752	160	32	832	2948	272	3772	
176	880	1280	1024	880	992	0	964	468	3256	
724	640	0	272	1040	192	2288	1120	324	3320	
272	720	0	160	320	32	2032	80	3608	2696	
560	1392	112	784	1636	752	512	480	484	3208	
784	0	480	0	644	1696	2064	164	912	3176	
64	480	244	640	720	1552	916	752	1668	2884	
192	32	1200	0	164	1076	272	912	2736	3336	
480	0	884	32	80	672	640	1972	2740	2420	
1120	2308	1444	1104	80	720	1104	32	2008	0	
640	304	112	1076	1680	1824	1440	0	2172	672	
640	804	224	436	880	480	2880	0	868	2708	
80	0	164	320	80	720	5208	404	2304	640	
720	80	240	0	432	960	720	3452	404	2912	
1520	880	4	512	0	32	708	0	2896	3368	
960	0	400	800	320	64	1492	1076	1396	3412	
36	272	404	400	1712	800	1952	320	832	3192	 ***
164	1232	628	816	1824	240	0	960	1556	2500	
1492	2036	308	192	192	880	1280	80	3460	0	
36	520	992	400	912	800	1760	320	820	3360	
1312	1904	436	1152	1284	784	1536	356	1156	0	
0	912	1188	400	1988	1092	548	1232	2560	0	
628	1088	320	192	884	560	1316	0	2644	2288	
676	544	708	1072	480	1684	1152	1872	1732	0	
0	992	864	1040	512	84	3112	880	832	1604	
672	648	560	1072	560	960	772	1632	624	2420	
720	432	340	84	1892	960	1904	1508	2080	0	
1472	672	84	720	1536	32	160	320	112	4812	
436	432	1120	400	1072	832	1760	320	352	3196	
36	196	324	480	752	800	1360	2288	912	2772	
400	400	672	84	480	32	640	3144	912	3156	
36	272	160	404	1024	800	1600	960	1272	3392	
68	304	1040	408	912	800	1920	432	832	3204	

240	1280	1316	2116	272	1024	3764	0	0	68	
164	512	112	240	2032	548	1904	992	3576	0	
36	384	164	400	1632	960	1984	320	832	3368	
880	2500	480	160	992	0	352	32	1188	3496	
656	880	516	304	1284	1360	880	400	432	3368	
112	112	480	0	276	1280	192	1840	80	5708	
1192	160	0	192	1376	432	960	2064	272	3432	
672	32	1636	4	640	0	2212	0	800	4084	
464	84	320	0	112	160	1200	32	2304	5404	
544	144	320	944	596	240	0	3028	596	3668	
512	560	244	192	0	160	1440	2856	544	3572	
36	272	484	432	2272	832	1232	320	832	3368	
36	1684	224	468	320	1072	4004	0	1552	720	
384	1984	32	832	1440	0	640	596	512	3660	
1392	0	32	80	752	0	640	2756	4268	160	
0	192	304	1360	596	592	4844	0	2192	0	
880	432	320	304	864	1280	404	0	2376	3220	
912	1776	676	832	480	800	0	160	3456	988	
240	644	880	468	192	0	928	1440	1504	3784	
36	304	404	320	1664	800	1232	1040	912	3368	 ***
0	2036	752	720	1840	544	944	2984	0	260	
512	32	0	0	640	160	832	4248	160	3496	

192	1380	244	0	2272	800	592	1472	1348	1696	
32	384	164	0	2672	800	2388	1040	1264	1252	
32	192	164	0	1936	960	512	1988	432	3780	
832	240	32	752	320	400	832	0	1632	4956	
896	2024	480	32	880	0	244	0	160	5280	
1704	1280	752	160	512	992	0	512	0	4084	
1312	192	164	32	1072	1120	3528	720	864	992	
400	32	192	0	0	2640	224	80	836	5592	
480	160	720	0	992	0	672	752	788	5432	
752	0	564	960	64	160	304	992	640	5560	
32	624	804	0	2816	1760	432	1924	512	1092	
800	1280	1040	192	352	80	1812	160	0	4280	
224	1380	804	0	2112	800	432	2000	512	1732	
36	272	164	160	2224	800	592	1392	1508	2848	
752	160	32	192	0	800	672	1712	0	5676	
36	224	164	0	2512	1072	512	1280	2468	1728	
160	64	1440	112	832	960	192	1040	756	4440	
672	400	160	832	640	240	464	800	832	4956	
192	880	0	0	80	1872	5080	64	1188	640	
2032	0	0	0	400	0	4156	2256	800	352	
160	32	160	800	32	320	1520	1360	144	5468	
0	672	672	640	240	160	1024	1040	800	4748	
800	320	0	400	4	112	560	2080	864	4856	
2792	160	0	640	0	0	144	1636	512	4112	
32	432	164	800	2192	1232	432	1200	512	3000	 ***
32	352	164	0	1860	1120	592	1680	1220	2976	
320	192	64	0	0	240	2592	2080	240	4268	
352	0	80	1120	0	2304	0	4	4984	1152	
400	0	2352	1712	32	32	548	0	400	4520	
192	36	112	432	0	880	640	912	1760	5032	
32	192	804	1028	1584	832	912	1040	512	3060	
1140	1072	244	0	1872	800	1424	1120	512	1812	
0	496	0	0	80	1072	432	2400	400	5116	
32	272	884	0	1712	800	1988	1040	1424	1844	

32	352	160	1548	2192	832	352	1120	1344	2224	
224	0	800	1360	352	80	944	2064	0	4332	
0	352	0	880	2548	832	912	1280	1104	2248	
0	272	0	800	1792	1152	192	1916	1776	2256	
640	1592	320	0	400	80	0	1712	4580	832	
160	1076	800	788	2704	912	3364	352	0	0	
0	352	160	800	2192	1072	352	1800	2132	1296	
32	480	320	192	1520	720	1712	1184	0	3996	
464	752	720	720	160	640	320	112	1392	4876	
544	0	720	672	0	996	960	800	240	5224	
32	640	640	464	0	1440	2368	4492	80	0	
192	80	480	880	1748	752	0	192	1680	4152	
880	0	480	160	160	0	512	1472	1392	5100	
112	352	160	1548	2432	832	192	1120	1184	2224	
672	432	496	640	32	0	320	400	5724	1440	
0	720	0	384	320	400	1472	4620	1120	1120	
272	800	640	1392	1472	0	272	352	4956	0	
320	0	0	272	2032	672	3420	160	400	2880	
1076	1120	1520	992	1620	160	3588	80	0	0	
240	1668	112	80	1280	112	32	880	5352	400	
800	160	1436	0	1056	432	800	0	1312	4160	
880	32	0	1108	80	1680	224	0	1040	5112	
400	1744	80	240	0	0	160	1952	1744	3836	
0	752	160	800	2192	832	192	1120	2812	1296	
0	352	0	800	2632	832	192	1520	1860	1968	
32	352	160	800	2192	992	352	1440	944	2892	 ***
0	352	0	880	2948	992	352	1120	2072	1440	
320	912	80	880	832	160	352	1152	4988	480	
1680	80	432	432	992	0	5516	32	0	992	
32	352	160	1548	2512	912	352	1120	992	2176	
912	944	240	64	1152	400	0	960	0	5484	
32	352	240	960	2032	832	192	1120	2780	1616	
192	640	0	752	960	0	864	592	1040	5116	
352	1508	832	160	916	1360	192	0	4836	0	
352	400	1516	1472	160	0	800	640	0	4816	
32	512	996	800	2352	832	192	1120	1264	2056	

64	304	160	1360	944	832	240	880	1344	2592	
1152	800	0	32	0	884	2632	240	2788	192	
64	192	272	640	1872	1352	320	800	2336	872	
64	192	320	640	1312	832	880	880	2300	1300	
160	160	1240	640	960	320	4168	0	160	912	
32	256	0	640	1712	912	320	2200	1584	1064	
560	160	832	0	0	672	164	336	1744	4252	
0	0	432	0	1676	240	4036	864	1472	0	
0	112	800	548	0	1920	2348	0	432	2560	
364	832	240	640	1072	832	160	1344	1936	1300	 ***
112	192	32	1236	1232	1472	160	832	2424	1028	
0	800	0	0	1040	0	368	1472	960	4080	
32	192	160	1280	1392	1352	320	832	1088	2072	
0	160	2312	240	0	80	0	80	4952	896	
32	592	800	640	1104	832	160	2280	1152	1128	
0	720	672	0	752	752	932	80	400	4412	
1364	320	32	880	80	4	4088	112	1440	400	
1256	272	160	0	1424	992	1444	800	1264	1108	
80	400	1028	0	672	320	2880	0	320	3020	

0	640	80	0	720	752	160	1584	816	3064	 ***
912	80	0	0	0	0	720	2052	4052	0	
0	672	80	0	720	752	160	1104	1104	3224	
0	0	0	1312	0	640	0	544	0	5320	
160	996	80	0	0	192	160	720	192	5316	
0	640	80	160	720	752	160	3924	896	484	
752	32	960	0	0	0	0	720	320	5032	
0	640	80	0	720	112	160	864	1984	3256	
0	112	112	0	960	320	240	1456	272	4344	
0	80	640	160	0	160	3172	80	0	3524	
0	640	80	0	720	752	3684	944	352	644	
0	672	80	0	960	752	160	864	3844	484	
0	320	992	720	0	0	192	160	560	4872	
160	0	1392	0	80	0	0	640	480	5064	
32	160	0	80	0	0	80	2116	0	5348	
80	672	160	0	0	160	480	480	992	4792	
320	80	80	640	320	0	160	816	640	4760	
0	272	2132	0	880	720	720	0	0	3092	
0	0	0	0	0	1584	0	5400	832	0	
32	0	32	0	80	240	880	1472	320	4760	
32	80	0	1184	0	0	0	720	1600	4200	
112	0	0	0	3332	0	0	560	320	3492	
0	640	80	0	800	912	160	864	3876	484	

160	640	244	0	80	1520	0	784	1344	4008	
0	640	80	752	720	640	0	816	2256	2876	
80	0	32	160	160	80	164	3008	1520	3576	
272	0	0	0	1076	640	752	800	5240	0	
640	160	1520	480	0	224	0	676	0	5080	
960	1320	720	240	0	80	0	976	4244	240	
0	160	0	112	160	0	640	2932	80	4696	
0	1796	80	1044	644	0	0	1024	3920	272	
880	1036	0	0	0	192	800	5152	720	0	
32	3384	80	160	0	0	112	4372	0	640	
0	80	964	0	80	800	720	32	2660	3444	
320	0	0	640	80	2616	320	4052	0	752	
192	32	1040	0	0	0	2160	0	400	4956	
0	640	920	0	992	0	0	1668	4240	320	
0	0	800	0	0	80	352	3828	3560	160	
0	1600	80	320	32	1992	0	788	3088	880	
0	0	240	0	2136	640	1120	160	4484	0	
0	0	80	960	800	80	1840	112	0	4908	
0	800	80	160	0	0	80	784	2532	4344	 ***
160	272	240	160	1440	0	0	2788	0	3720	
400	1120	0	240	0	800	5080	0	0	1140	
0	672	0	164	2920	80	3120	0	0	1824	
704	0	0	400	1520	0	1988	1040	3128	0	
160	1192	0	80	1440	80	0	0	832	4996	
80	880	0	672	160	720	80	2420	80	3688	
1072	80	4	960	0	704	0	0	3448	2512	
160	640	912	0	0	0	480	1348	4840	400	
2584	640	84	640	0	160	0	1616	2736	320	
80	0	640	640	240	160	0	1784	4916	320	
800	0	880	244	0	0	0	1040	2448	3368	
0	672	160	160	800	160	0	1588	1472	3768	
80	272	0	84	0	1280	0	1616	2000	3448	
2664	0	640	244	640	240	0	3952	0	400	
400	1360	160	0	480	304	0	1040	0	5036	
0	720	160	0	960	640	0	2928	164	3208	
0	400	160	400	0	80	640	1332	0	5768	

80	196	2628	112	112	1120	1680	0	2804	0	
1632	720	0	352	0	0	272	1444	4072	240	
0	992	1184	0	0	32	0	2452	2312	1760	
272	800	640	0	0	32	320	304	2228	4136	
32	1440	240	160	320	916	0	1156	0	4468	
2148	800	112	80	0	160	720	0	3912	800	
192	384	640	160	832	1440	0	2800	2284	0	
800	352	800	112	1552	0	0	2260	2856	0	
0	672	112	0	240	992	1076	84	1520	4036	
752	1316	2276	704	320	0	1236	0	2128	0	
32	800	0	0	80	84	800	512	2420	4004	
0	640	536	160	640	1504	0	884	0	4368	
160	80	960	720	832	1472	0	520	3988	0	
436	1956	560	0	0	864	0	1680	116	3120	
0	64	0	0	0	640	720	800	2328	4180	
720	160	0	884	0	0	244	320	5012	1392	
160	32	0	80	640	160	1396	160	3124	2980	
1440	800	272	112	720	160	164	0	2692	2372	
0	2240	0	0	0	36	80	272	5064	1040	
0	84	720	916	2228	0	1392	320	2912	160	
80	1440	2068	0	0	32	352	1072	2804	884	
80	960	640	0	0	80	800	224	2728	3220	 ***
0	640	1908	640	0	80	720	720	0	4024	
992	916	112	2000	724	160	0	468	3360	0	

564	320	960	32	160	752	880	112	1304	4276	
960	640	32	160	0	32	884	0	2616	4036	
2676	0	1120	0	640	80	160	160	640	3884	
84	320	1024	0	0	80	1552	272	1432	4596	 ***
0	0	1360	0	640	160	0	340	4248	2612	
0	356	784	0	752	804	432	0	2788	3444	
80	644	640	0	0	720	832	512	1816	4116	
80	2228	0	0	0	160	960	5132	160	640	
720	320	676	800	0	84	800	144	1540	4276	
80	432	1120	0	160	80	1444	112	1704	4228	
0	3492	0	1440	160	0	3432	0	800	36	
32	0	1440	112	320	160	920	320	3764	2292	
2212	1908	752	0	1920	0	2568	0	0	0	
560	1636	0	832	0	672	1920	0	0	3740	
80	400	640	320	0	80	836	1904	1076	4024	
1104	276	0	640	0	2884	160	0	4296	0	
0	0	960	800	0	80	756	3768	2996	0	
0	160	640	4	320	272	800	32	5820	1312	
272	160	640	32	0	160	320	352	6112	1312	
1988	0	0	0	80	160	4	880	2024	4224	

0	160	160	160	320	192	0	4300	192	4084	
352	0	0	640	160	752	0	3712	0	3952	
160	560	0	0	0	640	0	64	4376	3768	
0	836	160	400	0	1312	0	416	2480	3964	
672	80	480	192	800	0	320	0	2204	4820	
160	0	1940	240	160	192	640	5596	640	0	
0	0	160	2148	1176	0	0	2020	4064	0	
0	0	1024	800	0	192	3348	32	0	4172	
752	720	432	0	1280	1280	228	0	1064	3812	
640	1604	0	0	944	832	0	0	1440	4108	
120	320	992	80	160	80	1552	592	1140	4532	
32	0	352	160	960	352	640	0	2696	4376	
164	640	724	640	0	432	2260	352	0	4356	
1120	512	0	2376	0	800	4120	0	640	0	
0	0	0	1024	2436	0	1412	2024	2672	0	
320	160	756	0	32	0	640	2560	788	4312	
1076	192	0	960	0	0	0	5788	752	800	
720	320	0	832	192	320	6032	0	0	1152	
244	640	992	84	80	80	1552	656	868	4372	
84	272	992	0	0	708	1712	752	676	4372	 ***
480	324	160	0	720	1152	0	960	1632	4140	
244	160	992	192	0	80	1872	900	836	4292	
160	160	800	640	0	224	800	1268	960	4556	

160	880	0	0	1312	560	0	3988	2704	992	
32	276	1072	112	0	560	1840	4272	0	2432	
36	432	2500	0	720	1572	1552	1512	0	2272	
0	272	1024	640	484	592	1520	272	1316	4476	
84	272	992	84	64	800	1552	1268	788	4692	
84	544	1056	0	0	480	1920	352	1640	4520	
672	160	1120	0	84	960	6272	336	672	320	
0	272	992	352	80	752	1600	1560	0	4988	 ***
240	320	512	640	160	32	1840	0	4192	2660	
0	1872	0	196	400	240	4144	352	0	3392	
0	1680	320	720	1748	960	880	0	4288	0	
400	800	544	0	1392	992	0	712	1280	4476	
480	2560	160	756	960	3496	0	0	116	2068	
832	144	0	640	800	0	0	3772	4408	0	
640	160	352	160	112	1712	800	0	2320	4340	
0	624	992	160	0	644	2160	1256	228	4532	
1392	240	0	1040	1904	480	4100	0	0	1440	
1472	720	160	0	1104	1796	352	944	0	4048	
112	944	672	800	4	720	3124	80	0	4140	
948	512	800	352	800	640	4324	2060	160	0	

960	1280	672	880	160	0	960	0	84	5088	
512	704	0	0	800	1500	2400	1844	0	2324	
0	32	960	2400	400	592	1520	2060	0	2120	
484	960	720	1472	112	0	976	2760	0	2600	
832	1440	1952	0	64	0	2492	240	320	2744	
2880	1696	512	0	592	0	2380	1184	840	0	
0	32	996	352	240	1232	1520	1388	0	4324	
400	804	1280	0	0	832	3388	112	800	2468	
0	648	624	32	2736	1188	2856	0	2000	0	
0	32	992	32	80	592	2832	3596	0	1928	
32	80	960	0	4	720	384	1476	1896	4532	
324	80	720	0	112	384	0	4192	320	3952	
0	32	992	32	80	592	1764	1816	0	4776	 ***
8	1200	148	0	880	672	0	272	3248	3656	
2576	240	512	640	0	360	480	1152	4124	0	
32	644	484	0	1024	400	1440	3572	0	2488	
640	32	960	352	116	592	1520	1412	0	4460	
160	1888	80	640	400	400	952	644	160	4760	
756	320	2984	256	996	1200	1744	1828	0	0	
116	1224	832	1200	388	0	640	4852	832	0	
32	2484	960	640	960	720	0	708	320	3260	
4	640	352	1232	752	80	720	324	2652	3328	
0	320	0	1812	496	0	1680	3032	2584	160	
1920	80	484	640	0	480	640	0	2932	2908	
0	992	964	32	112	752	1520	1376	0	4336	
192	192	0	356	0	2400	1368	4456	1120	0	
0	80	4	1184	2320	1440	192	160	4704	0	
116	480	0	480	80	352	5296	720	672	1888	
192	1792	0	0	1204	0	2340	1520	196	2840	

