#62	16	12	30	44	50	88	143	0	302	 ***
#8	55	0	95	0	52	74	106	299	58	
#68	36	56	45	21	140	9	265	9	98	
#42	0	16	48	22	65	32	216	20	286	

109	116	72	2	0	64	45	243	0	36	
63	14	12	30	43	58	73	69	48	277	
65	30	12	30	40	52	77	69	35	277	
73	73	44	38	8	54	0	92	305	0	
40	18	12	30	76	48	64	102	0	297	
50	0	56	54	0	43	221	61	70	132	
57	14	10	31	46	64	72	100	0	293	 ***
70	69	0	18	0	16	179	78	27	230	
56	37	22	12	40	20	72	80	43	305	
52	19	0	51	4	0	81	306	40	134	
58	14	12	46	40	54	64	68	36	295	

16	127	49	50	59	38	52	284	36	0	
88	14	10	30	80	32	90	80	0	287	
67	44	44	38	104	100	32	32	250	0	
60	30	6	26	46	32	88	138	0	285	
81	0	41	19	95	29	0	157	58	231	
23	16	48	51	73	70	93	92	245	0	
56	18	4	28	46	64	84	100	0	311	 ***
20	10	24	45	20	60	82	291	159	0	
20	4	20	51	33	42	164	0	100	277	
26	58	16	93	86	54	245	76	57	0	
80	12	6	59	59	63	283	65	84	0	
56	62	6	26	78	32	88	70	8	285	
42	76	38	26	32	28	148	263	58	0	

54	26	36	56	72	20	150	302	40	16	
42	18	4	42	30	56	162	110	0	308	
99	10	0	38	10	54	289	80	64	128	
108	36	32	10	0	86	148	0	44	308	
88	18	20	26	44	88	336	96	0	56	
50	118	48	12	120	56	0	253	0	115	
56	36	12	34	30	80	68	84	66	306	
56	18	20	62	62	48	32	136	286	52	
54	86	38	34	24	20	22	146	52	296	
6	34	16	74	26	78	71	94	88	285	
64	70	6	32	32	56	90	54	304	64	
0	0	38	50	2	80	294	36	150	122	
46	32	18	131	86	4	6	40	164	245	
78	78	76	108	44	8	310	0	70	0	
74	0	46	62	0	6	308	54	142	80	
40	52	22	98	66	30	8	166	40	250	
24	10	78	64	26	0	172	280	118	0	
56	34	4	26	84	48	66	120	0	334	 ***

50	12	98	0	0	22	258	106	156	0	
82	66	4	38	70	32	22	22	82	284	
122	76	22	52	20	82	48	0	0	280	
32	74	92	70	12	62	46	2	44	268	
66	133	18	127	4	0	0	158	0	196	
24	0	22	100	48	42	18	48	104	296	
8	12	21	72	94	0	152	0	70	273	
50	38	38	16	36	8	68	146	0	302	
8	38	68	30	40	38	36	26	138	280	
32	28	4	8	80	52	120	64	0	314	
4	42	38	0	36	52	110	86	0	334	
4	26	52	92	16	48	66	38	34	326	
32	34	34	0	70	16	64	136	20	296	
24	30	4	8	80	48	98	40	76	294	
44	36	72	32	26	0	156	42	2	292	
72	30	14	36	62	44	0	36	92	316	
42	0	2	72	65	0	0	64	217	240	
12	96	73	2	0	0	180	269	0	70	
24	30	4	40	88	48	104	64	0	300	 ***
36	4	86	6	64	10	32	114	40	310	

82	0	94	22	28	0	235	0	160	32	
58	16	0	36	130	56	158	114	0	85	
0	16	78	0	46	12	172	42	32	255	
4	28	102	70	12	0	0	0	309	128	
44	64	0	16	104	24	0	24	140	237	
24	16	5	40	88	40	136	72	0	232	
50	68	0	122	84	64	70	64	0	131	
16	18	8	44	80	48	70	126	0	243	 ***
56	50	8	16	14	0	144	52	36	277	
22	0	12	32	66	4	46	142	78	251	
0	8	48	54	34	66	166	0	28	249	
24	14	16	68	90	48	82	64	0	247	
18	114	46	4	0	0	20	134	66	251	
44	24	134	50	10	78	198	79	36	0	
34	42	2	102	56	136	0	0	98	183	
36	160	36	32	52	76	0	66	0	195	
34	87	38	152	48	40	0	0	110	144	
20	26	8	84	68	48	70	86	0	243	
0	42	22	48	32	8	132	0	98	271	
24	10	64	0	88	30	0	50	150	237	
18	12	0	104	68	60	78	194	0	119	
84	8	8	16	8	32	192	229	76	0	
34	14	16	42	24	8	44	60	136	275	

16	8	81	43	24	16	68	126	0	191	
40	32	28	24	0	14	0	169	32	234	
16	8	13	40	16	16	70	94	206	94	
28	40	4	42	36	20	0	33	158	212	
64	81	0	32	20	2	80	57	0	237	
12	26	11	0	34	86	42	0	209	153	
64	20	12	89	12	40	242	8	0	86	
16	8	4	46	16	16	54	110	205	98	
48	4	4	76	16	4	86	240	0	95	
130	0	8	74	30	2	209	44	76	0	
16	8	4	40	40	18	92	128	0	227	
20	8	0	49	16	16	212	94	64	94	
16	18	4	39	32	19	212	126	0	107	
4	2	110	48	0	40	253	0	108	8	
118	16	28	44	56	12	199	14	86	0	
16	8	4	40	16	16	52	103	66	252	
86	85	16	35	139	60	102	0	0	50	
8	6	36	8	14	72	179	17	8	225	
34	0	56	32	18	4	254	16	8	151	
6	51	6	81	0	26	52	138	213	0	
16	8	12	40	34	16	94	126	0	227	 ***
16	85	4	36	32	16	84	126	0	174	
16	8	4	40	16	16	86	97	207	83	
0	0	24	30	8	52	124	41	34	260	
16	8	4	39	16	16	86	98	207	83	
66	20	90	60	26	9	0	0	75	227	
12	24	72	77	10	121	0	82	175	0	
54	38	20	10	38	0	161	200	0	52	
16	18	38	115	48	0	70	96	0	172	
0	4	82	56	0	8	0	142	281	0	
140	8	32	44	10	8	96	0	8	227	
10	0	58	21	0	40	12	190	10	232	
16	123	4	40	16	17	70	126	0	161	

29	20	16	36	18	16	96	98	0	234	
24	6	8	39	18	16	69	110	36	237	
0	86	32	47	32	8	29	110	0	219	
24	7	13	44	19	16	67	126	0	247	 ***
40	5	16	36	18	16	54	130	0	248	
16	118	0	40	26	37	52	126	0	148	
33	4	36	17	0	52	0	117	278	26	
136	42	16	42	17	16	0	94	200	0	
34	42	16	2	124	0	0	131	22	192	
28	4	8	37	11	21	92	114	0	248	
10	0	48	22	78	8	0	44	140	213	
16	14	16	36	26	20	84	104	0	247	

12	102	12	44	10	40	69	128	0	282	 ***
16	8	16	52	42	32	121	120	40	252	
40	17	12	52	62	28	183	130	0	175	
65	34	0	98	38	80	0	136	42	206	
8	70	14	29	72	34	36	198	238	0	
16	9	48	32	46	16	107	156	0	269	
8	23	13	81	47	16	41	100	112	258	
35	8	12	48	10	42	144	254	0	146	
5	0	24	86	0	10	162	148	244	20	
85	0	91	18	70	45	212	118	0	60	
96	10	28	40	41	0	228	0	210	46	
12	0	84	61	0	20	212	35	205	70	
73	14	70	0	63	45	96	210	0	128	
56	112	13	44	18	0	61	148	0	247	
23	0	123	128	0	64	131	44	145	41	
24	31	16	97	156	24	64	126	0	161	
16	9	13	56	105	88	33	124	0	255	
12	5	56	44	42	16	33	130	91	270	
16	9	24	76	34	138	81	122	0	199	
44	61	16	60	10	32	81	240	0	155	

3	118	21	34	80	42	46	141	116	0	
12	97	37	44	8	8	84	155	0	156	
38	56	66	24	0	2	0	201	178	36	
19	14	6	61	43	31	122	64	12	229	
2	57	67	8	0	21	89	124	233	0	
0	30	44	59	48	59	0	108	44	209	
24	52	72	0	34	46	42	71	213	47	
20	48	12	44	10	10	82	104	0	271	 ***
33	21	61	26	49	65	48	33	221	44	
12	128	18	52	0	71	84	64	0	172	
17	70	6	66	36	0	236	37	83	50	
62	12	5	76	0	0	48	133	8	257	
12	48	12	52	10	8	86	206	24	143	
20	44	12	52	8	8	193	105	0	159	
12	41	20	44	10	16	113	78	0	267	

36	20	12	38	28	42	44	100	0	260	 ***
16	31	12	36	26	8	60	102	18	271	
54	54	52	14	94	50	0	0	33	229	
145	0	4	18	20	24	203	0	16	150	
18	12	24	72	8	32	21	119	0	274	
22	14	32	54	8	9	96	70	0	275	
22	16	28	40	26	8	90	86	0	264	
45	0	0	52	12	56	48	85	46	236	
12	62	18	42	65	0	217	0	83	81	
14	110	28	20	35	82	169	60	62	0	
82	7	0	10	0	32	202	9	212	26	
17	0	22	59	105	116	12	0	77	172	

41	136	10	43	35	0	63	62	0	177	
38	12	127	44	30	32	54	52	0	178	
44	12	12	40	18	32	68	195	4	142	
41	4	0	3	77	41	88	40	0	273	
44	26	0	8	161	4	16	173	46	89	
22	36	7	0	34	2	140	60	20	246	
26	46	24	9	60	162	0	144	96	0	
44	12	16	62	30	36	54	52	0	261	 ***
20	0	27	22	49	12	166	0	24	247	

48	28	23	28	48	43	58	78	214	0	
56	16	16	40	32	38	52	54	0	264	 ***
0	25	45	0	16	73	26	96	248	39	
20	9	52	40	141	9	48	97	152	0	
52	16	16	39	48	35	54	52	0	256	
58	52	25	17	53	35	105	210	13	0	
34	12	16	61	33	28	54	70	0	260	
33	46	58	25	35	4	68	94	205	0	
67	42	22	44	14	9	214	43	113	0	
4	30	21	35	24	35	44	118	0	257	
78	170	45	10	8	15	78	128	36	0	
30	37	12	77	130	35	39	48	160	0	
32	8	16	58	38	38	38	54	24	262	

34	12	36	58	37	18	94	241	0	124	
37	53	32	41	20	16	36	36	97	286	
59	60	32	44	69	23	76	23	0	268	 ***
22	6	56	12	40	32	153	0	34	299	
5	0	21	32	0	8	71	284	201	32	
140	24	34	8	38	14	78	83	34	201	
0	4	9	174	36	15	151	116	0	149	
58	20	16	62	24	31	68	78	36	261	
62	12	20	8	29	30	76	90	45	282	
7	8	20	135	12	132	72	8	24	236	
129	25	16	40	53	47	53	76	0	215	
56	0	29	0	17	9	40	34	176	293	
32	12	17	98	21	28	67	86	0	293	
65	21	16	40	22	30	53	115	208	84	
76	12	16	64	114	52	52	67	0	201	
30	72	13	140	47	0	62	38	0	252	
36	56	24	56	24	14	37	87	37	283	

60	43	25	118	69	20	58	157	0	167	
32	0	147	120	14	24	48	250	2	80	
82	7	39	6	83	49	0	30	205	216	
49	0	112	45	40	30	0	187	214	40	
9	12	0	8	68	94	132	261	69	64	
73	58	82	8	64	45	82	55	0	250	
36	40	44	22	78	19	217	23	0	238	
36	1	84	78	23	0	201	13	229	52	
66	95	23	15	74	11	0	68	133	232	
17	14	41	10	34	13	93	215	11	269	
45	6	43	7	20	17	30	244	63	242	
48	44	27	121	70	30	156	84	0	137	
28	20	24	99	64	0	41	234	153	54	
34	29	33	45	17	0	25	174	185	175	
26	41	56	26	73	30	154	38	0	273	
53	48	24	23	69	22	174	44	20	240	
96	31	84	32	148	30	219	53	24	0	
117	65	24	41	71	22	76	43	0	258	 ***
73	20	92	26	0	29	153	269	32	23	
52	21	107	113	31	20	40	148	185	0	
34	13	6	110	76	24	164	0	64	226	
8	32	32	0	20	22	249	206	148	0	
68	2	16	72	34	13	92	198	0	222	
40	40	112	7	71	41	42	27	122	215	
4	38	32	0	0	44	218	79	246	56	
113	130	62	51	75	40	68	111	67	0	
97	85	155	71	8	0	16	16	233	36	
12	50	8	62	79	22	123	61	45	255	
92	4	20	70	52	119	0	74	253	33	
34	119	0	4	16	32	64	183	211	54	
20	127	2	2	33	40	297	26	22	148	
42	45	28	11	85	120	50	107	0	229	
47	93	124	0	28	89	51	34	58	193	

0	12	0	141	61	23	140	69	46	230	
0	32	96	29	22	36	42	20	144	301	
10	53	26	36	117	94	88	48	17	233	
48	0	20	142	120	4	54	286	16	32	
8	48	41	48	0	30	175	46	231	95	
143	32	32	3	16	34	83	8	102	269	
41	93	18	28	28	48	25	40	148	253	
14	70	0	84	93	0	9	306	96	50	
22	6	88	10	0	8	210	131	26	221	
18	48	80	135	14	107	40	66	0	214	
96	71	24	41	39	22	84	71	0	274	 ***
42	74	52	56	113	144	207	0	33	1	
28	16	6	32	58	81	52	100	45	304	
4	57	6	72	32	68	40	102	34	307	
0	4	32	102	32	2	40	289	43	178	
116	71	28	45	35	30	12	35	70	280	
108	93	0	4	30	26	141	0	238	82	
129	57	21	84	14	63	48	38	268	0	
0	74	65	22	138	0	41	64	119	199	
48	34	54	18	18	16	336	16	0	182	
104	67	28	9	39	22	76	33	227	117	

36	36	31	2	72	42	102	47	32	288	
41	90	36	4	16	4	341	52	0	104	
0	36	52	0	60	0	33	238	25	244	
42	90	2	36	0	6	36	156	31	289	
44	0	0	12	18	57	34	43	218	262	
83	67	20	18	46	14	209	56	62	113	
40	46	20	68	34	16	105	29	6	324	
6	76	40	47	33	0	13	309	164	0	
0	78	4	17	41	72	161	0	42	273	
52	50	73	134	62	30	245	0	42	0	
70	32	52	0	0	8	20	48	338	120	
96	38	42	4	38	0	28	333	109	0	
121	0	8	0	126	24	283	59	50	17	
14	24	42	0	48	116	312	88	0	44	
80	71	20	6	34	63	227	54	44	89	
0	76	36	130	68	30	293	0	0	55	
12	48	11	0	0	56	40	32	215	274	
35	12	8	0	28	115	348	140	0	2	
0	42	42	28	24	0	293	26	233	0	
86	8	8	102	10	98	99	0	0	277	
54	4	8	14	44	26	70	24	125	319	
28	26	14	42	8	68	158	18	60	266	
80	131	21	6	38	14	107	58	38	195	
12	32	56	26	18	4	32	69	108	331	
107	36	66	30	8	0	18	70	44	309	
60	64	2	0	63	24	36	59	92	288	
77	25	14	0	0	16	70	40	145	301	
126	10	2	58	70	0	232	37	0	153	
36	41	8	0	4	10	11	322	70	186	
18	8	124	0	0	62	0	178	261	37	
54	20	18	46	49	42	0	103	84	272	
46	15	32	38	0	54	0	295	69	139	
96	71	20	54	34	23	78	56	0	256	 ***
113	65	20	6	47	14	41	58	224	100	

76	64	32	0	46	112	4	30	16	299	
96	70	28	50	34	23	26	97	0	255	
20	44	76	119	56	80	255	0	29	0	
80	76	20	50	34	31	30	103	0	255	
80	84	20	51	34	23	25	213	0	149	
32	12	20	20	44	40	32	32	186	261	
80	70	20	50	34	31	33	110	0	251	
20	98	54	82	32	40	0	0	305	48	
20	0	56	74	40	60	96	28	8	297	
80	79	12	52	34	40	89	42	0	251	
96	72	20	51	34	15	22	32	94	243	
36	34	2	14	38	8	180	52	48	267	
80	72	21	55	34	23	34	213	0	147	
54	4	68	0	121	36	261	24	47	64	
56	0	0	64	0	46	64	134	50	265	
36	6	14	52	42	78	34	116	36	265	
44	38	0	4	34	32	134	24	104	265	
80	70	20	50	42	15	198	48	38	118	
80	73	21	51	46	23	198	40	0	147	
56	34	50	64	0	40	143	8	32	252	
12	94	26	0	48	52	291	84	72	0	
0	34	32	20	100	20	174	0	299	0	
84	81	20	52	34	23	94	40	0	251	 ***
2	44	72	38	20	40	78	52	38	295	
80	82	20	66	34	15	20	32	212	118	
6	28	22	20	74	0	167	45	0	317	
10	8	36	8	12	18	297	64	18	208	
88	70	20	66	34	27	198	42	0	134	
42	16	19	70	38	14	74	40	56	310	
4	100	42	20	0	36	38	28	143	268	
20	150	40	4	12	0	80	74	48	251	
98	10	120	0	0	107	50	0	22	272	
88	70	20	50	34	27	30	106	0	254	
36	0	46	12	16	74	82	108	0	305	
82	70	24	51	34	41	82	40	0	255	
42	50	40	8	32	16	198	0	22	271	
82	70	21	55	34	23	32	213	0	149	
27	44	0	0	54	36	28	128	24	338	

44	75	82	46	20	15	105	36	0	231	 ***
1	12	40	52	18	4	38	120	80	289	
48	70	53	72	18	15	15	123	0	240	
53	40	52	0	12	16	144	41	56	240	
68	86	32	104	25	79	130	0	0	130	
48	66	75	70	18	10	193	4	68	102	
40	8	101	58	32	1	0	0	103	311	
44	98	22	38	26	51	26	8	111	230	
52	34	32	48	8	24	265	175	16	0	
80	70	16	105	65	69	104	0	0	145	
52	90	11	0	11	18	38	243	48	143	
48	116	16	80	22	77	106	0	0	189	
0	24	64	30	4	10	197	66	0	259	
20	13	76	40	36	16	52	34	100	267	
7	44	115	58	8	16	298	0	108	0	
44	70	56	38	30	23	162	0	32	199	
56	6	52	109	36	99	74	8	0	214	
0	28	69	50	32	40	150	0	18	267	
76	107	20	82	76	11	130	0	0	152	
40	42	0	102	44	0	40	144	0	242	
81	20	86	40	105	0	19	0	54	249	
36	32	34	10	57	46	207	24	40	168	
60	40	104	40	36	100	6	4	0	264	
76	74	52	42	26	19	212	0	0	153	
44	106	16	44	87	17	114	40	0	186	
44	102	16	43	58	21	31	106	0	233	
40	38	17	24	46	51	219	24	0	195	
48	70	16	46	18	47	108	38	30	233	
22	10	36	76	105	10	0	245	150	0	
48	70	16	74	20	15	77	212	0	122	
54	86	18	46	18	49	186	0	0	197	
113	0	40	38	0	0	64	175	172	52	
48	99	2	74	16	0	8	213	36	158	
76	101	98	70	18	63	69	0	0	159	

20	34	36	12	0	0	131	26	0	301	
118	0	0	0	10	0	0	102	20	310	
4	4	8	34	0	16	36	102	64	292	
0	44	179	0	4	0	225	92	0	16	
86	34	78	44	68	0	188	0	0	62	
76	20	10	0	4	0	191	0	0	259	
24	32	88	0	6	36	0	0	80	294	
0	8	73	88	18	10	112	0	0	251	
0	38	24	0	4	0	328	0	32	134	
0	0	0	40	0	4	2	334	38	142	
32	12	0	0	12	0	177	0	54	273	
44	52	66	52	18	0	50	13	0	265	
18	0	4	4	8	0	0	182	28	316	
4	0	0	32	36	8	16	122	20	322	
12	0	0	4	0	36	0	172	0	336	
75	0	4	10	4	68	0	0	112	287	
127	4	4	0	4	0	0	287	134	0	
0	48	14	0	62	4	328	0	32	72	
82	0	0	4	20	85	58	4	0	307	
44	40	66	44	26	0	20	4	51	265	
44	54	66	48	18	0	29	36	0	265	
44	52	66	40	20	0	12	24	0	302	 ***
0	81	36	80	4	32	0	0	4	323	
0	171	0	0	0	70	46	0	32	241	
0	4	68	0	16	0	46	110	24	292	
52	22	12	32	0	0	0	137	0	305	
8	16	0	32	0	16	16	32	327	113	
8	32	34	0	0	8	128	72	0	278	
40	88	44	0	56	0	26	6	0	300	
32	142	32	40	121	0	0	0	0	193	
36	30	0	0	90	0	4	64	32	304	
62	8	4	0	0	0	322	0	0	164	

4	8	16	4	32	46	160	0	96	302	
32	22	64	0	8	32	44	44	110	312	
12	32	0	64	0	16	32	24	173	315	
0	64	41	30	0	8	64	254	170	37	
0	32	0	60	40	32	0	0	179	325	
12	49	2	72	32	58	72	44	14	313	
60	6	84	30	58	0	116	0	61	253	
66	24	64	1	80	32	0	0	83	318	
170	0	64	68	64	0	0	185	117	0	
32	32	8	0	82	48	144	9	0	313	
80	10	0	44	0	34	153	48	0	299	
0	52	0	8	5	100	142	4	56	301	
8	8	1	68	0	18	44	156	64	301	
8	14	0	8	5	32	104	48	265	184	
103	0	80	66	68	0	0	33	0	318	
68	50	40	0	0	82	24	12	95	297	
36	36	74	39	82	0	96	48	0	257	
76	4	94	16	78	36	0	0	64	300	
0	34	44	0	0	4	165	80	13	328	
6	0	9	8	68	84	40	68	69	316	
68	44	20	6	40	76	64	36	9	305	
8	24	34	44	32	52	126	48	0	300	
24	38	0	64	63	4	48	20	108	299	
110	16	141	0	0	32	239	0	86	44	
80	92	66	38	20	4	10	73	0	285	 ***
36	60	66	12	53	0	60	56	32	293	
60	32	86	38	0	44	67	0	16	325	
40	36	0	37	0	44	122	0	116	273	
90	28	60	0	96	41	12	36	0	305	

82	72	169	0	120	16	0	84	0	170	
49	40	32	96	90	0	290	112	0	4	
0	20	2	66	72	12	41	112	189	199	
40	84	64	77	37	16	48	72	0	275	
32	32	2	1	72	84	207	0	215	68	
16	32	67	32	64	18	71	290	0	123	
68	16	36	2	77	0	64	302	80	68	
74	117	0	9	2	4	64	92	130	221	
0	76	12	180	32	0	124	127	162	0	
97	76	0	1	0	37	118	201	0	183	
74	84	64	38	36	10	40	80	32	255	
37	40	4	24	40	40	53	66	142	267	
48	0	0	33	48	117	93	274	100	0	
36	67	30	32	74	8	37	4	250	175	
0	4	34	32	132	14	38	214	37	208	
40	88	68	38	36	32	40	74	42	255	
72	80	99	74	44	38	0	36	0	270	 ***
169	40	96	0	0	20	0	100	40	248	
74	80	76	97	44	34	0	41	0	267	
32	0	79	118	11	0	0	260	173	40	
32	98	2	32	40	0	258	16	203	32	
142	9	64	4	93	36	33	206	86	40	
42	82	64	69	16	0	44	75	72	249	
40	92	64	67	61	2	211	36	0	140	
8	138	8	87	44	0	211	217	0	0	
40	80	120	38	36	12	0	68	40	279	
8	66	64	0	51	0	106	0	233	185	
44	0	49	71	67	32	24	72	80	274	
42	88	103	66	6	0	72	72	12	252	

0	0	0	40	144	33	325	0	6	134	
80	0	2	16	0	115	64	90	40	275	
6	0	7	0	106	40	40	0	194	289	
0	0	32	0	178	0	0	142	231	99	
64	8	104	4	0	0	255	0	0	247	
0	0	38	0	0	80	24	90	202	248	
173	0	99	64	64	10	7	0	265	0	
0	0	34	80	33	16	58	178	0	283	
32	40	4	16	72	0	0	247	32	239	
72	32	96	72	14	45	0	64	0	287	
8	4	0	0	147	2	0	40	195	286	
64	48	40	104	24	38	0	74	0	290	
35	32	12	32	136	0	38	162	0	235	
36	48	72	72	10	38	0	66	0	340	 ***
0	38	88	0	112	2	44	0	101	297	
9	36	0	96	70	33	151	0	0	287	
64	32	48	108	8	36	0	88	0	298	
34	10	0	0	12	64	68	241	0	253	

8	40	0	0	0	22	0	210	59	304	
0	32	8	102	0	16	8	169	0	308	
36	0	82	72	44	46	0	88	0	275	
0	64	117	8	88	0	0	8	78	280	
64	105	52	22	137	0	0	12	0	251	
32	36	18	8	10	0	307	232	0	0	
36	4	80	72	20	36	0	50	0	345	 ***
108	2	64	72	10	36	0	50	0	301	
0	8	0	72	32	80	0	18	97	336	
0	0	28	0	72	128	112	0	0	303	
17	44	0	6	76	0	42	180	0	278	
22	102	125	0	0	32	0	4	79	279	
0	0	0	46	72	48	36	0	236	205	
100	0	72	88	2	40	0	94	0	247	

32	30	80	74	20	64	75	8	20	311	
0	2	6	16	58	2	23	72	237	298	
6	20	4	133	0	70	279	35	0	167	
142	0	80	64	148	0	22	242	0	16	
6	32	16	64	42	0	220	32	17	285	
2	32	0	36	41	56	343	44	20	140	
42	10	84	72	28	37	0	64	0	377	
84	72	2	0	32	10	8	46	192	268	
38	24	86	72	15	50	0	60	0	369	 ***
0	64	44	12	48	115	122	8	8	293	
0	6	16	16	0	4	84	280	36	272	
3	0	64	41	60	125	58	267	96	0	
44	70	12	50	16	49	0	122	80	271	
14	42	0	83	32	56	0	281	42	164	
32	123	0	138	0	72	21	10	80	238	
62	48	22	40	2	0	273	0	255	12	
22	70	36	0	32	88	191	269	0	6	
49	32	4	4	92	148	48	0	76	261	
11	14	30	2	4	59	0	226	106	262	
55	5	88	74	40	50	87	8	0	307	
94	44	0	0	6	0	8	36	272	254	
20	8	10	49	48	44	48	50	164	273	
6	12	0	53	98	147	0	33	89	276	
32	4	50	82	14	32	0	88	93	319	
36	8	136	88	15	0	0	98	0	333	

34	8	86	65	109	70	0	76	0	320	
34	0	102	80	29	68	0	94	0	361	 ***
50	109	102	66	64	38	0	58	0	281	
37	0	100	96	46	52	0	98	0	339	
66	0	102	72	14	55	0	26	96	337	
88	0	64	95	12	81	74	256	24	74	
4	66	0	16	174	24	113	35	304	32	
65	30	28	1	44	0	224	290	32	54	
34	32	72	64	131	46	0	155	0	234	

