#26	0	48	36	38	34	267	52	35	211	 ***
#132	22	0	37	63	39	56	267	55	76	
#4	65	25	0	47	32	104	271	64	135	
#56	37	18	39	8	79	137	0	70	303	
#8	17	47	45	66	140	159	151	114	0	
#2	102	68	0	37	7	226	35	42	228	
#2	33	51	150	0	46	37	83	96	249	
#60	11	52	21	134	42	118	169	140	0	
#6	0	9	18	54	24	229	131	240	36	
#13	18	160	42	0	55	36	35	235	153	
#65	0	149	29	43	0	54	157	46	204	
#68	11	127	2	79	69	61	87	243	0	

21	34	64	32	36	42	315	42	22	79	
26	0	48	68	41	21	108	53	268	54	
42	10	58	68	0	6	277	132	9	85	
27	0	48	40	36	22	119	69	128	198	
29	0	64	36	36	35	108	51	268	60	
59	123	48	0	6	59	249	0	132	11	
18	32	33	36	52	36	327	112	5	36	
30	0	48	36	34	34	117	112	40	236	
84	26	44	55	8	0	302	39	22	107	
13	134	27	14	0	42	274	40	66	77	
8	28	6	40	0	20	225	102	0	258	
26	0	48	40	34	18	130	74	116	201	 ***
32	0	48	38	40	18	151	51	111	198	
36	0	14	0	22	43	308	106	136	22	
38	115	4	0	46	0	237	78	62	107	
16	18	34	8	14	58	74	300	54	111	
26	0	72	38	34	18	102	52	289	56	
76	0	0	52	38	74	42	52	172	181	
10	5	0	20	48	66	240	73	203	22	
26	2	48	36	34	22	109	71	82	257	

27	0	16	72	2	18	114	87	183	192	
22	0	50	40	86	18	114	72	237	72	
26	0	48	40	2	18	257	72	176	72	
0	72	108	4	112	62	65	80	208	0	
6	16	0	10	30	112	92	203	8	234	
29	16	61	18	8	0	221	56	48	254	
22	16	38	72	0	18	128	72	150	195	 ***
24	18	48	40	2	18	259	54	143	105	
22	0	48	72	38	20	127	66	240	78	
22	34	16	72	36	36	114	72	237	72	
48	62	0	0	8	91	54	140	21	287	
54	0	20	6	15	45	194	87	34	256	
6	4	50	16	46	50	62	185	0	292	
22	0	0	48	54	54	67	75	149	242	
22	73	20	86	14	4	104	0	107	281	
22	6	48	40	18	18	111	136	240	72	
12	76	118	42	22	0	106	13	42	280	
0	69	64	52	54	10	0	40	140	282	
22	0	50	52	2	18	301	76	52	138	
34	0	30	40	20	80	89	112	58	248	

22	56	46	72	0	18	72	81	306	99	
20	32	179	4	76	0	0	239	180	42	
68	8	0	94	0	16	178	60	82	266	
24	16	66	108	0	50	65	80	85	278	
20	10	34	44	64	84	82	84	44	306	
66	0	54	32	42	24	22	76	275	181	
28	72	48	171	18	56	92	68	219	0	
12	62	54	38	104	24	91	29	96	262	
74	16	18	24	101	18	68	52	106	295	
4	52	34	54	82	26	78	42	97	303	
8	76	0	36	42	60	130	18	70	332	
22	16	38	72	0	52	96	93	103	280	 ***
50	52	46	6	22	64	182	36	32	282	
20	16	46	72	32	18	69	114	92	293	
54	37	46	0	64	44	104	87	74	262	
56	24	70	72	32	34	76	50	80	278	
0	42	36	0	92	18	48	48	286	202	
50	18	3	38	65	60	73	96	42	327	
2	44	20	50	22	68	156	62	46	302	
54	24	38	84	36	18	84	50	106	278	
22	16	38	72	9	50	137	50	100	278	
18	14	54	20	54	58	68	42	312	132	
46	10	50	60	74	28	76	50	54	324	
54	60	32	99	34	6	0	30	303	154	
22	32	100	68	0	40	62	72	101	275	
24	52	24	54	34	52	310	84	100	38	
16	36	64	66	26	66	110	74	0	314	
52	42	28	42	162	16	0	168	0	262	
0	46	90	66	0	62	216	30	34	228	
42	42	44	110	38	0	0	92	132	272	
22	32	70	72	0	58	152	52	105	209	
113	32	54	50	24	26	81	30	100	262	
94	32	14	43	0	50	128	66	136	209	
38	24	38	68	32	26	90	42	115	299	
22	16	86	72	0	18	106	87	307	58	
10	86	16	58	60	22	48	84	98	290	
100	0	40	34	50	24	152	52	34	286	
6	16	56	129	50	48	160	273	34	0	

2	56	36	22	0	80	26	152	16	312	
120	0	66	16	0	2	88	42	80	288	
86	0	99	58	18	0	112	273	0	56	
12	66	58	52	94	0	298	0	94	28	
72	52	12	82	64	30	0	286	0	104	
16	16	36	32	2	38	100	316	90	56	
109	37	54	110	66	44	0	0	132	150	
18	20	44	40	0	34	60	316	114	56	
14	48	52	34	86	44	86	0	26	312	
56	16	36	36	0	38	60	95	90	275	
16	22	32	32	52	22	44	40	166	276	
4	68	26	0	6	92	32	96	58	320	
46	114	74	14	46	0	30	280	98	0	
44	10	18	2	86	34	130	16	72	290	
20	84	74	52	26	48	12	0	106	280	
18	0	55	32	32	36	82	72	94	281	
20	52	36	52	56	132	282	72	0	0	
18	0	38	32	34	37	84	72	106	281	
50	16	36	36	0	34	62	95	98	275	
10	2	24	98	88	8	136	8	328	0	
10	4	60	44	22	0	104	256	0	202	
2	38	72	72	20	48	56	32	72	290	
18	0	46	65	0	46	78	74	94	281	 ***
76	64	126	6	131	74	159	0	66	0	
0	32	34	16	40	32	0	172	90	286	
50	22	115	0	52	72	76	121	0	194	
18	20	76	32	0	36	62	312	92	54	
12	0	142	18	26	0	0	146	258	100	

22	4	20	66	0	16	82	116	74	253	
0	10	42	76	40	0	34	46	112	293	
54	0	63	105	0	22	186	61	90	72	
18	48	12	64	0	12	62	104	90	243	
16	54	64	8	0	0	4	30	253	224	
18	8	14	102	24	22	84	52	94	235	
31	0	22	105	0	18	95	72	192	118	
26	20	14	68	16	14	72	52	120	251	
72	52	26	70	12	8	72	0	96	245	
20	6	74	80	24	12	96	76	0	265	
32	22	8	12	0	60	64	223	6	226	
80	20	0	0	46	4	222	16	8	257	
48	8	66	20	10	0	38	122	42	299	
26	0	18	72	36	12	82	70	78	259	 ***
76	8	88	36	28	12	10	128	0	267	
38	0	26	104	4	14	94	44	100	229	
18	9	34	80	2	18	81	64	82	265	
18	12	18	42	24	14	80	110	100	235	
0	18	2	170	8	68	32	80	52	223	
44	4	38	38	56	0	16	60	173	224	
0	36	8	22	2	54	82	146	40	263	
0	56	145	96	14	20	0	166	156	0	
50	28	66	82	0	2	0	239	172	14	
166	0	34	20	58	14	207	0	82	72	
18	8	20	60	0	20	118	255	106	48	
56	54	0	34	34	40	2	150	0	283	
104	32	12	74	54	4	94	8	38	233	
142	12	70	42	0	28	50	131	0	178	

11	16	0	16	80	4	4	107	132	203	
26	2	18	72	36	12	91	42	45	229	
5	34	8	58	0	20	90	64	60	234	
42	5	42	0	52	34	32	40	84	242	
16	30	64	0	45	16	106	44	36	216	
82	28	15	0	42	28	40	72	34	232	
24	0	11	80	36	12	50	210	52	98	
24	0	18	74	36	83	50	150	42	96	
24	0	18	72	38	12	82	216	43	68	
38	14	2	6	23	40	0	145	60	245	
1	34	52	18	8	0	65	16	128	251	
58	40	7	14	26	34	0	228	166	0	
24	0	18	80	36	12	36	79	58	230	
26	0	18	72	38	12	242	38	43	84	
56	44	52	70	5	27	50	56	0	213	
10	34	7	0	82	8	28	4	136	264	
36	8	4	38	34	41	117	47	38	210	
134	0	53	0	8	0	0	188	162	28	
4	58	44	32	0	10	0	140	16	269	
40	14	50	6	40	38	77	68	0	240	
26	0	18	73	36	12	86	26	66	230	 ***
30	48	0	10	150	0	26	0	74	235	

28	0	14	71	37	10	57	215	54	77	
48	4	116	6	16	36	78	0	55	204	
9	26	20	60	133	0	47	52	16	200	
66	14	0	30	43	111	48	0	186	65	
30	0	85	69	36	14	76	32	57	164	
44	12	16	146	88	0	69	161	27	0	
30	45	0	30	92	36	32	68	6	224	
45	6	19	0	18	4	135	22	67	247	
34	0	18	68	37	26	34	210	45	91	
4	33	10	22	13	0	0	54	229	198	
32	2	26	69	36	18	50	54	46	230	
42	4	28	68	36	16	70	8	61	230	 ***
20	110	0	66	0	18	44	36	45	224	
50	2	31	7	22	64	42	0	146	199	
30	9	64	0	14	19	79	113	38	197	
24	16	1	50	55	30	84	10	63	230	
0	23	86	48	88	8	44	230	36	0	
11	44	41	27	4	13	190	0	32	201	
12	67	56	46	0	12	54	37	66	213	
26	0	26	82	40	10	51	25	195	108	
60	16	52	70	119	16	0	172	0	58	
2	42	28	4	10	54	0	170	13	240	
26	0	10	77	37	26	57	196	57	77	
16	22	46	24	25	0	231	73	0	126	
53	24	12	61	0	28	127	0	202	56	
45	0	14	72	38	112	63	20	56	143	
48	33	29	0	36	48	89	42	25	213	
40	19	25	12	80	10	40	235	102	0	
127	0	49	0	16	8	59	202	48	54	
22	51	27	4	18	0	58	106	58	219	
8	21	8	32	0	60	238	58	138	0	
30	0	72	52	41	28	0	225	12	103	
8	77	22	16	16	44	28	0	116	236	
40	1	12	68	46	12	90	20	46	228	
26	2	26	74	36	15	34	76	42	232	
125	0	18	89	44	18	35	53	47	134	
48	16	4	2	18	43	37	0	129	266	
32	18	60	136	0	4	0	69	62	182	
21	25	3	77	73	49	22	82	0	211	
90	140	50	0	40	0	26	0	49	168	
0	4	47	18	11	82	46	121	26	208	
100	0	15	78	79	11	68	20	58	134	
17	12	0	32	2	63	22	104	44	267	
22	8	41	52	18	18	117	87	0	200	

58	28	43	72	72	11	70	33	84	228	
84	144	59	114	22	106	102	68	0	0	
12	8	82	17	8	108	71	96	68	229	
47	64	21	26	6	6	49	179	0	301	
26	4	35	78	36	15	139	38	72	256	
14	12	84	85	39	19	221	0	78	147	
76	0	54	56	9	28	70	245	65	96	
52	37	32	0	5	67	254	63	179	10	
8	159	80	69	2	11	163	0	167	40	
42	36	32	105	40	12	108	0	56	268	 ***
38	18	16	30	28	65	55	46	166	237	
46	26	16	60	34	0	51	209	42	215	
36	54	52	12	40	132	40	76	49	208	
118	35	1	2	48	96	241	56	20	82	
27	0	22	0	63	78	33	34	282	160	
14	36	27	36	76	9	62	110	75	254	
27	20	51	36	68	11	122	74	56	234	
68	106	32	34	0	6	84	138	0	231	
42	75	34	0	0	20	226	217	64	21	
42	4	27	84	36	11	46	82	207	160	

34	4	30	72	40	9	100	0	64	248	
32	19	20	10	30	134	40	39	98	179	
40	99	40	77	72	39	0	76	0	158	
29	20	18	56	47	52	0	41	235	103	
34	4	46	70	48	15	108	0	40	236	 ***
33	18	44	0	14	69	44	14	169	196	
8	69	1	31	0	0	68	174	51	199	
8	12	32	41	37	30	240	30	4	167	
58	35	0	98	162	32	156	29	31	0	
0	48	12	39	74	163	0	167	54	44	
84	97	0	32	15	56	51	0	35	231	
149	20	36	0	27	42	74	84	0	169	

30	24	54	0	48	16	79	18	64	247	
8	24	29	28	4	115	107	40	0	225	
40	0	14	0	31	22	215	226	12	20	
46	6	56	15	32	12	112	0	56	245	
15	18	48	51	78	20	48	53	36	213	
30	4	46	32	38	40	70	0	111	209	
32	4	54	0	48	49	102	0	50	241	
34	16	72	6	6	58	121	26	4	237	
30	8	76	2	32	31	90	0	64	247	
42	36	36	32	42	17	68	0	76	231	
12	54	32	24	54	40	24	49	66	225	
29	20	8	51	24	9	84	133	20	202	
32	117	47	0	50	16	128	0	48	142	
30	51	52	32	34	10	85	0	66	220	
61	16	2	56	22	32	79	2	122	188	
30	117	48	48	32	53	168	0	40	44	
18	6	69	12	0	41	146	46	226	16	
32	8	78	50	40	14	45	62	40	211	 ***
26	88	57	22	2	28	2	84	27	244	
0	6	0	24	116	53	78	72	32	199	
18	38	5	18	53	71	71	23	61	222	
10	32	4	147	11	73	181	0	66	56	
32	6	54	0	48	126	71	0	103	140	
62	41	10	37	4	32	46	106	16	226	
38	20	38	34	50	12	38	72	40	238	
24	122	116	12	14	10	189	25	30	38	
6	16	39	4	52	14	244	6	16	183	

18	20	34	37	21	56	98	24	9	250	
14	60	21	18	11	9	23	145	10	256	
7	64	8	24	68	16	64	17	74	225	
90	12	16	20	0	24	51	77	12	265	
0	15	12	28	161	62	44	0	52	193	
13	56	22	25	40	27	54	36	68	226	
26	18	62	50	50	108	28	56	40	129	
5	113	21	14	40	0	0	64	85	225	
30	72	24	5	0	16	0	22	272	126	
33	10	62	56	44	20	61	16	44	221	
44	30	33	26	52	5	64	46	66	201	
30	16	63	60	44	12	65	16	40	221	 ***
30	8	62	52	40	16	182	24	44	109	
18	19	28	37	44	10	41	117	0	253	
51	50	62	136	38	10	42	48	130	0	
5	70	16	53	70	53	30	0	74	196	
30	8	63	48	46	10	42	54	44	222	
97	20	18	19	28	0	72	45	27	241	
30	30	16	6	3	37	53	80	68	244	
1	28	11	24	8	50	28	27	142	248	
17	8	24	12	16	48	99	34	63	246	

7	20	36	23	23	38	33	0	133	255	
0	56	35	21	162	43	27	52	0	172	
10	18	62	53	46	10	88	16	39	226	
23	18	67	52	38	20	35	52	43	220	
10	39	5	47	39	4	37	0	141	246	
133	50	20	37	0	63	76	116	16	57	
5	40	12	186	8	100	98	55	0	64	
0	37	30	36	24	4	34	212	22	169	
14	41	37	15	17	0	132	0	46	266	
34	13	32	0	26	17	38	18	257	133	
31	36	129	82	36	0	192	2	31	29	
14	19	71	58	36	13	71	18	46	222	
12	8	6	4	32	8	194	35	14	255	
10	20	16	18	14	41	209	2	29	209	
12	25	0	41	8	6	13	11	248	204	
14	24	57	58	40	8	76	16	53	222	
2	24	47	73	10	4	123	30	44	211	
0	5	30	30	12	35	34	145	35	242	
16	11	17	37	32	24	48	120	34	229	
0	16	50	12	88	16	102	21	48	215	
12	28	60	54	69	8	32	50	40	215	 ***
15	29	0	62	37	160	0	43	20	202	
19	44	27	115	40	49	42	0	56	176	
2	14	51	28	46	10	80	16	61	260	
48	118	31	102	20	86	87	76	0	0	
4	18	31	14	30	20	84	49	75	243	
10	27	73	55	40	8	33	56	40	226	
5	8	14	27	25	12	30	49	132	266	
20	24	160	7	31	24	189	0	71	42	
17	54	69	34	24	92	36	20	222	0	
1	79	69	10	4	107	46	0	52	200	
45	23	54	18	26	16	151	18	0	217	
56	15	142	20	0	6	48	4	146	131	
30	0	152	26	10	46	131	25	148	0	
33	152	0	57	2	1	64	8	57	194	
4	3	20	66	7	34	44	103	63	224	

0	32	26	12	18	9	166	21	288	82	
56	37	10	38	10	45	37	0	132	289	
22	1	103	9	34	33	39	8	138	267	
4	140	37	54	61	8	32	75	40	203	
51	8	9	0	57	30	40	131	77	251	
1	45	40	41	36	12	137	40	36	266	
43	13	17	9	10	63	0	79	180	240	
26	3	26	35	26	36	154	0	65	283	
0	48	78	9	43	51	58	14	93	260	
26	20	51	29	39	8	143	33	13	292	
25	36	6	25	13	94	149	4	40	262	
43	54	62	24	145	84	31	144	67	0	
5	16	29	24	48	40	104	32	86	270	 ***
36	67	41	15	88	116	49	38	0	204	
8	131	24	27	36	72	248	57	51	0	
41	2	11	63	154	10	164	119	90	0	
10	34	6	67	20	112	57	222	126	0	
54	21	43	17	22	42	299	130	26	0	
29	89	9	63	10	56	0	64	74	260	
40	48	8	22	36	16	143	16	274	51	
90	152	17	42	82	0	0	16	181	74	
25	16	0	58	88	5	18	140	30	274	
12	64	18	109	29	32	4	0	106	280	
4	22	0	44	4	42	30	87	294	127	
85	29	25	26	16	12	4	16	180	261	
0	0	26	63	42	56	38	288	91	50	

37	43	0	56	8	2	90	199	19	263	
28	47	82	101	80	68	0	51	25	235	
37	49	0	49	52	12	200	56	17	245	
14	52	0	8	16	18	184	4	257	164	
46	70	6	42	103	57	26	41	92	234	
74	2	26	0	37	124	136	25	65	228	
23	41	14	64	36	78	51	38	151	221	
12	3	63	0	25	71	32	64	203	244	
42	0	45	2	4	50	32	110	221	211	
105	135	74	93	20	37	64	18	171	0	
33	19	6	71	101	92	107	0	200	88	
51	57	12	25	62	24	236	0	47	203	
20	0	9	16	20	36	307	62	199	48	
37	6	28	0	22	66	52	247	39	220	
92	44	1	80	1	2	44	0	213	240	
48	0	22	43	18	68	110	73	89	246	
5	14	21	22	90	40	146	49	90	240	 ***
44	65	33	42	128	30	0	99	79	197	
119	138	17	27	10	61	68	36	241	0	
5	28	67	38	48	40	170	32	43	246	
83	116	23	58	83	40	180	68	66	0	
52	47	101	22	119	89	30	65	192	0	
34	88	23	26	45	28	103	0	166	204	
37	44	54	71	25	124	92	94	176	0	
0	68	44	71	46	5	162	61	74	186	
34	36	28	54	28	53	43	115	113	213	
70	24	20	37	117	50	103	176	120	0	
108	34	6	52	116	34	24	34	22	287	
24	23	59	22	58	42	136	32	82	239	
3	11	17	26	56	56	84	204	113	147	
36	22	66	5	24	2	32	230	65	235	
5	14	8	23	54	56	112	64	135	246	
5	16	53	24	48	41	130	54	108	238	

12	80	100	131	31	54	257	48	0	9	
27	27	7	14	134	29	176	52	256	0	
5	20	9	22	84	48	148	48	90	248	
44	150	24	10	66	0	34	18	132	244	
50	46	27	32	100	86	76	20	39	246	
6	22	24	16	47	64	26	174	5	338	
64	8	0	12	70	22	82	190	30	244	
35	18	120	17	32	0	150	32	56	262	
72	7	16	32	8	25	60	2	180	320	
29	40	16	82	47	12	0	224	33	239	
29	60	29	12	0	8	105	233	30	216	
5	14	25	24	118	42	112	48	90	244	
5	125	29	25	16	70	267	0	127	58	
21	100	34	62	104	0	32	66	42	261	
103	16	2	4	54	16	32	222	263	10	
49	10	32	84	31	83	286	2	145	0	
78	22	17	50	44	64	54	0	162	231	
46	92	86	45	40	72	0	25	240	76	
31	33	62	73	26	0	49	75	110	263	
5	16	21	18	88	40	78	118	94	244	 ***
0	141	54	52	98	29	64	218	0	66	
74	18	2	0	32	8	58	276	8	246	

12	106	13	0	120	40	46	140	85	126	
4	20	9	0	138	40	206	86	80	105	
4	10	9	4	102	48	42	203	38	228	
58	28	2	40	16	70	42	0	132	300	
62	124	24	2	92	0	13	0	56	315	
123	98	38	8	28	98	0	29	0	266	
70	12	9	4	56	56	232	70	95	84	
38	34	26	0	0	167	28	54	46	295	
40	42	36	16	50	0	82	56	44	322	
40	0	29	82	20	8	18	98	66	327	
4	32	41	0	147	88	38	199	42	97	
40	80	52	42	19	4	150	24	0	277	
14	106	41	0	111	40	38	167	42	129	
6	14	9	10	116	40	46	140	93	214	
91	8	18	44	0	40	84	86	0	317	
5	12	9	0	129	56	42	98	208	129	
8	20	104	22	44	48	28	55	74	285	
34	20	8	74	32	28	75	56	58	303	
42	44	0	0	20	130	297	23	84	48	
134	0	0	0	20	0	278	164	42	50	
8	2	26	40	20	16	108	132	10	326	
0	82	68	66	12	8	70	52	40	290	
40	18	16	38	1	38	78	120	44	295	
163	26	0	80	0	0	10	119	28	262	
4	22	9	42	112	62	38	126	42	231	 ***
4	20	9	2	99	56	46	150	80	222	
16	26	38	0	0	12	163	136	12	285	
34	2	20	56	0	116	0	33	303	124	
36	0	136	120	2	18	32	0	71	273	
26	19	24	22	0	44	34	50	168	301	
4	10	41	55	84	42	95	86	44	227	
100	54	13	0	96	40	120	90	42	133	
32	74	0	0	4	56	38	136	38	310	
4	14	47	0	88	40	186	86	88	135	

4	18	8	116	112	42	34	90	101	154	
44	2	40	68	18	20	50	154	0	283	
2	19	0	44	137	42	62	130	58	185	
2	14	0	40	92	58	26	200	91	156	
32	117	32	0	54	4	16	102	280	42	
27	90	56	81	139	46	206	34	0	0	
2	18	8	40	112	56	34	194	110	105	
2	24	32	26	108	36	86	98	0	267	
72	40	36	54	8	66	17	24	70	292	
28	0	41	82	0	86	50	40	44	308	
4	32	34	58	0	90	154	285	22	0	
26	4	24	62	123	70	0	10	88	272	
80	0	24	8	8	2	74	106	70	307	
8	19	8	116	124	42	26	122	60	154	
35	70	26	32	2	34	18	54	334	74	
0	36	0	36	16	68	108	283	58	74	
14	40	82	86	106	0	21	34	296	0	
19	0	0	15	134	34	245	24	22	186	
89	88	113	50	120	8	191	20	0	0	
14	119	6	4	64	22	2	92	318	38	
40	10	110	0	54	38	58	0	100	269	
46	36	1	73	4	84	60	0	68	307	
38	125	6	28	0	0	8	130	88	256	
2	42	8	40	112	42	26	90	212	105	
2	18	0	40	140	42	26	110	162	139	
4	18	8	40	112	52	34	138	49	224	 ***
2	18	0	44	158	50	34	90	170	113	
16	64	4	44	44	10	36	58	298	105	
102	4	38	24	82	0	328	3	0	98	
4	18	8	116	129	46	34	90	84	150	
78	66	32	52	58	20	0	53	0	320	
4	18	12	48	104	42	26	90	212	123	
10	48	16	70	50	0	47	82	52	304	
34	112	60	40	88	68	12	0	265	0	
66	41	114	74	8	0	56	32	0	288	
4	27	86	40	120	42	26	90	96	148	

6	17	8	68	82	42	28	62	134	207	
74	40	32	2	0	77	201	28	190	10	
6	10	14	32	96	105	64	58	120	149	
6	10	48	32	68	42	60	62	153	173	
8	8	98	32	64	16	260	32	90	46	
4	14	0	64	88	46	32	198	80	128	
28	8	44	0	0	36	73	38	152	275	
0	0	54	0	108	12	250	156	74	0	
0	22	40	33	0	96	206	0	59	198	
23	74	12	32	56	42	24	118	100	173	 ***
8	10	2	98	64	74	24	60	190	124	
0	40	2	0	52	48	102	106	49	255	
4	43	8	64	72	105	32	60	88	178	
0	42	154	12	0	20	0	4	293	129	
4	30	40	32	58	42	56	202	90	100	
32	36	34	0	38	38	130	54	20	272	
104	16	2	76	4	17	257	86	72	20	
104	15	8	0	74	50	153	58	96	96	
8	52	53	0	50	16	185	0	64	226	

0	64	6	0	36	54	8	96	67	229	 ***
62	4	0	0	0	0	36	193	265	0	
0	66	4	0	36	38	24	74	81	237	
0	0	0	98	0	48	0	62	32	320	
8	83	4	0	0	10	24	100	10	321	
0	64	4	8	36	38	8	251	72	79	
70	2	48	0	0	32	0	68	32	308	
0	64	6	0	52	6	24	60	109	239	
0	6	38	0	64	16	12	128	14	282	
0	4	32	8	0	8	234	20	0	254	
0	64	4	0	36	54	246	64	22	70	
0	66	4	0	64	38	8	62	258	60	
0	48	66	36	0	0	10	8	92	300	
40	0	104	0	4	0	0	82	24	306	
34	8	0	20	0	0	4	175	0	319	
4	34	8	0	2	8	24	40	148	292	
16	36	4	32	16	0	24	106	32	294	
0	14	131	0	76	36	68	0	0	235	
0	0	0	0	0	112	0	326	122	0	
18	0	66	0	4	12	44	106	16	294	
2	4	0	92	0	0	0	68	112	282	
6	0	0	0	176	32	0	76	16	254	
0	64	4	16	42	46	8	62	258	60	

40	64	15	0	4	108	0	72	100	265	
0	64	6	41	68	48	32	42	151	216	
4	0	2	8	40	36	9	204	110	255	
47	0	0	0	87	32	150	42	310	0	
64	40	76	56	0	12	0	115	0	305	
48	104	68	12	32	52	0	50	258	44	
0	8	32	6	8	0	96	224	4	290	
0	126	6	85	65	16	0	84	240	46	
44	90	0	0	32	11	40	303	148	0	
34	179	6	40	0	0	70	259	0	80	
0	4	99	0	4	40	36	66	171	248	
16	32	0	80	4	161	48	257	0	70	
42	2	52	0	64	0	189	0	20	299	
0	64	84	0	50	16	0	87	255	112	
0	32	40	32	0	4	50	242	260	8	
0	112	6	16	34	123	0	73	196	108	
0	0	44	0	135	48	88	72	281	0	
0	0	4	80	72	68	92	54	0	298	
0	72	4	8	0	48	36	72	156	272	 ***
8	46	44	8	72	0	32	190	0	268	
52	57	0	44	0	88	304	0	0	123	
0	66	0	41	170	4	229	0	0	158	
36	64	0	20	108	0	104	100	236	0	
56	99	0	4	72	4	0	0	138	295	
4	76	0	50	40	68	4	173	4	249	
54	20	33	80	34	68	0	0	237	142	
8	64	46	0	32	48	24	69	293	84	
137	64	7	64	0	56	0	114	178	48	
5	0	48	32	12	72	0	190	293	16	
88	0	44	45	32	0	0	85	124	250	
0	66	10	8	40	56	0	145	90	253	
68	14	0	37	0	64	0	134	100	251	
158	0	64	13	64	12	0	256	0	101	
20	100	8	0	56	16	0	166	0	302	
16	68	8	32	80	32	0	181	11	240	
2	20	8	52	0	37	64	149	0	336	

52	11	153	38	70	56	116	0	217	0	
82	68	0	66	0	0	46	137	270	44	
0	82	68	0	0	52	32	209	134	136	
15	72	32	0	0	50	48	83	145	268	
18	104	44	8	48	47	0	156	0	288	
128	56	6	68	0	40	100	0	275	40	
11	52	64	8	74	88	0	206	210	0	
40	50	44	70	78	48	0	199	184	0	
0	34	70	0	28	50	55	38	172	266	
70	100	135	68	48	0	95	0	197	0	
3	72	0	0	4	71	72	90	139	262	
0	32	83	40	64	109	0	110	0	275	
8	36	96	68	42	106	0	94	263	0	
77	131	60	0	0	77	0	116	39	213	
32	4	48	0	0	32	100	40	214	243	
36	40	0	96	0	0	77	32	298	134	
8	66	0	4	32	8	135	40	202	218	
72	40	14	6	68	8	105	0	185	215	
0	144	0	32	0	73	36	46	298	84	
32	5	36	96	132	64	102	48	190	8	
4	104	128	0	0	51	82	86	181	77	
4	80	32	0	0	52	104	44	161	236	 ***
0	64	116	64	32	4	68	100	0	265	
50	98	54	132	37	8	0	90	244	0	

29	48	49	2	8	54	108	38	68	278	
48	64	2	40	0	2	45	0	215	266	
155	0	56	0	64	68	8	40	32	259	
5	48	52	0	0	20	143	46	74	294	 ***
0	0	100	0	64	8	0	19	266	225	
0	51	40	64	38	42	54	0	142	251	
4	65	32	0	0	52	106	58	95	270	
4	141	0	64	0	8	48	297	8	112	
36	48	35	41	0	21	104	40	79	278	
4	54	57	0	8	20	137	38	88	276	
0	179	0	107	56	0	233	32	72	3	
2	0	72	6	16	8	48	80	243	207	
134	138	70	0	128	0	212	0	0	0	
28	118	0	90	0	34	160	0	0	252	
4	52	32	16	0	20	107	128	55	268	
88	47	0	64	0	175	40	0	268	0	
64	0	48	40	0	4	39	242	245	0	
0	40	32	1	16	30	104	34	327	98	
14	40	32	2	0	24	80	50	342	98	
136	0	0	0	4	40	17	44	168	273	

0	8	8	8	16	11	0	278	42	272	
18	0	0	64	8	38	0	250	0	265	
8	28	0	0	32	64	0	4	279	228	
0	75	40	20	0	66	0	22	157	263	
34	36	24	10	40	0	16	32	148	303	
8	0	124	44	8	10	32	321	96	0	
0	0	40	135	97	0	0	103	268	0	
0	0	84	40	0	10	235	2	0	272	
38	68	54	0	64	64	13	0	90	252	
32	117	0	0	80	42	0	0	104	268	
9	48	50	5	8	4	142	30	59	288	
2	0	50	8	80	18	32	0	174	279	
9	32	38	32	0	54	148	50	0	280	
88	58	0	149	0	72	244	0	32	0	
0	0	0	93	143	0	73	168	166	0	
16	8	39	0	35	0	96	128	41	280	
94	10	0	48	0	0	0	317	134	40	
68	16	0	42	10	16	336	0	0	155	
13	64	50	6	5	4	142	34	45	280	
5	47	50	0	0	37	151	38	35	280	 ***
56	17	40	0	36	58	0	48	115	273	
13	40	50	10	0	4	159	48	43	276	
8	8	40	32	0	44	40	67	112	292	

8	44	0	0	66	46	0	268	168	114	
3	63	55	6	0	28	158	279	0	122	
3	54	151	0	38	85	158	78	0	147	
0	47	52	34	25	30	157	14	67	288	
5	47	52	5	4	40	142	65	57	297	
7	60	54	0	0	40	160	18	84	291	
35	57	56	0	5	48	349	114	34	16	
0	62	50	20	4	38	144	83	0	313	 ***
12	16	26	32	8	2	124	0	275	219	
0	94	0	11	20	12	273	66	0	238	
0	116	32	36	125	80	44	0	281	0	
52	74	29	0	118	51	0	38	64	288	
28	160	8	39	48	191	0	0	39	201	
58	8	0	64	42	0	0	256	286	0	
32	26	18	40	6	118	40	0	148	286	
0	65	50	8	0	49	172	66	15	289	
102	12	0	68	96	24	276	0	0	136	
74	36	8	0	56	91	18	160	0	271	
7	64	34	40	3	36	224	36	0	270	
99	27	40	52	40	32	277	107	40	0	

48	110	50	92	8	0	48	0	101	311	
27	36	16	0	73	119	200	95	0	202	
32	50	48	151	52	30	140	107	0	158	
25	80	36	92	6	0	83	221	0	225	
90	72	114	32	4	0	132	76	16	232	
144	124	79	0	78	0	203	92	48	0	
32	50	51	20	13	62	140	121	0	279	
20	57	64	16	0	42	242	38	72	217	
0	66	48	34	166	61	228	0	165	0	
0	50	50	4	4	30	225	241	0	164	
2	36	48	0	3	36	132	91	131	289	
49	68	36	0	22	20	0	276	32	265	
0	66	50	4	4	30	185	129	0	300	 ***
34	92	42	0	76	34	0	16	238	236	
157	60	59	64	0	52	40	58	278	0	
66	67	25	0	52	20	104	256	0	178	
32	50	48	52	7	47	140	105	0	287	
40	131	4	64	20	20	50	97	40	302	
39	50	168	52	67	76	190	126	0	0	
7	106	90	76	22	0	98	295	74	0	
50	154	48	32	80	84	0	39	48	233	
17	32	18	96	38	36	52	19	201	259	
0	48	0	136	26	0	101	234	214	9	
96	68	25	32	0	74	32	0	216	225	
0	98	81	4	22	70	140	70	0	283	
42	42	0	53	0	120	178	245	88	0	
0	20	49	60	145	105	74	40	275	0	
71	25	0	72	4	18	305	39	34	200	
42	125	0	0	93	0	120	140	13	235	

