#6	54	0	16	56	66	52	304	17	176	 ***
#7	24	30	75	39	24	159	64	34	291	
#2	70	1	34	8	53	20	214	80	265	
#48	42	36	0	28	2	253	32	70	236	
#21	26	39	0	48	0	212	77	264	60	
#42	12	42	68	59	0	28	319	7	170	

8	4	20	46	22	50	81	187	269	0	
24	54	0	48	72	56	48	62	20	303	
46	38	126	0	92	66	72	221	0	26	
6	54	0	20	54	54	64	186	39	210	
64	12	38	0	128	12	161	229	39	4	
38	15	45	42	65	53	41	297	91	0	
12	54	2	20	48	50	48	303	34	116	
56	94	70	1	28	24	72	282	60	0	
40	35	28	124	10	24	46	128	252	0	
41	59	42	32	18	18	182	43	0	252	
34	22	22	0	20	0	116	10	281	182	
4	38	0	16	46	52	52	299	48	132	 ***
12	7	11	38	34	36	183	256	110	0	

4	40	0	26	14	50	84	289	48	156	
4	70	0	48	14	52	52	291	48	132	
4	52	0	18	46	84	56	273	48	130	
4	36	0	10	14	50	52	289	80	176	
36	0	95	10	0	81	165	25	268	31	
74	20	76	127	63	50	131	0	0	170	
10	68	0	12	46	66	52	289	44	124	
0	86	46	11	0	63	92	46	240	127	
4	40	0	14	25	52	52	189	104	231	
0	8	22	0	174	51	190	42	40	184	
8	26	48	50	86	55	70	228	140	0	
0	56	86	34	0	88	254	26	134	33	
36	18	44	48	38	6	173	284	64	0	
20	54	124	30	62	48	28	252	93	0	
20	36	0	12	50	50	52	313	46	132	
26	26	46	32	28	27	0	304	44	178	
6	86	0	10	14	52	52	311	80	100	 ***

6	26	0	130	58	12	66	102	80	292	
12	38	0	58	8	82	84	106	116	268	
32	0	106	16	32	64	248	90	0	184	
12	68	0	44	6	66	60	308	124	84	 ***
34	6	20	6	26	100	32	118	132	298	
26	114	26	50	88	0	96	294	58	20	
88	18	42	10	84	66	166	287	0	11	
125	70	4	32	16	59	176	0	290	0	
54	68	40	23	34	44	32	132	46	299	
14	14	60	36	34	12	58	110	132	302	
50	42	143	80	0	130	0	191	50	86	
28	16	54	48	72	82	90	285	52	45	
64	16	18	2	0	0	84	304	146	138	
32	96	2	4	36	16	52	306	102	126	
42	84	0	84	84	112	28	255	0	83	
26	0	90	58	2	60	294	164	78	0	
22	68	76	52	74	50	104	0	306	20	
6	78	0	10	6	82	92	269	76	153	
46	70	0	42	16	60	64	110	96	268	
6	70	0	34	6	50	116	286	112	92	
0	91	17	159	82	91	74	58	200	0	
12	68	0	10	38	82	84	284	100	94	
70	46	54	38	52	38	52	306	66	50	
0	26	17	210	59	58	34	176	192	0	
22	72	16	12	8	30	0	140	283	189	
8	92	82	107	32	78	255	70	4	44	
6	68	0	43	16	58	62	292	109	118	
12	70	0	50	38	50	80	145	76	251	

10	140	0	36	2	82	72	239	37	84	
86	68	140	44	52	36	244	32	0	0	
51	113	66	48	72	0	0	264	50	38	
8	10	57	50	0	48	281	218	30	0	
0	36	50	10	94	16	164	0	292	40	
24	20	44	32	209	72	205	0	96	0	
20	64	4	36	4	66	72	276	76	84	
12	64	0	52	117	66	40	116	62	173	
111	10	16	0	54	32	0	267	64	148	
10	64	40	40	2	72	72	274	36	92	
12	68	0	68	14	66	72	274	36	92	 ***
29	18	64	72	164	0	24	90	191	50	
28	50	0	10	54	50	70	294	146	0	
10	72	0	42	2	66	72	295	48	95	
62	24	0	58	0	48	85	287	138	0	
72	4	8	34	128	32	24	88	296	16	
72	2	84	18	0	78	16	136	0	296	
88	128	18	88	8	50	0	102	0	220	

30	0	48	10	34	62	150	251	68	0	
0	82	44	54	46	14	95	242	12	64	
20	52	0	46	12	52	72	251	56	92	
6	70	88	54	26	104	48	236	0	21	
82	16	64	38	8	16	10	225	194	0	
50	16	10	64	52	90	16	255	42	58	
12	52	0	46	26	97	44	204	52	120	
2	0	0	84	22	36	53	278	52	126	
16	4	60	4	70	36	44	265	40	114	
28	48	12	12	74	102	55	242	80	0	
12	60	0	44	18	44	48	255	72	100	
24	56	0	36	30	36	48	255	88	80	 ***
60	90	14	16	76	76	0	243	18	60	
4	4	66	0	10	50	287	74	158	0	
20	56	0	36	54	68	44	255	40	80	
100	14	16	167	0	0	74	38	244	0	
18	28	0	36	30	34	64	268	36	139	
8	48	14	96	48	0	198	239	2	0	
32	62	42	46	4	68	41	242	34	82	

9	20	0	34	28	83	60	203	88	48	
44	16	68	34	2	0	134	251	16	8	
16	4	0	42	30	18	60	104	88	211	
36	115	40	28	0	124	176	0	0	54	
0	56	2	0	40	40	0	158	221	56	
15	32	18	0	0	20	53	223	116	96	
58	12	22	3	38	32	98	218	92	0	
0	4	6	36	62	8	265	0	148	44	
24	6	0	103	28	18	60	230	72	32	
24	28	0	0	38	0	30	210	204	39	
0	50	0	47	20	18	144	224	14	56	
16	4	0	34	36	18	61	147	225	32	
56	0	94	8	6	85	0	186	105	33	
43	36	0	0	63	50	0	66	203	112	
14	24	0	36	30	18	60	255	104	32	 ***
0	32	10	54	60	26	98	229	64	0	
17	4	8	34	28	18	44	112	104	204	
24	4	0	0	36	72	253	0	4	180	
18	28	0	37	30	20	60	231	101	48	
16	20	0	38	30	20	44	229	102	74	
16	7	0	34	36	18	44	108	104	206	
16	24	8	36	28	20	61	233	99	48	
44	36	36	95	0	75	28	162	97	0	
14	20	0	32	24	18	198	123	96	48	
0	10	79	0	22	16	203	71	44	128	
28	12	4	8	2	34	82	243	160	0	
12	22	83	52	36	0	236	118	14	0	
40	16	34	105	0	8	82	0	262	26	
25	4	0	34	28	85	44	215	88	50	
16	5	0	103	28	79	44	160	88	50	
16	12	0	35	28	18	44	119	235	66	
118	32	38	70	0	26	14	199	0	76	
14	20	0	35	28	18	60	141	225	32	
38	0	16	8	2	0	76	272	12	149	
18	20	0	37	38	20	64	232	96	48	
47	6	0	58	110	0	0	109	18	225	
16	20	0	36	40	4	44	139	64	210	
37	88	16	20	8	0	134	206	64	0	

0	55	121	13	40	46	0	224	50	14	
14	22	0	24	31	18	48	269	101	36	
21	8	24	4	8	34	0	146	52	266	
12	25	0	40	22	18	64	247	93	42	
0	156	64	10	0	64	50	182	22	15	
60	26	0	0	5	17	78	217	143	17	
30	52	31	24	48	20	136	222	0	0	
19	16	0	36	38	18	32	143	229	32	
92	32	89	18	0	0	48	203	42	39	
35	92	0	46	68	0	36	50	36	200	
8	123	63	60	35	6	0	52	176	40	
2	22	72	0	42	48	16	249	12	100	
0	8	0	8	16	61	122	242	77	29	
32	8	0	36	25	18	56	150	56	182	
56	20	30	0	2	46	86	76	247	0	
16	24	0	37	26	18	52	152	56	182	
69	17	28	31	138	8	68	0	0	204	
12	0	1	44	42	18	56	258	56	76	 ***
56	72	42	55	0	33	0	38	22	245	
15	19	1	48	30	23	52	253	56	66	
0	37	2	10	7	0	38	160	269	40	
14	0	4	42	34	22	32	246	65	104	

1	64	77	16	10	16	187	239	43	46	
32	8	98	64	123	38	132	0	0	204	
32	0	0	48	26	50	44	253	98	148	 ***
64	44	77	35	0	108	35	227	109	0	

40	0	0	72	26	0	56	241	66	100	
156	0	8	10	41	0	39	163	172	12	
19	15	66	29	60	131	0	101	0	180	
32	0	0	44	34	18	44	249	60	120	 ***
32	32	12	30	53	0	61	0	145	236	
73	50	83	64	137	27	56	0	0	111	

32	16	16	60	30	0	185	127	24	90	
21	0	3	70	134	4	0	175	65	108	
16	4	32	50	30	46	0	234	80	88	
50	0	111	77	30	0	16	110	81	105	
125	0	0	84	30	0	88	109	56	88	
121	25	74	61	46	78	106	0	0	69	
30	0	113	12	26	0	32	171	108	88	
35	6	0	44	62	20	48	237	24	104	 ***
12	0	8	78	30	16	74	239	33	90	
32	16	0	54	134	0	16	116	74	138	
30	0	0	47	48	4	182	104	76	89	
16	0	0	58	48	3	56	126	52	221	
32	2	16	62	127	22	0	156	75	88	
14	7	0	16	30	2	32	171	204	104	
49	0	2	44	30	16	48	233	70	88	
16	16	4	8	46	18	21	271	90	90	
26	0	26	60	30	16	16	110	79	217	

14	0	104	40	52	10	74	131	14	128	
16	4	16	20	8	26	285	0	168	24	
38	2	104	40	70	8	0	135	66	104	
8	64	56	48	0	136	19	8	36	192	
85	26	12	64	0	0	44	244	44	48	
19	14	2	48	54	4	72	236	14	104	
32	16	0	36	20	18	20	162	258	5	
15	4	0	44	52	10	0	132	179	131	
37	42	13	42	0	43	94	90	206	0	
32	2	104	40	76	12	54	131	12	104	
15	16	0	40	56	7	0	233	72	128	 ***
26	10	0	40	56	130	2	139	58	106	
53	56	13	0	47	48	0	54	86	210	
18	55	45	41	50	146	0	170	42	0	

9	6	2	41	48	44	0	234	78	106	 ***
15	13	0	40	59	9	0	105	72	255	
129	10	33	68	50	6	0	95	59	118	
52	8	2	43	28	21	0	95	88	231	

40	37	19	34	46	125	25	249	72	7	
40	30	20	36	21	53	10	295	0	149	
123	28	35	76	0	68	17	267	24	16	
38	6	2	18	57	17	0	194	214	108	
13	6	13	52	77	15	22	138	214	104	
16	6	16	21	40	17	0	271	91	176	 ***
18	29	60	56	20	0	168	263	14	26	
2	8	0	0	127	73	68	70	10	296	
119	5	2	26	18	32	85	0	52	315	
6	8	32	0	44	40	68	269	19	168	
41	27	0	46	50	51	0	72	88	279	
8	1	32	24	38	75	39	296	129	12	
35	16	0	14	56	43	0	272	92	126	
1	16	29	66	32	19	70	165	22	234	
123	9	29	21	0	63	0	97	211	101	
0	0	19	16	46	131	203	22	119	98	
7	23	0	90	48	113	0	162	94	117	
40	111	0	73	40	64	0	146	69	111	
4	36	64	0	38	133	65	32	5	277	
4	19	16	0	138	9	24	68	110	266	

42	2	18	26	37	18	161	179	59	175	
48	6	16	94	54	7	8	275	59	150	
20	28	4	2	0	65	0	178	224	196	
24	46	0	40	0	103	0	233	239	32	
116	16	0	20	18	28	32	307	0	180	
11	22	50	28	69	16	0	121	141	259	
37	14	16	21	41	19	210	140	91	128	
8	4	19	74	35	22	42	253	68	192	
19	6	16	24	36	51	0	240	139	186	 ***
63	38	16	20	38	120	0	170	67	185	
32	0	20	98	39	0	40	217	32	239	
74	4	46	28	40	49	0	233	111	132	

15	2	20	24	72	51	0	165	256	117	
40	110	2	7	42	36	55	279	29	122	
15	14	23	56	32	52	0	158	109	263	
120	70	143	24	28	0	285	32	4	16	
19	8	18	24	120	43	0	175	202	113	
15	2	22	28	41	75	0	138	158	243	
15	8	16	26	68	43	70	244	107	125	
10	32	38	0	34	0	326	28	64	190	
15	6	16	94	32	43	0	144	236	136	
23	2	20	26	102	51	0	212	139	147	
15	8	16	60	38	43	0	154	267	121	
4	117	82	0	0	98	24	223	89	85	
21	4	52	30	32	51	0	244	139	149	 ***
84	0	18	9	0	60	24	279	16	232	
32	48	0	58	40	120	3	313	64	44	
55	4	16	28	122	43	0	250	107	97	

16	2	21	26	28	86	221	157	74	57	
94	121	50	30	4	6	44	312	27	0	
46	4	54	74	0	28	86	281	54	61	
0	52	40	0	94	0	315	24	71	92	
24	0	58	42	20	51	225	128	41	99	
24	4	22	122	28	52	43	119	47	227	
16	0	21	26	36	171	66	140	147	65	
65	41	98	0	0	8	35	297	72	72	
97	30	64	18	4	80	8	45	310	32	
0	80	58	0	16	40	0	141	42	311	
16	24	0	58	70	18	18	286	198	0	
16	21	20	26	56	53	0	167	197	132	
16	73	36	58	28	75	0	242	43	117	 ***
44	2	74	41	6	8	84	336	85	8	
32	16	16	8	52	72	23	320	36	113	
50	20	20	34	32	59	221	151	41	60	
42	4	46	96	48	0	70	0	289	93	
66	32	64	96	40	4	7	303	76	0	
65	4	22	30	144	59	0	186	41	137	
8	138	18	0	33	28	0	153	243	67	
81	0	92	4	5	101	42	281	56	26	
70	4	21	26	167	99	0	149	41	111	
80	0	85	0	32	12	98	309	36	36	
0	86	2	104	8	0	16	316	90	66	
16	4	24	26	28	83	139	238	57	73	
0	16	44	8	66	72	8	316	56	102	
19	32	24	34	101	72	0	150	43	213	
24	44	8	35	30	0	148	299	62	38	
16	4	20	26	4	93	43	220	191	71	
82	4	86	34	6	0	40	299	60	77	
10	87	16	34	171	54	0	0	100	216	
16	24	20	58	28	49	130	256	45	62	
41	39	20	54	28	135	0	197	41	133	
16	32	20	26	28	46	81	130	61	248	
60	18	32	40	33	24	16	285	110	70	
8	0	42	40	72	2	88	295	137	4	
133	89	52	38	64	0	46	258	0	8	
20	6	24	26	65	51	0	268	51	177	
18	1	20	58	28	50	69	129	242	73	
1	22	115	44	0	38	15	152	301	0	
2	2	40	32	22	4	128	289	126	43	
16	4	16	0	46	83	51	251	199	22	
42	36	36	0	31	0	48	128	74	293	
14	20	20	26	29	159	0	196	143	81	
0	12	16	1	82	24	161	322	44	26	
50	12	2	8	56	106	58	314	48	34	
70	40	1	156	56	6	0	251	108	0	
40	82	98	6	10	90	0	38	0	324	
48	7	40	26	29	89	0	205	171	73	
120	52	28	36	0	44	0	143	258	7	
50	34	0	16	28	51	20	284	88	117	
30	12	46	10	4	26	192	279	61	28	
48	0	24	34	28	59	221	124	45	105	
52	0	74	162	40	50	0	154	44	112	

8	32	32	18	34	44	24	285	44	158	
14	36	28	66	26	53	220	141	27	68	
83	68	36	116	10	0	265	53	48	0	
18	60	32	0	0	46	147	290	76	10	
14	38	37	58	28	55	220	134	27	68	
82	10	0	20	38	0	44	34	130	321	
56	107	20	8	76	0	24	305	40	43	
62	2	36	46	18	56	72	230	35	122	
14	36	28	60	28	61	220	137	27	68	
104	16	4	32	50	70	7	296	0	100	
32	66	4	72	94	42	22	297	50	0	
10	0	12	66	64	50	95	273	57	52	
42	56	42	90	110	0	22	66	0	251	
74	38	92	2	0	32	48	303	54	36	
104	0	4	0	8	10	6	275	210	62	
14	40	36	58	28	56	0	156	77	214	
10	60	30	0	0	34	71	119	56	299	
38	6	56	52	0	30	183	0	33	281	
0	46	10	0	60	118	0	173	232	40	
56	106	12	32	0	4	58	271	60	80	
22	0	96	72	68	34	28	289	14	56	
22	74	34	12	48	56	10	305	68	50	
14	49	36	58	28	110	0	155	27	202	
0	4	36	70	4	86	42	294	77	66	
14	124	36	58	46	53	0	201	31	116	
14	77	36	58	28	75	0	240	67	84	 ***
14	38	28	78	28	53	212	133	27	68	
10	40	28	58	28	69	212	137	27	70	
22	36	36	77	28	89	0	240	27	124	
12	69	38	110	0	0	66	272	32	80	
14	37	36	58	36	75	0	194	27	202	
60	36	36	58	28	77	0	240	27	117	
6	68	68	46	16	20	32	289	84	50	
54	14	0	0	64	56	24	146	40	281	
14	113	40	58	28	56	0	215	27	128	
44	40	55	2	32	56	72	288	36	54	
158	88	10	4	32	42	24	303	0	18	
86	44	81	52	141	2	0	141	0	132	
20	50	4	0	28	28	189	245	74	41	
20	30	4	0	0	48	68	289	169	51	
14	36	36	67	28	55	0	241	31	171	
14	36	28	65	20	61	50	131	187	87	
36	0	150	78	4	82	293	26	10	0	
0	48	138	10	4	24	96	0	300	59	
46	0	8	0	14	70	9	280	44	208	
14	50	28	70	28	51	0	204	32	202	
0	88	74	119	30	34	8	303	0	23	
0	4	122	109	96	20	248	2	0	78	
149	16	16	66	52	12	0	263	105	0	
8	12	46	50	56	72	97	308	30	0	
16	2	32	36	0	66	126	282	33	86	
0	36	80	20	63	0	78	43	84	275	
116	2	16	58	22	34	34	275	0	122	
72	78	38	32	0	0	20	232	8	199	
16	16	50	0	34	123	0	125	34	281	
24	76	42	34	32	20	2	152	0	297	
14	38	36	58	20	57	212	149	27	68	
18	52	20	58	32	56	0	165	194	84	

18	40	4	42	0	28	48	151	279	44	
36	10	56	18	4	63	182	0	0	285	
22	89	24	42	28	35	0	168	150	96	
14	40	23	38	90	39	143	177	46	44	
8	52	20	18	16	122	40	242	136	0	
84	6	48	2	44	16	7	289	142	16	
68	77	40	0	38	6	40	242	14	129	
0	16	48	109	50	72	4	259	92	4	
8	12	6	22	50	0	221	267	32	36	
117	52	40	30	2	99	0	0	33	281	
110	36	36	54	96	38	0	279	0	5	
0	48	42	12	6	2	139	273	110	22	
16	0	8	80	119	52	88	0	69	222	
18	72	72	38	28	35	0	206	131	54	 ***
8	39	0	89	117	68	0	50	40	243	
14	44	26	38	48	39	44	190	50	161	
41	20	0	19	0	73	104	216	0	181	
14	40	25	70	28	39	0	159	115	164	
44	2	0	2	0	39	119	0	270	178	
22	93	20	38	16	67	132	191	17	58	
70	8	0	0	64	79	108	267	32	26	
46	36	20	42	24	21	0	215	58	192	
0	130	42	0	44	113	43	0	34	248	
40	38	16	57	42	72	142	243	0	4	
49	36	36	4	12	48	101	306	30	32	
0	16	115	10	0	32	205	0	8	268	
64	0	8	0	54	9	72	243	57	147	
0	48	12	48	36	4	87	232	0	187	
113	8	72	101	52	52	0	36	220	0	
35	34	36	16	0	40	32	268	76	117	
46	81	20	42	16	77	32	191	29	120	
10	106	28	38	0	58	38	185	11	180	

26	68	32	4	4	22	0	70	50	284	
16	72	16	4	4	26	0	111	62	249	
166	4	0	0	32	80	0	226	52	0	
0	0	16	8	8	125	0	283	120	0	
86	0	52	0	0	0	60	310	0	52	
60	0	0	16	0	40	0	277	155	12	
44	0	98	19	0	40	12	289	0	58	
10	20	32	0	0	0	0	328	154	16	 ***
2	80	0	36	0	8	0	279	0	155	
10	76	20	4	4	26	0	124	46	250	
10	72	16	4	4	34	177	181	46	16	
64	16	0	20	0	0	4	310	108	38	
10	68	40	4	6	32	0	104	46	250	
0	82	44	56	3	12	20	271	32	40	
0	159	8	54	0	0	151	0	188	0	
0	36	0	0	0	0	36	0	169	319	
8	68	16	24	4	30	19	69	38	284	
6	70	32	21	8	26	0	202	46	149	
52	74	48	10	0	0	0	0	318	58	
20	72	32	4	4	28	0	104	46	250	
12	0	0	70	0	32	0	287	0	159	
2	32	48	64	86	0	0	328	0	0	
6	68	32	4	21	26	0	198	46	159	
18	68	16	4	48	27	0	186	46	147	
0	12	106	68	0	0	0	326	32	16	
0	0	0	32	34	0	0	16	158	320	
129	32	8	4	0	36	0	293	0	58	

10	20	36	0	8	32	68	292	116	86	
54	22	64	0	0	0	78	290	104	56	
0	36	0	82	36	0	118	316	0	80	
40	0	0	14	8	32	246	236	24	68	
2	12	32	84	10	64	12	250	4	198	
8	80	6	40	166	0	0	220	96	52	
36	72	44	48	8	0	0	0	321	139	
12	34	14	1	112	44	0	313	0	138	
11	20	52	36	33	36	0	288	104	88	
176	0	40	32	40	56	0	74	250	0	
162	69	104	8	72	8	245	0	0	0	
44	44	0	4	28	72	36	305	125	10	
4	40	48	72	62	0	72	130	240	0	
12	36	0	32	0	1	62	167	224	134	
56	8	44	12	0	66	64	339	79	0	 ***
140	78	8	0	0	16	0	270	136	20	
0	0	0	56	0	52	248	184	64	64	
14	32	80	56	0	0	0	32	323	131	
127	33	20	36	0	0	0	232	160	60	
0	0	32	96	98	40	48	312	42	0	
4	8	2	2	44	32	72	314	106	84	
4	44	2	32	36	19	54	313	164	0	
0	98	40	0	38	0	105	322	52	13	
40	24	64	38	0	0	44	282	120	56	

90	8	0	87	36	48	97	301	0	46	
6	53	72	10	16	2	40	273	173	68	
143	68	0	13	44	64	16	244	45	76	
52	18	36	8	0	96	67	91	78	267	
4	0	44	45	80	72	0	288	116	64	
44	36	126	32	0	36	66	232	33	108	
7	32	39	4	72	68	149	268	0	74	
54	12	68	12	0	96	102	300	12	57	
36	28	34	12	108	68	8	290	0	129	
52	0	48	126	0	100	168	173	46	0	
106	167	52	44	50	2	0	0	223	69	
4	64	0	68	70	139	76	39	0	253	
58	32	44	32	32	131	34	247	39	64	
40	0	0	38	35	108	74	265	137	16	
52	64	13	96	50	15	0	272	116	35	
36	36	68	0	0	44	94	0	248	187	
40	66	52	32	70	11	32	268	41	101	
52	18	36	40	0	64	237	146	120	0	
32	36	50	46	0	98	54	264	45	88	
56	0	48	80	6	66	80	301	76	0	 ***
48	71	64	16	2	78	64	306	64	0	
52	4	70	8	112	100	64	259	44	0	
37	39	115	114	105	0	141	0	162	0	
32	43	0	47	99	36	210	0	246	0	
58	14	44	17	0	64	80	167	269	0	
60	12	97	72	0	64	64	290	52	2	
149	70	64	96	72	32	0	158	72	0	
4	151	0	69	16	72	259	98	44	0	
0	32	0	52	36	0	72	92	287	142	
4	40	99	68	41	64	264	42	36	55	
36	42	72	75	37	72	0	272	107	0	
119	32	84	77	54	111	220	0	0	16	
153	84	48	72	42	40	0	0	184	90	
10	9	0	151	96	0	84	203	160	0	
70	114	36	4	0	92	0	228	119	50	
32	96	8	0	40	0	94	279	132	32	
42	112	90	64	0	0	241	156	8	0	
41	8	18	72	0	71	76	299	88	40	
52	40	38	44	16	64	67	280	72	40	
4	0	32	4	44	68	200	265	96	0	
64	11	4	100	0	12	0	298	150	74	
32	83	78	50	0	0	96	101	0	273	
0	20	1	0	58	0	205	116	32	281	

114	96	0	138	38	8	61	227	0	0	
72	4	0	12	0	98	0	283	174	39	
159	50	8	0	0	1	0	232	56	176	
32	0	2	0	58	0	48	250	0	292	
16	0	32	0	1	34	259	248	24	68	
100	0	64	72	4	35	66	309	32	0	
8	150	48	0	0	64	280	0	128	4	
52	0	44	80	40	22	32	340	72	0	 ***
12	10	0	82	0	0	201	283	74	20	
65	64	36	0	110	40	12	266	0	89	
0	150	32	110	8	34	40	0	288	20	
36	40	16	0	15	64	88	98	0	325	
100	0	88	72	11	2	32	313	64	0	
20	0	0	130	0	48	108	280	96	0	
10	32	33	72	19	0	69	269	178	0	
68	0	173	32	0	0	0	170	239	0	
36	0	117	46	118	35	0	258	0	72	
0	0	32	8	0	159	195	224	0	64	
165	6	0	0	0	40	32	255	152	32	
64	106	145	0	0	32	112	205	18	0	
32	3	36	167	4	66	72	246	56	0	
145	0	32	0	7	48	139	247	64	0	
96	66	144	40	0	34	57	245	0	0	

40	0	40	106	0	0	4	221	2	230	
34	42	0	16	32	0	28	100	72	319	
32	0	40	92	42	22	0	327	88	0	
0	32	0	0	104	8	167	296	0	36	
40	0	100	119	34	20	0	252	78	0	
10	2	0	136	32	20	128	299	0	16	
116	50	104	0	0	128	4	241	0	0	
2	64	2	132	64	0	12	257	44	66	
66	0	0	46	0	171	16	262	82	0	
139	0	16	0	32	0	12	274	0	170	
32	0	32	82	54	26	0	337	80	0	 ***
16	0	0	0	163	66	0	0	112	286	
0	8	8	32	0	28	80	327	40	120	
112	76	168	16	0	62	0	0	209	0	
8	132	0	40	0	20	0	0	130	313	

10	34	68	4	32	54	42	40	229	201	
64	2	32	24	0	2	38	304	46	202	
112	45	0	32	0	2	192	248	40	43	
50	64	4	32	0	0	24	86	172	282	
156	24	36	18	52	28	32	272	96	0	
18	56	0	10	135	2	194	250	32	17	
96	6	52	46	30	32	108	294	0	50	
18	34	4	34	16	4	36	312	158	98	
34	0	72	48	48	20	36	295	40	121	
36	4	70	64	32	36	117	299	48	8	
32	46	36	74	56	25	0	337	108	0	 ***
36	26	0	32	22	26	270	258	0	44	
92	24	16	96	42	133	0	64	208	39	
0	20	20	58	132	0	175	277	32	0	

48	40	45	45	80	16	0	340	154	0	 ***
0	90	60	0	88	169	184	48	0	129	
32	40	44	45	48	32	64	340	123	0	
82	42	34	74	48	0	0	340	84	64	
40	42	36	107	48	71	0	214	210	0	
64	42	68	91	48	29	0	294	60	72	

