#9038.34	27060	29325	0	0	 41 ***
#10203.9	24748	29325	0	0	 35 
#9037.67	33946	29325	0	0	 29 
#10218	23268	29325	0	0	 24 
#10211.9	23966	29325	0	0	 10 
#9127.25	25280	29325	0	0	 8 
#10203.1	24791	29325	0	0	 5 
#10206.7	24267	29325	0	0	 1 

8912.22	20402	25246	31	690	 93 
10109.4	19913	25246	12	558	 92 
9489.85	17750	25246	69	2900	 91 
9298.72	16305	25246	81	3075	 91 
8901.04	21075	25246	44	2044	 88 
9015.67	18627	25246	53	2407	 88 
10108.1	18730	25246	14	338	 88 
8908.67	22251	25246	27	651	 86 
10092.3	16238	25246	83	3116	 84 
10100.6	17126	25246	50	2358	 83 
8212.66	18833	25246	82	2799	 83 
8911.86	19505	25246	50	1014	 83 
10093	17823	25246	48	2304	 75 
10084.3	16935	25246	79	2923	 73 
8898.27	19740	25246	80	2849	 72 
10091.3	18071	25246	48	2083	 67 
8898.43	21490	25246	77	2765	 66 
8211.19	22290	25246	52	1956	 54 
9282.42	17872	25246	78	2784	 53 
10102.1	17942	25246	45	2422	 47 
10093.4	18660	25246	45	1980	 39 
8901.59	19245	25246	57	2622	 37 
9289.19	17470	25246	75	2772	 34 
10097.9	18302	25246	47	2106	 32 
8912.42	19025	25246	14	338	 27 ***
8899.48	20162	25246	79	2948	 18 
9493.83	16951	25246	63	2528	 18 
9281.48	18028	25246	81	2765	 18 
10110.2	18544	25246	15	399	 16 
8907.43	19186	25246	78	2967	 8 
8911.88	20451	25246	31	723	 7 
8906.68	19690	25246	45	2253	 6 
10090.5	18525	25246	48	2132	 6 
8489.01	16634	25246	84	2685	 6 
8911.8	20660	25246	11	289	 0 

10138.5	15465	26494	81	2820	 91 
10151.6	17164	26494	39	1706	 89 
10137	16500	26494	47	2390	 78 
10137.6	15917	26494	42	1872	 78 
8935.26	19293	26494	57	2350	 66 
8950.78	17627	26494	47	2028	 66 
8953.4	17964	26494	6	293	 59 ***
9540.95	16487	26494	74	2567	 52 
8731.71	22323	26494	82	2640	 50 
9540	17558	26494	79	2683	 49 
7894.32	22450	26494	54	2241	 47 
8737.94	18333	26494	78	2585	 30 
8739.75	16321	26494	82	2771	 27 
10131.5	17580	26494	45	2195	 24 
10152.9	18417	26494	5	293	 16 
8957.23	17778	26494	7	537	 10 

9078.42	17655	29672	18	329	 99 
10285.1	15169	29672	36	1772	 96 
8851.18	15166	29672	74	2704	 94 
9069.21	15899	29672	67	2411	 94 
10283.2	14048	29672	74	2556	 93 
9218.08	15548	29672	43	2258	 91 
8369.5	17686	29672	74	2181	 90 
10266.3	14585	29672	41	1892	 83 
9464.55	14671	29672	38	1909	 81 
8401.49	16618	29672	70	2729	 78 
8859.69	15443	29672	72	2620	 78 
9186.25	14479	29672	74	2838	 73 
10286.9	14016	29672	45	2183	 66 
10257	14004	29672	78	2734	 60 
10282	14245	29672	39	1703	 53 
9183.17	15225	29672	73	2494	 48 
8586.51	16294	29672	43	2376	 48 
9083.06	15589	29672	8	102	 45 ***
9080.45	17404	29672	26	796	 43 
9083.61	17357	29672	5	408	 40 
10270.1	13853	29672	76	2883	 34 
7780.68	14872	29672	76	2632	 34 
10279.1	14280	29672	41	2179	 31 
10267.5	15390	29672	37	1671	 29 
9078.81	18061	29672	11	265	 28 
8141.21	18775	29672	73	2828	 20 
9181.41	14465	29672	78	2970	 17 
9184.43	15431	29672	66	2705	 17 
8656.96	15957	29672	42	1983	 6 
10255.7	14309	29672	74	2716	 4 
10274.1	14309	29672	42	2230	 1 

8918.23	10602	29293	32	1807	 100 
8933.5	12543	29293	31	1283	 92 
8938.73	13312	29293	30	650	 80 
7863.67	12907	29293	68	2577	 77 
8941.11	12656	29293	8	251	 74 
7162.24	11269	29293	69	2601	 73 
8946.03	11886	29293	10	542	 72 ***
8347.72	10113	29293	50	2034	 71 
10132.7	11964	29293	5	267	 67 
8943.01	11610	29293	27	707	 63 
9335.07	10096	29293	48	2150	 62 
7880.09	15098	29293	56	2267	 59 
6843.62	13255	29293	69	2520	 59 
10130.1	11404	29293	30	1495	 57 
9045.73	11298	29293	31	1720	 44 
7908.2	11199	29293	63	2262	 44 
8935.98	13969	29293	16	443	 27 
7868.67	12492	29293	67	2057	 24 
7906.32	11258	29293	32	1674	 21 
9060.51	9891	29293	67	2356	 11 
8936.85	13416	29293	11	265	 8 
10144.9	11235	29293	31	1533	 7 

8828.17	10602	27923	65	2409	 83 
8605.35	10661	27923	65	2363	 79 
8133.79	11550	27923	28	1744	 76 
10034	12020	27923	4	389	 70 
10030.6	11946	27923	26	1540	 67 
8814.17	11093	27923	63	2104	 66 
8118.71	11276	27923	53	2203	 54 
10030.2	12345	27923	5	419	 52 
10038.1	12301	27923	3	374	 51 
10013.6	11527	27923	30	1896	 50 
8835.37	12566	27923	4	328	 47 
10018.5	10867	27923	32	1941	 29 
10030.6	12299	27923	4	297	 28 
9423.42	10153	27923	63	2273	 20 
9242.47	10497	27923	43	1799	 16 
8832.3	12086	27923	6	480	 16 ***
9211.79	11025	27923	61	2385	 15 
8038.73	14778	27923	42	1798	 10 
10038.7	11378	27923	30	1911	 10 
7791.36	12356	27923	61	2015	 9 

7578.82	10697	23299	33	1681	 98 
8431.99	9517	23299	66	2355	 86 
7967.36	9884	23299	62	2270	 83 
8662.45	8735	23299	6	81	 83 ***
8663.77	9640	23299	5	80	 79 
8662.28	10108	23299	24	583	 73 
8775.99	8636	23299	68	2384	 64 
7846.06	10858	23299	27	1660	 56 
8650.98	9560	23299	61	2095	 56 
8071.13	10298	23299	47	1940	 55 
8428.57	9834	23299	67	2446	 51 
9864.89	10597	23299	3	38	 31 
7639.49	10346	23299	33	1880	 29 
7569.54	10203	23299	59	1767	 25 
8661.49	10520	23299	15	532	 20 
7355.5	10583	23299	67	2416	 18 
8443.01	9325	23299	64	2034	 18 
8662	8813	23299	30	763	 12 
9050.51	8347	23299	38	2075	 7 

7834.6	11416	22329	28	872	 98 
9031.43	9409	22329	5	170	 93 
7578.28	14794	22329	58	2204	 85 
7834.7	10669	22329	8	583	 70 
7692.72	11539	22329	47	1891	 55 
7833.07	12526	22329	22	799	 54 
7586.63	15110	22329	55	2118	 45 
7834.08	10805	22329	31	732	 38 
7837.17	10196	22329	7	270	 21 ***
7687.06	14780	22329	54	2239	 17 
9028	10891	22329	5	384	 8 

8115.27	12684	26894	26	923	 99 
8916.13	13789	26894	8	648	 97 
8932.95	13014	26894	6	205	 85 ***
10109.2	12619	26894	53	2035	 46 
8933.84	12887	26894	7	327	 39 
8928.57	13337	26894	24	755	 34 

8726.74	10236	24404	4	206	 100 ***
7919.84	11830	24404	20	567	 90 
7909.2	12431	24404	44	2107	 65 
8726.49	10792	24404	4	320	 55 
7914.89	11877	24404	23	835	 53 
8735.34	10084	24404	11	412	 29 
8725.53	11176	24404	25	699	 26 
7907.81	12451	24404	30	986	 16 

8682.37	11666	24831	4	640	 73 ***
8074.36	11760	24831	16	1045	 72 
7886.12	13403	24831	55	1797	 69 
8078.37	10993	24831	23	702	 40 
7985.54	13510	24831	52	1953	 39 
8675.33	11952	24831	9	670	 25 
8003.22	13908	24831	41	1737	 23 
7039.21	11778	24831	59	2138	 18 
9267.05	10923	24831	29	1061	 7 

8050.14	12687	23425	13	621	 95 ***
8047.52	13598	23425	24	805	 78 
8650.56	12293	23425	20	718	 77 
9841.15	12169	23425	68	2314	 70 
7706.04	14635	23425	68	2299	 68 
7858.09	13161	23425	66	2162	 55 
7575.24	15713	23425	56	1740	 54 
9247.25	12569	23425	7	750	 41 
8046.07	13662	23425	20	762	 30 
8052.12	12244	23425	29	841	 23 
7592.64	14719	23425	65	2036	 15 
8047.6	13773	23425	19	780	 13 
9844.85	12458	23425	7	750	 12 
7846.16	14746	23425	63	2246	 1 

9027.2	15112	23944	50	1913	 79 
9237.15	15710	23944	48	1761	 79 
9854.68	14441	23944	62	1768	 76 
7713.39	17030	23944	70	2191	 75 
9840.89	14750	23944	46	1851	 74 
8053.37	16053	23944	16	494	 59 
8051.12	15742	23944	23	882	 56 
8051.4	16337	23944	18	508	 51 
9248.74	15158	23944	12	716	 50 
9847.83	14934	23944	14	964	 45 
8658.17	15773	23944	12	473	 12 ***
7846.29	15820	23944	68	1822	 5 

9435.51	11077	25835	55	1565	 90 
8233.52	17191	25835	26	739	 82 
8834.87	15510	25835	22	1013	 79 
8850.3	13842	25835	59	1725	 74 
8343.94	14881	25835	67	1862	 68 
10034.1	16474	25835	10	440	 59 
8855.18	16632	25835	20	392	 56 ***
10038.2	12542	25835	47	1568	 54 
8952.26	11517	25835	54	1618	 53 
8833.93	17153	25835	15	507	 53 
10033.4	14942	25835	45	1257	 50 
10029.5	17368	25835	13	694	 46 
8833.29	15704	25835	65	1603	 40 
9413.64	14695	25835	47	1594	 37 
8945.04	12490	25835	49	1525	 29 
9233.12	11295	25835	53	1649	 28 
8831.15	16211	25835	23	992	 22 
10045	15391	25835	22	944	 19 
8851.73	14351	25835	58	1202	 18 
10034.9	16236	25835	10	453	 18 
10028.7	12682	25835	48	1594	 15 
10027.3	15143	25835	26	892	 6 
8606.08	11841	25835	67	1879	 3 
10032.9	16660	25835	10	667	 0 

9365.34	17052	27228	57	1917	 100 
8982.16	16946	27228	59	1833	 98 
8971.31	18174	27228	26	915	 97 
9086.9	13770	27228	65	2127	 91 
9549.34	16470	27228	57	2052	 91 
10176.1	16994	27228	30	1108	 86 
10167.2	15827	27228	55	1694	 83 
9345.02	13518	27228	63	1838	 83 
7999.81	15669	27228	68	1857	 80 
8991.72	17901	27228	16	723	 79 
9561.81	16321	27228	53	1829	 76 
10170.7	17010	27228	49	1637	 74 
8976.62	18271	27228	20	602	 65 
10180.6	13254	27228	58	1987	 64 
10181	15465	27228	57	1952	 63 
8475.12	12676	27228	68	2204	 60 
9551.46	14679	27228	59	2019	 57 
10181.2	16166	27228	51	1961	 57 
8982.39	18514	27228	19	1101	 55 
10159.9	16115	27228	58	1997	 52 
8967.99	18229	27228	22	860	 47 
10182	16288	27228	47	1566	 44 
8971.71	17133	27228	22	814	 38 
10189.3	17991	27228	15	732	 37 
10167.7	16799	27228	52	1868	 36 
8987.82	18373	27228	11	708	 26 ***
8975.11	13928	27228	67	1703	 23 
10176.5	16575	27228	49	1687	 9 
10155.4	16220	27228	54	1871	 7 
8167.92	18880	27228	63	2117	 5 
8988.56	18086	27228	19	1166	 3 
8959.34	17563	27228	64	1870	 1 
9075.39	15850	27228	62	2109	 0 

10189.5	19127	26361	13	753	 100 
8993.05	18574	26361	17	326	 90 ***
8987.8	19038	26361	17	794	 87 
10171	12939	26361	65	2615	 84 
8992.19	18453	26361	20	787	 81 
10183.1	18084	26361	22	959	 68 
9099.31	15924	26361	69	2638	 64 
8997.79	19349	26361	9	633	 63 
9570.03	14552	26361	67	2356	 61 
8985.46	19769	26361	18	784	 57 
10185.8	17385	26361	58	2542	 56 
10191.1	16641	26361	59	2298	 55 
8998.21	19176	26361	8	572	 55 
8305.51	16598	26361	60	2552	 54 
8985.83	18523	26361	18	782	 47 
10191.5	18381	26361	20	1159	 46 
9000.77	19157	26361	16	322	 41 
8985.69	19168	26361	16	779	 32 
9101.05	14825	26361	63	2413	 30 
10180.2	17387	26361	57	2328	 29 
10180.7	18234	26361	24	953	 28 
10178.5	18269	26361	59	2524	 26 
8997.56	19574	26361	9	576	 25 
10180.2	18452	26361	25	953	 20 
8766.25	12372	26361	77	2601	 18 
10196.5	19060	26361	9	816	 14 
10178.5	18272	26361	26	798	 10 
8563.22	13546	26361	70	2367	 8 
8985.19	18670	26361	23	1061	 7 
10176.5	18400	26361	59	2245	 6 
8986.96	19085	26361	17	780	 6 
10207.2	17778	26361	56	2245	 2 

8211.98	12289	28254	71	2433	 100 
9490.66	12082	28254	64	2194	 99 
8214.09	15004	28254	61	2273	 96 
7131.57	13003	28254	72	2416	 96 
8913.47	16527	28254	14	665	 93 
9288.73	12971	28254	60	2095	 92 
8915.09	15904	28254	26	721	 89 
9492.87	12881	28254	62	1992	 82 
8491.07	12979	28254	63	2057	 82 
10089.5	11776	28254	64	2205	 81 
10100.8	15811	28254	28	980	 81 
8911.11	16603	28254	27	898	 80 
10094.5	12591	28254	63	2118	 78 
7587.99	13351	28254	70	2230	 75 
10111.6	12897	28254	60	1626	 72 
9485.76	12929	28254	64	2176	 71 
8933.37	15983	28254	22	683	 68 
9034.33	13152	28254	54	1956	 60 
9487.23	12541	28254	64	2205	 59 
8914.31	12297	28254	65	2086	 55 
8221.54	14534	28254	61	1988	 54 
10101.6	15673	28254	28	995	 46 
8683.11	11358	28254	69	2129	 41 
8492.93	13900	28254	57	2080	 36 
7821.75	13795	28254	67	2274	 36 
7796.28	12800	28254	71	2418	 35 
10110.3	12799	28254	62	2191	 33 
10101	13042	28254	58	2219	 33 
10114.7	14435	28254	35	954	 33 
8919.35	17503	28254	12	646	 27 
8915.73	16189	28254	25	717	 24 
8917.11	16454	28254	14	533	 21 
10111.6	15629	28254	27	537	 16 
8408.28	13999	28254	60	2208	 14 
10105.3	15283	28254	29	1003	 13 
8887.46	13045	28254	61	2190	 12 
9283.22	12160	28254	67	2300	 10 
8224.86	13195	28254	63	2012	 7 
7834.35	13274	28254	65	2119	 7 
7842.07	12369	28254	65	2239	 6 
8912.57	13355	28254	45	1112	 6 
10098.7	15351	28254	30	1063	 2 
9292.91	12954	28254	64	2102	 1 
8911.16	16432	28254	25	890	 1 
8920.44	16240	28254	16	526	 0 ***

8907.23	14800	27773	21	620	 99 
8390.03	11500	27773	76	2457	 97 
8897.94	16237	27773	11	219	 93 
10079.1	13126	27773	60	2235	 84 
10084.6	13148	27773	56	2032	 84 
10078.2	13214	27773	55	1954	 83 
8223.18	12673	27773	75	2503	 82 
7813.79	13197	27773	66	2186	 82 
9484.71	12753	27773	62	1845	 69 
9022.65	11658	27773	66	1978	 68 
10089.8	12617	27773	60	2004	 66 
8899.9	13783	27773	26	678	 66 
7589.15	14823	27773	57	2047	 65 
8895.86	15070	27773	19	374	 56 
8899.89	15822	27773	15	646	 55 
8394.7	12491	27773	64	2385	 52 
7872.13	12967	27773	72	2395	 52 
8883.29	13694	27773	59	1635	 44 
7402.95	13085	27773	75	2511	 42 
8895.82	15217	27773	18	368	 38 
8390.15	12060	27773	73	2478	 36 
8904.09	15485	27773	16	676	 33 
8888.1	14585	27773	23	703	 27 
8194.73	13461	27773	64	2064	 26 
8897.27	16121	27773	15	785	 25 
9480	13553	27773	58	1956	 23 
8897.36	15839	27773	17	691	 18 
8894.27	14896	27773	22	440	 13 
10090.9	12997	27773	45	977	 11 
8664.12	11886	27773	63	1794	 5 
8199.98	13588	27773	60	1988	 4 
8896.17	14808	27773	19	372	 2 ***
10089.4	12929	27773	61	2094	 1 
10094.6	15854	27773	11	226	 1 

8845.28	10109	24667	44	1396	 98 
9231.9	9680	24667	44	1408	 98 
8949.08	11448	24667	40	1376	 85 
9241.14	11119	24667	43	1216	 80 
8833.35	12995	24667	18	715	 79 
8007.84	11508	24667	49	1551	 78 
10025.5	10696	24667	42	1441	 70 
8347.36	11344	24667	43	1282	 60 
8143.57	10092	24667	66	2107	 57 
10019.4	9072	24667	67	2030	 56 
8032.63	11402	24667	51	1496	 55 
9429.83	10381	24667	43	1445	 51 
8831.17	12018	24667	40	1358	 48 
10020.3	11264	24667	35	1085	 48 
7211.71	10218	24667	62	1723	 45 
8371.01	9511	24667	51	1554	 43 
8140.68	11339	24667	48	1540	 43 
10018.1	11181	24667	42	1119	 41 
8044.86	10097	24667	54	1389	 39 
8409.71	10540	24667	47	1345	 35 
8025.8	10632	24667	52	1674	 30 
8608.52	10163	24667	48	1600	 28 
8838.56	11681	24667	5	52	 26 ***
8342.51	9514	24667	60	1690	 23 
8951.95	9298	24667	60	1952	 11 
7359.52	10591	24667	54	1619	 11 
8151.75	9637	24667	65	2077	 5 
8834.16	11815	24667	5	67	 0 

6742.75	6396	20742	50	1881	 100 
5699.78	6461	20742	53	1698	 95 
7559.26	7099	20742	47	1719	 95 
7405.92	6386	20742	48	1648	 94 
7135.13	7018	20742	49	1840	 81 
6156.22	7073	20742	48	1595	 80 
7555.16	8621	20742	22	333	 79 ***
6474.23	7374	20742	45	1726	 67 
5535.18	7439	20742	47	1603	 66 
7554.19	9181	20742	18	348	 61 
7552.26	8788	20742	21	318	 57 
7548.04	10259	20742	27	1050	 47 
5319.18	7823	20742	47	1588	 43 
7552.19	9374	20742	34	876	 43 
7551.93	9646	20742	36	899	 38 
7339.2	7236	20742	47	1565	 28 
7404.83	6478	20742	49	1641	 28 
7555.39	9030	20742	18	348	 27 
7220.44	6987	20742	49	1833	 26 
5202.71	5737	20742	56	1598	 26 
9024.94	6586	20742	46	1367	 25 
7560.64	5504	20742	62	2050	 11 
6140.17	6735	20742	50	1671	 0 

10049.1	9594	22469	26	1164	 100 
6487.45	9813	22469	57	1509	 98 
9238.8	8448	22469	30	1391	 98 
8357.34	8669	22469	53	1731	 98 
8871.46	10724	22469	12	344	 96 
8438.3	10663	22469	25	1255	 91 
8983.32	10421	22469	13	404	 90 
6748.26	9786	22469	57	1856	 89 
7188.11	8904	22469	59	1783	 87 
9442.15	7859	22469	60	1905	 87 
7579.45	8195	22469	59	1661	 85 
8052.9	10819	22469	15	473	 84 ***
7299.64	10160	22469	50	1473	 81 
10069.1	9450	22469	24	1247	 73 
8449.96	10190	22469	26	1277	 70 
8636.93	10114	22469	27	1223	 68 
9239.41	10119	22469	26	1052	 66 
8041.5	8063	22469	54	1784	 56 
8259.14	8671	22469	48	1510	 53 
6707.58	9821	22469	56	1597	 52 
7273.17	10983	22469	49	1650	 49 
7369.29	11266	22469	47	1594	 46 
9255.26	9194	22469	27	1128	 40 
7248.22	9245	22469	51	1728	 40 
8990.68	9022	22469	29	1433	 39 
7563.56	8873	22469	47	1486	 38 
9246	9842	22469	23	1014	 37 
8983.05	10113	22469	27	1300	 32 
7448.98	8700	22469	58	1657	 32 
10044.5	8281	22469	52	1744	 30 
8634.33	8903	22469	30	1391	 30 
7792.07	10761	22469	25	639	 27 
9251.84	9538	22469	27	888	 26 
7454.55	9085	22469	28	1362	 24 
6648.3	12148	22469	35	1204	 24 
8868.99	11216	22469	12	344	 24 
7450.01	10797	22469	42	1327	 17 
6999.09	10742	22469	52	1780	 16 
7241.57	12083	22469	28	1361	 16 
8871.28	10379	22469	24	1147	 11 

7080.62	11769	22941	58	2455	 100 
7203.24	11021	22941	51	2137	 100 
8961.76	10000	22941	12	310	 95 
7405.72	10372	22941	33	1978	 78 
8744.09	11101	22941	21	964	 75 
7860.86	9819	22941	60	2538	 70 
7314.25	10664	22941	38	2253	 68 
7878.36	11437	22941	26	1813	 65 
8155.77	11514	22941	4	99	 63 
8956.17	10625	22941	5	90	 57 
8735.8	9097	22941	57	2112	 54 
7927.08	9390	22941	24	1780	 53 
8153.23	11273	22941	6	142	 48 ***
7067.65	11882	22941	54	2095	 43 
8139.71	9365	22941	52	1847	 34 
8967.27	10588	22941	10	173	 31 
7546.13	9887	22941	28	2039	 25 
8743.67	10281	22941	23	1698	 16 
8741.51	10394	22941	23	1912	 14 

7262.44	10136	21496	35	1610	 98 
5953.67	11028	21496	56	2256	 97 
7003.78	10015	21496	46	1959	 91 
8674.27	9136	21496	34	2071	 88 
8206.83	8947	21496	40	1942	 79 
8913.98	10952	21496	23	663	 73 
8898.09	11146	21496	10	380	 68 ***
8686.02	7992	21496	65	2551	 67 
8915.1	10858	21496	24	694	 65 
9005.82	9022	21496	39	2163	 62 
8997.81	10540	21496	25	1883	 60 
9299.68	10053	21496	27	1548	 59 
8897.29	10016	21496	30	1739	 58 
7475.27	9169	21496	32	2064	 55 
7106.09	9621	21496	60	2101	 53 
8901.5	10250	21496	27	1858	 53 
9278.9	11131	21496	21	600	 53 
7611.94	8606	21496	54	2315	 50 
8091.2	10968	21496	29	1874	 50 
9015.74	9488	21496	31	1860	 49 
8199.64	8124	21496	65	2551	 42 
8884.16	10164	21496	30	1602	 42 
8471.97	10630	21496	30	1793	 39 
9284.72	9679	21496	30	1925	 39 
8484.26	10276	21496	31	1860	 39 
7389.78	10053	21496	38	1851	 38 
6721.42	9685	21496	62	2048	 37 
10081.5	9755	21496	29	1619	 35 
8204.63	8514	21496	63	2063	 34 
8900.12	11417	21496	6	565	 33 
8110.31	10714	21496	25	702	 31 
8681.36	10515	21496	27	1886	 24 
6522.86	10795	21496	61	2498	 21 
7661.3	11431	21496	27	1772	 20 
9283.3	10153	21496	23	1872	 20 
10094.8	10459	21496	10	663	 20 
6781.63	9005	21496	64	2307	 19 
8883.39	8772	21496	52	2405	 9 
6992.68	10203	21496	56	1908	 6 
9273.21	10192	21496	28	1930	 0 

7984.27	10261	21882	27	1327	 100 
8820.51	11820	21882	5	524	 99 
9399.07	11333	21882	24	1252	 98 
8812.66	12051	21882	8	348	 90 
8833.73	11347	21882	21	640	 85 
8809.29	12734	21882	19	554	 82 
9197.31	10145	21882	29	1392	 68 
6586.59	7278	21882	31	1489	 52 
8813.99	10327	21882	25	1264	 48 
6532.72	7356	21882	54	1677	 42 
8814.71	12098	21882	5	295	 35 ***
8596.57	11336	21882	26	1458	 29 
5858.46	8759	21882	62	2042	 28 
7731.58	11513	21882	27	1354	 26 
8812.36	11558	21882	16	806	 19 
6253.08	9515	21882	50	1620	 7 
8810.18	11969	21882	13	725	 0 

8957.74	13869	24549	6	350	 94 
9339.62	11197	24549	35	1632	 87 
10152.5	13021	24549	12	242	 87 
7867.55	13054	24549	52	1750	 86 
9329.99	12791	24549	28	1454	 83 
8751.95	13653	24549	29	1055	 80 
8961.43	13542	24549	6	159	 80 ***
9348.11	9943	24549	36	1413	 74 
10148.3	13180	24549	16	299	 73 
10163.8	11857	24549	28	1467	 71 
10157.2	13093	24549	10	442	 66 
10163.1	12056	24549	29	1239	 61 
10155.5	12764	24549	13	244	 59 
7660.84	10467	24549	63	2382	 56 
9344.27	12886	24549	25	1319	 52 
8964.1	14074	24549	3	278	 50 
7881.2	11402	24549	30	1279	 47 
9339.76	12657	24549	29	1295	 45 
8254.54	11373	24549	61	1922	 42 
8729.45	10334	24549	61	2292	 39 
8953.97	13385	24549	9	182	 28 
9074.59	10582	24549	54	1788	 24 
8749.15	10771	24549	37	1976	 21 
8541.55	14317	24549	29	1480	 20 
6263.22	11719	24549	58	2085	 18 
10157.3	13379	24549	8	174	 10 
8957.43	13234	24549	27	1245	 5 

10266.8	10138	25922	39	1639	 100 
9079.82	11847	25922	10	634	 98 
9685.02	9345	25922	56	2026	 89 
9649.24	8424	25922	62	2438	 86 
9063.44	10716	25922	33	1215	 86 
9457.6	10620	25922	37	1413	 86 
10263.8	10310	25922	41	1294	 84 
10264	11360	25922	15	501	 75 
8055.29	10680	25922	61	2164	 74 
8857.87	11972	25922	38	1598	 69 
8483.88	10857	25922	60	2080	 65 
7993.4	10922	25922	39	1474	 61 
9453.81	10079	25922	42	1510	 61 
10272.2	9310	25922	42	1803	 57 
9072.91	9156	25922	57	2007	 56 
8871.84	10626	25922	38	1751	 49 
9203.74	10341	25922	43	1747	 46 
9656.26	10492	25922	38	1758	 39 
8586.41	10404	25922	58	2294	 38 
9053.82	11418	25922	36	1380	 32 
10274.4	11763	25922	9	394	 31 
10278.5	11078	25922	31	1592	 30 
8367.28	10869	25922	60	2204	 30 
9065.88	11197	25922	20	813	 27 
9462.25	10670	25922	35	1608	 20 
9070.93	11501	25922	12	690	 18 ***
8643.43	9944	25922	56	2372	 17 
8586.59	10257	25922	63	1945	 11 
10269	10395	25922	35	1730	 10 
10279.3	10022	25922	35	1402	 3 
10259.6	10338	25922	38	1399	 2 

