#9126.74	24910	29325	0	0	 92 ***
#8806.68	26345	29325	0	0	 46 
#10231.6	21475	29325	0	0	 10 
#9602.59	22208	29325	0	0	 1 

8241.53	21159	25246	78	2530	 93 
10084.7	18094	25246	9	583	 91 
10087.5	18004	25246	9	583	 90 
7836.6	19385	25246	83	2559	 77 
9000.89	17382	25246	11	542	 73 
8685.13	22762	25246	74	2911	 56 
9002.67	16626	25246	12	320	 51 ***
8683.73	24254	25246	55	1882	 45 
10086.2	16303	25246	38	1945	 25 
8678.41	18028	25246	76	2765	 25 
10083	17368	25246	11	542	 9 

8967.23	18198	26494	84	2980	 99 
9057.53	16239	26494	6	338	 77 
8963	19634	26494	80	2739	 74 
9054.25	15873	26494	8	125	 62 
8462.4	21149	26494	47	2073	 56 
8950.83	20394	26494	83	2762	 56 
9050.46	14701	26494	11	536	 45 ***
8944.01	20738	26494	81	2756	 33 
9046.56	20243	26494	43	2197	 31 
8953.75	19845	26494	82	2712	 14 
8952.39	18414	26494	83	2660	 12 
10139.5	16185	26494	7	346	 11 
8960.08	19032	26494	82	2658	 10 

10279.3	13878	29672	75	2792	 98 
9173.61	19457	29672	18	1019	 96 
9670.81	14245	29672	77	2929	 87 
8381.47	15992	29672	38	2284	 79 
9198.84	14396	29672	49	1303	 78 
8130.92	17773	29672	70	2605	 77 
10260.6	16659	29672	7	770	 74 
10274.1	14148	29672	46	1055	 70 
10272.1	14449	29672	34	1469	 66 
10254.6	14662	29672	37	1781	 56 
10279.9	13503	29672	75	2410	 52 
9060.03	15264	29672	78	2959	 44 
10264.3	14458	29672	44	2468	 43 
8019.58	15779	29672	77	2929	 38 
8864.7	15877	29672	75	2570	 38 
10266.5	14207	29672	49	2144	 30 
8268.38	15294	29672	78	2830	 25 
9177.67	14701	29672	8	404	 18 ***

7320.96	13191	29293	72	2492	 99 
10125.7	10830	29293	34	2089	 98 
7977.48	10865	29293	39	2033	 93 
10134.3	10940	29293	32	2031	 86 
7171.33	14764	29293	64	2595	 86 
9508.55	10973	29293	33	2074	 86 
8218.57	10479	29293	40	2167	 83 
9038.84	11853	29293	25	1249	 77 
10119.1	10967	29293	36	2035	 57 
9029.5	12580	29293	14	324	 56 
8220.64	11253	29293	31	2085	 55 
10112.1	11270	29293	28	1478	 40 
9305.41	11329	29293	28	1506	 33 
10109.6	11593	29293	4	487	 32 
9313.67	11162	29293	36	2235	 26 
9038.02	11468	29293	29	1559	 24 
7620.37	9912	29293	43	2012	 19 
7440.03	13171	29293	66	2571	 19 
9030.03	12282	29293	5	243	 18 ***
10118.8	11121	29293	29	1330	 15 

7551.53	11256	27923	62	2314	 94 
8345.06	14856	27923	26	589	 88 
8605.41	11453	27923	33	1973	 85 
7059.74	11501	27923	61	2256	 80 
8340.45	11147	27923	37	1919	 76 
8930.81	13275	27923	3	191	 70 
8350.65	13571	27923	21	671	 66 
8929.76	11899	27923	6	205	 64 ***
9206.9	11288	27923	31	1819	 63 
9406.6	11176	27923	31	1225	 57 
8331.38	12428	27923	30	1692	 56 
8932.19	12355	27923	5	144	 49 
8408.43	11505	27923	32	1729	 44 
8849.39	11085	27923	59	1969	 27 
7861.55	15494	27923	49	2211	 25 
7883.63	12497	27923	47	1856	 23 
7876.08	13586	27923	57	2007	 21 
8932.3	11643	27923	8	449	 18 
8330.13	11791	27923	36	1941	 12 
8128.28	13765	27923	31	1723	 10 
8336.06	13453	27923	28	862	 9 
8830.93	10081	27923	63	2089	 7 
10009.6	10211	27923	29	1744	 1 

8776.8	10082	23299	14	560	 97 
7962.63	11513	23299	36	1340	 96 
9850.9	9375	23299	30	1102	 95 
8770.45	9585	23299	46	1807	 86 
8180.2	10409	23299	34	1840	 86 
7960.46	11880	23299	54	2053	 83 
8782.46	9280	23299	65	2427	 76 
9849.31	8853	23299	33	1084	 76 
8774.46	9521	23299	34	1424	 72 
8073.62	9440	23299	61	2246	 71 
8762.33	10651	23299	4	202	 66 
9249.6	9503	23299	31	1132	 65 
8770.68	10155	23299	26	692	 55 
7979.18	9437	23299	64	2397	 54 
8677.7	9375	23299	67	2472	 53 
9840.39	9555	23299	6	445	 53 
7721.38	13083	23299	60	2064	 51 
9846	8996	23299	39	1842	 51 
9256.04	9264	23299	63	2173	 47 
7851.26	12983	23299	62	1898	 46 
8763.5	10272	23299	3	198	 43 ***
8777.79	9827	23299	13	512	 41 
9850.05	9344	23299	32	1076	 38 
8639.63	10281	23299	31	1734	 37 
9850.03	9422	23299	32	1076	 14 
7706.7	13392	23299	43	1862	 9 
7590.69	9989	23299	65	2202	 7 
7975.21	10811	23299	64	2183	 2 
7964.02	13093	23299	25	1146	 2 
6174.21	9700	23299	66	2202	 1 
8786.71	9467	23299	43	2000	 1 
8437.92	11153	23299	30	1332	 0 
8784.59	9507	23299	21	682	 0 

8746.92	10395	22329	4	404	 99 
9822.34	10858	22329	3	335	 93 
8156.86	13015	22329	32	1516	 86 
8742.88	10513	22329	6	159	 84 ***
8745.45	11095	22329	5	159	 66 
8163.87	10523	22329	21	625	 61 
7950.1	10318	22329	59	1883	 60 
7581.68	11865	22329	57	1992	 49 
7944.88	11472	22329	47	1686	 49 
8741.97	10780	22329	7	418	 49 
8147.71	11451	22329	44	2002	 22 
8743.27	10039	22329	8	647	 18 

9034.49	13578	26894	11	367	 98 ***
10102.6	13510	26894	11	587	 90 
9032.14	13850	26894	22	733	 87 
8436.79	15470	26894	49	1915	 72 
8925.8	13726	26894	64	2031	 61 
9026.48	14520	26894	14	415	 61 
10103.3	13654	26894	6	563	 54 
9030.66	13682	26894	31	803	 49 
8703.49	14873	26894	67	2305	 48 
8456.2	15445	26894	64	2107	 30 
8239.04	15668	26894	62	2201	 29 
8711.39	15242	26894	65	2213	 28 
8238.68	15726	26894	58	1661	 25 
8234.93	16747	26894	25	921	 24 
8723.5	15446	26894	63	2282	 21 
9035.94	13078	26894	18	715	 16 
9024.57	14250	26894	16	624	 14 
10106.6	13018	26894	10	552	 6 
9029.57	13969	26894	17	685	 3 
9041.08	12495	26894	28	938	 1 

8732.87	11694	24404	64	2240	 100 
8842.72	11643	24404	21	368	 87 
8041.21	11743	24404	68	2430	 86 
9902.37	11374	24404	44	1966	 83 
7917.72	12155	24404	66	2223	 78 
8229.9	12853	24404	49	2014	 77 
9119.67	11250	24404	60	2527	 75 
8825.33	11704	24404	8	245	 68 ***
9925.58	11060	24404	70	2704	 58 
8035.03	12975	24404	23	846	 40 
9110.86	11370	24404	68	2595	 39 
8286.2	11929	24404	42	1860	 25 
9911.44	11292	24404	24	1003	 9 
8831.15	11392	24404	22	513	 4 
8824.52	11992	24404	7	474	 1 

8781.65	12106	24831	3	198	 97 ***
9858.78	11476	24831	7	366	 91 
7719.6	14220	24831	43	1851	 88 
8200.39	13069	24831	58	2077	 86 
8778.62	13973	24831	33	1438	 77 
8780.06	11699	24831	6	472	 54 
8780.42	12562	24831	2	366	 52 
8659.46	13760	24831	43	1530	 35 
7985.82	13636	24831	61	2014	 33 
8690.95	12320	24831	63	2074	 32 
8467.18	12915	24831	64	2096	 26 
8185.29	13295	24831	48	1869	 13 

7968.7	14824	23425	56	1854	 52 
8777.54	12559	23425	24	897	 48 
9841.29	12351	23425	19	658	 40 
8150.62	13897	23425	32	1440	 35 
9246.29	12165	23425	63	1779	 33 
9023.79	12282	23425	34	1423	 31 
7576.82	14095	23425	63	1998	 29 
8755.9	12667	23425	6	568	 14 ***
8151.69	12784	23425	38	1457	 0 

8657.15	17538	23944	68	1789	 97 
8760.07	14875	23944	3	141	 90 ***
8439.54	15380	23944	74	2360	 85 
8655.59	16261	23944	73	2330	 67 
8760.11	15661	23944	2	137	 65 
8662.82	16733	23944	69	1960	 57 
8756.25	15083	23944	3	27	 41 
8662.34	16460	23944	70	2056	 31 
8661.41	17267	23944	69	2197	 25 
8754.71	16501	23944	46	1853	 24 
8687.48	16666	23944	69	2196	 21 
8656.29	17010	23944	70	2258	 6 
9835.38	14334	23944	5	161	 0 

8944.06	15881	25835	27	634	 100 
10020.7	15284	25835	8	437	 98 
8947.67	16356	25835	7	411	 96 ***
8933.81	12610	25835	31	1004	 92 
8608.63	10895	25835	69	1645	 89 
10037.8	14778	25835	26	595	 86 
8333.45	15616	25835	63	1580	 74 
10018.3	15143	25835	14	324	 72 
10016.1	15550	25835	13	338	 49 
10013.2	12184	25835	49	1384	 38 
8953.92	15862	25835	20	456	 37 
8603.17	13340	25835	39	1442	 36 
8931.61	16217	25835	16	364	 35 
10029.2	14621	25835	29	1015	 16 
8945.6	14972	25835	21	682	 15 
8133.65	17112	25835	56	1371	 13 
10020.2	15042	25835	14	445	 9 

9080.65	17900	27228	23	879	 97 
9573.07	14222	27228	65	2142	 96 
9076.49	16238	27228	54	1754	 91 
8491.54	16626	27228	65	2129	 91 
9548.14	15518	27228	63	1918	 89 
9088.16	17709	27228	19	286	 89 
9073.54	17902	27228	23	962	 88 
9353.97	16001	27228	60	1735	 86 
9084.07	16930	27228	47	1875	 82 
10142.6	16821	27228	52	1868	 82 
10147.5	15086	27228	51	1925	 82 
9081.16	17447	27228	29	775	 82 
9347	16180	27228	64	2024	 73 
9342.04	15881	27228	65	2037	 71 
9072.23	18515	27228	8	403	 70 
10154.1	17357	27228	19	887	 68 
8983.96	17756	27228	64	1710	 65 
9086.88	17956	27228	9	98	 61 ***
9365.28	15917	27228	63	1833	 60 
8977.93	18512	27228	64	2027	 57 
9064.96	17135	27228	54	1983	 48 
8147.69	13916	27228	71	2238	 48 
9068.84	16637	27228	55	1974	 48 
10166.7	17379	27228	13	526	 45 
8534.86	14040	27228	67	1997	 43 
8998.6	19512	27228	63	2074	 42 
9390.11	13485	27228	70	2193	 42 
10145.2	15544	27228	43	1842	 33 
9087	14924	27228	66	2056	 31 
9568.17	14792	27228	65	2099	 31 
10162.6	13850	27228	64	1585	 12 
9075.14	18191	27228	16	584	 12 
9369.84	15653	27228	55	1981	 10 

8948.54	17885	26361	59	2122	 91 
9560.91	14474	26361	53	2406	 90 
10161.5	17286	26361	45	2292	 74 
9569.92	13852	26361	71	2469	 64 
9357.38	16998	26361	58	2206	 57 
10175.1	14033	26361	54	1978	 55 
10167.9	16172	26361	48	2278	 49 
8759.77	14754	26361	71	2646	 49 
9352.13	17159	26361	60	2345	 47 
9092.19	17240	26361	56	2085	 39 
9093.15	18082	26361	4	36	 21 ***
9109.12	14608	26361	70	2080	 20 
10149.5	14551	26361	52	2192	 19 
10152.2	14096	26361	50	2434	 13 
9553.72	14593	26361	60	2204	 13 
10176.9	18046	26361	9	592	 12 
8504.94	17602	26361	74	2689	 8 
8992.61	17007	26361	69	2420	 8 
8760	18582	26361	66	2266	 4 
9088.34	15229	26361	62	1859	 3 
10182.8	17966	26361	28	1021	 3 

10088.2	13383	28254	43	1923	 97 
9027.41	11919	28254	63	1766	 94 
7867.09	13908	28254	54	2248	 93 
9281.75	12548	28254	44	1808	 93 
8879.33	14776	28254	44	1787	 93 
10108.5	16220	28254	29	772	 93 
10086.6	11615	28254	49	2188	 89 
8097.04	13490	28254	68	2380	 87 
8405.82	13254	28254	52	2178	 82 
7838.67	15064	28254	67	2259	 75 
8484.04	12089	28254	67	1808	 75 
8105.2	12905	28254	71	2414	 69 
8698.61	11667	28254	71	2444	 66 
8209.25	12704	28254	67	2101	 64 
10110.5	16110	28254	34	853	 62 
7345.17	13362	28254	70	2384	 58 
8462.49	12222	28254	59	1876	 54 
8207.11	12267	28254	71	2388	 53 
7490.21	12933	28254	72	2219	 46 
7930.48	14007	28254	52	1823	 42 
10079.6	11889	28254	49	2172	 40 
10083.7	14303	28254	42	1803	 35 
10113.6	15738	28254	22	637	 34 
10083.9	12180	28254	45	2092	 33 
9292.91	12218	28254	47	2067	 33 
9281.38	13418	28254	44	1708	 24 
8467.58	12412	28254	45	2093	 22 
8211.88	13514	28254	62	1782	 19 
9278.99	11908	28254	65	1995	 15 
7409.19	12090	28254	73	2418	 15 
9007.67	14227	28254	44	1807	 14 
8204.54	13653	28254	59	1729	 14 
9023.75	16288	28254	13	225	 13 ***
10113.6	16217	28254	32	1017	 0 

9271.23	12547	27773	62	2057	 99 
9006.37	16260	27773	10	363	 95 
7814.96	13008	27773	68	2447	 92 
9003.56	16689	27773	8	333	 89 
9010.8	15366	27773	24	935	 88 
10064.5	12344	27773	56	2043	 86 
9002.79	16636	27773	10	336	 84 
7935.5	11224	27773	76	2515	 83 
9465.82	12420	27773	52	2108	 83 
9003.18	16645	27773	9	169	 81 
10085.9	16223	27773	15	450	 79 
10064.6	13871	27773	49	1940	 76 
9009.17	15827	27773	25	937	 75 
9277.05	12459	27773	69	2253	 72 
8053.08	13070	27773	51	2003	 72 
10064.3	13975	27773	49	1983	 71 
9466.58	13595	27773	50	2069	 71 
10090.2	15491	27773	23	667	 71 
9009.5	15746	27773	18	586	 70 
9267.57	14378	27773	49	2009	 68 
8080.57	12911	27773	67	2131	 65 
7200.46	13569	27773	76	2564	 63 
9005.15	16416	27773	7	58	 62 ***
10071.4	14775	27773	48	1960	 61 
10092.4	15200	27773	29	1020	 59 
8169.79	14579	27773	50	2070	 55 
10064.6	11926	27773	60	1724	 47 
9011.04	15612	27773	20	592	 45 
10064.2	13171	27773	50	1956	 34 
9266.7	12761	27773	53	2149	 31 
9277.44	11941	27773	60	1964	 30 
7391.01	13205	27773	60	1990	 29 
9003.87	16585	27773	8	333	 23 
8384.92	12988	27773	55	2220	 12 
9003.77	16609	27773	6	59	 10 
8994.21	13872	27773	50	2001	 9 
9009.06	15955	27773	23	931	 8 
8650.99	12598	27773	57	2217	 5 

8956.96	13134	24667	6	67	 97 ***
10009.1	9572	24667	45	1696	 95 
8951.96	13095	24667	17	521	 95 
9216.15	10287	24667	48	1793	 93 
7882.76	12521	24667	29	944	 93 
10042.7	11753	24667	27	754	 92 
7864	9860	24667	50	1739	 90 
10031.6	12376	24667	20	500	 90 
8836.43	8943	24667	57	1714	 88 
7879.22	12964	24667	23	924	 88 
9223.03	9243	24667	56	1699	 82 
7877.83	13216	24667	21	935	 82 
8335.97	10411	24667	44	1741	 76 
10019.9	10355	24667	44	1673	 73 
7764.4	10767	24667	55	1721	 72 
8953.86	12846	24667	23	689	 65 
8946.79	10030	24667	49	1571	 61 
8338.54	10305	24667	46	1637	 59 
7883.54	12894	24667	26	722	 59 
7527.97	11576	24667	58	1872	 56 
8144.88	9442	24667	53	1845	 56 
10024.8	11553	24667	41	1359	 50 
8957.44	9567	24667	50	1653	 50 
7881.7	12983	24667	19	707	 49 
8955.07	12924	24667	21	698	 45 
8951.21	13385	24667	15	445	 38 
8942.3	10549	24667	43	1007	 36 
10026.4	12588	24667	7	110	 36 
7750.37	10741	24667	66	2120	 35 
8952.68	12310	24667	28	990	 35 
7872.43	13143	24667	23	669	 21 
7818.41	10429	24667	67	2092	 9 
9222.72	11864	24667	37	967	 3 
7894.67	13391	24667	18	861	 0 

7119.89	7224	20742	44	1806	 94 
5923.96	7961	20742	46	1604	 88 
8998.94	6463	20742	47	1870	 86 
6557.98	5830	20742	61	2039	 85 
6883.36	10222	20742	37	1001	 82 
6044.78	6582	20742	47	1909	 75 
6859.8	7715	20742	46	1836	 69 
7063.32	8437	20742	44	1581	 69 
6524.66	6221	20742	51	1586	 68 
7204.76	6201	20742	55	1620	 68 
6513.9	7737	20742	45	1871	 63 
7944.98	9522	20742	22	464	 61 
7317.81	6744	20742	46	1908	 60 
8605.76	6489	20742	47	1908	 54 
5635.57	7354	20742	49	1920	 53 
7060.26	7370	20742	45	1607	 53 
5944.36	5673	20742	64	1885	 49 
7339.43	6179	20742	52	1678	 39 
7540.15	7167	20742	44	1555	 39 
9023	9559	20742	21	445	 38 
7945.24	9693	20742	19	437	 34 
7942.67	8060	20742	23	464	 29 ***
7065.15	6760	20742	45	1645	 28 
5937.84	6775	20742	50	1565	 25 
7597.52	6547	20742	41	1528	 25 
6039.4	7328	20742	47	1795	 18 
8410.45	6166	20742	60	1759	 18 
7118.49	7968	20742	42	1604	 18 
7134.36	7325	20742	41	1719	 9 
5798.16	6378	20742	58	1765	 8 
7597.3	7211	20742	43	1818	 6 
5234.84	6827	20742	50	1593	 5 

8953.16	9497	22469	25	1371	 99 
9236.61	9650	22469	22	1189	 99 
8625.02	9655	22469	24	1341	 95 
8650.14	7901	22469	59	1783	 92 
6673.49	8735	22469	27	1447	 81 
10039.9	9504	22469	23	1219	 79 
8166.22	11242	22469	21	788	 76 
7893.66	9731	22469	26	1257	 75 
6395.41	11336	22469	58	1768	 73 
8150.74	9745	22469	22	1296	 72 
7553.49	9736	22469	23	1265	 68 
8837.79	9636	22469	24	1363	 67 
9221.48	9333	22469	26	1390	 60 
9438.18	8041	22469	53	1722	 56 
6488.86	8663	22469	30	1489	 55 
8434.9	10657	22469	19	1190	 54 
8165.98	12006	22469	13	399	 43 
7898.32	10524	22469	22	1265	 42 
7818.38	8291	22469	30	1474	 41 
9431.75	9551	22469	24	1319	 36 
10050.9	10067	22469	20	1227	 36 
8960.46	9960	22469	21	1205	 32 
9439.91	10562	22469	20	1227	 30 
7386.37	8623	22469	58	1860	 24 
8988.4	10737	22469	11	415	 22 ***
9245.46	11190	22469	10	407	 20 
8166.61	9699	22469	26	1360	 15 
7552.72	11467	22469	25	1330	 2 
8168.84	10078	22469	21	1006	 1 

7213.04	12013	22941	52	1939	 98 
8270.17	9609	22941	57	2271	 94 
9531.97	9761	22941	36	1740	 93 
9074.63	10195	22941	6	379	 89 
9066.86	9431	22941	59	2500	 88 
9070.95	9573	22941	57	2409	 88 
9344.23	9391	22941	58	2474	 87 
9555.94	9666	22941	29	1679	 85 
7545.46	10572	22941	61	2523	 80 
7665.6	9992	22941	45	2121	 80 
10160.5	10986	22941	3	256	 78 
10136.9	9810	22941	21	1683	 73 
7748.58	9879	22941	58	2470	 71 
10151	9551	22941	50	2109	 70 
9534.65	9584	22941	54	2419	 65 
10156.6	11150	22941	3	256	 59 
8005.83	9967	22941	10	460	 52 ***
7473.32	11698	22941	36	1346	 51 
8002.92	9926	22941	12	470	 48 
7665.33	8797	22941	61	2523	 44 
9348.13	8829	22941	59	2316	 34 
10172.6	8809	22941	59	2478	 32 
9345.23	11256	22941	5	288	 31 
9083.67	9823	22941	43	1179	 21 
7074.76	12151	22941	58	2459	 19 
9082.12	9856	22941	10	643	 19 
7449.96	11033	22941	54	2363	 18 
9539.8	9742	22941	26	1888	 9 
9352.23	11235	22941	5	288	 2 

7189.61	7995	21496	63	2487	 92 
8663.38	9236	21496	32	1885	 82 
7571.49	9800	21496	29	1897	 81 
6176.12	9086	21496	63	2299	 78 
6307.99	8698	21496	39	2115	 72 
7246.66	11229	21496	37	2037	 70 
7240.6	8657	21496	62	2186	 70 
7784.96	11180	21496	26	1460	 69 
8183.6	7627	21496	49	2286	 69 
7932.18	10259	21496	6	443	 68 
7571.56	8982	21496	36	2036	 63 
7924.78	10437	21496	7	458	 63 
8185.91	9291	21496	35	1714	 43 
7921.67	9617	21496	8	411	 43 ***
7589.06	11221	21496	28	1985	 27 
7307.94	10615	21496	32	1945	 13 
7922.72	9340	21496	13	527	 10 
7577.28	8627	21496	36	2084	 9 

6683.73	9641	21882	27	1713	 83 
7494.08	7932	21882	30	1437	 68 
7239.71	11592	21882	9	496	 68 
7518.52	10520	21882	25	1553	 62 
7048.03	10830	21882	26	1652	 56 
6917.3	6652	21882	60	1783	 46 
7835.37	10306	21882	2	16	 45 ***
7846.6	10162	21882	8	178	 43 
7698.5	8044	21882	20	1475	 36 
5814.01	6699	21882	42	1857	 35 
7498.55	10804	21882	23	1592	 28 
7318.54	9423	21882	35	1725	 23 
7104.31	8672	21882	39	1856	 8 
7249.59	10658	21882	25	736	 5 

10147.6	11969	24549	16	528	 95 
9524.59	11019	24549	47	2029	 90 
8248.22	11991	24549	62	2322	 86 
7688.73	12402	24549	63	2168	 81 
9323.52	11408	24549	24	1741	 75 
9539.04	10309	24549	60	2373	 73 
7982.42	13362	24549	0	0	 67 
9340.4	11168	24549	26	1679	 66 
7984.86	12319	24549	2	90	 58 ***
9543.35	9737	24549	33	1836	 57 
8717.28	11118	24549	49	1778	 48 
8354.33	11773	24549	63	2168	 46 
9066.39	11527	24549	26	1768	 46 
8462.05	11779	24549	60	2043	 40 
8744.94	11866	24549	47	2116	 36 
8270.74	11824	24549	63	2382	 34 
8271.96	11801	24549	62	2153	 34 
9062.74	11530	24549	27	1708	 31 
9054.19	12080	24549	29	1755	 29 
9068.93	11655	24549	18	541	 24 
7927.19	12011	24549	54	1873	 20 
10132.3	11435	24549	22	1650	 20 
8451.89	12163	24549	29	1755	 18 
9057.3	11988	24549	10	650	 8 
7181.52	12644	24549	16	633	 6 

8097.56	9884	25922	10	448	 90 
7495.21	10241	25922	5	282	 83 ***
8120.24	9469	25922	24	839	 68 
7496.97	9930	25922	9	585	 54 
8581.15	9428	25922	5	332	 42 
9674.47	9287	25922	62	1990	 27 
9663.85	8786	25922	66	2409	 27 
9457.99	9107	25922	64	2117	 21 
8104.06	9484	25922	30	546	 13 

