#0	307	0	27	48	510	575	1023	1007	233	 ***
#229	263	455	30	344	353	0	751	1023	282	
#0	290	0	100	511	113	726	441	526	1023	
#45	381	4	42	13	0	1023	563	638	1021	
#511	174	267	234	412	259	388	365	149	971	
#4	386	510	274	228	500	108	1023	0	697	
#497	45	311	278	299	113	155	1023	0	1009	
#404	432	152	85	511	0	0	855	271	1020	
#407	304	65	12	21	0	759	170	1023	969	
#385	121	4	293	284	38	1023	507	941	134	
#252	122	30	149	75	252	982	1023	800	45	

408	122	343	396	4	6	449	1023	183	453	
45	8	12	247	366	23	992	1023	641	30	
0	192	0	23	25	427	705	1023	677	315	 ***
46	374	38	385	188	38	853	1023	320	122	
24	199	0	23	25	305	819	1023	677	292	
45	142	15	470	8	398	899	1022	252	136	
87	213	0	271	278	511	31	1022	974	0	
511	53	61	46	126	30	0	1021	938	601	
185	194	19	297	286	0	412	971	1023	0	
183	210	45	0	0	274	503	981	1023	168	
428	46	8	30	61	167	190	808	1023	626	
0	139	0	145	55	511	583	1014	673	267	
0	214	4	145	25	435	575	1023	672	294	
137	184	16	145	10	435	571	1023	660	206	
0	199	0	23	33	431	613	263	802	1023	
286	250	168	42	504	335	695	1023	0	84	
17	152	53	118	160	450	1023	1021	393	0	
274	142	198	36	211	393	1023	790	320	0	
0	408	495	244	111	145	282	1023	671	8	
205	320	402	244	297	263	160	1023	202	271	
0	184	0	23	25	305	347	1023	702	778	
164	87	188	162	305	0	396	1022	925	138	
297	34	53	77	20	145	905	1023	40	793	
0	321	0	31	10	442	545	339	676	1023	
124	34	424	134	436	256	49	1023	260	647	
511	411	412	0	385	288	0	303	994	83	
414	312	338	57	0	35	495	1023	80	633	
310	232	426	409	229	251	0	0	507	1023	

0	192	0	23	267	435	803	292	416	1023	
114	8	381	308	252	76	1023	707	515	67	
307	441	209	225	194	38	274	1023	346	394	
0	207	0	84	6	427	713	485	1023	506	
42	393	23	411	294	135	830	1023	174	126	
23	192	0	23	31	273	957	1023	408	521	
0	192	0	23	33	457	705	493	1023	525	
0	489	0	23	23	427	713	1023	416	337	 ***
0	252	0	31	38	427	705	713	1023	262	
160	32	336	175	260	337	586	1023	0	542	
91	141	434	260	282	49	96	1023	425	650	
42	301	244	191	304	65	488	794	1022	0	
143	205	190	42	0	450	411	911	76	1023	
46	8	54	274	97	358	0	1023	578	1013	
427	244	156	38	343	34	412	1023	774	0	
0	438	366	151	54	511	145	1019	0	767	
0	260	0	53	31	427	705	1023	431	521	
152	72	286	349	256	43	730	1023	166	374	
252	282	0	53	8	427	705	262	439	1023	
511	138	447	98	380	340	0	1004	0	533	
294	145	308	195	282	91	404	709	0	1023	
10	60	30	248	152	0	645	271	1013	1022	
0	192	0	106	61	427	949	1023	416	277	
379	500	0	187	53	488	137	0	686	1021	
0	140	0	23	23	435	743	485	1023	579	
511	45	351	23	80	0	640	1022	122	657	
248	289	291	396	0	173	234	1023	451	346	
0	192	0	443	25	511	705	372	424	779	
270	281	289	369	341	16	164	1023	327	371	
0	192	60	46	23	427	713	1023	416	551	
38	106	374	382	293	290	173	1023	297	475	
0	406	23	23	10	183	709	1023	476	598	
0	285	58	80	288	290	506	921	0	1023	
0	215	30	23	23	427	705	345	660	1023	
388	46	76	23	396	183	171	217	928	1023	
0	192	0	40	25	435	769	1023	546	421	
286	31	220	379	293	366	1023	259	190	404	
0	192	0	23	32	427	710	560	1023	484	
8	65	186	75	31	308	838	1023	4	913	
0	222	15	23	8	495	705	292	668	1023	

8	232	335	496	197	135	305	175	617	1021	
0	487	0	0	4	183	619	1023	819	386	
141	83	38	443	46	449	34	1021	440	826	
90	366	279	307	45	291	134	1023	488	498	
411	327	113	118	221	312	1020	732	267	0	
45	319	244	91	175	450	419	664	94	1020	
31	98	46	308	461	342	163	1021	472	579	
490	168	511	34	120	0	983	210	1005	0	
242	0	335	136	315	282	240	1023	632	316	
83	319	163	134	46	484	61	1023	858	350	
256	105	106	286	274	335	966	0	1022	171	
271	507	34	75	500	289	145	647	30	1023	
472	418	110	0	122	75	60	1023	981	260	
15	457	60	145	79	427	587	1022	408	321	
212	426	381	145	304	362	260	1022	0	409	
0	487	0	145	34	187	587	1023	720	338	
0	428	15	53	19	431	709	1023	477	366	
441	472	0	0	4	182	591	1021	529	281	 ***
8	427	60	23	64	183	968	243	1023	522	
45	135	304	136	0	349	1022	274	274	982	
0	427	0	38	19	243	587	1022	879	306	
38	381	511	138	304	125	130	167	798	929	
0	427	0	27	94	427	647	1023	568	308	
244	487	0	38	27	212	587	1021	416	489	
65	0	441	388	252	181	252	839	83	1020	
402	107	0	383	289	442	454	1023	0	421	
147	427	494	435	191	511	407	909	0	0	
121	152	0	373	122	509	1023	966	0	255	

456	205	0	0	19	60	309	331	529	1023	
61	0	511	155	0	0	243	1004	365	593	
349	130	489	0	511	60	0	1009	309	75	
441	220	0	0	0	511	333	662	515	250	
456	205	0	0	4	60	369	1023	499	316	 ***
160	511	45	156	372	125	75	1020	395	73	
279	16	139	186	403	137	0	1020	607	145	
441	205	0	0	511	60	290	277	469	679	
456	266	30	61	4	90	309	1023	469	224	
0	83	198	0	23	456	221	72	856	1023	
60	495	79	426	75	503	0	190	84	1020	
441	220	0	0	30	212	1023	336	454	216	
441	205	0	15	0	90	370	1023	469	319	
75	8	61	511	38	38	517	297	992	395	
23	185	366	38	30	197	0	151	921	1021	
47	202	188	308	463	19	0	1023	682	0	
441	205	0	0	0	212	309	186	1020	559	
30	53	30	293	427	120	227	1021	442	289	
23	511	69	334	114	327	0	972	521	61	
174	187	320	79	30	4	38	1021	1019	60	
441	205	61	0	38	60	370	1023	461	273	
105	15	38	274	285	0	214	1020	8	973	
38	98	0	288	38	342	46	1021	956	105	
137	308	501	258	0	0	565	999	164	0	
223	501	197	0	8	19	30	1023	211	720	
30	15	403	0	505	182	0	1022	668	107	

379	173	30	30	0	60	316	1023	319	440	
214	414	135	188	0	509	1023	46	0	241	
334	143	30	15	45	0	335	1021	529	318	
60	136	30	79	165	75	807	1023	335	60	
334	128	0	105	0	15	335	1022	604	227	
334	75	30	60	0	45	338	1023	562	303	
334	90	30	0	30	75	308	502	1023	378	
334	98	0	138	0	0	459	335	383	1023	
379	113	30	0	30	0	624	1022	360	212	
195	124	456	121	54	381	45	1022	372	0	
424	188	0	30	0	30	354	1022	270	452	
181	0	42	396	318	173	189	1023	448	0	
30	60	289	15	76	60	1023	4	225	988	
139	244	90	150	502	60	91	1023	0	471	
334	128	30	0	0	75	395	213	574	1021	
439	117	45	0	0	45	316	305	480	1023	
0	15	334	150	121	68	1022	109	0	951	
334	143	0	0	30	75	346	1022	532	288	 ***
83	128	45	0	276	364	777	1022	0	75	
211	289	210	30	511	498	0	0	1021	0	
490	0	120	45	319	511	255	969	0	61	
136	15	0	45	90	60	1019	0	409	996	
121	45	319	139	30	0	883	1022	90	121	
65	30	334	75	30	30	15	1022	989	180	
379	83	0	30	45	30	316	1022	487	378	
76	75	30	181	259	128	94	1022	0	905	
379	83	15	30	0	15	380	1021	484	363	
95	364	0	0	75	15	1023	949	90	159	
379	83	45	0	0	511	380	555	484	333	

38	120	105	0	0	105	76	1023	849	364	
259	143	2	0	45	75	418	1023	487	228	
259	165	0	0	30	75	334	368	426	1023	
0	32	511	75	121	0	0	1014	878	49	
259	105	0	0	60	75	349	627	182	1023	
259	135	0	0	30	109	334	349	441	1023	
120	121	60	151	0	0	304	1019	60	845	
75	75	511	0	60	45	244	1016	654	0	
15	0	30	30	76	511	1000	304	624	90	
304	30	225	75	511	472	90	0	973	0	
259	135	0	511	32	75	334	634	380	320	
259	135	15	0	511	75	334	697	426	228	
511	0	105	259	61	75	60	1017	577	15	
259	143	0	0	30	77	376	1023	380	392	
76	45	511	0	45	30	305	668	0	1000	
0	0	150	15	0	75	151	944	322	1023	
259	135	0	0	30	90	334	551	1023	258	
4	15	358	0	303	320	0	1023	402	255	
0	90	165	305	40	151	95	1023	811	0	
259	135	0	0	45	75	353	1023	608	182	
0	49	136	0	90	259	965	158	0	1023	
259	135	0	0	45	75	334	429	1023	380	
226	49	60	335	15	0	0	912	60	1023	
259	135	0	0	511	75	334	667	471	228	
381	143	0	0	30	49	354	1023	243	457	
259	135	0	0	45	511	334	712	456	228	
259	145	0	0	60	75	388	1023	380	350	
0	502	114	33	45	511	0	553	0	922	
289	143	0	0	30	75	405	1023	487	228	 ***
310	143	0	0	32	75	382	1023	487	228	
259	143	0	0	30	511	338	455	235	709	

304	90	0	49	30	105	334	532	1023	106	
185	30	511	15	0	64	0	462	308	998	
0	225	110	45	0	64	49	1023	34	1023	
259	0	511	0	95	501	94	158	0	955	
511	511	165	120	129	45	0	971	0	121	
289	150	4	34	38	90	349	1022	243	354	
349	64	60	19	368	511	182	1020	0	0	
64	126	15	45	511	126	0	1014	612	60	
91	109	96	0	0	511	60	244	440	1022	
0	195	90	91	511	0	244	369	68	1005	
278	203	0	45	30	511	151	399	956	0	
293	90	19	0	90	49	342	394	273	1023	
166	45	200	372	64	42	0	1023	0	661	
289	90	0	0	511	120	364	557	292	350	
383	511	0	0	30	79	370	652	182	366	
323	101	34	0	30	90	371	328	273	1023	
338	135	489	60	0	165	134	0	229	1023	
304	94	4	4	30	76	445	1023	502	91	
0	259	511	106	165	45	15	968	185	319	
150	156	511	69	319	34	395	0	0	939	
212	20	297	0	61	0	617	1023	50	293	
120	349	0	511	137	15	259	1014	168	0	
511	395	368	61	30	150	0	75	0	983	
297	120	15	0	30	23	334	1022	243	489	 ***
511	414	278	144	0	90	165	683	0	288	
289	135	30	15	30	109	334	365	243	1023	
58	166	166	428	0	30	335	1023	367	0	
0	91	304	57	30	0	75	1023	933	60	
95	135	34	0	304	111	106	628	137	1023	
308	94	30	0	30	80	487	294	227	1023	

297	334	30	0	30	122	394	568	1023	245	
297	90	31	0	304	70	608	438	182	1023	
334	511	8	20	0	263	1019	789	99	0	
301	107	181	0	396	92	335	1023	355	253	
460	219	151	30	42	49	0	1023	144	925	
334	95	201	49	90	136	717	278	1023	120	
16	192	509	272	465	511	0	0	107	971	
304	244	23	15	60	8	578	1023	243	545	
289	158	128	0	30	138	578	1023	488	211	 ***
0	102	121	0	63	338	395	1023	144	857	
197	102	0	180	76	338	123	1004	1023	0	
308	90	31	0	274	15	624	1023	277	401	
293	349	39	0	30	511	364	603	303	551	
83	354	60	0	120	511	701	1013	201	0	
94	128	45	167	398	25	144	1023	0	1019	
370	64	173	76	4	188	1023	858	287	0	
304	105	274	0	30	124	334	415	434	1023	
170	120	148	62	205	211	0	1023	90	1014	
319	90	75	68	38	248	334	1022	608	241	

274	98	53	8	60	130	608	1023	488	151	
511	98	53	0	99	130	593	831	427	151	 ***
289	68	53	0	30	130	1023	608	221	471	
274	75	197	121	46	376	1023	732	0	49	
274	113	53	0	30	202	578	437	183	1023	
289	115	297	0	32	191	372	347	227	1023	
319	511	329	0	441	98	153	427	615	0	
289	98	53	0	31	145	1023	494	426	334	
93	35	19	501	38	0	1023	1019	0	165	
274	98	78	0	30	130	606	1023	412	242	
289	98	63	0	0	206	348	378	488	1023	
274	98	144	0	32	138	653	1023	182	349	
38	0	0	260	403	456	75	425	213	1023	
94	319	98	362	151	16	216	615	0	1022	
327	278	144	225	227	353	1023	150	166	0	

23	117	234	55	160	0	267	1022	206	476	
511	32	69	207	73	0	79	1020	0	569	
274	136	83	0	125	0	94	456	1023	369	
117	124	391	0	160	25	367	1023	0	353	
408	158	281	87	6	19	0	0	578	1023	
289	98	53	0	60	8	334	517	1023	178	
274	128	76	122	91	42	90	1022	590	125	
274	98	57	27	60	156	338	467	60	1023	
304	110	87	0	197	8	94	1022	121	617	
428	106	53	35	121	12	98	1023	563	121	 ***
192	98	83	0	30	8	579	1023	220	327	
511	64	59	19	38	122	461	271	0	1015	
274	220	99	0	76	0	372	432	64	1023	
288	150	53	332	312	31	0	371	1023	0	

224	27	72	149	70	87	15	1023	769	0	
49	15	185	75	110	304	1023	376	265	34	
396	106	79	149	75	12	90	434	72	1023	
30	123	19	94	314	65	254	1023	434	80	
413	137	45	35	68	16	152	426	121	1023	
398	123	64	34	60	20	95	529	90	1023	
86	187	15	64	94	46	106	1023	537	278	
154	121	64	45	511	4	75	617	297	548	
30	384	49	486	140	100	30	1023	141	53	
81	199	31	511	160	349	0	95	0	1010	
413	80	46	31	79	12	91	540	121	1023	
182	18	128	0	63	489	87	1023	80	366	
104	109	123	511	429	159	0	0	378	623	
29	129	39	323	49	75	42	1023	201	526	
204	47	45	10	34	85	69	799	1023	120	
511	76	60	30	212	31	90	924	411	91	 ***
30	71	95	0	8	0	176	950	83	1023	
30	24	108	27	143	94	90	1023	761	136	
511	0	65	353	64	0	169	901	194	179	
45	44	55	426	0	511	75	1018	187	75	
398	111	58	30	83	16	90	1023	90	537	
293	64	83	94	4	321	0	403	1023	151	
0	94	29	77	197	15	78	1023	878	45	
418	76	60	31	201	27	75	1023	175	350	
75	64	511	45	93	0	393	0	993	262	
398	80	54	49	75	42	90	1023	167	458	
0	106	511	110	261	159	0	431	46	812	
103	61	64	19	15	38	36	913	1023	164	
75	331	15	79	133	0	1022	410	128	243	
49	19	106	30	241	319	334	1023	315	0	
411	106	60	47	60	35	94	540	60	1023	
76	63	511	145	422	0	0	137	60	1022	
398	103	60	192	68	27	90	385	90	1023	
411	76	57	38	75	27	1023	471	167	91	
421	76	190	31	60	28	349	1023	167	91	

413	80	64	32	75	42	113	468	167	1023	
129	48	30	505	83	221	37	401	1023	0	
207	70	15	213	0	511	46	947	113	355	
413	91	45	34	79	179	368	1023	152	93	
43	4	70	65	75	153	43	1023	105	896	
411	68	30	34	77	63	90	1023	330	351	
68	47	4	87	45	45	114	1023	864	180	
30	30	46	35	213	25	908	1023	98	69	
411	111	30	42	79	40	105	1023	537	99	
64	75	13	86	0	34	183	937	62	1023	
167	129	0	511	246	54	171	824	283	92	
511	78	421	0	79	31	135	704	153	365	
511	194	2	144	75	158	313	72	1008	0	
80	79	87	64	77	38	803	1023	0	226	
27	124	146	0	27	456	91	1023	212	371	
35	147	243	129	112	269	494	1023	25	0	
417	139	511	0	0	58	246	73	72	961	
176	99	30	289	101	46	90	450	173	1023	
79	355	128	49	170	87	88	0	498	1023	
124	266	79	174	9	157	132	513	1023	0	
88	98	49	130	85	228	384	1023	0	392	
42	155	75	44	61	511	1014	140	435	0	
511	106	186	30	90	31	338	941	152	92	 ***
339	124	157	47	155	87	387	1023	158	0	
122	30	34	88	202	511	220	248	1022	0	
147	49	37	42	45	47	0	841	246	1023	
511	351	270	114	256	38	147	255	535	0	
61	41	141	321	262	511	81	998	61	0	
75	83	45	511	45	0	187	1021	427	83	
53	68	102	25	4	122	34	910	1023	136	
104	42	511	50	0	74	68	1023	197	408	
46	38	137	90	61	121	831	1023	50	80	
80	81	46	163	162	448	1023	166	308	0	
409	215	256	55	57	257	167	1023	38	0	
428	80	30	40	246	31	151	1023	30	418	

358	113	45	269	94	16	140	330	150	1023	
39	0	61	166	106	124	1023	0	983	36	
417	57	49	92	109	149	384	1023	152	106	
511	15	0	15	0	75	90	1022	729	81	
36	155	78	35	75	18	19	1023	317	782	
432	118	40	30	90	91	140	446	128	1023	
497	0	164	511	36	109	0	946	171	104	
57	0	45	15	2	145	197	1022	919	136	
364	87	30	260	120	12	201	290	151	1023	
96	95	76	30	62	194	572	390	0	1023	
0	137	15	75	262	2	64	8	953	1022	
445	91	30	90	90	46	79	520	124	1023	
51	155	30	511	34	42	139	328	289	959	
121	19	0	126	90	0	1023	984	45	130	
0	511	64	0	511	60	84	219	72	1017	
293	95	60	107	60	73	143	1023	411	273	 ***

30	137	499	61	511	0	122	442	1014	173	
141	128	197	78	60	61	215	1023	137	949	
267	64	45	115	188	266	193	1023	631	197	
263	79	49	107	60	320	330	369	1022	390	
76	160	27	229	150	124	1014	0	1023	186	
248	90	38	79	200	212	60	1022	991	49	
259	4	190	75	77	0	1023	127	213	1021	
15	167	134	304	60	139	0	1023	167	980	
120	0	131	227	228	0	140	937	183	1023	
263	203	45	137	75	210	261	575	197	1023	
143	429	37	175	16	0	1023	967	168	31	
140	130	34	0	15	243	1023	942	167	295	
224	159	47	511	64	511	62	407	1004	0	
263	98	45	233	60	61	199	366	641	1023	
214	30	316	158	0	152	1011	85	0	1023	
80	102	60	105	511	130	273	269	548	911	
30	61	126	122	23	75	197	1023	1022	310	
293	64	110	113	197	69	265	425	430	1023	
19	140	60	113	331	129	151	199	825	1022	
263	94	75	105	120	111	512	1023	352	334	 ***
57	199	15	213	165	45	996	276	1023	0	
242	65	124	340	0	23	125	34	1013	1023	

259	94	53	60	135	111	294	1023	352	593	
157	216	0	246	69	343	132	1023	359	429	
259	117	45	45	128	111	354	536	356	1023	
263	94	45	45	120	118	306	1023	352	608	
330	327	68	389	260	229	136	1022	0	213	
80	312	511	30	149	75	0	1023	65	729	
15	94	60	64	364	187	1023	481	352	334	
153	15	213	272	312	177	45	1022	45	720	
259	94	68	45	272	103	233	526	352	1022	
244	511	462	76	0	49	70	171	995	396	
17	149	83	60	85	90	659	1023	105	703	
49	105	170	182	120	60	171	1023	919	175	
99	434	148	4	182	507	1020	454	122	4	
267	94	113	45	120	103	279	1023	596	334	 ***
27	511	156	141	306	263	322	1021	0	227	
30	128	60	381	10	46	772	1023	91	433	
0	49	130	157	107	444	106	1022	411	548	
137	212	75	506	263	95	206	1022	306	152	
259	94	45	146	124	115	246	602	320	1023	
38	140	173	30	250	346	158	1023	365	451	
220	219	231	136	474	59	472	1022	141	0	
182	158	166	147	137	102	151	908	0	1023	
91	475	91	136	34	349	235	1023	69	471	
117	32	15	400	154	297	660	1023	49	227	
19	84	60	292	501	511	577	854	76	0	
174	205	159	119	439	511	182	173	1012	0	
378	48	109	510	171	403	257	75	1023	0	
476	122	45	122	396	320	919	297	277	0	
256	226	19	102	34	70	672	1023	99	473	
510	23	204	252	231	509	970	153	0	122	

76	125	204	152	446	0	589	1022	138	0	
83	79	167	30	167	95	1023	465	339	304	
0	147	143	316	487	404	126	1022	107	0	
23	136	111	30	511	91	211	638	350	651	
0	30	293	247	0	0	126	995	1023	38	
511	446	124	407	183	60	1021	0	0	0	
8	259	8	129	352	124	484	1023	182	183	
511	183	98	0	381	137	118	122	179	1023	
0	125	99	252	0	0	152	873	228	1023	
98	152	27	60	145	0	319	1023	320	608	
0	0	511	259	0	0	121	810	1020	31	
17	42	244	149	0	312	1023	0	75	890	
75	465	181	335	61	213	66	1022	334	0	
4	274	15	124	244	133	1023	694	151	90	
23	140	98	113	105	91	328	452	379	1023	
23	75	68	15	105	159	1022	508	473	304	
29	75	102	23	120	95	295	639	352	1022	
38	75	159	15	109	91	503	1023	425	314	 ***
152	0	0	60	60	276	983	1023	8	190	
27	75	164	15	166	99	381	452	350	1023	
23	135	98	15	112	140	226	1023	367	613	
57	75	42	17	511	95	318	654	412	571	
95	95	143	0	400	91	122	1022	658	126	
72	511	365	0	122	76	0	1013	471	122	
27	75	98	15	105	156	1023	484	358	411	

30	76	151	15	135	91	1023	490	456	192	
42	4	334	429	511	189	0	202	0	948	
350	236	75	38	0	510	396	190	0	864	
30	75	189	15	113	91	1023	506	425	192	
60	75	159	15	139	91	199	1022	395	504	
8	8	242	94	243	0	169	1022	629	244	
511	343	321	156	509	286	61	472	0	0	
60	90	159	0	105	91	274	657	1023	200	
15	12	274	196	145	106	0	1022	722	167	
0	375	30	4	0	191	669	1022	188	180	
12	61	12	357	150	19	619	1022	339	68	
442	40	293	0	0	220	223	0	419	1022	
511	76	315	182	46	0	789	448	292	0	
30	79	181	0	65	260	0	1022	883	139	
380	19	49	23	356	0	635	0	174	1023	
75	159	91	0	137	279	736	1023	0	159	
0	19	15	102	511	61	169	1023	177	582	
91	511	287	331	0	42	141	1020	236	0	
271	155	182	38	60	125	0	1023	639	166	
12	98	349	49	0	0	1023	67	369	692	
30	75	159	19	105	99	443	1022	515	192	
293	0	150	160	19	60	806	1022	0	149	
511	69	304	0	0	137	114	1020	195	309	
464	0	390	183	60	316	122	0	102	1022	
60	75	189	15	105	91	267	1022	643	192	 ***
38	75	249	19	135	91	443	1022	395	192	
319	102	511	69	293	0	139	242	984	0	
511	170	30	500	0	0	389	60	145	854	
83	38	152	160	83	374	580	1022	167	0	
247	0	313	171	129	23	64	1023	68	621	

87	60	8	0	143	30	237	1021	288	966	
0	30	411	511	0	460	62	252	1023	91	
102	0	252	279	60	132	0	1022	325	668	
457	53	34	130	0	511	394	785	320	156	
136	0	252	0	365	19	1022	796	212	38	
38	0	30	15	120	68	1023	800	456	290	
45	0	308	64	65	0	1023	350	925	60	
87	282	510	510	8	350	0	971	0	122	
8	6	4	511	274	510	514	1013	0	0	
130	511	109	380	327	121	120	1012	130	0	
60	45	308	60	60	90	222	1021	540	434	
27	327	49	511	0	105	655	1017	149	0	
0	109	404	0	510	509	0	905	0	403	
0	75	113	0	355	492	736	1022	23	24	
45	120	30	0	45	30	481	1023	868	198	 ***
98	511	15	388	64	38	150	947	0	629	
45	94	38	0	45	98	481	491	525	1023	
475	124	511	4	0	135	1012	0	579	0	
0	68	182	380	0	0	77	1022	98	1013	
0	109	60	0	366	19	189	1023	149	925	
45	45	25	0	45	334	252	1023	281	790	
65	261	0	279	0	94	0	1022	951	168	
8	98	0	30	387	510	244	1021	465	77	
105	137	125	244	90	53	278	1022	764	22	
53	182	4	68	4	271	684	1022	411	141	
45	215	60	0	53	90	1022	751	273	331	
45	53	38	0	90	34	485	555	517	1023	
218	68	130	61	60	510	614	882	297	0	
0	75	334	98	38	78	0	1022	271	924	
509	0	511	121	38	76	327	1002	0	256	

30	75	90	511	0	0	60	1020	0	548	
30	75	75	0	0	0	300	1022	510	322	 ***
30	426	0	46	0	0	719	1023	90	0	
0	0	15	0	0	0	182	1020	997	120	
440	0	53	182	0	15	289	1021	334	0	
0	289	30	334	15	0	0	1020	646	0	
4	182	0	0	304	304	75	1023	412	30	
30	75	60	122	0	15	302	1022	510	198	
0	98	15	30	0	15	274	1023	879	0	
30	75	30	4	152	0	207	1022	510	304	
30	75	30	0	30	0	364	1023	640	142	
0	105	0	464	411	0	0	334	1020	0	
0	90	0	15	0	0	0	917	1023	289	
0	0	30	0	0	0	977	1022	60	245	
0	0	510	0	60	507	0	1019	0	238	
0	511	411	0	0	105	0	1018	0	289	
30	244	45	0	30	152	719	1023	31	60	
0	511	426	0	75	0	0	304	0	1018	
60	79	30	0	30	0	335	1022	632	146	
0	0	0	4	0	30	1021	304	0	975	
319	304	90	122	433	0	0	1021	0	45	
30	75	45	0	30	0	344	1022	514	274	
0	30	68	0	122	15	0	1020	1019	60	
498	274	449	0	0	90	0	1023	0	0	
30	105	30	0	30	0	283	1022	636	198	
30	197	30	0	30	34	335	1022	510	146	
30	197	34	0	45	0	298	1022	510	198	

256	364	451	0	244	510	151	943	0	0	
90	83	75	0	304	103	1022	563	541	138	
396	511	60	76	304	0	0	986	586	0	
267	304	105	244	23	0	0	1023	120	833	
319	319	69	319	90	60	644	1023	0	76	
430	274	511	90	244	0	0	0	806	564	
15	372	334	15	0	53	930	1023	177	0	
238	15	90	252	0	274	693	1023	334	0	
252	0	511	0	196	0	747	205	1008	0	
75	0	45	0	365	289	595	1022	496	32	
45	75	135	30	30	244	1021	282	667	390	
30	338	72	90	68	274	705	1023	30	289	
304	0	38	0	0	244	632	1022	357	322	
276	75	94	120	0	30	380	1022	533	389	
0	501	15	0	128	304	1022	949	0	0	
511	198	99	334	304	451	0	0	1022	0	
0	259	511	308	69	98	670	1004	0	0	
122	8	334	511	0	0	1017	792	0	135	
30	150	83	60	0	0	446	1022	556	572	 ***
244	122	289	105	0	99	382	1023	346	309	
120	75	75	0	0	244	1022	496	487	400	
105	379	91	0	0	252	629	1022	304	137	
0	511	305	0	0	83	813	0	319	888	
259	107	15	122	90	304	466	1023	30	503	
510	15	272	508	61	293	0	248	1012	0	
15	0	343	167	0	87	0	1023	765	519	
304	409	91	0	15	0	1022	0	794	284	

511	503	244	60	0	511	325	937	121	0	
0	267	121	503	434	35	334	1023	221	274	
312	259	30	263	0	272	151	1022	691	212	
0	474	75	511	0	0	420	399	755	578	
244	180	323	297	319	252	0	574	0	1023	
54	0	510	0	90	274	630	1023	631	0	
289	0	511	267	128	164	0	970	548	335	
256	389	0	335	304	121	304	1023	480	0	
244	0	313	312	102	511	0	954	0	776	
391	511	244	23	0	278	663	831	0	271	
0	244	0	510	15	60	122	274	1019	968	
511	252	259	0	61	60	304	968	0	797	
75	121	511	15	0	8	1022	866	350	244	
15	194	0	342	497	0	259	1023	257	625	
60	267	244	334	260	0	1023	903	121	0	
74	511	334	143	244	344	892	0	60	610	
0	225	511	75	0	0	453	385	846	717	
186	0	444	244	23	503	471	1021	320	0	
8	150	319	68	0	12	548	1023	563	521	
0	151	399	105	20	0	394	1023	541	579	
0	452	83	60	90	0	427	663	1023	414	
335	511	72	0	461	0	549	980	0	304	
496	321	464	511	289	319	143	669	0	0	
379	305	15	357	0	182	270	1023	0	681	
183	45	16	60	260	488	244	1022	150	744	
0	0	147	244	488	496	167	1023	274	373	
60	252	105	374	244	23	68	1023	758	305	
297	244	349	34	441	12	0	1023	199	613	
244	377	212	75	0	204	0	1023	796	281	
105	344	90	511	0	0	762	507	0	893	
0	203	135	60	0	27	560	1023	579	625	 ***
0	305	0	38	312	158	0	1023	912	464	
128	196	68	60	0	0	571	1023	785	381	
309	511	126	389	0	364	805	0	0	708	
252	30	197	253	128	76	804	1023	256	193	

0	511	305	0	244	45	680	1018	0	0	
511	8	0	75	0	395	0	1009	45	760	
128	312	2	302	250	30	658	1023	98	0	
30	252	120	64	0	72	260	1023	541	441	
0	0	30	68	75	0	890	1021	248	471	
313	0	195	0	30	90	0	1023	244	908	
0	304	49	304	0	12	530	1022	582	0	
0	128	60	64	0	117	511	1023	526	374	 ***
0	60	267	399	0	511	1005	60	501	0	
424	4	304	30	0	49	873	1020	0	99	
486	30	0	365	304	510	60	1018	30	0	
30	511	488	0	461	0	61	1011	211	30	
365	30	46	244	274	0	0	1023	821	0	
30	0	75	244	15	30	91	1022	343	953	
0	0	30	8	304	0	120	1023	313	1005	
12	488	45	60	372	511	309	1006	0	0	
274	0	0	511	0	0	0	1004	0	1014	
0	207	105	60	0	27	399	1023	601	381	
83	143	180	90	4	68	252	1023	571	389	
304	0	468	60	0	510	61	1021	75	304	
511	121	8	366	23	4	792	873	105	0	

30	105	259	0	90	0	214	1023	0	823	
0	313	60	90	0	91	30	1020	0	940	
136	312	263	60	0	0	122	1022	560	69	
334	90	511	0	495	60	30	933	91	0	
0	98	511	0	0	0	747	914	274	0	
0	90	61	0	0	511	0	30	1012	840	
90	61	15	45	30	30	105	1018	906	244	
60	0	0	61	511	304	593	1015	0	0	
487	0	98	0	395	0	376	1023	0	165	
0	98	30	4	91	111	259	1023	526	402	
30	30	0	0	334	0	1023	1007	0	120	
45	15	289	90	90	0	993	1022	0	0	
120	493	122	0	0	289	58	1023	304	135	
0	83	60	95	0	111	267	1022	556	350	 ***
62	90	0	30	121	334	0	1023	15	869	
0	0	0	30	304	30	0	1023	886	271	
30	158	60	4	0	105	518	1023	518	128	
0	510	0	0	0	0	105	1018	737	174	
2	45	0	0	0	90	1023	1020	0	364	

214	38	4	0	160	372	15	1023	478	414	
357	45	181	379	83	0	248	1023	402	0	
453	0	106	30	199	150	1023	8	749	0	
152	8	0	150	60	30	886	1022	402	8	
391	83	464	99	0	289	255	1023	38	76	
121	121	120	4	400	0	840	1022	90	0	
0	511	85	394	350	287	1000	0	0	91	
79	87	68	95	0	239	288	1023	563	276	
304	370	226	83	178	143	391	1023	0	0	
150	511	15	34	0	106	790	1014	0	98	
0	384	19	511	0	165	609	120	0	910	
113	65	53	0	60	69	926	1023	90	319	
60	160	197	177	248	0	364	1023	177	312	
190	8	120	60	15	49	308	1023	945	0	
91	117	403	49	94	90	852	1022	0	0	
0	102	60	110	68	113	274	1023	722	246	
0	0	91	139	163	263	122	568	1023	349	
0	260	91	289	75	137	124	1023	591	128	
379	151	30	8	135	136	4	853	1022	0	
4	406	120	79	472	282	1022	0	333	0	
15	77	60	64	91	98	259	1023	76	955	
4	34	128	64	136	105	0	244	1023	980	
114	274	15	34	0	197	959	1023	34	68	
209	372	0	0	244	120	118	1023	260	372	
60	511	0	60	114	320	0	577	64	1012	
47	42	0	46	61	380	0	1023	120	999	
75	124	278	166	16	120	882	0	1023	34	
0	143	45	95	0	109	263	1023	722	318	
4	128	60	95	16	83	274	1023	556	479	
204	0	120	335	20	90	349	1023	152	425	
0	99	120	202	0	124	286	1023	610	254	 ***
65	0	244	30	165	8	860	75	1023	248	
30	0	140	96	511	464	454	0	0	1023	
0	35	301	71	72	138	529	1023	0	549	

79	308	0	61	57	319	267	1023	292	835	
0	511	491	16	460	369	91	0	1021	282	
305	368	350	233	511	221	956	0	297	0	
366	91	347	368	308	511	264	0	0	986	
49	162	496	304	463	487	258	1022	0	0	
60	402	457	211	90	366	549	1022	84	0	
137	0	235	350	274	244	136	0	842	1023	
0	343	0	196	4	94	530	1023	794	257	 ***
364	511	19	268	126	79	309	967	278	320	
0	425	304	258	0	76	288	1023	622	245	
0	335	60	136	0	110	657	280	640	1023	
16	83	182	304	233	182	64	244	1023	910	
267	53	365	0	511	294	0	186	941	624	
0	0	308	53	335	0	300	1023	364	858	
0	76	212	211	0	94	511	241	873	1023	
304	91	338	320	469	30	423	1023	0	243	
511	479	342	449	0	30	180	0	460	790	
345	89	274	244	334	289	0	0	643	1023	
334	69	511	488	370	0	92	1022	355	0	
138	4	411	0	105	150	629	1023	65	716	
381	312	130	511	0	274	336	166	137	994	
0	426	69	0	0	511	783	760	602	90	
259	60	509	184	0	60	69	1022	937	141	
252	125	306	511	274	511	0	332	15	915	
292	511	76	454	91	339	0	1022	0	456	
297	121	410	87	64	212	648	1023	379	0	
0	105	511	511	430	0	586	121	977	0	
61	122	259	511	227	94	668	289	1010	0	
245	122	0	91	349	64	99	1023	334	914	
0	449	61	380	0	94	271	1023	642	321	
304	129	94	246	319	61	87	1023	244	734	
511	349	0	212	346	498	0	0	1021	304	
123	94	271	15	312	435	314	1023	139	515	
349	252	94	0	90	278	190	1023	608	357	
349	487	45	251	308	65	614	1023	0	99	
0	91	202	136	0	338	1023	592	610	249	

