#9016.72	27387	29325	0	0	 88 ***
#9153.85	24417	29325	0	0	 82 
#9009.45	30081	29325	0	0	 82 
#9397.54	24326	29325	0	0	 68 
#10229.2	22755	29325	0	0	 67 
#9143.92	27303	29325	0	0	 65 
#9147.18	26442	29325	0	0	 46 
#8335.04	31536	29325	0	0	 40 
#9409.74	23711	29325	0	0	 13 
#10219.6	23192	29325	0	0	 10 
#10217.4	23378	29325	0	0	 6 

10101.1	16010	25246	51	2653	 87 
10089.4	18273	25246	50	2424	 85 
8888.48	20690	25246	16	421	 84 ***
10096.3	16657	25246	63	2301	 80 
9489.83	21301	25246	15	642	 80 
10092.9	18367	25246	47	1829	 77 
8296.31	20813	25246	60	2289	 73 
9021	18958	25246	58	2067	 72 
8090.14	23231	25246	80	2868	 62 
8474.25	17119	25246	68	2699	 59 
10097.7	16424	25246	79	2811	 57 
8886.14	23642	25246	22	514	 57 
9492.06	20642	25246	11	373	 49 
10094	18674	25246	16	576	 47 
8878.61	20994	25246	38	776	 38 
9022.2	18924	25246	51	2371	 37 
8894.56	17210	25246	60	2731	 33 
8900.95	19007	25246	59	2340	 32 
9508.17	18033	25246	54	2536	 25 
10114.1	17314	25246	50	2603	 25 
8881.62	23498	25246	28	1060	 24 
9287.78	20101	25246	49	2257	 20 
10092.2	18028	25246	53	2480	 16 
8879.9	20229	25246	38	865	 13 
10094.3	18147	25246	49	2407	 11 
8238.75	22491	25246	78	2831	 10 
9298.28	18663	25246	48	2566	 3 
7941.39	25590	25246	80	3055	 1 

8928.79	19848	26494	30	674	 99 
10147.4	15186	26494	79	2623	 96 
10155.4	17885	26494	50	2206	 90 
8938.47	20645	26494	27	624	 84 
10146.4	18139	26494	49	1817	 83 
9538.78	20164	26494	16	370	 81 
8937.23	22592	26494	22	543	 79 
8946.34	20172	26494	13	110	 78 ***
8944.49	20205	26494	28	630	 75 
9067.05	18873	26494	47	2054	 73 
10142.9	17816	26494	54	2044	 64 
8950.28	16584	26494	79	2916	 64 
9327.18	18196	26494	69	2274	 64 
9050.2	18592	26494	62	2359	 63 
8952.38	18792	26494	62	2393	 60 
8465.71	19081	26494	66	2586	 59 
8943.4	20453	26494	13	110	 59 
10146	16603	26494	52	2023	 57 
9539.61	18877	26494	34	811	 55 
8005.5	18577	26494	70	2527	 54 
9056.62	17142	26494	73	2541	 50 
9311.79	18315	26494	67	2247	 45 
8940.37	20460	26494	13	110	 45 
8462.24	16841	26494	76	2797	 44 
8926.86	21201	26494	32	778	 43 
9336.54	17903	26494	53	2204	 39 
9341.82	18381	26494	49	2149	 37 
8933.45	23468	26494	26	716	 36 
10157.9	17446	26494	47	2231	 34 
9541.63	19917	26494	9	56	 31 
10143.7	17895	26494	51	2065	 29 
9540.2	18201	26494	13	514	 29 
8456.33	24580	26494	64	2387	 27 
9531.75	19762	26494	30	674	 27 
10139.7	16357	26494	72	2782	 18 
8937.09	23126	26494	18	262	 7 
10146.8	16178	26494	81	2808	 6 
8934.8	21559	26494	27	662	 5 
10136.5	16888	26494	56	2463	 4 
9532.01	19742	26494	31	689	 3 

10259.3	14749	29672	68	2376	 100 
8259.38	16913	29672	17	462	 78 
10266.3	14729	29672	50	2234	 76 
10277.7	15177	29672	43	1837	 74 
9091.17	14689	29672	73	2552	 73 
10263.1	14384	29672	66	2568	 72 
10266.4	16404	29672	44	1927	 71 
8300.02	15906	29672	72	2096	 70 
9681.38	14777	29672	45	2122	 64 
10281.2	14160	29672	48	1738	 61 
9199.02	15429	29672	72	2590	 60 
10261.7	14426	29672	67	2650	 60 
9478.93	14862	29672	47	1788	 49 
10275.4	16684	29672	7	118	 48 
9208.18	14815	29672	50	2239	 43 
9071.68	17846	29672	5	37	 41 
9666.88	17180	29672	7	157	 39 
8873.26	16709	29672	12	247	 38 ***
10270.9	15741	29672	40	1105	 32 
9457.8	13899	29672	71	2853	 30 
9066.84	17312	29672	9	377	 29 
10287.6	13820	29672	70	2624	 28 
9067.46	17410	29672	8	127	 24 
9676.46	17246	29672	5	152	 16 
9662.19	14711	29672	69	2578	 13 
8600.18	15470	29672	45	1977	 11 
8020.18	17400	29672	73	2567	 10 
8587.24	16742	29672	71	2750	 9 

8710.52	12794	29293	29	773	 97 
7912.74	11465	29293	44	2128	 96 
8269.02	10889	29293	54	2431	 94 
7914.92	13781	29293	17	517	 88 
8722.38	12722	29293	4	73	 86 ***
10147.2	10552	29293	45	2080	 85 
9052.29	11911	29293	36	1318	 84 
8718.94	10769	29293	37	879	 77 
10136	12343	29293	6	103	 75 
8696.97	10484	29293	64	2271	 71 
9042.67	10060	29293	64	2533	 66 
8724.63	12068	29293	33	829	 64 
8720.59	13476	29293	3	68	 54 
10120.5	10231	29293	62	2129	 47 
9041.24	10427	29293	63	2195	 46 
7859.35	14872	29293	46	1879	 45 
7910.86	12248	29293	38	1171	 45 
10120	11418	29293	34	1527	 45 
9063.87	10587	29293	45	1900	 43 
10134.6	11033	29293	36	1734	 33 
9323.55	12165	29293	10	156	 27 
9306.98	10678	29293	37	1934	 25 
9524	11577	29293	34	1501	 20 
7339.13	12993	29293	56	2176	 14 
9338.57	11367	29293	36	1852	 11 
8240.65	11112	29293	37	1549	 1 

9223.73	12730	27923	10	477	 95 
8145.27	11341	27923	60	2261	 91 
9220.58	13293	27923	5	32	 91 
10025.1	10408	27923	37	1818	 89 
8618.04	13482	27923	3	127	 88 
9218.58	11639	27923	13	109	 87 
9216.7	11345	27923	31	630	 85 
7794.73	14762	27923	32	1121	 84 
8410.16	13354	27923	8	476	 82 
8847.26	11814	27923	35	1434	 76 
8626.22	13322	27923	4	382	 74 
8225.27	12844	27923	37	1844	 71 
10015.5	9879	27923	61	2363	 68 
8950.43	11521	27923	33	1541	 61 
8397.19	12778	27923	30	702	 60 
8405.36	12649	27923	32	835	 53 
8335.38	11930	27923	57	2238	 42 
8620.97	11844	27923	11	93	 33 ***
8138.47	13328	27923	41	1837	 30 
6689.7	12115	27923	57	1865	 30 
8357.78	10700	27923	49	2133	 28 
8333.11	10258	27923	62	2404	 27 
9216.44	10754	27923	32	1449	 25 
10027.3	11244	27923	31	1296	 21 
9427.08	11678	27923	11	93	 20 
8931.42	10598	27923	34	1709	 17 
9218.47	12860	27923	7	62	 13 
8618.76	10452	27923	54	1888	 12 
8409.57	13296	27923	21	527	 1 

8233.66	10955	23299	30	1484	 100 
9051.83	11329	23299	4	42	 87 
8442.5	9687	23299	29	735	 86 
7375.39	12279	23299	32	1444	 83 
8439.67	10327	23299	26	902	 78 
8441.32	10066	23299	32	753	 77 
8235.53	9849	23299	34	1772	 69 
7874.54	11635	23299	44	1619	 68 
9251.62	8819	23299	63	2099	 68 
7592.61	10647	23299	67	2140	 68 
9263.08	10407	23299	18	805	 68 
9053.9	9652	23299	20	558	 63 
9269.95	8743	23299	33	1800	 57 
8449.7	11167	23299	6	404	 56 
7969.28	9089	23299	65	2294	 51 
7838.1	11240	23299	56	2054	 50 
8450.88	9446	23299	27	918	 44 
7965.79	11822	23299	34	1518	 39 
8064.3	11764	23299	32	1526	 39 
8451.99	10571	23299	14	683	 39 
7354.9	11078	23299	64	2279	 28 
8449.96	10172	23299	26	796	 24 
7962.23	9423	23299	58	1929	 18 
8453.57	9960	23299	20	558	 17 
8450.62	10953	23299	6	479	 13 
8452.62	10608	23299	10	391	 12 
8451.04	10730	23299	6	419	 11 
7104.44	13431	23299	61	2195	 9 
8452.95	10480	23299	6	58	 4 ***
8453.79	11082	23299	5	37	 3 
8446.51	11885	23299	25	880	 2 

9240.91	10496	22329	23	687	 93 
7960.89	11671	22329	56	2246	 89 
8425.66	12074	22329	42	2067	 89 
7357.97	13482	22329	57	1992	 88 
7713.56	12466	22329	53	2210	 86 
9841.5	10993	22329	9	418	 85 
7573.73	13241	22329	50	1847	 81 
8763.04	11211	22329	45	1725	 76 
8211.76	10490	22329	56	2114	 69 
8421.67	10297	22329	60	2310	 67 
8048.5	11679	22329	54	1824	 63 
9021.48	10710	22329	26	936	 63 
7684.49	13802	22329	43	1933	 62 
8430.18	11375	22329	24	872	 58 
8446.55	11997	22329	18	822	 56 
9025.48	10739	22329	24	880	 55 
7958.99	12061	22329	56	1822	 50 
9840.94	10636	22329	11	264	 45 
9252.43	10058	22329	44	2111	 39 
7697.83	12970	22329	57	2052	 28 
8215.08	13108	22329	32	1680	 18 
8051.01	11896	22329	47	2147	 18 
7706.18	10944	22329	59	2189	 16 
9027.06	10675	22329	12	523	 11 ***
7970.43	12855	22329	42	1928	 6 
9832.91	10228	22329	24	824	 6 
7840.32	13548	22329	39	1529	 4 
8428.77	11470	22329	39	1586	 3 
9022.3	10690	22329	50	2022	 3 
9021.36	11180	22329	30	966	 3 

9313.59	14151	26894	22	824	 96 
9299.37	13567	26894	27	913	 87 
8132.53	14769	26894	66	2304	 86 
9322.49	16302	26894	15	464	 85 
9047.88	14626	26894	40	1789	 70 
10128.8	12460	26894	66	2086	 67 
7978.18	15717	26894	65	2030	 65 
10117.7	13127	26894	3	38	 59 
9322.63	12710	26894	4	282	 50 ***
8698.34	14738	26894	33	1475	 32 
8326.27	13950	26894	63	2109	 32 
9305.97	15502	26894	17	533	 29 
9313.45	15320	26894	26	502	 17 
8120.41	14978	26894	42	1694	 14 
9034.28	15144	26894	32	1486	 14 
8930.78	13779	26894	53	2149	 11 
9307.02	13399	26894	30	939	 7 
9045.32	14712	26894	49	1586	 4 
10124.8	12693	26894	6	561	 3 

9920.88	10953	24404	3	23	 97 
9118.23	11327	24404	9	291	 89 ***
9108.09	11494	24404	22	895	 87 
8842.92	10968	24404	65	2411	 80 
9101.3	11000	24404	28	997	 72 
9107.73	11928	24404	27	1129	 70 
7943.3	14466	24404	64	2508	 66 
9110.08	11000	24404	22	1224	 64 
8020.29	12263	24404	65	2316	 39 
9110.62	12756	24404	14	511	 37 
8292.21	12237	24404	30	1232	 34 
9111.48	11374	24404	11	513	 33 
8699.52	11412	24404	66	2399	 30 
8831.94	11778	24404	63	2554	 27 
8733.19	12065	24404	59	2390	 18 

9072.88	10770	24831	38	1617	 69 
7999.21	13112	24831	54	1928	 69 
8260	12322	24831	22	711	 67 
7998.41	14263	24831	52	1972	 59 
7723	13346	24831	63	1861	 50 
9066.82	11427	24831	26	567	 47 
9882.56	12215	24831	7	451	 46 
9869.64	11271	24831	21	884	 34 
9069.77	11925	24831	8	741	 32 
9882.57	12290	24831	6	436	 28 ***
9067.42	12384	24831	9	863	 12 
8799.27	12245	24831	60	2112	 6 
8252.14	12831	24831	27	918	 5 
7609.38	14001	24831	57	1939	 1 

8654.01	13353	23425	38	1259	 94 
9849.69	12126	23425	68	2299	 93 
9849.17	13864	23425	27	1141	 93 
9842.46	14087	23425	35	1287	 85 
9848.2	14695	23425	25	1145	 83 
9845.95	13873	23425	29	1043	 81 
9844.07	13510	23425	36	1425	 75 
9850.22	13031	23425	18	1257	 71 
9853.17	12373	23425	40	1708	 70 
7688.03	13675	23425	65	2302	 68 
9845.85	14493	23425	27	1020	 67 
9039.97	13012	23425	37	1509	 66 
7690.41	14921	23425	64	2041	 63 
9842.3	14529	23425	36	1616	 61 
9848.76	12353	23425	64	2028	 61 
9859.25	12537	23425	12	629	 61 ***
8212.43	12713	23425	61	2039	 59 
9848.64	13725	23425	35	1200	 58 
8449.93	14074	23425	56	2010	 58 
9039.33	12956	23425	55	2039	 57 
9852.18	14768	23425	16	782	 54 
8773.51	13120	23425	60	1750	 50 
9245.2	12709	23425	37	1429	 46 
9853.69	12943	23425	7	781	 46 
7978.59	13144	23425	64	1736	 44 
9852.34	13229	23425	7	767	 36 
8178.83	14798	23425	62	2074	 32 
9848.3	12540	23425	59	1759	 30 
9039.24	12436	23425	64	2154	 18 
8647.77	13379	23425	37	1701	 16 
9845.54	13905	23425	35	1288	 11 
7962.18	12999	23425	67	2297	 10 
9846.84	14974	23425	26	1080	 9 
9854.69	12072	23425	23	1096	 2 
9859.61	13165	23425	6	766	 0 

9846.32	15951	23944	21	925	 98 
8655.12	16133	23944	70	2104	 97 
9046.79	16480	23944	51	1885	 96 
9856.34	14662	23944	9	476	 96 
9834.21	16120	23944	53	1983	 87 
9851.59	14646	23944	15	613	 84 
9843.74	15407	23944	47	1811	 79 
9845.51	15730	23944	44	1892	 77 
9855.78	15464	23944	14	260	 76 
9024.76	14775	23944	65	1956	 71 
9253.64	15963	23944	61	1878	 71 
9063.13	16124	23944	19	635	 69 
8670.19	17289	23944	60	1886	 68 
8767.23	17075	23944	47	1838	 65 
9041.29	16229	23944	58	1806	 59 
8661.65	17875	23944	57	1882	 56 
8249.17	16843	23944	69	2015	 54 
9842.09	15769	23944	26	1200	 50 
8771.24	15322	23944	72	2086	 49 
8661.63	15877	23944	65	1999	 49 
8767.92	16271	23944	53	1648	 48 
8652.83	17506	23944	67	2091	 39 
9864.78	14781	23944	4	376	 39 ***
8667.24	17721	23944	56	1754	 34 
8652.58	17547	23944	67	1829	 27 
8759.6	16857	23944	60	1781	 26 
8677.79	17221	23944	56	1672	 23 
8655.16	17019	23944	63	1910	 15 
9042.46	15995	23944	55	1667	 14 
9848.33	15391	23944	60	1635	 14 
9047.35	16782	23944	49	1987	 12 
9848.74	15191	23944	50	1956	 10 
8653.69	17000	23944	64	2104	 5 
8681.16	17195	23944	54	1576	 3 
9853.23	15719	23944	11	546	 1 

10027.1	16131	25835	25	1008	 85 
8341.24	14972	25835	69	1523	 81 
10031	16592	25835	20	650	 79 
8622.79	12076	25835	42	1205	 78 
10025.3	16985	25835	25	1287	 63 
10026	16627	25835	26	951	 54 
8365.37	18234	25835	68	1630	 52 
9418.75	13073	25835	36	1389	 51 
10022.2	15967	25835	31	1109	 44 
8937.43	14139	25835	36	1450	 39 
9403.61	11259	25835	67	1758	 23 
10024.3	15235	25835	28	994	 15 
10021.5	16537	25835	31	1238	 9 
8611.63	12477	25835	55	1245	 7 
8616.46	11587	25835	65	1799	 7 
10031	13954	25835	10	478	 7 ***

9361.35	14428	27228	69	1964	 98 
10154.5	16196	27228	19	1152	 98 
10158.5	17214	27228	18	401	 93 
10154	17040	27228	23	676	 81 
9073.83	14993	27228	67	1884	 80 
10161.8	14724	27228	43	1889	 72 
9338.01	15472	27228	66	2060	 69 
9071.53	16474	27228	39	1720	 52 
8738	17684	27228	62	1778	 45 
10151.8	16450	27228	29	1029	 43 
9366.99	15006	27228	60	1839	 42 
9344.09	15090	27228	52	1584	 41 
8968.23	17351	27228	58	1662	 41 
10151.9	16638	27228	25	684	 39 
8264.13	16567	27228	67	2127	 37 
10149	18311	27228	26	911	 37 
10146	14581	27228	44	1906	 36 
10150.3	16647	27228	26	692	 33 
10147.2	17635	27228	28	1243	 26 
10159.6	17120	27228	6	397	 3 ***
8959.72	16075	27228	63	1862	 2 
9341.73	12724	27228	71	2238	 2 

10165.4	17728	26361	4	293	 99 
9565.39	18068	26361	52	2492	 98 
10161.4	18509	26361	16	719	 94 
10165	17950	26361	4	297	 92 
9106.22	19852	26361	57	2270	 89 
9107.68	14932	26361	56	2210	 81 
10164.5	18284	26361	15	721	 77 
10162.6	15705	26361	54	2546	 75 
10161.3	18985	26361	19	936	 71 
9387.24	13864	26361	73	2633	 63 
10158.3	16658	26361	54	2390	 61 
10173.1	17140	26361	51	2300	 59 
10181.6	13782	26361	68	2291	 52 
10173.2	17510	26361	6	331	 52 ***
9097.05	17159	26361	60	2242	 50 
10164.7	17462	26361	51	2345	 44 
9565.19	17978	26361	53	2257	 44 
10175.6	15869	26361	48	2281	 44 
10160.6	18728	26361	22	807	 40 
10167.9	16904	26361	53	2445	 38 
8993.99	19493	26361	62	2301	 36 
9082.88	17531	26361	58	2331	 26 
10178.4	15581	26361	50	2384	 21 
10167.3	17215	26361	51	2388	 20 
8973.96	18682	26361	66	2368	 20 
8983.93	18457	26361	73	2781	 9 
8984.78	16657	26361	74	2674	 8 
8991.92	15001	26361	68	2515	 8 
10171.1	17527	26361	49	2154	 6 
9102.66	14502	26361	67	2366	 0 

8099.86	13656	28254	42	2110	 98 
10104.7	15401	28254	25	779	 98 
8312.53	12766	28254	40	2047	 93 
10092.3	16234	28254	30	949	 88 
7874.25	13188	28254	62	1841	 83 
6770.03	12240	28254	69	2364	 79 
10093.9	13637	28254	36	1885	 76 
9285.44	10935	28254	67	2304	 76 
7862.05	13642	28254	57	1867	 76 
9283.6	12350	28254	40	1971	 72 
7286.54	13314	28254	59	2261	 71 
8190.61	12890	28254	66	2216	 70 
8915.26	11847	28254	42	2103	 66 
10096.7	11791	28254	62	1931	 65 
10091.3	16333	28254	25	768	 65 
10094.3	15310	28254	26	839	 52 
10089.3	16842	28254	22	796	 36 
10098.6	15593	28254	11	424	 33 ***
8890.31	12559	28254	51	1692	 30 
10094.6	15754	28254	25	768	 29 
10099.7	16742	28254	8	441	 22 
10093.2	16192	28254	17	778	 13 
9295.19	12539	28254	38	1844	 10 
8233.81	13382	28254	47	1616	 10 
10093.4	15779	28254	25	790	 5 

10081.1	15160	27773	24	601	 95 
7913.35	14017	27773	74	2504	 92 
8185.65	12890	27773	75	2569	 92 
10082	15153	27773	16	528	 91 
10079.6	15319	27773	4	316	 81 
9271.36	12516	27773	45	2175	 75 
7832.28	14981	27773	59	2317	 65 
9273.63	15298	27773	10	651	 62 
8996.56	13087	27773	44	2134	 60 
8665.61	13839	27773	43	2114	 60 
10071.6	13036	27773	40	1694	 60 
7377.4	13395	27773	76	2508	 60 
8092.4	13160	27773	67	2007	 51 
8195.05	13325	27773	44	1963	 51 
8175.83	13119	27773	77	2581	 43 
8192.58	13173	27773	54	2326	 41 
9464.46	11941	27773	42	2024	 41 
8099.32	15526	27773	58	1943	 41 
9008.39	12955	27773	46	2202	 37 
8460.59	12931	27773	67	1819	 29 
10080.8	15248	27773	3	72	 27 
8407.86	13066	27773	47	2262	 25 
8475.58	11429	27773	48	1885	 25 
8408.33	12590	27773	75	2506	 19 
10084.6	14827	27773	4	286	 18 ***
10087.9	15662	27773	2	64	 16 
8092.28	14150	27773	67	2461	 15 
8465.72	12311	27773	75	2455	 15 
8882.83	13184	27773	42	1984	 12 
9477.29	12932	27773	41	1893	 12 

9204.88	11843	24667	13	793	 95 
8627	8973	24667	65	1833	 94 
8338.92	11661	24667	40	1604	 94 
9226.64	9923	24667	39	1396	 88 
8621.69	9083	24667	53	1567	 88 
9419.78	9239	24667	43	1299	 85 
8615.14	9728	24667	57	1683	 84 
7889.52	11715	24667	47	1643	 71 
7742.28	11515	24667	49	1682	 67 
8845.45	10133	24667	38	1467	 63 
10028.9	11160	24667	7	389	 63 
8022.45	10472	24667	42	1809	 60 
6462.49	9915	24667	53	2014	 58 
8621.95	10301	24667	36	1740	 56 
9214.86	10769	24667	8	116	 47 ***
8957.08	9648	24667	43	1455	 46 
9204.77	11925	24667	17	835	 45 
6966.34	9630	24667	58	1940	 44 
7791.79	10032	24667	52	1755	 42 
8602.32	9980	24667	49	1802	 42 
9204.52	11979	24667	9	611	 35 
7539.27	11381	24667	52	1841	 30 
9424.43	9052	24667	42	1719	 25 
10034	10012	24667	35	1715	 25 
10021	10246	24667	36	1658	 20 
9213.33	11590	24667	19	858	 12 
9202.5	12105	24667	17	595	 10 
8840.99	10283	24667	40	1731	 6 
8345.38	9995	24667	42	1914	 0 
8368.52	10616	24667	39	1730	 0 

7129.81	7560	20742	36	1660	 98 
7398.72	8531	20742	21	287	 97 ***
6413.99	6987	20742	39	1815	 90 
6191.04	6117	20742	40	1590	 89 
7230.62	6923	20742	38	1551	 88 
6143	7718	20742	37	1750	 85 
8421.55	6478	20742	36	1671	 82 
9019.43	8470	20742	21	287	 78 
7220.12	7430	20742	38	1571	 77 
9017.01	9028	20742	19	332	 77 
8209.51	9075	20742	20	297	 74 
5542.42	6498	20742	55	1588	 66 
5925.47	6074	20742	51	1572	 64 
6186.72	6192	20742	42	1607	 62 
5674.88	6616	20742	51	1767	 59 
5480.01	6736	20742	51	1651	 57 
9019.97	6393	20742	36	1732	 54 
5466.67	5845	20742	61	2038	 48 
8211.04	9516	20742	17	302	 40 
6118.88	5676	20742	58	2049	 38 
6881.6	6804	20742	39	1765	 35 
8206.97	9544	20742	15	227	 34 
7334.86	6504	20742	35	1507	 20 
4876.55	6820	20742	41	1860	 20 
8209.11	8041	20742	23	249	 15 
9022.23	9391	20742	17	302	 12 
8210.84	9177	20742	19	257	 1 

6998.42	10879	22469	38	1440	 92 
9251.28	10324	22469	27	731	 89 
6995.29	8865	22469	51	1699	 87 
8168.42	8055	22469	39	1220	 87 
8984.81	10795	22469	27	1335	 83 
7119.46	8858	22469	54	1700	 74 
8062.67	10394	22469	34	1125	 66 
8055.57	11226	22469	29	1101	 59 
6650.95	8533	22469	55	1715	 57 
8643.88	9023	22469	36	1046	 55 
10058.7	10848	22469	26	609	 52 
10060.6	10580	22469	26	1002	 50 
7833.36	9045	22469	35	1234	 49 
9249.33	11150	22469	16	341	 47 
6375.95	11277	22469	49	1771	 32 
6719.64	10554	22469	54	1678	 27 
7183.96	10109	22469	43	1621	 26 
7359.9	9713	22469	44	1410	 25 
8438.39	10893	22469	17	448	 25 ***
9248.76	9156	22469	32	1382	 19 
8438.82	10058	22469	30	663	 19 
8449.59	9394	22469	29	744	 15 
6771.69	10199	22469	40	1438	 14 
10053	9066	22469	33	1160	 13 
7794.45	7893	22469	53	1456	 13 
7559.5	10436	22469	38	1054	 11 
7368.42	8673	22469	39	1578	 1 

8158.47	11276	22941	34	2047	 92 
9550.29	10127	22941	27	1915	 90 
9342.6	10167	22941	25	1549	 88 
7941.98	11425	22941	36	807	 87 
7994.25	10086	22941	50	2200	 86 
7552.92	11651	22941	36	1600	 86 
8480.46	9663	22941	31	2025	 85 
8355.37	10551	22941	28	1723	 73 
7400.7	10540	22941	39	1921	 68 
8277.66	10443	22941	36	1694	 66 
8929.65	8529	22941	57	2057	 65 
8271.41	10093	22941	46	2055	 64 
9353.54	8682	22941	51	2127	 62 
8732.53	10854	22941	24	1648	 60 
8145.76	9872	22941	49	2312	 57 
9093.58	9526	22941	53	1837	 57 
7945.79	11012	22941	38	784	 55 
8362.52	10151	22941	30	2006	 52 
9344.32	10822	22941	7	163	 52 
8747.99	11390	22941	8	108	 48 
8747.35	10357	22941	26	605	 47 
7468.59	10423	22941	51	2126	 43 
7895.15	10421	22941	46	2310	 40 
8265.85	10665	22941	32	2046	 38 
10136	10092	22941	27	1701	 34 
8942.31	10213	22941	24	1774	 34 
10155.1	9529	22941	44	2238	 32 
9078.87	9987	22941	28	1945	 32 
8272.58	11134	22941	23	1543	 23 
7445.31	8656	22941	55	1809	 21 
8748.2	10665	22941	8	189	 16 ***
7861.02	11542	22941	30	1674	 11 
8541.15	10999	22941	12	338	 11 
7183.36	9803	22941	59	2438	 3 
10150.4	9829	22941	27	1708	 0 

6414.87	8973	21496	39	1870	 100 
7597.25	9212	21496	36	1559	 83 
8896.31	10000	21496	27	1721	 65 
9288.64	10838	21496	6	224	 57 
8059.81	9437	21496	29	1416	 56 
7593.11	9889	21496	30	1468	 53 
7477.03	10018	21496	27	1550	 51 
8677.78	10040	21496	11	543	 44 ***
7478.54	8603	21496	62	2479	 42 
8213.93	9656	21496	28	1554	 33 
8297.71	8833	21496	36	1893	 29 
8486.46	8767	21496	35	1850	 28 
7000.07	10393	21496	32	1604	 25 
9470.04	9293	21496	29	1368	 23 
8052.9	9521	21496	34	1676	 16 
7813.33	7925	21496	49	1911	 15 
5084.63	6286	21496	63	2475	 14 
8683.12	11038	21496	8	295	 14 
10100	10826	21496	10	266	 7 
8687.12	8954	21496	30	1839	 2 
8903.28	8647	21496	42	2079	 2 

7300.12	10210	21882	24	1557	 86 
7507.42	8072	21882	26	1615	 82 
8394.03	11187	21882	21	1343	 74 
8020.03	6966	21882	37	1849	 74 
5794.44	9198	21882	45	1460	 69 
6689.88	8674	21882	60	2218	 64 
9999.6	9570	21882	22	1002	 61 
6519.93	8909	21882	41	1463	 59 
6709.58	10261	21882	23	1634	 55 
9397.29	10452	21882	5	402	 47 
6692.49	6791	21882	41	1332	 45 
6913.49	8975	21882	26	1340	 45 
8402.49	10427	21882	22	1322	 35 
8590.65	10711	21882	4	342	 31 ***
8317.86	8455	21882	23	1564	 24 
7108.42	8153	21882	26	1406	 12 
9197.7	10626	21882	8	146	 11 
6372.9	10304	21882	29	1452	 6 
6692.27	8615	21882	58	2119	 4 

9337.76	12177	24549	27	1229	 99 
8160.75	12782	24549	29	1413	 97 
8363.01	11301	24549	60	2093	 96 
9546.24	11030	24549	28	1266	 94 
9366.12	13221	24549	23	1597	 88 
8154.58	12481	24549	32	1756	 86 
7417.43	11971	24549	62	2367	 86 
9342.48	14179	24549	13	480	 84 
7893.08	13242	24549	30	1785	 83 
8276.17	11420	24549	39	1654	 78 
7650.54	12350	24549	56	1690	 74 
9340.04	11006	24549	37	1880	 70 
9348.69	12575	24549	25	1319	 68 
8959.23	11300	24549	28	1057	 59 
7886.22	12164	24549	35	1850	 59 
9547.99	13819	24549	14	462	 58 
8940.2	11368	24549	56	2103	 55 
9548.18	10112	24549	32	1842	 52 
8965.38	11184	24549	56	2229	 44 
7889.14	11931	24549	62	2337	 43 
10138.7	11296	24549	27	1289	 40 
9058.48	10863	24549	60	1856	 35 
9339.76	11684	24549	27	1605	 33 
8748.68	13132	24549	26	1626	 30 
8476.63	11318	24549	57	1942	 26 
8451.49	11645	24549	28	1717	 26 
9083.28	10846	24549	60	2283	 23 
8737.99	13449	24549	16	552	 18 
10148.4	12919	24549	6	108	 17 
9554.15	13214	24549	24	1398	 10 
8744.23	13322	24549	15	488	 6 ***
9545.21	10360	24549	61	2123	 5 
7381.18	12886	24549	56	1758	 4 
8463.02	13693	24549	25	1427	 0 

9653.77	9628	25922	36	1597	 99 
8606.56	9684	25922	66	2476	 98 
8008.49	11856	25922	63	1932	 96 
8114.11	10515	25922	56	2261	 96 
8001.59	12057	25922	40	1714	 96 
9085.23	10689	25922	41	1773	 92 
8572.93	9754	25922	53	1993	 90 
9058.64	10931	25922	7	164	 86 ***
10286.4	9379	25922	61	1806	 83 
8867.29	11410	25922	9	131	 82 
8842.74	11665	25922	32	776	 78 
10255.7	9515	25922	65	2468	 76 
8377.93	10115	25922	65	2431	 75 
8243.29	11282	25922	41	1495	 75 
8844.55	11057	25922	32	765	 73 
9198.95	10841	25922	40	1724	 69 
8398.01	10884	25922	51	2150	 68 
8112.62	10447	25922	66	2465	 67 
8273.64	10915	25922	42	1543	 65 
9453.84	10450	25922	40	1714	 61 
9447.12	10082	25922	52	2128	 60 
8047.31	11541	25922	62	2126	 59 
9470.25	10660	25922	38	1078	 58 
9184.56	10320	25922	52	2144	 55 
8117.03	11766	25922	35	1822	 55 
9084.85	10918	25922	41	1743	 51 
7668.23	10890	25922	65	2195	 48 
9065.19	9696	25922	65	2195	 46 
9645.06	10339	25922	33	1646	 30 
8854.38	11425	25922	7	127	 24 
10265.1	10703	25922	31	1534	 20 
7523.48	11841	25922	66	2225	 19 
10259.3	9618	25922	38	1652	 19 
9463.07	10868	25922	39	1522	 15 
9204.69	10385	25922	42	1797	 14 
8852.79	11980	25922	29	486	 7 

