#9425.42	23746	29325	0	0	 63 ***
#9043.22	26236	29325	0	0	 57 
#9029.91	26470	29325	0	0	 49 
#9134.81	24110	29325	0	0	 45 
#8543.88	28499	29325	0	0	 44 
#9631.87	23351	29325	0	0	 40 
#10212.8	22440	29325	0	0	 32 

8903.86	20568	25246	56	2201	 95 
8197.37	19564	25246	79	2811	 95 
9022.24	18506	25246	85	3102	 90 
9274.37	18696	25246	79	2766	 85 
10107.9	15860	25246	87	3177	 73 
9276.3	19930	25246	38	1247	 70 
10101.9	16744	25246	48	2281	 69 
9019.66	18717	25246	51	2260	 55 
9279.14	18784	25246	15	267	 48 
10080.8	15989	25246	83	2920	 46 
9282.75	19516	25246	10	500	 45 
9014.46	19411	25246	57	2501	 43 
10090.7	17944	25246	12	598	 39 
9262.04	17932	25246	81	2841	 38 
9283.49	19124	25246	9	499	 38 
9268.79	20561	25246	37	1118	 35 
9026.94	20251	25246	48	2104	 26 
9283.85	17875	25246	13	495	 23 
9276.21	18603	25246	49	2692	 17 
8920.26	20337	25246	59	2321	 17 
8084.64	20774	25246	25	522	 14 
10087.6	16267	25246	82	3107	 13 
10084.4	17105	25246	24	872	 11 
7852.82	24156	25246	79	2847	 10 
9280.56	17181	25246	15	617	 8 ***

9325.82	16469	26494	3	49	 100 
9325.12	14266	26494	10	277	 98 ***
9320.88	19219	26494	39	888	 82 
9334.1	16453	26494	3	49	 78 
9335.05	17101	26494	2	19	 57 
9323.31	19478	26494	23	854	 55 
9073.11	19638	26494	41	1956	 51 
9056.33	16340	26494	82	2872	 51 
9063.68	18324	26494	56	2111	 16 
8738.16	20285	26494	46	1975	 15 
10142.6	16429	26494	4	64	 14 
8269.03	18541	26494	47	1837	 4 
8715.65	17854	26494	82	2407	 4 
8949.33	20806	26494	41	1840	 1 

8483.66	17690	29672	52	2453	 100 
8843.23	15984	29672	40	885	 81 
9453.75	16013	29672	11	676	 80 
8848.23	17998	29672	23	683	 79 
8686.03	16077	29672	74	2514	 69 
8848.47	15764	29672	13	1009	 66 
8407.3	15486	29672	79	2952	 55 
9452.28	13610	29672	12	585	 36 
9063.05	13815	29672	75	2570	 28 
8281.98	19389	29672	77	2841	 26 
8397.72	15886	29672	75	2659	 23 
8490.77	15191	29672	76	2800	 17 
8372.36	18457	29672	42	1563	 9 
9454.1	14221	29672	6	401	 6 ***
8847.96	13876	29672	37	860	 0 

8715.46	16260	29293	31	790	 94 
8434.98	10679	29293	32	1721	 80 
7199.99	11314	29293	58	2512	 80 
8227.95	10632	29293	37	1995	 73 
9309.16	13135	29293	4	258	 66 
10123.3	10479	29293	66	1971	 60 
9314.11	10478	29293	68	2561	 58 
9307.73	11831	29293	7	289	 58 ***
7907.07	10775	29293	34	1608	 55 
9050.66	10606	29293	29	1602	 52 
8274	10159	29293	69	2203	 50 
10126.5	10098	29293	71	2713	 28 
10151.7	10125	29293	69	2118	 28 
9325.97	10740	29293	25	1051	 23 
8931.81	11466	29293	29	1385	 9 
9313.88	12971	29293	4	258	 5 
9063.27	11767	29293	28	1766	 4 
8341.22	11463	29293	32	1899	 0 

8610.37	11303	27923	57	2083	 99 
8941.5	12145	27923	30	1586	 98 
10040.4	9773	27923	64	2287	 88 
9414.34	12546	27923	3	84	 82 ***
10024.4	10294	27923	52	2133	 81 
8940.55	12000	27923	50	1967	 81 
7784.53	14134	27923	54	2327	 79 
9205.72	13811	27923	16	523	 79 
9209.87	11684	27923	32	1920	 75 
8631.61	13184	27923	23	778	 75 
8402.48	12880	27923	29	1744	 73 
8620.08	14506	27923	22	522	 70 
8592.67	12513	27923	32	954	 68 
9220.5	12034	27923	25	1652	 66 
9219.21	11988	27923	29	1617	 63 
9203.08	13814	27923	8	252	 62 
10015.5	10634	27923	28	1774	 55 
8237.23	12764	27923	31	1779	 51 
8941.66	11204	27923	61	2196	 49 
9231.49	12702	27923	23	728	 46 
8820.55	12478	27923	29	1816	 43 
9233.03	11896	27923	28	1691	 37 
8841.2	12057	27923	35	1722	 36 
8972.17	11485	27923	45	1858	 35 
8003.18	13444	27923	25	885	 32 
9204	10528	27923	63	1921	 14 
9194.77	11666	27923	37	908	 12 
9406.63	10754	27923	62	2074	 5 
8002.11	12075	27923	36	893	 3 
9414.87	11217	27923	8	617	 1 
7751.18	10755	27923	63	2104	 0 

8647.3	10379	23299	3	370	 100 
9058.92	9621	23299	34	1727	 98 
8441.43	9702	23299	61	1892	 96 
7685.26	9366	23299	65	1892	 82 
8778.03	9625	23299	58	2420	 77 
8647.03	10665	23299	4	385	 71 
7271.04	9277	23299	66	2187	 64 
9858.08	8946	23299	66	2217	 58 
7987.6	9776	23299	63	2111	 58 
8647.5	10483	23299	2	248	 33 ***
7241.5	9992	23299	31	1506	 31 
8647.14	10479	23299	4	385	 27 
8790.47	9358	23299	65	2370	 24 
7168.73	10055	23299	31	1397	 24 
8778.72	9482	23299	57	1768	 12 
8647.14	10501	23299	4	385	 7 
8043.4	11536	23299	26	1023	 2 
8047.53	10512	23299	12	771	 1 

7678.39	12669	22329	31	1886	 96 
8619.42	12404	22329	20	714	 96 
9227.42	10649	22329	29	894	 88 
9826.92	10498	22329	60	1913	 84 
9833.5	10018	22329	59	2188	 70 
8152.32	11379	22329	59	2112	 58 
7145.15	11782	22329	57	1838	 49 
9024.96	10828	22329	56	1701	 45 
8428.32	10590	22329	59	2081	 43 
8627.44	11822	22329	3	396	 33 
8432.67	11763	22329	27	1643	 31 
7956.11	12254	22329	55	2072	 29 
8154.73	10878	22329	54	1977	 24 
8027.13	12317	22329	26	855	 4 
7856.77	12456	22329	49	1989	 1 
8626.11	11068	22329	5	201	 0 ***

8338.28	15535	26894	43	1867	 97 
10127	13236	26894	67	2304	 97 
8440.8	14486	26894	59	2109	 95 
8905.72	15284	26894	23	557	 85 
10128.9	12426	26894	65	2357	 54 
10133	13308	26894	62	1955	 48 
8908.37	13379	26894	3	38	 13 ***
10125.8	13357	26894	66	2228	 7 

8229.95	12679	24404	66	2262	 79 
7710.54	13095	24404	63	2424	 77 
8706.08	11143	24404	6	207	 60 ***
8708.17	11060	24404	8	239	 52 
8512.43	12282	24404	40	1757	 47 
8698.89	11268	24404	26	792	 22 
8506.85	11905	24404	65	2400	 21 
8248.31	12035	24404	41	2046	 10 
9307.12	11397	24404	4	188	 2 

8455.04	11406	24831	6	594	 69 
9263.35	10627	24831	5	557	 62 
9262.7	11634	24831	5	380	 36 ***
7852.77	11861	24831	6	594	 19 
7732.15	14509	24831	64	2181	 14 
8662.98	11003	24831	7	617	 7 

9837.16	12568	23425	7	640	 92 
9237.62	12465	23425	8	627	 85 
9254.04	11928	23425	19	894	 79 
8627.41	13036	23425	27	982	 70 
9239.46	12388	23425	26	971	 68 
9842.8	11949	23425	8	633	 65 
8635.1	13304	23425	24	703	 59 
9040.24	12413	23425	37	1221	 56 
9043.11	12319	23425	62	1948	 55 
8637.93	12648	23425	25	913	 55 
9228.74	13330	23425	22	885	 50 
8181.16	15031	23425	49	1870	 26 
7952.63	13530	23425	64	2163	 24 
9235.26	12559	23425	22	888	 23 
7854.72	15248	23425	44	1816	 22 
8164.19	14073	23425	50	1832	 21 
9839.02	12453	23425	8	629	 20 
7980.7	14648	23425	62	2059	 6 
8759.56	12229	23425	63	2063	 6 
9238.71	12627	23425	6	624	 6 
9235.79	13958	23425	19	604	 1 
9239.76	12199	23425	9	614	 0 ***

9839.46	15048	23944	3	127	 95 
9838.85	14590	23944	4	133	 90 
8237.59	16974	23944	46	1649	 83 
9031.2	14608	23944	5	27	 83 ***
8657.86	16246	23944	55	1859	 77 
8059.15	17426	23944	69	1812	 68 
9237.42	14304	23944	22	702	 67 
9869.49	13633	23944	46	1846	 65 
9026.98	14768	23944	5	134	 65 
9021.13	15353	23944	26	856	 55 
8440.46	16717	23944	64	2166	 50 
8762.09	15445	23944	63	1804	 46 
8229.21	16267	23944	70	2033	 36 
8663.06	16489	23944	47	1863	 26 
8771.04	16692	23944	40	1628	 24 
8754.19	16043	23944	71	2321	 21 
8768.25	14141	23944	50	1884	 14 
8654.41	16690	23944	53	1710	 13 
9237.32	14756	23944	4	132	 13 

10013.2	11270	25835	62	1358	 77 
9419.07	12909	25835	6	479	 72 
8599.1	13792	25835	5	471	 66 
10032	12484	25835	43	1330	 64 
9202.32	11255	25835	63	1433	 41 
9221.38	13391	25835	4	135	 32 ***
8838.92	12900	25835	64	1800	 16 
9204.84	13686	25835	21	1136	 10 

8974.3	18145	27228	46	1388	 99 
10168.5	14635	27228	7	417	 91 ***
9345.18	15676	27228	56	1846	 86 
10166.9	17541	27228	3	319	 86 
10139	13242	27228	58	1684	 75 
9076.91	15749	27228	60	1742	 74 
9352.82	16112	27228	25	946	 67 
8480.07	15754	27228	64	1677	 66 
9350.42	16349	27228	20	833	 66 
9080.76	18024	27228	47	1846	 64 
8973.83	16943	27228	55	1442	 64 
10161.2	15728	27228	24	1136	 62 
10158.9	15681	27228	29	1286	 57 
9373.03	15715	27228	55	1611	 55 
10159.8	16081	27228	9	522	 55 
10151.4	15266	27228	44	1701	 54 
10159.5	16202	27228	5	380	 46 
9350.08	16728	27228	12	1003	 42 
9346.79	15854	27228	28	739	 39 
8484.13	13949	27228	64	2110	 37 
8982.01	17279	27228	50	1676	 35 
8986.71	16899	27228	59	1659	 34 
9344.91	17249	27228	26	761	 25 
8963.92	16449	27228	60	1628	 24 
9082.97	16409	27228	55	1694	 20 
9347.88	18063	27228	24	1119	 15 
10159.9	15914	27228	24	778	 3 
9541.27	14614	27228	49	1903	 0 

10164.6	16664	26361	17	753	 80 
8757.14	14038	26361	72	2458	 78 
9562.81	14496	26361	45	2123	 76 
9564.84	13928	26361	44	2255	 76 
10171.5	13791	26361	75	2602	 56 
9070.23	14698	26361	67	2588	 41 
10159.7	15802	26361	19	804	 36 
9548.71	14104	26361	69	2283	 30 
7897.86	14752	26361	49	2327	 26 
10177.4	15376	26361	7	575	 24 
10169.8	15966	26361	6	356	 14 
10169.9	15462	26361	4	310	 11 ***
9089.77	13992	26361	75	2693	 6 

10115.2	15679	28254	16	846	 100 
10108.6	15943	28254	15	512	 95 ***
8911.64	12978	28254	39	1931	 91 
10095.8	12922	28254	39	1762	 89 
9284.25	13427	28254	38	1868	 89 
8200.46	12184	28254	60	2080	 86 
10101.3	16453	28254	30	1040	 83 
10102.2	15667	28254	23	783	 76 
8486.3	11529	28254	72	2219	 73 
9031.38	12075	28254	65	1790	 73 
9292.89	12068	28254	44	2066	 67 
10095.2	16618	28254	32	1050	 66 
7842.77	14365	28254	42	1707	 63 
9494.29	12265	28254	41	1982	 59 
9491.17	12304	28254	42	1883	 55 
10103.3	14993	28254	34	1108	 55 
7308.37	13906	28254	72	2470	 54 
10104.9	12266	28254	38	1841	 52 
10118.1	15209	28254	33	1093	 52 
10112.6	15935	28254	22	672	 50 
10098.1	15760	28254	32	1070	 49 
8902.47	12558	28254	48	1879	 48 
7410.78	13898	28254	62	1817	 44 
8679.75	13177	28254	39	1759	 44 
9047.09	11950	28254	57	2162	 44 
8459.47	11940	28254	69	2380	 44 
10104.1	12185	28254	41	1989	 43 
10103.8	16207	28254	16	756	 42 
10108.2	15210	28254	30	1066	 24 
7603.78	12252	28254	56	2110	 21 
7950.78	12683	28254	40	1676	 21 
10101.9	16291	28254	16	527	 21 
10105.4	11961	28254	43	2043	 16 
10097.9	16599	28254	32	1024	 12 
9475.04	11813	28254	61	2039	 11 
10095.4	16066	28254	34	1097	 10 
10107.1	15291	28254	31	1064	 7 
10107.1	15249	28254	33	1078	 6 
10092.7	14767	28254	35	1080	 3 

8877.7	12381	27773	66	1790	 90 
8179.7	13378	27773	70	2172	 90 
10086.7	15048	27773	21	873	 88 
10085	13794	27773	51	2131	 77 
8457.51	13375	27773	55	2212	 74 
9476.34	13152	27773	53	2221	 73 
8287.42	12826	27773	61	2005	 70 
8089.51	13907	27773	66	2052	 68 
8647.49	12227	27773	72	2414	 67 
8203.49	13141	27773	66	2330	 67 
8865.27	12493	27773	70	2151	 67 
8273.69	12957	27773	63	1918	 65 
8672.63	13116	27773	56	2243	 65 
10080.8	16034	27773	14	434	 62 
10086.8	15729	27773	15	427	 61 
10084.6	12947	27773	52	2113	 58 
10086.6	15174	27773	21	873	 58 
9493.87	12455	27773	57	1855	 56 
10080.1	14143	27773	51	2155	 53 
8902.14	14169	27773	31	900	 53 ***
10088.6	11837	27773	53	2133	 51 
8677.82	12637	27773	65	2261	 51 
8081.14	10947	27773	73	2530	 50 
10080.7	15233	27773	18	487	 49 
9476.19	12834	27773	55	2337	 48 
10088.2	15969	27773	5	44	 48 
8183.71	13028	27773	71	2149	 46 
7830.76	16352	27773	65	2021	 45 
10076.2	14771	27773	27	960	 44 
9006.29	13916	27773	52	1911	 41 
8882.88	12467	27773	58	2318	 41 
8186.62	12778	27773	71	2170	 35 
10073.5	11834	27773	54	2318	 29 
7925.06	12851	27773	72	2410	 28 
9277.63	12830	27773	57	2307	 26 
8883.59	13311	27773	53	2107	 26 
9485.34	12977	27773	53	2102	 22 
8895.28	12981	27773	57	2334	 19 
7820.36	15491	27773	67	2352	 15 
9479.74	12923	27773	54	2133	 15 
10076.5	15586	27773	26	934	 14 
8983.2	11918	27773	62	2110	 10 
7789.05	13626	27773	69	2410	 3 
8881.26	12307	27773	68	2361	 2 
8661.32	12619	27773	71	2143	 2 
8189.06	13168	27773	56	2238	 2 
9008.47	11675	27773	60	2044	 0 

8840.63	11587	24667	18	826	 100 
9245.51	10079	24667	43	1626	 93 
8841.73	12540	24667	17	396	 93 
7771.15	10868	24667	58	1899	 88 
10036.8	10551	24667	34	1209	 88 
8848.07	11721	24667	14	686	 86 ***
10034.1	10887	24667	40	1538	 85 
8009.25	9881	24667	49	1865	 82 
8826.19	9753	24667	61	1962	 78 
7770.28	12404	24667	60	1893	 77 
8336.28	9778	24667	57	1871	 77 
9223.28	9689	24667	62	1870	 77 
8838.4	11568	24667	21	702	 73 
8834.8	11935	24667	23	496	 70 
10027.2	9332	24667	54	1804	 69 
9408.79	9306	24667	65	1889	 63 
10037	11476	24667	25	995	 55 
8410.95	9708	24667	64	1874	 54 
9219.79	9706	24667	45	1830	 51 
10045.6	10265	24667	36	1484	 50 
9420.6	9458	24667	50	1883	 46 
8351.33	10527	24667	45	1793	 46 
10008.9	8372	24667	56	1712	 41 
8616.55	9684	24667	64	1767	 38 
8826.92	9565	24667	63	2065	 37 
8854.74	11188	24667	26	999	 32 
8837.76	12760	24667	18	605	 22 
8414.9	9854	24667	45	1339	 15 
8840.93	12634	24667	15	507	 12 
8961.14	9726	24667	46	1797	 2 
8837.79	10204	24667	43	1301	 1 
8826.78	12134	24667	32	1021	 1 
8954.93	10663	24667	41	1448	 0 

8150.28	10563	20742	38	1445	 100 
7025.15	6846	20742	43	1487	 99 
9021.91	8070	20742	41	1729	 85 
5549.41	6235	20742	55	1792	 85 
5922.87	7193	20742	49	1896	 83 
8642.68	9680	20742	15	322	 83 
8414.86	8698	20742	36	1372	 81 
9032.21	7027	20742	41	1632	 81 
5928.91	6085	20742	47	1655	 81 
9023.26	6786	20742	42	1692	 78 
8645.54	10019	20742	12	293	 73 
9011.37	8336	20742	40	1348	 71 
6408.9	7385	20742	42	1550	 67 
8644.16	9626	20742	13	308	 66 ***
8417.58	6289	20742	45	1813	 58 
8150.89	9654	20742	39	1399	 58 
8642.96	9711	20742	13	308	 50 
6874.41	6413	20742	44	1767	 47 
9236.72	8614	20742	39	1436	 45 
7820.17	8841	20742	41	1500	 44 
5938.14	7478	20742	46	1790	 42 
7348.65	6329	20742	45	1768	 42 
5076.45	7657	20742	60	2096	 42 
5927.5	5161	20742	48	1859	 40 
8637.53	9881	20742	14	414	 37 
7830.65	7093	20742	42	1531	 34 
8415.34	6453	20742	43	1779	 31 
7953.38	10194	20742	39	1455	 21 
9837.03	8560	20742	39	900	 19 
8622.51	6188	20742	46	1577	 12 
8760.53	9157	20742	35	1128	 10 
7351.37	8991	20742	40	1695	 4 
5547.49	7219	20742	61	2091	 1 

8875.87	9660	22469	27	1080	 100 
8255.74	10092	22469	28	1227	 99 
8263.81	9253	22469	30	1375	 98 
9256.31	9617	22469	28	1150	 96 
8194.67	8268	22469	58	1815	 93 
7834.06	11837	22469	28	1214	 89 
6175.18	8838	22469	54	1319	 82 
7247.53	8381	22469	34	1380	 77 
6974.38	8338	22469	57	1653	 75 
10055.6	10480	22469	25	953	 74 
8871.88	12719	22469	19	619	 69 
8859.33	11881	22469	25	960	 63 
6842.5	10410	22469	32	1127	 61 
10051.5	10364	22469	26	994	 60 
10065.5	10012	22469	26	968	 44 
10062.4	13133	22469	11	158	 42 
8161.03	10011	22469	30	1104	 41 
8444.97	9797	22469	27	983	 38 
8163.02	9881	22469	30	1303	 38 
8876.66	10589	22469	14	369	 38 ***
8039.53	11148	22469	30	1318	 37 
10064.2	11315	22469	10	266	 34 
8370.74	9827	22469	27	1043	 33 
7360.48	9177	22469	32	1356	 33 
8869.15	11049	22469	24	1159	 21 
7449.68	10124	22469	31	1046	 18 
8051.16	9520	22469	31	1377	 16 
8655.54	9347	22469	29	1075	 16 
8048.23	10484	22469	26	953	 12 
8860.98	13293	22469	20	374	 12 
7179.56	9968	22469	53	1613	 8 
10062.8	13062	22469	11	160	 7 
8390.8	10445	22469	26	1137	 5 
9447.42	8320	22469	51	1614	 2 

7900.61	11086	22941	33	1969	 99 
7904.67	11744	22941	26	1744	 98 
8359.13	11881	22941	22	1499	 95 
8263.87	9939	22941	28	1871	 82 
8961.18	9451	22941	20	1675	 78 
7747.58	11783	22941	35	1956	 76 
8968.41	10598	22941	5	135	 76 ***
10167.8	10150	22941	17	391	 75 
9568.2	9256	22941	37	2103	 73 
8971.35	10951	22941	4	133	 68 
8473.62	10015	22941	27	1631	 67 
8255.9	9586	22941	60	2095	 64 
8356.34	9511	22941	57	2202	 59 
8158.87	10905	22941	26	1584	 58 
8134.08	11477	22941	30	1768	 52 
8967.63	11867	22941	6	233	 48 
8461.48	10334	22941	27	1867	 47 
10164.2	10375	22941	12	262	 46 
8285.71	9174	22941	60	2493	 39 
8261.38	9985	22941	28	1688	 35 
8740.29	9271	22941	29	1561	 32 
8967.36	10221	22941	17	386	 26 
7542.61	9925	22941	56	2227	 21 
7082.24	10353	22941	41	1790	 16 
8466.23	10380	22941	23	1347	 12 
8960.69	11645	22941	22	1131	 11 

8416.38	10361	21496	24	1464	 100 
8891.98	9298	21496	11	199	 90 
7003.26	10243	21496	31	1681	 88 
7028.48	9393	21496	34	1705	 83 
7208.38	9386	21496	48	2207	 76 
8901	10032	21496	10	506	 76 
6782.74	10642	21496	61	2054	 75 
8895.61	9099	21496	13	159	 70 ***
8191.19	8997	21496	49	1819	 66 
7272.73	10636	21496	30	1867	 57 
8188.46	10107	21496	27	1908	 53 
8452.82	8475	21496	37	1843	 52 
7592.96	9023	21496	31	1932	 52 
6876.53	9548	21496	61	2053	 49 
6671.26	12006	21496	60	1965	 46 
6746.08	10235	21496	62	2177	 42 
6505.86	9995	21496	64	2550	 41 
6980.29	9415	21496	64	2543	 41 
7377.29	8437	21496	61	2283	 40 
7315.94	9411	21496	29	1639	 38 
8898.34	10295	21496	8	216	 33 
8901.07	10481	21496	5	259	 26 
9015.26	8429	21496	36	1750	 23 
8886.76	11031	21496	23	1176	 19 
7856.37	11490	21496	27	1712	 19 
8881.13	10114	21496	26	1791	 18 
8299.1	8794	21496	42	2107	 4 

6065.49	9240	21882	53	2078	 95 
6922.42	7909	21882	63	2286	 84 
6712.87	8536	21882	63	2286	 81 
9219.1	7326	21882	60	1922	 77 
9190.84	9541	21882	20	987	 76 
7719.43	8783	21882	25	1364	 75 
10003	11965	21882	15	517	 51 
6340.12	9487	21882	41	1623	 48 
7025.26	8424	21882	33	1856	 44 
6657.85	9173	21882	61	1982	 44 
7179.2	7939	21882	39	1957	 42 
8804.57	9549	21882	20	535	 42 
9199.71	10483	21882	16	1476	 41 
6696.32	8922	21882	24	1386	 39 
8814.48	12053	21882	17	517	 37 
6928.08	8575	21882	39	1830	 31 
10006.3	12387	21882	13	455	 28 
6785.09	9562	21882	22	1067	 19 ***
8127	10089	21882	18	1301	 15 
8590.64	9893	21882	21	1355	 15 
8792.71	9012	21882	22	1651	 5 
8002.02	7663	21882	63	2286	 1 

7556.9	10690	24549	43	1648	 99 
8348.25	11591	24549	4	107	 97 ***
10163.2	11166	24549	25	1510	 90 
7205.04	13486	24549	58	1612	 82 
9540.6	11003	24549	38	893	 73 
9334.34	11465	24549	23	1678	 67 
8352.17	11171	24549	30	718	 65 
10147.5	11022	24549	34	1838	 63 
8171.64	11789	24549	26	1648	 53 
8130.42	12490	24549	12	485	 49 
8140.57	12833	24549	6	329	 33 
8141.37	12428	24549	8	423	 32 
8342.91	12150	24549	5	115	 30 
10141.7	11451	24549	26	1555	 5 
7315.32	11851	24549	22	618	 5 

7781.66	11531	25922	66	2469	 86 
9654.96	9128	25922	7	594	 83 
8470.34	9338	25922	5	106	 76 ***
7779.54	11911	25922	67	2484	 61 
9667.92	9040	25922	44	1880	 52 
9658.68	9233	25922	6	350	 46 
7858.04	9106	25922	27	496	 19 

