#83	0	366	259	274	248	1009	316	152	1023	 ***
#511	138	0	265	404	229	303	1005	345	530	
#15	416	154	0	273	213	275	1023	343	1018	
#396	256	95	282	23	399	745	0	511	1023	
#38	124	306	203	342	511	901	842	463	0	
#15	417	457	0	278	49	1023	249	272	970	
#15	248	356	511	0	282	222	397	679	1020	
#331	78	339	49	511	271	674	1013	464	0	
#23	0	20	64	411	126	995	907	1023	161	
#88	75	511	309	0	380	206	251	979	931	
#361	0	511	190	310	0	160	891	301	1006	
#426	22	511	15	499	321	282	637	1017	0	

62	222	488	190	221	279	1023	275	134	493	
83	0	366	411	283	131	382	323	1023	385	
217	42	316	431	0	38	1023	747	17	556	
84	0	366	267	267	145	394	441	400	1023	
92	0	488	259	267	157	382	315	1023	404	
435	511	213	0	19	322	1022	0	837	28	
126	198	156	260	376	190	1023	774	10	274	
98	0	366	259	259	248	429	537	168	1023	
479	161	182	400	15	0	1023	286	134	707	
35	511	152	84	0	282	1022	267	453	581	
30	160	23	213	0	138	1023	777	0	1023	
83	0	366	267	259	126	468	366	429	1023	 ***
93	0	366	267	278	126	520	315	399	1023	
160	0	34	0	153	288	1023	797	765	167	
181	511	10	0	213	0	1016	370	441	645	
122	126	140	30	77	430	427	1023	382	630	
83	0	511	263	259	126	413	316	1023	393	
226	0	0	381	274	415	241	316	511	1023	
53	23	0	84	294	465	1023	517	864	64	
83	4	366	259	259	134	388	357	514	1023	

86	0	122	511	15	126	431	390	747	1023	
75	0	374	267	359	126	435	362	1023	430	
90	0	366	267	15	126	1023	362	772	430	
0	416	479	23	511	401	208	578	835	0	
27	106	0	53	172	486	557	966	61	1023	
67	122	461	34	38	0	1015	393	298	1023	
75	122	274	511	0	126	457	362	501	1023	 ***
83	38	366	267	15	126	1023	328	530	675	
75	0	366	511	90	134	456	350	1023	446	
75	62	122	511	267	164	435	362	1023	430	
281	316	0	0	27	498	388	841	77	1023	
312	0	60	16	65	276	978	499	222	1023	
23	12	278	122	305	343	403	942	0	1023	
75	0	0	297	396	201	309	520	630	1023	
142	418	152	456	68	12	575	0	605	1023	
75	23	366	267	45	126	426	670	1023	430	
45	442	509	294	145	0	770	47	176	1023	
0	428	362	338	126	76	0	179	919	1023	
75	0	374	381	15	126	1022	526	282	650	
259	0	167	264	44	473	258	616	347	1023	

75	212	289	511	0	126	304	358	1023	623	
45	244	480	30	438	0	0	1020	974	290	
503	46	0	479	0	91	948	220	212	1022	
79	122	426	402	0	370	291	541	267	1023	
54	45	167	320	396	507	434	444	133	1021	
503	0	205	60	268	152	167	173	970	1023	
76	487	182	511	126	297	655	178	1009	0	
91	273	308	264	379	118	256	169	640	1023	
465	122	53	160	511	45	334	232	583	1016	
12	374	83	411	399	156	549	282	232	1023	
42	346	0	90	221	304	953	126	419	1020	
75	122	274	511	0	190	456	397	473	1023	 ***
113	354	144	23	145	212	996	267	244	1023	
60	122	335	511	60	126	295	616	373	1023	
266	169	286	0	120	290	755	263	349	1023	
139	137	334	511	244	248	326	312	247	1023	
0	290	68	0	499	130	209	297	1021	1007	
283	126	10	79	242	365	424	701	268	1023	
15	282	92	197	49	503	868	173	321	1021	
319	152	274	434	259	126	326	312	296	1023	
75	122	274	511	32	186	598	312	388	1023	
137	38	290	38	174	435	323	129	1020	937	
293	69	94	401	511	149	552	327	102	1023	
351	396	60	511	68	38	0	194	985	918	
75	244	459	496	0	259	351	327	287	1023	
182	190	61	389	190	166	1021	594	468	260	
84	274	441	359	145	308	510	380	0	1020	
381	267	84	121	511	122	0	1021	0	1014	
0	206	449	254	0	358	938	217	76	1023	
79	129	304	499	98	0	0	606	784	1022	
75	244	334	511	0	216	505	320	293	1023	
487	126	201	331	152	165	271	64	701	1023	
394	244	60	272	0	186	455	351	536	1023	
197	137	90	496	60	156	503	271	588	1023	
75	122	456	511	0	126	368	570	1023	270	
31	449	50	355	395	145	320	272	483	1021	
464	0	289	252	190	94	769	190	252	1021	
23	30	151	511	289	366	995	977	179	0	

4	120	75	145	0	372	99	975	122	1020	
501	0	477	30	0	15	456	98	334	1021	
169	0	511	135	130	0	838	1021	0	128	
84	312	212	197	490	0	1022	0	525	90	
135	105	76	507	304	221	0	1020	0	564	
30	122	259	244	15	79	437	1020	449	277	
477	214	109	511	462	271	0	0	305	583	
45	137	320	305	0	64	316	1020	448	277	
95	335	293	160	445	175	280	0	126	1023	
151	122	259	259	0	94	316	259	449	1023	
30	68	244	60	120	142	136	98	1013	1021	
23	150	49	0	38	410	105	732	404	1021	
240	248	511	61	212	0	83	1021	556	0	
105	34	126	8	177	75	930	30	427	1020	
49	410	434	194	68	151	76	0	529	1021	
45	0	382	244	60	68	395	258	457	1023	
114	396	83	105	289	511	977	457	0	0	
45	0	274	244	75	70	395	258	548	1023	
105	122	259	259	0	64	331	259	510	1023	
69	8	171	184	460	30	929	61	1020	0	
30	15	128	151	145	0	425	1020	0	1018	
15	263	365	288	60	90	351	244	235	1021	
45	0	335	306	0	128	365	273	457	1023	 ***
381	396	511	30	482	158	662	0	312	0	
0	152	259	76	90	60	0	1008	266	1021	
159	152	511	0	170	431	426	284	0	799	
45	137	380	244	0	68	320	1023	464	251	
80	0	511	38	191	0	0	734	995	383	

75	30	106	135	0	79	288	678	358	1021	
0	30	312	165	271	0	158	204	609	1021	
120	0	319	511	0	98	680	175	479	388	
45	120	76	304	0	64	342	334	464	1021	
30	319	225	61	0	0	15	103	1022	995	
45	15	91	394	75	98	436	114	479	1023	
106	0	136	511	0	98	396	243	833	447	
90	60	91	319	60	68	346	190	524	1022	
180	224	105	342	30	60	374	0	432	1023	
38	30	341	173	53	65	643	406	0	1021	
60	105	15	91	0	334	195	917	30	1023	
380	105	0	0	166	30	978	45	45	1021	
105	60	319	121	34	0	105	869	136	1021	
75	0	121	349	90	64	372	289	388	1022	 ***
211	45	510	75	105	45	75	684	0	1020	
105	0	151	379	30	68	436	98	480	1023	
45	61	136	379	15	98	381	213	419	1023	
45	90	106	289	60	68	192	417	480	1023	
0	105	15	511	15	334	60	548	185	997	
120	23	105	185	120	0	54	296	844	1023	
0	90	61	90	15	150	410	845	90	1019	
0	364	511	272	60	60	0	1013	490	0	
349	75	227	225	0	8	0	1023	814	49	
511	0	75	60	211	90	967	0	338	518	
45	45	91	135	0	124	716	1022	418	174	
135	312	0	68	135	120	4	975	0	1021	
263	60	60	327	308	15	532	30	152	1023	
511	76	150	297	0	105	105	534	0	992	

36	45	0	30	241	15	30	393	867	1023	
75	15	121	349	90	64	388	251	304	1023	
13	75	34	403	0	75	448	242	367	1023	
212	32	90	0	324	128	197	282	392	1023	
60	94	120	0	111	76	739	198	259	1023	
154	75	107	0	320	91	274	502	134	1023	
60	0	62	410	90	64	128	1023	343	500	
60	0	121	364	90	511	128	700	298	408	
60	0	121	349	105	64	366	1023	300	292	
144	60	8	45	66	109	0	906	319	1023	
1	259	120	60	30	0	197	30	960	1023	
135	75	47	61	151	259	0	1023	929	0	
60	0	121	379	90	64	113	410	420	1023	
75	0	121	349	105	64	1023	267	300	376	
165	109	128	510	17	100	289	339	0	1023	
45	64	36	0	364	45	166	15	922	1023	
90	30	30	90	216	291	685	145	80	1023	
511	0	181	0	61	0	0	988	867	72	
30	166	120	244	0	30	0	989	78	1023	
190	50	342	45	109	159	351	411	0	1023	
75	0	121	351	90	64	383	123	450	1023	 ***
166	289	0	60	511	0	78	0	564	1012	

79	0	106	325	94	60	235	1023	327	324	
274	30	511	45	60	105	169	0	358	1021	
49	129	45	135	511	0	308	365	45	986	
384	60	0	105	109	511	274	0	969	161	
90	0	511	321	90	75	372	111	335	668	
135	91	30	511	486	0	353	869	98	0	
110	293	0	135	486	109	60	327	30	1023	
167	20	94	0	45	15	789	110	310	1023	
90	0	121	319	91	113	94	1023	308	414	
30	140	34	75	79	0	0	196	1023	996	
109	5	131	323	90	90	124	366	312	1023	
105	30	141	319	90	72	353	31	409	1023	 ***
94	511	0	334	0	79	289	90	155	1021	
319	4	186	23	90	135	124	0	669	1023	
135	34	180	0	49	49	324	505	274	1023	
151	45	4	94	185	79	579	30	383	1023	
0	171	511	90	485	30	197	1010	79	0	
34	304	84	110	30	53	830	0	105	1023	
45	506	150	105	0	27	166	141	410	1023	
75	0	151	362	105	60	128	70	1023	599	
400	65	166	245	511	34	0	868	0	284	
15	159	166	30	30	109	0	993	49	1022	
75	0	60	336	94	90	219	1023	355	321	
76	64	135	135	94	0	1023	384	0	662	
139	105	45	317	0	125	703	0	1023	116	
113	0	106	349	94	511	325	96	350	629	
165	64	124	0	155	155	564	263	60	1023	
75	38	64	45	395	64	231	1022	639	0	
511	0	106	0	90	61	143	1004	365	293	
64	96	109	15	91	0	306	699	170	1023	
45	94	30	244	0	154	1022	143	841	0	
155	0	502	166	278	90	0	1023	34	325	
61	399	68	45	79	135	105	0	658	1023	
124	1	79	319	109	68	431	107	312	1023	
75	5	130	338	90	94	94	442	282	1023	
511	0	136	365	120	75	96	344	316	610	
274	60	30	15	79	109	94	0	889	1023	
170	34	334	511	0	15	0	340	154	1015	
100	82	16	429	257	94	103	469	0	1023	
373	511	186	0	282	0	182	0	172	867	
0	15	343	60	64	225	151	643	49	1023	
511	0	110	338	188	64	342	111	312	597	
94	45	0	90	15	338	110	731	127	1023	
109	15	113	146	74	34	823	236	0	1023	

135	75	170	327	158	64	353	170	568	1023	
211	443	399	511	101	462	501	415	0	0	
45	45	226	92	60	511	436	295	312	1021	
132	380	57	124	45	23	340	919	0	1023	
60	30	155	350	90	94	575	282	385	1022	
53	46	476	443	95	79	1023	0	348	480	
502	0	143	105	39	166	320	1023	398	347	
105	94	75	0	17	437	1023	242	1019	31	
15	511	199	162	15	77	762	0	1020	282	
128	90	149	511	190	65	608	0	396	906	 ***
105	113	60	68	90	308	388	159	729	1023	
350	50	53	188	75	0	331	1023	151	822	
259	135	212	91	136	511	305	180	308	906	
439	171	4	15	120	440	1023	143	137	551	
64	0	90	0	445	349	133	75	1023	864	
53	90	140	75	257	42	323	701	339	1023	
77	60	186	75	150	64	565	534	309	1023	
334	268	120	114	0	34	248	902	0	1023	
132	184	75	0	0	106	1023	1012	372	139	
105	30	140	349	90	64	170	527	1023	545	

113	30	113	334	190	55	578	0	457	1023	
60	107	68	19	190	511	305	94	583	956	
143	511	267	352	218	268	0	353	0	781	
139	64	125	350	138	256	0	186	1023	612	
113	30	235	327	205	79	608	0	274	1022	 ***
148	137	274	0	60	339	181	75	656	1023	
30	282	4	167	0	0	327	905	155	1023	
23	53	105	260	278	186	1023	90	30	845	
331	207	0	500	511	244	880	110	110	0	
0	289	60	199	388	511	0	933	342	171	
501	444	0	76	62	381	265	0	141	1023	
511	57	259	0	80	297	277	399	0	1013	

83	79	296	0	113	79	365	130	392	1023	
15	83	94	56	30	511	616	143	0	1012	
90	0	46	0	168	121	977	1022	53	83	
205	38	212	29	83	75	535	0	360	1023	
74	60	274	167	193	121	281	284	83	1023	
83	30	224	60	99	105	338	0	598	1023	
87	30	205	0	205	147	520	0	343	1023	
135	30	281	23	34	147	733	124	30	1023	
83	38	269	8	83	201	490	0	365	1023	
105	182	159	60	106	89	334	0	503	1022	
68	215	60	68	151	259	68	299	349	1023	
61	53	61	197	152	35	339	579	60	1023	
91	511	190	0	117	68	650	0	366	567	
83	286	281	60	87	53	366	0	321	1023	
314	45	15	242	127	118	174	15	487	1023	
83	511	239	90	83	247	877	0	274	156	
90	23	341	51	0	115	751	91	1023	75	
91	38	387	94	98	75	122	358	274	1023	 ***
75	227	362	75	4	75	15	529	175	1023	
0	30	0	79	511	182	204	388	145	1021	
68	98	14	68	378	219	403	122	167	1023	
30	120	30	511	27	214	1020	0	215	393	
87	38	296	0	113	511	350	0	648	517	
277	102	31	77	15	146	128	671	90	1023	
98	60	174	68	209	53	98	503	274	1023	
60	501	511	23	31	42	1013	171	110	98	
38	76	121	8	120	45	1023	34	122	973	

34	80	64	164	46	335	581	60	49	1023	
26	196	141	45	36	20	50	846	53	1023	
20	189	23	76	426	79	148	34	418	1023	
510	45	122	38	0	60	143	444	51	1023	
0	39	30	68	511	269	282	0	227	1010	
53	382	57	64	75	92	335	190	165	1023	
68	72	357	94	124	511	90	289	274	557	
24	511	70	42	83	0	0	307	376	1023	
149	506	45	17	0	30	0	111	1023	555	
81	42	357	120	105	60	336	30	282	1023	
113	78	106	118	350	12	211	94	331	1023	
76	53	358	113	113	45	351	30	274	1023	 ***
76	38	357	98	105	60	1023	45	289	345	
80	50	105	85	197	30	136	730	0	1023	
253	102	204	511	258	38	212	90	768	0	
17	231	60	225	346	185	171	0	178	1023	
76	38	358	90	118	34	124	293	282	1023	
503	49	41	51	105	0	364	155	145	1023	
151	62	49	23	6	191	347	349	235	1023	
1	129	40	53	15	186	65	68	856	1023	
70	16	149	45	38	105	478	109	403	1023	

14	94	121	53	52	79	203	0	838	1023	
0	261	126	78	511	81	102	304	0	1014	
38	61	357	99	117	34	453	30	265	1023	
63	57	373	98	102	71	111	289	290	1023	
27	110	19	161	105	15	151	0	866	1023	
511	224	87	69	0	200	364	598	85	339	
9	205	64	511	30	345	613	351	0	349	
0	109	210	109	63	15	113	1023	87	748	
72	108	89	46	47	0	886	0	206	1023	
180	39	72	0	79	52	118	45	1023	869	
89	132	511	396	167	0	974	15	80	113	
46	61	373	135	98	40	374	34	293	1023	
30	61	16	8	182	23	985	88	61	1023	
24	106	30	34	53	192	1023	15	79	921	
30	153	0	123	16	19	46	69	1023	998	
46	68	301	117	113	30	422	30	327	1023	
4	80	134	445	63	15	505	72	136	1023	
0	23	182	77	30	74	76	906	86	1023	
64	28	49	77	90	64	136	806	140	1023	
0	122	173	30	288	55	532	73	181	1023	
46	87	342	102	190	30	105	278	274	1023	 ***
49	71	0	415	164	511	0	136	137	994	
44	132	166	511	90	118	117	0	400	899	
8	49	256	68	117	45	468	30	413	1023	
285	511	100	479	83	277	377	365	0	0	
8	64	100	72	79	121	403	114	493	1023	
38	99	370	104	113	30	107	319	274	1023	
16	23	46	92	154	31	110	136	846	1023	
87	75	511	32	155	45	1016	0	419	137	
94	135	375	95	85	455	173	42	1023	0	
1	323	254	38	30	396	156	0	256	1023	
133	63	232	90	93	56	742	45	0	1023	
224	47	511	42	0	23	144	15	1023	448	
110	0	511	149	49	102	471	73	1012	0	
154	511	0	179	4	4	392	45	170	1018	
8	10	53	361	32	79	158	534	219	1023	

0	60	60	45	126	34	897	47	1023	246	
151	79	27	83	45	184	179	0	767	1023	
57	2	214	17	156	183	77	30	779	1023	
16	511	170	102	252	30	105	373	274	705	
221	27	17	0	250	64	90	683	163	1023	
2	94	75	92	75	76	694	220	187	1023	
192	64	88	26	30	155	0	155	805	1023	
94	16	160	78	49	200	698	0	220	1023	
0	98	510	16	92	203	124	34	438	1023	
57	45	161	64	257	30	786	76	39	1023	
69	90	19	139	43	194	861	8	92	1023	
107	116	217	57	511	318	82	737	393	0	
20	64	100	46	174	90	317	152	552	1023	 ***
68	159	276	48	355	256	163	190	0	1023	
27	511	53	146	75	154	963	352	257	0	
134	4	40	140	511	27	759	623	300	0	
34	117	20	275	60	226	222	1023	561	0	
139	40	132	32	62	279	1023	774	57	0	
82	376	38	133	38	297	0	395	156	1023	
183	124	30	42	83	45	752	30	1023	226	
344	511	53	108	194	0	0	57	1016	255	
57	53	0	220	191	10	95	733	156	1023	
30	176	34	511	171	60	15	0	521	1020	
15	49	0	90	8	105	64	420	1023	764	
167	77	55	152	122	45	15	30	852	1023	
0	0	66	142	183	162	165	1023	586	211	

263	81	0	216	30	15	464	838	59	1023	
162	89	261	511	342	368	0	159	83	1014	
79	260	0	299	121	38	939	120	110	1023	
91	197	0	15	30	137	1000	8	1022	489	
231	196	23	95	314	207	83	169	648	1023	
403	4	64	0	72	510	553	141	222	1020	
158	169	51	350	75	180	125	79	780	1022	
42	6	202	0	187	246	186	261	837	1022	
171	0	140	15	15	197	60	347	1022	1022	
511	430	156	510	137	77	136	126	906	0	
62	54	19	281	289	332	438	0	1023	491	
188	231	91	103	246	53	1022	0	110	945	
137	0	65	30	137	68	998	349	1023	182	
77	34	198	0	106	214	190	1023	175	972	
272	136	4	511	2	15	105	0	928	1016	
98	0	49	96	64	511	518	243	387	1023	
16	60	64	42	283	90	637	276	499	1022	 ***
284	202	72	102	511	202	0	507	177	932	
511	509	53	189	45	229	181	252	1020	0	
16	68	290	171	174	90	855	152	151	1022	
301	322	94	124	341	113	1023	436	235	0	
374	172	511	57	469	395	89	134	788	0	
115	380	120	160	94	60	501	0	536	1023	
106	225	237	294	85	511	398	245	888	0	
0	231	91	271	205	19	490	336	323	1023	
68	72	83	117	106	130	151	426	813	1023	
316	79	85	278	466	117	308	1023	317	0	
398	64	21	197	511	259	183	202	152	1002	
74	122	141	42	239	105	561	152	530	1023	
12	34	95	72	259	212	257	1023	588	437	
167	95	319	19	45	15	60	1023	282	964	
16	60	30	53	220	212	424	212	740	1022	
27	64	122	50	174	92	504	286	647	1023	

76	242	403	511	169	185	998	366	0	24	
175	70	25	80	508	65	904	124	1023	0	
16	83	34	42	249	113	641	274	499	1023	
136	511	75	19	288	0	156	130	638	1021	
213	109	83	172	435	261	349	106	223	1023	
23	134	60	122	308	120	191	977	17	1022	
208	61	0	31	162	60	361	912	156	1023	
135	137	511	126	60	0	510	244	243	1008	
503	16	76	244	23	185	150	4	751	1022	
85	289	31	357	202	45	0	1022	118	825	
96	350	164	73	0	23	396	1022	68	782	
16	60	72	53	313	98	566	274	499	1023	
12	511	165	171	53	231	1005	0	617	209	
51	264	248	221	409	0	105	413	240	1023	
377	122	8	15	205	122	60	1023	977	65	
368	34	175	272	125	511	1014	4	471	0	
353	99	55	305	120	120	288	0	611	1023	
117	196	511	115	221	334	0	154	997	329	
197	64	230	442	167	0	173	155	523	1023	
16	64	64	34	261	90	318	590	514	1023	 ***
0	511	201	197	214	67	292	1021	0	471	
415	137	4	0	60	38	258	1022	23	1017	

73	511	49	0	334	90	258	632	315	490	
12	83	34	0	362	90	1022	346	304	499	
12	19	34	8	280	105	228	1023	179	864	
247	213	15	76	30	469	90	0	589	1023	
270	511	60	15	456	0	73	0	381	986	
511	368	90	61	99	509	0	96	0	1018	
135	23	65	8	193	113	1023	316	478	398	
217	252	149	0	0	511	213	378	135	897	
167	309	75	122	186	0	549	231	90	1023	
87	0	94	384	134	61	99	563	308	1022	
12	83	94	0	511	249	228	936	201	438	
75	242	98	309	139	15	684	167	0	1023	
77	511	94	0	326	90	228	727	201	498	
18	49	34	65	306	90	243	632	292	1023	
510	61	126	297	0	75	445	219	0	1019	
16	23	34	0	329	189	228	415	1023	495	
23	130	425	160	94	90	156	196	455	1023	
68	45	15	364	60	191	497	243	247	1022	
304	129	0	0	137	511	1016	147	326	182	
443	0	0	0	152	0	1023	773	79	282	
61	4	187	75	134	30	455	753	31	1022	
0	430	312	400	30	45	331	98	83	1023	
75	34	122	210	4	260	568	347	109	1023	
510	149	0	426	0	0	46	475	156	990	
12	110	34	79	298	139	228	628	201	1023	 ***
12	61	34	4	330	120	258	650	260	1023	
30	149	271	0	0	76	689	439	76	1022	
213	4	137	151	0	298	0	248	1023	678	
213	0	444	511	15	126	119	0	410	914	
191	130	156	42	0	136	64	113	897	1023	
12	19	94	170	246	94	512	346	236	1023	
511	124	49	0	268	90	627	354	201	528	
244	499	0	0	8	170	260	377	171	1023	
12	49	113	0	299	90	1023	346	288	532	

12	80	30	511	298	94	213	354	476	591	
293	4	90	128	80	130	132	780	0	1022	
4	82	0	90	510	94	266	628	181	804	
4	95	0	75	268	124	198	1023	243	629	
60	511	244	0	286	15	122	310	986	125	
158	510	197	470	299	140	718	167	0	0	
4	80	30	75	298	136	213	1023	357	443	
4	91	206	153	509	68	184	421	0	1023	
480	152	75	201	61	308	78	138	143	1023	
57	0	99	430	0	511	155	83	335	989	
8	60	110	388	0	307	630	1022	134	0	
198	15	45	216	511	327	0	69	258	1020	
487	0	53	23	61	4	472	383	154	1022	
20	82	30	511	343	94	198	598	192	591	
112	495	72	60	15	248	103	347	1022	185	
0	68	0	217	30	496	402	1022	147	277	
60	75	491	254	448	0	94	214	1023	0	
51	0	0	86	462	64	1023	183	103	687	
456	372	449	140	511	61	540	130	0	0	
80	511	38	8	120	141	15	495	1019	232	
121	34	511	0	164	171	201	0	437	1020	
140	263	2	404	30	173	404	0	220	1023	
263	511	12	167	0	0	61	439	211	995	
4	125	30	75	313	94	198	354	1023	443	
4	80	0	75	510	94	198	392	769	537	
12	80	30	75	298	121	213	628	179	1023	 ***
4	80	0	83	511	124	213	354	820	470	
30	239	8	136	133	19	160	163	1022	749	
291	8	214	53	441	0	1023	17	0	612	
12	80	30	511	330	102	213	354	436	591	
384	387	160	378	128	38	0	161	0	1023	
12	80	38	105	283	94	198	354	1023	472	
76	182	122	338	186	0	101	526	105	1023	
156	511	262	289	496	128	69	0	748	0	
480	169	511	162	61	0	243	60	0	973	
12	112	511	75	313	94	198	354	444	546	

20	55	30	150	391	87	213	210	661	1023	
254	83	244	15	0	353	1023	182	655	31	
20	19	75	60	222	511	465	202	381	885	
27	19	289	60	192	87	273	232	638	1023	
30	16	511	60	212	30	930	244	652	155	
12	42	0	304	207	95	243	1022	230	685	
121	38	139	0	0	68	508	187	757	1022	
0	0	286	0	511	45	869	949	180	0	
0	167	98	80	0	180	1023	0	361	931	
123	323	60	60	147	87	183	567	267	1023	 ***
20	19	8	511	162	147	183	217	875	698	
0	76	4	0	98	366	716	421	137	1022	
12	265	30	120	177	511	198	210	470	847	
0	286	511	69	0	152	0	15	1020	787	
12	57	90	60	162	87	427	1022	447	476	
244	68	68	0	105	94	792	378	68	1023	
511	53	8	395	8	126	866	655	158	60	
510	51	30	0	192	125	870	202	421	439	
23	365	117	0	186	61	625	0	441	1022	

0	304	34	0	90	194	61	364	265	1022	 ***
257	8	0	0	0	0	90	956	1023	0	
0	308	30	0	90	72	183	308	321	1022	
0	0	0	509	0	182	0	377	244	1022	
15	445	30	0	0	45	152	578	46	1023	
0	304	30	30	90	72	61	1023	282	442	
420	15	90	0	0	244	0	334	212	1019	
0	304	34	0	212	12	183	266	300	1023	
0	23	289	0	212	68	23	632	64	1023	
0	30	60	30	0	45	995	152	0	1022	
0	304	30	0	90	194	1022	281	65	348	
0	308	30	0	257	72	61	270	1022	314	
0	274	227	90	0	0	38	60	624	1021	
289	0	504	0	30	0	0	430	60	1021	
259	30	0	152	0	0	15	855	0	1023	
15	75	60	0	4	30	60	167	903	1020	
90	252	30	60	30	0	152	640	60	1020	
0	53	510	0	365	75	312	0	0	1019	
0	0	0	0	0	509	0	1023	802	0	
137	0	503	0	30	60	105	448	30	1021	
15	15	0	509	0	0	0	334	439	1022	
45	0	0	0	511	244	0	486	30	1018	
0	304	30	122	109	102	61	270	1022	314	

259	304	61	0	8	440	0	380	444	1023	
0	304	34	89	312	182	244	144	587	1023	
8	0	8	61	274	259	19	854	413	1023	
314	0	0	0	491	60	937	94	1023	0	
304	274	210	358	0	61	0	689	0	1023	
151	510	319	30	244	374	0	182	820	289	
0	45	244	16	61	0	548	953	30	1022	
0	510	34	400	308	122	0	410	838	297	
136	511	0	0	244	25	90	991	922	0	
252	505	34	274	0	0	518	910	0	426	
0	30	510	0	8	121	75	496	668	1011	
91	244	0	426	30	510	289	1009	0	320	
297	8	135	0	488	0	923	0	45	1023	
0	304	510	0	144	122	0	242	805	792	
0	244	90	244	0	30	350	924	1022	15	
0	409	34	84	252	510	0	384	653	593	
0	0	282	0	511	182	425	518	1001	0	
0	0	15	425	365	496	210	389	0	1019	
0	319	30	61	0	366	252	387	481	1023	 ***
15	297	274	30	181	0	244	856	0	1022	
365	107	0	304	0	456	1022	0	0	665	
0	312	0	263	510	8	1017	0	0	809	
83	488	0	90	424	0	249	563	1022	0	
411	511	0	8	181	15	0	0	815	978	
15	380	0	197	259	312	30	673	30	1023	
174	152	248	342	248	327	0	0	1023	405	
30	304	113	0	244	366	53	192	1023	594	
510	304	38	304	0	389	0	463	607	304	
10	0	182	60	76	503	0	1023	990	75	
441	0	136	308	244	0	0	389	379	1022	
0	312	49	15	90	427	0	711	292	1023	
503	60	0	263	0	120	0	679	271	1023	
510	0	304	42	304	45	0	1011	0	703	
60	379	30	0	334	92	0	1001	0	1023	
122	334	15	244	357	60	0	696	69	1022	
4	114	30	304	0	261	304	879	0	1023	

396	57	511	263	504	135	455	0	891	0	
184	319	0	465	0	0	275	657	1023	289	
0	384	200	0	0	378	244	1023	421	562	
59	319	60	0	0	374	274	566	537	1023	
126	394	320	23	289	95	0	942	0	1023	
511	212	23	503	0	305	563	0	1005	90	
32	313	304	61	323	272	0	884	1023	0	
90	305	129	507	158	366	0	1023	634	0	
0	64	511	0	191	128	155	258	882	1023	
316	378	511	320	319	0	388	0	980	0	
9	319	0	0	15	511	320	617	421	1000	
0	60	511	259	304	510	0	599	0	969	
23	252	471	334	98	402	0	610	1022	0	
511	432	380	0	0	412	0	439	264	774	
244	16	366	0	0	60	563	121	1023	819	
75	274	0	511	0	0	515	213	1004	620	
15	496	0	15	60	23	635	259	686	1023	
181	90	38	23	319	38	766	0	734	1023	
0	469	0	244	0	511	252	312	1014	410	
244	19	75	480	511	488	380	320	665	30	
15	379	511	0	0	375	542	403	634	353	
8	349	60	0	0	381	609	305	477	1023	 ***
0	304	511	304	244	8	312	563	0	966	
95	511	389	439	79	61	0	615	1023	0	

72	289	92	15	30	205	624	267	186	1023	
90	304	8	274	0	8	109	0	987	1023	
511	0	120	0	304	503	61	274	60	970	
12	289	106	0	0	137	700	297	239	1023	 ***
0	0	379	0	304	30	0	73	994	1023	
0	354	87	488	83	96	298	0	374	1023	
8	323	60	0	0	197	617	357	218	1023	
15	510	0	488	0	30	90	970	30	670	
68	289	72	92	0	141	609	275	234	1023	
8	319	122	0	30	137	673	267	224	1023	
0	476	0	461	396	0	853	244	365	8	
8	0	150	23	91	16	106	518	868	1023	
510	511	327	0	454	0	1001	0	0	0	
106	511	0	464	0	68	668	0	0	986	
8	304	60	60	0	137	621	455	136	1022	
365	316	0	304	0	511	305	0	1002	0	
488	0	120	90	0	15	87	980	1023	0	
0	274	60	4	30	182	609	252	1020	372	
46	274	60	15	0	152	579	282	1023	372	
511	0	0	0	15	274	126	136	727	1014	

0	61	30	30	30	78	0	1023	289	1003	
68	0	0	304	61	90	0	1001	0	1020	
30	75	0	0	244	304	0	23	1023	845	
0	429	274	45	0	128	0	91	555	1022	
75	274	91	45	90	0	91	244	611	1023	
30	0	511	304	30	76	60	985	548	0	
0	0	305	511	483	0	0	306	939	0	
0	0	357	90	0	76	990	8	0	1023	
105	319	358	0	120	150	57	0	412	1023	
60	511	0	0	365	136	0	0	455	1017	
33	304	98	31	30	15	699	128	183	1023	
15	0	350	30	334	38	60	0	694	1023	
34	60	96	60	0	389	574	308	0	1023	
425	350	0	511	0	334	864	0	60	0	
0	0	0	508	511	0	205	714	606	0	
122	30	102	0	261	0	578	270	159	1022	
511	45	0	90	0	0	0	971	837	90	
334	30	0	136	45	60	1023	0	0	916	
42	334	98	35	10	15	699	182	106	1023	
12	321	98	0	0	134	730	158	68	1023	 ***
304	79	305	0	75	135	0	151	472	1023	
73	274	98	45	0	15	730	188	98	1023	
61	61	90	60	0	312	90	177	670	1023	

30	120	0	0	124	255	0	1023	584	582	
5	476	115	19	0	99	718	1023	0	263	
8	334	511	0	79	244	810	238	0	494	
0	306	102	64	57	103	807	53	203	1023	
19	321	102	12	19	121	688	185	228	1023	
16	353	117	0	0	213	722	68	207	1022	
104	382	113	0	19	151	1009	835	75	30	
0	472	98	38	15	118	699	255	0	1023	 ***
45	76	57	60	30	15	454	0	1022	959	
0	203	0	38	75	76	1022	400	0	904	
0	485	152	75	490	395	98	0	1023	0	
304	384	152	0	502	96	0	137	120	1023	
107	499	61	124	128	511	0	0	271	1017	
281	16	0	304	94	0	0	1023	1000	0	
60	156	53	305	19	458	121	0	523	1023	
0	340	98	23	0	247	744	197	46	1023	
464	31	0	288	214	60	1023	0	0	638	
196	68	61	0	124	196	53	998	0	1022	
46	235	75	90	8	83	899	259	0	1023	
495	92	76	282	90	60	1023	311	289	0	

120	511	197	495	61	0	90	0	744	1023	
65	79	122	0	335	511	881	227	0	1021	
244	381	90	511	289	103	684	291	0	648	
64	380	98	311	30	0	377	958	0	1023	
471	136	371	244	8	0	425	533	30	1023	
270	466	511	0	487	0	1015	372	120	0	
244	381	102	38	32	163	684	574	0	1023	
99	201	120	122	0	94	985	263	334	1023	
0	312	277	248	511	193	1023	0	677	0	
0	381	98	8	15	103	1023	881	0	732	
15	259	105	0	8	68	968	280	515	1023	
278	503	68	0	138	49	0	1001	182	1022	
0	503	98	8	15	103	947	544	0	1023	 ***
252	379	276	0	327	75	0	64	1023	845	
511	389	313	304	0	297	182	227	1018	0	
496	312	49	0	139	106	425	1023	0	691	
60	381	90	282	27	227	684	467	0	1023	
305	499	8	304	106	38	132	552	274	1023	
83	339	432	295	261	281	1023	527	0	0	
20	511	456	288	43	0	552	1022	349	0	
381	511	90	60	334	441	0	133	274	1017	
126	60	75	405	133	259	190	38	932	1023	
0	335	0	511	72	0	289	988	1015	31	
180	503	110	60	0	430	60	0	875	1023	
0	471	338	8	145	362	684	211	0	1022	
289	278	0	340	0	271	1023	676	364	0	
0	137	370	121	511	381	533	305	883	0	
504	62	0	472	15	45	976	80	64	1023	
282	511	0	0	383	0	292	668	84	1021	

