#64	80	0	320	432	320	80	5184	324	1536	 ***
#80	84	272	516	80	160	1752	0	240	5156	
#0	400	4	0	160	404	320	2596	304	4152	
#320	88	0	0	464	32	3528	0	432	3476	
#0	432	112	0	320	0	2724	564	3992	196	
#160	192	192	384	116	0	240	5544	80	1432	

160	32	80	272	112	352	320	2200	4024	0	
416	80	0	320	432	432	0	428	400	5044	
272	400	1680	0	1444	320	144	3132	0	160	
64	80	0	400	336	400	0	3424	672	2176	
640	240	352	0	2128	240	760	3048	64	80	
80	272	196	160	260	64	480	4916	1124	0	
176	80	32	400	272	320	0	4880	352	1040	
112	912	392	0	240	400	480	4472	544	0	
160	0	224	1968	160	160	272	1280	3328	0	
480	192	192	640	0	0	2476	144	0	3428	
352	320	112	0	400	0	400	176	4216	1576	
64	112	0	272	272	352	80	4720	320	1360	 ***
192	64	196	112	352	640	1700	3524	772	0	

64	160	0	512	272	352	80	4464	320	1840	
64	752	0	304	272	352	80	4560	320	1360	
64	384	0	272	272	992	160	4288	320	1312	
64	80	0	192	272	352	80	4480	304	2240	
384	0	880	160	0	592	1264	164	4076	544	
816	304	520	1748	240	352	2368	0	0	1716	
176	720	0	224	272	672	80	4480	240	1200	
0	992	592	164	0	260	768	224	3360	1704	
64	160	0	272	464	384	80	3264	464	2912	
0	80	112	0	3204	336	1872	192	480	1788	
144	464	320	352	672	384	112	3108	2508	0	
0	784	928	32	0	740	3748	152	1360	320	
400	320	192	0	80	80	1768	4600	624	0	
32	720	1940	272	576	272	480	3528	244	0	
384	80	0	224	992	352	80	5280	272	400	
192	192	224	0	192	176	0	4896	240	1952	
96	1072	0	192	272	352	80	5280	320	400	 ***

112	512	0	1872	192	240	1312	432	0	4708	
224	432	0	832	144	992	720	1872	400	3764	
608	0	1472	320	0	1280	3396	736	0	1568	
224	1040	0	864	112	352	240	5268	240	1040	 ***
672	112	80	112	176	1344	320	720	976	4868	
512	1616	512	352	1120	0	272	4772	144	80	
1104	352	160	192	1632	320	1056	4372	0	192	
1776	752	64	0	320	96	1696	0	4676	0	
752	1312	160	32	624	240	0	1024	256	4980	
256	272	224	720	32	240	192	560	1984	4900	
672	512	2356	960	0	1792	0	2032	352	704	
544	0	80	864	480	992	832	4404	320	864	
272	256	352	32	0	0	352	5012	1312	1792	
640	1280	32	64	720	320	704	4916	432	272	
192	992	0	720	1216	1104	560	3924	0	672	
512	0	1120	512	32	848	4516	1280	560	0	
432	1360	560	64	1472	32	160	0	4916	384	
64	1232	0	192	112	992	240	4288	240	2020	
896	1072	0	832	304	512	304	1328	320	3812	
96	1072	0	352	112	352	720	4516	960	1200	
0	832	320	2628	944	832	800	736	2288	0	
224	1040	0	192	752	992	80	4500	400	1200	
384	272	432	432	1040	112	1040	4996	672	0	
0	512	320	3924	736	496	32	1840	1520	0	
432	800	0	240	160	272	0	1488	4212	1776	
144	864	944	1104	0	880	3828	720	64	832	
96	1040	0	192	304	512	272	4692	880	1392	
224	1072	0	352	752	352	624	2576	240	3188	

192	2128	0	704	32	992	160	3824	576	1040	
704	720	2448	864	384	704	3824	0	0	0	
352	1504	992	320	800	0	0	3984	992	704	
144	144	1104	32	0	640	4464	2704	416	0	
0	720	672	192	1552	320	1296	0	4736	160	
480	384	224	640	4016	1104	2160	0	640	0	
384	960	80	704	64	352	800	4384	880	1040	
224	960	0	1024	1584	352	160	2016	544	2784	
1184	192	288	0	1072	640	0	4304	944	1024	
192	960	800	784	32	464	800	4336	80	1200	
224	1040	0	1344	272	352	800	4336	80	1200	 ***
544	32	640	800	2864	0	464	1472	1984	848	
496	672	0	192	1072	32	752	4800	1632	0	
192	1120	0	832	32	352	800	4768	320	1232	
256	480	0	192	0	912	1168	4528	2112	0	
112	80	160	352	1888	640	448	800	4848	320	
1392	32	1360	32	0	912	224	784	0	4912	
736	1808	320	1120	160	304	0	1376	0	3824	

592	0	944	192	32	1232	1392	4016	1024	0	
0	992	880	1072	896	272	1232	3520	240	320	
384	1040	0	912	240	704	800	3984	160	1200	
112	1392	800	432	512	1760	944	3072	0	400	
1632	320	1280	112	160	320	192	2992	2416	0	
352	320	192	1280	1024	832	304	3776	192	1152	
224	1040	0	912	512	896	240	3760	80	1760	
32	0	0	1040	432	720	976	4592	1040	592	
320	80	1200	80	752	704	880	3936	800	672	
560	304	240	240	1472	1376	1072	3520	640	0	
224	1200	0	864	352	864	320	4080	160	1360	
464	1120	0	704	592	64	320	4080	1120	960	 ***
1200	1152	256	320	1504	880	0	3536	352	224	
80	80	672	0	192	992	4480	1376	1552	0	
384	1120	0	704	1072	704	240	4080	160	960	
2000	272	320	3120	0	0	192	112	3408	0	
336	560	0	704	592	352	320	4400	80	2080	
160	960	272	1264	960	0	2576	3200	32	0	
640	912	832	272	80	1360	160	3520	672	976	

144	400	0	672	560	608	240	3376	1120	320	
880	320	1360	32	32	0	976	3360	320	160	
304	80	0	832	592	32	240	1984	1120	2256	
720	1456	800	480	0	1984	1568	0	0	432	
0	1120	32	0	800	160	0	1232	3072	1024	
240	624	336	0	0	384	400	2816	720	1920	
512	240	432	0	752	640	352	2832	1680	0	
0	80	112	720	912	160	3872	0	1344	240	
464	112	0	976	560	32	240	4256	800	0	
480	560	0	0	752	0	576	2160	2176	736	
0	352	0	912	352	352	1280	2832	272	1088	
304	80	0	672	672	32	240	2736	2704	0	
480	0	800	160	112	1664	0	2192	1392	640	
832	704	0	0	1200	352	0	1232	2496	624	
272	480	0	720	592	32	240	3984	1120	0	 ***
0	640	144	1056	544	512	672	2960	912	0	
304	80	160	672	560	32	240	1984	1120	2288	
480	80	0	0	720	464	3632	0	80	1984	
336	560	0	704	592	64	240	3312	1312	320	
304	400	0	704	592	64	240	3344	1280	512	
304	112	0	672	720	32	240	1904	1120	2336	
304	432	160	704	560	64	240	3344	1312	320	
864	704	704	864	0	432	192	2416	1264	0	
272	400	0	640	480	32	2176	2160	1280	0	
0	192	544	0	432	320	2224	1392	240	2096	
560	240	80	160	32	672	992	3424	1280	0	
240	432	624	1040	720	0	3360	752	272	0	
160	320	672	1072	0	160	672	0	3872	512	
464	80	0	672	560	576	240	3696	1120	32	
304	80	0	1664	560	544	240	2896	1120	32	
304	240	0	672	560	32	240	2144	3216	32	
1664	640	736	752	0	512	272	2672	0	192	
272	400	0	640	560	32	240	2528	2768	0	
752	0	320	160	32	0	880	4080	224	992	
304	400	0	704	752	64	304	3312	1280	320	
576	112	0	512	1456	0	0	1504	352	2928	
304	400	0	704	752	64	240	1360	1232	2384	
720	1712	272	384	160	0	1232	2320	640	0	

0	1076	1616	224	800	240	0	3028	324	272	
272	432	0	436	596	32	0	4372	1360	80	
388	160	480	80	160	32	0	1312	1000	3968	
240	484	0	800	416	32	320	3924	1204	160	
0	2628	640	192	0	624	992	1828	432	244	
1184	512	0	0	84	324	1520	2768	868	320	
592	400	564	480	960	400	1528	2656	0	0	
356	320	0	720	752	32	0	2536	2864	0	
1200	640	1056	352	0	0	264	2484	832	752	
672	1824	0	244	400	0	720	820	400	2500	
160	2080	1204	1184	640	112	0	80	1960	160	
32	432	1440	0	832	320	304	3580	240	400	
0	160	0	160	304	1204	832	3488	868	564	
640	160	0	720	468	32	160	2728	1120	1552	
432	80	592	0	32	836	1296	864	3448	0	
320	480	0	724	512	32	80	2760	1120	1552	
1364	324	544	596	2192	160	64	0	0	2336	
240	0	4	880	832	32	160	4072	1120	240	 ***
464	160	832	756	0	644	0	720	432	3572	
276	356	0	960	592	112	80	4052	1120	32	
0	724	32	192	116	0	720	1600	4052	144	
272	0	80	808	672	96	0	3888	964	800	

4	1280	564	320	192	320	1712	3584	788	912	
592	144	1616	1280	1988	112	1680	0	0	2264	
320	0	0	960	512	672	240	4012	1280	1680	 ***
640	240	1520	356	0	1824	676	2964	1456	0	

480	0	0	800	512	0	480	3468	640	1360	
2528	0	116	192	160	0	116	2580	1808	240	
356	276	1312	244	560	2032	0	992	0	1968	
320	0	0	880	672	32	240	3964	512	1120	 ***
0	320	240	576	404	0	1120	0	1876	3204	
800	352	1316	1248	2352	496	160	0	0	1016	

640	272	320	880	592	0	1920	1980	480	1120	
384	0	0	1312	2560	64	0	2060	640	1184	
320	32	320	976	592	496	0	3436	912	1120	
672	0	1472	1408	592	0	0	1980	640	1440	
1968	0	0	1680	592	0	448	1916	480	1120	
1856	468	800	1188	912	1232	784	0	0	964	
592	0	1392	240	512	0	0	3244	1104	1120	
320	112	0	880	1216	64	256	3436	480	1440	 ***
240	0	160	1488	592	0	480	3452	640	1152	
640	0	0	1056	2480	0	0	2044	832	1152	
592	0	0	912	912	64	1840	1964	800	1120	
320	0	0	1152	944	32	144	2284	704	2624	
320	32	320	1232	2352	416	0	1932	480	1120	
272	112	0	320	592	32	320	3164	2272	1120	
848	0	0	880	592	320	320	3420	704	1120	
320	320	64	160	592	32	336	4508	752	1120	
512	0	448	880	592	320	0	1996	912	2544	

240	0	1376	800	1040	192	192	1948	240	1920	
320	80	320	384	160	160	4452	0	1592	480	
320	32	1376	800	1344	144	0	2172	320	1440	
160	624	784	960	0	2224	320	120	720	2036	
720	512	240	560	0	0	832	3652	792	640	
320	272	32	960	1072	64	80	3468	240	1440	
592	320	0	720	400	320	64	1584	3864	84	
240	64	0	880	1040	192	0	2028	1584	1920	
704	832	192	800	0	832	1160	1108	2320	0	
272	0	1376	800	1520	224	80	1996	240	1440	
240	304	0	800	1120	64	0	3340	160	1920	 ***
480	192	0	800	1120	2128	0	1596	192	1440	
720	1072	244	0	868	960	0	1040	708	2336	
0	752	884	800	896	2432	0	2024	160	0	

80	112	32	800	960	464	0	3324	592	1440	 ***
240	176	0	800	1120	96	0	1656	160	3556	
2000	144	0	1312	992	32	0	1436	192	1696	
896	144	32	832	560	256	0	1436	784	2864	

720	724	352	640	272	1712	480	3772	752	112	
800	560	80	672	404	944	176	4860	0	1040	
1764	160	672	560	0	1312	320	4044	432	272	
720	112	32	4	1120	272	0	3336	2420	1520	
160	112	240	672	1524	272	400	2584	2452	1120	
244	112	0	400	800	272	0	4044	1472	2192	 ***
352	240	1040	800	400	0	1984	3964	244	512	
0	144	0	0	1684	1392	80	896	192	5148	
1712	84	32	160	352	640	592	0	720	5244	
80	144	320	0	880	752	1360	3612	356	2032	
724	192	0	880	960	912	0	940	464	4464	
160	4	560	160	720	1472	752	4892	592	224	
640	272	0	200	800	784	0	3848	512	2480	
0	320	564	960	640	320	1360	2412	64	2896	
1524	160	564	384	0	912	0	1556	2484	1952	
0	0	352	0	912	1728	2368	432	1956	1788	
80	308	0	1440	640	1488	0	2716	1232	1632	
752	1488	0	800	800	912	0	2600	708	1476	
32	720	1232	0	400	1904	580	320	32	4316	
80	4	320	0	1952	160	352	1360	1232	4076	

692	32	0	480	724	276	880	3492	832	2512	
888	112	0	800	720	112	160	4584	832	1712	
80	544	80	0	0	1284	0	3012	2648	2272	
160	880	0	800	0	1380	0	2900	3800	0	
1232	0	0	400	0	240	640	5180	0	2228	
164	112	640	560	964	228	0	2340	1184	3728	
356	272	0	404	804	304	2416	2020	1472	1872	
160	80	36	1120	672	84	800	3528	1248	2192	
324	112	0	480	720	944	0	3512	1472	2356	 ***
884	752	0	400	720	1496	0	2612	992	2064	
0	0	80	1552	756	0	800	2900	640	3192	
168	32	592	560	800	912	0	3080	1824	1952	

244	32	32	480	800	944	0	2216	3696	1636	
160	1840	32	116	832	720	400	4360	468	1152	
244	272	112	1120	640	944	0	2100	864	3784	
1440	752	2068	160	240	0	4748	320	80	272	
324	160	32	480	2400	784	0	2360	1984	1556	
244	32	112	560	800	1424	0	1700	1824	3384	
244	160	0	512	720	784	112	3640	1472	2436	
192	0	752	0	32	0	5408	240	1280	2176	
244	112	0	1200	640	784	0	1812	3344	1944	
404	32	80	512	1268	944	0	3140	1472	2228	
244	144	0	560	752	784	0	2020	3860	1716	
80	2004	640	0	0	836	464	2772	1764	1520	
356	80	80	592	640	944	0	3640	1472	2276	 ***
1360	0	352	148	0	832	160	4104	0	3124	
640	960	0	480	144	1632	36	5308	0	880	
404	80	0	544	1668	784	0	4532	832	1236	

272	0	80	512	560	1664	3016	2016	800	1076	
836	2080	640	244	80	80	192	5396	448	0	
896	80	1040	1440	0	240	752	4284	112	1152	
0	992	800	0	912	0	5276	160	1072	784	
432	0	832	832	400	944	3096	1424	160	1876	
432	80	80	2432	560	944	836	1296	272	3064	
272	0	80	512	720	3344	1264	1696	872	1236	
1280	804	1600	0	0	144	352	4936	400	480	
1280	512	640	32	64	640	160	836	5192	640	
0	960	512	0	0	752	0	1972	480	5320	
320	160	0	832	720	352	0	4408	3204	0	
272	312	80	512	1120	944	0	2256	1952	2548	
272	804	400	1152	560	1364	0	3648	160	1636	 ***
832	0	1120	480	112	160	720	5704	708	160	
0	0	272	160	720	1440	384	5400	352	1268	
944	400	80	672	640	1104	3016	1904	160	1076	
832	80	880	1600	640	0	400	0	4520	1044	
320	640	1232	960	800	64	116	4984	880	0	
592	80	80	592	2740	1104	0	2612	160	2036	
112	2112	0	0	644	224	0	2560	3032	1312	
644	0	832	32	32	1632	832	4680	1120	192	
672	80	80	512	3192	1904	0	1888	160	1508	
960	0	708	0	640	240	1232	5112	384	720	
0	1072	0	1392	112	0	0	5276	1152	992	
272	80	112	512	560	1584	1460	3540	480	1396	
0	0	880	160	1312	480	160	5212	720	1072	
272	640	160	672	1272	1344	0	1888	192	3556	
160	832	160	676	560	0	1952	4952	272	432	
272	80	80	512	80	1776	752	2616	2432	1396	
960	80	1072	32	84	0	752	5000	1152	864	
160	1008	320	32	3272	752	0	0	1360	3092	
272	432	80	1152	560	864	1224	4016	240	1156	
752	724	80	1056	560	1860	0	2848	160	1956	
272	640	80	512	560	864	1540	1536	560	3432	
240	320	320	800	640	144	0	4760	1380	1392	
160	0	192	800	1440	0	1392	4872	1060	80	
1908	1760	720	64	640	0	832	3912	0	160	
352	112	160	512	1280	944	0	4088	352	2196	
272	0	80	1152	560	944	708	1412	3472	1396	
0	432	1556	224	0	752	240	1664	5128	0	
0	32	800	640	112	80	1600	4520	1728	484	
320	64	320	0	880	1636	320	3896	2448	112	
832	720	400	0	228	0	0	1760	1440	4616	
272	400	80	512	564	3012	0	2768	832	1556	
0	240	0	4	992	160	2144	5432	832	192	
992	240	32	160	800	1440	432	5228	0	672	
1360	480	4	2996	64	96	0	3876	1120	0	
160	1280	1280	112	192	832	0	704	0	5436	
912	116	464	512	560	1664	0	2976	1396	1396	
1712	720	240	720	0	544	0	2016	3928	116	
0	672	0	0	560	992	80	4632	1440	1620	
272	240	240	160	32	512	3200	4552	564	224	
912	0	112	672	560	1104	3016	1344	240	2036	
384	0	1120	3108	800	944	0	1936	196	1508	

160	640	640	32	0	800	480	4652	880	1872	
272	720	240	1312	480	976	2940	1744	160	1312	
912	1040	720	1952	192	0	4396	32	912	0	
352	880	640	0	0	272	1860	4440	1520	192	
272	720	400	1152	560	1008	2988	1584	160	1312	
1600	192	0	384	112	0	880	32	1632	5324	
480	1428	80	160	1520	0	112	5144	800	432	
1232	32	720	592	0	1120	800	3244	672	1744	
272	720	240	1152	560	1136	2940	1664	160	1312	
1440	320	0	640	992	1072	112	4956	0	624	
640	672	32	1120	1156	160	432	4952	992	0	
192	0	240	672	960	640	1152	4556	1072	672	
784	1120	192	1104	1084	0	112	1312	0	4448	
512	720	1184	0	0	640	320	5004	1056	720	
2080	0	80	0	160	160	64	4272	2428	912	
272	800	400	1152	560	1012	0	2016	1120	2824	
192	880	592	0	0	320	1392	1360	384	5036	
752	112	960	80	0	272	2928	0	640	4412	
0	912	192	0	1200	1500	0	2992	3248	112	
480	1396	240	640	0	80	1152	4024	864	1280	
432	0	1536	480	1360	640	464	4892	192	160	
112	512	672	240	320	1040	192	5084	1024	960	
272	964	400	1152	560	2048	0	2016	160	2584	
0	32	720	720	80	752	160	4908	1504	1280	
272	1764	400	1152	824	976	0	2896	240	1632	
272	836	400	1152	560	1408	0	3576	320	1632	 ***
272	720	240	1552	560	976	2780	1584	160	1312	
192	800	240	1152	560	1296	2780	1664	160	1312	
432	720	400	1508	560	1008	0	3576	160	1792	
240	1044	752	1216	0	0	672	4360	592	1280	
272	724	400	1152	720	1408	0	2736	160	2584	
544	720	400	1152	560	1408	0	3576	160	1636	
80	304	1040	912	320	80	640	4748	1040	992	
720	272	0	0	1232	1072	160	2272	160	4268	
272	1512	480	1152	560	1012	0	3136	160	1872	
240	160	1072	32	640	1104	480	4716	672	1040	
2984	1044	192	80	640	192	160	4864	0	0	
672	880	560	1040	2392	32	0	2132	0	2448	
352	672	80	0	240	240	2880	3420	1472	800	
384	560	32	0	0	960	400	4572	2576	672	
272	720	400	1316	560	1008	0	3652	240	1988	
272	720	240	1232	400	1136	944	1584	1960	1668	
80	0	2624	864	80	960	4892	464	192	0	
0	272	1964	160	80	480	1920	0	5120	160	
592	0	160	0	272	1072	160	4424	864	2612	
272	960	240	1392	560	944	0	2976	228	2584	
0	1120	1152	1548	560	352	160	5200	0	64	
0	80	1960	1476	1280	400	3520	32	0	1408	
2460	240	320	1312	80	240	0	4432	1072	0	
160	192	912	944	800	800	960	5116	272	0	
320	32	640	720	0	1312	1472	4712	544	404	
0	640	640	64	1200	0	1520	816	720	4556	
1664	0	320	144	400	672	672	4204	0	2080	
800	912	720	624	0	0	256	3512	160	3172	
320	320	992	0	672	1608	0	1424	352	4468	
480	1520	512	640	0	80	32	1888	0	5004	
272	720	400	1152	400	1056	2780	1904	160	1312	
352	1040	80	1152	592	976	0	2256	2076	1632	

352	800	80	832	0	544	0	632	4600	880	
720	192	480	320	80	868	1712	0	0	4348	
432	1036	160	832	560	624	0	2260	944	1872	
272	800	112	752	1076	704	2196	1736	240	832	
160	1040	80	352	320	1744	160	3440	1424	0	
720	112	320	32	880	320	116	4668	1232	320	
944	1520	160	0	80	112	784	3564	272	1284	
0	320	960	1404	992	160	80	3844	880	80	
160	240	112	112	992	0	2936	3768	0	400	
1612	1040	112	592	32	992	0	0	4	4336	
1520	720	720	112	912	112	0	4556	0	68	
0	320	832	240	112	32	1076	4156	1552	400	
320	0	160	520	1688	64	1120	0	1312	3536	
352	1440	1120	752	560	624	0	2244	604	1024	 ***
160	712	0	1072	1560	80	0	672	480	3984	
272	880	192	752	320	704	880	1976	960	1784	
480	400	0	356	0	1396	1440	2808	0	1840	
272	800	120	1392	560	704	0	1460	2192	1220	
880	32	0	32	0	724	1348	0	4224	1480	
432	1156	80	752	320	1264	1984	2028	240	464	
1392	160	0	0	912	916	832	4044	0	464	
272	720	80	832	480	352	0	2432	1072	2480	
0	1800	832	0	240	1236	192	0	672	3748	
800	400	320	1124	192	784	1652	3368	0	80	
964	400	704	80	240	320	400	5116	496	0	
0	0	1532	192	0	640	2004	0	160	4192	
1200	0	160	0	752	164	160	3224	1124	1936	
0	960	240	320	704	80	944	3036	0	2436	
1600	160	1440	1232	400	32	0	400	3456	0	
640	672	64	320	0	160	640	3996	1520	708	
912	916	80	832	320	816	640	2028	480	1696	
192	1448	240	752	0	512	752	1912	160	2752	

192	1360	320	80	80	432	0	356	320	4676	
320	1440	320	80	80	512	0	1188	240	3636	
3060	80	0	0	640	640	0	2996	400	0	
0	0	320	160	160	1700	0	4676	800	0	
1024	0	1040	0	0	0	240	5112	0	400	
1200	0	0	0	0	800	0	4292	1300	224	
240	0	1280	36	0	800	192	4804	0	464	
192	80	640	0	0	0	0	5512	1072	320	 ***
0	960	0	720	0	160	0	4516	0	1460	
192	1520	400	80	80	512	0	1060	240	3732	
192	1440	320	80	80	672	2980	1540	240	272	
640	0	0	400	0	0	80	5112	864	720	
192	1360	480	80	80	592	0	1028	240	3764	
0	960	864	480	4	240	400	4164	0	704	
0	2532	160	720	0	0	2292	0	2112	0	
0	720	0	0	0	0	400	0	1396	5300	
160	1360	320	160	80	592	0	356	80	4708	
112	1360	320	80	160	512	0	2216	240	2816	
400	512	960	160	0	0	0	0	5272	512	
352	1440	320	80	80	512	0	1028	240	3764	
240	0	0	112	0	640	0	4660	0	2164	
32	0	320	960	1024	0	0	5480	0	0	
112	1360	320	80	80	512	0	2136	240	2976	
352	1360	320	80	912	512	0	1624	240	2416	
0	240	1424	400	0	0	0	5432	0	320	
0	0	0	640	352	0	0	320	1232	5272	
1780	640	160	80	0	80	0	4884	0	192	

192	80	720	0	160	640	80	4796	1040	1072	
1072	112	640	0	0	0	1552	4764	160	480	
0	720	0	992	80	0	720	5308	0	960	
800	0	0	240	160	0	3572	3128	160	720	
4	240	0	1360	192	0	240	3416	80	3248	
160	1280	112	160	2776	0	0	3892	0	400	
720	160	240	0	160	0	0	0	5384	2116	
240	32	272	4	1920	880	0	5240	0	192	
196	80	1040	80	640	80	0	4744	800	1120	
3288	0	800	0	800	160	0	192	3540	0	
2744	80	1120	160	800	160	3716	0	0	0	
880	880	0	80	240	800	80	5112	516	192	
80	160	320	800	272	0	1440	2500	3208	0	
240	720	0	0	0	4	272	3248	2936	1360	
160	160	240	240	0	1312	0	5752	916	0	 ***
2400	488	160	0	0	320	0	4212	800	400	
0	0	0	480	0	80	3384	2916	640	1280	
272	0	960	160	0	0	0	0	5432	1956	
1752	644	400	80	0	0	0	3120	2544	240	
0	0	0	960	1236	800	320	5272	192	0	
80	160	32	32	240	0	800	5244	512	1680	
80	240	32	640	80	36	1040	5320	1312	0	
0	1280	160	0	752	0	804	5480	80	224	
160	160	1280	112	0	0	880	4588	480	1120	

832	160	0	1716	80	320	628	4724	0	272	
84	84	800	192	320	32	160	4196	2160	704	
2436	1360	0	244	240	0	0	3344	244	864	
720	352	80	160	0	1280	32	1156	884	4068	
80	0	240	884	564	1440	0	4500	384	640	
880	80	2100	0	0	80	1312	2756	4	1520	
116	0	752	80	1440	720	720	4072	0	832	
112	240	720	240	0	1280	752	4988	240	160	
720	240	32	240	1520	36	160	4516	0	1268	
80	0	320	2368	0	2000	1044	2648	272	0	
1472	2772	80	240	964	32	0	0	3088	84	
80	0	0	720	752	2356	560	116	0	4148	
192	0	880	0	640	2196	32	4036	116	640	
800	0	0	752	36	1520	832	4040	432	320	
400	640	244	1280	352	276	0	4148	1360	32	
80	704	720	0	0	880	912	0	3656	1780	
160	1312	80	640	1392	196	0	4072	160	720	
80	352	80	160	0	1280	3204	2500	1076	0	
0	80	32	272	0	1312	1028	4004	884	1120	
160	0	320	1600	112	1312	0	4988	240	0	 ***
0	404	640	320	32	1552	0	5464	320	0	
80	80	752	160	1828	1360	0	4232	240	0	
84	112	2148	1952	1744	0	1776	0	916	0	
0	192	0	912	964	80	3192	0	3392	0	
192	272	240	320	0	1280	0	2340	4088	0	
240	240	916	800	0	1280	0	4824	400	32	
2800	1392	320	884	800	0	0	2376	160	0	
80	2596	0	84	320	800	3956	672	224	0	
0	0	0	720	80	0	160	1824	4468	1480	
80	800	1956	720	160	0	4004	192	720	100	
80	832	160	836	704	480	0	4164	1476	0	
1664	640	1040	516	304	1184	3384	0	0	0	
2580	1040	320	800	804	160	0	0	2196	832	
192	164	0	2580	1280	0	996	2240	1280	0	
432	1632	80	80	0	1200	0	2948	2352	8	
0	884	160	0	800	0	912	4616	1360	0	
832	1408	756	640	0	0	3416	1520	160	0	
804	144	32	800	0	404	240	5028	1120	160	
80	800	112	240	320	1280	32	4308	760	800	
80	0	640	80	224	720	2308	4040	640	0	
0	196	80	1360	0	240	0	4676	1988	192	
640	644	912	352	0	0	916	724	0	4544	
0	80	4	0	512	0	2160	1024	640	4312	

1540	1280	0	2112	112	160	840	3316	0	0	
800	80	0	240	0	1952	0	4316	1872	100	
2676	992	160	0	0	4	0	3128	480	1920	
640	0	32	0	192	0	320	3608	0	4568	
320	0	0	0	4	672	4952	3172	160	80	
964	0	640	1440	80	676	32	5528	0	0	
160	2360	960	0	0	0	4520	0	1280	80	
80	0	240	1600	784	432	0	6064	160	0	 ***
240	192	0	672	0	0	2708	4316	832	400	
644	1280	80	0	1552	144	240	4036	0	1384	
0	2448	0	1476	160	672	160	0	4364	80	
80	160	320	0	276	640	800	1312	0	5772	
964	0	1120	1440	196	32	0	5608	0	0	
400	0	0	2592	0	320	880	4272	896	0	
192	0	4	1440	356	0	1040	4072	2256	0	
80	0	2852	640	0	0	0	2112	3676	0	
720	0	1344	272	1712	676	0	3836	0	800	
0	0	640	160	0	2840	1936	3144	0	640	
2740	112	0	0	0	160	640	3948	1760	0	
640	1776	2260	0	0	640	944	2748	352	0	
0	36	80	3236	80	1312	160	4296	160	0	
2164	0	0	0	116	320	2056	3424	1280	0	
1264	672	2312	800	0	32	164	4116	0	0	

800	0	160	1472	0	0	80	4248	32	2776	
672	192	0	320	640	0	500	80	1440	5724	
0	0	160	1840	832	432	0	5824	480	0	
0	640	0	0	1424	160	2020	4604	0	720	
160	0	1284	2352	672	400	0	4428	272	0	
192	32	0	2180	640	400	640	5164	0	320	
1460	992	1440	0	0	1920	80	3676	0	0	
32	640	32	2148	0	0	240	4284	880	1312	
32	0	0	912	0	2824	320	4488	992	0	
2036	0	320	0	0	0	240	4220	0	2752	
0	0	0	1632	1072	512	0	6032	320	0	 ***
320	0	0	0	2668	672	0	0	960	4948	
0	160	160	640	0	560	960	5824	784	480	
1600	880	2744	320	0	1232	0	0	2792	0	
160	2148	0	800	0	400	0	0	672	5388	

192	640	1360	80	640	432	192	800	2696	3564	
640	32	640	160	0	32	752	5396	880	2064	
1552	244	0	640	0	32	3448	3044	800	836	
992	640	80	640	0	0	480	1392	2144	4228	
2464	480	80	352	1040	560	640	4068	912	0	
336	1120	0	192	1784	0	2544	3656	640	324	
1280	80	720	272	592	640	1504	4516	0	992	
352	640	80	672	320	80	80	5508	1232	1632	
32	0	800	960	960	400	720	4544	160	2020	
672	80	1392	960	0	720	400	5324	888	160	
0	912	80	1472	1120	484	0	6016	512	0	 ***
720	192	0	0	432	512	4036	3824	0	880	
1796	480	0	1280	160	2052	0	640	3432	756	
0	400	64	1152	1904	0	2196	4240	640	0	

0	800	244	864	960	320	0	6064	832	0	 ***
0	1152	240	0	800	2800	2284	944	0	1864	
0	800	240	864	960	320	0	6064	836	0	
644	832	32	832	960	0	0	6112	672	0	
160	832	80	2116	960	1048	0	2612	2276	0	
0	832	720	1796	960	564	0	4860	192	160	

