#9032.27	29148	29325	0	0	 63 ***
#8331.46	31921	29325	0	0	 57 
#9043.57	25523	29325	0	0	 21 
#9413.61	23332	29325	0	0	 20 
#9136.32	24584	29325	0	0	 16 

8902.21	23919	25246	33	995	 92 
8907.74	24008	25246	31	717	 91 
8905.78	24764	25246	30	503	 89 ***
10085.5	20169	25246	57	2696	 87 
8907.77	26971	25246	28	494	 87 
10105.7	19226	25246	54	2213	 84 
10089.5	19786	25246	53	2714	 78 
10101.2	16617	25246	82	2849	 77 
10099.3	19118	25246	56	2240	 74 
10089.4	17265	25246	59	2798	 73 
10090.3	21597	25246	38	1131	 68 
9022.13	18404	25246	71	2477	 66 
9498.21	18519	25246	59	2634	 66 
10109.7	25061	25246	28	896	 61 
8410.75	17696	25246	74	2871	 53 
10084.4	17448	25246	61	2668	 52 
8903.32	23250	25246	34	1008	 50 
8905	20667	25246	45	1021	 44 
8902.83	19323	25246	60	2642	 43 
10099.7	15330	25246	86	3147	 42 
10101.3	20683	25246	44	1254	 40 
10095.4	16928	25246	60	2445	 35 
8899.26	20443	25246	66	2473	 34 
8903	17519	25246	81	2623	 34 
9287.08	17949	25246	60	2645	 29 
9015.39	18884	25246	70	2849	 23 
10095.9	17946	25246	57	2656	 22 
8907.84	21296	25246	44	885	 22 
10087.6	22638	25246	36	1008	 11 
10095.5	24687	25246	30	940	 10 
10104.2	19704	25246	52	2207	 9 
8107.45	22856	25246	78	2984	 8 
8908.9	21726	25246	39	870	 3 
8483.66	22094	25246	60	2624	 2 

8958.05	19355	26494	74	2753	 100 
8957.6	20894	26494	65	2441	 90 
9052.48	18860	26494	79	2747	 88 
8955.22	21841	26494	15	415	 86 
10150.1	21139	26494	26	400	 79 
10129.4	16849	26494	82	2944	 78 
8960.78	21571	26494	16	419	 77 ***
8960.71	21643	26494	18	446	 73 
9055.32	18655	26494	66	2624	 70 
8354.07	20285	26494	66	2515	 69 
9339.28	21359	26494	63	2439	 63 
9538.44	20167	26494	63	2546	 60 
10133.5	16859	26494	80	2764	 54 
8947.76	19738	26494	72	2841	 51 
10140.7	21537	26494	37	985	 51 
8954.31	24850	26494	20	562	 50 
8729.31	20063	26494	72	2856	 45 
8728.61	19576	26494	76	2886	 41 
8950.18	19600	26494	73	2852	 39 
10151.9	17926	26494	63	2537	 36 
10132.2	19120	26494	45	1545	 32 
10146.3	21084	26494	34	720	 31 
10135.1	19066	26494	62	2325	 30 
10140.4	16283	26494	72	2504	 25 
10148.8	16076	26494	65	2287	 19 
10150.2	19087	26494	60	2225	 18 
10140.1	18023	26494	62	2259	 11 
8277.71	20483	26494	80	2881	 11 
8953.95	25289	26494	16	831	 10 
10142.9	20901	26494	38	1240	 7 
8958.33	20099	26494	68	2379	 3 
9333.5	16894	26494	64	2496	 1 
9061.8	17288	26494	74	2558	 1 

9197.66	14754	29672	74	2722	 100 
9095.18	17062	29672	32	725	 90 
10281.4	14375	29672	51	2182	 88 
7781.07	17217	29672	73	2509	 84 
9081.18	17820	29672	38	1179	 82 
9080.79	20746	29672	32	771	 81 
9670.42	13711	29672	78	2948	 80 
9086.74	17228	29672	40	1023	 80 
8856.62	18465	29672	53	2376	 79 
10277.9	15510	29672	47	2244	 78 
9203.26	13848	29672	69	2471	 77 
10276.2	14859	29672	51	1892	 76 
9087	15476	29672	51	1792	 72 
9663	15020	29672	53	2331	 70 
9079.55	15790	29672	59	1888	 69 
10282.5	15260	29672	49	2159	 66 
10280.4	15477	29672	50	2128	 66 
10270.6	14703	29672	56	2460	 63 
10293	14059	29672	51	2113	 57 
9197.53	15368	29672	56	2471	 55 
9088.31	17340	29672	10	417	 54 
9083.25	19868	29672	19	567	 43 
10268.5	15627	29672	50	1854	 41 
10288	15250	29672	49	1649	 41 
10276.3	13471	29672	52	2362	 38 
10284.5	15166	29672	50	2170	 35 
9082.59	17451	29672	48	1584	 33 
9461.16	15160	29672	68	2515	 30 
10273.8	14810	29672	54	2352	 24 
10285.3	15637	29672	46	2099	 21 
8856.52	15957	29672	56	2280	 19 
9668.52	15779	29672	48	1708	 17 
8042.25	14903	29672	70	2658	 15 
9095.41	15881	29672	24	717	 15 
9076.9	15802	29672	67	2438	 11 
8482.5	17456	29672	61	2464	 10 
9086.7	17269	29672	12	325	 9 ***
9669.04	15246	29672	51	1999	 8 
9081.3	19819	29672	31	711	 7 
8041.56	16770	29672	72	2665	 4 
10284.3	15699	29672	44	1569	 3 

10125.8	10710	29293	47	1903	 82 
7631.31	12824	29293	69	2531	 79 
8937.95	10201	29293	67	2604	 75 
7859.73	12812	29293	67	2608	 73 
9070.1	10743	29293	36	1589	 72 
9045.94	10794	29293	39	2034	 71 
10106.4	9806	29293	68	2432	 71 
10139.2	13673	29293	4	308	 66 
8124.59	13562	29293	33	780	 62 
8345.16	10375	29293	67	2524	 54 
10142.4	10103	29293	44	2056	 54 
8937.8	13707	29293	2	6	 47 
8943.76	11124	29293	64	2441	 46 
8123.05	15300	29293	37	820	 39 
7865.92	12602	29293	69	2412	 38 
9317.65	10110	29293	64	2283	 33 
8125.78	11743	29293	8	60	 31 ***
8935.49	11670	29293	8	60	 27 
8247.8	11014	29293	66	2578	 25 
7909.19	13647	29293	46	1801	 17 
9064.38	10844	29293	38	1515	 14 
10110.1	10722	29293	63	2197	 14 
8935.29	11661	29293	40	1999	 12 
7913.97	12393	29293	68	2572	 10 
8268.59	11720	29293	56	2227	 9 
8935.24	11834	29293	7	45	 7 
10139.1	11585	29293	34	1494	 4 

8831.84	12371	27923	5	160	 86 
7758.92	14865	27923	49	1614	 85 
8044.95	11583	27923	61	2031	 85 
8330.6	11527	27923	62	2229	 74 
10012.5	10708	27923	62	2166	 72 
10026.3	10662	27923	38	1829	 64 
10026.2	11239	27923	28	1608	 64 
9223.88	12518	27923	4	374	 62 
8025.95	13728	27923	11	344	 52 
8351.46	10866	27923	29	1616	 42 
8830.5	13863	27923	7	693	 39 
8023.04	12477	27923	59	1921	 33 
10017.1	10493	27923	62	2127	 26 
8034.63	13584	27923	37	840	 14 
10021.1	11585	27923	27	1190	 8 
7535.25	11878	27923	63	2325	 8 
8827.71	11606	27923	8	237	 7 ***
10026.5	10400	27923	32	1463	 5 

8663.36	10937	23299	8	165	 99 
7727.17	11661	23299	57	2346	 82 
9246.49	8562	23299	54	2265	 79 
8662.55	11495	23299	5	83	 77 
8662.6	11405	23299	3	38	 71 
7690.41	10225	23299	64	2336	 56 
8437.31	8782	23299	62	2248	 43 
6907.56	10821	23299	59	2087	 40 
7257.81	11844	23299	36	1824	 32 
8667.4	10130	23299	7	135	 30 
7852.92	9412	23299	14	212	 29 ***
8662.42	11857	23299	10	97	 18 
7861.5	9027	23299	35	1892	 14 
9859.87	11308	23299	4	282	 12 
9058.57	8798	23299	32	1734	 1 

8643.46	10583	22329	36	1424	 85 
9237.72	10514	22329	51	1641	 80 
7833.93	10934	22329	21	580	 80 
8053.95	10785	22329	52	1796	 56 
7572.26	12422	22329	48	1804	 41 
7699.38	11048	22329	59	2341	 41 
7832.2	11218	22329	13	502	 21 ***

10108.2	13666	26894	31	1046	 99 
10125.3	15292	26894	8	800	 96 
10123.9	13492	26894	59	1860	 95 
9318.77	13776	26894	28	861	 86 
8125.1	14889	26894	27	578	 80 
8122.07	14779	26894	29	946	 76 
8934.49	13922	26894	26	520	 70 
10141.4	13488	26894	33	1670	 65 
8127.15	16101	26894	13	542	 65 
10108.7	13505	26894	60	2117	 42 
7512.6	13756	26894	35	582	 33 
8145.25	14010	26894	21	452	 26 
10118.4	13416	26894	67	2212	 24 
10129.4	13656	26894	57	2175	 18 
10125.7	14491	26894	10	626	 18 
8134.26	14433	26894	27	568	 7 
8930.05	16269	26894	7	77	 0 ***

9919.06	11347	24404	64	2407	 94 
9925.21	12925	24404	13	775	 77 
7935.68	12766	24404	24	599	 70 
7917.49	13294	24404	54	2221	 62 
8729.82	13537	24404	13	499	 62 
7917.59	11411	24404	25	614	 56 
7760.08	12824	24404	66	2400	 47 
7776.84	12965	24404	65	2558	 6 
9935.8	10948	24404	52	2104	 3 
8127.99	11930	24404	18	670	 2 ***

8084.2	12287	24831	3	145	 99 
9076.15	11630	24831	7	482	 68 
7892.09	12610	24831	13	378	 56 
8084.6	12050	24831	4	162	 55 ***
7614.8	14358	24831	63	2070	 49 
8678.55	11998	24831	59	1785	 47 
9283.25	11934	24831	3	368	 3 
9280.19	11628	24831	27	1153	 2 

7248.13	13669	23425	15	271	 90 
8056.03	13120	23425	23	723	 89 
7974.25	13109	23425	67	2081	 70 
7981.9	12998	23425	61	1985	 48 
9257.54	12137	23425	3	141	 48 
8055.99	13339	23425	24	764	 45 
8058.51	12053	23425	16	534	 43 
9856.4	11978	23425	17	887	 22 
8056.82	12183	23425	2	12	 10 ***

8055.96	13658	23944	4	11	 73 ***

8254.93	15385	25835	26	809	 91 
7761.72	15018	25835	58	1368	 88 
8607.01	13149	25835	27	1004	 73 
9427.16	11886	25835	68	1789	 69 
10035	14624	25835	15	386	 67 ***
10024.8	15390	25835	17	1189	 63 
10030.5	14979	25835	15	870	 58 
10032.5	16177	25835	12	513	 56 
9436.68	14989	25835	22	647	 54 
8835.43	14426	25835	23	530	 50 
8834.74	15102	25835	22	1206	 49 
10044.6	11749	25835	38	1558	 48 
8428	12521	25835	43	1394	 33 
9438.3	16322	25835	15	536	 29 
10034.9	12416	25835	39	1439	 13 
8128.93	14351	25835	71	1948	 11 
8238.4	16020	25835	25	716	 2 

10168.8	15264	27228	50	1741	 99 
8968.76	17835	27228	51	1601	 95 
9568.47	14315	27228	51	1943	 94 
10153.8	16395	27228	48	1435	 88 
8955.32	18572	27228	53	1491	 76 
9553.83	15405	27228	54	1911	 71 
8963.93	17640	27228	52	1372	 67 
10166.2	16780	27228	47	1715	 65 
8933.89	12966	27228	72	2268	 62 
9358.9	15106	27228	58	1556	 59 
10155.6	17401	27228	28	1012	 57 
10172.9	17694	27228	10	250	 53 ***
8984.25	16894	27228	55	1669	 52 
9362.47	17149	27228	53	1862	 50 
10157.8	18756	27228	14	427	 48 
9357.14	18603	27228	26	943	 43 
8739.72	13900	27228	60	1791	 24 
10158.6	17769	27228	21	1137	 22 
9071.63	16093	27228	55	2003	 19 
10155.4	17823	27228	26	1209	 16 
9363.04	18049	27228	48	1350	 10 
8978.82	17280	27228	56	2061	 8 
10160.4	16979	27228	12	511	 6 

10179.9	18249	26361	6	87	 100 
9363.63	18437	26361	10	482	 95 ***
8982.09	17811	26361	55	2190	 88 
9088.25	14684	26361	67	2337	 86 
8994.07	17707	26361	64	2229	 77 
10174.1	13619	26361	65	2623	 69 
10178.8	17002	26361	21	497	 55 
10178.3	18796	26361	9	130	 44 
10172.8	17336	26361	50	1939	 38 
8980.83	19213	26361	55	2140	 31 
9561.5	14530	26361	57	2266	 29 
10178.9	19207	26361	8	89	 27 
10169.1	16578	26361	51	1751	 25 
10164	17178	26361	52	2374	 21 
8753.88	13280	26361	68	2569	 15 
10164.7	17155	26361	51	2026	 13 
10185.4	15109	26361	51	2458	 8 
9085.46	15854	26361	53	2465	 6 
10178.2	18053	26361	16	534	 0 

9280.52	17005	28254	22	634	 96 
9494.69	11888	28254	66	2156	 94 
9295.54	16094	28254	23	876	 87 
7817.23	14084	28254	54	2123	 86 
10102.4	13596	28254	39	2083	 83 
8436.77	12231	28254	40	2000	 76 
9295.94	12002	28254	54	2203	 75 
8202.54	12143	28254	68	2242	 71 
9298.54	16638	28254	10	257	 66 ***
9292.32	16468	28254	14	522	 57 
7836.92	13168	28254	69	2343	 49 
10102.1	13920	28254	39	1852	 36 
10105.4	13239	28254	39	1884	 33 
9287.94	16940	28254	28	742	 33 
10101.5	12196	28254	46	2100	 29 
7306.01	13524	28254	65	2329	 26 
8201.93	12743	28254	40	1960	 24 
9288.72	15787	28254	26	911	 13 
8422.6	11986	28254	64	2052	 10 
9280.04	12224	28254	61	1774	 9 
9297.6	16218	28254	21	895	 8 
9281.1	17199	28254	20	508	 5 
9305.47	12013	28254	50	1949	 3 
9290.59	16330	28254	15	270	 2 

7011.09	13168	27773	69	2409	 95 
7591.07	13022	27773	65	2188	 93 
9278.74	15764	27773	22	879	 92 
9465.62	13889	27773	51	2068	 91 
10076.1	13845	27773	50	2103	 89 
9270.58	16398	27773	19	638	 89 
9278.57	15526	27773	24	1005	 88 
10079.2	13595	27773	49	2056	 85 
9278.86	15632	27773	9	337	 82 ***
9269.43	16423	27773	19	612	 78 
9279.75	16679	27773	4	312	 75 
9275.06	16592	27773	9	138	 70 
10085.7	16260	27773	7	74	 69 
10086.1	13798	27773	48	1937	 65 
9278.33	16556	27773	8	78	 62 
9486.19	12377	27773	51	2034	 61 
9261.61	14063	27773	47	1176	 61 
7021.56	13032	27773	65	2359	 57 
8671.8	11909	27773	69	2359	 53 
9277.42	16505	27773	9	82	 52 
9268.97	16244	27773	20	642	 50 
10096.8	13509	27773	49	1977	 47 
9266.19	11934	27773	55	2113	 42 
9273.81	13374	27773	52	1890	 26 
8679.17	14039	27773	48	1945	 26 
9278.35	15940	27773	14	445	 23 
9277.95	16260	27773	17	494	 22 
9281.33	16444	27773	7	74	 17 
7925.99	12133	27773	53	2159	 16 
8214.03	14220	27773	51	1865	 15 
9270.97	14513	27773	43	1233	 11 
9272.49	16278	27773	19	612	 10 
9277.43	16304	27773	16	450	 7 

9209.32	13129	24667	21	659	 95 
9222.74	12142	24667	17	711	 90 
9427.59	10422	24667	42	1772	 84 
9228.8	12544	24667	16	338	 80 
9216.47	13309	24667	16	567	 73 
9225.87	12640	24667	15	816	 71 
9214.08	8827	24667	60	1863	 70 
8832.78	9437	24667	50	1711	 69 
8973.07	10336	24667	48	1562	 69 
9225.92	12685	24667	14	808	 67 
7539.78	9910	24667	55	1760	 65 
8034.18	12162	24667	47	1640	 64 
8611.08	10084	24667	52	1686	 63 
8951.42	11911	24667	44	1319	 62 
6929.32	10395	24667	48	1337	 62 
10031.2	12023	24667	13	595	 62 
9221.23	12836	24667	9	376	 61 ***
8946.63	10854	24667	45	1340	 58 
9219.24	11594	24667	22	931	 56 
8943.73	11921	24667	42	1343	 55 
8340.26	11372	24667	47	1307	 54 
9213.58	12595	24667	19	668	 52 
8812.33	10390	24667	50	1898	 47 
8032.88	9647	24667	66	1893	 46 
9219.87	11828	24667	19	553	 46 
8829.91	10653	24667	47	1397	 44 
8953.29	9142	24667	63	1992	 44 
9219.69	12932	24667	15	708	 44 
8038.44	10109	24667	53	1791	 36 
9219.98	11477	24667	41	1125	 35 
8623.03	10325	24667	51	1636	 35 
9230.91	8591	24667	55	1663	 33 
8142.05	9241	24667	61	1902	 30 
9207.3	13029	24667	22	656	 26 
9214.37	9094	24667	47	1748	 22 
9218.49	12950	24667	18	501	 21 
7328.53	10198	24667	63	1881	 19 
9208.23	12957	24667	25	746	 16 
10031.2	10233	24667	43	1267	 6 
8951.48	10754	24667	43	1345	 4 
9213.04	12793	24667	24	989	 2 
8156.86	9237	24667	60	2035	 0 
9218.53	12398	24667	22	676	 0 

9019.61	10656	20742	34	896	 99 
8744.41	9915	20742	36	1164	 98 
7138.03	6385	20742	46	1837	 98 
8212.6	10196	20742	42	1432	 98 
8423.74	8806	20742	41	1131	 96 
6515.97	6284	20742	58	1946	 94 
7616.44	6093	20742	43	1758	 94 
9014.31	9730	20742	35	996	 88 
8421.66	5929	20742	59	1720	 86 
8759.88	9864	20742	40	1447	 75 
9012.2	9627	20742	37	1019	 67 
9027.33	10335	20742	24	490	 64 
6739.26	6146	20742	48	1871	 57 
9011.58	9129	20742	40	1046	 57 
9028.18	8714	20742	42	1260	 50 
6759.22	6034	20742	61	2016	 48 
9822.5	8381	20742	42	1748	 45 
5350.09	6679	20742	48	1889	 44 
6408.51	6321	20742	50	1933	 43 
7810.1	5937	20742	61	2024	 43 
9018.25	9609	20742	38	933	 41 
6360.81	6439	20742	52	1961	 32 
6792.04	7579	20742	43	1788	 31 
5312.19	6867	20742	45	1800	 27 
9021.35	8899	20742	28	927	 25 ***
5469.54	6608	20742	54	1655	 23 
8157.99	5949	20742	53	1686	 22 
6615.67	6085	20742	52	1737	 14 
5331.45	6355	20742	57	2008	 11 
7019.8	6764	20742	47	1912	 11 
9026.51	10493	20742	27	528	 6 
5600.58	6612	20742	52	1720	 5 
7596.58	7550	20742	44	1813	 5 

7755.85	8939	22469	34	1231	 100 
9243.19	10814	22469	27	1256	 92 
8167.5	10147	22469	31	1125	 90 
8971.44	9747	22469	31	1153	 81 
7360.52	9153	22469	57	1852	 80 
9251.15	10850	22469	25	619	 77 
8652.45	10234	22469	29	1295	 69 
9231.36	8251	22469	32	1203	 69 
7562.12	11184	22469	35	1219	 68 
9263.89	10792	22469	21	473	 67 
7176.57	9659	22469	59	1875	 65 
8640.94	11134	22469	30	1249	 64 
9253.04	12143	22469	18	626	 62 
7297.93	10076	22469	45	1498	 59 
7447.94	9009	22469	44	1331	 56 
7562.73	8491	22469	48	1570	 52 
10063.8	10451	22469	28	1271	 51 
7773.73	8650	22469	33	1341	 48 
10071.2	12249	22469	16	549	 47 
9253.55	12278	22469	10	268	 44 ***
9453.81	10563	22469	27	1036	 41 
8846.61	8627	22469	39	1539	 39 
9457.36	11303	22469	18	420	 37 
6375.75	10243	22469	45	1483	 35 
8265.71	11438	22469	24	881	 31 
6563.73	11375	22469	44	1320	 30 
6973.41	10374	22469	37	1411	 28 
9256.55	11034	22469	24	620	 26 
7634.12	11409	22469	34	1254	 20 
8442.08	11730	22469	23	563	 9 
6976.65	9904	22469	48	1532	 7 
7348.98	9272	22469	44	1427	 4 

7043.56	10557	22941	51	2073	 94 
7930.12	11987	22941	37	2161	 94 
9342.55	10724	22941	19	498	 86 
8155.59	10838	22941	38	1936	 77 
8466.66	9456	22941	41	2158	 77 
10165.4	9265	22941	35	730	 74 
8354.78	10540	22941	35	2025	 72 
8740.39	10138	22941	38	2047	 69 
8476.1	8839	22941	45	1776	 65 
7939.35	12222	22941	31	593	 57 
8730.57	10849	22941	34	2086	 52 
8543.76	12263	22941	17	412	 50 
8269.43	10326	22941	38	1871	 43 
8279.5	10910	22941	34	2010	 40 
8143.95	11288	22941	36	1798	 38 
8476.25	11544	22941	30	1898	 38 
8357.74	10177	22941	45	2117	 36 
8265.51	12566	22941	30	1803	 31 
8742.83	9321	22941	21	749	 31 ***
8151.29	10696	22941	40	2180	 27 
7462.72	9488	22941	51	1790	 27 
7191.76	11642	22941	38	1767	 26 
7451.8	9859	22941	60	2519	 21 
7462.15	10293	22941	58	2183	 20 
7876.52	11049	22941	39	2256	 15 
8742.72	11001	22941	22	398	 11 
8739.8	10590	22941	34	670	 8 
7661.95	11604	22941	47	1874	 7 
8448.11	10081	22941	47	1589	 7 
8550.09	11492	22941	24	624	 5 

6775.23	10133	21496	51	2063	 98 
9499.17	7876	21496	48	2145	 94 
9479.93	9625	21496	32	593	 81 
8666.55	9812	21496	30	1599	 78 
6780.75	9833	21496	47	2182	 71 
8212.69	10893	21496	20	790	 71 
7593.19	11203	21496	37	1965	 67 
7593.57	9352	21496	33	710	 65 
6512.52	8868	21496	52	2288	 58 
7613.26	10879	21496	31	797	 49 
5338.03	9343	21496	60	2437	 48 
8883.13	8155	21496	55	2295	 47 
8414.76	10469	21496	14	640	 45 ***
7202.52	9242	21496	41	2003	 43 
7492.81	8977	21496	40	1955	 42 
6994.58	8138	21496	58	2400	 41 
8401.74	9902	21496	32	579	 38 
8199.14	8549	21496	55	2332	 37 
7222.71	10226	21496	40	1667	 36 
8271.58	8517	21496	54	2143	 33 
7101.65	10852	21496	46	1764	 30 
9282.35	8561	21496	51	2089	 20 
9260.05	9804	21496	31	2060	 20 
8397.58	8641	21496	50	1931	 17 
7604.29	10147	21496	32	673	 17 
8214.76	11147	21496	17	682	 13 
10070.8	9429	21496	32	1627	 4 
7586.1	10076	21496	38	2033	 2 
9267.05	9260	21496	38	1968	 2 

9389.59	9161	21882	25	1293	 96 
6915.64	11616	21882	55	1614	 91 
8314.76	10118	21882	29	1488	 90 
9405.47	11210	21882	10	149	 89 
7507.59	9585	21882	33	1820	 87 
7323.73	10576	21882	30	1616	 87 
7133.73	11282	21882	34	1691	 86 
8320.68	11212	21882	9	427	 86 ***
6331.74	6815	21882	60	2012	 79 
8003.46	11185	21882	27	1620	 78 
7156.87	9348	21882	53	1969	 78 
7762.76	9887	21882	31	1440	 78 
5832.52	9170	21882	57	1734	 64 
7602.59	9583	21882	36	1798	 64 
8925.32	11434	21882	6	93	 60 
7047.7	9987	21882	54	1874	 56 
8321.68	8994	21882	42	1758	 47 
7322.08	10470	21882	50	2045	 46 
7194.06	11066	21882	28	1420	 45 
6443.68	10569	21882	56	2101	 43 
6927.94	11291	21882	35	1697	 43 
9401.68	11039	21882	15	445	 42 
9401.53	10947	21882	24	1286	 39 
8323.43	9928	21882	29	1575	 38 
6523.96	8225	21882	56	2031	 33 
8799.65	7844	21882	30	1163	 33 
8382.68	8373	21882	30	1534	 33 
7318.28	7599	21882	59	2211	 31 
7410.12	7632	21882	47	1957	 29 
7383.99	8953	21882	55	1876	 28 
7860.46	9342	21882	32	1565	 28 
7991.63	10540	21882	29	1212	 17 
8113.04	10173	21882	25	1348	 10 
7142.63	9944	21882	53	2014	 0 
7393.5	9612	21882	32	1749	 0 

10152.9	12511	24549	25	1580	 95 
7663.99	11377	24549	33	1809	 94 
8733.65	10227	24549	31	1598	 89 
7553.25	12227	24549	28	1557	 87 
7202.84	11686	24549	44	1686	 87 
9562.92	12110	24549	26	1220	 78 
8948.71	12088	24549	29	1545	 76 
6844.29	12021	24549	63	2352	 76 
9556.08	12068	24549	29	1544	 73 
8475.83	13935	24549	17	571	 71 
8173.13	11350	24549	30	1789	 63 
9065.76	13497	24549	14	488	 63 
8957.43	12226	24549	26	1641	 55 
10134.3	11558	24549	28	1657	 50 
8955.24	13546	24549	27	1480	 46 
9081.82	12725	24549	25	1482	 44 
9340.45	12215	24549	28	1672	 17 
7472.57	12830	24549	31	1552	 17 
9073.1	12756	24549	12	481	 16 ***
10156.6	12822	24549	10	473	 11 
10156.9	12263	24549	12	428	 6 

9666.45	10099	25922	43	1810	 100 
9043.52	10998	25922	29	1474	 97 
8666.89	10773	25922	36	1701	 94 
7656.51	11252	25922	42	1533	 92 
9460.58	9526	25922	66	2430	 87 
8135.84	11545	25922	38	1620	 78 
9195.9	10764	25922	7	621	 75 
9486.75	10078	25922	54	1930	 73 
7458.34	11245	25922	62	2381	 67 
10265.9	9360	25922	64	1981	 60 
8278.81	11242	25922	32	1578	 57 
9180.98	11178	25922	8	376	 55 
10276.6	9542	25922	50	1774	 51 
9174.8	11241	25922	16	211	 50 
9454.76	10438	25922	37	1587	 49 
9185.42	10003	25922	58	2078	 41 
10260.5	10017	25922	33	1499	 31 
9179.6	11560	25922	10	427	 27 
8848.29	9565	25922	65	2239	 22 
10277.2	9277	25922	68	2499	 22 
8269.92	10324	25922	38	1459	 22 
9186.1	9818	25922	57	2156	 21 
10253.9	10315	25922	31	1559	 19 
8017.59	10726	25922	52	2207	 17 
9185.16	10924	25922	6	377	 15 ***
9183.24	11073	25922	9	620	 14 
9659.02	9627	25922	46	2137	 8 

