#38	18	80	13	88	36	261	0	213	0	 ***
#11	20	59	66	50	15	41	274	6	205	

36	18	72	26	94	54	145	0	242	0	
25	15	34	44	27	21	236	28	72	185	
22	52	72	12	92	36	238	0	163	0	 ***
38	26	72	8	90	56	253	0	144	0	
26	18	72	24	58	39	282	0	116	52	
26	18	56	46	88	54	15	0	144	240	
22	72	56	10	88	38	14	0	145	242	

71	18	35	30	46	47	234	113	117	0	
24	52	72	12	62	6	275	0	144	64	
70	2	139	4	6	0	150	229	111	0	
22	60	72	114	92	40	175	0	136	0	
59	52	74	21	90	9	247	0	159	0	 ***
24	54	90	44	92	8	220	0	179	0	
26	52	72	24	108	10	181	0	238	0	
26	52	84	14	60	10	273	65	127	0	
0	0	58	16	26	38	58	159	290	66	
58	84	72	12	94	4	28	240	119	0	
22	52	74	12	108	4	44	0	159	236	
24	52	70	16	60	54	271	0	99	65	
2	50	24	34	6	50	279	54	106	106	
22	84	88	12	92	36	18	236	123	0	

0	107	50	154	40	124	231	66	0	0	
58	82	74	12	58	4	100	74	310	0	
44	18	40	98	6	52	78	300	36	100	
52	34	74	90	58	34	282	52	96	0	
66	66	66	28	58	4	327	0	85	72	
58	60	32	68	74	22	0	285	80	93	
8	54	50	8	104	99	138	293	0	18	
32	26	62	0	54	0	66	139	325	68	
22	52	34	64	22	18	106	92	324	38	
56	34	72	44	90	44	289	88	55	0	
70	28	18	38	88	18	126	294	92	0	
54	0	12	113	74	80	4	0	140	295	
59	36	66	52	90	40	252	0	177	0	 ***
46	12	6	50	4	18	196	80	274	86	
48	0	14	92	111	32	277	54	132	12	

26	0	0	44	18	98	154	38	276	48	
106	0	24	154	0	98	10	224	64	22	
20	128	0	64	40	0	44	96	240	70	
6	34	58	72	62	36	80	36	318	0	
0	40	8	4	48	34	178	344	44	2	
22	36	14	0	98	52	290	66	124	0	
13	36	60	40	66	41	330	0	116	0	
14	36	104	40	61	36	291	0	120	0	 ***
0	0	68	36	0	50	52	160	296	40	
38	36	64	44	61	44	156	0	259	0	
16	0	66	32	0	20	158	306	104	0	
0	20	64	8	12	100	126	20	302	50	
68	0	128	0	34	28	85	0	265	94	
11	40	62	48	90	36	297	0	118	0	
42	154	60	69	60	8	0	0	237	72	

0	34	16	46	52	66	261	24	44	110	
0	22	0	120	88	16	227	44	76	60	
16	38	70	40	56	48	262	47	76	0	
30	44	4	139	2	0	30	224	84	96	
14	40	80	44	73	57	87	28	230	0	
52	8	24	50	50	36	265	114	24	30	
28	4	4	46	42	50	269	12	54	144	
4	16	42	10	98	6	60	0	249	168	
16	46	64	56	44	68	74	34	247	4	
0	68	34	44	38	78	235	42	104	10	
32	60	32	2	42	16	279	8	74	108	
2	20	30	16	32	0	60	174	247	72	
59	48	76	8	147	4	96	0	0	215	
12	28	44	2	36	38	291	32	136	34	
18	6	8	98	42	56	10	180	235	0	
22	40	0	96	14	20	253	150	58	0	
6	36	104	44	79	81	239	0	64	0	
38	42	70	40	64	50	82	0	232	35	
22	42	78	74	36	36	265	24	56	20	
16	84	14	32	0	20	56	8	231	192	
48	44	54	0	8	96	144	16	237	6	
84	89	36	116	18	16	219	0	26	49	
40	34	82	52	52	36	78	24	20	235	
36	16	86	46	0	0	243	54	108	64	
94	30	16	4	29	20	212	36	136	76	
6	38	70	114	50	81	113	21	160	0	
48	8	34	0	38	42	54	0	257	172	
10	78	70	52	52	44	82	0	20	245	
40	22	4	56	24	0	246	139	52	70	
48	54	44	66	4	0	20	36	241	140	
22	36	78	40	85	48	260	0	62	22	 ***
12	54	4	10	90	62	245	50	28	98	
38	32	2	20	108	12	20	142	0	279	
14	68	72	52	60	44	261	4	26	52	
18	42	56	52	38	50	251	52	72	22	
50	34	60	52	93	141	0	159	64	0	
64	16	66	22	48	104	254	26	45	8	
76	60	32	10	46	52	279	92	6	0	
4	54	74	100	10	36	269	52	18	36	
10	50	82	40	56	38	90	0	52	235	
42	10	42	70	14	6	261	150	58	0	
18	39	70	52	76	40	264	54	40	0	
56	32	10	87	58	4	217	90	99	0	
12	20	72	52	127	36	174	40	120	0	
58	0	138	20	6	0	148	44	78	161	
8	34	78	48	38	44	269	108	18	8	
6	34	28	88	26	62	277	80	0	52	
2	0	40	16	12	28	239	96	146	74	
50	10	18	20	0	42	241	98	80	94	
38	52	76	40	56	36	93	18	236	8	
56	24	44	36	44	10	239	4	108	88	
0	70	60	72	72	52	249	20	58	0	
8	34	90	48	44	36	260	26	20	87	
22	34	87	53	64	40	82	0	234	37	
46	48	88	40	42	36	87	0	50	216	
8	34	54	80	0	48	265	66	34	64	
70	12	12	44	20	82	124	42	247	0	
20	80	0	0	173	0	46	196	52	86	
10	60	72	120	44	76	201	18	52	0	

8	0	0	6	4	72	159	235	12	77	
16	35	78	0	84	48	91	0	20	201	
16	34	78	0	86	49	85	0	20	205	
93	0	42	78	27	22	86	0	225	0	
6	6	8	20	12	8	254	29	36	194	
0	30	0	16	0	44	223	71	110	79	
12	0	93	0	10	10	230	182	0	36	
46	2	15	20	8	6	248	16	170	42	
0	0	15	14	20	32	4	224	80	184	
39	0	28	36	26	85	50	64	237	8	
23	36	78	0	84	48	230	0	72	2	 ***
48	53	8	10	93	42	0	0	238	81	
14	34	74	0	87	58	77	0	24	205	
10	32	77	0	92	48	69	0	40	205	
20	34	76	0	100	48	65	0	26	204	
8	8	0	1	32	56	0	93	249	126	
10	32	76	0	86	48	92	0	226	3	
14	34	74	0	84	57	232	0	76	2	
10	34	76	0	84	46	89	0	30	204	
4	94	12	100	72	32	255	4	0	0	
4	16	32	0	52	26	255	48	0	140	
23	34	78	0	84	50	226	0	76	2	
11	0	52	60	8	0	76	102	52	212	
13	32	76	0	84	48	228	0	34	58	
22	114	8	32	84	8	36	42	227	0	
14	18	78	0	71	48	232	0	20	92	
64	0	20	8	56	42	211	28	88	56	
8	40	56	10	32	5	255	149	10	8	
22	36	78	0	85	48	232	0	70	2	

26	10	22	62	72	111	186	30	44	0	
1	8	0	0	17	84	242	52	125	34	
0	96	12	0	9	14	53	20	252	107	
26	57	17	18	2	0	155	236	52	0	
36	24	12	11	0	2	166	32	247	33	
4	0	4	0	71	35	42	25	238	144	
22	32	87	4	84	45	216	53	14	6	
42	33	7	8	8	138	39	86	0	202	
6	48	8	44	0	9	242	52	135	19	
13	4	26	12	15	51	265	127	8	42	
23	14	26	0	30	80	92	215	83	0	
19	4	0	49	0	42	35	12	162	240	
44	8	35	8	0	4	216	14	66	168	
30	34	12	9	3	40	181	0	234	20	
81	0	46	0	0	38	66	8	117	207	
24	32	85	0	101	52	197	0	55	17	
34	16	14	48	28	25	0	167	231	0	
11	45	77	0	96	61	51	0	19	203	
74	12	0	0	34	12	236	123	56	16	
42	10	26	73	0	20	230	8	52	102	
36	111	56	0	59	58	135	61	47	0	
86	13	17	3	13	12	4	92	243	80	
20	32	76	8	85	56	53	0	209	24	
22	0	20	0	13	52	121	246	8	81	
14	32	76	0	68	49	229	24	51	20	 ***
48	8	26	20	78	5	246	18	95	19	
21	56	68	0	97	56	49	0	205	11	
4	0	27	24	18	95	129	254	0	12	
2	2	1	0	8	41	243	22	72	172	
1	83	47	52	136	18	0	168	58	0	
26	9	0	0	34	7	236	32	64	155	

52	153	61	25	58	8	142	200	0	0	
13	56	93	32	76	44	248	16	85	36	
20	2	4	82	12	52	249	53	140	85	
18	8	17	7	46	40	179	123	51	210	
61	33	60	0	68	40	232	72	51	82	 ***
15	30	56	63	28	51	233	179	44	0	
90	6	86	90	76	16	230	17	0	88	
86	49	92	12	44	0	0	139	233	44	
56	48	90	80	80	55	243	11	0	36	
29	56	76	0	103	61	102	20	30	222	
2	32	46	48	9	50	222	0	66	224	
158	3	58	48	8	89	242	0	61	32	
42	0	0	28	76	61	214	155	60	63	
12	68	36	56	7	24	220	0	216	60	
88	8	88	9	4	22	2	240	126	112	
0	1	0	36	12	104	254	181	98	13	
15	132	25	44	0	31	154	0	108	190	
34	50	84	62	68	40	93	0	228	40	
51	36	32	45	0	18	244	48	78	147	

28	40	52	0	36	40	74	72	52	207	
29	25	62	0	44	40	221	73	31	76	
0	0	20	72	37	36	251	46	86	53	
29	25	62	0	40	48	91	213	31	62	
37	17	68	0	36	40	79	76	41	207	
29	32	64	0	89	40	79	80	151	37	
30	0	24	48	0	28	222	168	49	32	
29	25	60	0	89	40	181	80	29	68	
29	16	96	0	50	40	66	64	203	37	
10	21	48	12	86	44	246	128	0	6	
29	25	60	0	42	40	78	83	37	207	
29	27	60	0	44	16	109	72	37	207	
37	33	62	0	34	40	228	80	53	34	 ***
43	28	46	45	0	14	34	161	230	0	
21	41	8	0	30	20	227	210	44	0	
24	65	11	8	28	0	270	142	0	53	
27	25	72	0	93	40	185	72	37	50	
29	25	64	18	89	40	185	80	35	36	
29	28	62	0	36	48	233	72	35	58	
29	26	60	0	45	48	73	72	43	205	
8	5	6	47	32	21	205	133	56	88	

40	0	36	19	58	28	243	149	7	0	
43	32	62	0	2	8	213	78	55	87	
32	20	45	53	7	0	214	15	56	138	
11	28	129	47	18	14	171	80	60	22	
29	16	70	0	37	26	95	76	35	196	
36	50	76	0	2	12	221	88	45	50	 ***
46	12	4	16	44	27	181	30	0	220	
45	32	48	0	2	8	83	108	22	232	
28	35	83	17	6	44	0	39	240	88	
41	16	25	22	58	16	221	121	60	0	
39	2	76	0	4	8	83	76	88	204	
39	16	76	0	4	29	219	76	53	68	
32	38	30	56	0	26	215	20	25	138	
36	32	56	0	34	116	72	76	106	52	
23	12	0	25	50	0	23	53	249	145	
39	16	60	0	2	115	82	101	99	66	
32	14	20	81	64	10	225	36	0	98	
36	0	64	0	11	37	134	100	188	10	
35	115	82	39	0	113	41	20	0	135	
32	11	124	92	0	53	44	0	193	31	
37	16	60	0	117	36	125	78	43	68	

36	34	80	0	104	8	125	64	76	40	
49	51	76	0	0	8	77	75	25	206	
26	117	58	12	20	92	242	0	0	0	
36	42	84	0	4	10	226	82	65	18	
36	38	76	0	8	8	85	80	27	209	
40	36	89	0	0	9	78	75	25	215	
46	22	84	0	0	8	226	64	25	92	 ***

15	51	8	0	17	42	149	0	70	216	
38	24	80	0	0	8	112	74	25	207	
18	46	74	0	0	10	106	72	33	209	
24	24	82	7	0	14	225	58	41	93	
22	23	82	4	0	8	253	72	24	80	 ***
29	12	108	0	134	33	16	158	0	78	
22	26	92	0	0	8	219	88	27	86	
14	31	75	2	0	8	244	72	28	94	
20	22	74	8	0	10	127	72	27	208	

18	34	31	4	34	36	295	156	18	28	
0	19	0	1	55	122	117	16	68	256	
34	56	36	28	0	13	223	132	24	108	
21	59	62	52	0	53	83	56	47	221	
42	50	2	77	7	18	239	41	178	0	
14	40	13	46	0	37	67	56	115	266	
15	38	44	36	18	6	247	109	59	82	
20	25	60	74	0	8	127	60	216	64	
0	118	40	96	2	0	77	73	24	224	
12	58	82	16	0	28	95	120	22	221	
54	54	44	20	0	40	250	98	41	53	 ***
13	34	5	187	0	44	157	53	0	161	
31	22	74	20	0	29	118	57	77	226	
2	57	12	39	4	34	177	301	24	4	
52	54	60	5	32	8	245	57	47	94	
24	101	28	3	40	46	275	48	0	89	
14	10	136	17	34	26	270	0	29	118	
12	150	36	42	0	19	172	74	23	126	
14	23	53	4	133	9	166	92	36	124	
83	20	17	10	67	60	217	13	0	167	
16	23	93	7	0	12	298	88	75	42	
19	32	24	20	3	18	303	166	63	6	
14	52	36	86	4	20	96	64	62	220	
45	12	2	11	54	6	48	276	132	68	

39	52	4	111	0	92	119	82	28	190	
24	32	105	0	3	22	249	224	42	16	
56	56	4	20	27	68	248	88	28	122	 ***
38	52	18	26	0	40	271	100	136	36	
16	8	48	0	0	8	233	230	68	106	
58	20	70	19	0	17	265	36	0	232	
40	102	138	115	0	8	36	253	16	9	
40	57	38	33	0	55	249	48	36	161	
70	53	36	20	0	42	247	67	66	116	

52	52	4	25	27	36	131	88	44	263	
52	58	4	20	29	36	134	120	28	241	
54	52	6	20	29	44	267	56	28	166	
52	52	4	20	63	32	158	58	30	253	
43	46	0	43	0	33	266	110	45	136	
106	40	1	114	0	32	314	30	67	18	
52	56	2	20	27	40	247	96	28	154	
58	52	16	24	27	116	173	88	24	144	
52	54	6	20	27	36	251	88	38	150	 ***
52	99	96	24	36	1	324	12	70	8	
52	52	10	20	27	40	131	90	44	256	
86	56	32	74	132	0	279	0	43	20	
20	98	4	161	32	0	53	72	0	282	

26	0	16	70	73	46	275	32	38	112	
24	32	24	0	72	36	263	199	38	0	
54	2	0	52	4	4	100	50	307	115	
36	53	50	84	98	56	272	39	0	0	
4	33	120	127	48	0	230	0	80	46	
57	38	6	36	15	40	94	56	80	266	
50	40	5	20	7	36	223	116	70	121	
40	18	8	66	66	70	320	2	0	98	
44	92	6	8	24	48	284	20	0	162	
48	46	4	52	13	47	92	72	70	244	
48	60	7	20	7	32	172	60	38	244	
26	24	28	32	116	0	285	23	0	154	
32	0	42	38	0	2	287	34	59	194	
28	9	37	82	33	44	285	0	72	98	
16	88	16	24	14	0	313	56	142	19	
86	8	0	5	40	32	298	23	0	196	
42	2	36	38	40	36	288	12	158	36	
44	30	64	38	0	52	275	145	40	0	
10	33	42	100	0	0	134	16	48	305	
48	70	4	52	27	36	228	106	43	74	
48	39	4	30	107	36	97	56	62	209	
50	6	84	66	0	82	297	86	0	17	
40	86	10	0	145	0	270	0	48	89	
50	38	8	28	7	32	112	88	71	254	
24	34	0	0	12	32	347	29	34	176	
22	70	11	94	4	78	313	16	8	72	
58	6	83	48	6	20	289	2	18	158	
0	22	62	50	39	90	311	55	0	59	
83	38	24	20	60	36	202	112	30	83	
100	38	70	95	0	40	276	12	57	0	
4	0	54	70	96	16	301	46	33	68	
64	40	8	20	7	43	227	56	74	149	 ***
72	18	43	0	16	34	261	60	37	147	
16	2	32	132	8	12	292	88	48	58	
48	38	6	22	7	44	241	66	42	174	

17	0	48	26	0	12	124	160	0	292	
0	68	64	0	46	6	259	26	38	172	
96	34	50	172	86	32	0	24	0	185	
56	4	0	90	44	0	320	32	53	80	
22	73	96	6	77	66	75	0	264	0	
50	12	1	0	40	12	314	196	24	30	
58	8	17	90	8	52	274	42	36	94	
28	0	54	107	34	39	292	95	30	0	
40	40	24	20	6	35	86	212	79	137	
0	6	86	5	8	68	0	160	18	328	
48	40	12	20	18	35	232	56	50	168	
0	6	16	36	57	70	0	54	214	226	
56	40	13	20	6	35	121	72	96	220	
48	40	34	20	6	35	128	56	206	106	
48	44	8	20	16	35	232	56	56	164	 ***
30	0	0	80	4	78	284	48	141	14	
46	8	106	24	40	0	282	123	50	0	
82	2	119	0	22	32	0	59	97	266	
48	40	9	20	6	54	131	56	206	109	
17	84	44	0	32	34	248	0	75	145	
48	40	8	36	14	36	232	60	96	109	
32	104	48	44	38	24	291	8	36	54	
58	44	94	14	0	130	253	22	64	0	
0	32	70	8	89	6	316	96	62	0	
48	40	23	16	22	35	241	56	54	144	
40	40	9	20	6	35	161	40	78	250	
36	48	107	12	88	0	0	266	62	60	
16	54	10	4	46	82	0	18	126	323	
48	56	8	20	6	36	128	56	206	115	
48	44	8	20	2	39	138	56	94	230	
32	14	72	0	30	10	318	36	135	32	
48	40	35	20	6	36	234	56	54	150	
58	0	56	0	84	4	0	45	334	98	
18	0	60	18	2	32	259	79	56	155	
2	66	0	64	58	14	290	17	10	158	
109	60	12	48	91	0	253	40	66	0	
14	16	0	24	0	22	274	120	46	163	
44	38	24	16	90	43	0	0	285	139	
44	40	16	20	6	36	119	50	223	125	

0	54	0	37	135	66	254	34	58	16	
16	46	9	104	8	3	205	118	58	87	
24	44	8	81	4	11	148	40	64	230	
28	44	13	76	4	3	188	60	70	168	
24	44	8	41	40	3	120	40	103	231	
20	49	16	13	59	7	182	40	70	198	
32	20	20	32	109	2	127	262	0	50	
20	44	14	9	44	3	226	40	133	121	
16	45	40	44	4	7	128	40	95	235	
0	2	118	103	79	0	0	152	131	69	
4	0	30	90	38	48	241	38	165	0	
16	45	8	78	4	99	123	42	64	175	
80	6	2	2	56	39	287	0	182	0	
20	53	8	12	4	7	122	176	66	186	
2	15	4	50	40	32	242	95	0	174	
16	47	16	12	36	11	231	106	52	127	
74	12	8	112	54	5	295	34	24	36	
0	46	13	78	0	10	230	48	22	207	
12	34	3	38	110	16	263	0	48	130	
106	36	51	0	38	2	191	0	205	25	
74	1	4	88	16	66	56	305	8	36	
104	45	8	12	4	3	219	58	101	100	 ***
16	59	10	40	74	3	148	49	168	87	
0	32	52	72	2	18	102	188	8	180	
0	64	15	0	8	82	179	52	230	24	

0	0	0	4	8	164	104	216	32	32	
0	179	0	0	0	0	219	0	116	46	
40	18	8	4	4	3	69	36	64	314	
40	10	10	4	4	3	89	230	44	126	
40	10	8	75	12	2	69	33	161	150	
34	0	4	0	0	91	323	96	0	12	
48	10	44	99	0	3	69	135	48	104	
48	44	12	8	4	3	81	41	219	100	
32	14	4	74	8	4	292	0	48	84	
40	6	8	12	4	2	83	44	46	315	
0	90	0	78	0	48	316	0	28	0	
129	8	68	0	2	8	8	52	0	285	
40	10	18	4	20	3	69	230	44	122	
0	64	10	0	32	0	287	36	109	22	
4	70	0	40	0	8	323	0	12	103	
44	8	8	12	6	1	89	34	219	139	
94	32	0	0	8	0	324	70	16	16	
40	10	12	4	4	3	87	230	44	126	
20	10	6	26	46	68	262	0	16	106	
44	38	8	4	4	2	76	49	219	116	 ***
0	74	56	0	0	0	306	0	124	0	
44	10	8	4	20	11	69	36	44	314	
40	45	8	4	4	18	65	32	219	125	
54	54	70	18	2	0	290	36	0	36	
70	0	0	100	40	24	326	0	0	0	
16	32	6	0	4	0	306	0	0	196	
32	8	8	4	0	2	79	271	40	116	
0	92	60	2	59	0	325	8	14	0	
0	4	12	4	12	16	322	40	32	118	
64	0	0	0	0	12	0	160	0	324	
40	8	8	4	6	7	69	36	68	314	
0	0	0	34	12	8	0	214	258	34	
179	52	68	48	4	0	193	0	16	0	
58	0	8	32	95	0	331	36	0	0	
6	0	40	0	8	64	274	10	13	145	
0	44	88	60	0	0	326	4	6	32	
0	0	24	24	38	64	289	73	16	32	
40	12	8	4	12	5	77	48	40	314	
44	38	11	4	4	2	65	32	181	179	
40	15	8	4	12	19	73	34	219	136	
4	92	8	40	0	4	319	0	59	34	
32	6	10	4	0	2	109	22	247	128	

32	24	86	0	162	0	0	256	44	64	
32	37	40	0	0	0	118	7	120	314	
64	4	0	0	32	90	165	313	0	0	
0	80	4	0	16	16	72	300	0	180	
0	119	8	72	40	0	0	4	321	104	
62	42	36	4	68	0	0	15	194	247	
32	49	110	4	0	80	0	82	0	311	
62	12	46	0	84	0	0	64	89	311	
4	48	90	108	0	76	44	0	0	298	
179	72	0	44	40	0	82	12	0	239	
32	24	8	46	4	174	120	0	260	0	
36	4	4	4	4	67	102	109	208	130	
36	32	0	12	68	46	58	42	241	133	 ***
64	24	32	0	36	127	237	0	148	0	
0	84	135	46	0	0	255	80	68	0	
0	84	40	0	20	22	42	0	231	229	
4	66	45	0	64	0	211	35	235	8	
96	0	40	140	0	0	199	0	193	0	
45	76	64	0	16	0	246	50	0	171	
36	0	32	36	16	64	60	53	241	130	
12	0	58	0	0	0	164	314	44	76	
0	0	0	164	12	48	172	0	70	202	
84	2	66	0	36	0	4	32	212	232	
0	42	0	74	44	100	43	102	263	0	
76	13	12	6	36	0	102	49	80	294	
68	16	68	4	14	2	74	81	248	93	
0	44	40	4	36	32	197	0	0	315	
8	12	132	0	28	64	0	0	169	255	
12	4	18	52	0	105	8	4	247	218	
6	8	9	48	72	0	24	48	184	269	
41	0	40	40	76	0	108	28	41	294	
4	0	32	38	0	0	163	29	80	322	
36	0	0	40	10	32	90	37	243	180	
16	66	0	0	80	41	0	110	45	310	
68	43	8	8	0	8	74	108	210	141	
8	13	4	0	86	0	0	248	223	86	
36	32	40	5	64	0	68	77	253	93	

3	10	106	64	40	40	71	98	264	17	
0	8	50	0	36	96	68	82	201	172	
78	53	68	0	38	0	40	66	282	88	
0	0	4	64	134	0	295	152	56	8	
80	43	68	48	12	74	0	0	221	167	
18	68	0	8	0	71	242	98	8	200	
32	101	10	0	66	36	0	100	259	109	
44	3	108	102	64	92	0	0	258	42	
68	32	32	10	74	33	60	66	222	116	
76	80	46	130	64	5	193	46	41	32	
0	4	0	0	32	0	256	237	112	72	
36	0	0	71	80	32	36	9	197	252	
76	0	0	32	0	40	270	69	142	84	
0	0	52	0	68	109	108	100	232	44	
132	42	0	0	40	0	276	78	69	76	
74	40	39	11	42	72	88	0	211	136	
74	107	92	32	0	32	44	48	284	0	
110	66	40	10	4	48	68	64	262	41	
6	69	0	64	20	44	38	96	236	140	
34	34	0	113	96	72	0	66	258	40	
0	36	5	26	0	0	270	80	78	218	
12	42	32	37	36	44	84	80	234	112	
48	44	44	70	33	17	0	0	231	226	
46	0	68	44	43	41	73	74	288	36	
22	36	4	35	0	100	98	96	267	55	
6	40	40	40	36	84	12	36	199	220	
33	40	136	34	24	119	0	69	258	0	
64	32	10	145	0	10	304	32	116	0	
5	32	145	92	45	32	32	171	151	8	
70	52	0	0	68	36	8	56	214	209	 ***
33	0	66	96	60	10	108	40	268	32	
40	40	0	4	78	36	56	116	221	122	
66	36	0	12	68	32	32	227	41	199	
51	0	0	38	84	46	50	80	264	100	
72	81	64	12	4	0	225	0	255	0	
73	42	0	33	4	40	6	67	231	217	
48	0	36	0	72	34	43	170	278	32	
40	34	32	40	0	4	279	0	236	48	
36	49	0	8	102	33	56	269	80	80	
18	52	81	72	70	0	0	68	226	126	
64	0	64	8	74	4	40	0	281	178	
36	45	32	0	68	42	90	63	41	296	
80	72	104	0	13	5	59	48	268	64	
0	10	65	0	84	77	285	128	0	64	

83	126	131	32	0	0	0	0	68	242	
0	44	48	0	90	0	300	120	80	0	
64	0	179	0	4	8	291	0	8	128	
0	68	128	18	0	0	67	118	0	283	
40	65	68	44	0	0	132	0	265	68	
48	83	0	10	40	32	0	48	205	216	 ***
0	0	130	1	36	0	0	257	210	48	
136	146	0	0	0	0	197	199	0	4	
147	19	32	0	12	76	146	0	250	0	
34	52	0	2	70	36	0	56	230	202	
0	36	2	17	98	0	0	287	232	10	
42	48	0	0	32	32	52	16	240	220	
129	1	2	0	8	84	0	152	306	0	
111	41	124	0	0	32	280	94	0	0	
82	50	0	0	32	32	0	232	65	189	
16	66	170	40	0	0	197	0	0	193	
43	64	0	0	34	32	0	228	96	185	
159	0	0	0	34	23	214	0	36	216	
61	88	0	0	52	32	0	48	205	196	
110	12	0	0	34	125	0	99	16	286	
34	68	0	26	33	36	0	138	254	93	

34	0	109	104	2	113	0	0	281	0	
2	0	36	43	32	2	0	57	191	280	
40	154	4	48	8	2	40	283	64	0	
32	48	8	2	44	2	123	38	0	346	
48	51	0	10	12	32	0	50	104	336	 ***
145	4	24	50	0	0	284	0	104	32	
20	136	8	18	0	0	0	176	32	253	
16	134	0	0	8	67	0	180	0	238	
136	42	0	100	12	0	0	0	85	268	
48	0	0	16	8	34	0	44	229	264	
0	48	0	0	12	0	0	287	130	166	
8	158	0	0	16	24	207	0	230	0	
24	8	64	52	8	32	0	119	20	316	
68	10	68	0	8	0	152	337	0	0	
2	50	48	48	0	177	32	0	36	250	
0	4	120	0	8	8	0	234	0	269	
8	76	40	0	36	0	0	10	146	327	

55	44	2	8	28	44	0	84	88	361	 ***
6	118	0	24	18	2	344	0	202	0	
112	10	0	64	48	122	79	0	0	279	
70	50	0	52	18	32	0	81	103	308	
0	2	10	0	56	8	164	190	32	252	
36	36	12	6	0	114	152	90	268	0	
1	60	0	0	82	48	195	32	44	252	
48	0	130	58	0	40	24	8	112	294	
44	134	0	94	138	64	206	0	34	0	
9	4	40	26	24	44	112	152	0	303	
139	0	8	63	20	0	0	177	49	258	
50	100	0	30	21	36	0	83	96	298	
50	10	10	14	12	32	0	72	153	361	
26	92	16	117	0	42	162	0	259	0	

68	140	3	32	44	0	38	0	205	238	
8	37	101	0	115	58	211	36	0	202	
0	68	92	8	62	0	50	60	164	264	
99	37	2	10	56	32	0	84	104	344	 ***
36	64	2	8	24	33	0	84	152	365	
13	20	58	0	92	50	128	145	0	262	
125	0	72	42	57	44	103	0	127	198	
34	0	106	0	31	90	0	104	193	210	
0	0	73	20	82	12	93	248	0	240	
68	24	36	0	67	32	32	0	280	229	
122	0	117	29	4	0	116	12	96	272	
48	129	4	0	160	0	0	56	115	256	
152	32	2	8	57	32	32	84	146	223	
64	76	40	0	84	75	96	0	68	265	

