#9386.93	23376	29325	0	0	 94 ***
#8804.89	26433	29325	0	0	 87 
#10239.1	22753	29325	0	0	 27 
#9139.8	25325	29325	0	0	 20 
#9436.9	23212	29325	0	0	 6 

9013.05	19995	25246	62	2756	 99 
9024.26	19690	25246	73	2701	 86 
7948.91	21387	25246	43	2055	 75 
9265.32	15206	25246	15	449	 75 ***
9266.43	16374	25246	11	420	 67 
8682.06	20587	25246	72	2616	 61 
9010.5	20180	25246	83	3074	 54 
9016.79	19708	25246	45	2492	 43 
9020.53	19290	25246	80	2863	 42 
8900.95	20232	25246	76	2564	 39 
7829.28	22936	25246	82	2644	 35 
9009.04	20483	25246	44	1907	 28 
8470.81	21258	25246	47	2600	 24 
10076.4	15067	25246	15	449	 21 
10072.8	15068	25246	15	505	 20 
10073.7	15964	25246	11	442	 11 

8714.07	17703	26494	13	412	 79 
8719.77	15106	26494	5	102	 64 ***
8535.05	21131	26494	66	2485	 50 
7907.51	21299	26494	80	2377	 40 
8143.64	16212	26494	81	2156	 9 

9199.63	14219	29672	76	2464	 95 
8844.88	14654	29672	3	84	 78 ***
8397.45	21131	29672	57	2688	 76 
10269.2	14164	29672	50	2298	 67 
8368.08	17941	29672	62	2078	 65 
8595.25	16066	29672	71	2550	 59 
10283.4	13605	29672	72	2532	 55 
9466.59	13735	29672	72	2601	 49 
9453.33	14384	29672	9	662	 41 
8585.03	14906	29672	72	2813	 34 
8121.66	17602	29672	69	2538	 2 
8292.14	17099	29672	76	2456	 2 

9033.69	10948	29293	29	1935	 94 
8693.32	11371	29293	4	227	 87 
9297.83	10465	29293	35	2087	 82 
6718.15	12579	29293	70	2569	 80 
8694.48	11259	29293	3	105	 68 ***
7890.27	10875	29293	31	1644	 59 
10121.7	10805	29293	29	1441	 50 
8694.1	11499	29293	2	75	 47 
9339.39	9377	29293	66	2160	 38 
7636.89	9860	29293	64	2568	 37 
7517.13	10626	29293	66	2267	 26 

8596.89	11960	27923	4	175	 99 ***
8019.2	10860	27923	61	2292	 97 
10013	12020	27923	2	130	 97 
8394.75	11414	27923	34	1219	 92 
8130.13	11141	27923	58	2116	 86 
9200.86	12068	27923	2	252	 83 
7873.62	11945	27923	58	2340	 76 
8349.26	11143	27923	44	2122	 76 
8324.67	11827	27923	29	1734	 70 
10012.6	10255	27923	36	1791	 67 
7762.83	13409	27923	62	2035	 60 
8600.66	11505	27923	5	557	 55 
8608.75	11118	27923	39	1106	 48 
8040.87	11849	27923	58	1885	 47 
10016.3	11196	27923	27	1729	 43 
9213.26	10747	27923	60	2307	 38 
9418.45	9967	27923	61	2385	 38 
7875.01	13289	27923	47	1892	 37 
8324.53	12062	27923	31	1681	 36 
9205.69	10948	27923	33	1912	 33 
8952.5	11331	27923	28	1759	 30 
7774.16	12549	27923	62	2127	 24 
7871.31	12412	27923	60	2250	 20 
9199.46	12168	27923	2	130	 13 
10008.4	10920	27923	28	1812	 9 
8143.1	14067	27923	38	1648	 3 

8433.33	10025	23299	4	99	 97 ***
9040.29	9297	23299	43	1971	 81 
8441.06	9379	23299	29	741	 80 
8440.66	9507	23299	29	726	 79 
7089.2	11360	23299	56	2208	 59 
7965.01	10263	23299	59	2074	 58 
9244.85	8938	23299	43	1770	 37 
8446.61	9127	23299	67	2476	 36 
7354.56	10456	23299	12	775	 36 
8175.48	9135	23299	59	1982	 27 
8433.66	10689	23299	3	68	 19 
7575.74	9789	23299	63	2204	 16 
8457.33	8605	23299	63	1913	 15 
8804.96	9223	23299	47	2242	 4 
9040.97	9711	23299	27	711	 0 

8743.42	12263	22329	32	1782	 97 
8428.47	9691	22329	60	2356	 91 
9013.73	10576	22329	6	174	 91 ***
8210.25	13393	22329	35	1724	 60 
7948.98	12745	22329	49	2230	 56 
8757.35	9750	22329	57	2205	 54 
9011.23	10169	22329	11	646	 49 
7561.09	12118	22329	57	2113	 47 
8752.34	12130	22329	41	1733	 47 
7812.51	10928	22329	50	2025	 47 
8644.83	10905	22329	58	1990	 39 
9011.18	11522	22329	11	262	 35 
8760.94	12138	22329	33	1768	 28 
8413.4	12562	22329	12	382	 0 

9304.51	15605	26894	16	679	 92 
8333.34	14713	26894	64	2057	 71 
8251.93	16793	26894	56	2124	 66 
9054.02	15565	26894	29	1102	 65 
9309.8	13154	26894	28	831	 43 
10110.3	12876	26894	31	940	 41 
10114.4	11920	26894	16	590	 28 
9300.97	16040	26894	15	527	 22 
9054.66	13424	26894	66	2300	 15 
7955.99	14846	26894	65	2305	 12 
8502.55	13967	26894	32	1141	 6 
9301.71	13527	26894	41	1490	 5 
8431.32	14120	26894	36	1111	 4 
9305.04	13387	26894	1	122	 0 ***

8293.11	12291	24404	30	1264	 94 
8829.39	11631	24404	45	1938	 91 
8723.35	11917	24404	67	2399	 85 
9100.8	10941	24404	5	328	 83 
7926.18	12298	24404	66	2649	 68 
7920.46	12469	24404	66	2422	 66 
8233.77	12178	24404	61	2452	 63 
8020.43	12599	24404	57	2142	 56 
9099.08	11203	24404	2	76	 53 ***
9097.95	10956	24404	4	313	 46 
8727.63	11843	24404	65	2392	 17 
9096.94	11698	24404	3	320	 15 

9049.07	12118	24831	14	859	 94 
8452.52	13331	24831	38	1634	 71 
9876.06	11926	24831	53	1779	 71 
9876.99	11630	24831	62	2174	 70 
8457.57	13280	24831	52	1606	 68 
9051.24	12128	24831	7	798	 65 ***
8791.65	14196	24831	37	1280	 57 
8075.63	12623	24831	64	2181	 51 
8783.97	13180	24831	44	1651	 41 
7971.19	13298	24831	40	1512	 41 
8185.85	12260	24831	55	1945	 39 
7606.14	13345	24831	58	1844	 25 
8794.8	13572	24831	37	1553	 20 
8791.61	15228	24831	37	1696	 19 
9859.8	12014	24831	38	1481	 7 
9080.39	11785	24831	63	2208	 1 
9868.28	12348	24831	6	751	 0 

8757.17	14404	23425	48	1721	 91 
9023.29	12674	23425	43	1841	 81 
9023.36	13305	23425	5	229	 77 ***
9020.25	12934	23425	43	1738	 73 
9020.55	13344	23425	8	568	 71 
9828.9	12477	23425	47	1700	 66 
8765.14	13251	23425	43	1332	 59 
8759.03	14140	23425	48	1732	 55 
9024.63	12519	23425	8	583	 51 
8760	13434	23425	41	1638	 49 
9842.51	11854	23425	64	2220	 34 
8425.85	13491	23425	61	1964	 33 
7968.94	14786	23425	55	1840	 32 
7594.59	15700	23425	62	2011	 22 
9020.72	13020	23425	8	571	 22 
8425.57	14501	23425	40	1469	 20 
8757.66	13668	23425	53	1716	 18 
7710.8	14693	23425	59	1884	 17 
8053.48	14647	23425	65	2250	 12 
8437.06	12947	23425	58	1550	 7 
7587.67	13673	23425	67	2312	 5 

9843.07	14926	23944	44	1383	 87 
9031.08	15505	23944	65	1866	 85 
9856.85	14812	23944	71	2333	 81 
9829.77	16277	23944	6	165	 80 
9832.57	15645	23944	4	13	 79 
9021.07	16351	23944	5	161	 52 ***
7940.75	15535	23944	46	1668	 51 
9846.08	14913	23944	43	1836	 26 
9029.25	16346	23944	27	869	 7 
9841.28	15478	23944	43	1771	 4 

9196.78	13573	25835	54	1433	 96 
9212.57	15758	25835	25	855	 95 
9206.54	16883	25835	11	474	 94 
8604.29	13066	25835	56	1179	 89 
9422.89	14274	25835	47	1529	 87 
9434.43	12285	25835	67	1821	 87 
7745.63	9590	25835	68	1874	 85 
10014.2	14677	25835	8	465	 81 ***
10018.2	13766	25835	47	1601	 77 
8129.69	14299	25835	54	1132	 76 
9202.98	15956	25835	22	817	 75 
10028.8	14267	25835	29	868	 73 
9410.96	14853	25835	40	1254	 68 
10013.1	14273	25835	40	1398	 63 
10014.9	14151	25835	51	1579	 59 
8943.1	15197	25835	44	1086	 58 
9214.23	15556	25835	27	740	 44 
10007.9	14274	25835	43	1473	 43 
10020.1	12161	25835	43	1270	 42 
9212.23	15796	25835	28	1000	 41 
10012.3	14931	25835	28	1059	 35 
10019.3	12444	25835	66	1519	 23 
9223.15	14975	25835	36	1148	 23 
10020	14186	25835	45	1413	 20 
9214.1	14987	25835	43	1510	 16 
9215.28	15287	25835	23	668	 16 
9210.42	15757	25835	34	902	 15 
8943	16678	25835	50	1328	 14 
10042.1	12103	25835	65	1791	 0 
8970.16	14920	25835	52	1273	 0 

10147.9	17200	27228	9	603	 96 
10162.1	17730	27228	7	569	 91 
10146.9	15249	27228	46	1740	 89 
9065.7	16598	27228	64	1929	 73 
10141.4	15295	27228	50	1896	 67 
10147.7	18132	27228	19	1088	 61 
10153.4	14524	27228	47	1856	 57 
9097.33	16851	27228	57	1747	 57 
9090.8	18690	27228	54	1641	 57 
9342.48	16283	27228	46	1582	 52 
10150.7	16888	27228	8	386	 50 
9337.82	17163	27228	42	1478	 42 
9065.23	19356	27228	56	1829	 38 
10149.8	15414	27228	11	596	 32 ***
9096.25	18024	27228	53	1631	 20 
9545.29	17115	27228	43	1360	 8 
9077.68	15411	27228	60	1841	 8 
8477.59	18430	27228	59	2062	 7 
10145.4	15128	27228	57	1537	 7 
10144.9	15591	27228	22	962	 5 
8363.41	14018	27228	66	2188	 0 

10159.7	16257	26361	6	65	 100 ***
10158.5	16863	26361	4	20	 84 
9370.11	18397	26361	20	870	 77 
10148.1	14288	26361	47	1672	 75 
10161.5	16590	26361	5	298	 71 
9352.72	16835	26361	49	2172	 70 
9593.62	12649	26361	73	2319	 65 
9369.06	13254	26361	75	2556	 59 
10158.5	16572	26361	8	553	 58 
10152.8	14175	26361	42	1823	 52 
9344.59	18908	26361	46	2325	 41 
10159.6	16706	26361	7	315	 41 
10148.2	17381	26361	46	2045	 40 
9369.03	19107	26361	45	2090	 39 
10160.5	16782	26361	5	493	 38 
10149.9	17721	26361	43	1990	 27 
9344.8	13835	26361	63	2465	 22 
9354.79	16602	26361	47	1818	 20 
8475.19	14408	26361	51	2090	 9 
9568.09	14590	26361	50	2269	 2 

10080.6	13406	28254	31	1477	 98 
10096.6	16411	28254	12	765	 87 
8095.17	13459	28254	71	2204	 82 
8097.85	13633	28254	67	2119	 79 
9511.7	12019	28254	66	1772	 69 
10109.8	15123	28254	22	572	 68 ***
9029.55	12035	28254	67	2305	 67 
8197.09	12138	28254	35	1770	 65 
7388.78	13912	28254	48	1834	 52 
10089.6	14631	28254	27	823	 51 
10097.1	15860	28254	21	576	 49 
8115.15	13187	28254	67	2039	 45 
8901.79	12078	28254	69	2095	 43 
10108.4	11907	28254	72	2448	 42 
9287.24	12088	28254	36	1708	 39 
10096	16334	28254	22	565	 39 
10095.4	16479	28254	16	523	 34 
10109.2	12009	28254	70	2386	 26 
9287.32	15312	28254	27	982	 26 
9294.83	15283	28254	33	1013	 12 
9014.34	13467	28254	34	1504	 11 
10097.5	15401	28254	19	816	 10 
10099	16332	28254	17	775	 6 

10073.2	12681	27773	44	2069	 94 
7931.97	12166	27773	65	2230	 94 
10084.2	14565	27773	14	450	 94 
10086.8	14283	27773	13	413	 93 
8659.76	12499	27773	56	2235	 90 
10086.3	15227	27773	9	379	 89 
10087.9	15180	27773	10	180	 86 
10084	14312	27773	22	924	 83 
9289.25	11822	27773	66	2402	 78 
9258.2	12760	27773	45	2027	 76 
10092.3	14054	27773	16	504	 73 
9462.41	12725	27773	49	2194	 70 
9467.03	13039	27773	44	1950	 59 
9477.02	12583	27773	48	2097	 59 
10084.6	15497	27773	12	420	 57 
8980.78	13261	27773	41	1868	 55 
10071.4	12397	27773	46	2056	 54 
10076.9	12186	27773	49	2178	 53 
9472.71	11527	27773	72	2000	 51 
8980.2	13391	27773	45	1995	 49 
10069.4	10996	27773	72	2267	 47 
7120.9	12547	27773	50	1813	 46 
8997.81	11933	27773	51	2160	 40 
8381.05	13435	27773	47	1974	 31 
10092.2	14055	27773	20	860	 29 
10091.5	15343	27773	6	30	 28 ***
10085.5	15577	27773	11	387	 2 
10085.3	15659	27773	11	409	 0 

9223.71	9921	24667	43	1432	 100 
10015.8	9228	24667	53	1802	 100 
10041.6	12158	24667	16	833	 97 
8940.8	9362	24667	48	1640	 89 
7541.48	11109	24667	52	1918	 89 
10013.1	11105	24667	40	1635	 87 
10015	10684	24667	42	1494	 87 
10024.4	13056	24667	10	612	 84 
8939.6	9873	24667	45	1525	 82 
10027.9	11643	24667	22	896	 70 
8338.59	10584	24667	44	1288	 67 
8348.81	10131	24667	48	1767	 66 
10032.2	12482	24667	11	649	 64 ***
9427.62	9481	24667	45	1891	 57 
10020.6	9173	24667	50	1847	 53 
8130.37	10263	24667	45	1548	 45 
7169.44	9749	24667	63	1754	 44 
8940.2	10833	24667	43	1568	 38 
7322.72	10218	24667	61	1542	 36 
8819.59	10022	24667	52	1453	 35 
8126.39	9609	24667	53	1341	 24 
10017.4	8046	24667	56	1944	 23 
10023	10169	24667	40	1665	 22 
10023.4	12179	24667	15	833	 20 
9415.34	12314	24667	42	1454	 19 
10028	13044	24667	11	655	 17 
8128.69	10539	24667	47	1809	 13 
10027.4	11994	24667	18	867	 13 
8605.07	8232	24667	55	1940	 6 
10018.1	9910	24667	42	1712	 1 

7350.14	6133	20742	59	1912	 98 
9836.88	9705	20742	30	884	 92 
7939.56	6443	20742	43	1569	 90 
6536.69	6459	20742	51	1873	 90 
7072.37	8462	20742	42	1858	 87 
7664.42	6124	20742	47	1845	 86 
7603.71	7165	20742	42	1580	 84 
6244.82	7937	20742	46	1817	 80 
7324.79	7285	20742	42	1750	 80 
6717.73	7065	20742	44	1831	 79 
7651.79	6670	20742	43	1805	 77 
6998.29	6326	20742	54	1948	 65 
9020.51	6024	20742	50	1711	 65 
9827.57	11583	20742	23	702	 65 
9827.36	10330	20742	28	755	 61 
6536.48	6335	20742	54	1978	 59 
6204.9	6679	20742	59	2046	 59 
9841.91	9944	20742	25	827	 54 
5310.99	6846	20742	48	1551	 53 ***
6311.57	7674	20742	44	1805	 53 
9833.75	10035	20742	26	887	 52 
6472.29	6437	20742	60	1927	 48 
6866.6	6547	20742	44	1737	 30 
7930	8294	20742	39	1455	 29 
7328.06	6909	20742	43	1824	 28 
7798.43	6514	20742	45	1854	 27 
7930.12	6680	20742	41	1741	 27 
6250.23	6810	20742	45	1889	 23 
5878.41	6354	20742	63	2099	 23 
9837.5	9775	20742	28	854	 20 
6623.2	6197	20742	60	1927	 17 
9826.81	10846	20742	27	792	 16 
9828.38	10707	20742	27	755	 11 
9826.83	9035	20742	38	1538	 4 
9828.81	10099	20742	23	691	 4 
6760.25	5926	20742	64	2114	 1 
7607.72	6004	20742	57	1607	 1 
9825.26	7090	20742	40	1715	 1 
6725.55	6558	20742	47	1867	 1 

8841.44	8073	22469	19	595	 84 
7278.13	9058	22469	54	1746	 82 
6619.85	10184	22469	57	1524	 80 
7349.52	11620	22469	17	313	 80 
7844.91	10424	22469	22	1006	 74 
7108.48	10156	22469	41	1459	 73 
8179.72	9421	22469	25	1074	 52 
8360.94	11030	22469	11	307	 44 
8638.1	9832	22469	24	1128	 40 
7284.46	9003	22469	51	1338	 40 
8029.82	9973	22469	12	450	 40 ***
8969.7	9158	22469	14	527	 30 
7571.25	9777	22469	25	996	 24 
8384.53	9905	22469	20	774	 23 
6349.8	10524	22469	27	710	 23 
7176.01	9455	22469	58	1646	 21 
7452.21	10236	22469	24	877	 21 
7790.76	9248	22469	27	954	 21 
7559.55	10615	22469	17	566	 20 
6751.26	9861	22469	49	1609	 13 
8646.26	9097	22469	32	906	 12 
7843.6	10506	22469	22	969	 11 
7862.59	8022	22469	45	1522	 10 
6746.04	10476	22469	49	1328	 7 
8641.14	9881	22469	20	739	 7 
7359.76	10010	22469	47	1609	 7 
8641.43	9598	22469	24	1128	 5 

6464.86	10806	22941	58	2515	 100 
8743.39	9492	22941	16	568	 92 
8727.68	10004	22941	15	502	 86 
8000.97	10774	22941	25	1352	 79 
7208.71	8406	22941	58	2550	 76 
7663.82	12134	22941	31	1972	 76 
8739.29	10542	22941	14	604	 76 
7432.86	9818	22941	57	1990	 71 
8469.95	9892	22941	21	1050	 71 
9333.06	10764	22941	6	555	 68 
8719.75	9108	22941	57	2326	 63 
7458.64	9356	22941	56	2143	 63 
8940.49	9684	22941	7	161	 58 ***
8144.03	11117	22941	20	712	 56 
9338.5	11295	22941	5	325	 50 
8935.92	11989	22941	12	427	 46 
8127.51	10819	22941	23	962	 45 
8731.58	12136	22941	11	395	 44 
8940.22	10591	22941	9	402	 42 
9539.25	10918	22941	3	309	 39 
10143.3	10829	22941	4	311	 38 
8147.31	10456	22941	23	1750	 33 
7889.19	11280	22941	28	2115	 33 
8162.88	9657	22941	32	1940	 30 
7456.35	9465	22941	35	1950	 18 
8142.42	10767	22941	30	1941	 9 
7193.98	10590	22941	56	2360	 1 
9539.88	9986	22941	5	155	 1 

9486.53	9316	21496	16	440	 99 
6523.84	9934	21496	45	2107	 91 
6866.47	7557	21496	33	1725	 65 
8883.56	10779	21496	3	256	 61 ***
8878.51	10104	21496	13	458	 59 
6782.9	8765	21496	59	2168	 54 
8880.57	9167	21496	28	1556	 48 
7813.83	10011	21496	27	1792	 45 
7868.29	9362	21496	30	1893	 33 
10083.7	9830	21496	10	310	 17 
7878.83	7490	21496	56	2298	 15 
9476.2	8958	21496	29	1681	 8 
8670.28	9312	21496	24	732	 3 
8879.67	9633	21496	13	454	 2 

8214.28	7354	21882	52	1779	 94 
10006.3	11316	21882	25	833	 85 
7207.87	9677	21882	32	1435	 85 
7519.98	9549	21882	49	1628	 84 
8592.89	10631	21882	27	1332	 82 
8595.56	7533	21882	39	1568	 81 
7795.34	8267	21882	42	1432	 81 
10002.3	10817	21882	26	1061	 80 
8108.96	11148	21882	28	916	 79 
6069.92	7624	21882	51	1782	 78 
9403.04	12127	21882	9	176	 78 
7783.82	10778	21882	29	1279	 71 
8393.92	10801	21882	28	1020	 68 
10002.9	11745	21882	10	147	 60 
9403.41	11804	21882	9	95	 58 
8594.58	8429	21882	30	1170	 55 
9408.79	11783	21882	6	81	 52 ***
6915.76	9724	21882	34	1649	 51 
9198.24	11715	21882	26	1055	 48 
9403.26	12299	21882	6	109	 48 
7594.81	8618	21882	31	1377	 47 
9191.19	9929	21882	29	1082	 39 
7413.9	9564	21882	41	1324	 35 
7151.56	7084	21882	56	2087	 12 
9401.46	10592	21882	28	1368	 10 
9403.51	11576	21882	12	226	 6 
7991.57	10061	21882	29	1273	 4 

7877.48	12372	24549	47	1825	 99 
8294.93	11547	24549	59	2273	 99 
8732.75	12005	24549	34	1343	 96 
9369.21	10960	24549	59	2262	 74 
10145.5	11719	24549	36	1624	 72 
8352.33	12272	24549	34	1592	 70 
9080.34	11371	24549	56	2006	 68 
8733.88	12257	24549	33	1586	 67 
8145.62	11600	24549	37	1557	 66 
8741.13	13740	24549	30	797	 59 
8988.19	11483	24549	55	1966	 58 
9341.61	13762	24549	6	60	 56 
10169.1	11771	24549	34	1624	 53 
9550.09	13194	24549	11	192	 51 
9088.55	11857	24549	36	1455	 50 
7865.03	13796	24549	61	2130	 40 
9062.62	11890	24549	36	1604	 39 
8359.33	13329	24549	32	1288	 38 
9565.75	12002	24549	34	1432	 37 
9542.91	11080	24549	58	2208	 35 
8745.2	13217	24549	32	1806	 33 
8953.45	12549	24549	30	1237	 33 
9551.42	12981	24549	10	143	 32 
9352.11	13324	24549	10	145	 28 
10174.4	12048	24549	33	1319	 27 
9345.43	13389	24549	10	184	 27 
10153.6	12167	24549	33	1472	 26 
9341.96	13063	24549	12	166	 23 
10168.9	12429	24549	32	1578	 22 
9359.34	11138	24549	60	2292	 22 
7892.94	13391	24549	36	1499	 17 
8745.28	13708	24549	9	130	 16 ***
9534.15	10759	24549	59	2239	 15 
8455.39	11336	24549	59	2025	 13 
8010.52	13616	24549	32	1479	 12 
8257.28	12883	24549	34	1387	 10 
10146.2	12433	24549	31	1266	 8 
10156	11136	24549	54	1690	 7 
7892.74	11762	24549	40	1763	 5 
10144.9	10990	24549	56	1961	 3 
10154.2	12504	24549	16	330	 2 
8272.4	11521	24549	61	2359	 0 
9368.78	11468	24549	38	1718	 0 
9552.16	13586	24549	6	110	 0 

8276.67	11614	25922	35	1739	 99 
8856.65	10090	25922	64	1999	 98 
10278.3	9897	25922	51	1982	 98 
10278.4	9927	25922	38	1712	 97 
9078.06	10043	25922	60	2259	 94 
10275.9	10052	25922	36	1581	 94 
8857.06	10757	25922	36	837	 93 
9456.36	11273	25922	4	94	 82 
8854.13	11563	25922	5	323	 79 
8385.62	10247	25922	57	1866	 76 
7789.14	11727	25922	64	2482	 76 
9460.42	9976	25922	39	1630	 76 
9189.71	10516	25922	34	1428	 76 
8856.21	11506	25922	9	135	 76 ***
8483.6	10857	25922	36	1946	 75 
9449.88	10364	25922	38	905	 73 
9212.01	9937	25922	65	2394	 72 
10264	10289	25922	37	1537	 72 
8387.78	11232	25922	31	1264	 71 
9650.63	9284	25922	63	2309	 71 
9674.11	10865	25922	32	1254	 69 
8384.85	11828	25922	34	1474	 67 
10266.2	10426	25922	33	1624	 64 
8023.2	11578	25922	42	1861	 64 
10268.8	11215	25922	5	368	 64 
10267.9	10387	25922	34	1371	 62 
9649.94	9755	25922	53	2228	 59 
9182.04	10025	25922	64	2349	 59 
10261.2	9627	25922	61	2089	 58 
8044	11373	25922	40	1714	 58 
8387.54	10733	25922	55	1661	 55 
8283.9	11150	25922	60	1991	 52 
7797.85	10849	25922	63	2309	 47 
9672.3	10909	25922	9	368	 46 
8849.89	11150	25922	35	1657	 44 
10267.9	9830	25922	52	2152	 40 
9080.57	10562	25922	35	1421	 40 
9662.33	9744	25922	60	2342	 38 
9469.58	10922	25922	32	1354	 27 
7561.08	11380	25922	68	2499	 27 
9658.23	11106	25922	30	1033	 25 
10279.2	10667	25922	31	1318	 22 
9654.06	11131	25922	29	1274	 17 
9453.84	11227	25922	33	1300	 16 
9188.81	11155	25922	34	1756	 16 
10272.3	10687	25922	32	1393	 13 
9460.57	9861	25922	57	1865	 6 
8003.84	12185	25922	51	1655	 2 
8392.08	10109	25922	64	2324	 1 
10267.9	10331	25922	35	1430	 0 

