#81	511	35	320	0	201	853	797	858	74	 ***
#511	291	69	293	256	396	748	1002	164	0	
#442	168	266	153	274	90	1023	320	994	0	
#90	15	213	511	404	335	271	0	1010	881	
#390	511	0	149	423	44	1023	0	536	654	
#49	0	511	376	229	175	728	1012	143	507	
#319	8	499	267	382	17	385	327	503	1023	

496	156	106	272	2	171	880	1023	281	0	
154	319	20	106	320	0	0	980	465	1023	
104	324	137	68	309	480	673	1023	0	269	
152	91	135	0	38	190	640	1023	168	950	
142	385	487	141	129	403	244	175	1022	259	
239	190	16	213	0	201	280	737	488	1023	
312	122	313	297	45	45	1022	788	248	195	
153	80	271	42	369	503	1023	0	667	279	
64	60	42	332	0	201	1023	737	732	196	
198	19	321	70	130	23	854	30	719	1023	
79	76	149	332	0	209	1023	745	488	286	
81	160	219	283	366	297	1023	0	293	665	
81	182	12	228	8	198	1023	797	488	370	
80	15	34	122	0	8	696	1023	389	1020	
79	205	20	320	0	250	1023	737	488	265	
95	60	12	350	0	213	286	737	611	1023	
153	419	278	254	511	316	884	0	267	305	
188	90	20	324	0	190	1023	808	496	248	
175	179	20	0	12	32	1023	276	656	1014	
156	511	400	301	282	76	959	367	335	0	
179	60	20	343	0	511	773	750	751	0	
84	252	137	120	325	53	385	1021	23	987	
45	30	12	206	126	209	1022	730	496	511	
286	511	477	503	446	316	260	0	588	0	
72	68	134	251	0	186	1023	795	488	370	 ***

53	38	134	503	0	186	1023	787	252	475	
38	38	126	281	0	430	1023	723	244	548	 ***
53	38	134	511	0	276	267	723	426	1023	
297	38	164	251	0	186	1023	802	252	438	
61	68	194	251	0	186	1023	802	496	370	
113	38	134	251	0	186	515	1023	244	947	
4	507	177	475	16	278	1023	883	0	88	
153	312	289	256	274	91	0	923	130	1023	
138	34	167	79	408	503	1023	0	831	268	
413	0	186	0	95	484	1023	80	974	196	
53	68	149	488	60	194	1023	787	244	385	
427	154	252	0	103	366	1023	891	0	235	
8	0	137	469	471	0	298	848	197	1023	
236	9	205	134	95	289	1023	503	957	0	

45	511	0	239	349	511	995	688	183	0	
253	160	0	403	0	398	358	659	267	1023	
38	42	60	356	0	430	1022	781	488	304	
53	38	0	281	0	430	968	1023	362	366	
458	319	487	0	0	274	68	202	940	773	
8	38	0	281	0	430	1023	720	794	227	
510	275	451	152	0	510	0	304	1023	296	
45	42	122	418	0	426	1022	777	427	242	
0	0	430	38	350	61	99	524	996	1023	
88	483	395	0	511	332	353	407	952	0	
110	511	380	45	260	0	1014	199	0	1002	
0	495	494	145	45	472	591	257	1022	0	
461	282	23	186	0	430	580	536	0	1023	
8	98	4	433	0	430	1021	964	244	319	 ***
8	42	0	281	0	486	383	841	1023	457	

0	113	163	287	0	57	422	1023	548	319	
0	8	128	90	64	60	1021	0	593	968	
471	227	428	0	497	53	951	0	0	305	
90	49	61	262	220	0	1022	0	338	890	
8	98	19	303	0	95	1021	689	380	319	
19	83	122	69	511	496	154	984	259	235	
30	247	57	499	0	274	175	150	1021	479	
8	90	4	288	0	45	1022	685	395	395	 ***
0	365	109	0	152	0	1021	966	61	258	
38	30	449	495	45	15	1021	696	0	143	
510	511	120	0	64	183	0	966	563	15	
64	53	365	290	511	156	319	91	76	1007	
511	99	308	30	60	144	15	770	949	46	
121	158	168	15	0	61	1021	856	410	122	
8	27	150	83	121	490	1021	647	385	0	
8	98	64	288	0	64	1022	659	395	334	
129	297	395	258	38	385	1023	155	0	252	
147	506	0	381	75	320	1020	274	209	0	

274	0	91	45	0	15	999	196	1022	128	
91	68	45	441	391	38	1022	0	380	294	
121	511	274	15	120	64	518	121	30	996	
0	60	19	288	60	60	1023	563	409	288	 ***
75	358	106	30	60	105	844	4	1023	165	
120	168	90	8	75	45	889	0	352	1023	
511	509	263	60	98	181	975	0	173	0	
60	30	34	511	0	45	813	578	304	395	
117	129	91	0	45	135	1023	91	730	409	
245	0	511	165	0	60	542	563	289	395	
234	30	30	0	189	0	1023	454	65	745	
0	511	4	288	0	107	585	653	334	288	
0	30	19	256	0	120	397	578	349	1021	
128	105	114	199	0	488	1023	167	182	364	
90	185	216	395	0	98	1022	15	387	362	
8	60	49	196	0	60	1021	608	396	372	
49	90	244	30	135	196	1023	15	106	882	
165	0	500	503	185	38	1022	147	210	0	
60	120	60	60	304	60	0	1021	201	884	
150	15	511	211	0	45	531	578	334	395	
0	0	94	120	364	30	1023	181	913	45	
282	90	271	0	508	143	1023	286	60	107	
61	477	125	353	258	83	1021	65	327	0	
90	511	289	30	196	60	983	581	0	30	
0	0	34	333	0	94	420	1023	563	303	
105	90	75	45	274	0	15	988	166	1012	
45	45	19	151	0	165	289	638	396	1022	
60	15	0	377	456	486	30	19	304	1023	
0	0	34	225	0	90	364	639	1023	395	
0	45	64	181	15	45	1023	319	379	699	
105	30	75	155	410	120	0	852	1023	0	

0	30	0	196	60	60	1023	441	398	472	
45	90	511	0	60	105	1017	381	136	335	
120	0	2	0	61	120	80	834	1023	440	
76	45	64	319	32	511	0	639	0	994	
106	338	90	120	15	91	822	0	75	1023	
0	30	0	155	60	60	1023	441	424	487	
511	0	274	0	75	440	45	1001	334	0	
91	79	30	274	511	189	62	988	60	396	
319	75	511	490	0	30	90	1013	0	152	
0	30	0	292	60	60	1023	349	394	472	 ***
15	45	0	15	30	0	1023	1021	531	0	
0	30	0	166	60	60	1023	441	428	472	
511	121	15	487	60	379	244	0	727	136	
120	60	395	0	151	0	1023	856	0	75	
166	30	30	366	90	30	920	1018	0	30	
0	30	0	151	60	64	1023	441	439	472	
0	0	0	511	75	60	475	441	394	724	
0	0	0	511	60	60	727	441	394	487	

53	90	39	441	439	109	1023	0	0	379	
0	30	0	105	60	60	507	334	454	1023	
46	0	4	45	30	75	421	456	1023	473	
106	35	5	60	75	511	75	46	670	990	
15	65	60	76	1	511	320	30	1020	475	
0	137	235	76	248	64	0	349	441	1023	
511	19	150	0	91	0	75	817	0	910	
64	289	75	30	511	0	165	289	136	1014	
0	19	511	0	34	353	124	75	441	1016	
4	0	0	429	34	64	1022	334	394	292	
135	166	0	354	0	83	1023	90	628	94	
349	505	34	154	30	0	373	105	0	1023	
105	0	81	79	64	216	700	1023	0	305	
0	0	0	511	30	105	459	632	364	472	
511	120	390	120	27	0	1011	30	364	0	
0	0	15	159	34	90	1022	323	424	506	 ***

333	346	0	90	91	508	1023	324	328	0	
120	274	15	94	113	364	65	1023	862	113	
0	126	151	409	180	240	803	1023	0	111	
0	0	289	208	34	39	565	453	432	1023	
30	364	136	130	94	77	282	1023	650	257	
350	9	511	75	105	75	60	689	1003	166	
0	0	75	159	43	90	1023	441	676	536	 ***
65	443	304	85	303	30	730	30	30	1023	

34	0	57	284	100	45	813	1023	0	537	
128	0	511	0	0	495	489	150	98	1022	
0	0	75	98	99	15	1018	456	677	455	 ***
0	0	144	98	38	32	1023	441	616	501	
510	68	0	0	301	156	1023	417	323	95	
0	0	75	70	99	30	455	449	692	1023	
0	225	121	45	0	511	618	68	1019	286	
511	20	0	66	506	49	1021	0	538	182	
0	8	75	159	38	60	1021	441	616	475	

21	0	45	68	196	0	1023	486	403	318	
12	0	45	98	42	248	1023	334	395	363	
0	8	53	42	68	17	1023	335	662	352	 ***
0	0	49	202	84	0	1023	342	405	455	
112	226	501	395	511	98	0	138	0	579	
0	0	45	38	68	130	1023	501	414	341	

19	15	53	34	68	18	1023	411	480	315	
15	0	53	64	68	19	1023	400	518	276	
511	0	68	64	213	15	527	274	343	421	
0	0	53	39	98	32	437	396	358	1023	
15	0	61	511	68	19	702	274	373	413	
15	30	190	34	68	32	1022	404	365	276	
0	0	54	30	125	32	461	289	1023	422	
216	61	75	72	0	30	1023	86	820	53	
342	34	277	49	0	34	174	1023	130	373	
0	0	57	45	511	32	724	334	335	398	
4	0	53	49	68	32	519	274	414	1023	
365	0	253	114	189	116	1023	0	152	224	
129	45	55	470	511	0	154	0	49	1023	
0	4	42	34	68	30	556	1023	373	306	
222	288	19	83	0	154	1023	586	61	0	
237	0	90	73	274	152	1023	0	132	455	
20	15	68	34	68	25	1023	274	510	399	
101	124	511	58	160	0	1022	384	0	76	
80	4	60	511	115	27	413	228	0	998	
15	0	176	64	68	17	1023	290	381	402	
0	19	8	104	68	511	559	394	419	354	
15	0	180	30	87	18	1023	342	343	398	 ***

31	15	39	60	217	3	1023	344	343	402	
19	15	33	45	228	9	1023	372	335	398	
57	102	227	0	0	44	1023	415	377	232	
15	1	198	30	93	0	1023	357	339	421	 ***
29	125	258	342	511	143	684	377	8	0	
0	137	131	511	223	358	167	611	339	0	
34	0	27	54	87	30	470	1023	350	402	
421	126	507	49	40	15	1023	177	4	115	
16	4	31	45	89	0	1023	494	373	402	
30	2	153	31	87	0	423	357	371	1023	
147	0	62	0	180	93	282	1023	599	91	
95	195	59	42	51	323	340	349	0	1023	
145	63	109	34	0	0	116	957	1023	30	
75	121	250	137	362	263	1023	105	141	0	
105	62	42	509	132	105	1023	0	84	415	
38	6	175	15	509	71	0	529	111	1023	
42	134	108	21	101	34	1023	0	995	19	
75	53	64	154	511	410	930	186	94	0	
30	0	47	34	121	2	1023	342	335	543	

34	4	83	75	137	15	140	1023	4	1023	
0	1	117	30	85	120	1023	145	478	539	
0	1	42	45	240	0	1023	205	411	571	
12	297	92	141	201	511	1020	84	90	90	
45	90	244	140	0	8	882	32	75	1022	
124	139	72	34	146	0	1022	539	289	173	 ***
137	511	19	511	4	15	274	1022	45	0	
4	122	168	0	119	17	1023	74	68	943	

146	261	90	404	61	293	1023	456	255	0	
387	143	125	94	112	122	1022	460	259	265	 ***
34	17	127	0	297	511	1010	672	119	202	
265	169	127	38	142	19	1023	372	631	203	
19	15	383	319	106	61	984	75	4	1023	
238	135	79	8	137	244	110	1023	0	1015	
128	261	83	34	231	0	503	220	1023	506	
201	0	400	45	30	511	0	996	84	722	
265	263	64	16	110	0	675	220	353	1023	
296	72	47	242	319	110	1023	78	0	802	
137	210	98	109	296	186	529	1023	401	0	
182	261	49	4	194	19	1022	250	121	887	
128	143	55	68	234	122	289	220	1023	707	
162	411	433	0	511	128	832	320	105	87	
128	139	121	34	114	158	1022	310	639	324	
21	49	69	267	91	272	1023	60	1003	134	
128	230	38	49	236	23	1022	493	567	203	
124	158	109	57	211	0	1022	344	120	844	
215	139	79	25	120	0	483	524	381	1023	
266	511	0	501	15	15	122	0	561	998	
511	333	23	155	295	334	814	305	219	0	
276	353	109	307	511	216	111	90	1016	0	
124	261	64	232	133	0	391	472	289	1023	
79	21	105	278	94	181	217	1023	991	0	
205	182	17	157	316	95	937	0	1023	57	
290	139	64	38	112	0	193	640	490	1023	
124	143	60	81	124	34	827	1023	320	253	
0	137	30	81	90	124	1023	120	368	1016	

143	83	121	511	118	130	764	216	259	629	
0	202	510	210	0	12	27	137	856	1020	
0	149	137	30	366	197	1022	54	914	105	
282	4	0	156	511	76	1020	607	257	61	
38	76	150	15	511	396	122	597	1007	62	
15	320	23	160	322	15	1023	0	76	1020	
143	83	136	94	112	130	763	216	274	1023	
19	0	202	511	188	137	248	496	151	1022	
159	72	83	19	259	510	1022	850	0	0	
143	162	136	102	82	137	1022	216	762	212	
158	83	106	94	308	183	1023	472	319	228	
155	106	106	34	384	182	1023	460	259	265	 ***
137	30	442	19	511	125	489	0	1023	198	

155	321	106	42	110	257	1022	147	440	152	
191	125	167	30	268	182	1022	438	147	182	 ***
149	8	386	72	320	122	1023	106	566	0	
316	15	105	12	305	60	1023	80	183	653	
259	301	15	0	216	42	1022	216	65	616	
243	121	60	30	461	0	654	160	0	1023	
155	110	106	107	110	190	614	156	1022	182	
153	106	91	94	95	258	1023	600	200	132	
61	228	136	122	0	0	400	722	1022	61	
197	212	61	99	8	30	972	1022	0	151	
304	75	73	244	0	90	1023	620	141	182	
183	112	106	60	174	242	531	164	158	1022	
326	121	369	30	213	47	1022	624	0	0	
0	83	187	106	450	190	1022	139	53	522	
4	152	0	492	125	110	1022	567	128	152	
155	106	95	38	177	304	546	171	1023	137	
511	495	75	0	76	0	150	429	1016	0	
436	30	8	68	105	252	1023	217	183	430	
215	106	221	30	110	243	539	143	1023	122	
155	106	511	30	116	327	648	439	163	257	
157	167	91	511	114	186	569	141	215	601	
248	15	259	511	155	209	834	399	122	0	
511	141	430	0	0	175	380	220	0	895	
274	0	12	0	129	304	1023	191	202	617	
511	136	197	210	122	61	1013	205	0	297	
69	427	60	0	0	68	76	182	847	1023	
15	159	244	90	122	511	1023	288	152	148	
310	106	106	30	112	202	1022	190	143	531	
231	136	106	30	171	188	588	149	1023	130	
184	15	0	0	511	12	1020	682	0	328	
502	137	183	349	368	161	1022	0	0	30	
155	106	108	121	110	182	1022	536	252	160	
141	30	189	275	152	506	1022	94	99	244	
213	106	106	90	110	267	501	194	143	1022	
0	122	49	65	65	310	714	252	152	1023	
174	106	123	120	110	182	501	262	151	1023	
153	171	140	90	121	182	588	145	1023	139	
223	106	91	32	201	182	531	203	1023	160	
172	98	91	30	93	276	617	141	211	1023	

0	0	370	132	280	124	488	1023	88	154	
31	193	76	0	509	168	536	124	0	1022	
159	125	167	30	178	182	516	190	1022	90	
244	503	95	152	83	202	1023	49	30	278	
251	130	145	0	383	0	1023	155	196	376	
339	42	0	289	19	163	1022	594	70	121	
0	285	64	139	137	60	631	320	1023	0	
60	511	175	0	274	154	1018	436	31	0	
122	30	0	319	0	4	227	854	80	1023	
45	144	511	126	369	0	244	0	1023	197	
42	0	0	500	91	138	120	1023	320	425	
4	0	78	143	60	511	1022	182	659	0	
217	120	0	152	49	0	1023	545	460	93	
151	129	167	30	174	182	1023	162	121	520	
159	125	167	30	174	182	1023	192	520	87	
15	184	99	60	305	64	1023	94	529	286	
163	125	167	30	174	182	516	160	1022	120	
368	305	0	23	511	75	903	105	308	61	
30	370	75	368	130	91	1023	79	328	165	
511	125	152	30	167	122	988	145	419	0	 ***
163	395	137	457	61	34	1023	49	122	218	
428	79	0	0	69	125	15	289	1022	632	
76	304	365	0	120	511	145	908	230	0	
151	125	167	30	174	182	1023	220	68	519	
49	0	69	396	83	64	1023	170	714	91	
153	125	167	90	238	182	1023	470	151	60	
212	197	45	107	0	271	782	0	23	1022	
490	511	41	297	114	327	0	712	167	0	
151	125	167	30	174	182	516	224	68	1022	
278	118	166	139	149	288	1022	0	60	439	
0	0	501	491	30	286	1023	90	90	148	
99	453	213	405	0	15	376	0	75	1023	
61	126	149	136	306	34	1022	494	135	196	
380	382	213	510	174	55	0	0	75	870	
184	53	151	91	0	38	1022	68	397	655	
47	61	253	30	267	137	1022	662	180	0	
151	0	155	349	404	163	1023	90	194	130	
122	171	394	110	122	34	1023	603	80	0	
511	57	182	128	482	510	0	201	588	0	
61	0	430	65	118	90	1023	542	202	128	
153	125	167	30	174	182	512	199	94	1023	
60	8	15	228	23	137	1023	0	313	852	
0	0	113	251	347	4	0	226	1023	695	
76	136	61	98	372	17	144	732	1023	0	
0	8	190	272	511	0	396	159	122	1001	
182	220	45	12	137	0	1023	421	0	619	
60	511	2	8	181	61	1021	217	0	598	

289	120	91	282	226	122	385	1023	302	0	
389	511	434	19	0	84	402	64	899	38	
511	95	91	30	151	366	940	271	385	0	
94	194	511	334	363	335	90	919	0	0	
511	267	83	69	15	130	563	53	912	237	
368	105	121	60	106	157	359	541	1023	0	 ***
510	141	46	75	305	90	410	178	1023	62	
42	0	0	122	510	0	557	488	1022	99	
228	0	0	90	505	49	537	338	1023	70	
504	68	87	30	484	511	791	0	365	0	
38	120	0	319	57	398	23	0	1023	862	
8	304	120	91	0	30	1014	126	1023	124	
202	95	91	117	106	369	1023	599	238	0	
157	95	99	274	106	510	922	353	324	0	
244	91	74	87	60	122	98	851	1023	190	
75	30	0	60	4	320	960	274	94	1023	
202	339	106	30	121	122	355	31	1023	511	
160	248	120	0	120	0	614	1022	400	156	
94	45	297	4	509	0	461	104	1022	304	
511	317	152	57	334	75	374	117	813	90	
0	242	4	511	23	76	79	61	1010	834	
4	0	511	45	338	320	137	0	1018	467	
15	30	8	198	182	60	244	150	1023	930	
273	57	0	64	0	62	1023	930	123	308	
23	244	50	396	30	90	90	1023	894	0	
142	389	358	30	165	122	385	226	1023	0	
165	95	129	60	511	371	873	267	369	0	
98	150	16	0	441	0	1022	90	999	24	
255	140	91	60	124	130	629	388	1023	0	
124	293	511	45	366	69	0	38	994	400	
90	100	139	442	38	19	1022	153	837	0	
168	31	91	38	136	122	398	1022	834	0	
60	510	4	68	289	117	742	0	1020	30	

0	87	83	205	30	160	386	0	1022	361	
182	90	411	0	15	0	35	578	1023	0	
30	90	15	0	252	30	75	789	1023	30	
380	0	0	60	0	510	1020	364	0	0	
0	0	304	30	0	0	34	0	1022	944	
81	87	136	186	106	130	278	308	1022	0	
64	0	8	0	151	304	53	549	1023	182	
38	430	45	334	60	0	122	4	1023	278	
75	30	130	0	60	0	0	1016	1023	0	
8	30	242	0	15	244	60	411	1020	304	
83	221	121	75	106	130	293	282	1023	0	
30	8	19	182	0	378	137	184	1023	373	
0	68	30	0	0	506	60	648	1022	0	
83	125	121	60	232	130	278	282	1023	0	 ***
0	30	274	0	122	396	113	68	1023	308	
136	0	175	4	350	8	316	0	1022	323	
83	95	121	60	228	160	282	282	1023	0	
464	274	64	15	68	0	0	0	1023	426	
263	0	180	20	130	61	209	53	1022	396	
124	0	0	0	42	75	60	869	1022	142	
511	30	83	90	0	0	597	0	1023	0	
361	23	0	449	274	0	167	0	1022	38	
429	90	0	0	510	282	1023	0	0	0	
0	511	0	0	60	0	30	0	1022	711	
83	35	125	60	106	130	491	282	1022	0	
105	68	75	30	8	0	60	968	1020	0	
30	30	0	60	259	0	843	60	1022	30	
339	8	426	76	0	212	0	179	1023	71	
60	149	167	76	68	34	274	301	1023	182	
30	0	0	60	30	15	156	952	1023	68	
154	61	149	381	110	94	0	328	1023	34	
282	304	0	0	69	94	502	0	1023	60	
0	487	0	510	30	0	0	1018	289	0	

342	319	274	45	510	76	61	289	1003	0	
0	30	304	282	496	75	553	156	1023	0	
90	0	323	45	244	307	120	768	1022	0	
342	244	200	0	182	244	98	334	1023	252	
135	510	60	30	0	496	1015	122	0	551	
0	319	64	0	60	0	209	714	1023	530	
357	328	90	0	510	0	625	1009	0	0	
274	122	388	312	0	0	785	15	1023	0	
122	83	312	0	503	15	863	1021	0	0	
34	374	30	15	304	244	304	180	1023	411	
83	510	75	60	278	449	282	379	803	0	
94	45	45	457	358	75	335	488	1022	0	
0	190	0	0	60	511	173	963	1022	0	
53	289	8	8	259	366	425	132	1022	357	
15	304	180	492	98	60	320	366	1023	61	
75	64	120	30	292	374	343	309	1022	290	
244	60	38	289	0	244	551	0	1023	470	
136	15	409	0	0	60	774	243	1023	259	
30	374	45	349	30	0	0	583	1022	486	
334	98	331	45	190	320	305	274	1022	0	 ***
0	0	427	274	0	304	154	66	1023	671	
342	53	68	94	446	8	274	334	1022	278	
0	113	244	349	332	160	320	0	1022	379	
38	349	304	0	30	0	0	257	1023	918	
395	408	8	304	488	45	120	128	1023	0	
335	0	83	0	167	34	999	279	1022	0	
32	289	244	136	334	0	244	617	1023	0	
349	197	0	488	0	278	441	15	1022	129	
0	456	0	319	0	305	199	336	1022	282	
75	46	60	274	315	511	342	537	759	0	
75	275	0	121	98	511	0	1015	824	0	
139	98	60	30	186	138	395	522	1023	328	
503	357	0	472	109	120	0	91	1023	244	
0	60	30	61	8	15	1022	271	1022	430	

511	503	8	357	289	95	488	0	961	0	
327	394	376	53	258	308	473	0	1023	0	
0	357	271	102	137	394	411	517	1023	0	
110	511	30	0	12	419	0	278	999	853	
60	511	8	248	267	410	274	412	1022	0	
0	0	274	511	501	98	248	631	949	0	
364	159	267	113	141	312	312	521	1023	0	 ***
319	60	327	15	511	304	304	518	823	31	
511	511	0	76	120	244	242	244	1004	260	
394	106	267	114	152	320	259	578	1022	0	
60	0	412	252	90	511	0	623	1020	244	
94	113	328	0	282	244	656	472	0	1023	
342	0	187	274	312	328	312	1023	434	0	
305	327	128	0	190	334	488	417	1023	0	
0	0	150	511	83	0	426	657	1013	372	
342	98	279	53	303	312	423	380	1022	0	
23	182	0	309	327	511	0	323	981	556	
319	68	267	91	426	511	304	244	952	30	
304	488	379	511	42	0	244	985	0	259	
252	393	38	0	27	511	0	484	1004	503	
0	68	121	0	160	334	792	669	1023	45	
274	151	511	15	122	463	244	579	853	0	
60	503	0	0	511	83	1000	259	796	0	
90	32	511	499	312	0	0	789	979	0	
130	0	319	63	444	244	625	0	1023	364	
365	12	320	30	381	357	275	449	1023	0	

0	335	196	357	8	282	342	0	1023	260	
304	91	244	76	160	60	312	533	1023	0	
30	279	304	76	0	120	974	0	1020	0	
366	511	418	365	0	34	120	0	989	0	
16	135	0	485	252	64	0	1022	829	0	
334	181	259	83	91	75	86	671	1023	0	
61	0	334	252	0	0	1023	993	0	140	
304	136	259	90	137	64	304	488	1021	0	 ***
19	68	274	511	0	141	0	305	1006	479	
107	60	194	392	0	0	783	244	1023	0	
34	396	27	16	0	150	396	0	1023	761	
23	4	49	282	0	0	60	997	1023	365	
60	0	150	0	305	15	0	304	1023	946	
0	334	0	38	61	0	1023	990	357	0	
61	349	0	0	509	0	145	990	749	0	
38	413	274	61	484	511	1022	0	0	0	
289	0	190	334	181	0	0	786	0	1023	
304	0	0	334	0	282	826	34	0	1023	
488	30	60	0	76	0	997	0	129	1023	
0	19	244	60	463	441	0	0	1021	555	
319	121	289	87	79	77	320	488	1023	0	
304	181	282	151	197	90	87	488	1023	0	
511	60	8	488	61	60	150	0	1009	456	
114	43	64	349	287	304	305	314	1023	0	
0	81	69	68	0	0	773	364	1023	425	
263	0	0	128	188	379	122	343	1023	357	
511	304	0	15	60	61	755	74	1023	0	

159	509	0	105	511	244	0	0	1016	0	
511	0	0	0	91	30	306	1020	0	586	
0	511	334	0	499	0	121	60	0	1019	
510	334	30	30	0	488	1002	60	60	30	
30	75	30	61	274	0	120	809	1023	122	
90	0	0	151	60	511	0	638	1018	76	
30	136	274	151	15	34	60	549	1023	272	
0	90	511	304	0	304	0	380	955	0	
321	60	15	60	61	0	0	0	1023	1004	
488	90	61	511	274	241	879	0	0	0	
0	90	0	0	511	0	823	105	940	75	
30	106	289	90	30	4	365	1023	607	0	
90	212	259	0	75	30	338	62	1023	455	
30	30	0	0	394	0	1007	0	1022	61	
60	174	289	120	15	149	226	488	1023	0	
353	304	30	274	0	511	99	0	973	0	
121	136	259	90	50	19	60	520	1023	266	
0	0	30	0	15	98	1013	365	1023	0	 ***
151	151	319	0	90	289	434	0	1020	90	
60	53	0	120	293	0	68	746	1023	181	
30	0	0	30	166	510	244	120	1020	424	
0	0	511	0	45	60	151	1000	244	533	

304	0	61	75	0	511	27	751	989	0	
0	15	90	45	19	106	918	502	1023	0	 ***
473	319	19	211	53	30	324	207	1022	60	
64	511	309	219	0	323	1021	0	0	271	
0	8	30	46	113	102	1023	608	480	308	
60	76	323	60	15	0	90	94	1023	977	
201	0	30	60	164	128	1023	624	488	0	
15	19	274	105	19	255	75	850	1023	83	
508	60	261	0	42	508	4	312	1023	0	
0	0	75	0	31	117	706	375	1023	391	
23	12	194	0	15	162	665	624	1023	0	
12	75	79	0	38	110	772	609	1023	0	
0	8	38	8	34	158	894	555	1023	0	
8	90	60	12	155	180	61	252	1023	877	
0	0	51	0	0	102	714	365	1023	463	

0	323	206	267	489	0	168	1023	0	765	
0	4	90	15	64	121	705	731	1023	488	
0	75	246	259	4	106	827	701	1023	0	 ***
84	0	511	472	113	0	519	0	522	1020	
244	0	441	511	60	75	60	304	994	552	
0	30	227	15	8	106	635	457	1023	740	
0	0	60	267	303	106	834	1023	648	0	

