#7951.85	22918	29325	0	0	 28 ***
#10212.4	20563	29325	0	0	 4 

7827.5	19257	25246	20	267	 91 
10086.7	14999	25246	63	2515	 78 
7830.13	16960	25246	9	381	 77 ***
7828.75	19461	25246	17	435	 72 
9021.83	16105	25246	17	749	 68 
9009.77	15742	25246	39	1254	 41 
9016.88	16478	25246	38	1252	 20 

8955.53	17578	26494	55	2116	 94 
9074.99	16994	26494	16	547	 75 
8157.66	17912	26494	79	2860	 56 
7882.92	20548	26494	15	406	 46 
7885.54	18820	26494	7	113	 39 ***
7883.21	21401	26494	11	149	 34 
7880.2	19637	26494	17	497	 29 
8961.03	18549	26494	15	543	 24 
8940.01	18217	26494	60	2520	 21 
8970.13	16254	26494	35	966	 18 
9066.03	16427	26494	33	1183	 16 
9075.59	17710	26494	13	539	 14 
10140.9	16125	26494	59	2311	 6 
8967.42	17869	26494	37	958	 1 

7410.32	19317	29672	75	2586	 84 
9094.9	14918	29672	29	1019	 81 
10272.3	13302	29672	73	2548	 79 
9088.13	15965	29672	57	2147	 76 
9208.46	15393	29672	20	728	 65 
9200.81	14387	29672	77	2944	 54 
9199.75	14454	29672	78	2856	 40 
8655.11	14726	29672	58	2692	 38 
10275.8	13626	29672	55	2618	 20 
9088.38	16285	29672	24	1061	 16 
9080.11	14616	29672	75	2709	 12 
8577.43	15273	29672	77	2486	 11 
8008.29	16409	29672	5	262	 10 ***
10265.2	14769	29672	51	1857	 6 
9672.31	13913	29672	64	2189	 6 

8918.83	12598	29293	47	1994	 93 
8729.3	9275	29293	71	2431	 85 
8726.6	10358	29293	51	2200	 75 
8933.66	11453	29293	24	875	 70 
9523.63	9738	29293	66	2138	 44 
8118.97	11140	29293	48	1613	 39 
7855.02	13275	29293	15	412	 33 
7862.25	12963	29293	11	223	 29 ***
8114.75	9936	29293	52	2490	 22 
7859.84	13198	29293	28	771	 21 
7518.68	9917	29293	68	2310	 16 
9527.5	10897	29293	44	1783	 12 
7652.32	12202	29293	51	2183	 6 
7856.21	13890	29293	10	177	 5 
7994.97	12156	29293	54	2235	 0 

9418.53	11291	27923	44	1806	 100 
8817.95	12371	27923	55	1967	 100 
8836.63	14992	27923	10	115	 94 
9213.49	10729	27923	62	2303	 91 
8838.88	13677	27923	23	725	 91 
10028.2	12199	27923	41	1336	 87 
10013.8	10743	27923	43	1920	 87 
8936.2	12125	27923	52	1954	 85 
10037.2	11941	27923	31	1042	 84 
9432.75	12430	27923	42	1731	 83 
10028.8	11421	27923	42	1844	 83 
9208.73	11277	27923	58	2303	 83 
7874.38	13126	27923	65	2409	 82 
10026.7	11802	27923	42	1584	 82 
8822.47	11587	27923	56	2280	 82 
8226.12	13680	27923	47	2058	 80 
7761.45	14796	27923	18	381	 80 
8959.12	13180	27923	26	642	 79 
10038.5	14080	27923	13	267	 74 
9212.19	11208	27923	54	2123	 72 
9229.13	9850	27923	52	2029	 69 
8967.98	12335	27923	50	2102	 69 
10028.4	12600	27923	35	1099	 69 
8413.35	13671	27923	36	1411	 68 
10033.1	12673	27923	34	1606	 64 
8836.98	14495	27923	27	642	 58 
8129.93	12363	27923	56	2243	 57 
8948.32	12894	27923	34	977	 55 
9211.79	12052	27923	46	2019	 51 
9220.8	11792	27923	52	1949	 51 
8957.93	14415	27923	8	217	 51 ***
10022.5	12351	27923	42	1541	 48 
8932.03	10506	27923	64	2348	 47 
10038.9	14106	27923	11	488	 47 
10034	12016	27923	39	1486	 46 
7762.74	14517	27923	64	2379	 46 
10040.4	11441	27923	39	1249	 45 
8843.18	12629	27923	42	1787	 44 
10035.9	13310	27923	16	759	 43 
8945.98	13439	27923	33	962	 40 
8830.61	12416	27923	47	2080	 37 
8837.6	14521	27923	10	469	 32 
8832.44	13578	27923	41	1735	 31 
8834.74	14509	27923	24	1303	 25 
8626.98	11779	27923	63	2364	 24 
10035.2	13373	27923	15	515	 24 
8945.05	13198	27923	38	1382	 20 
9417.13	11801	27923	43	1798	 15 
9212.04	12466	27923	40	1718	 13 
10042.9	13183	27923	23	724	 13 
10030.5	12282	27923	38	1317	 11 
8238.65	12453	27923	43	1745	 10 
10032.7	14344	27923	14	618	 9 
8957.91	13412	27923	26	627	 4 
8953.35	13574	27923	29	1023	 2 
9218.04	12718	27923	37	1599	 1 
8831.72	11563	27923	53	1838	 1 
7808.33	13752	27923	62	2210	 0 
8841.5	14372	27923	18	605	 0 

8647.29	9181	23299	65	2064	 97 
7971.16	12270	23299	30	1027	 97 
7970.83	12467	23299	30	1027	 92 
6993.54	10454	23299	60	2066	 90 
9841.75	10088	23299	40	1766	 88 
7840.37	10965	23299	39	1645	 83 
7374.41	11136	23299	44	2068	 80 
9857.42	9835	23299	42	1709	 80 
8642.01	9060	23299	68	2384	 71 
9262.25	9604	23299	56	2001	 71 
7983.86	11878	23299	4	146	 70 ***
7704.98	9900	23299	63	2212	 59 
7970.04	12662	23299	31	1042	 58 
7969.44	12310	23299	35	1055	 57 
7971.47	11581	23299	31	931	 55 
8165.94	9831	23299	61	2396	 52 
7980.7	11320	23299	33	803	 51 
7981.56	12526	23299	7	226	 50 
7969.47	10777	23299	35	1101	 48 
7590.94	9921	23299	44	2022	 39 
7960.87	10169	23299	42	1749	 31 
7983.56	11970	23299	7	180	 29 
8438.37	9226	23299	61	2196	 26 
7978.01	11719	23299	12	330	 25 
8674.97	8963	23299	59	2291	 9 
7974	12199	23299	8	439	 8 
9261.51	9917	23299	44	1701	 4 
9866.38	9535	23299	45	2106	 4 
7983.71	12346	23299	6	165	 3 

8642.59	11231	22329	48	1966	 100 
8419.71	12420	22329	33	1431	 100 
8430.34	10911	22329	58	2012	 98 
7835.07	11595	22329	57	2158	 96 
9028.43	10751	22329	55	2104	 95 
8413.36	10999	22329	57	1982	 94 
9853.74	12138	22329	6	419	 94 
8753.21	9829	22329	59	2370	 93 
9028.37	11649	22329	32	1450	 85 
9834.41	10873	22329	34	1633	 85 
7830.75	12214	22329	57	2067	 75 
8410.05	10803	22329	59	2326	 75 
9023.17	10754	22329	38	1876	 73 
8760.6	10948	22329	56	1952	 71 
7618.06	12584	22329	56	1805	 69 
7963.5	14234	22329	12	374	 65 
7560.73	13506	22329	59	2256	 59 
7951.63	12765	22329	33	1102	 56 
8432.36	11653	22329	33	1668	 55 
9027.06	11339	22329	34	1652	 45 
7854	14170	22329	53	2217	 44 
9843.3	9609	22329	57	1982	 41 
8770.88	12095	22329	29	676	 36 
8421.76	11374	22329	51	1625	 35 
9039.48	11967	22329	7	266	 24 ***
9842.66	10915	22329	33	1420	 18 
7964.51	12672	22329	28	727	 15 
8155.31	11280	22329	55	1976	 7 
9010.14	10916	22329	39	2044	 6 
7573.87	13493	22329	62	2401	 2 
8415.9	12093	22329	36	1847	 1 

7873.65	16901	26894	63	2225	 87 
10135.6	14341	26894	6	568	 82 
10110.3	13220	26894	40	1554	 78 
10104.9	13359	26894	62	2256	 76 
9320.82	13707	26894	11	751	 74 ***
8927.42	15676	26894	37	1574	 72 
9056.56	15398	26894	40	1766	 71 
8254.01	14020	26894	62	2146	 63 
9062.16	15274	26894	37	1653	 59 
9315.08	15056	26894	32	1119	 57 
9030.46	13763	26894	64	2316	 48 
9065.13	13454	26894	36	1685	 46 
8914.54	14951	26894	46	1714	 36 
9045.38	15241	26894	41	1616	 22 
10132.6	12532	26894	67	2304	 13 
8910.37	15046	26894	45	1498	 11 
8236.96	15380	26894	60	2204	 11 
9056.75	14946	26894	60	1856	 5 
9310.43	14351	26894	33	1639	 4 

9105.83	11686	24404	26	739	 98 
9112.81	12755	24404	11	236	 95 
8709.48	11915	24404	46	1710	 81 
9113.69	11660	24404	21	880	 78 
9106.16	12251	24404	23	825	 73 
9117.42	11208	24404	21	801	 67 
8504.93	12060	24404	52	2324	 61 
9113.83	11473	24404	14	451	 57 
9119.29	11201	24404	25	1198	 53 
8841.85	11886	24404	47	2061	 50 
9104.96	12082	24404	26	895	 44 
9104.85	12567	24404	28	1141	 37 
9117.65	11631	24404	5	199	 32 ***
7916.82	11925	24404	66	2673	 30 
7908.89	12385	24404	44	2178	 26 
8030.53	12183	24404	55	2128	 26 
9116.59	11289	24404	15	474	 17 
9926.67	11441	24404	14	572	 11 
9114.33	11611	24404	7	222	 5 
9105.45	12477	24404	24	820	 4 
9906.43	10964	24404	55	2115	 3 

8077.77	13629	24831	42	1537	 85 
9070.99	14012	24831	11	630	 83 
9062.46	13012	24831	42	1764	 80 
9891.18	10987	24831	50	1804	 76 
9062.17	13741	24831	23	844	 71 
9077.31	11837	24831	7	530	 70 ***
8782.53	12666	24831	59	1838	 63 
9060.72	13130	24831	32	1021	 61 
8803.54	12222	24831	59	2051	 57 
8678.58	12905	24831	44	1363	 49 
9061.04	13374	24831	25	1092	 47 
9071.54	13259	24831	11	542	 36 
9063.39	12799	24831	47	1825	 34 
9073.61	12457	24831	24	876	 34 
8452.12	13504	24831	55	2009	 31 
9070.67	13013	24831	23	1108	 29 
8791.5	12816	24831	43	1847	 26 
8470.03	13167	24831	27	1036	 24 
8006.73	13915	24831	62	2136	 13 
8001.81	14055	24831	59	2151	 5 
9070.94	13759	24831	22	825	 0 

9051.09	11846	23425	20	935	 82 
8233.84	12621	23425	24	835	 75 
6512.03	12913	23425	50	2012	 64 
9052.39	11776	23425	8	450	 64 
9039.54	11806	23425	26	866	 55 
8231.53	13313	23425	26	855	 50 
8236.39	12058	23425	9	281	 12 ***

7949.5	16808	23944	65	1663	 88 
8230.23	14396	23944	20	758	 85 
8229.49	15294	23944	24	843	 83 
9045.02	16282	23944	3	33	 61 
9045.09	13345	23944	6	220	 55 ***
7971.9	16539	23944	68	2041	 40 
8236.81	16746	23944	8	93	 39 
9043.09	15326	23944	6	228	 29 
9036.08	15297	23944	18	787	 20 

10028.9	12493	25835	41	1228	 96 
8807.4	13132	25835	67	1919	 94 
9220.81	16241	25835	14	327	 89 
9218.26	14320	25835	30	832	 88 
8832.91	15263	25835	47	1623	 70 
9202.87	15598	25835	34	1185	 59 
10027.9	14932	25835	13	284	 58 
9220.67	13145	25835	31	1002	 56 
8620.59	13351	25835	61	1866	 47 
9218.71	14605	25835	29	817	 43 
9228.62	15258	25835	12	406	 40 ***
8129.32	16058	25835	64	1625	 38 
9214.39	15053	25835	29	864	 32 
10028.4	13046	25835	65	1561	 31 
10038.3	13751	25835	14	509	 25 
8957.3	16237	25835	44	1488	 24 
8956.56	16339	25835	46	1587	 24 
9232.06	14655	25835	27	570	 23 
10026	13963	25835	23	713	 22 
8948.35	15147	25835	49	1529	 20 
9225.14	14827	25835	16	515	 16 
10028.2	13094	25835	37	1144	 12 
10021.8	14242	25835	26	800	 9 
10022.6	12605	25835	68	1796	 3 

9343.81	17376	27228	25	965	 99 
9361.13	13336	27228	52	1493	 89 
10159.4	15900	27228	14	530	 89 ***
9352.05	16727	27228	15	791	 72 
8530.96	13163	27228	53	1599	 70 
8266.86	14523	27228	44	1697	 49 
9383.11	12972	27228	68	1918	 29 
9349.8	17728	27228	16	876	 24 
9355.82	16650	27228	12	724	 7 

10159.8	18024	26361	18	570	 99 
10162	17019	26361	16	509	 80 
10166.1	17161	26361	5	766	 75 
10160.9	16834	26361	20	486	 55 
8753.68	17123	26361	50	2319	 54 
9371.38	14186	26361	46	2446	 48 
10166.3	17250	26361	4	94	 31 
10171.1	16668	26361	12	466	 28 
10166.8	16792	26361	3	64	 25 ***
10196.8	13934	26361	50	2467	 22 
10161.2	17825	26361	18	517	 9 
8296.91	12893	26361	55	2307	 6 
8273.1	14071	26361	70	2699	 0 

9489.59	14305	28254	38	1915	 96 
8090.66	14891	28254	48	2083	 90 
9489.17	11570	28254	64	1912	 90 
7832.97	14156	28254	51	1888	 90 
8222.06	12225	28254	55	2165	 85 
10088.6	16673	28254	22	623	 85 
10095.3	16435	28254	5	379	 83 
9014.6	12379	28254	43	2087	 81 
9021.08	11661	28254	44	1887	 75 
10089.8	16852	28254	16	468	 74 
10091.5	16496	28254	19	619	 71 
8202.32	12958	28254	44	2068	 68 
8677.24	14582	28254	40	1908	 67 
9015.08	14451	28254	36	1767	 65 
9294.79	12146	28254	43	2029	 65 
8411.15	12171	28254	57	2029	 63 
10098.7	13502	28254	40	2034	 63 
8099.88	14213	28254	46	2215	 63 
8463.89	11957	28254	58	1308	 56 
10103.5	16019	28254	7	420	 54 
10091.8	16349	28254	22	827	 49 
8220.38	13184	28254	43	1976	 41 
7405.55	12626	28254	53	1975	 39 
10088	16721	28254	19	497	 39 
8675.7	12792	28254	42	1835	 30 
10101.7	12663	28254	41	2052	 26 
10102	12475	28254	40	2069	 24 
8419.35	12085	28254	44	2183	 20 
10106.8	15708	28254	16	663	 20 
8112.32	13684	28254	50	1872	 18 
9494.6	13195	28254	41	1927	 18 
10096.7	16066	28254	3	136	 17 ***
9289.86	13919	28254	40	1880	 14 
10093.3	11782	28254	43	1611	 2 
10092	16042	28254	11	151	 1 

7571.6	13011	27773	70	1907	 98 
8669.79	13312	27773	45	1985	 98 
7931.68	13908	27773	66	2254	 97 
8664.78	12281	27773	54	1989	 95 
7821.28	15641	27773	67	2350	 93 
9266.51	10550	27773	52	2138	 90 
10078.1	13626	27773	43	2010	 86 
8283.9	13072	27773	53	1774	 86 
10077.3	15000	27773	42	1183	 81 
8384.85	11946	27773	69	2128	 80 
10075.2	16506	27773	15	233	 80 
8380.74	12551	27773	72	2184	 79 
10073.4	15680	27773	26	666	 77 
10082.1	14761	27773	23	867	 75 
10075.3	15816	27773	16	248	 71 ***
8874.16	12728	27773	52	2189	 69 
8084.48	13988	27773	56	2367	 67 
8196.18	12588	27773	63	2143	 63 
10078.2	15101	27773	23	864	 59 
8193.76	13318	27773	60	1861	 56 
10078.1	15354	27773	17	492	 53 
10096.2	12411	27773	48	2080	 52 
8092	13905	27773	60	2138	 51 
8285.68	13028	27773	50	2095	 51 
10078.3	16012	27773	14	247	 50 
10068.4	15791	27773	24	707	 45 
8206.88	12453	27773	75	2534	 39 
8984.16	11964	27773	67	2185	 37 
10079.9	15041	27773	22	863	 35 
10071.4	16535	27773	20	633	 33 
9275.24	12015	27773	51	2155	 27 
10079.8	15948	27773	15	240	 26 
7591.76	12598	27773	73	2455	 24 
9471.85	12555	27773	46	2061	 23 
9471.69	11934	27773	49	2101	 23 
8089.43	13326	27773	67	2373	 21 
8653.35	14733	27773	49	1969	 21 
7919.3	14319	27773	68	2310	 18 
10077.4	15523	27773	25	924	 18 

8828.08	10239	24667	50	1898	 75 
10024.4	12763	24667	17	772	 73 
10016.7	13620	24667	18	627	 61 
10021.4	13895	24667	15	285	 57 
10016.4	13089	24667	19	864	 56 
10019.7	13351	24667	16	552	 51 
8947.23	8760	24667	61	1791	 46 
10022.4	13025	24667	9	566	 45 
10019.7	12431	24667	19	886	 43 
7544.84	11575	24667	56	1967	 41 
8224.46	10891	24667	47	1723	 41 
10020.3	12938	24667	18	627	 37 
7751.82	9146	24667	52	1898	 33 
10018.6	13318	24667	18	627	 31 
8931.31	10773	24667	49	1742	 28 
10022.3	13594	24667	11	375	 27 
10032.2	8335	24667	50	1700	 22 
8605.02	10498	24667	50	1397	 16 
8939.28	9793	24667	47	1561	 13 
8156.59	10653	24667	50	1900	 12 
10029.7	8596	24667	62	1729	 12 
10036	12743	24667	12	408	 11 ***
10026.7	12854	24667	16	848	 8 
9420.77	8964	24667	57	1982	 7 
8618.82	10896	24667	43	1394	 3 

8023.65	5613	20742	62	1611	 99 
5138.92	6693	20742	52	1452	 98 
9815.17	9606	20742	31	840	 93 
9824.92	9601	20742	31	833	 92 
9824.76	10068	20742	27	756	 91 
6529.39	6382	20742	52	1870	 90 
9024.91	10478	20742	33	865	 88 
9833.75	10424	20742	22	662	 82 
8747.15	8140	20742	45	1508	 81 
9813.27	9074	20742	35	865	 81 
5549.35	7193	20742	48	1872	 80 
7949.75	5673	20742	56	1948	 71 
9826.79	9477	20742	31	833	 70 
7613.59	9359	20742	45	1279	 69 
7339.28	6036	20742	51	1896	 68 
9824.34	9659	20742	28	788	 68 
7622.04	6512	20742	48	1819	 67 
9825.25	9573	20742	31	833	 61 
8744.65	10160	20742	44	1492	 54 
9830.43	8917	20742	27	731	 49 ***
4533.46	7052	20742	51	1911	 48 
9814.98	9663	20742	31	840	 46 
9830.72	8645	20742	30	751	 45 
7959.72	9268	20742	46	1453	 40 
5276.8	6493	20742	49	1917	 39 
6039.79	7847	20742	47	1842	 38 
9013.41	8136	20742	39	970	 38 
7238.3	5960	20742	52	1907	 37 
9218.53	6436	20742	49	1651	 33 
4834.29	5927	20742	57	1824	 32 
9813.64	9523	20742	32	844	 31 
6941.13	5673	20742	61	2080	 30 
6782.39	5899	20742	57	2017	 27 
6145.41	5958	20742	53	1937	 25 
8412.73	9006	20742	46	1534	 16 
7623.15	6301	20742	50	1895	 16 
8626.63	6252	20742	50	1808	 14 
9814.38	9794	20742	31	866	 7 
9827.32	8810	20742	32	753	 5 
9825.32	9702	20742	26	778	 4 
7948.1	5803	20742	53	1930	 2 
9012.73	9073	20742	38	1051	 2 

7367.16	8550	22469	59	1783	 100 
7614.22	9513	22469	43	1397	 100 
6367.81	9790	22469	55	1400	 99 
7558.39	9160	22469	54	1625	 99 
7571.41	9023	22469	54	1739	 97 
8164.59	10726	22469	35	1402	 93 
7089.59	11374	22469	45	1693	 93 
7347.87	9775	22469	40	1520	 87 
7084.22	11175	22469	47	1735	 87 
7583.61	9208	22469	47	1444	 87 
7779.17	9142	22469	52	1526	 83 
10045.5	12000	22469	15	323	 80 
9450.29	10219	22469	25	410	 79 ***
6977.21	10501	22469	53	1521	 72 
6661.23	9986	22469	54	1603	 72 
7562.39	11021	22469	38	1434	 70 
8443.96	8063	22469	38	1382	 67 
5569.39	10566	22469	57	1881	 67 
7365.26	9461	22469	50	1496	 64 
9450.26	11218	22469	27	420	 55 
7021.38	9381	22469	52	1347	 52 
7157.06	10676	22469	50	1480	 52 
8436.72	7767	22469	42	1351	 49 
7655.42	11005	22469	37	849	 44 
9234.88	11236	22469	26	725	 41 
10064.3	11813	22469	21	493	 32 
7281.46	10013	22469	42	1404	 30 
7086.51	11410	22469	46	1487	 30 
9230.43	10509	22469	33	1383	 30 
9224.97	10690	22469	30	1338	 22 
8633.04	10840	22469	30	771	 22 
7812.47	8436	22469	36	1166	 9 
8841.45	12108	22469	29	557	 8 
7552.39	9354	22469	44	1523	 7 
9246.08	12536	22469	17	327	 7 
7345.08	9725	22469	47	1587	 6 
9248.05	12269	22469	25	535	 6 

10158.3	10442	22941	29	1600	 97 
8729.1	10619	22941	27	1413	 96 
8545.32	11045	22941	32	1982	 89 
8130.86	9831	22941	56	2337	 88 
8001.38	12134	22941	27	1728	 88 
8731.07	9353	22941	57	2019	 87 
8266.14	11703	22941	28	1722	 85 
8005.03	11190	22941	38	2118	 77 
10154.2	12052	22941	9	180	 72 
10172.2	9003	22941	56	2410	 68 
7313.92	10206	22941	58	2286	 67 
8931.91	10592	22941	26	1758	 62 
8135.91	9879	22941	55	2210	 57 
8136.31	10741	22941	33	1791	 57 
7941.92	10172	22941	59	2534	 55 
9076.7	10579	22941	26	1833	 54 
8173.08	9753	22941	48	2304	 53 
10171.3	10185	22941	30	1913	 51 
9543.66	10659	22941	25	1839	 51 
8471.24	9731	22941	34	1921	 49 
7911.57	10699	22941	57	2326	 47 
10146.9	10803	22941	23	1657	 47 
7988.65	10026	22941	53	2115	 45 
9556.04	10031	22941	31	1764	 45 
9336.51	10499	22941	31	1988	 43 
10141.5	10479	22941	25	1887	 41 
7894.75	11251	22941	38	2109	 40 
8147.31	9050	22941	59	2294	 39 
10169.7	9234	22941	57	1935	 36 
8737	10878	22941	14	678	 33 ***
9554.54	9298	22941	33	1739	 30 
9545.31	11717	22941	12	374	 29 
9544.42	9691	22941	34	752	 22 
8942.77	10556	22941	31	1891	 19 
7082.88	10709	22941	40	2109	 15 
9544.85	10476	22941	26	1935	 12 
8740.88	10323	22941	32	1753	 9 
8262.37	9456	22941	35	2058	 9 
9549.03	9420	22941	44	1186	 9 
8267.28	11244	22941	31	1822	 6 
8469.4	10211	22941	34	2069	 4 
9330.66	10155	22941	33	752	 2 
9365.7	9714	22941	32	1882	 1 
7658.65	10144	22941	61	2553	 0 

6335.9	10966	21496	57	2287	 92 
6669.94	10679	21496	60	2202	 89 
7616.01	7451	21496	63	2476	 81 
6789.51	10336	21496	50	2016	 76 
7398.52	10439	21496	36	2163	 69 
8403.88	7101	21496	21	317	 63 ***
7002.42	9715	21496	61	2018	 61 
6009.3	9295	21496	64	2307	 60 
7017.4	10949	21496	42	1868	 59 
8397.76	11395	21496	6	111	 57 
7590.95	10148	21496	37	1889	 51 
8666.52	8492	21496	11	377	 51 
7006.58	9021	21496	48	2406	 42 
6219.17	9644	21496	63	2475	 40 
7595.23	9389	21496	43	651	 37 
6324.33	9146	21496	62	2401	 29 
7591.37	9522	21496	41	632	 23 
6998	10177	21496	57	2310	 14 
7598.03	8329	21496	23	340	 10 
7589.91	10136	21496	47	1642	 6 
8406.37	11108	21496	18	631	 4 

6060.68	10058	21882	50	1692	 96 
8304.54	11476	21882	22	1035	 96 
8826.58	7200	21882	60	1768	 84 
8908.45	8565	21882	34	1809	 80 
8310.95	8722	21882	19	449	 77 ***
7320.46	7529	21882	62	2042	 72 
7305.71	8503	21882	35	1862	 58 
6435.39	9099	21882	39	1633	 52 
6439.03	9892	21882	35	1525	 44 
7706.73	9401	21882	29	1358	 24 
6091.42	9644	21882	57	1966	 21 
6330.94	9603	21882	44	1638	 18 
8912.35	8275	21882	35	1559	 12 
6117	7743	21882	63	2286	 12 
8109.42	7219	21882	47	1731	 7 
6428.16	8224	21882	41	1702	 7 
7295.24	8963	21882	31	1453	 1 

9056.43	11149	24549	5	277	 93 ***
7280.14	11272	24549	63	2168	 89 
7387.63	13002	24549	23	1436	 82 
8463.03	13595	24549	16	511	 78 
8717.65	10578	24549	26	1406	 65 
8145.04	11646	24549	62	2108	 61 
8727.04	12172	24549	25	1652	 40 
8743.32	12342	24549	24	1154	 33 
7294.04	12610	24549	62	2292	 30 
9052.09	11628	24549	23	1349	 20 
7659.97	11655	24549	27	1650	 20 
8468.25	12682	24549	16	647	 20 
9050.87	11920	24549	5	100	 12 
7074.07	13495	24549	63	2404	 11 

8382.62	10559	25922	37	1828	 86 
8375.87	10512	25922	49	1888	 86 
8852.6	11040	25922	29	1778	 80 
9174.95	9308	25922	3	313	 62 ***
9167.15	9936	25922	4	54	 58 
8362.75	11044	25922	28	1614	 56 
8593.92	10489	25922	49	2181	 50 
7773.39	10859	25922	55	2082	 34 
7970.48	10539	25922	59	2021	 18 
8369.89	9723	25922	50	2038	 16 
8864.45	10570	25922	30	1770	 15 
7568.3	11256	25922	28	1524	 14 
10269.8	9024	25922	33	959	 12 
8377.6	11410	25922	27	1784	 4 

