#50	60	67	23	55	45	12	289	146	0	 ***
#1	52	20	35	42	65	137	59	27	309	
#62	52	55	52	42	62	111	217	94	0	
#22	45	9	19	22	26	198	246	116	44	
#27	12	64	24	50	5	69	17	245	234	
#6	59	30	67	26	64	59	0	117	319	
#4	32	17	33	40	59	139	147	14	262	
#50	12	12	24	75	3	222	31	69	249	

48	46	60	4	134	41	28	219	107	0	
49	40	71	4	24	61	15	301	86	36	
28	0	8	20	50	67	205	241	32	36	
38	40	77	52	34	0	232	26	156	32	
40	11	39	10	68	70	16	273	160	0	
52	38	40	50	40	10	0	254	10	193	
49	40	57	24	20	47	19	298	115	18	
49	40	43	20	122	41	13	233	126	0	
35	10	58	34	32	12	264	72	4	166	
10	41	46	29	36	92	77	289	36	31	
44	35	53	69	0	24	299	0	89	74	
52	56	57	4	20	45	269	50	134	0	
10	54	44	36	42	8	8	275	38	172	
38	16	56	20	4	18	24	124	73	314	
8	24	46	40	20	48	177	40	284	0	
34	8	28	56	11	37	28	277	110	98	
6	52	21	62	26	20	165	48	287	0	
20	16	68	58	0	56	0	249	194	26	
40	8	14	42	48	0	156	16	313	50	
26	32	36	57	62	76	72	302	14	10	
8	16	29	66	70	36	60	299	67	36	
26	29	40	48	60	26	135	282	41	0	
54	6	43	20	0	30	166	44	288	36	
22	11	50	56	61	16	60	298	84	29	
65	40	61	20	22	47	17	298	117	0	 ***
15	29	40	28	45	46	131	68	285	0	
40	0	36	8	40	20	22	264	199	58	
24	34	42	38	40	0	35	23	279	172	
55	40	65	8	20	45	25	298	115	16	
10	58	60	48	30	76	16	90	299	0	
49	42	57	119	36	57	13	209	105	0	
40	42	45	5	72	47	90	264	82	0	
4	14	16	34	70	26	54	291	162	16	
2	177	54	22	0	0	6	88	108	230	
49	44	69	8	38	45	49	258	127	0	

26	64	36	42	4	32	26	158	34	289	
28	51	36	66	57	10	40	282	95	46	
8	56	6	40	44	4	68	297	32	156	
36	12	24	24	32	28	32	316	57	150	
0	54	0	26	46	64	93	246	25	157	
39	8	47	34	56	43	60	283	141	0	
32	40	41	36	24	47	48	284	159	0	 ***
0	36	6	74	34	72	12	180	259	38	
0	24	88	32	0	122	53	52	122	218	
22	34	0	14	64	18	168	28	297	66	
52	129	44	102	33	95	0	199	57	0	
72	36	0	0	44	8	293	22	174	62	
88	0	26	0	22	8	285	94	148	40	
2	22	6	54	28	22	102	300	33	142	
32	40	57	52	26	61	16	284	77	66	
48	46	41	20	54	43	98	284	77	0	

16	36	48	103	50	39	113	259	108	0	
56	48	68	19	44	52	52	325	44	64	
18	2	0	86	0	64	186	86	274	56	
0	68	0	90	159	22	50	263	24	96	
78	32	58	4	20	48	126	42	293	71	
98	44	112	74	12	46	0	298	8	80	
41	26	8	0	80	66	94	0	214	243	
62	4	10	50	34	4	134	328	40	106	
6	58	48	64	40	0	42	318	124	72	
112	64	20	0	18	68	282	196	0	12	
0	16	58	46	0	14	170	140	296	32	
32	6	69	80	103	98	88	32	0	264	
34	131	32	34	78	2	24	293	40	104	
22	8	52	84	40	2	146	46	72	300	
50	60	26	34	50	20	28	309	184	11	
36	18	68	36	34	40	110	0	128	302	
44	18	0	88	4	104	116	298	0	100	
16	72	48	48	40	38	80	298	132	0	 ***
14	52	42	133	21	74	118	210	108	0	
48	42	40	76	26	102	54	274	110	0	
90	52	16	32	90	40	90	12	48	302	
114	60	0	0	14	76	178	16	0	314	
52	36	64	44	62	18	42	300	40	114	
36	20	4	8	30	84	68	286	184	52	
14	40	48	68	64	63	78	289	108	0	
40	58	179	60	58	64	204	0	0	109	
44	8	56	60	70	54	160	2	0	318	
18	26	66	50	66	42	48	194	0	262	
46	59	26	0	0	76	152	278	60	75	
24	36	12	58	44	66	8	182	34	308	
18	50	32	24	80	42	176	272	18	60	

0	32	0	58	4	58	140	308	40	62	
20	50	28	28	94	40	46	326	70	0	
17	66	46	128	34	6	175	140	90	0	
8	125	10	50	82	169	190	68	0	0	
10	98	44	52	38	6	114	248	92	0	
14	10	161	36	0	96	0	122	0	263	
48	82	48	88	34	6	42	296	58	0	 ***
128	0	48	130	60	40	32	244	20	0	
10	66	44	48	38	14	44	290	92	56	
46	66	52	48	38	6	232	122	92	0	
80	20	68	0	40	146	78	234	28	8	
28	179	46	119	12	82	0	188	48	0	
179	0	42	0	75	0	0	50	208	148	
28	6	68	94	82	18	4	278	42	82	
44	22	20	84	80	6	0	298	44	104	
48	0	58	0	0	18	292	178	42	66	
10	66	44	56	38	10	74	287	117	0	
52	72	64	44	54	80	0	48	288	0	
0	66	48	0	0	18	64	318	66	122	
58	16	84	32	38	154	232	16	0	72	
16	66	44	48	44	6	138	248	92	0	
56	56	64	96	22	28	48	298	14	20	

2	56	8	94	70	36	262	97	28	0	
74	0	12	8	0	62	204	12	44	237	
42	26	16	32	22	0	0	281	156	78	
26	36	48	84	36	18	52	242	107	4	
56	2	32	86	10	60	96	247	52	12	
52	0	0	56	8	2	80	42	255	158	
8	4	18	10	44	0	0	152	231	186	
6	32	54	72	64	6	46	255	98	20	
26	66	56	80	32	6	66	244	43	34	
4	46	2	46	20	24	65	236	34	176	
10	60	48	80	44	6	74	255	76	0	
16	36	8	42	60	57	14	262	20	138	
6	54	44	76	40	6	58	279	50	40	
18	36	0	20	12	92	293	4	156	22	
36	40	160	12	4	0	48	267	84	2	
6	36	56	76	60	6	54	243	116	0	 ***
84	12	38	22	0	48	8	84	94	263	
24	108	78	12	26	0	42	215	148	0	
98	50	42	8	9	4	20	244	66	112	
0	16	24	154	0	0	32	66	158	203	

40	6	2	23	54	32	160	256	0	0	
16	0	4	112	24	0	6	120	68	223	
20	48	3	10	24	0	0	174	228	66	
6	36	30	60	28	4	48	253	108	0	 ***
6	44	28	77	28	4	50	245	91	0	
6	36	28	60	28	12	48	134	221	0	
56	16	22	40	48	8	201	0	4	178	
29	2	4	58	0	20	151	241	68	0	
0	0	16	30	4	38	54	144	255	32	
123	4	0	36	20	16	111	215	48	0	
16	6	0	0	36	20	56	40	138	261	
6	36	44	76	28	6	60	215	98	4	
20	0	44	44	0	0	180	245	28	12	
0	8	0	24	70	50	0	122	240	59	
6	36	12	93	97	4	48	195	82	0	
22	0	10	0	132	64	0	32	96	217	
0	40	8	20	0	32	40	116	235	82	
6	36	28	62	20	4	206	97	114	0	
4	8	46	126	0	8	110	231	32	8	

56	3	29	52	44	0	207	82	90	0	
6	48	26	44	28	0	32	251	104	24	
92	20	47	137	48	10	128	81	0	0	
8	66	14	72	29	0	43	244	87	0	
132	25	10	34	18	58	0	195	0	91	
6	32	32	46	123	0	63	157	104	0	
56	60	96	56	69	50	0	76	100	0	
4	58	25	46	32	0	69	99	230	0	
6	70	30	44	32	0	72	217	92	0	 ***
40	62	17	118	116	31	0	74	0	105	
11	32	29	44	28	0	49	250	59	61	

28	35	30	68	32	0	106	164	236	0	
6	10	10	80	49	68	60	261	155	0	
36	74	26	64	64	1	56	272	106	0	 ***
14	52	8	87	24	23	5	225	22	239	
36	50	54	68	64	9	40	272	106	0	
4	75	22	44	144	12	140	160	98	0	

32	50	28	60	32	21	40	264	74	0	 ***
44	48	26	68	135	0	44	133	103	0	
60	6	9	8	0	16	152	236	114	0	
52	42	14	68	48	1	40	262	74	0	
36	43	10	155	40	0	80	189	48	0	
34	93	38	56	32	1	40	217	90	0	
36	42	26	48	24	30	40	154	201	0	
36	3	18	64	40	0	218	164	58	0	

34	28	42	56	26	22	56	256	60	0	 ***
0	34	10	56	32	112	98	143	95	0	
65	18	94	131	59	0	43	31	139	0	
0	70	10	32	66	4	43	157	198	0	
56	44	8	36	0	36	83	197	0	120	
1	53	10	42	34	6	109	267	58	0	
99	41	64	0	28	24	0	196	47	81	
53	0	0	0	0	78	53	129	18	249	
0	30	6	52	32	4	42	153	195	66	

0	32	28	70	104	20	56	189	68	0	 ***
0	32	24	56	11	28	56	162	198	0	
8	28	30	56	32	77	50	230	56	0	
42	14	20	6	25	8	260	30	12	150	
64	68	58	155	24	72	9	0	0	117	
44	104	37	0	38	20	185	96	43	0	
28	35	20	116	129	15	50	174	0	0	
0	28	47	58	12	26	56	254	26	60	
0	26	20	60	11	34	187	169	60	0	
0	32	42	143	4	30	56	170	90	0	
43	44	104	124	68	46	53	0	85	0	
0	36	20	58	7	34	181	163	68	0	
1	36	20	62	8	26	84	254	26	50	
41	26	34	20	0	136	214	60	36	0	

3	38	14	27	0	8	23	220	42	193	
29	3	0	17	39	44	19	240	27	150	
53	25	7	43	104	16	26	230	46	18	
26	133	78	22	34	21	154	0	0	100	
18	20	8	44	37	25	23	260	6	127	
0	24	40	55	133	32	92	134	58	0	
0	30	40	22	14	20	197	155	90	0	
0	22	31	54	126	32	60	135	108	0	
0	27	28	56	17	40	56	254	72	18	
11	22	28	76	9	24	68	254	26	50	
33	27	34	62	126	24	58	144	60	0	 ***
18	53	26	23	69	0	102	43	234	0	

8	0	84	133	3	155	8	233	16	14	
0	30	44	164	65	71	41	103	136	0	
5	35	64	46	38	34	126	247	59	0	
8	150	33	16	120	36	18	34	239	0	
76	4	0	80	7	187	35	0	89	176	
17	19	66	62	138	24	42	116	125	45	
112	70	40	64	72	24	73	111	88	0	 ***
11	24	104	10	2	5	52	307	131	8	
35	39	34	32	128	18	18	0	272	78	
37	20	28	82	109	38	74	166	100	0	
70	24	2	61	163	17	40	197	35	45	
6	19	28	115	140	86	56	154	26	24	
34	48	13	42	41	30	209	20	217	0	
4	4	0	21	157	52	32	240	11	133	
18	2	38	101	10	119	0	249	39	78	
34	32	137	5	10	0	10	261	59	106	
25	22	28	62	88	22	191	149	67	0	
1	132	50	64	22	22	40	171	104	48	
123	4	88	16	27	1	61	97	237	0	
1	20	76	70	180	22	40	151	62	32	
18	2	59	44	10	14	44	290	155	18	
33	25	28	30	41	22	56	119	228	72	
55	0	46	5	0	14	54	5	189	286	
39	19	60	46	132	54	72	91	26	115	

12	100	73	0	99	28	32	223	103	47	
85	119	4	24	40	80	62	218	85	0	
26	58	57	86	39	30	111	230	80	0	
22	50	52	48	26	49	257	196	0	17	
8	30	0	96	25	40	36	249	144	89	
113	52	40	28	34	31	49	58	233	79	
52	36	34	38	89	26	159	234	32	17	
24	5	40	80	8	0	51	200	255	54	
11	28	109	18	74	125	109	0	0	243	
79	104	87	46	38	26	76	205	56	0	
10	93	0	82	20	34	58	236	134	50	
140	12	12	8	21	19	129	302	34	40	
63	70	40	46	88	22	233	99	56	0	
32	139	40	22	1	40	54	260	121	8	
87	20	84	135	4	111	24	215	30	7	
43	0	4	37	58	72	263	0	224	16	
0	6	48	6	70	41	20	252	191	83	
86	34	82	98	34	78	14	217	52	22	
85	72	45	88	87	31	46	56	207	0	
11	41	28	12	127	74	35	229	116	44	
5	75	40	78	56	28	75	112	248	0	
120	71	22	22	68	62	47	243	42	20	
9	78	57	54	74	22	89	106	228	0	
114	70	77	62	38	54	73	139	58	32	
129	3	14	28	52	67	48	209	92	75	
110	70	58	63	59	58	116	95	88	0	 ***
32	92	54	7	5	26	221	32	248	0	
100	28	80	29	6	10	178	172	50	64	
45	32	45	14	20	80	48	158	66	209	
113	46	25	48	82	0	201	126	76	0	
114	88	48	55	38	24	118	180	52	0	
16	20	34	70	50	22	277	92	136	0	
44	30	44	66	58	42	19	198	0	216	

116	67	60	61	77	26	41	74	40	160	
37	99	60	68	139	68	81	90	80	0	 ***
39	74	64	57	85	26	59	238	80	0	
56	24	6	68	21	20	56	311	150	10	
49	99	58	61	61	26	49	77	242	0	
37	66	58	55	57	60	229	74	48	38	
42	38	119	120	11	60	69	43	0	220	
114	66	58	61	77	26	49	86	185	0	
0	48	16	50	140	66	113	229	45	15	
37	66	62	55	62	33	57	237	113	0	
143	17	29	25	55	50	63	216	68	56	
150	38	36	40	64	8	70	229	29	58	
114	70	58	57	69	26	49	80	199	0	
147	36	67	0	133	18	0	244	7	70	
37	66	64	55	61	36	52	110	241	0	
37	86	94	39	59	26	30	74	241	36	
53	66	135	55	61	65	115	92	80	0	
37	66	60	55	93	30	58	239	84	0	
46	11	113	12	10	2	0	326	154	48	
149	8	57	60	27	44	80	16	54	227	
39	64	58	59	57	26	229	77	44	69	
116	38	46	21	8	97	71	65	46	214	
113	68	58	61	57	26	49	94	196	0	
37	70	54	55	57	110	13	141	79	106	
82	139	0	8	96	0	8	16	66	307	
118	66	58	55	89	30	17	80	171	38	
37	64	40	55	57	58	233	73	46	59	
98	46	36	0	4	0	140	21	345	32	
38	66	56	59	61	58	26	121	237	0	
119	32	38	80	45	52	75	9	37	235	
37	66	72	55	57	30	53	236	116	0	
123	105	76	29	48	53	13	74	187	14	

8	152	16	0	58	12	65	0	136	241	
0	40	2	4	107	8	326	36	96	69	
137	14	23	18	132	0	96	0	42	226	
28	100	60	48	0	112	0	26	0	314	
37	64	36	90	154	36	21	70	180	0	
6	72	7	14	105	0	296	116	20	52	
63	54	38	51	93	68	210	69	42	0	
0	20	8	136	44	84	48	289	19	40	
52	101	8	0	22	0	92	295	96	22	
2	16	16	60	95	54	79	4	264	98	
38	74	38	43	93	34	37	70	40	221	
37	54	43	67	85	34	41	102	225	0	
16	42	20	2	26	8	112	291	94	77	
0	2	60	0	28	32	65	173	0	328	
58	2	100	8	38	80	28	313	15	46	
44	0	48	40	95	24	32	34	58	313	
55	102	113	75	67	34	133	68	41	0	
64	90	22	22	97	12	0	310	25	46	
10	0	4	32	50	60	128	324	24	56	
83	12	61	34	125	5	266	64	38	0	
4	104	34	0	151	42	243	92	0	18	
61	59	38	43	65	34	43	52	72	221	
0	16	20	0	64	122	46	90	298	32	
16	140	10	0	103	0	65	278	44	32	
8	14	56	42	56	82	0	127	303	0	
0	0	35	32	72	40	27	173	0	309	
10	76	95	2	12	40	33	280	36	104	
16	8	72	20	124	8	39	293	53	55	
34	52	71	33	135	59	24	33	229	18	
37	64	80	45	131	34	17	184	96	0	
37	92	38	43	59	42	210	126	41	0	
59	66	39	43	162	34	161	68	56	0	
41	54	46	51	92	113	153	68	34	36	
48	0	44	38	103	18	106	62	0	269	
79	54	46	43	78	34	39	52	42	221	
0	24	0	20	106	48	66	20	312	92	
16	52	32	4	32	0	105	277	7	163	
24	66	78	44	0	59	0	299	114	4	
40	126	2	6	44	16	0	191	263	0	
84	116	6	48	74	17	0	281	62	0	
34	54	60	49	84	10	12	88	297	0	
53	36	40	43	60	138	5	52	40	221	
6	38	56	0	36	42	93	221	188	8	
39	54	42	51	57	72	44	88	241	0	
37	102	40	41	129	112	117	68	42	0	 ***

36	94	90	44	98	66	141	68	42	0	
94	0	21	14	66	22	0	66	85	311	
36	102	19	64	134	66	144	68	46	0	
27	4	18	12	113	98	91	259	54	3	
52	2	50	24	111	89	227	22	36	66	
17	36	10	6	88	108	290	36	36	52	
118	127	86	0	32	82	16	0	34	184	
34	88	12	64	152	30	279	0	20	0	
0	98	34	14	10	86	263	34	34	106	
58	80	74	6	42	30	304	0	73	12	
34	70	36	2	109	4	276	74	32	42	
34	92	51	32	122	42	234	36	36	0	
0	54	45	0	142	17	264	32	0	125	
39	94	20	40	86	66	208	68	58	0	
36	110	22	32	126	113	37	148	55	0	
0	56	16	8	112	2	89	0	284	112	
0	106	48	0	105	0	20	70	292	38	
10	56	8	60	82	74	230	36	123	0	
96	63	125	70	0	0	42	0	71	212	
36	94	23	32	92	66	208	70	58	0	
2	0	24	64	98	56	52	291	0	92	
36	94	62	32	126	125	37	68	99	0	
4	76	21	40	88	106	208	52	84	0	
2	42	48	115	0	122	260	0	56	34	
36	94	27	36	128	66	35	201	56	0	
0	36	24	88	32	58	308	33	96	4	
36	94	20	32	126	135	37	68	131	0	
44	78	19	32	82	98	208	74	44	0	
34	92	14	28	62	42	64	32	283	28	
2	0	28	0	110	131	267	84	15	42	
27	73	46	0	107	66	260	24	0	76	
36	94	23	32	110	66	208	68	42	0	 ***
21	52	56	16	131	22	293	44	8	36	
36	94	22	40	127	66	167	52	42	33	

4	132	41	6	1	28	233	33	176	0	
42	50	68	0	26	32	285	36	97	18	
9	44	21	23	36	74	217	210	0	20	
44	108	70	73	4	0	287	20	6	42	
40	38	6	34	109	65	102	178	82	0	
0	22	0	22	49	0	244	44	228	45	
4	56	10	44	8	74	274	7	109	68	
18	76	0	36	39	24	223	142	0	96	
32	24	103	0	20	47	68	0	196	164	
32	4	40	107	24	82	36	24	82	223	
81	8	68	36	0	32	212	191	26	0	
0	76	46	52	16	32	281	2	15	134	
66	8	9	8	66	32	232	147	86	0	
44	32	4	28	82	47	15	169	34	199	
82	8	8	0	0	8	125	144	279	0	
119	99	0	72	8	18	254	0	44	40	
44	2	37	94	0	42	264	0	152	19	
16	1	55	17	38	32	183	58	64	190	
36	129	68	16	36	0	238	107	24	0	
49	32	55	0	0	6	266	80	22	144	
38	20	48	34	0	114	242	60	98	0	
20	2	0	0	102	12	264	12	194	48	
70	38	9	44	88	64	191	48	102	0	 ***
0	32	10	60	64	2	212	0	234	40	
32	68	22	32	12	111	9	0	252	116	
103	44	131	0	0	16	241	83	0	36	
44	42	74	98	0	16	0	280	60	40	
37	38	8	73	120	64	206	24	84	0	

4	32	12	48	95	0	321	48	0	0	
12	0	4	0	0	0	250	0	34	260	
8	76	4	56	12	70	298	0	36	0	
36	68	8	0	0	0	294	26	48	80	
12	88	2	32	0	0	302	0	48	76	
116	0	24	40	0	16	298	0	66	0	
32	12	18	40	74	34	280	0	70	0	 ***
58	0	0	8	78	100	298	0	0	18	
0	8	0	86	8	0	340	0	118	0	
34	20	2	26	87	36	245	0	110	0	
32	8	2	40	74	54	280	0	70	0	
2	4	4	24	92	106	188	0	140	0	
0	0	0	0	100	0	312	0	64	84	
32	10	2	40	72	36	170	0	198	0	
32	6	2	40	76	52	118	0	234	0	
0	16	20	94	0	16	296	0	102	16	
4	44	56	0	0	0	320	16	44	76	
58	4	2	24	83	36	245	0	108	0	
40	0	8	0	16	10	320	142	24	0	
0	0	0	36	0	0	168	324	32	0	
66	8	8	0	8	8	310	84	52	16	
40	40	16	77	60	4	4	0	319	0	
0	12	32	0	32	14	312	0	158	0	

12	32	32	10	5	32	312	38	46	149	
72	0	110	4	12	0	0	0	171	299	
4	1	32	40	0	76	232	201	16	66	
24	6	0	32	69	14	125	152	0	246	
44	53	52	12	26	98	283	32	68	0	
32	44	20	104	0	0	256	108	38	66	
64	8	48	50	26	64	272	0	76	60	
94	0	8	0	141	0	48	105	0	272	
70	40	0	147	69	76	40	226	0	0	
36	0	8	42	64	8	8	64	236	202	
8	147	0	13	64	0	0	300	104	32	
32	52	16	52	60	0	259	129	68	0	 ***
0	72	48	162	8	41	188	0	0	149	
48	96	16	32	2	8	294	68	64	40	
48	57	52	86	0	0	301	8	84	32	
5	0	20	78	0	32	241	98	132	62	
8	4	34	40	0	49	253	10	198	72	
45	0	0	10	112	0	225	224	8	44	
34	32	0	150	48	8	236	124	36	0	
38	32	36	87	168	44	0	0	263	0	
48	162	83	32	0	0	197	126	20	0	
48	101	24	0	0	40	92	0	289	74	
68	32	24	32	0	34	236	44	186	12	
60	44	40	14	0	0	231	243	36	0	
44	40	64	48	48	32	253	0	131	8	
0	12	42	137	0	72	245	0	96	64	
48	4	32	0	43	56	265	84	66	70	
48	16	72	48	36	4	287	64	0	93	
0	64	4	0	48	133	76	84	259	0	
8	60	5	36	40	32	238	4	2	243	
0	10	40	64	41	0	308	8	19	178	
44	48	48	44	166	32	184	0	102	0	
52	24	44	0	68	32	312	19	45	72	
46	64	0	0	104	8	314	88	44	0	
92	0	47	0	60	0	330	65	74	0	
72	40	20	18	95	40	283	32	68	0	
33	44	0	0	4	154	211	104	118	0	
145	32	80	94	0	32	217	0	68	0	
32	52	8	0	112	0	257	171	36	0	
10	72	64	64	48	40	300	32	38	0	

17	76	100	50	52	0	0	170	248	0	
125	2	114	36	0	110	0	218	0	108	
32	52	48	75	48	40	244	106	68	0	
0	114	60	86	68	64	250	0	0	71	
0	58	52	77	32	0	220	157	65	52	
0	40	0	64	52	105	44	0	288	120	
0	0	36	0	76	0	263	68	96	174	
34	10	68	32	40	86	278	0	165	0	
32	84	50	42	40	0	220	141	104	0	
36	52	16	32	42	40	216	164	115	0	
0	8	54	0	5	74	78	162	284	48	
0	64	8	0	14	0	232	283	80	32	
64	62	22	40	64	0	219	138	104	0	 ***
0	0	146	60	79	0	0	115	209	104	
72	0	0	2	64	0	72	315	184	4	
64	52	56	36	32	40	216	153	64	0	
99	6	0	36	68	0	268	59	177	0	
66	0	46	22	32	0	286	199	16	46	
44	66	0	32	0	16	265	130	84	76	

0	64	0	60	0	0	272	42	204	40	
118	106	69	8	0	110	0	271	0	0	
40	16	40	0	107	144	262	73	0	0	
40	32	0	23	0	40	292	206	17	32	
80	32	32	0	16	32	307	0	168	15	
32	68	138	22	64	1	200	85	72	0	
35	62	42	37	64	9	272	89	72	0	 ***
8	136	0	40	16	0	68	104	278	32	
53	168	22	37	64	1	178	87	72	0	
8	39	34	78	74	18	307	0	56	68	
2	5	40	4	42	72	286	139	0	92	
44	69	117	0	80	1	268	23	30	50	
32	70	32	36	34	41	282	103	52	0	
33	36	0	0	42	4	312	207	48	0	
21	32	62	0	2	80	179	0	0	306	
40	80	45	32	1	32	223	189	40	0	
64	42	24	29	64	0	215	43	72	129	
155	0	40	34	0	40	16	315	0	82	
90	49	18	51	0	66	308	64	36	0	
36	32	72	68	32	10	288	100	0	44	
4	64	5	100	151	0	32	0	320	6	
14	8	32	65	48	2	272	75	166	0	
8	42	98	20	0	0	266	81	65	102	
64	54	16	8	77	0	278	72	77	36	
98	42	54	0	6	0	274	153	40	15	
40	20	32	105	0	0	291	0	186	8	
0	0	32	150	40	178	0	0	210	72	
40	34	2	20	32	1	325	72	68	88	
64	16	40	103	2	0	112	0	341	4	
32	96	30	8	40	6	286	112	72	0	
90	166	22	8	65	0	188	71	72	0	
52	68	0	0	38	52	219	156	41	56	
68	109	0	118	98	0	0	51	0	238	
32	8	115	0	0	0	253	113	34	127	
46	32	65	16	0	32	284	101	32	74	
32	94	23	6	48	8	270	55	76	70	
0	44	58	0	66	0	0	15	333	166	
0	32	0	135	64	84	250	69	40	8	
2	40	1	72	0	60	197	0	310	0	
38	17	42	14	0	64	270	27	82	128	

0	16	0	0	4	32	315	218	26	32	
38	62	58	36	40	9	281	43	76	0	
32	0	16	64	26	43	263	15	110	74	
42	46	22	38	40	11	281	71	92	0	
42	159	34	38	64	9	194	31	72	0	
36	24	22	72	64	16	269	24	116	0	
46	8	32	0	34	8	288	171	48	8	
64	0	12	66	0	0	321	178	2	0	
74	36	6	16	48	42	268	145	8	0	
0	96	0	173	8	28	0	274	64	0	
42	52	26	36	64	9	281	41	92	0	 ***
0	74	33	6	37	0	290	35	86	82	
118	40	32	0	88	132	0	0	233	0	
81	22	2	64	2	10	314	148	0	0	
34	34	26	94	100	13	233	29	80	0	
18	80	144	0	135	0	226	0	0	40	
51	10	30	68	45	9	262	96	72	0	

48	16	38	37	60	9	306	108	92	0	
52	38	8	12	0	32	268	171	24	109	
60	14	22	36	64	13	307	12	110	76	
6	10	3	68	120	96	0	294	117	0	
17	10	2	112	0	18	270	126	51	108	
0	52	82	0	132	24	264	35	89	36	
44	56	22	37	70	19	313	51	102	0	 ***
40	38	34	0	76	32	226	10	235	23	
40	10	26	32	69	40	276	9	110	102	
48	44	55	34	10	53	219	189	42	20	
48	14	47	36	70	8	289	60	109	33	
8	79	34	86	96	72	272	12	43	12	
58	26	24	36	66	43	291	5	95	70	
159	0	11	0	64	4	128	44	0	304	
64	13	18	110	0	18	222	171	50	48	
54	58	27	36	42	41	307	40	109	0	
18	27	72	4	64	88	249	192	0	0	
36	24	14	0	3	84	238	72	191	52	
72	25	14	38	100	0	171	26	0	268	
32	0	29	0	166	2	172	52	38	223	
42	10	26	40	64	12	313	67	140	0	
12	32	48	4	111	8	0	343	124	32	
0	8	114	8	0	20	298	244	16	6	
32	62	68	0	0	90	211	62	88	101	
8	104	34	16	0	0	0	270	282	0	
42	10	46	38	64	31	292	60	125	6	
72	4	14	30	64	97	287	51	95	0	

33	66	16	40	22	35	281	200	6	69	
62	78	20	66	70	42	291	41	98	0	
64	0	149	32	80	8	246	48	99	42	
32	32	0	48	40	56	15	275	24	246	
8	11	36	18	100	108	297	116	74	0	
8	74	16	88	36	0	267	82	181	16	
34	3	36	114	80	24	222	24	189	42	
44	14	32	49	54	74	287	49	90	75	
85	0	95	0	68	0	132	277	12	99	
38	0	77	68	72	0	284	30	133	66	
147	0	40	28	29	101	251	42	130	0	
7	31	72	43	145	83	244	0	143	0	
84	26	17	0	41	16	296	16	129	143	
48	105	9	10	16	8	237	209	36	90	
26	54	38	89	48	42	179	58	234	0	
96	92	0	48	0	68	259	117	64	24	
88	64	89	32	48	16	284	0	10	137	
32	0	10	25	66	129	268	130	22	86	
94	68	0	2	34	83	0	178	89	220	
34	0	0	64	53	38	282	69	145	83	
45	86	20	43	70	10	283	40	122	49	
52	56	80	20	54	35	214	105	72	80	
75	2	34	68	41	0	49	270	0	229	
42	14	21	33	83	50	315	80	130	0	
102	16	50	49	0	52	278	57	35	129	
44	16	52	33	54	42	315	89	123	0	 ***
2	34	61	0	0	83	156	278	82	72	
134	24	0	34	41	173	8	0	104	250	
56	17	44	72	1	32	240	202	64	40	
16	68	94	12	32	82	280	71	70	43	
45	6	10	18	69	8	238	271	64	39	

