#68	415	298	389	76	511	144	969	860	0	 ***
#499	269	30	257	0	201	0	1023	448	1003	
#461	374	475	141	175	45	972	64	1023	0	
#430	366	324	8	0	122	1013	313	131	1023	
#45	208	496	130	511	384	503	0	456	997	

68	179	306	419	61	23	730	578	1023	0	
69	415	290	267	69	511	533	730	503	0	
38	415	320	298	61	6	597	1023	629	0	 ***
35	19	293	282	14	484	93	668	476	1023	
107	415	298	267	61	74	539	1023	603	0	
187	367	187	28	152	256	299	751	1023	137	
106	30	38	130	282	511	504	358	1023	405	
492	511	152	276	8	15	114	90	713	1016	
198	319	93	400	178	126	294	352	1023	404	
189	15	173	160	16	65	275	854	1023	617	
106	186	290	279	61	15	262	700	465	1023	
328	282	346	260	130	49	217	1023	0	752	
288	0	479	27	16	122	95	496	1023	841	
198	423	301	297	511	6	223	578	589	261	
0	186	374	168	259	55	0	1023	417	905	
19	130	66	34	122	327	297	408	1023	961	
191	201	268	267	61	8	1023	616	752	0	
68	415	191	298	61	265	1023	594	472	0	
62	511	138	100	164	267	400	722	1023	0	
511	15	12	76	457	137	1004	389	8	778	
99	186	290	405	107	6	1023	580	416	275	
366	341	252	91	72	250	152	260	580	1023	
122	30	431	53	511	15	264	940	1021	0	
274	23	244	100	490	509	1023	342	382	0	
130	16	385	511	0	171	444	503	945	282	
312	38	16	252	92	274	0	1023	1006	374	
23	417	38	88	319	4	841	192	1023	442	
69	453	290	275	183	44	1023	579	471	0	
68	171	305	275	91	6	270	582	596	1023	
83	171	290	275	183	511	261	580	484	549	
507	206	38	138	38	511	34	837	1009	69	
511	76	421	331	0	450	858	439	301	0	
68	453	290	267	76	16	1023	702	492	0	
84	380	320	221	0	0	294	1023	717	348	

126	350	243	313	106	475	547	268	1023	0	
138	387	289	158	34	151	1023	981	290	0	
23	64	427	366	128	374	0	140	906	1023	
30	415	320	305	61	81	1023	632	584	0	
30	415	316	343	61	6	280	1023	566	411	
36	36	282	282	278	286	496	223	509	1023	
297	415	320	305	61	6	1023	444	580	0	 ***
90	430	320	297	91	4	1023	621	575	0	
28	289	38	34	400	429	1023	318	0	892	
289	0	328	336	317	60	1023	126	972	0	
239	263	92	212	0	330	1023	333	697	262	
0	19	124	393	210	368	1023	370	574	370	
12	26	412	202	381	370	451	182	392	1023	
138	50	57	263	104	404	963	449	1023	0	
274	156	320	297	106	4	343	353	575	1023	
30	423	290	328	511	6	592	636	635	0	
454	0	8	0	497	426	83	1023	175	785	
258	0	286	0	147	224	172	510	1023	831	
145	393	97	130	156	68	993	446	1023	0	
293	220	75	289	401	15	1023	137	690	308	
61	19	328	53	153	278	248	354	934	1023	
38	475	320	297	61	4	308	362	563	1023	
30	46	19	99	343	213	1023	83	921	674	
130	65	305	250	137	4	426	1023	771	340	
60	122	393	15	435	260	1022	825	244	75	
256	313	83	31	173	303	1023	404	430	435	
68	16	23	480	71	246	1023	373	777	374	
157	511	102	404	0	389	294	0	971	623	
90	171	229	368	61	65	823	1023	621	0	
45	231	320	297	46	250	305	345	589	1023	
105	145	484	244	212	511	1017	443	290	0	
23	68	216	98	332	0	1023	524	785	382	
8	46	274	420	94	318	933	0	1023	335	

193	274	206	30	332	248	640	0	1020	578	
267	381	511	290	257	4	940	433	438	0	
84	415	313	189	386	252	1023	308	424	127	
159	0	250	0	313	37	0	780	1023	959	
282	156	297	510	19	36	521	677	1023	0	
282	156	312	365	306	4	448	625	1023	0	
395	84	0	455	34	8	488	1023	502	532	
449	171	304	291	21	4	561	1023	697	0	
327	65	0	0	340	338	1023	198	382	848	
305	260	121	16	266	464	1023	136	648	282	
492	487	38	293	511	289	0	185	962	264	
288	23	175	152	305	350	1021	724	301	182	
480	289	20	419	182	151	1023	153	804	0	
23	145	0	75	335	220	1021	609	987	106	
396	122	60	494	76	511	986	76	800	0	
72	201	380	38	289	435	1022	598	167	319	
259	441	36	259	196	161	1023	678	224	244	
87	228	30	120	172	385	1023	465	92	919	
161	471	342	251	64	419	1022	30	701	60	
235	19	286	495	460	380	1022	0	152	472	
357	156	327	427	346	4	1023	439	442	0	
297	156	312	305	331	511	657	439	513	0	
28	197	76	391	288	24	1021	898	149	449	
414	364	145	99	23	308	1023	449	354	342	
153	309	69	433	60	365	1021	1013	45	53	
488	244	290	23	263	357	1020	343	278	215	
339	217	137	492	197	30	1020	377	712	0	
90	38	289	0	259	385	281	1022	837	320	
312	195	145	72	120	64	1023	812	154	624	
258	53	456	312	366	68	1023	329	313	343	
297	152	0	0	411	475	1022	579	220	365	
24	331	0	38	182	49	1021	777	933	166	
69	0	252	0	509	0	376	1020	1023	272	
312	385	511	350	19	126	947	433	438	0	
30	252	164	434	365	511	952	504	309	0	
218	0	464	511	4	395	1014	838	77	0	
282	278	464	305	27	79	1023	443	620	0	 ***
168	0	202	405	225	283	1023	560	320	335	
282	156	342	309	87	4	500	1022	819	0	
238	0	392	0	0	216	416	857	379	1023	
274	117	302	61	136	384	1023	268	853	103	

175	105	167	244	189	60	1023	4	389	576	
201	0	280	0	34	426	94	0	874	1023	
128	248	198	250	61	511	381	159	996	0	
305	128	206	304	228	384	0	354	1023	0	
364	212	370	90	343	130	1023	0	179	221	
151	75	30	372	213	49	1020	0	168	854	
30	68	110	8	244	152	967	137	196	1020	
98	278	434	38	27	140	1023	380	239	275	
23	259	412	282	0	79	432	422	1023	0	
0	30	511	309	159	274	149	984	516	0	
511	34	35	45	259	8	975	501	496	68	
84	278	449	282	12	79	1023	452	273	0	
393	248	283	235	124	276	338	1023	12	0	
23	244	396	282	0	173	296	1023	495	0	
95	189	404	445	158	266	0	354	1021	0	
122	4	120	181	190	0	960	75	1021	259	
53	274	426	282	0	94	1021	422	360	0	 ***
68	259	426	282	15	79	1021	422	360	0	
83	30	479	0	404	409	289	1022	0	216	
0	15	511	0	159	0	1023	147	274	803	
113	30	440	465	220	438	1021	23	0	182	
152	42	228	274	60	60	79	864	152	1021	
286	311	15	342	151	8	1022	684	113	0	
182	470	0	0	0	30	259	846	1023	122	
511	195	506	94	0	15	1004	0	302	305	
53	259	426	282	61	79	1021	452	299	0	
68	415	90	80	8	137	1023	916	167	28	

98	15	364	387	15	90	1023	467	311	0	
113	511	45	343	226	150	427	955	0	0	
4	493	511	105	0	165	267	259	966	0	
46	120	0	511	106	60	304	0	602	1021	
19	210	30	289	61	105	312	75	646	1023	
90	105	60	121	30	45	1022	700	308	289	
165	15	60	15	30	350	1023	150	932	30	
173	30	319	53	0	180	1023	452	266	274	
53	30	409	511	0	90	807	467	403	0	
60	495	0	120	364	166	1022	471	0	72	
113	30	319	76	30	398	1023	496	285	0	
304	117	91	75	166	0	903	1023	91	0	
4	120	252	15	135	121	60	1021	45	997	
511	137	304	334	0	90	327	610	457	0	
4	79	68	12	319	120	1022	836	212	98	
181	0	75	90	120	0	0	1021	1008	275	
53	15	334	365	15	90	1022	473	403	0	 ***
121	60	259	162	90	61	1021	30	936	30	

53	15	336	511	45	30	942	353	395	0	
511	30	240	121	471	121	882	0	0	304	
15	0	30	15	105	135	826	106	1023	425	
53	15	336	365	19	15	1023	398	456	0	
53	15	334	367	60	19	1023	406	403	0	
75	64	166	53	45	306	948	0	0	1023	
147	61	0	45	45	0	335	91	933	1023	
400	75	511	0	491	38	937	0	0	228	
0	166	241	342	60	0	1022	76	773	0	
53	15	511	334	2	15	1002	353	395	0	
45	15	364	334	0	15	1023	398	486	0	 ***
53	15	334	365	34	15	1023	406	435	0	
511	75	15	0	30	90	1016	274	669	0	
53	15	334	127	15	45	1023	406	403	259	
45	60	273	106	90	0	1023	60	993	30	

15	99	323	61	79	120	1023	733	120	0	
79	75	0	155	45	45	860	1023	47	244	
64	30	364	511	4	0	431	319	850	0	
399	132	0	92	511	120	61	260	998	0	
166	81	105	61	511	34	1014	601	0	0	
507	511	45	135	120	60	0	902	0	293	
45	24	364	76	0	19	1023	490	532	0	 ***

45	6	350	75	30	57	526	491	440	1023	
90	118	304	75	30	49	1023	402	349	603	
72	312	45	226	30	258	728	212	1023	137	
53	263	394	235	0	15	471	399	1023	190	
68	65	424	45	0	511	746	546	638	0	
135	34	501	351	0	57	615	1023	327	0	
45	120	376	75	145	511	542	697	532	0	
241	331	475	60	357	120	1023	76	129	231	
113	165	409	199	0	19	1023	819	296	0	
113	62	49	364	170	155	541	94	472	1023	
107	0	304	105	8	0	958	1023	538	0	
379	511	364	91	0	15	576	575	532	0	
197	38	414	274	126	75	143	105	648	1023	
182	166	90	102	511	502	921	75	460	34	
45	81	486	327	26	49	1023	399	166	441	
511	263	304	105	0	105	565	498	692	0	
105	20	424	91	48	79	1023	705	548	0	 ***

244	60	24	511	45	402	316	915	225	151	
79	19	493	121	10	19	1023	657	228	244	
511	149	394	93	0	24	513	677	532	0	
265	79	121	98	84	0	872	351	1023	0	
94	34	454	157	132	15	1023	590	394	0	
98	141	394	93	0	15	597	1023	532	0	
357	38	261	174	155	261	0	624	0	1023	
167	113	511	380	373	233	0	378	0	738	
492	149	334	88	160	159	1023	169	198	121	
105	0	424	91	322	16	1023	563	349	0	 ***

105	0	394	213	112	5	1023	351	357	0	
169	122	364	87	76	0	1022	83	292	345	
511	130	394	105	61	0	661	319	379	0	
113	0	488	121	61	38	1022	334	383	0	 ***
295	182	158	511	98	201	98	0	1017	0	
124	64	68	105	274	80	700	122	1023	0	
105	0	413	91	213	38	1023	75	350	252	
105	0	391	91	91	4	412	75	1023	368	

102	0	477	92	147	0	1023	338	257	0	
79	0	451	128	76	23	334	1023	322	0	
69	23	511	0	224	98	0	1016	109	386	
169	511	195	60	0	61	1020	367	0	53	
79	0	488	120	61	16	1023	434	200	15	
79	0	458	120	80	23	308	1023	345	0	
94	0	443	105	511	8	767	304	204	0	
83	15	471	105	65	511	526	90	200	370	
83	0	473	105	61	30	1023	308	353	0	 ***

79	0	441	135	69	32	1023	316	382	0	 ***

511	0	411	301	70	284	420	376	165	0	
107	295	92	30	218	20	753	0	1023	0	
75	0	304	109	0	32	504	235	256	1023	
511	109	0	4	77	126	23	103	565	1020	
137	24	289	120	4	15	1023	381	423	122	 ***
135	73	15	214	23	19	1023	183	244	609	
75	124	293	181	20	17	1023	484	201	120	
114	4	349	106	126	277	1023	125	258	156	
75	0	511	120	264	57	912	132	196	271	
79	61	381	109	511	109	693	354	241	0	
120	60	45	201	73	35	1023	688	293	0	
507	79	186	15	122	25	1023	430	83	68	
483	15	511	0	19	0	1006	154	123	227	
261	0	316	292	70	19	1023	132	286	139	
126	273	32	77	74	27	1023	64	766	76	
27	54	136	0	137	186	153	0	1023	822	
185	0	321	180	511	207	246	536	352	0	

242	170	4	122	204	19	1022	141	1020	45	
87	114	144	308	314	352	1023	201	446	0	
0	510	152	337	374	23	957	187	389	60	
141	130	38	186	30	36	1012	308	1023	85	
0	139	0	115	172	280	1023	758	205	297	
0	63	289	12	511	398	932	60	152	572	
57	117	80	140	94	511	656	1017	317	0	
194	154	40	30	277	87	1023	745	227	212	
0	0	15	122	510	375	94	835	30	1008	
213	323	109	137	78	0	861	1023	182	63	
135	33	259	214	4	64	513	227	517	1023	
267	34	319	124	4	106	1023	531	459	122	 ***
182	141	511	42	227	218	497	1021	150	0	
395	262	64	110	132	0	1023	203	665	135	
137	19	259	120	70	53	1023	286	458	564	
141	98	381	211	0	141	280	166	1023	548	
0	137	2	388	0	21	483	1023	916	19	
122	19	76	120	112	27	1023	778	423	289	
244	79	32	84	511	176	1001	0	139	723	
141	19	145	152	23	75	1023	144	425	842	
278	202	176	102	0	297	1023	528	201	182	
203	172	333	119	156	18	1023	167	798	0	
135	19	259	362	141	33	1023	137	333	547	

215	34	334	124	60	110	1023	527	425	122	
207	34	323	124	0	99	1023	147	500	517	 ***
105	262	66	87	209	231	1023	798	193	0	
404	122	61	84	4	212	0	1020	1003	64	
184	262	511	298	60	340	160	1017	142	0	
4	305	128	60	136	510	561	996	152	122	
208	34	143	124	4	118	788	1023	410	122	
207	34	323	139	4	99	1023	484	539	122	
350	45	49	201	197	66	1023	806	130	107	
173	278	83	16	139	497	1023	439	326	0	
8	0	141	53	511	243	1018	68	688	244	
207	34	335	124	19	108	1023	513	489	122	
30	293	60	23	117	61	929	1023	143	295	
17	143	57	327	45	130	1023	204	565	463	
0	83	15	0	511	506	160	303	1022	374	
46	60	92	138	123	42	1023	286	647	517	
334	171	338	171	167	38	1022	613	77	43	
248	29	144	190	75	15	1023	0	784	466	
207	42	319	124	4	91	548	494	1023	122	

188	15	79	139	0	107	405	272	524	1023	
91	4	0	291	511	492	140	75	999	149	
182	75	79	139	0	168	446	1023	470	170	
15	140	49	212	121	510	1020	0	685	0	
34	15	246	77	189	60	1022	607	244	258	
0	19	476	192	137	381	1022	461	0	64	
60	72	120	0	122	19	1023	190	898	248	
15	145	49	0	83	136	0	1023	866	435	
184	75	208	124	0	105	1023	140	455	438	 ***
182	30	79	111	0	201	1022	444	531	152	
186	15	511	338	246	305	220	0	931	0	
99	80	287	27	30	83	1022	182	775	167	
4	289	227	396	15	265	1023	259	137	137	
152	21	79	377	0	510	459	181	459	514	
246	61	23	205	274	8	1022	125	727	61	
502	511	130	0	0	278	80	894	357	0	
141	90	134	0	122	72	1023	486	0	684	
182	15	79	109	0	161	506	1023	455	222	
157	0	375	30	128	474	446	1023	0	119	
183	4	67	0	75	60	972	274	1023	94	
188	136	79	138	0	103	478	1023	455	152	
182	15	81	170	0	163	464	184	471	1022	
182	511	91	0	248	308	915	185	191	121	
235	15	64	113	0	189	1022	158	469	487	

248	308	158	511	154	0	0	942	338	0	
0	170	151	327	0	289	132	1023	0	567	
188	75	148	150	0	105	451	1023	333	186	
171	0	15	244	170	8	1023	60	101	867	
121	76	61	423	293	110	1023	83	135	334	
152	83	178	120	0	135	451	155	363	1022	
66	75	178	158	0	105	565	1023	333	156	
64	32	49	404	245	76	1022	49	558	160	
182	90	148	120	0	105	1023	460	333	198	 ***
186	90	133	128	0	105	507	155	333	1022	
218	75	148	120	0	105	1022	436	363	172	
192	64	133	184	0	135	1023	159	333	436	
184	75	133	120	34	143	1023	163	333	451	
45	312	117	212	45	256	1023	19	140	490	
184	75	167	150	0	117	1023	155	333	455	
0	484	64	81	293	164	1023	136	334	80	
122	105	129	45	0	105	468	145	517	1023	
507	106	511	0	49	510	793	183	0	0	
183	0	395	0	166	20	141	629	1023	102	
216	90	141	120	0	121	1023	155	333	460	
182	90	133	120	0	105	481	189	337	1022	
64	195	309	444	15	92	1022	42	419	57	
60	38	30	19	216	0	1022	411	734	129	
210	23	128	64	161	0	1022	263	656	132	
255	0	77	0	113	117	1022	633	183	259	
182	120	133	511	0	105	652	159	333	464	
182	90	133	188	0	511	637	155	333	430	
218	87	182	120	0	105	1023	155	333	436	
312	144	133	136	137	19	1023	0	0	755	
138	484	425	201	154	0	1022	0	167	68	
152	75	133	75	0	103	352	184	1023	562	
214	75	163	120	0	105	443	184	333	1022	
182	75	148	511	0	125	632	163	333	490	

122	83	59	90	0	103	459	782	120	1022	
182	158	12	364	0	105	1023	102	700	194	
0	289	134	143	75	30	1023	795	290	61	
364	75	14	511	0	135	979	463	105	194	
137	105	57	90	0	105	670	1023	207	446	
197	327	20	128	0	165	485	272	1022	224	
105	30	45	248	0	305	1023	38	948	98	
80	12	289	244	30	142	862	158	1023	0	
218	511	120	30	53	16	1013	0	620	259	
242	83	27	90	0	150	486	1023	537	202	
0	316	90	173	495	0	0	1022	282	462	
344	308	160	75	0	125	1023	708	97	0	
4	122	0	502	0	511	1019	388	50	244	
75	15	228	511	244	113	536	973	0	145	
0	0	122	0	259	511	812	964	0	172	
154	75	72	90	30	105	736	1023	334	221	
182	83	256	98	0	154	1023	193	90	761	 ***
30	20	113	99	120	434	636	1022	0	366	
130	469	12	90	0	105	449	443	120	1022	
38	259	61	244	27	236	768	1023	0	184	
0	8	252	511	242	53	601	798	0	375	
152	327	12	188	0	113	483	452	90	1023	
0	45	0	90	274	61	1022	332	113	903	
509	19	250	8	135	0	83	1022	814	0	
396	75	12	60	0	105	1023	802	133	234	
4	381	24	94	387	147	598	1023	182	0	
120	45	511	109	76	8	728	0	244	999	
175	120	27	394	0	135	625	1023	152	189	
511	365	274	0	350	136	1014	126	64	0	
46	30	346	98	0	75	647	1023	411	164	
502	64	0	468	0	15	68	1023	579	121	
90	130	376	136	60	0	645	259	1022	122	
511	120	411	0	128	8	565	87	0	1010	
122	75	12	139	0	165	519	696	90	1022	
79	8	260	510	0	45	1022	122	304	490	
372	75	27	511	0	171	641	470	75	498	
319	190	113	0	0	228	0	1023	122	845	
122	90	38	210	0	105	459	606	188	1022	
30	61	381	27	79	45	998	1023	188	8	
30	109	216	500	76	61	795	1023	0	30	
152	75	20	195	0	105	481	1023	188	601	
90	64	511	421	0	91	0	999	618	46	
153	75	59	150	0	105	817	1023	264	194	

182	38	256	8	0	510	662	197	15	466	
34	38	244	60	61	276	1022	128	0	471	
15	152	501	0	0	30	1020	38	0	578	
338	30	130	0	248	0	1023	109	94	362	
0	349	182	16	0	134	1023	60	121	449	
68	0	128	0	0	137	0	960	19	1022	
349	0	30	182	0	0	1023	697	38	15	
182	29	256	8	0	133	342	287	75	1022	
60	75	0	30	0	446	640	30	1023	30	
30	430	83	19	53	159	1022	504	0	34	
186	8	256	130	0	133	342	182	75	1022	
182	164	256	8	0	133	1022	347	15	207	
137	30	30	0	60	471	1023	583	0	0	
182	23	252	8	0	125	464	182	75	1023	
471	60	34	0	122	80	1023	353	8	183	
0	0	490	274	30	0	120	1009	0	411	
152	45	30	278	45	10	1023	35	30	686	
508	0	75	426	0	0	1021	304	0	0	
0	15	274	60	0	0	1022	873	90	0	
0	15	0	453	90	0	68	259	1023	426	
38	122	312	53	122	0	1021	95	128	443	
0	0	456	510	259	38	1011	0	60	0	
15	0	15	0	0	0	1022	1017	45	220	
0	0	0	0	30	0	1019	304	0	981	
60	8	252	8	0	34	1023	45	727	177	 ***
30	482	0	441	0	0	1017	0	0	364	
0	282	396	30	8	510	1003	0	15	90	
0	30	0	0	244	60	643	1023	334	0	
0	152	60	0	0	128	0	1022	972	0	
45	137	464	0	0	244	1020	90	334	0	
182	8	286	8	0	255	1022	79	347	147	
274	0	30	0	0	0	1022	120	888	0	
30	0	30	0	0	75	1020	197	75	907	

0	0	122	75	244	146	1022	0	511	799	
252	73	30	0	511	150	1023	250	367	263	
304	198	83	274	0	274	1023	267	0	496	
365	15	15	60	38	15	1022	0	873	516	
8	498	121	0	0	259	0	1021	267	745	
120	61	282	244	0	30	696	91	1023	372	
0	472	304	244	0	23	1022	113	666	75	
60	61	45	488	0	15	1022	60	378	790	
0	267	365	60	60	0	1022	394	0	751	
75	503	349	244	0	30	1023	475	115	105	
0	15	136	510	244	394	0	995	625	0	
83	0	30	334	0	304	1023	396	571	178	
121	30	319	0	244	30	1022	288	744	121	
0	289	98	166	511	389	0	0	918	548	
0	182	30	488	0	182	924	90	1023	0	
284	319	0	60	0	182	90	0	1023	961	
332	334	30	34	23	334	1023	122	353	334	
0	0	304	38	243	30	1022	0	993	289	
79	304	304	274	15	91	1022	297	420	113	
135	8	304	30	0	335	1022	293	499	293	 ***
213	0	60	45	30	342	1022	75	873	259	
15	0	0	90	252	505	1023	487	494	53	
60	0	511	46	64	274	1019	106	338	501	
334	0	304	61	0	297	0	901	1022	0	
402	61	0	150	244	319	1023	76	644	0	
488	490	106	0	0	0	310	0	1022	503	
304	8	267	105	0	335	1021	879	0	0	
60	267	496	244	0	30	1023	551	125	123	
373	75	98	0	0	0	1023	259	986	105	
312	244	244	0	0	289	1022	416	128	264	
374	304	61	120	319	0	0	720	1021	0	
327	4	121	319	0	0	0	289	1022	837	

0	304	0	364	0	488	61	975	0	1020	
120	0	304	0	0	276	1023	288	994	207	
75	38	304	0	304	271	1023	565	409	223	
197	304	120	370	0	107	1023	505	586	0	
121	0	274	244	252	511	1023	0	366	421	
83	511	304	64	60	244	408	248	632	658	
338	38	0	198	155	364	1023	281	815	0	
79	312	0	503	106	0	1023	983	75	131	
511	0	38	45	319	180	1022	0	914	183	
196	0	511	0	0	249	488	488	968	312	
60	0	23	23	0	311	1021	548	693	533	
203	35	319	0	0	488	1023	575	297	272	
159	511	68	0	259	336	846	259	0	774	
387	313	90	0	68	510	1023	571	0	250	
69	488	23	0	324	289	1023	442	554	0	
297	368	0	334	38	320	1023	457	0	375	
0	30	511	60	395	105	1022	161	928	0	
282	336	304	8	0	374	1023	563	0	322	
327	0	334	61	0	511	886	244	304	545	 ***
448	244	38	0	21	370	1023	704	364	0	
334	319	442	0	0	511	0	388	246	972	
267	158	473	0	394	62	1022	0	0	836	
60	53	511	0	45	0	0	997	922	624	
511	53	304	0	503	0	457	1020	0	364	
91	265	267	508	455	4	1023	0	599	0	
143	0	304	0	112	260	1023	244	609	517	
143	0	327	0	34	305	416	1023	289	675	
0	424	415	38	0	320	986	0	8	1021	
0	19	244	30	426	60	906	504	0	1023	
143	289	426	0	0	511	832	438	289	284	

327	0	151	38	0	0	1022	244	0	1021	
511	8	0	503	60	426	843	87	91	274	
327	0	334	61	15	244	453	38	308	1023	
159	0	75	19	0	8	1023	220	608	691	
30	511	0	458	0	0	440	0	351	1013	
511	30	334	61	0	293	995	0	274	305	
297	0	70	0	38	448	1023	184	0	743	
319	0	364	91	0	319	353	0	334	1023	
0	328	349	0	511	503	102	0	0	1010	
387	0	349	304	0	511	664	0	304	284	
0	334	506	0	471	511	0	0	981	0	
304	0	0	248	8	75	780	121	1023	244	
335	0	334	61	120	244	1023	0	319	367	 ***
267	0	15	350	80	121	1021	949	0	0	
0	511	75	0	504	140	993	516	64	0	
0	0	511	488	440	0	15	335	0	1014	
358	0	342	61	15	244	467	0	293	1023	
244	304	30	0	61	252	829	1023	0	60	
502	0	90	319	305	511	1016	0	60	0	
0	0	0	94	511	91	960	122	263	762	
75	16	83	433	0	368	805	0	0	1023	
60	511	244	68	0	319	244	64	472	821	
76	38	274	34	0	75	1023	73	244	966	
0	15	12	511	334	373	1010	0	454	94	
511	0	334	123	0	298	285	0	308	944	
331	60	424	80	0	252	1023	0	274	359	
8	244	248	60	46	305	1023	137	60	672	
16	0	297	68	429	0	1023	98	0	872	
60	267	15	0	365	64	1023	61	16	932	

60	30	0	76	75	320	1023	244	15	701	
364	0	0	282	511	0	0	178	380	829	
72	2	0	45	252	381	1022	515	0	255	
129	0	274	61	150	275	1023	30	274	328	
90	0	274	350	0	30	1016	105	0	679	
8	323	511	0	380	0	1006	0	134	182	
159	0	358	4	511	158	941	0	413	0	
69	0	274	91	150	259	1023	0	565	113	 ***
0	511	61	30	0	45	0	1019	878	0	
0	485	0	365	0	98	1023	350	158	65	
511	147	0	90	274	398	872	252	0	0	
15	45	0	0	334	0	1023	91	69	967	
510	0	0	0	151	30	0	0	1015	838	
0	90	0	105	61	498	1023	84	683	0	
78	60	274	76	120	244	1023	0	289	380	
511	424	91	319	90	0	90	0	0	1019	
0	61	151	304	511	488	804	0	60	165	
364	8	425	0	511	0	1010	0	120	106	
372	139	69	45	0	0	1023	332	564	0	
0	30	503	122	91	0	820	0	0	978	
75	338	174	380	0	57	1023	497	0	0	
68	0	274	61	165	275	1023	30	365	283	
327	0	121	38	68	30	1022	256	271	411	
155	0	30	15	365	30	1023	0	682	244	
0	0	274	305	105	511	394	0	955	0	
0	60	0	91	30	304	1017	30	997	15	
211	60	60	0	0	61	1023	259	334	536	
30	511	105	244	0	0	548	0	986	120	
511	0	61	304	45	0	1014	488	121	0	
0	0	0	30	0	379	1018	69	1018	30	
395	38	457	484	30	60	1020	0	0	60	
91	30	60	0	69	334	1022	137	801	0	
50	30	204	304	319	0	1014	244	0	379	
0	60	483	511	38	320	782	0	350	0	
30	60	0	510	0	454	1022	133	335	0	

155	83	122	305	113	15	1023	105	327	470	
0	53	394	0	510	171	1022	94	0	474	
227	75	0	364	0	61	1023	95	349	524	
0	30	505	0	45	319	1023	114	682	0	
66	511	150	0	306	511	1015	0	0	159	
98	0	442	72	274	234	1023	79	359	137	
145	8	42	200	45	225	1022	76	955	0	
0	449	125	0	0	15	0	1023	165	941	
0	60	376	23	470	72	1023	216	143	335	
292	0	308	69	113	278	1023	0	304	331	
181	507	437	12	317	0	1022	122	120	0	
88	122	244	76	150	368	1023	0	308	339	
49	107	214	159	349	117	1023	582	118	0	
136	8	8	90	45	30	1023	312	75	991	
109	8	45	278	151	279	1023	105	720	0	
45	380	53	212	46	211	1023	0	642	106	
61	75	180	45	274	0	1023	80	30	950	
166	486	106	165	0	0	1023	0	712	60	
95	31	338	61	156	381	1023	0	312	321	 ***
125	123	252	4	158	289	1023	409	319	16	
155	15	259	61	150	259	1023	434	308	54	

0	121	486	60	61	24	1023	87	785	594	
0	19	0	379	426	343	1023	370	136	545	
394	411	331	0	0	4	1022	68	120	891	
0	212	60	90	0	492	1023	875	489	0	
46	275	458	90	511	0	178	61	651	971	
505	84	511	72	79	508	978	0	0	504	
202	327	308	305	202	385	1023	0	297	192	
271	511	214	0	465	274	1013	256	218	19	
294	327	274	0	114	0	887	322	1023	0	
8	137	304	122	511	383	263	919	492	102	
384	304	242	0	272	252	1023	726	38	0	
88	23	308	121	414	503	1023	0	297	464	
511	60	30	289	90	426	907	91	259	578	
84	23	308	121	154	411	818	0	299	1023	
61	244	386	0	91	425	1023	201	476	334	
494	130	75	122	4	308	0	95	990	1023	
136	248	105	156	304	61	1023	113	146	949	
80	23	308	91	156	389	1023	0	823	348	
126	75	0	0	511	353	800	60	1011	305	
31	511	90	79	244	4	732	958	517	75	
395	257	12	0	475	87	1023	94	898	0	
105	426	120	131	53	118	248	1023	0	1017	
304	4	122	120	267	244	1023	94	304	759	
0	30	12	0	450	0	998	144	584	1023	
324	23	308	121	190	381	1023	0	313	558	 ***
126	27	308	305	154	441	1023	0	297	560	
60	271	0	60	243	34	1023	319	976	255	

